 0.2 5469.62
 0.20012 5466.89
 0.20024 5464.16
 0.20036 5461.44
 0.20048 5458.73
 0.2006 5456.02
 0.20072 5453.32
 0.20084 5450.62
 0.20096 5447.94
 0.20108 5445.26
 0.2012 5442.58
 0.20132 5439.91
 0.20144 5437.25
 0.20156 5434.59
 0.20168 5431.94
 0.2018 5429.3
 0.20192 5426.66
 0.20204 5424.02
 0.20216 5421.4
 0.20228 5418.78
 0.2024 5416.16
 0.20252 5413.55
 0.20264 5410.95
 0.20276 5408.36
 0.20288 5405.78
 0.203 5403.2
 0.20312 5400.63
 0.20324 5398.07
 0.20336 5395.52
 0.20348 5392.97
 0.2036 5390.44
 0.20372 5387.92
 0.20384 5385.4
 0.20396 5382.89
 0.20408 5380.4
 0.2042 5377.91
 0.20432 5375.43
 0.20444 5372.96
 0.20456 5370.5
 0.20468 5368.05
 0.2048 5365.6
 0.20492 5363.17
 0.20504 5360.74
 0.20516 5358.33
 0.20528 5355.92
 0.2054 5353.53
 0.20552 5351.14
 0.20564 5348.76
 0.20576 5346.4
 0.20588 5344.04
 0.206 5341.69
 0.20612 5339.36
 0.20624 5337.04
 0.20636 5334.72
 0.20648 5332.42
 0.2066 5330.13
 0.20672 5327.85
 0.20684 5325.58
 0.20696 5323.31
 0.20708 5321.06
 0.2072 5318.82
 0.20732 5316.6
 0.20744 5314.38
 0.20756 5312.17
 0.20768 5309.97
 0.2078 5307.77
 0.20792 5305.59
 0.20804 5303.42
 0.20816 5301.26
 0.20828 5299.11
 0.2084 5296.96
 0.20852 5294.83
 0.20864 5292.7
 0.20876 5290.59
 0.20888 5288.48
 0.209 5286.39
 0.20912 5284.3
 0.20924 5282.22
 0.20936 5280.15
 0.20948 5278.1
 0.2096 5276.05
 0.20972 5274.01
 0.20984 5271.99
 0.20996 5269.97
 0.21008 5267.96
 0.2102 5265.97
 0.21032 5263.98
 0.21044 5262.01
 0.21056 5260.05
 0.21068 5258.1
 0.2108 5256.16
 0.21092 5254.23
 0.21104 5252.32
 0.21116 5250.41
 0.21128 5248.52
 0.2114 5246.64
 0.21152 5244.78
 0.21164 5242.92
 0.21176 5241.08
 0.21188 5239.25
 0.212 5237.44
 0.21212 5235.64
 0.21224 5233.85
 0.21236 5232.08
 0.21248 5230.32
 0.2126 5228.58
 0.21272 5226.84
 0.21284 5225.13
 0.21296 5223.43
 0.21308 5221.74
 0.2132 5220.06
 0.21332 5218.4
 0.21344 5216.76
 0.21356 5215.13
 0.21368 5213.52
 0.2138 5211.92
 0.21392 5210.33
 0.21404 5208.76
 0.21416 5207.21
 0.21428 5205.67
 0.2144 5204.15
 0.21452 5202.64
 0.21464 5201.15
 0.21476 5199.67
 0.21488 5198.21
 0.215 5196.76
 0.21512 5195.33
 0.21524 5193.91
 0.21536 5192.51
 0.21548 5191.12
 0.2156 5189.75
 0.21572 5188.4
 0.21584 5187.06
 0.21596 5185.74
 0.21608 5184.43
 0.2162 5183.14
 0.21632 5181.86
 0.21644 5180.61
 0.21656 5179.36
 0.21668 5178.13
 0.2168 5176.92
 0.21692 5175.73
 0.21704 5174.54
 0.21716 5173.38
 0.21728 5172.23
 0.2174 5171.09
 0.21752 5169.97
 0.21764 5168.86
 0.21776 5167.77
 0.21788 5166.69
 0.218 5165.62
 0.21812 5164.56
 0.21824 5163.52
 0.21836 5162.49
 0.21848 5161.47
 0.2186 5160.47
 0.21872 5159.47
 0.21884 5158.49
 0.21896 5157.51
 0.21908 5156.55
 0.2192 5155.6
 0.21932 5154.66
 0.21944 5153.74
 0.21956 5152.82
 0.21968 5151.91
 0.2198 5151.02
 0.21992 5150.13
 0.22004 5149.26
 0.22016 5148.39
 0.22028 5147.54
 0.2204 5146.7
 0.22052 5145.87
 0.22064 5145.05
 0.22076 5144.23
 0.22088 5143.43
 0.221 5142.64
 0.22112 5141.86
 0.22124 5141.09
 0.22136 5140.33
 0.22148 5139.58
 0.2216 5138.84
 0.22172 5138.11
 0.22184 5137.39
 0.22196 5136.68
 0.22208 5135.99
 0.2222 5135.3
 0.22232 5134.62
 0.22244 5133.95
 0.22256 5133.29
 0.22268 5132.65
 0.2228 5132.01
 0.22292 5131.38
 0.22304 5130.77
 0.22316 5130.16
 0.22328 5129.57
 0.2234 5128.99
 0.22352 5128.41
 0.22364 5127.85
 0.22376 5127.3
 0.22388 5126.76
 0.224 5126.23
 0.22412 5125.71
 0.22424 5125.2
 0.22436 5124.7
 0.22448 5124.21
 0.2246 5123.73
 0.22472 5123.27
 0.22484 5122.81
 0.22496 5122.36
 0.22508 5121.92
 0.2252 5121.49
 0.22532 5121.07
 0.22544 5120.66
 0.22556 5120.25
 0.22568 5119.86
 0.2258 5119.48
 0.22592 5119.1
 0.22604 5118.73
 0.22616 5118.38
 0.22628 5118.03
 0.2264 5117.69
 0.22652 5117.35
 0.22664 5117.03
 0.22676 5116.71
 0.22688 5116.4
 0.227 5116.1
 0.22712 5115.81
 0.22724 5115.52
 0.22736 5115.25
 0.22748 5114.97
 0.2276 5114.71
 0.22772 5114.45
 0.22784 5114.2
 0.22796 5113.95
 0.22808 5113.71
 0.2282 5113.48
 0.22832 5113.25
 0.22844 5113.03
 0.22856 5112.81
 0.22868 5112.6
 0.2288 5112.4
 0.22892 5112.19
 0.22904 5112
 0.22916 5111.81
 0.22928 5111.62
 0.2294 5111.44
 0.22952 5111.26
 0.22964 5111.09
 0.22976 5110.92
 0.22988 5110.76
 0.23 5110.6
 0.23012 5110.44
 0.23024 5110.29
 0.23036 5110.13
 0.23048 5109.98
 0.2306 5109.84
 0.23072 5109.69
 0.23084 5109.55
 0.23096 5109.41
 0.23108 5109.28
 0.2312 5109.14
 0.23132 5109.01
 0.23144 5108.87
 0.23156 5108.74
 0.23168 5108.61
 0.2318 5108.48
 0.23192 5108.36
 0.23204 5108.23
 0.23216 5108.1
 0.23228 5107.98
 0.2324 5107.85
 0.23252 5107.72
 0.23264 5107.59
 0.23276 5107.46
 0.23288 5107.33
 0.233 5107.2
 0.23312 5107.06
 0.23324 5106.92
 0.23336 5106.77
 0.23348 5106.63
 0.2336 5106.47
 0.23372 5106.32
 0.23384 5106.16
 0.23396 5106
 0.23408 5105.83
 0.2342 5105.66
 0.23432 5105.49
 0.23444 5105.31
 0.23456 5105.13
 0.23468 5104.95
 0.2348 5104.76
 0.23492 5104.57
 0.23504 5104.38
 0.23516 5104.18
 0.23528 5103.98
 0.2354 5103.78
 0.23552 5103.57
 0.23564 5103.36
 0.23576 5103.15
 0.23588 5102.93
 0.236 5102.71
 0.23612 5102.48
 0.23624 5102.25
 0.23636 5102.02
 0.23648 5101.78
 0.2366 5101.55
 0.23672 5101.3
 0.23684 5101.06
 0.23696 5100.81
 0.23708 5100.57
 0.2372 5100.32
 0.23732 5100.07
 0.23744 5099.82
 0.23756 5099.57
 0.23768 5099.32
 0.2378 5099.07
 0.23792 5098.82
 0.23804 5098.58
 0.23816 5098.34
 0.23828 5098.1
 0.2384 5097.86
 0.23852 5097.63
 0.23864 5097.4
 0.23876 5097.17
 0.23888 5096.95
 0.239 5096.73
 0.23912 5096.51
 0.23924 5096.31
 0.23936 5096.1
 0.23948 5095.9
 0.2396 5095.71
 0.23972 5095.52
 0.23984 5095.33
 0.23996 5095.16
 0.24008 5094.98
 0.2402 5094.81
 0.24032 5094.65
 0.24044 5094.5
 0.24056 5094.34
 0.24068 5094.2
 0.2408 5094.05
 0.24092 5093.92
 0.24104 5093.78
 0.24116 5093.66
 0.24128 5093.53
 0.2414 5093.42
 0.24152 5093.3
 0.24164 5093.19
 0.24176 5093.09
 0.24188 5092.99
 0.242 5092.89
 0.24212 5092.8
 0.24224 5092.71
 0.24236 5092.63
 0.24248 5092.55
 0.2426 5092.47
 0.24272 5092.4
 0.24284 5092.33
 0.24296 5092.27
 0.24308 5092.21
 0.2432 5092.15
 0.24332 5092.1
 0.24344 5092.05
 0.24356 5092
 0.24368 5091.96
 0.2438 5091.93
 0.24392 5091.89
 0.24404 5091.86
 0.24416 5091.84
 0.24428 5091.82
 0.2444 5091.8
 0.24452 5091.79
 0.24464 5091.78
 0.24476 5091.78
 0.24488 5091.78
 0.245 5091.78
 0.24512 5091.79
 0.24524 5091.8
 0.24536 5091.82
 0.24548 5091.84
 0.2456 5091.87
 0.24572 5091.9
 0.24584 5091.93
 0.24596 5091.97
 0.24608 5092.02
 0.2462 5092.06
 0.24632 5092.11
 0.24644 5092.17
 0.24656 5092.23
 0.24668 5092.29
 0.2468 5092.36
 0.24692 5092.43
 0.24704 5092.5
 0.24716 5092.58
 0.24728 5092.66
 0.2474 5092.75
 0.24752 5092.84
 0.24764 5092.93
 0.24776 5093.03
 0.24788 5093.13
 0.248 5093.23
 0.24812 5093.34
 0.24824 5093.45
 0.24836 5093.57
 0.24848 5093.69
 0.2486 5093.82
 0.24872 5093.95
 0.24884 5094.08
 0.24896 5094.22
 0.24908 5094.37
 0.2492 5094.51
 0.24932 5094.67
 0.24944 5094.82
 0.24956 5094.98
 0.24968 5095.14
 0.2498 5095.31
 0.24992 5095.48
 0.25004 5095.65
 0.25016 5095.83
 0.25028 5096.01
 0.2504 5096.2
 0.25052 5096.39
 0.25064 5096.58
 0.25076 5096.78
 0.25088 5096.98
 0.251 5097.19
 0.25112 5097.4
 0.25124 5097.62
 0.25136 5097.84
 0.25148 5098.06
 0.2516 5098.29
 0.25172 5098.53
 0.25184 5098.76
 0.25196 5099.01
 0.25208 5099.25
 0.2522 5099.5
 0.25232 5099.76
 0.25244 5100.02
 0.25256 5100.28
 0.25268 5100.55
 0.2528 5100.83
 0.25292 5101.1
 0.25304 5101.39
 0.25316 5101.67
 0.25328 5101.96
 0.2534 5102.26
 0.25352 5102.56
 0.25364 5102.86
 0.25376 5103.16
 0.25388 5103.48
 0.254 5103.79
 0.25412 5104.11
 0.25424 5104.44
 0.25436 5104.77
 0.25448 5105.1
 0.2546 5105.44
 0.25472 5105.79
 0.25484 5106.14
 0.25496 5106.49
 0.25508 5106.85
 0.2552 5107.21
 0.25532 5107.58
 0.25544 5107.96
 0.25556 5108.33
 0.25568 5108.72
 0.2558 5109.1
 0.25592 5109.49
 0.25604 5109.89
 0.25616 5110.29
 0.25628 5110.69
 0.2564 5111.1
 0.25652 5111.52
 0.25664 5111.93
 0.25676 5112.35
 0.25688 5112.78
 0.257 5113.21
 0.25712 5113.65
 0.25724 5114.08
 0.25736 5114.53
 0.25748 5114.98
 0.2576 5115.43
 0.25772 5115.89
 0.25784 5116.36
 0.25796 5116.83
 0.25808 5117.3
 0.2582 5117.78
 0.25832 5118.27
 0.25844 5118.76
 0.25856 5119.26
 0.25868 5119.77
 0.2588 5120.28
 0.25892 5120.79
 0.25904 5121.32
 0.25916 5121.85
 0.25928 5122.38
 0.2594 5122.92
 0.25952 5123.47
 0.25964 5124.03
 0.25976 5124.59
 0.25988 5125.17
 0.26 5125.74
 0.26012 5126.33
 0.26024 5126.92
 0.26036 5127.52
 0.26048 5128.13
 0.2606 5128.75
 0.26072 5129.37
 0.26084 5130.01
 0.26096 5130.65
 0.26108 5131.3
 0.2612 5131.96
 0.26132 5132.63
 0.26144 5133.3
 0.26156 5133.99
 0.26168 5134.69
 0.2618 5135.39
 0.26192 5136.11
 0.26204 5136.83
 0.26216 5137.56
 0.26228 5138.31
 0.2624 5139.06
 0.26252 5139.83
 0.26264 5140.6
 0.26276 5141.39
 0.26288 5142.19
 0.263 5143
 0.26312 5143.82
 0.26324 5144.65
 0.26336 5145.5
 0.26348 5146.35
 0.2636 5147.22
 0.26372 5148.1
 0.26384 5148.99
 0.26396 5149.89
 0.26408 5150.81
 0.2642 5151.73
 0.26432 5152.67
 0.26444 5153.62
 0.26456 5154.58
 0.26468 5155.55
 0.2648 5156.53
 0.26492 5157.52
 0.26504 5158.53
 0.26516 5159.54
 0.26528 5160.57
 0.2654 5161.61
 0.26552 5162.66
 0.26564 5163.72
 0.26576 5164.79
 0.26588 5165.87
 0.266 5166.96
 0.26612 5168.07
 0.26624 5169.19
 0.26636 5170.32
 0.26648 5171.45
 0.2666 5172.6
 0.26672 5173.76
 0.26684 5174.93
 0.26696 5176.11
 0.26708 5177.3
 0.2672 5178.5
 0.26732 5179.71
 0.26744 5180.92
 0.26756 5182.15
 0.26768 5183.38
 0.2678 5184.62
 0.26792 5185.86
 0.26804 5187.11
 0.26816 5188.37
 0.26828 5189.63
 0.2684 5190.9
 0.26852 5192.17
 0.26864 5193.45
 0.26876 5194.73
 0.26888 5196.01
 0.269 5197.3
 0.26912 5198.59
 0.26924 5199.88
 0.26936 5201.18
 0.26948 5202.47
 0.2696 5203.77
 0.26972 5205.08
 0.26984 5206.38
 0.26996 5207.69
 0.27008 5209
 0.2702 5210.31
 0.27032 5211.62
 0.27044 5212.93
 0.27056 5214.25
 0.27068 5215.57
 0.2708 5216.89
 0.27092 5218.21
 0.27104 5219.54
 0.27116 5220.87
 0.27128 5222.2
 0.2714 5223.53
 0.27152 5224.87
 0.27164 5226.2
 0.27176 5227.55
 0.27188 5228.89
 0.272 5230.24
 0.27212 5231.59
 0.27224 5232.94
 0.27236 5234.3
 0.27248 5235.66
 0.2726 5237.03
 0.27272 5238.4
 0.27284 5239.77
 0.27296 5241.15
 0.27308 5242.53
 0.2732 5243.91
 0.27332 5245.3
 0.27344 5246.69
 0.27356 5248.08
 0.27368 5249.48
 0.2738 5250.88
 0.27392 5252.28
 0.27404 5253.69
 0.27416 5255.09
 0.27428 5256.5
 0.2744 5257.91
 0.27452 5259.33
 0.27464 5260.74
 0.27476 5262.16
 0.27488 5263.58
 0.275 5265
 0.27512 5266.42
 0.27524 5267.84
 0.27536 5269.26
 0.27548 5270.68
 0.2756 5272.11
 0.27572 5273.53
 0.27584 5274.96
 0.27596 5276.38
 0.27608 5277.81
 0.2762 5279.24
 0.27632 5280.67
 0.27644 5282.1
 0.27656 5283.53
 0.27668 5284.96
 0.2768 5286.39
 0.27692 5287.82
 0.27704 5289.25
 0.27716 5290.69
 0.27728 5292.13
 0.2774 5293.56
 0.27752 5295
 0.27764 5296.44
 0.27776 5297.88
 0.27788 5299.32
 0.278 5300.76
 0.27812 5302.21
 0.27824 5303.65
 0.27836 5305.09
 0.27848 5306.54
 0.2786 5307.98
 0.27872 5309.43
 0.27884 5310.87
 0.27896 5312.32
 0.27908 5313.76
 0.2792 5315.21
 0.27932 5316.65
 0.27944 5318.1
 0.27956 5319.55
 0.27968 5321
 0.2798 5322.45
 0.27992 5323.9
 0.28004 5325.35
 0.28016 5326.8
 0.28028 5328.25
 0.2804 5329.7
 0.28052 5331.15
 0.28064 5332.6
 0.28076 5334.05
 0.28088 5335.5
 0.281 5336.94
 0.28112 5338.39
 0.28124 5339.84
 0.28136 5341.28
 0.28148 5342.72
 0.2816 5344.17
 0.28172 5345.61
 0.28184 5347.04
 0.28196 5348.48
 0.28208 5349.92
 0.2822 5351.35
 0.28232 5352.78
 0.28244 5354.21
 0.28256 5355.64
 0.28268 5357.07
 0.2828 5358.49
 0.28292 5359.92
 0.28304 5361.34
 0.28316 5362.76
 0.28328 5364.17
 0.2834 5365.59
 0.28352 5367
 0.28364 5368.42
 0.28376 5369.83
 0.28388 5371.23
 0.284 5372.64
 0.28412 5374.04
 0.28424 5375.44
 0.28436 5376.84
 0.28448 5378.23
 0.2846 5379.62
 0.28472 5381.01
 0.28484 5382.4
 0.28496 5383.78
 0.28508 5385.16
 0.2852 5386.54
 0.28532 5387.92
 0.28544 5389.3
 0.28556 5390.67
 0.28568 5392.05
 0.2858 5393.42
 0.28592 5394.79
 0.28604 5396.15
 0.28616 5397.52
 0.28628 5398.89
 0.2864 5400.25
 0.28652 5401.62
 0.28664 5402.98
 0.28676 5404.34
 0.28688 5405.71
 0.287 5407.07
 0.28712 5408.43
 0.28724 5409.79
 0.28736 5411.15
 0.28748 5412.51
 0.2876 5413.87
 0.28772 5415.23
 0.28784 5416.59
 0.28796 5417.94
 0.28808 5419.3
 0.2882 5420.66
 0.28832 5422.01
 0.28844 5423.37
 0.28856 5424.72
 0.28868 5426.08
 0.2888 5427.43
 0.28892 5428.79
 0.28904 5430.14
 0.28916 5431.49
 0.28928 5432.85
 0.2894 5434.2
 0.28952 5435.55
 0.28964 5436.91
 0.28976 5438.26
 0.28988 5439.61
 0.29 5440.96
 0.29012 5442.31
 0.29024 5443.67
 0.29036 5445.02
 0.29048 5446.37
 0.2906 5447.72
 0.29072 5449.07
 0.29084 5450.42
 0.29096 5451.77
 0.29108 5453.12
 0.2912 5454.48
 0.29132 5455.83
 0.29144 5457.18
 0.29156 5458.53
 0.29168 5459.88
 0.2918 5461.23
 0.29192 5462.58
 0.29204 5463.93
 0.29216 5465.28
 0.29228 5466.64
 0.2924 5467.99
 0.29252 5469.34
 0.29264 5470.69
 0.29276 5472.04
 0.29288 5473.4
 0.293 5474.75
 0.29312 5476.1
 0.29324 5477.46
 0.29336 5478.81
 0.29348 5480.16
 0.2936 5481.52
 0.29372 5482.87
 0.29384 5484.23
 0.29396 5485.59
 0.29408 5486.94
 0.2942 5488.3
 0.29432 5489.66
 0.29444 5491.02
 0.29456 5492.37
 0.29468 5493.73
 0.2948 5495.09
 0.29492 5496.45
 0.29504 5497.81
 0.29516 5499.17
 0.29528 5500.53
 0.2954 5501.88
 0.29552 5503.24
 0.29564 5504.6
 0.29576 5505.95
 0.29588 5507.3
 0.296 5508.66
 0.29612 5510.01
 0.29624 5511.35
 0.29636 5512.7
 0.29648 5514.04
 0.2966 5515.38
 0.29672 5516.72
 0.29684 5518.06
 0.29696 5519.39
 0.29708 5520.72
 0.2972 5522.04
 0.29732 5523.37
 0.29744 5524.69
 0.29756 5526
 0.29768 5527.32
 0.2978 5528.63
 0.29792 5529.94
 0.29804 5531.24
 0.29816 5532.55
 0.29828 5533.85
 0.2984 5535.15
 0.29852 5536.44
 0.29864 5537.73
 0.29876 5539.02
 0.29888 5540.31
 0.299 5541.59
 0.29912 5542.88
 0.29924 5544.16
 0.29936 5545.43
 0.29948 5546.71
 0.2996 5547.98
 0.29972 5549.25
 0.29984 5550.52
 0.29996 5551.78
 0.30008 5553.05
 0.3002 5554.31
 0.30032 5555.57
 0.30044 5556.83
 0.30056 5558.08
 0.30068 5559.33
 0.3008 5560.58
 0.30092 5561.83
 0.30104 5563.07
 0.30116 5564.31
 0.30128 5565.55
 0.3014 5566.78
 0.30152 5568.01
 0.30164 5569.24
 0.30176 5570.46
 0.30188 5571.68
 0.302 5572.89
 0.30212 5574.1
 0.30224 5575.31
 0.30236 5576.51
 0.30248 5577.71
 0.3026 5578.9
 0.30272 5580.09
 0.30284 5581.27
 0.30296 5582.44
 0.30308 5583.62
 0.3032 5584.78
 0.30332 5585.95
 0.30344 5587.11
 0.30356 5588.26
 0.30368 5589.41
 0.3038 5590.56
 0.30392 5591.71
 0.30404 5592.85
 0.30416 5593.98
 0.30428 5595.12
 0.3044 5596.25
 0.30452 5597.39
 0.30464 5598.52
 0.30476 5599.64
 0.30488 5600.77
 0.305 5601.9
 0.30512 5603.02
 0.30524 5604.14
 0.30536 5605.27
 0.30548 5606.39
 0.3056 5607.51
 0.30572 5608.64
 0.30584 5609.76
 0.30596 5610.88
 0.30608 5612.01
 0.3062 5613.13
 0.30632 5614.26
 0.30644 5615.38
 0.30656 5616.51
 0.30668 5617.64
 0.3068 5618.77
 0.30692 5619.9
 0.30704 5621.03
 0.30716 5622.16
 0.30728 5623.3
 0.3074 5624.43
 0.30752 5625.57
 0.30764 5626.71
 0.30776 5627.85
 0.30788 5628.99
 0.308 5630.14
 0.30812 5631.28
 0.30824 5632.43
 0.30836 5633.59
 0.30848 5634.74
 0.3086 5635.9
 0.30872 5637.06
 0.30884 5638.22
 0.30896 5639.39
 0.30908 5640.55
 0.3092 5641.73
 0.30932 5642.9
 0.30944 5644.08
 0.30956 5645.26
 0.30968 5646.44
 0.3098 5647.62
 0.30992 5648.81
 0.31004 5650
 0.31016 5651.19
 0.31028 5652.39
 0.3104 5653.59
 0.31052 5654.79
 0.31064 5655.99
 0.31076 5657.2
 0.31088 5658.41
 0.311 5659.62
 0.31112 5660.84
 0.31124 5662.06
 0.31136 5663.28
 0.31148 5664.5
 0.3116 5665.73
 0.31172 5666.96
 0.31184 5668.19
 0.31196 5669.43
 0.31208 5670.67
 0.3122 5671.9
 0.31232 5673.15
 0.31244 5674.39
 0.31256 5675.64
 0.31268 5676.88
 0.3128 5678.14
 0.31292 5679.39
 0.31304 5680.64
 0.31316 5681.9
 0.31328 5683.15
 0.3134 5684.41
 0.31352 5685.66
 0.31364 5686.92
 0.31376 5688.18
 0.31388 5689.44
 0.314 5690.69
 0.31412 5691.95
 0.31424 5693.21
 0.31436 5694.46
 0.31448 5695.71
 0.3146 5696.97
 0.31472 5698.22
 0.31484 5699.46
 0.31496 5700.71
 0.31508 5701.95
 0.3152 5703.19
 0.31532 5704.43
 0.31544 5705.66
 0.31556 5706.89
 0.31568 5708.12
 0.3158 5709.34
 0.31592 5710.56
 0.31604 5711.77
 0.31616 5712.97
 0.31628 5714.17
 0.3164 5715.37
 0.31652 5716.55
 0.31664 5717.74
 0.31676 5718.91
 0.31688 5720.08
 0.317 5721.24
 0.31712 5722.39
 0.31724 5723.53
 0.31736 5724.67
 0.31748 5725.8
 0.3176 5726.92
 0.31772 5728.03
 0.31784 5729.13
 0.31796 5730.22
 0.31808 5731.3
 0.3182 5732.37
 0.31832 5733.43
 0.31844 5734.48
 0.31856 5735.51
 0.31868 5736.54
 0.3188 5737.55
 0.31892 5738.56
 0.31904 5739.55
 0.31916 5740.53
 0.31928 5741.49
 0.3194 5742.44
 0.31952 5743.38
 0.31964 5744.31
 0.31976 5745.22
 0.31988 5746.12
 0.32 5747
 0.32012 5747.87
 0.32024 5748.72
 0.32036 5749.56
 0.32048 5750.38
 0.3206 5751.19
 0.32072 5751.98
 0.32084 5752.76
 0.32096 5753.51
 0.32108 5754.26
 0.3212 5754.98
 0.32132 5755.69
 0.32144 5756.38
 0.32156 5757.05
 0.32168 5757.7
 0.3218 5758.34
 0.32192 5758.96
 0.32204 5759.55
 0.32216 5760.13
 0.32228 5760.69
 0.3224 5761.23
 0.32252 5761.76
 0.32264 5762.26
 0.32276 5762.74
 0.32288 5763.2
 0.323 5763.64
 0.32312 5764.05
 0.32324 5764.45
 0.32336 5764.83
 0.32348 5765.18
 0.3236 5765.51
 0.32372 5765.82
 0.32384 5766.11
 0.32396 5766.37
 0.32408 5766.61
 0.3242 5766.83
 0.32432 5767.03
 0.32444 5767.2
 0.32456 5767.35
 0.32468 5767.48
 0.3248 5767.59
 0.32492 5767.67
 0.32504 5767.73
 0.32516 5767.76
 0.32528 5767.77
 0.3254 5767.76
 0.32552 5767.72
 0.32564 5767.66
 0.32576 5767.58
 0.32588 5767.48
 0.326 5767.35
 0.32612 5767.2
 0.32624 5767.02
 0.32636 5766.83
 0.32648 5766.61
 0.3266 5766.37
 0.32672 5766.1
 0.32684 5765.82
 0.32696 5765.51
 0.32708 5765.18
 0.3272 5764.83
 0.32732 5764.46
 0.32744 5764.07
 0.32756 5763.66
 0.32768 5763.23
 0.3278 5762.77
 0.32792 5762.3
 0.32804 5761.8
 0.32816 5761.28
 0.32828 5760.74
 0.3284 5760.18
 0.32852 5759.6
 0.32864 5758.99
 0.32876 5758.37
 0.32888 5757.72
 0.329 5757.06
 0.32912 5756.37
 0.32924 5755.66
 0.32936 5754.93
 0.32948 5754.17
 0.3296 5753.39
 0.32972 5752.6
 0.32984 5751.77
 0.32996 5750.93
 0.33008 5750.06
 0.3302 5749.17
 0.33032 5748.25
 0.33044 5747.31
 0.33056 5746.35
 0.33068 5745.36
 0.3308 5744.35
 0.33092 5743.31
 0.33104 5742.25
 0.33116 5741.16
 0.33128 5740.05
 0.3314 5738.92
 0.33152 5737.76
 0.33164 5736.58
 0.33176 5735.37
 0.33188 5734.13
 0.332 5732.87
 0.33212 5731.59
 0.33224 5730.27
 0.33236 5728.94
 0.33248 5727.57
 0.3326 5726.19
 0.33272 5724.77
 0.33284 5723.33
 0.33296 5721.86
 0.33308 5720.37
 0.3332 5718.85
 0.33332 5717.3
 0.33344 5715.73
 0.33356 5714.12
 0.33368 5712.49
 0.3338 5710.83
 0.33392 5709.14
 0.33404 5707.43
 0.33416 5705.68
 0.33428 5703.9
 0.3344 5702.09
 0.33452 5700.26
 0.33464 5698.39
 0.33476 5696.49
 0.33488 5694.56
 0.335 5692.6
 0.33512 5690.6
 0.33524 5688.57
 0.33536 5686.52
 0.33548 5684.42
 0.3356 5682.3
 0.33572 5680.14
 0.33584 5677.95
 0.33596 5675.72
 0.33608 5673.46
 0.3362 5671.17
 0.33632 5668.84
 0.33644 5666.48
 0.33656 5664.08
 0.33668 5661.65
 0.3368 5659.19
 0.33692 5656.68
 0.33704 5654.15
 0.33716 5651.57
 0.33728 5648.96
 0.3374 5646.32
 0.33752 5643.63
 0.33764 5640.91
 0.33776 5638.16
 0.33788 5635.37
 0.338 5632.54
 0.33812 5629.68
 0.33824 5626.78
 0.33836 5623.84
 0.33848 5620.87
 0.3386 5617.86
 0.33872 5614.81
 0.33884 5611.72
 0.33896 5608.6
 0.33908 5605.44
 0.3392 5602.24
 0.33932 5599.01
 0.33944 5595.74
 0.33956 5592.43
 0.33968 5589.09
 0.3398 5585.71
 0.33992 5582.29
 0.34004 5578.83
 0.34016 5575.34
 0.34028 5571.82
 0.3404 5568.25
 0.34052 5564.66
 0.34064 5561.02
 0.34076 5557.35
 0.34088 5553.64
 0.341 5549.9
 0.34112 5546.12
 0.34124 5542.31
 0.34136 5538.46
 0.34148 5534.58
 0.3416 5530.66
 0.34172 5526.71
 0.34184 5522.72
 0.34196 5518.7
 0.34208 5514.64
 0.3422 5510.56
 0.34232 5506.43
 0.34244 5502.28
 0.34256 5498.09
 0.34268 5493.87
 0.3428 5489.61
 0.34292 5485.33
 0.34304 5481.01
 0.34316 5476.66
 0.34328 5472.27
 0.3434 5467.86
 0.34352 5463.42
 0.34364 5458.95
 0.34376 5454.44
 0.34388 5449.91
 0.344 5445.36
 0.34412 5440.77
 0.34424 5436.16
 0.34436 5431.52
 0.34448 5426.86
 0.3446 5422.17
 0.34472 5417.45
 0.34484 5412.71
 0.34496 5407.94
 0.34508 5403.15
 0.3452 5398.34
 0.34532 5393.5
 0.34544 5388.64
 0.34556 5383.76
 0.34568 5378.85
 0.3458 5373.92
 0.34592 5368.97
 0.34604 5363.99
 0.34616 5359
 0.34628 5353.98
 0.3464 5348.95
 0.34652 5343.89
 0.34664 5338.81
 0.34676 5333.72
 0.34688 5328.6
 0.347 5323.47
 0.34712 5318.31
 0.34724 5313.14
 0.34736 5307.95
 0.34748 5302.74
 0.3476 5297.51
 0.34772 5292.27
 0.34784 5287.01
 0.34796 5281.74
 0.34808 5276.44
 0.3482 5271.14
 0.34832 5265.81
 0.34844 5260.48
 0.34856 5255.12
 0.34868 5249.76
 0.3488 5244.38
 0.34892 5238.98
 0.34904 5233.57
 0.34916 5228.15
 0.34928 5222.72
 0.3494 5217.28
 0.34952 5211.82
 0.34964 5206.35
 0.34976 5200.88
 0.34988 5195.39
 0.35 5189.89
 0.35012 5184.38
 0.35024 5178.87
 0.35036 5173.34
 0.35048 5167.81
 0.3506 5162.26
 0.35072 5156.71
 0.35084 5151.15
 0.35096 5145.59
 0.35108 5140.01
 0.3512 5134.43
 0.35132 5128.85
 0.35144 5123.26
 0.35156 5117.66
 0.35168 5112.06
 0.3518 5106.45
 0.35192 5100.83
 0.35204 5095.22
 0.35216 5089.6
 0.35228 5083.97
 0.3524 5078.35
 0.35252 5072.72
 0.35264 5067.08
 0.35276 5061.45
 0.35288 5055.81
 0.353 5050.18
 0.35312 5044.54
 0.35324 5038.9
 0.35336 5033.26
 0.35348 5027.63
 0.3536 5021.99
 0.35372 5016.35
 0.35384 5010.72
 0.35396 5005.09
 0.35408 4999.46
 0.3542 4993.83
 0.35432 4988.2
 0.35444 4982.58
 0.35456 4976.95
 0.35468 4971.34
 0.3548 4965.72
 0.35492 4960.12
 0.35504 4954.51
 0.35516 4948.92
 0.35528 4943.33
 0.3554 4937.74
 0.35552 4932.16
 0.35564 4926.59
 0.35576 4921.02
 0.35588 4915.47
 0.356 4909.91
 0.35612 4904.37
 0.35624 4898.84
 0.35636 4893.31
 0.35648 4887.79
 0.3566 4882.28
 0.35672 4876.78
 0.35684 4871.28
 0.35696 4865.8
 0.35708 4860.32
 0.3572 4854.86
 0.35732 4849.4
 0.35744 4843.96
 0.35756 4838.52
 0.35768 4833.1
 0.3578 4827.69
 0.35792 4822.28
 0.35804 4816.89
 0.35816 4811.52
 0.35828 4806.15
 0.3584 4800.8
 0.35852 4795.46
 0.35864 4790.13
 0.35876 4784.82
 0.35888 4779.52
 0.359 4774.24
 0.35912 4768.98
 0.35924 4763.72
 0.35936 4758.49
 0.35948 4753.27
 0.3596 4748.07
 0.35972 4742.89
 0.35984 4737.73
 0.35996 4732.59
 0.36008 4727.47
 0.3602 4722.37
 0.36032 4717.29
 0.36044 4712.23
 0.36056 4707.19
 0.36068 4702.18
 0.3608 4697.19
 0.36092 4692.23
 0.36104 4687.29
 0.36116 4682.38
 0.36128 4677.49
 0.3614 4672.63
 0.36152 4667.8
 0.36164 4662.99
 0.36176 4658.21
 0.36188 4653.46
 0.362 4648.74
 0.36212 4644.05
 0.36224 4639.39
 0.36236 4634.76
 0.36248 4630.16
 0.3626 4625.6
 0.36272 4621.07
 0.36284 4616.57
 0.36296 4612.1
 0.36308 4607.67
 0.3632 4603.27
 0.36332 4598.91
 0.36344 4594.59
 0.36356 4590.3
 0.36368 4586.05
 0.3638 4581.84
 0.36392 4577.66
 0.36404 4573.53
 0.36416 4569.43
 0.36428 4565.37
 0.3644 4561.36
 0.36452 4557.38
 0.36464 4553.44
 0.36476 4549.55
 0.36488 4545.69
 0.365 4541.88
 0.36512 4538.11
 0.36524 4534.38
 0.36536 4530.69
 0.36548 4527.05
 0.3656 4523.45
 0.36572 4519.9
 0.36584 4516.39
 0.36596 4512.92
 0.36608 4509.5
 0.3662 4506.12
 0.36632 4502.79
 0.36644 4499.5
 0.36656 4496.26
 0.36668 4493.06
 0.3668 4489.9
 0.36692 4486.8
 0.36704 4483.73
 0.36716 4480.72
 0.36728 4477.75
 0.3674 4474.82
 0.36752 4471.94
 0.36764 4469.11
 0.36776 4466.33
 0.36788 4463.59
 0.368 4460.9
 0.36812 4458.25
 0.36824 4455.65
 0.36836 4453.1
 0.36848 4450.59
 0.3686 4448.13
 0.36872 4445.72
 0.36884 4443.36
 0.36896 4441.04
 0.36908 4438.77
 0.3692 4436.55
 0.36932 4434.38
 0.36944 4432.25
 0.36956 4430.17
 0.36968 4428.14
 0.3698 4426.15
 0.36992 4424.22
 0.37004 4422.33
 0.37016 4420.48
 0.37028 4418.69
 0.3704 4416.94
 0.37052 4415.24
 0.37064 4413.59
 0.37076 4411.98
 0.37088 4410.43
 0.371 4408.91
 0.37112 4407.45
 0.37124 4406.03
 0.37136 4404.66
 0.37148 4403.33
 0.3716 4402.06
 0.37172 4400.82
 0.37184 4399.64
 0.37196 4398.5
 0.37208 4397.41
 0.3722 4396.37
 0.37232 4395.37
 0.37244 4394.42
 0.37256 4393.51
 0.37268 4392.66
 0.3728 4391.85
 0.37292 4391.09
 0.37304 4390.37
 0.37316 4389.7
 0.37328 4389.08
 0.3734 4388.5
 0.37352 4387.97
 0.37364 4387.49
 0.37376 4387.05
 0.37388 4386.65
 0.374 4386.3
 0.37412 4385.99
 0.37424 4385.73
 0.37436 4385.52
 0.37448 4385.34
 0.3746 4385.22
 0.37472 4385.13
 0.37484 4385.09
 0.37496 4385.1
 0.37508 4385.15
 0.3752 4385.24
 0.37532 4385.38
 0.37544 4385.56
 0.37556 4385.79
 0.37568 4386.07
 0.3758 4386.39
 0.37592 4386.75
 0.37604 4387.16
 0.37616 4387.62
 0.37628 4388.12
 0.3764 4388.67
 0.37652 4389.26
 0.37664 4389.9
 0.37676 4390.59
 0.37688 4391.32
 0.377 4392.1
 0.37712 4392.93
 0.37724 4393.8
 0.37736 4394.72
 0.37748 4395.69
 0.3776 4396.71
 0.37772 4397.77
 0.37784 4398.88
 0.37796 4400.04
 0.37808 4401.24
 0.3782 4402.5
 0.37832 4403.8
 0.37844 4405.14
 0.37856 4406.54
 0.37868 4407.99
 0.3788 4409.48
 0.37892 4411.02
 0.37904 4412.6
 0.37916 4414.24
 0.37928 4415.92
 0.3794 4417.65
 0.37952 4419.43
 0.37964 4421.26
 0.37976 4423.13
 0.37988 4425.05
 0.38 4427.02
 0.38012 4429.03
 0.38024 4431.09
 0.38036 4433.2
 0.38048 4435.35
 0.3806 4437.55
 0.38072 4439.8
 0.38084 4442.1
 0.38096 4444.44
 0.38108 4446.83
 0.3812 4449.26
 0.38132 4451.75
 0.38144 4454.28
 0.38156 4456.85
 0.38168 4459.47
 0.3818 4462.14
 0.38192 4464.85
 0.38204 4467.61
 0.38216 4470.42
 0.38228 4473.27
 0.3824 4476.16
 0.38252 4479.1
 0.38264 4482.08
 0.38276 4485.11
 0.38288 4488.18
 0.383 4491.29
 0.38312 4494.45
 0.38324 4497.65
 0.38336 4500.89
 0.38348 4504.17
 0.3836 4507.5
 0.38372 4510.87
 0.38384 4514.28
 0.38396 4517.74
 0.38408 4521.24
 0.3842 4524.78
 0.38432 4528.36
 0.38444 4531.98
 0.38456 4535.64
 0.38468 4539.34
 0.3848 4543.09
 0.38492 4546.87
 0.38504 4550.69
 0.38516 4554.56
 0.38528 4558.46
 0.3854 4562.4
 0.38552 4566.38
 0.38564 4570.4
 0.38576 4574.45
 0.38588 4578.55
 0.386 4582.68
 0.38612 4586.84
 0.38624 4591.05
 0.38636 4595.29
 0.38648 4599.57
 0.3866 4603.88
 0.38672 4608.23
 0.38684 4612.61
 0.38696 4617.03
 0.38708 4621.49
 0.3872 4625.98
 0.38732 4630.5
 0.38744 4635.06
 0.38756 4639.65
 0.38768 4644.27
 0.3878 4648.93
 0.38792 4653.61
 0.38804 4658.33
 0.38816 4663.08
 0.38828 4667.86
 0.3884 4672.67
 0.38852 4677.52
 0.38864 4682.39
 0.38876 4687.29
 0.38888 4692.22
 0.389 4697.18
 0.38912 4702.16
 0.38924 4707.17
 0.38936 4712.21
 0.38948 4717.28
 0.3896 4722.37
 0.38972 4727.48
 0.38984 4732.62
 0.38996 4737.79
 0.39008 4742.97
 0.3902 4748.18
 0.39032 4753.41
 0.39044 4758.66
 0.39056 4763.93
 0.39068 4769.22
 0.3908 4774.53
 0.39092 4779.86
 0.39104 4785.21
 0.39116 4790.57
 0.39128 4795.95
 0.3914 4801.34
 0.39152 4806.75
 0.39164 4812.17
 0.39176 4817.61
 0.39188 4823.05
 0.392 4828.51
 0.39212 4833.98
 0.39224 4839.47
 0.39236 4844.96
 0.39248 4850.46
 0.3926 4855.97
 0.39272 4861.48
 0.39284 4867
 0.39296 4872.53
 0.39308 4878.07
 0.3932 4883.61
 0.39332 4889.15
 0.39344 4894.7
 0.39356 4900.25
 0.39368 4905.8
 0.3938 4911.36
 0.39392 4916.92
 0.39404 4922.47
 0.39416 4928.03
 0.39428 4933.59
 0.3944 4939.15
 0.39452 4944.71
 0.39464 4950.27
 0.39476 4955.83
 0.39488 4961.39
 0.395 4966.94
 0.39512 4972.5
 0.39524 4978.05
 0.39536 4983.6
 0.39548 4989.14
 0.3956 4994.69
 0.39572 5000.23
 0.39584 5005.77
 0.39596 5011.3
 0.39608 5016.84
 0.3962 5022.37
 0.39632 5027.89
 0.39644 5033.42
 0.39656 5038.94
 0.39668 5044.46
 0.3968 5049.98
 0.39692 5055.49
 0.39704 5061
 0.39716 5066.51
 0.39728 5072.01
 0.3974 5077.51
 0.39752 5083.01
 0.39764 5088.5
 0.39776 5094
 0.39788 5099.48
 0.398 5104.97
 0.39812 5110.45
 0.39824 5115.93
 0.39836 5121.4
 0.39848 5126.88
 0.3986 5132.34
 0.39872 5137.81
 0.39884 5143.27
 0.39896 5148.72
 0.39908 5154.17
 0.3992 5159.62
 0.39932 5165.06
 0.39944 5170.5
 0.39956 5175.93
 0.39968 5181.36
 0.3998 5186.79
 0.39992 5192.21
 0.40004 5197.62
 0.40016 5203.03
 0.40028 5208.43
 0.4004 5213.83
 0.40052 5219.23
 0.40064 5224.62
 0.40076 5230
 0.40088 5235.38
 0.401 5240.76
 0.40112 5246.13
 0.40124 5251.5
 0.40136 5256.86
 0.40148 5262.22
 0.4016 5267.57
 0.40172 5272.91
 0.40184 5278.25
 0.40196 5283.59
 0.40208 5288.91
 0.4022 5294.24
 0.40232 5299.55
 0.40244 5304.86
 0.40256 5310.15
 0.40268 5315.44
 0.4028 5320.73
 0.40292 5326
 0.40304 5331.26
 0.40316 5336.52
 0.40328 5341.77
 0.4034 5347
 0.40352 5352.23
 0.40364 5357.45
 0.40376 5362.66
 0.40388 5367.86
 0.404 5373.04
 0.40412 5378.22
 0.40424 5383.39
 0.40436 5388.55
 0.40448 5393.69
 0.4046 5398.82
 0.40472 5403.94
 0.40484 5409.05
 0.40496 5414.15
 0.40508 5419.23
 0.4052 5424.3
 0.40532 5429.36
 0.40544 5434.4
 0.40556 5439.43
 0.40568 5444.44
 0.4058 5449.43
 0.40592 5454.41
 0.40604 5459.37
 0.40616 5464.32
 0.40628 5469.24
 0.4064 5474.15
 0.40652 5479.04
 0.40664 5483.91
 0.40676 5488.77
 0.40688 5493.6
 0.407 5498.41
 0.40712 5503.2
 0.40724 5507.97
 0.40736 5512.71
 0.40748 5517.43
 0.4076 5522.13
 0.40772 5526.81
 0.40784 5531.46
 0.40796 5536.09
 0.40808 5540.7
 0.4082 5545.28
 0.40832 5549.83
 0.40844 5554.36
 0.40856 5558.86
 0.40868 5563.33
 0.4088 5567.78
 0.40892 5572.2
 0.40904 5576.59
 0.40916 5580.95
 0.40928 5585.29
 0.4094 5589.6
 0.40952 5593.88
 0.40964 5598.13
 0.40976 5602.35
 0.40988 5606.54
 0.41 5610.71
 0.41012 5614.85
 0.41024 5618.95
 0.41036 5623.03
 0.41048 5627.08
 0.4106 5631.1
 0.41072 5635.09
 0.41084 5639.05
 0.41096 5642.98
 0.41108 5646.87
 0.4112 5650.74
 0.41132 5654.58
 0.41144 5658.38
 0.41156 5662.16
 0.41168 5665.9
 0.4118 5669.62
 0.41192 5673.3
 0.41204 5676.95
 0.41216 5680.57
 0.41228 5684.17
 0.4124 5687.73
 0.41252 5691.26
 0.41264 5694.77
 0.41276 5698.24
 0.41288 5701.69
 0.413 5705.1
 0.41312 5708.49
 0.41324 5711.85
 0.41336 5715.17
 0.41348 5718.47
 0.4136 5721.74
 0.41372 5724.98
 0.41384 5728.18
 0.41396 5731.36
 0.41408 5734.51
 0.4142 5737.63
 0.41432 5740.71
 0.41444 5743.77
 0.41456 5746.79
 0.41468 5749.78
 0.4148 5752.74
 0.41492 5755.67
 0.41504 5758.57
 0.41516 5761.44
 0.41528 5764.27
 0.4154 5767.07
 0.41552 5769.84
 0.41564 5772.58
 0.41576 5775.29
 0.41588 5777.96
 0.416 5780.6
 0.41612 5783.21
 0.41624 5785.79
 0.41636 5788.34
 0.41648 5790.85
 0.4166 5793.33
 0.41672 5795.78
 0.41684 5798.19
 0.41696 5800.58
 0.41708 5802.93
 0.4172 5805.25
 0.41732 5807.53
 0.41744 5809.79
 0.41756 5812.01
 0.41768 5814.19
 0.4178 5816.35
 0.41792 5818.47
 0.41804 5820.56
 0.41816 5822.61
 0.41828 5824.63
 0.4184 5826.62
 0.41852 5828.58
 0.41864 5830.5
 0.41876 5832.39
 0.41888 5834.25
 0.419 5836.07
 0.41912 5837.86
 0.41924 5839.62
 0.41936 5841.35
 0.41948 5843.04
 0.4196 5844.7
 0.41972 5846.33
 0.41984 5847.92
 0.41996 5849.48
 0.42008 5851.02
 0.4202 5852.51
 0.42032 5853.98
 0.42044 5855.42
 0.42056 5856.82
 0.42068 5858.2
 0.4208 5859.54
 0.42092 5860.86
 0.42104 5862.14
 0.42116 5863.4
 0.42128 5864.63
 0.4214 5865.82
 0.42152 5866.99
 0.42164 5868.13
 0.42176 5869.25
 0.42188 5870.34
 0.422 5871.39
 0.42212 5872.43
 0.42224 5873.43
 0.42236 5874.41
 0.42248 5875.37
 0.4226 5876.3
 0.42272 5877.2
 0.42284 5878.08
 0.42296 5878.94
 0.42308 5879.77
 0.4232 5880.58
 0.42332 5881.36
 0.42344 5882.12
 0.42356 5882.86
 0.42368 5883.58
 0.4238 5884.27
 0.42392 5884.94
 0.42404 5885.59
 0.42416 5886.21
 0.42428 5886.81
 0.4244 5887.39
 0.42452 5887.95
 0.42464 5888.49
 0.42476 5889
 0.42488 5889.49
 0.425 5889.96
 0.42512 5890.4
 0.42524 5890.82
 0.42536 5891.22
 0.42548 5891.6
 0.4256 5891.96
 0.42572 5892.29
 0.42584 5892.6
 0.42596 5892.88
 0.42608 5893.14
 0.4262 5893.38
 0.42632 5893.59
 0.42644 5893.78
 0.42656 5893.95
 0.42668 5894.09
 0.4268 5894.2
 0.42692 5894.29
 0.42704 5894.36
 0.42716 5894.4
 0.42728 5894.41
 0.4274 5894.4
 0.42752 5894.36
 0.42764 5894.3
 0.42776 5894.21
 0.42788 5894.1
 0.428 5893.96
 0.42812 5893.79
 0.42824 5893.6
 0.42836 5893.39
 0.42848 5893.14
 0.4286 5892.88
 0.42872 5892.58
 0.42884 5892.27
 0.42896 5891.92
 0.42908 5891.55
 0.4292 5891.16
 0.42932 5890.74
 0.42944 5890.3
 0.42956 5889.84
 0.42968 5889.35
 0.4298 5888.83
 0.42992 5888.29
 0.43004 5887.73
 0.43016 5887.14
 0.43028 5886.53
 0.4304 5885.9
 0.43052 5885.24
 0.43064 5884.56
 0.43076 5883.85
 0.43088 5883.12
 0.431 5882.37
 0.43112 5881.59
 0.43124 5880.79
 0.43136 5879.96
 0.43148 5879.11
 0.4316 5878.24
 0.43172 5877.34
 0.43184 5876.43
 0.43196 5875.48
 0.43208 5874.52
 0.4322 5873.54
 0.43232 5872.53
 0.43244 5871.5
 0.43256 5870.45
 0.43268 5869.38
 0.4328 5868.29
 0.43292 5867.18
 0.43304 5866.06
 0.43316 5864.91
 0.43328 5863.74
 0.4334 5862.55
 0.43352 5861.35
 0.43364 5860.12
 0.43376 5858.88
 0.43388 5857.61
 0.434 5856.33
 0.43412 5855.03
 0.43424 5853.71
 0.43436 5852.38
 0.43448 5851.02
 0.4346 5849.65
 0.43472 5848.26
 0.43484 5846.85
 0.43496 5845.43
 0.43508 5843.99
 0.4352 5842.53
 0.43532 5841.05
 0.43544 5839.56
 0.43556 5838.05
 0.43568 5836.53
 0.4358 5834.99
 0.43592 5833.43
 0.43604 5831.86
 0.43616 5830.27
 0.43628 5828.67
 0.4364 5827.05
 0.43652 5825.42
 0.43664 5823.77
 0.43676 5822.11
 0.43688 5820.44
 0.437 5818.75
 0.43712 5817.05
 0.43724 5815.33
 0.43736 5813.6
 0.43748 5811.86
 0.4376 5810.11
 0.43772 5808.34
 0.43784 5806.57
 0.43796 5804.78
 0.43808 5802.98
 0.4382 5801.17
 0.43832 5799.35
 0.43844 5797.51
 0.43856 5795.67
 0.43868 5793.82
 0.4388 5791.96
 0.43892 5790.09
 0.43904 5788.21
 0.43916 5786.31
 0.43928 5784.41
 0.4394 5782.5
 0.43952 5780.58
 0.43964 5778.65
 0.43976 5776.71
 0.43988 5774.76
 0.44 5772.8
 0.44012 5770.83
 0.44024 5768.85
 0.44036 5766.86
 0.44048 5764.86
 0.4406 5762.85
 0.44072 5760.83
 0.44084 5758.79
 0.44096 5756.75
 0.44108 5754.7
 0.4412 5752.64
 0.44132 5750.57
 0.44144 5748.48
 0.44156 5746.39
 0.44168 5744.29
 0.4418 5742.17
 0.44192 5740.05
 0.44204 5737.91
 0.44216 5735.76
 0.44228 5733.61
 0.4424 5731.43
 0.44252 5729.25
 0.44264 5727.06
 0.44276 5724.85
 0.44288 5722.63
 0.443 5720.4
 0.44312 5718.16
 0.44324 5715.9
 0.44336 5713.63
 0.44348 5711.35
 0.4436 5709.06
 0.44372 5706.76
 0.44384 5704.45
 0.44396 5702.13
 0.44408 5699.8
 0.4442 5697.45
 0.44432 5695.1
 0.44444 5692.75
 0.44456 5690.38
 0.44468 5688
 0.4448 5685.62
 0.44492 5683.23
 0.44504 5680.83
 0.44516 5678.43
 0.44528 5676.02
 0.4454 5673.61
 0.44552 5671.19
 0.44564 5668.76
 0.44576 5666.33
 0.44588 5663.89
 0.446 5661.45
 0.44612 5659
 0.44624 5656.55
 0.44636 5654.09
 0.44648 5651.63
 0.4466 5649.16
 0.44672 5646.69
 0.44684 5644.22
 0.44696 5641.74
 0.44708 5639.26
 0.4472 5636.78
 0.44732 5634.3
 0.44744 5631.81
 0.44756 5629.33
 0.44768 5626.84
 0.4478 5624.35
 0.44792 5621.86
 0.44804 5619.38
 0.44816 5616.89
 0.44828 5614.4
 0.4484 5611.91
 0.44852 5609.43
 0.44864 5606.95
 0.44876 5604.47
 0.44888 5601.99
 0.449 5599.51
 0.44912 5597.04
 0.44924 5594.57
 0.44936 5592.11
 0.44948 5589.65
 0.4496 5587.19
 0.44972 5584.74
 0.44984 5582.29
 0.44996 5579.85
 0.45008 5577.41
 0.4502 5574.98
 0.45032 5572.55
 0.45044 5570.13
 0.45056 5567.72
 0.45068 5565.31
 0.4508 5562.9
 0.45092 5560.51
 0.45104 5558.12
 0.45116 5555.73
 0.45128 5553.35
 0.4514 5550.98
 0.45152 5548.61
 0.45164 5546.25
 0.45176 5543.9
 0.45188 5541.55
 0.452 5539.21
 0.45212 5536.88
 0.45224 5534.55
 0.45236 5532.23
 0.45248 5529.91
 0.4526 5527.6
 0.45272 5525.3
 0.45284 5523
 0.45296 5520.71
 0.45308 5518.43
 0.4532 5516.16
 0.45332 5513.89
 0.45344 5511.62
 0.45356 5509.37
 0.45368 5507.12
 0.4538 5504.88
 0.45392 5502.64
 0.45404 5500.42
 0.45416 5498.2
 0.45428 5495.99
 0.4544 5493.79
 0.45452 5491.59
 0.45464 5489.41
 0.45476 5487.23
 0.45488 5485.07
 0.455 5482.91
 0.45512 5480.76
 0.45524 5478.63
 0.45536 5476.5
 0.45548 5474.39
 0.4556 5472.28
 0.45572 5470.19
 0.45584 5468.1
 0.45596 5466.03
 0.45608 5463.98
 0.4562 5461.93
 0.45632 5459.9
 0.45644 5457.88
 0.45656 5455.87
 0.45668 5453.87
 0.4568 5451.89
 0.45692 5449.93
 0.45704 5447.98
 0.45716 5446.04
 0.45728 5444.12
 0.4574 5442.21
 0.45752 5440.31
 0.45764 5438.43
 0.45776 5436.56
 0.45788 5434.71
 0.458 5432.88
 0.45812 5431.05
 0.45824 5429.24
 0.45836 5427.45
 0.45848 5425.67
 0.4586 5423.91
 0.45872 5422.16
 0.45884 5420.42
 0.45896 5418.69
 0.45908 5416.98
 0.4592 5415.28
 0.45932 5413.59
 0.45944 5411.91
 0.45956 5410.25
 0.45968 5408.59
 0.4598 5406.95
 0.45992 5405.31
 0.46004 5403.69
 0.46016 5402.07
 0.46028 5400.46
 0.4604 5398.87
 0.46052 5397.28
 0.46064 5395.7
 0.46076 5394.12
 0.46088 5392.56
 0.461 5391
 0.46112 5389.45
 0.46124 5387.91
 0.46136 5386.38
 0.46148 5384.85
 0.4616 5383.33
 0.46172 5381.82
 0.46184 5380.31
 0.46196 5378.81
 0.46208 5377.31
 0.4622 5375.82
 0.46232 5374.34
 0.46244 5372.86
 0.46256 5371.39
 0.46268 5369.91
 0.4628 5368.45
 0.46292 5366.99
 0.46304 5365.53
 0.46316 5364.07
 0.46328 5362.62
 0.4634 5361.18
 0.46352 5359.73
 0.46364 5358.29
 0.46376 5356.86
 0.46388 5355.43
 0.464 5354
 0.46412 5352.58
 0.46424 5351.16
 0.46436 5349.75
 0.46448 5348.34
 0.4646 5346.94
 0.46472 5345.54
 0.46484 5344.14
 0.46496 5342.75
 0.46508 5341.37
 0.4652 5339.99
 0.46532 5338.61
 0.46544 5337.24
 0.46556 5335.88
 0.46568 5334.52
 0.4658 5333.17
 0.46592 5331.82
 0.46604 5330.48
 0.46616 5329.14
 0.46628 5327.81
 0.4664 5326.49
 0.46652 5325.17
 0.46664 5323.86
 0.46676 5322.55
 0.46688 5321.25
 0.467 5319.96
 0.46712 5318.67
 0.46724 5317.39
 0.46736 5316.12
 0.46748 5314.85
 0.4676 5313.59
 0.46772 5312.33
 0.46784 5311.08
 0.46796 5309.84
 0.46808 5308.6
 0.4682 5307.37
 0.46832 5306.15
 0.46844 5304.93
 0.46856 5303.72
 0.46868 5302.52
 0.4688 5301.32
 0.46892 5300.13
 0.46904 5298.94
 0.46916 5297.76
 0.46928 5296.59
 0.4694 5295.43
 0.46952 5294.28
 0.46964 5293.13
 0.46976 5291.99
 0.46988 5290.86
 0.47 5289.75
 0.47012 5288.64
 0.47024 5287.54
 0.47036 5286.45
 0.47048 5285.37
 0.4706 5284.3
 0.47072 5283.24
 0.47084 5282.2
 0.47096 5281.16
 0.47108 5280.14
 0.4712 5279.13
 0.47132 5278.13
 0.47144 5277.14
 0.47156 5276.16
 0.47168 5275.2
 0.4718 5274.25
 0.47192 5273.32
 0.47204 5272.39
 0.47216 5271.48
 0.47228 5270.59
 0.4724 5269.7
 0.47252 5268.83
 0.47264 5267.98
 0.47276 5267.14
 0.47288 5266.31
 0.473 5265.5
 0.47312 5264.7
 0.47324 5263.91
 0.47336 5263.13
 0.47348 5262.37
 0.4736 5261.63
 0.47372 5260.89
 0.47384 5260.17
 0.47396 5259.46
 0.47408 5258.76
 0.4742 5258.08
 0.47432 5257.4
 0.47444 5256.74
 0.47456 5256.08
 0.47468 5255.44
 0.4748 5254.81
 0.47492 5254.18
 0.47504 5253.57
 0.47516 5252.97
 0.47528 5252.37
 0.4754 5251.79
 0.47552 5251.22
 0.47564 5250.65
 0.47576 5250.1
 0.47588 5249.56
 0.476 5249.02
 0.47612 5248.5
 0.47624 5247.99
 0.47636 5247.48
 0.47648 5246.99
 0.4766 5246.51
 0.47672 5246.03
 0.47684 5245.56
 0.47696 5245.11
 0.47708 5244.66
 0.4772 5244.22
 0.47732 5243.78
 0.47744 5243.36
 0.47756 5242.94
 0.47768 5242.53
 0.4778 5242.13
 0.47792 5241.73
 0.47804 5241.34
 0.47816 5240.96
 0.47828 5240.58
 0.4784 5240.21
 0.47852 5239.84
 0.47864 5239.48
 0.47876 5239.12
 0.47888 5238.77
 0.479 5238.43
 0.47912 5238.09
 0.47924 5237.75
 0.47936 5237.42
 0.47948 5237.09
 0.4796 5236.77
 0.47972 5236.45
 0.47984 5236.13
 0.47996 5235.82
 0.48008 5235.51
 0.4802 5235.2
 0.48032 5234.9
 0.48044 5234.6
 0.48056 5234.3
 0.48068 5234
 0.4808 5233.71
 0.48092 5233.42
 0.48104 5233.13
 0.48116 5232.85
 0.48128 5232.57
 0.4814 5232.29
 0.48152 5232.01
 0.48164 5231.73
 0.48176 5231.46
 0.48188 5231.19
 0.482 5230.92
 0.48212 5230.66
 0.48224 5230.4
 0.48236 5230.14
 0.48248 5229.88
 0.4826 5229.63
 0.48272 5229.38
 0.48284 5229.13
 0.48296 5228.89
 0.48308 5228.64
 0.4832 5228.4
 0.48332 5228.17
 0.48344 5227.94
 0.48356 5227.71
 0.48368 5227.48
 0.4838 5227.26
 0.48392 5227.04
 0.48404 5226.82
 0.48416 5226.61
 0.48428 5226.4
 0.4844 5226.19
 0.48452 5225.99
 0.48464 5225.79
 0.48476 5225.59
 0.48488 5225.4
 0.485 5225.2
 0.48512 5225.02
 0.48524 5224.83
 0.48536 5224.65
 0.48548 5224.47
 0.4856 5224.29
 0.48572 5224.11
 0.48584 5223.94
 0.48596 5223.77
 0.48608 5223.6
 0.4862 5223.44
 0.48632 5223.28
 0.48644 5223.12
 0.48656 5222.96
 0.48668 5222.81
 0.4868 5222.66
 0.48692 5222.51
 0.48704 5222.36
 0.48716 5222.22
 0.48728 5222.08
 0.4874 5221.94
 0.48752 5221.81
 0.48764 5221.68
 0.48776 5221.55
 0.48788 5221.43
 0.488 5221.31
 0.48812 5221.19
 0.48824 5221.08
 0.48836 5220.97
 0.48848 5220.86
 0.4886 5220.76
 0.48872 5220.67
 0.48884 5220.57
 0.48896 5220.49
 0.48908 5220.41
 0.4892 5220.34
 0.48932 5220.28
 0.48944 5220.22
 0.48956 5220.18
 0.48968 5220.14
 0.4898 5220.11
 0.48992 5220.09
 0.49004 5220.08
 0.49016 5220.08
 0.49028 5220.1
 0.4904 5220.12
 0.49052 5220.16
 0.49064 5220.21
 0.49076 5220.27
 0.49088 5220.35
 0.491 5220.43
 0.49112 5220.53
 0.49124 5220.65
 0.49136 5220.78
 0.49148 5220.92
 0.4916 5221.08
 0.49172 5221.25
 0.49184 5221.44
 0.49196 5221.65
 0.49208 5221.87
 0.4922 5222.1
 0.49232 5222.35
 0.49244 5222.62
 0.49256 5222.9
 0.49268 5223.2
 0.4928 5223.52
 0.49292 5223.85
 0.49304 5224.2
 0.49316 5224.57
 0.49328 5224.96
 0.4934 5225.36
 0.49352 5225.78
 0.49364 5226.21
 0.49376 5226.66
 0.49388 5227.13
 0.494 5227.61
 0.49412 5228.11
 0.49424 5228.63
 0.49436 5229.16
 0.49448 5229.71
 0.4946 5230.27
 0.49472 5230.85
 0.49484 5231.44
 0.49496 5232.05
 0.49508 5232.67
 0.4952 5233.3
 0.49532 5233.96
 0.49544 5234.62
 0.49556 5235.3
 0.49568 5235.99
 0.4958 5236.7
 0.49592 5237.42
 0.49604 5238.15
 0.49616 5238.9
 0.49628 5239.66
 0.4964 5240.43
 0.49652 5241.21
 0.49664 5242.01
 0.49676 5242.82
 0.49688 5243.64
 0.497 5244.47
 0.49712 5245.32
 0.49724 5246.17
 0.49736 5247.04
 0.49748 5247.92
 0.4976 5248.82
 0.49772 5249.72
 0.49784 5250.63
 0.49796 5251.56
 0.49808 5252.49
 0.4982 5253.44
 0.49832 5254.4
 0.49844 5255.37
 0.49856 5256.35
 0.49868 5257.34
 0.4988 5258.34
 0.49892 5259.35
 0.49904 5260.37
 0.49916 5261.39
 0.49928 5262.43
 0.4994 5263.48
 0.49952 5264.53
 0.49964 5265.6
 0.49976 5266.67
 0.49988 5267.75
 0.5 5268.83
 0.50012 5269.93
 0.50024 5271.03
 0.50036 5272.14
 0.50048 5273.25
 0.5006 5274.37
 0.50072 5275.5
 0.50084 5276.63
 0.50096 5277.76
 0.50108 5278.9
 0.5012 5280.05
 0.50132 5281.2
 0.50144 5282.36
 0.50156 5283.52
 0.50168 5284.69
 0.5018 5285.86
 0.50192 5287.03
 0.50204 5288.21
 0.50216 5289.39
 0.50228 5290.58
 0.5024 5291.77
 0.50252 5292.97
 0.50264 5294.17
 0.50276 5295.37
 0.50288 5296.58
 0.503 5297.8
 0.50312 5299.02
 0.50324 5300.24
 0.50336 5301.47
 0.50348 5302.71
 0.5036 5303.95
 0.50372 5305.2
 0.50384 5306.45
 0.50396 5307.71
 0.50408 5308.97
 0.5042 5310.24
 0.50432 5311.52
 0.50444 5312.8
 0.50456 5314.08
 0.50468 5315.38
 0.5048 5316.67
 0.50492 5317.98
 0.50504 5319.29
 0.50516 5320.6
 0.50528 5321.92
 0.5054 5323.24
 0.50552 5324.56
 0.50564 5325.89
 0.50576 5327.23
 0.50588 5328.56
 0.506 5329.9
 0.50612 5331.25
 0.50624 5332.59
 0.50636 5333.94
 0.50648 5335.3
 0.5066 5336.66
 0.50672 5338.02
 0.50684 5339.38
 0.50696 5340.75
 0.50708 5342.12
 0.5072 5343.49
 0.50732 5344.87
 0.50744 5346.25
 0.50756 5347.63
 0.50768 5349.02
 0.5078 5350.41
 0.50792 5351.81
 0.50804 5353.21
 0.50816 5354.61
 0.50828 5356.02
 0.5084 5357.43
 0.50852 5358.84
 0.50864 5360.26
 0.50876 5361.68
 0.50888 5363.1
 0.509 5364.52
 0.50912 5365.95
 0.50924 5367.38
 0.50936 5368.81
 0.50948 5370.25
 0.5096 5371.68
 0.50972 5373.12
 0.50984 5374.56
 0.50996 5376.01
 0.51008 5377.45
 0.5102 5378.9
 0.51032 5380.34
 0.51044 5381.79
 0.51056 5383.24
 0.51068 5384.69
 0.5108 5386.14
 0.51092 5387.6
 0.51104 5389.05
 0.51116 5390.5
 0.51128 5391.95
 0.5114 5393.4
 0.51152 5394.86
 0.51164 5396.31
 0.51176 5397.76
 0.51188 5399.21
 0.512 5400.65
 0.51212 5402.1
 0.51224 5403.54
 0.51236 5404.99
 0.51248 5406.43
 0.5126 5407.87
 0.51272 5409.3
 0.51284 5410.73
 0.51296 5412.16
 0.51308 5413.59
 0.5132 5415.01
 0.51332 5416.42
 0.51344 5417.83
 0.51356 5419.24
 0.51368 5420.64
 0.5138 5422.03
 0.51392 5423.42
 0.51404 5424.8
 0.51416 5426.17
 0.51428 5427.53
 0.5144 5428.89
 0.51452 5430.23
 0.51464 5431.57
 0.51476 5432.9
 0.51488 5434.21
 0.515 5435.52
 0.51512 5436.82
 0.51524 5438.1
 0.51536 5439.37
 0.51548 5440.63
 0.5156 5441.88
 0.51572 5443.12
 0.51584 5444.34
 0.51596 5445.55
 0.51608 5446.75
 0.5162 5447.93
 0.51632 5449.1
 0.51644 5450.25
 0.51656 5451.38
 0.51668 5452.5
 0.5168 5453.61
 0.51692 5454.7
 0.51704 5455.77
 0.51716 5456.82
 0.51728 5457.86
 0.5174 5458.88
 0.51752 5459.88
 0.51764 5460.86
 0.51776 5461.83
 0.51788 5462.77
 0.518 5463.7
 0.51812 5464.61
 0.51824 5465.5
 0.51836 5466.37
 0.51848 5467.22
 0.5186 5468.05
 0.51872 5468.86
 0.51884 5469.65
 0.51896 5470.42
 0.51908 5471.17
 0.5192 5471.9
 0.51932 5472.61
 0.51944 5473.29
 0.51956 5473.96
 0.51968 5474.6
 0.5198 5475.22
 0.51992 5475.81
 0.52004 5476.39
 0.52016 5476.94
 0.52028 5477.47
 0.5204 5477.98
 0.52052 5478.46
 0.52064 5478.92
 0.52076 5479.36
 0.52088 5479.77
 0.521 5480.16
 0.52112 5480.53
 0.52124 5480.87
 0.52136 5481.19
 0.52148 5481.49
 0.5216 5481.76
 0.52172 5482.01
 0.52184 5482.23
 0.52196 5482.44
 0.52208 5482.61
 0.5222 5482.77
 0.52232 5482.9
 0.52244 5483.01
 0.52256 5483.09
 0.52268 5483.15
 0.5228 5483.18
 0.52292 5483.19
 0.52304 5483.18
 0.52316 5483.14
 0.52328 5483.08
 0.5234 5483
 0.52352 5482.89
 0.52364 5482.76
 0.52376 5482.61
 0.52388 5482.43
 0.524 5482.24
 0.52412 5482.02
 0.52424 5481.77
 0.52436 5481.51
 0.52448 5481.23
 0.5246 5480.92
 0.52472 5480.59
 0.52484 5480.25
 0.52496 5479.88
 0.52508 5479.49
 0.5252 5479.08
 0.52532 5478.65
 0.52544 5478.21
 0.52556 5477.74
 0.52568 5477.25
 0.5258 5476.75
 0.52592 5476.22
 0.52604 5475.68
 0.52616 5475.12
 0.52628 5474.54
 0.5264 5473.94
 0.52652 5473.32
 0.52664 5472.69
 0.52676 5472.04
 0.52688 5471.37
 0.527 5470.68
 0.52712 5469.98
 0.52724 5469.26
 0.52736 5468.52
 0.52748 5467.77
 0.5276 5466.99
 0.52772 5466.2
 0.52784 5465.4
 0.52796 5464.57
 0.52808 5463.73
 0.5282 5462.88
 0.52832 5462.01
 0.52844 5461.12
 0.52856 5460.21
 0.52868 5459.29
 0.5288 5458.35
 0.52892 5457.4
 0.52904 5456.43
 0.52916 5455.45
 0.52928 5454.45
 0.5294 5453.43
 0.52952 5452.4
 0.52964 5451.36
 0.52976 5450.3
 0.52988 5449.22
 0.53 5448.13
 0.53012 5447.03
 0.53024 5445.91
 0.53036 5444.78
 0.53048 5443.63
 0.5306 5442.47
 0.53072 5441.29
 0.53084 5440.1
 0.53096 5438.9
 0.53108 5437.68
 0.5312 5436.44
 0.53132 5435.2
 0.53144 5433.94
 0.53156 5432.66
 0.53168 5431.37
 0.5318 5430.07
 0.53192 5428.75
 0.53204 5427.42
 0.53216 5426.08
 0.53228 5424.72
 0.5324 5423.35
 0.53252 5421.96
 0.53264 5420.56
 0.53276 5419.14
 0.53288 5417.71
 0.533 5416.27
 0.53312 5414.81
 0.53324 5413.33
 0.53336 5411.84
 0.53348 5410.34
 0.5336 5408.82
 0.53372 5407.29
 0.53384 5405.74
 0.53396 5404.18
 0.53408 5402.61
 0.5342 5401.02
 0.53432 5399.42
 0.53444 5397.8
 0.53456 5396.18
 0.53468 5394.54
 0.5348 5392.89
 0.53492 5391.23
 0.53504 5389.56
 0.53516 5387.88
 0.53528 5386.19
 0.5354 5384.5
 0.53552 5382.79
 0.53564 5381.07
 0.53576 5379.35
 0.53588 5377.62
 0.536 5375.89
 0.53612 5374.14
 0.53624 5372.39
 0.53636 5370.64
 0.53648 5368.88
 0.5366 5367.11
 0.53672 5365.34
 0.53684 5363.56
 0.53696 5361.78
 0.53708 5359.99
 0.5372 5358.2
 0.53732 5356.41
 0.53744 5354.61
 0.53756 5352.81
 0.53768 5351.01
 0.5378 5349.2
 0.53792 5347.39
 0.53804 5345.58
 0.53816 5343.76
 0.53828 5341.94
 0.5384 5340.13
 0.53852 5338.3
 0.53864 5336.48
 0.53876 5334.66
 0.53888 5332.84
 0.539 5331.02
 0.53912 5329.2
 0.53924 5327.38
 0.53936 5325.56
 0.53948 5323.74
 0.5396 5321.92
 0.53972 5320.11
 0.53984 5318.3
 0.53996 5316.49
 0.54008 5314.68
 0.5402 5312.88
 0.54032 5311.08
 0.54044 5309.29
 0.54056 5307.5
 0.54068 5305.71
 0.5408 5303.93
 0.54092 5302.16
 0.54104 5300.39
 0.54116 5298.63
 0.54128 5296.87
 0.5414 5295.13
 0.54152 5293.38
 0.54164 5291.65
 0.54176 5289.92
 0.54188 5288.2
 0.542 5286.49
 0.54212 5284.79
 0.54224 5283.09
 0.54236 5281.4
 0.54248 5279.73
 0.5426 5278.06
 0.54272 5276.4
 0.54284 5274.75
 0.54296 5273.11
 0.54308 5271.49
 0.5432 5269.87
 0.54332 5268.27
 0.54344 5266.68
 0.54356 5265.11
 0.54368 5263.55
 0.5438 5262
 0.54392 5260.47
 0.54404 5258.95
 0.54416 5257.45
 0.54428 5255.97
 0.5444 5254.51
 0.54452 5253.06
 0.54464 5251.64
 0.54476 5250.23
 0.54488 5248.84
 0.545 5247.47
 0.54512 5246.13
 0.54524 5244.8
 0.54536 5243.5
 0.54548 5242.23
 0.5456 5240.97
 0.54572 5239.74
 0.54584 5238.53
 0.54596 5237.35
 0.54608 5236.2
 0.5462 5235.07
 0.54632 5233.97
 0.54644 5232.89
 0.54656 5231.84
 0.54668 5230.82
 0.5468 5229.83
 0.54692 5228.86
 0.54704 5227.93
 0.54716 5227.02
 0.54728 5226.15
 0.5474 5225.3
 0.54752 5224.49
 0.54764 5223.71
 0.54776 5222.96
 0.54788 5222.24
 0.548 5221.55
 0.54812 5220.89
 0.54824 5220.27
 0.54836 5219.68
 0.54848 5219.12
 0.5486 5218.6
 0.54872 5218.1
 0.54884 5217.64
 0.54896 5217.22
 0.54908 5216.83
 0.5492 5216.47
 0.54932 5216.15
 0.54944 5215.86
 0.54956 5215.61
 0.54968 5215.39
 0.5498 5215.2
 0.54992 5215.05
 0.55004 5214.93
 0.55016 5214.85
 0.55028 5214.8
 0.5504 5214.78
 0.55052 5214.79
 0.55064 5214.84
 0.55076 5214.93
 0.55088 5215.04
 0.551 5215.19
 0.55112 5215.37
 0.55124 5215.59
 0.55136 5215.83
 0.55148 5216.11
 0.5516 5216.42
 0.55172 5216.76
 0.55184 5217.13
 0.55196 5217.53
 0.55208 5217.97
 0.5522 5218.43
 0.55232 5218.92
 0.55244 5219.45
 0.55256 5220
 0.55268 5220.58
 0.5528 5221.2
 0.55292 5221.84
 0.55304 5222.51
 0.55316 5223.22
 0.55328 5223.95
 0.5534 5224.71
 0.55352 5225.5
 0.55364 5226.32
 0.55376 5227.16
 0.55388 5228.04
 0.554 5228.94
 0.55412 5229.87
 0.55424 5230.82
 0.55436 5231.81
 0.55448 5232.82
 0.5546 5233.85
 0.55472 5234.92
 0.55484 5236.01
 0.55496 5237.12
 0.55508 5238.27
 0.5552 5239.44
 0.55532 5240.63
 0.55544 5241.85
 0.55556 5243.1
 0.55568 5244.37
 0.5558 5245.66
 0.55592 5246.98
 0.55604 5248.33
 0.55616 5249.7
 0.55628 5251.1
 0.5564 5252.52
 0.55652 5253.96
 0.55664 5255.43
 0.55676 5256.92
 0.55688 5258.44
 0.557 5259.99
 0.55712 5261.55
 0.55724 5263.15
 0.55736 5264.77
 0.55748 5266.41
 0.5576 5268.07
 0.55772 5269.77
 0.55784 5271.48
 0.55796 5273.22
 0.55808 5274.99
 0.5582 5276.78
 0.55832 5278.6
 0.55844 5280.44
 0.55856 5282.31
 0.55868 5284.2
 0.5588 5286.11
 0.55892 5288.06
 0.55904 5290.02
 0.55916 5292.02
 0.55928 5294.03
 0.5594 5296.07
 0.55952 5298.14
 0.55964 5300.23
 0.55976 5302.35
 0.55988 5304.49
 0.56 5306.66
 0.56012 5308.86
 0.56024 5311.07
 0.56036 5313.32
 0.56048 5315.59
 0.5606 5317.88
 0.56072 5320.2
 0.56084 5322.54
 0.56096 5324.91
 0.56108 5327.3
 0.5612 5329.72
 0.56132 5332.17
 0.56144 5334.63
 0.56156 5337.13
 0.56168 5339.64
 0.5618 5342.19
 0.56192 5344.75
 0.56204 5347.35
 0.56216 5349.96
 0.56228 5352.6
 0.5624 5355.27
 0.56252 5357.96
 0.56264 5360.67
 0.56276 5363.41
 0.56288 5366.17
 0.563 5368.96
 0.56312 5371.77
 0.56324 5374.6
 0.56336 5377.45
 0.56348 5380.33
 0.5636 5383.23
 0.56372 5386.15
 0.56384 5389.09
 0.56396 5392.05
 0.56408 5395.03
 0.5642 5398.03
 0.56432 5401.05
 0.56444 5404.08
 0.56456 5407.13
 0.56468 5410.2
 0.5648 5413.28
 0.56492 5416.38
 0.56504 5419.49
 0.56516 5422.62
 0.56528 5425.75
 0.5654 5428.9
 0.56552 5432.06
 0.56564 5435.23
 0.56576 5438.41
 0.56588 5441.59
 0.566 5444.78
 0.56612 5447.98
 0.56624 5451.19
 0.56636 5454.4
 0.56648 5457.61
 0.5666 5460.83
 0.56672 5464.05
 0.56684 5467.27
 0.56696 5470.49
 0.56708 5473.71
 0.5672 5476.93
 0.56732 5480.15
 0.56744 5483.37
 0.56756 5486.59
 0.56768 5489.8
 0.5678 5493.01
 0.56792 5496.22
 0.56804 5499.42
 0.56816 5502.61
 0.56828 5505.8
 0.5684 5508.99
 0.56852 5512.16
 0.56864 5515.33
 0.56876 5518.49
 0.56888 5521.64
 0.569 5524.78
 0.56912 5527.91
 0.56924 5531.03
 0.56936 5534.14
 0.56948 5537.24
 0.5696 5540.32
 0.56972 5543.39
 0.56984 5546.45
 0.56996 5549.5
 0.57008 5552.53
 0.5702 5555.55
 0.57032 5558.55
 0.57044 5561.54
 0.57056 5564.51
 0.57068 5567.46
 0.5708 5570.4
 0.57092 5573.32
 0.57104 5576.22
 0.57116 5579.1
 0.57128 5581.97
 0.5714 5584.81
 0.57152 5587.64
 0.57164 5590.44
 0.57176 5593.23
 0.57188 5596
 0.572 5598.74
 0.57212 5601.47
 0.57224 5604.18
 0.57236 5606.86
 0.57248 5609.52
 0.5726 5612.16
 0.57272 5614.78
 0.57284 5617.38
 0.57296 5619.95
 0.57308 5622.51
 0.5732 5625.03
 0.57332 5627.54
 0.57344 5630.01
 0.57356 5632.47
 0.57368 5634.9
 0.5738 5637.3
 0.57392 5639.67
 0.57404 5642.02
 0.57416 5644.34
 0.57428 5646.64
 0.5744 5648.9
 0.57452 5651.14
 0.57464 5653.34
 0.57476 5655.52
 0.57488 5657.67
 0.575 5659.78
 0.57512 5661.86
 0.57524 5663.92
 0.57536 5665.94
 0.57548 5667.92
 0.5756 5669.88
 0.57572 5671.79
 0.57584 5673.68
 0.57596 5675.53
 0.57608 5677.35
 0.5762 5679.13
 0.57632 5680.88
 0.57644 5682.59
 0.57656 5684.26
 0.57668 5685.9
 0.5768 5687.5
 0.57692 5689.07
 0.57704 5690.59
 0.57716 5692.08
 0.57728 5693.54
 0.5774 5694.95
 0.57752 5696.32
 0.57764 5697.66
 0.57776 5698.96
 0.57788 5700.21
 0.578 5701.43
 0.57812 5702.6
 0.57824 5703.74
 0.57836 5704.83
 0.57848 5705.88
 0.5786 5706.89
 0.57872 5707.86
 0.57884 5708.78
 0.57896 5709.66
 0.57908 5710.5
 0.5792 5711.3
 0.57932 5712.05
 0.57944 5712.75
 0.57956 5713.42
 0.57968 5714.04
 0.5798 5714.61
 0.57992 5715.15
 0.58004 5715.63
 0.58016 5716.08
 0.58028 5716.48
 0.5804 5716.84
 0.58052 5717.15
 0.58064 5717.42
 0.58076 5717.65
 0.58088 5717.83
 0.581 5717.97
 0.58112 5718.07
 0.58124 5718.13
 0.58136 5718.14
 0.58148 5718.12
 0.5816 5718.05
 0.58172 5717.94
 0.58184 5717.8
 0.58196 5717.61
 0.58208 5717.38
 0.5822 5717.11
 0.58232 5716.81
 0.58244 5716.46
 0.58256 5716.07
 0.58268 5715.65
 0.5828 5715.18
 0.58292 5714.68
 0.58304 5714.14
 0.58316 5713.55
 0.58328 5712.93
 0.5834 5712.27
 0.58352 5711.57
 0.58364 5710.83
 0.58376 5710.06
 0.58388 5709.24
 0.584 5708.38
 0.58412 5707.49
 0.58424 5706.56
 0.58436 5705.59
 0.58448 5704.58
 0.5846 5703.54
 0.58472 5702.45
 0.58484 5701.33
 0.58496 5700.16
 0.58508 5698.96
 0.5852 5697.72
 0.58532 5696.45
 0.58544 5695.13
 0.58556 5693.77
 0.58568 5692.38
 0.5858 5690.95
 0.58592 5689.48
 0.58604 5687.97
 0.58616 5686.42
 0.58628 5684.84
 0.5864 5683.22
 0.58652 5681.55
 0.58664 5679.85
 0.58676 5678.11
 0.58688 5676.33
 0.587 5674.52
 0.58712 5672.66
 0.58724 5670.77
 0.58736 5668.83
 0.58748 5666.86
 0.5876 5664.84
 0.58772 5662.79
 0.58784 5660.7
 0.58796 5658.57
 0.58808 5656.39
 0.5882 5654.18
 0.58832 5651.93
 0.58844 5649.64
 0.58856 5647.3
 0.58868 5644.93
 0.5888 5642.51
 0.58892 5640.05
 0.58904 5637.55
 0.58916 5635.01
 0.58928 5632.43
 0.5894 5629.81
 0.58952 5627.15
 0.58964 5624.44
 0.58976 5621.7
 0.58988 5618.91
 0.59 5616.08
 0.59012 5613.21
 0.59024 5610.3
 0.59036 5607.35
 0.59048 5604.36
 0.5906 5601.33
 0.59072 5598.26
 0.59084 5595.15
 0.59096 5591.99
 0.59108 5588.8
 0.5912 5585.57
 0.59132 5582.3
 0.59144 5578.99
 0.59156 5575.64
 0.59168 5572.25
 0.5918 5568.82
 0.59192 5565.35
 0.59204 5561.85
 0.59216 5558.31
 0.59228 5554.72
 0.5924 5551.11
 0.59252 5547.45
 0.59264 5543.76
 0.59276 5540.03
 0.59288 5536.26
 0.593 5532.46
 0.59312 5528.63
 0.59324 5524.76
 0.59336 5520.86
 0.59348 5516.92
 0.5936 5512.95
 0.59372 5508.95
 0.59384 5504.92
 0.59396 5500.86
 0.59408 5496.77
 0.5942 5492.65
 0.59432 5488.5
 0.59444 5484.32
 0.59456 5480.12
 0.59468 5475.9
 0.5948 5471.65
 0.59492 5467.37
 0.59504 5463.08
 0.59516 5458.76
 0.59528 5454.42
 0.5954 5450.07
 0.59552 5445.69
 0.59564 5441.3
 0.59576 5436.89
 0.59588 5432.46
 0.596 5428.02
 0.59612 5423.57
 0.59624 5419.11
 0.59636 5414.63
 0.59648 5410.15
 0.5966 5405.66
 0.59672 5401.16
 0.59684 5396.65
 0.59696 5392.14
 0.59708 5387.62
 0.5972 5383.1
 0.59732 5378.58
 0.59744 5374.05
 0.59756 5369.53
 0.59768 5365
 0.5978 5360.48
 0.59792 5355.96
 0.59804 5351.44
 0.59816 5346.93
 0.59828 5342.42
 0.5984 5337.92
 0.59852 5333.42
 0.59864 5328.93
 0.59876 5324.46
 0.59888 5319.98
 0.599 5315.52
 0.59912 5311.07
 0.59924 5306.64
 0.59936 5302.21
 0.59948 5297.79
 0.5996 5293.39
 0.59972 5289
 0.59984 5284.63
 0.59996 5280.27
 0.60008 5275.92
 0.6002 5271.59
 0.60032 5267.28
 0.60044 5262.99
 0.60056 5258.71
 0.60068 5254.46
 0.6008 5250.22
 0.60092 5246
 0.60104 5241.8
 0.60116 5237.63
 0.60128 5233.47
 0.6014 5229.34
 0.60152 5225.23
 0.60164 5221.14
 0.60176 5217.07
 0.60188 5213.03
 0.602 5209.01
 0.60212 5205.01
 0.60224 5201.04
 0.60236 5197.09
 0.60248 5193.17
 0.6026 5189.27
 0.60272 5185.39
 0.60284 5181.54
 0.60296 5177.72
 0.60308 5173.92
 0.6032 5170.14
 0.60332 5166.39
 0.60344 5162.67
 0.60356 5158.97
 0.60368 5155.3
 0.6038 5151.66
 0.60392 5148.04
 0.60404 5144.45
 0.60416 5140.89
 0.60428 5137.35
 0.6044 5133.84
 0.60452 5130.37
 0.60464 5126.91
 0.60476 5123.49
 0.60488 5120.1
 0.605 5116.74
 0.60512 5113.4
 0.60524 5110.1
 0.60536 5106.83
 0.60548 5103.59
 0.6056 5100.38
 0.60572 5097.2
 0.60584 5094.05
 0.60596 5090.93
 0.60608 5087.84
 0.6062 5084.79
 0.60632 5081.76
 0.60644 5078.77
 0.60656 5075.81
 0.60668 5072.88
 0.6068 5069.99
 0.60692 5067.12
 0.60704 5064.29
 0.60716 5061.49
 0.60728 5058.72
 0.6074 5055.99
 0.60752 5053.29
 0.60764 5050.62
 0.60776 5047.99
 0.60788 5045.39
 0.608 5042.82
 0.60812 5040.29
 0.60824 5037.8
 0.60836 5035.34
 0.60848 5032.92
 0.6086 5030.53
 0.60872 5028.18
 0.60884 5025.86
 0.60896 5023.58
 0.60908 5021.34
 0.6092 5019.14
 0.60932 5016.97
 0.60944 5014.85
 0.60956 5012.76
 0.60968 5010.71
 0.6098 5008.69
 0.60992 5006.72
 0.61004 5004.78
 0.61016 5002.89
 0.61028 5001.03
 0.6104 4999.2
 0.61052 4997.42
 0.61064 4995.67
 0.61076 4993.97
 0.61088 4992.3
 0.611 4990.66
 0.61112 4989.07
 0.61124 4987.51
 0.61136 4985.99
 0.61148 4984.51
 0.6116 4983.06
 0.61172 4981.65
 0.61184 4980.27
 0.61196 4978.94
 0.61208 4977.64
 0.6122 4976.38
 0.61232 4975.15
 0.61244 4973.96
 0.61256 4972.81
 0.61268 4971.7
 0.6128 4970.62
 0.61292 4969.58
 0.61304 4968.58
 0.61316 4967.62
 0.61328 4966.7
 0.6134 4965.81
 0.61352 4964.97
 0.61364 4964.16
 0.61376 4963.39
 0.61388 4962.66
 0.614 4961.97
 0.61412 4961.32
 0.61424 4960.71
 0.61436 4960.14
 0.61448 4959.61
 0.6146 4959.13
 0.61472 4958.68
 0.61484 4958.27
 0.61496 4957.91
 0.61508 4957.59
 0.6152 4957.3
 0.61532 4957.06
 0.61544 4956.87
 0.61556 4956.71
 0.61568 4956.6
 0.6158 4956.53
 0.61592 4956.5
 0.61604 4956.51
 0.61616 4956.57
 0.61628 4956.67
 0.6164 4956.81
 0.61652 4957
 0.61664 4957.23
 0.61676 4957.5
 0.61688 4957.82
 0.617 4958.18
 0.61712 4958.58
 0.61724 4959.03
 0.61736 4959.52
 0.61748 4960.06
 0.6176 4960.64
 0.61772 4961.27
 0.61784 4961.94
 0.61796 4962.65
 0.61808 4963.41
 0.6182 4964.22
 0.61832 4965.08
 0.61844 4965.98
 0.61856 4966.93
 0.61868 4967.92
 0.6188 4968.96
 0.61892 4970.05
 0.61904 4971.19
 0.61916 4972.37
 0.61928 4973.6
 0.6194 4974.88
 0.61952 4976.2
 0.61964 4977.58
 0.61976 4979
 0.61988 4980.46
 0.62 4981.98
 0.62012 4983.54
 0.62024 4985.15
 0.62036 4986.81
 0.62048 4988.52
 0.6206 4990.27
 0.62072 4992.07
 0.62084 4993.91
 0.62096 4995.81
 0.62108 4997.75
 0.6212 4999.73
 0.62132 5001.77
 0.62144 5003.84
 0.62156 5005.97
 0.62168 5008.14
 0.6218 5010.35
 0.62192 5012.61
 0.62204 5014.91
 0.62216 5017.26
 0.62228 5019.66
 0.6224 5022.09
 0.62252 5024.57
 0.62264 5027.09
 0.62276 5029.66
 0.62288 5032.27
 0.623 5034.92
 0.62312 5037.61
 0.62324 5040.34
 0.62336 5043.12
 0.62348 5045.93
 0.6236 5048.78
 0.62372 5051.68
 0.62384 5054.61
 0.62396 5057.58
 0.62408 5060.59
 0.6242 5063.64
 0.62432 5066.72
 0.62444 5069.84
 0.62456 5072.99
 0.62468 5076.18
 0.6248 5079.41
 0.62492 5082.66
 0.62504 5085.95
 0.62516 5089.28
 0.62528 5092.63
 0.6254 5096.02
 0.62552 5099.43
 0.62564 5102.88
 0.62576 5106.35
 0.62588 5109.86
 0.626 5113.38
 0.62612 5116.94
 0.62624 5120.52
 0.62636 5124.12
 0.62648 5127.75
 0.6266 5131.4
 0.62672 5135.08
 0.62684 5138.77
 0.62696 5142.49
 0.62708 5146.22
 0.6272 5149.97
 0.62732 5153.74
 0.62744 5157.53
 0.62756 5161.34
 0.62768 5165.16
 0.6278 5168.99
 0.62792 5172.84
 0.62804 5176.71
 0.62816 5180.58
 0.62828 5184.47
 0.6284 5188.37
 0.62852 5192.28
 0.62864 5196.19
 0.62876 5200.12
 0.62888 5204.06
 0.629 5208
 0.62912 5211.95
 0.62924 5215.91
 0.62936 5219.88
 0.62948 5223.85
 0.6296 5227.82
 0.62972 5231.81
 0.62984 5235.79
 0.62996 5239.78
 0.63008 5243.77
 0.6302 5247.77
 0.63032 5251.76
 0.63044 5255.76
 0.63056 5259.76
 0.63068 5263.76
 0.6308 5267.75
 0.63092 5271.75
 0.63104 5275.74
 0.63116 5279.74
 0.63128 5283.73
 0.6314 5287.71
 0.63152 5291.7
 0.63164 5295.68
 0.63176 5299.65
 0.63188 5303.63
 0.632 5307.6
 0.63212 5311.56
 0.63224 5315.52
 0.63236 5319.48
 0.63248 5323.43
 0.6326 5327.37
 0.63272 5331.31
 0.63284 5335.25
 0.63296 5339.18
 0.63308 5343.11
 0.6332 5347.03
 0.63332 5350.95
 0.63344 5354.86
 0.63356 5358.77
 0.63368 5362.68
 0.6338 5366.57
 0.63392 5370.47
 0.63404 5374.35
 0.63416 5378.24
 0.63428 5382.11
 0.6344 5385.98
 0.63452 5389.85
 0.63464 5393.7
 0.63476 5397.55
 0.63488 5401.4
 0.635 5405.24
 0.63512 5409.07
 0.63524 5412.89
 0.63536 5416.71
 0.63548 5420.52
 0.6356 5424.32
 0.63572 5428.11
 0.63584 5431.9
 0.63596 5435.68
 0.63608 5439.45
 0.6362 5443.22
 0.63632 5446.98
 0.63644 5450.73
 0.63656 5454.47
 0.63668 5458.21
 0.6368 5461.94
 0.63692 5465.66
 0.63704 5469.37
 0.63716 5473.08
 0.63728 5476.77
 0.6374 5480.46
 0.63752 5484.14
 0.63764 5487.81
 0.63776 5491.48
 0.63788 5495.13
 0.638 5498.78
 0.63812 5502.41
 0.63824 5506.04
 0.63836 5509.66
 0.63848 5513.27
 0.6386 5516.86
 0.63872 5520.45
 0.63884 5524.02
 0.63896 5527.59
 0.63908 5531.14
 0.6392 5534.68
 0.63932 5538.2
 0.63944 5541.72
 0.63956 5545.22
 0.63968 5548.71
 0.6398 5552.18
 0.63992 5555.64
 0.64004 5559.09
 0.64016 5562.53
 0.64028 5565.95
 0.6404 5569.36
 0.64052 5572.76
 0.64064 5576.14
 0.64076 5579.51
 0.64088 5582.86
 0.641 5586.2
 0.64112 5589.53
 0.64124 5592.84
 0.64136 5596.14
 0.64148 5599.43
 0.6416 5602.7
 0.64172 5605.96
 0.64184 5609.2
 0.64196 5612.43
 0.64208 5615.64
 0.6422 5618.84
 0.64232 5622.02
 0.64244 5625.18
 0.64256 5628.32
 0.64268 5631.45
 0.6428 5634.57
 0.64292 5637.66
 0.64304 5640.74
 0.64316 5643.79
 0.64328 5646.83
 0.6434 5649.85
 0.64352 5652.85
 0.64364 5655.82
 0.64376 5658.78
 0.64388 5661.72
 0.644 5664.63
 0.64412 5667.52
 0.64424 5670.39
 0.64436 5673.24
 0.64448 5676.06
 0.6446 5678.86
 0.64472 5681.64
 0.64484 5684.39
 0.64496 5687.12
 0.64508 5689.82
 0.6452 5692.5
 0.64532 5695.15
 0.64544 5697.77
 0.64556 5700.37
 0.64568 5702.94
 0.6458 5705.48
 0.64592 5708
 0.64604 5710.49
 0.64616 5712.95
 0.64628 5715.39
 0.6464 5717.8
 0.64652 5720.17
 0.64664 5722.53
 0.64676 5724.85
 0.64688 5727.14
 0.647 5729.4
 0.64712 5731.64
 0.64724 5733.84
 0.64736 5736.01
 0.64748 5738.16
 0.6476 5740.27
 0.64772 5742.35
 0.64784 5744.4
 0.64796 5746.42
 0.64808 5748.4
 0.6482 5750.35
 0.64832 5752.27
 0.64844 5754.15
 0.64856 5756
 0.64868 5757.82
 0.6488 5759.6
 0.64892 5761.34
 0.64904 5763.05
 0.64916 5764.72
 0.64928 5766.36
 0.6494 5767.96
 0.64952 5769.52
 0.64964 5771.05
 0.64976 5772.54
 0.64988 5773.99
 0.65 5775.4
 0.65012 5776.78
 0.65024 5778.11
 0.65036 5779.41
 0.65048 5780.68
 0.6506 5781.9
 0.65072 5783.08
 0.65084 5784.22
 0.65096 5785.33
 0.65108 5786.4
 0.6512 5787.42
 0.65132 5788.41
 0.65144 5789.35
 0.65156 5790.26
 0.65168 5791.13
 0.6518 5791.96
 0.65192 5792.74
 0.65204 5793.49
 0.65216 5794.2
 0.65228 5794.87
 0.6524 5795.5
 0.65252 5796.08
 0.65264 5796.63
 0.65276 5797.14
 0.65288 5797.61
 0.653 5798.04
 0.65312 5798.42
 0.65324 5798.77
 0.65336 5799.08
 0.65348 5799.34
 0.6536 5799.57
 0.65372 5799.75
 0.65384 5799.9
 0.65396 5800
 0.65408 5800.07
 0.6542 5800.09
 0.65432 5800.07
 0.65444 5800.01
 0.65456 5799.92
 0.65468 5799.78
 0.6548 5799.6
 0.65492 5799.38
 0.65504 5799.12
 0.65516 5798.82
 0.65528 5798.48
 0.6554 5798.11
 0.65552 5797.69
 0.65564 5797.23
 0.65576 5796.74
 0.65588 5796.21
 0.656 5795.64
 0.65612 5795.03
 0.65624 5794.38
 0.65636 5793.7
 0.65648 5792.98
 0.6566 5792.22
 0.65672 5791.43
 0.65684 5790.6
 0.65696 5789.73
 0.65708 5788.83
 0.6572 5787.89
 0.65732 5786.92
 0.65744 5785.91
 0.65756 5784.87
 0.65768 5783.79
 0.6578 5782.68
 0.65792 5781.53
 0.65804 5780.35
 0.65816 5779.14
 0.65828 5777.89
 0.6584 5776.61
 0.65852 5775.3
 0.65864 5773.96
 0.65876 5772.58
 0.65888 5771.17
 0.659 5769.73
 0.65912 5768.25
 0.65924 5766.75
 0.65936 5765.21
 0.65948 5763.64
 0.6596 5762.04
 0.65972 5760.41
 0.65984 5758.75
 0.65996 5757.06
 0.66008 5755.34
 0.6602 5753.59
 0.66032 5751.81
 0.66044 5750
 0.66056 5748.17
 0.66068 5746.31
 0.6608 5744.42
 0.66092 5742.5
 0.66104 5740.55
 0.66116 5738.58
 0.66128 5736.59
 0.6614 5734.56
 0.66152 5732.52
 0.66164 5730.44
 0.66176 5728.34
 0.66188 5726.21
 0.662 5724.06
 0.66212 5721.89
 0.66224 5719.69
 0.66236 5717.46
 0.66248 5715.21
 0.6626 5712.93
 0.66272 5710.63
 0.66284 5708.3
 0.66296 5705.95
 0.66308 5703.57
 0.6632 5701.17
 0.66332 5698.74
 0.66344 5696.29
 0.66356 5693.81
 0.66368 5691.31
 0.6638 5688.78
 0.66392 5686.23
 0.66404 5683.65
 0.66416 5681.05
 0.66428 5678.42
 0.6644 5675.77
 0.66452 5673.1
 0.66464 5670.4
 0.66476 5667.68
 0.66488 5664.94
 0.665 5662.17
 0.66512 5659.38
 0.66524 5656.57
 0.66536 5653.73
 0.66548 5650.87
 0.6656 5647.99
 0.66572 5645.09
 0.66584 5642.17
 0.66596 5639.22
 0.66608 5636.25
 0.6662 5633.26
 0.66632 5630.25
 0.66644 5627.22
 0.66656 5624.17
 0.66668 5621.1
 0.6668 5618
 0.66692 5614.89
 0.66704 5611.76
 0.66716 5608.6
 0.66728 5605.43
 0.6674 5602.24
 0.66752 5599.02
 0.66764 5595.79
 0.66776 5592.54
 0.66788 5589.26
 0.668 5585.97
 0.66812 5582.66
 0.66824 5579.33
 0.66836 5575.98
 0.66848 5572.62
 0.6686 5569.23
 0.66872 5565.83
 0.66884 5562.41
 0.66896 5558.98
 0.66908 5555.53
 0.6692 5552.06
 0.66932 5548.58
 0.66944 5545.08
 0.66956 5541.56
 0.66968 5538.04
 0.6698 5534.49
 0.66992 5530.94
 0.67004 5527.36
 0.67016 5523.78
 0.67028 5520.18
 0.6704 5516.57
 0.67052 5512.94
 0.67064 5509.3
 0.67076 5505.65
 0.67088 5501.99
 0.671 5498.31
 0.67112 5494.62
 0.67124 5490.91
 0.67136 5487.19
 0.67148 5483.46
 0.6716 5479.72
 0.67172 5475.97
 0.67184 5472.2
 0.67196 5468.43
 0.67208 5464.64
 0.6722 5460.84
 0.67232 5457.04
 0.67244 5453.22
 0.67256 5449.39
 0.67268 5445.56
 0.6728 5441.72
 0.67292 5437.87
 0.67304 5434.01
 0.67316 5430.14
 0.67328 5426.27
 0.6734 5422.39
 0.67352 5418.51
 0.67364 5414.62
 0.67376 5410.73
 0.67388 5406.83
 0.674 5402.92
 0.67412 5399.02
 0.67424 5395.1
 0.67436 5391.19
 0.67448 5387.27
 0.6746 5383.35
 0.67472 5379.43
 0.67484 5375.51
 0.67496 5371.59
 0.67508 5367.66
 0.6752 5363.74
 0.67532 5359.81
 0.67544 5355.89
 0.67556 5351.96
 0.67568 5348.04
 0.6758 5344.12
 0.67592 5340.2
 0.67604 5336.28
 0.67616 5332.36
 0.67628 5328.45
 0.6764 5324.54
 0.67652 5320.63
 0.67664 5316.72
 0.67676 5312.82
 0.67688 5308.92
 0.677 5305.02
 0.67712 5301.13
 0.67724 5297.25
 0.67736 5293.36
 0.67748 5289.49
 0.6776 5285.62
 0.67772 5281.76
 0.67784 5277.9
 0.67796 5274.05
 0.67808 5270.22
 0.6782 5266.38
 0.67832 5262.56
 0.67844 5258.75
 0.67856 5254.95
 0.67868 5251.16
 0.6788 5247.38
 0.67892 5243.62
 0.67904 5239.86
 0.67916 5236.12
 0.67928 5232.4
 0.6794 5228.68
 0.67952 5224.98
 0.67964 5221.29
 0.67976 5217.62
 0.67988 5213.96
 0.68 5210.32
 0.68012 5206.7
 0.68024 5203.08
 0.68036 5199.49
 0.68048 5195.91
 0.6806 5192.35
 0.68072 5188.81
 0.68084 5185.29
 0.68096 5181.78
 0.68108 5178.3
 0.6812 5174.83
 0.68132 5171.38
 0.68144 5167.96
 0.68156 5164.55
 0.68168 5161.17
 0.6818 5157.8
 0.68192 5154.46
 0.68204 5151.14
 0.68216 5147.85
 0.68228 5144.58
 0.6824 5141.33
 0.68252 5138.1
 0.68264 5134.9
 0.68276 5131.72
 0.68288 5128.57
 0.683 5125.44
 0.68312 5122.34
 0.68324 5119.27
 0.68336 5116.22
 0.68348 5113.19
 0.6836 5110.2
 0.68372 5107.23
 0.68384 5104.28
 0.68396 5101.37
 0.68408 5098.48
 0.6842 5095.62
 0.68432 5092.8
 0.68444 5089.99
 0.68456 5087.22
 0.68468 5084.48
 0.6848 5081.77
 0.68492 5079.09
 0.68504 5076.43
 0.68516 5073.81
 0.68528 5071.22
 0.6854 5068.65
 0.68552 5066.12
 0.68564 5063.62
 0.68576 5061.15
 0.68588 5058.71
 0.686 5056.29
 0.68612 5053.91
 0.68624 5051.57
 0.68636 5049.25
 0.68648 5046.96
 0.6866 5044.71
 0.68672 5042.48
 0.68684 5040.29
 0.68696 5038.13
 0.68708 5036
 0.6872 5033.9
 0.68732 5031.84
 0.68744 5029.8
 0.68756 5027.8
 0.68768 5025.83
 0.6878 5023.89
 0.68792 5021.99
 0.68804 5020.12
 0.68816 5018.28
 0.68828 5016.47
 0.6884 5014.7
 0.68852 5012.96
 0.68864 5011.25
 0.68876 5009.57
 0.68888 5007.93
 0.689 5006.32
 0.68912 5004.75
 0.68924 5003.21
 0.68936 5001.7
 0.68948 5000.23
 0.6896 4998.79
 0.68972 4997.38
 0.68984 4996.01
 0.68996 4994.67
 0.69008 4993.36
 0.6902 4992.09
 0.69032 4990.85
 0.69044 4989.64
 0.69056 4988.47
 0.69068 4987.32
 0.6908 4986.22
 0.69092 4985.14
 0.69104 4984.1
 0.69116 4983.09
 0.69128 4982.11
 0.6914 4981.17
 0.69152 4980.25
 0.69164 4979.37
 0.69176 4978.53
 0.69188 4977.71
 0.692 4976.93
 0.69212 4976.18
 0.69224 4975.47
 0.69236 4974.79
 0.69248 4974.14
 0.6926 4973.52
 0.69272 4972.94
 0.69284 4972.39
 0.69296 4971.87
 0.69308 4971.38
 0.6932 4970.93
 0.69332 4970.52
 0.69344 4970.13
 0.69356 4969.78
 0.69368 4969.46
 0.6938 4969.18
 0.69392 4968.93
 0.69404 4968.71
 0.69416 4968.52
 0.69428 4968.37
 0.6944 4968.25
 0.69452 4968.16
 0.69464 4968.11
 0.69476 4968.09
 0.69488 4968.1
 0.695 4968.14
 0.69512 4968.21
 0.69524 4968.32
 0.69536 4968.46
 0.69548 4968.63
 0.6956 4968.84
 0.69572 4969.07
 0.69584 4969.33
 0.69596 4969.63
 0.69608 4969.95
 0.6962 4970.31
 0.69632 4970.69
 0.69644 4971.1
 0.69656 4971.55
 0.69668 4972.02
 0.6968 4972.52
 0.69692 4973.04
 0.69704 4973.6
 0.69716 4974.19
 0.69728 4974.8
 0.6974 4975.44
 0.69752 4976.11
 0.69764 4976.81
 0.69776 4977.54
 0.69788 4978.3
 0.698 4979.08
 0.69812 4979.9
 0.69824 4980.74
 0.69836 4981.61
 0.69848 4982.51
 0.6986 4983.44
 0.69872 4984.39
 0.69884 4985.38
 0.69896 4986.39
 0.69908 4987.43
 0.6992 4988.49
 0.69932 4989.59
 0.69944 4990.71
 0.69956 4991.85
 0.69968 4993.02
 0.6998 4994.22
 0.69992 4995.45
 0.70004 4996.69
 0.70016 4997.97
 0.70028 4999.27
 0.7004 5000.59
 0.70052 5001.94
 0.70064 5003.32
 0.70076 5004.72
 0.70088 5006.14
 0.701 5007.59
 0.70112 5009.07
 0.70124 5010.57
 0.70136 5012.1
 0.70148 5013.65
 0.7016 5015.22
 0.70172 5016.82
 0.70184 5018.44
 0.70196 5020.09
 0.70208 5021.76
 0.7022 5023.45
 0.70232 5025.16
 0.70244 5026.9
 0.70256 5028.66
 0.70268 5030.44
 0.7028 5032.24
 0.70292 5034.06
 0.70304 5035.9
 0.70316 5037.76
 0.70328 5039.65
 0.7034 5041.55
 0.70352 5043.47
 0.70364 5045.41
 0.70376 5047.37
 0.70388 5049.35
 0.704 5051.34
 0.70412 5053.36
 0.70424 5055.39
 0.70436 5057.44
 0.70448 5059.5
 0.7046 5061.58
 0.70472 5063.68
 0.70484 5065.8
 0.70496 5067.93
 0.70508 5070.08
 0.7052 5072.24
 0.70532 5074.42
 0.70544 5076.62
 0.70556 5078.83
 0.70568 5081.05
 0.7058 5083.29
 0.70592 5085.55
 0.70604 5087.82
 0.70616 5090.1
 0.70628 5092.39
 0.7064 5094.7
 0.70652 5097.03
 0.70664 5099.37
 0.70676 5101.71
 0.70688 5104.08
 0.707 5106.45
 0.70712 5108.84
 0.70724 5111.24
 0.70736 5113.65
 0.70748 5116.07
 0.7076 5118.51
 0.70772 5120.95
 0.70784 5123.41
 0.70796 5125.87
 0.70808 5128.35
 0.7082 5130.83
 0.70832 5133.32
 0.70844 5135.82
 0.70856 5138.33
 0.70868 5140.85
 0.7088 5143.37
 0.70892 5145.9
 0.70904 5148.44
 0.70916 5150.98
 0.70928 5153.53
 0.7094 5156.09
 0.70952 5158.66
 0.70964 5161.23
 0.70976 5163.8
 0.70988 5166.39
 0.71 5168.97
 0.71012 5171.57
 0.71024 5174.17
 0.71036 5176.77
 0.71048 5179.38
 0.7106 5181.99
 0.71072 5184.61
 0.71084 5187.23
 0.71096 5189.85
 0.71108 5192.48
 0.7112 5195.11
 0.71132 5197.74
 0.71144 5200.37
 0.71156 5203.01
 0.71168 5205.64
 0.7118 5208.27
 0.71192 5210.91
 0.71204 5213.54
 0.71216 5216.18
 0.71228 5218.81
 0.7124 5221.44
 0.71252 5224.06
 0.71264 5226.69
 0.71276 5229.32
 0.71288 5231.94
 0.713 5234.56
 0.71312 5237.17
 0.71324 5239.79
 0.71336 5242.4
 0.71348 5245
 0.7136 5247.61
 0.71372 5250.21
 0.71384 5252.8
 0.71396 5255.39
 0.71408 5257.97
 0.7142 5260.55
 0.71432 5263.12
 0.71444 5265.68
 0.71456 5268.24
 0.71468 5270.79
 0.7148 5273.33
 0.71492 5275.87
 0.71504 5278.4
 0.71516 5280.91
 0.71528 5283.42
 0.7154 5285.92
 0.71552 5288.42
 0.71564 5290.9
 0.71576 5293.37
 0.71588 5295.83
 0.716 5298.28
 0.71612 5300.72
 0.71624 5303.15
 0.71636 5305.57
 0.71648 5307.97
 0.7166 5310.37
 0.71672 5312.75
 0.71684 5315.11
 0.71696 5317.47
 0.71708 5319.81
 0.7172 5322.14
 0.71732 5324.45
 0.71744 5326.76
 0.71756 5329.04
 0.71768 5331.31
 0.7178 5333.57
 0.71792 5335.81
 0.71804 5338.04
 0.71816 5340.25
 0.71828 5342.45
 0.7184 5344.63
 0.71852 5346.79
 0.71864 5348.94
 0.71876 5351.07
 0.71888 5353.19
 0.719 5355.28
 0.71912 5357.36
 0.71924 5359.42
 0.71936 5361.47
 0.71948 5363.49
 0.7196 5365.5
 0.71972 5367.49
 0.71984 5369.46
 0.71996 5371.41
 0.72008 5373.34
 0.7202 5375.25
 0.72032 5377.15
 0.72044 5379.02
 0.72056 5380.88
 0.72068 5382.71
 0.7208 5384.53
 0.72092 5386.32
 0.72104 5388.1
 0.72116 5389.85
 0.72128 5391.58
 0.7214 5393.29
 0.72152 5394.98
 0.72164 5396.65
 0.72176 5398.3
 0.72188 5399.92
 0.722 5401.53
 0.72212 5403.11
 0.72224 5404.67
 0.72236 5406.2
 0.72248 5407.71
 0.7226 5409.2
 0.72272 5410.67
 0.72284 5412.11
 0.72296 5413.53
 0.72308 5414.92
 0.7232 5416.29
 0.72332 5417.64
 0.72344 5418.96
 0.72356 5420.26
 0.72368 5421.53
 0.7238 5422.77
 0.72392 5423.99
 0.72404 5425.19
 0.72416 5426.36
 0.72428 5427.5
 0.7244 5428.62
 0.72452 5429.71
 0.72464 5430.78
 0.72476 5431.82
 0.72488 5432.83
 0.725 5433.82
 0.72512 5434.78
 0.72524 5435.71
 0.72536 5436.62
 0.72548 5437.49
 0.7256 5438.35
 0.72572 5439.18
 0.72584 5439.98
 0.72596 5440.75
 0.72608 5441.5
 0.7262 5442.23
 0.72632 5442.93
 0.72644 5443.6
 0.72656 5444.25
 0.72668 5444.87
 0.7268 5445.47
 0.72692 5446.05
 0.72704 5446.59
 0.72716 5447.12
 0.72728 5447.61
 0.7274 5448.09
 0.72752 5448.53
 0.72764 5448.95
 0.72776 5449.35
 0.72788 5449.72
 0.728 5450.06
 0.72812 5450.38
 0.72824 5450.67
 0.72836 5450.93
 0.72848 5451.16
 0.7286 5451.37
 0.72872 5451.55
 0.72884 5451.71
 0.72896 5451.83
 0.72908 5451.93
 0.7292 5452
 0.72932 5452.04
 0.72944 5452.06
 0.72956 5452.04
 0.72968 5452.01
 0.7298 5451.94
 0.72992 5451.85
 0.73004 5451.73
 0.73016 5451.58
 0.73028 5451.41
 0.7304 5451.21
 0.73052 5450.99
 0.73064 5450.73
 0.73076 5450.46
 0.73088 5450.15
 0.731 5449.82
 0.73112 5449.46
 0.73124 5449.08
 0.73136 5448.66
 0.73148 5448.23
 0.7316 5447.76
 0.73172 5447.27
 0.73184 5446.76
 0.73196 5446.22
 0.73208 5445.65
 0.7322 5445.06
 0.73232 5444.44
 0.73244 5443.81
 0.73256 5443.14
 0.73268 5442.46
 0.7328 5441.75
 0.73292 5441.01
 0.73304 5440.26
 0.73316 5439.48
 0.73328 5438.68
 0.7334 5437.86
 0.73352 5437.02
 0.73364 5436.16
 0.73376 5435.27
 0.73388 5434.37
 0.734 5433.44
 0.73412 5432.5
 0.73424 5431.53
 0.73436 5430.54
 0.73448 5429.54
 0.7346 5428.51
 0.73472 5427.46
 0.73484 5426.39
 0.73496 5425.3
 0.73508 5424.19
 0.7352 5423.06
 0.73532 5421.91
 0.73544 5420.74
 0.73556 5419.54
 0.73568 5418.33
 0.7358 5417.1
 0.73592 5415.85
 0.73604 5414.58
 0.73616 5413.28
 0.73628 5411.97
 0.7364 5410.64
 0.73652 5409.28
 0.73664 5407.91
 0.73676 5406.52
 0.73688 5405.11
 0.737 5403.67
 0.73712 5402.22
 0.73724 5400.75
 0.73736 5399.26
 0.73748 5397.75
 0.7376 5396.22
 0.73772 5394.67
 0.73784 5393.1
 0.73796 5391.51
 0.73808 5389.91
 0.7382 5388.28
 0.73832 5386.64
 0.73844 5384.98
 0.73856 5383.3
 0.73868 5381.6
 0.7388 5379.88
 0.73892 5378.15
 0.73904 5376.39
 0.73916 5374.62
 0.73928 5372.83
 0.7394 5371.02
 0.73952 5369.2
 0.73964 5367.35
 0.73976 5365.49
 0.73988 5363.6
 0.74 5361.7
 0.74012 5359.78
 0.74024 5357.85
 0.74036 5355.89
 0.74048 5353.92
 0.7406 5351.92
 0.74072 5349.91
 0.74084 5347.88
 0.74096 5345.84
 0.74108 5343.78
 0.7412 5341.7
 0.74132 5339.6
 0.74144 5337.49
 0.74156 5335.36
 0.74168 5333.22
 0.7418 5331.06
 0.74192 5328.88
 0.74204 5326.69
 0.74216 5324.49
 0.74228 5322.27
 0.7424 5320.04
 0.74252 5317.8
 0.74264 5315.53
 0.74276 5313.26
 0.74288 5310.97
 0.743 5308.67
 0.74312 5306.36
 0.74324 5304.03
 0.74336 5301.69
 0.74348 5299.33
 0.7436 5296.97
 0.74372 5294.59
 0.74384 5292.2
 0.74396 5289.8
 0.74408 5287.39
 0.7442 5284.97
 0.74432 5282.54
 0.74444 5280.1
 0.74456 5277.66
 0.74468 5275.2
 0.7448 5272.74
 0.74492 5270.27
 0.74504 5267.8
 0.74516 5265.32
 0.74528 5262.83
 0.7454 5260.34
 0.74552 5257.85
 0.74564 5255.36
 0.74576 5252.86
 0.74588 5250.36
 0.746 5247.86
 0.74612 5245.36
 0.74624 5242.86
 0.74636 5240.36
 0.74648 5237.86
 0.7466 5235.37
 0.74672 5232.87
 0.74684 5230.38
 0.74696 5227.89
 0.74708 5225.4
 0.7472 5222.91
 0.74732 5220.44
 0.74744 5217.96
 0.74756 5215.49
 0.74768 5213.03
 0.7478 5210.57
 0.74792 5208.12
 0.74804 5205.67
 0.74816 5203.24
 0.74828 5200.81
 0.7484 5198.38
 0.74852 5195.97
 0.74864 5193.56
 0.74876 5191.17
 0.74888 5188.78
 0.749 5186.4
 0.74912 5184.04
 0.74924 5181.68
 0.74936 5179.34
 0.74948 5177.01
 0.7496 5174.68
 0.74972 5172.38
 0.74984 5170.08
 0.74996 5167.8
 0.75008 5165.53
 0.7502 5163.27
 0.75032 5161.03
 0.75044 5158.81
 0.75056 5156.6
 0.75068 5154.4
 0.7508 5152.22
 0.75092 5150.06
 0.75104 5147.91
 0.75116 5145.77
 0.75128 5143.66
 0.7514 5141.56
 0.75152 5139.48
 0.75164 5137.42
 0.75176 5135.37
 0.75188 5133.34
 0.752 5131.33
 0.75212 5129.34
 0.75224 5127.37
 0.75236 5125.42
 0.75248 5123.48
 0.7526 5121.57
 0.75272 5119.68
 0.75284 5117.8
 0.75296 5115.95
 0.75308 5114.11
 0.7532 5112.3
 0.75332 5110.51
 0.75344 5108.74
 0.75356 5106.99
 0.75368 5105.26
 0.7538 5103.56
 0.75392 5101.87
 0.75404 5100.21
 0.75416 5098.58
 0.75428 5096.96
 0.7544 5095.37
 0.75452 5093.81
 0.75464 5092.26
 0.75476 5090.74
 0.75488 5089.25
 0.755 5087.78
 0.75512 5086.34
 0.75524 5084.92
 0.75536 5083.53
 0.75548 5082.16
 0.7556 5080.81
 0.75572 5079.5
 0.75584 5078.21
 0.75596 5076.94
 0.75608 5075.7
 0.7562 5074.48
 0.75632 5073.29
 0.75644 5072.13
 0.75656 5070.99
 0.75668 5069.88
 0.7568 5068.8
 0.75692 5067.74
 0.75704 5066.71
 0.75716 5065.7
 0.75728 5064.72
 0.7574 5063.77
 0.75752 5062.85
 0.75764 5061.95
 0.75776 5061.08
 0.75788 5060.23
 0.758 5059.42
 0.75812 5058.63
 0.75824 5057.87
 0.75836 5057.14
 0.75848 5056.44
 0.7586 5055.77
 0.75872 5055.13
 0.75884 5054.52
 0.75896 5053.94
 0.75908 5053.39
 0.7592 5052.87
 0.75932 5052.39
 0.75944 5051.93
 0.75956 5051.5
 0.75968 5051.11
 0.7598 5050.75
 0.75992 5050.42
 0.76004 5050.12
 0.76016 5049.85
 0.76028 5049.61
 0.7604 5049.41
 0.76052 5049.23
 0.76064 5049.09
 0.76076 5048.98
 0.76088 5048.9
 0.761 5048.85
 0.76112 5048.84
 0.76124 5048.85
 0.76136 5048.9
 0.76148 5048.98
 0.7616 5049.09
 0.76172 5049.24
 0.76184 5049.42
 0.76196 5049.62
 0.76208 5049.86
 0.7622 5050.14
 0.76232 5050.44
 0.76244 5050.77
 0.76256 5051.14
 0.76268 5051.53
 0.7628 5051.95
 0.76292 5052.41
 0.76304 5052.89
 0.76316 5053.4
 0.76328 5053.94
 0.7634 5054.51
 0.76352 5055.1
 0.76364 5055.72
 0.76376 5056.37
 0.76388 5057.05
 0.764 5057.76
 0.76412 5058.49
 0.76424 5059.25
 0.76436 5060.04
 0.76448 5060.85
 0.7646 5061.7
 0.76472 5062.57
 0.76484 5063.47
 0.76496 5064.4
 0.76508 5065.35
 0.7652 5066.34
 0.76532 5067.35
 0.76544 5068.39
 0.76556 5069.46
 0.76568 5070.56
 0.7658 5071.68
 0.76592 5072.84
 0.76604 5074.02
 0.76616 5075.23
 0.76628 5076.47
 0.7664 5077.74
 0.76652 5079.04
 0.76664 5080.36
 0.76676 5081.72
 0.76688 5083.1
 0.767 5084.52
 0.76712 5085.96
 0.76724 5087.44
 0.76736 5088.94
 0.76748 5090.47
 0.7676 5092.03
 0.76772 5093.62
 0.76784 5095.24
 0.76796 5096.89
 0.76808 5098.57
 0.7682 5100.28
 0.76832 5102.01
 0.76844 5103.78
 0.76856 5105.57
 0.76868 5107.4
 0.7688 5109.25
 0.76892 5111.13
 0.76904 5113.04
 0.76916 5114.98
 0.76928 5116.94
 0.7694 5118.94
 0.76952 5120.96
 0.76964 5123.02
 0.76976 5125.1
 0.76988 5127.21
 0.77 5129.35
 0.77012 5131.52
 0.77024 5133.72
 0.77036 5135.94
 0.77048 5138.2
 0.7706 5140.48
 0.77072 5142.79
 0.77084 5145.13
 0.77096 5147.5
 0.77108 5149.89
 0.7712 5152.32
 0.77132 5154.76
 0.77144 5157.24
 0.77156 5159.75
 0.77168 5162.28
 0.7718 5164.83
 0.77192 5167.41
 0.77204 5170.02
 0.77216 5172.66
 0.77228 5175.32
 0.7724 5178
 0.77252 5180.72
 0.77264 5183.45
 0.77276 5186.21
 0.77288 5189
 0.773 5191.81
 0.77312 5194.65
 0.77324 5197.5
 0.77336 5200.39
 0.77348 5203.29
 0.7736 5206.22
 0.77372 5209.17
 0.77384 5212.15
 0.77396 5215.14
 0.77408 5218.15
 0.7742 5221.19
 0.77432 5224.25
 0.77444 5227.32
 0.77456 5230.41
 0.77468 5233.52
 0.7748 5236.65
 0.77492 5239.8
 0.77504 5242.96
 0.77516 5246.13
 0.77528 5249.33
 0.7754 5252.53
 0.77552 5255.75
 0.77564 5258.98
 0.77576 5262.22
 0.77588 5265.47
 0.776 5268.73
 0.77612 5272.01
 0.77624 5275.29
 0.77636 5278.58
 0.77648 5281.88
 0.7766 5285.19
 0.77672 5288.51
 0.77684 5291.83
 0.77696 5295.16
 0.77708 5298.5
 0.7772 5301.84
 0.77732 5305.18
 0.77744 5308.53
 0.77756 5311.88
 0.77768 5315.23
 0.7778 5318.59
 0.77792 5321.94
 0.77804 5325.3
 0.77816 5328.66
 0.77828 5332.02
 0.7784 5335.38
 0.77852 5338.73
 0.77864 5342.09
 0.77876 5345.44
 0.77888 5348.79
 0.779 5352.13
 0.77912 5355.48
 0.77924 5358.81
 0.77936 5362.15
 0.77948 5365.47
 0.7796 5368.79
 0.77972 5372.11
 0.77984 5375.42
 0.77996 5378.72
 0.78008 5382.01
 0.7802 5385.3
 0.78032 5388.57
 0.78044 5391.84
 0.78056 5395.1
 0.78068 5398.35
 0.7808 5401.59
 0.78092 5404.81
 0.78104 5408.03
 0.78116 5411.24
 0.78128 5414.44
 0.7814 5417.63
 0.78152 5420.8
 0.78164 5423.97
 0.78176 5427.13
 0.78188 5430.27
 0.782 5433.4
 0.78212 5436.52
 0.78224 5439.63
 0.78236 5442.73
 0.78248 5445.82
 0.7826 5448.9
 0.78272 5451.96
 0.78284 5455.01
 0.78296 5458.05
 0.78308 5461.08
 0.7832 5464.09
 0.78332 5467.09
 0.78344 5470.08
 0.78356 5473.06
 0.78368 5476.02
 0.7838 5478.97
 0.78392 5481.9
 0.78404 5484.82
 0.78416 5487.72
 0.78428 5490.61
 0.7844 5493.48
 0.78452 5496.34
 0.78464 5499.18
 0.78476 5502
 0.78488 5504.81
 0.785 5507.6
 0.78512 5510.37
 0.78524 5513.13
 0.78536 5515.86
 0.78548 5518.58
 0.7856 5521.28
 0.78572 5523.96
 0.78584 5526.62
 0.78596 5529.27
 0.78608 5531.89
 0.7862 5534.49
 0.78632 5537.08
 0.78644 5539.64
 0.78656 5542.18
 0.78668 5544.71
 0.7868 5547.21
 0.78692 5549.69
 0.78704 5552.15
 0.78716 5554.59
 0.78728 5557.01
 0.7874 5559.41
 0.78752 5561.78
 0.78764 5564.13
 0.78776 5566.46
 0.78788 5568.77
 0.788 5571.05
 0.78812 5573.31
 0.78824 5575.55
 0.78836 5577.76
 0.78848 5579.95
 0.7886 5582.11
 0.78872 5584.24
 0.78884 5586.36
 0.78896 5588.44
 0.78908 5590.5
 0.7892 5592.53
 0.78932 5594.54
 0.78944 5596.51
 0.78956 5598.46
 0.78968 5600.39
 0.7898 5602.28
 0.78992 5604.14
 0.79004 5605.98
 0.79016 5607.79
 0.79028 5609.57
 0.7904 5611.32
 0.79052 5613.05
 0.79064 5614.74
 0.79076 5616.4
 0.79088 5618.04
 0.791 5619.64
 0.79112 5621.22
 0.79124 5622.76
 0.79136 5624.28
 0.79148 5625.76
 0.7916 5627.22
 0.79172 5628.64
 0.79184 5630.03
 0.79196 5631.39
 0.79208 5632.72
 0.7922 5634.02
 0.79232 5635.29
 0.79244 5636.53
 0.79256 5637.74
 0.79268 5638.92
 0.7928 5640.07
 0.79292 5641.2
 0.79304 5642.29
 0.79316 5643.36
 0.79328 5644.4
 0.7934 5645.41
 0.79352 5646.39
 0.79364 5647.35
 0.79376 5648.28
 0.79388 5649.19
 0.794 5650.06
 0.79412 5650.92
 0.79424 5651.74
 0.79436 5652.54
 0.79448 5653.31
 0.7946 5654.06
 0.79472 5654.78
 0.79484 5655.47
 0.79496 5656.14
 0.79508 5656.79
 0.7952 5657.4
 0.79532 5657.99
 0.79544 5658.56
 0.79556 5659.1
 0.79568 5659.62
 0.7958 5660.11
 0.79592 5660.57
 0.79604 5661.01
 0.79616 5661.42
 0.79628 5661.81
 0.7964 5662.17
 0.79652 5662.51
 0.79664 5662.81
 0.79676 5663.09
 0.79688 5663.35
 0.797 5663.57
 0.79712 5663.77
 0.79724 5663.95
 0.79736 5664.09
 0.79748 5664.21
 0.7976 5664.3
 0.79772 5664.37
 0.79784 5664.4
 0.79796 5664.41
 0.79808 5664.39
 0.7982 5664.35
 0.79832 5664.27
 0.79844 5664.17
 0.79856 5664.04
 0.79868 5663.89
 0.7988 5663.7
 0.79892 5663.49
 0.79904 5663.25
 0.79916 5662.98
 0.79928 5662.69
 0.7994 5662.37
 0.79952 5662.02
 0.79964 5661.64
 0.79976 5661.23
 0.79988 5660.8
