 0.2 147222
 0.20012 161200
 0.20024 175865
 0.20036 190438
 0.20048 204238
 0.2006 216878
 0.20072 228058
 0.20084 237488
 0.20096 245005
 0.20108 250517
 0.2012 254313
 0.20132 256818
 0.20144 258417
 0.20156 259519
 0.20168 260476
 0.2018 261579
 0.20192 262959
 0.20204 264519
 0.20216 265897
 0.20228 266613
 0.2024 266373
 0.20252 264849
 0.20264 261649
 0.20276 256500
 0.20288 249210
 0.203 239842
 0.20312 228871
 0.20324 216795
 0.20336 204140
 0.20348 191305
 0.2036 178775
 0.20372 167035
 0.20384 156528
 0.20396 147569
 0.20408 140078
 0.2042 133967
 0.20432 129066
 0.20444 125276
 0.20456 122509
 0.20468 120616
 0.2048 119389
 0.20492 118681
 0.20504 118613
 0.20516 119334
 0.20528 121026
 0.2054 123813
 0.20552 127626
 0.20564 132248
 0.20576 137456
 0.20588 143010
 0.206 148510
 0.20612 153516
 0.20624 157394
 0.20636 159503
 0.20648 159563
 0.2066 157637
 0.20672 154051
 0.20684 149178
 0.20696 143444
 0.20708 137331
 0.2072 131746
 0.20732 127875
 0.20744 126555
 0.20756 128207
 0.20768 132720
 0.2078 139882
 0.20792 149463
 0.20804 161193
 0.20816 174184
 0.20828 186794
 0.2084 197398
 0.20852 204766
 0.20864 208300
 0.20876 207786
 0.20888 203051
 0.209 193946
 0.20912 180775
 0.20924 164899
 0.20936 148099
 0.20948 132080
 0.2096 118195
 0.20972 107225
 0.20984 99615.1
 0.20996 95785
 0.21008 96052.9
 0.2102 100142
 0.21032 107246
 0.21044 116291
 0.21056 126171
 0.21068 136046
 0.2108 145609
 0.21092 154623
 0.21104 162774
 0.21116 169731
 0.21128 175323
 0.2114 179724
 0.21152 183275
 0.21164 186294
 0.21176 188791
 0.21188 190752
 0.212 192264
 0.21212 193543
 0.21224 194988
 0.21236 196798
 0.21248 198888
 0.2126 201130
 0.21272 203342
 0.21284 205234
 0.21296 206486
 0.21308 206776
 0.2132 205654
 0.21332 202584
 0.21344 197373
 0.21356 190073
 0.21368 181089
 0.2138 171167
 0.21392 160946
 0.21404 150905
 0.21416 141479
 0.21428 133260
 0.2144 126719
 0.21452 122071
 0.21464 119203
 0.21476 117480
 0.21488 116328
 0.215 115495
 0.21512 114848
 0.21524 114270
 0.21536 113558
 0.21548 112563
 0.2156 111239
 0.21572 109891
 0.21584 108944
 0.21596 108512
 0.21608 108580
 0.2162 108996
 0.21632 109740
 0.21644 110856
 0.21656 112421
 0.21668 114367
 0.2168 116416
 0.21692 118475
 0.21704 120484
 0.21716 122485
 0.21728 124463
 0.2174 126223
 0.21752 127405
 0.21764 127640
 0.21776 126787
 0.21788 124676
 0.218 121111
 0.21812 116011
 0.21824 109313
 0.21836 101191
 0.21848 92160.6
 0.2186 82955.1
 0.21872 74213.4
 0.21884 66518.8
 0.21896 60555.7
 0.21908 56822.6
 0.2192 55663.8
 0.21932 57194.3
 0.21944 61122.9
 0.21956 66833.6
 0.21968 73595.9
 0.2198 80697.1
 0.21992 87358.6
 0.22004 92854.9
 0.22016 96659.7
 0.22028 98504.6
 0.2204 98439.6
 0.22052 96799
 0.22064 94093.1
 0.22076 90870.7
 0.22088 87653.2
 0.221 84840.1
 0.22112 82748.4
 0.22124 81472.3
 0.22136 80911.6
 0.22148 80789.6
 0.2216 80718.5
 0.22172 80263.9
 0.22184 79020.5
 0.22196 76857.7
 0.22208 73783.9
 0.2222 69945.6
 0.22232 65630.5
 0.22244 61242
 0.22256 57315.9
 0.22268 54460
 0.2228 53281.1
 0.22292 54203.6
 0.22304 57405.4
 0.22316 62909.9
 0.22328 70582.1
 0.2234 80098.1
 0.22352 90941
 0.22364 102439
 0.22376 113899
 0.22388 124698
 0.224 134347
 0.22412 142508
 0.22424 149016
 0.22436 153779
 0.22448 156954
 0.2246 158771
 0.22472 159513
 0.22484 159380
 0.22496 158563
 0.22508 157167
 0.2252 155196
 0.22532 152891
 0.22544 150515
 0.22556 148307
 0.22568 146583
 0.2258 145729
 0.22592 146134
 0.22604 148234
 0.22616 152551
 0.22628 159323
 0.2264 168216
 0.22652 178821
 0.22664 190486
 0.22676 202308
 0.22688 213447
 0.227 223118
 0.22712 230323
 0.22724 234101
 0.22736 234142
 0.22748 230599
 0.2276 224004
 0.22772 215556
 0.22784 206523
 0.22796 197798
 0.22808 190459
 0.2282 185709
 0.22832 184520
 0.22844 187263
 0.22856 193758
 0.22868 202980
 0.2288 213396
 0.22892 223887
 0.22904 233596
 0.22916 241539
 0.22928 246756
 0.2294 248647
 0.22952 247005
 0.22964 242087
 0.22976 234821
 0.22988 226037
 0.23 216125
 0.23012 205478
 0.23024 194512
 0.23036 183458
 0.23048 172448
 0.2306 161830
 0.23072 151751
 0.23084 142258
 0.23096 133658
 0.23108 126209
 0.2312 120098
 0.23132 115523
 0.23144 112747
 0.23156 111544
 0.23168 111378
 0.2318 111751
 0.23192 112177
 0.23204 112333
 0.23216 112024
 0.23228 111162
 0.2324 109617
 0.23252 107613
 0.23264 105720
 0.23276 104561
 0.23288 104494
 0.233 105634
 0.23312 107926
 0.23324 111089
 0.23336 114834
 0.23348 118636
 0.2336 121756
 0.23372 123500
 0.23384 123428
 0.23396 121517
 0.23408 117916
 0.2342 113154
 0.23432 107908
 0.23444 103067
 0.23456 99647.2
 0.23468 98496.7
 0.2348 100241
 0.23492 105109
 0.23504 113049
 0.23516 123633
 0.23528 136088
 0.2354 149379
 0.23552 162328
 0.23564 174008
 0.23576 183735
 0.23588 190965
 0.236 195317
 0.23612 196654
 0.23624 195148
 0.23636 191274
 0.23648 185682
 0.2366 178748
 0.23672 170570
 0.23684 161348
 0.23696 151471
 0.23708 141422
 0.2372 131632
 0.23732 122357
 0.23744 113754
 0.23756 106195
 0.23768 100278
 0.2378 96419.7
 0.23792 94680.1
 0.23804 94866.8
 0.23816 96514
 0.23828 99125.5
 0.2384 102137
 0.23852 104864
 0.23864 106583
 0.23876 106774
 0.23888 105276
 0.239 102013
 0.23912 97197
 0.23924 91215.8
 0.23936 84603.1
 0.23948 78075
 0.2396 72276.6
 0.23972 67663.5
 0.23984 64433.8
 0.23996 62802.3
 0.24008 62977.6
 0.2402 65046.6
 0.24032 69067.3
 0.24044 74795.7
 0.24056 81989.9
 0.24068 90543.3
 0.2408 100395
 0.24092 111328
 0.24104 123028
 0.24116 135133
 0.24128 147126
 0.2414 158538
 0.24152 168967
 0.24164 177817
 0.24176 184483
 0.24188 188710
 0.242 190444
 0.24212 189711
 0.24224 186663
 0.24236 181679
 0.24248 175238
 0.2426 168060
 0.24272 161022
 0.24284 154757
 0.24296 149475
 0.24308 145177
 0.2432 141960
 0.24332 139840
 0.24344 138625
 0.24356 137952
 0.24368 137301
 0.2438 136178
 0.24392 134427
 0.24404 132304
 0.24416 129767
 0.24428 126648
 0.2444 122915
 0.24452 118644
 0.24464 113961
 0.24476 109035
 0.24488 103947
 0.245 98474.5
 0.24512 92726
 0.24524 87065.9
 0.24536 81697.2
 0.24548 76785.8
 0.2456 72508.6
 0.24572 68945.5
 0.24584 66144.6
 0.24596 64264.4
 0.24608 63373.6
 0.2462 63260.2
 0.24632 63872.7
 0.24644 65185.5
 0.24656 67078.1
 0.24668 69560
 0.2468 72811.1
 0.24692 76945.2
 0.24704 81913.2
 0.24716 87616.1
 0.24728 93986.6
 0.2474 100925
 0.24752 108444
 0.24764 116428
 0.24776 124462
 0.24788 132011
 0.248 138622
 0.24812 144140
 0.24824 148402
 0.24836 151126
 0.24848 151888
 0.2486 150351
 0.24872 146445
 0.24884 140335
 0.24896 132430
 0.24908 123052
 0.2492 112478
 0.24932 101141
 0.24944 89697.9
 0.24956 78916.9
 0.24968 69462.6
 0.2498 61978.8
 0.24992 56860.2
 0.25004 54288.6
 0.25016 54347.8
 0.25028 56890.8
 0.2504 61592.6
 0.25052 67906.9
 0.25064 75253.1
 0.25076 82993.7
 0.25088 90472.5
 0.251 97254.7
 0.25112 103120
 0.25124 108224
 0.25136 112898
 0.25148 117713
 0.2516 123274
 0.25172 129930
 0.25184 137983
 0.25196 147707
 0.25208 159143
 0.2522 171933
 0.25232 185519
 0.25244 198960
 0.25256 211158
 0.25268 221460
 0.2528 229492
 0.25292 234820
 0.25304 237026
 0.25316 235996
 0.25328 231792
 0.2534 224849
 0.25352 215960
 0.25364 205680
 0.25376 194375
 0.25388 182627
 0.254 171120
 0.25412 160562
 0.25424 151490
 0.25436 144221
 0.25448 138753
 0.2546 135095
 0.25472 133186
 0.25484 132628
 0.25496 132848
 0.25508 133144
 0.2552 132895
 0.25532 131729
 0.25544 129425
 0.25556 125923
 0.25568 121299
 0.2558 115838
 0.25592 110070
 0.25604 104587
 0.25616 99886.8
 0.25628 96119.6
 0.2564 93336.5
 0.25652 91372.5
 0.25664 89960.8
 0.25676 88862.2
 0.25688 87728.9
 0.257 86157.9
 0.25712 83896.6
 0.25724 81064.2
 0.25736 77877.4
 0.25748 74679.1
 0.2576 71878.4
 0.25772 69739.2
 0.25784 68467.4
 0.25796 68302.7
 0.25808 69397.3
 0.2582 71609.7
 0.25832 74706.1
 0.25844 78488
 0.25856 82658.6
 0.25868 86999.7
 0.2588 91330.8
 0.25892 95416.3
 0.25904 98933.9
 0.25916 101726
 0.25928 103807
 0.2594 105033
 0.25952 105366
 0.25964 104779
 0.25976 103425
 0.25988 101648
 0.26 99986.1
 0.26012 99062.6
 0.26024 99235.6
 0.26036 100884
 0.26048 104450
 0.2606 110345
 0.26072 118665
 0.26084 128998
 0.26096 140717
 0.26108 152975
 0.2612 164931
 0.26132 175978
 0.26144 185445
 0.26156 192609
 0.26168 196952
 0.2618 198602
 0.26192 197940
 0.26204 195470
 0.26216 191786
 0.26228 187359
 0.2624 182474
 0.26252 177326
 0.26264 171989
 0.26276 166267
 0.26288 159760
 0.263 152064
 0.26312 142983
 0.26324 132322
 0.26336 120182
 0.26348 107031
 0.2636 93612
 0.26372 80731.7
 0.26384 69242.7
 0.26396 59956.6
 0.26408 53472.9
 0.2642 50295.9
 0.26432 50742.4
 0.26444 54672.1
 0.26456 61569.2
 0.26468 70736.5
 0.2648 81401.1
 0.26492 92695.1
 0.26504 103759
 0.26516 113790
 0.26528 122018
 0.2654 128028
 0.26552 131702
 0.26564 133177
 0.26576 132701
 0.26588 130798
 0.266 128223
 0.26612 125723
 0.26624 123927
 0.26636 123307
 0.26648 124130
 0.2666 126494
 0.26672 130349
 0.26684 135415
 0.26696 140994
 0.26708 146281
 0.2672 150720
 0.26732 153936
 0.26744 155668
 0.26756 155705
 0.26768 153982
 0.2678 150532
 0.26792 145663
 0.26804 139833
 0.26816 133393
 0.26828 126512
 0.2684 119284
 0.26852 111813
 0.26864 104166
 0.26876 96404.4
 0.26888 88585.8
 0.269 80868
 0.26912 73447.5
 0.26924 66610.6
 0.26936 60664.6
 0.26948 55821.4
 0.2696 52260.6
 0.26972 50084.4
 0.26984 49330.6
 0.26996 49868.1
 0.27008 51455.3
 0.2702 53691.1
 0.27032 56169.5
 0.27044 58630.9
 0.27056 60917.7
 0.27068 63014.4
 0.2708 65061.9
 0.27092 67361.5
 0.27104 70233.2
 0.27116 74129.2
 0.27128 79552.4
 0.2714 86868
 0.27152 96405.2
 0.27164 108382
 0.27176 122715
 0.27188 138895
 0.272 156211
 0.27212 174068
 0.27224 191856
 0.27236 209114
 0.27248 225287
 0.2726 239604
 0.27272 251463
 0.27284 260683
 0.27296 267635
 0.27308 272467
 0.2732 275201
 0.27332 275697
 0.27344 273822
 0.27356 269912
 0.27368 264516
 0.2738 258096
 0.27392 250625
 0.27404 242249
 0.27416 233289
 0.27428 224282
 0.2744 215895
 0.27452 208473
 0.27464 202003
 0.27476 196255
 0.27488 191331
 0.275 187253
 0.27512 183895
 0.27524 180944
 0.27536 177881
 0.27548 174270
 0.2756 169870
 0.27572 164709
 0.27584 158728
 0.27596 151855
 0.27608 144167
 0.2762 135858
 0.27632 127222
 0.27644 118668
 0.27656 110567
 0.27668 103237
 0.2768 96885.4
 0.27692 91616.4
 0.27704 87366.8
 0.27716 84026.2
 0.27728 81518.3
 0.2774 79739.3
 0.27752 78545.2
 0.27764 77697.5
 0.27776 76968.5
 0.27788 76287.4
 0.278 75746.1
 0.27812 75379.8
 0.27824 75160.6
 0.27836 74935.8
 0.27848 74502.1
 0.2786 73766.4
 0.27872 72667.8
 0.27884 71166.5
 0.27896 69119.9
 0.27908 66503
 0.2792 63367.8
 0.27932 59844.8
 0.27944 56233.9
 0.27956 52748.4
 0.27968 49544.7
 0.2798 46706.5
 0.27992 44337.8
 0.28004 42504.8
 0.28016 41194.5
 0.28028 40382.2
 0.2804 39974.3
 0.28052 39866.1
 0.28064 40169.8
 0.28076 41122.3
 0.28088 42992.7
 0.281 45970.7
 0.28112 50269.6
 0.28124 56180.8
 0.28136 63956.5
 0.28148 73726
 0.2816 85397.8
 0.28172 98539.6
 0.28184 112465
 0.28196 126564
 0.28208 140305
 0.2822 152926
 0.28232 163522
 0.28244 171481
 0.28256 176370
 0.28268 178101
 0.2828 177061
 0.28292 173770
 0.28304 168529
 0.28316 161819
 0.28328 154544
 0.2834 147395
 0.28352 140952
 0.28364 135704
 0.28376 131860
 0.28388 129284
 0.284 128063
 0.28412 128348
 0.28424 129917
 0.28436 132604
 0.28448 136303
 0.2846 140691
 0.28472 145319
 0.28484 149925
 0.28496 154325
 0.28508 158110
 0.2852 160977
 0.28532 162639
 0.28544 162710
 0.28556 161147
 0.28568 158289
 0.2858 154601
 0.28592 150316
 0.28604 145734
 0.28616 141301
 0.28628 137476
 0.2864 134798
 0.28652 133573
 0.28664 133677
 0.28676 134695
 0.28688 136355
 0.287 138526
 0.28712 140805
 0.28724 142673
 0.28736 143558
 0.28748 143032
 0.2876 140918
 0.28772 137428
 0.28784 132748
 0.28796 126971
 0.28808 120370
 0.2882 113459
 0.28832 106855
 0.28844 101217
 0.28856 97054.5
 0.28868 94565.8
 0.2888 93853.6
 0.28892 94929.5
 0.28904 97734.4
 0.28916 102032
 0.28928 107353
 0.2894 112931
 0.28952 117995
 0.28964 122039
 0.28976 124654
 0.28988 125630
 0.29 124977
 0.29012 122746
 0.29024 119394
 0.29036 115773
 0.29048 112902
 0.2906 111630
 0.29072 112725
 0.29084 116854
 0.29096 124173
 0.29108 134621
 0.2912 147583
 0.29132 161883
 0.29144 176297
 0.29156 189676
 0.29168 200942
 0.2918 209033
 0.29192 213270
 0.29204 213466
 0.29216 209809
 0.29228 203239
 0.2924 194712
 0.29252 185003
 0.29264 174788
 0.29276 164636
 0.29288 155016
 0.293 146052
 0.29312 137989
 0.29324 130663
 0.29336 123821
 0.29348 117472
 0.2936 111762
 0.29372 106956
 0.29384 103455
 0.29396 101826
 0.29408 102288
 0.2942 104864
 0.29432 109504
 0.29444 115911
 0.29456 123620
 0.29468 132167
 0.2948 141101
 0.29492 149644
 0.29504 157120
 0.29516 163178
 0.29528 167657
 0.2954 170628
 0.29552 172284
 0.29564 172781
 0.29576 172012
 0.29588 169933
 0.296 166727
 0.29612 162472
 0.29624 157181
 0.29636 150716
 0.29648 142942
 0.2966 133860
 0.29672 123610
 0.29684 112813
 0.29696 101993
 0.29708 91739.1
 0.2972 82616.3
 0.29732 75247.9
 0.29744 70227.5
 0.29756 67855.5
 0.29768 68310.4
 0.2978 71349.1
 0.29792 76459.9
 0.29804 82963.2
 0.29816 90089.5
 0.29828 96976.9
 0.2984 102772
 0.29852 106910
 0.29864 109128
 0.29876 109326
 0.29888 107699
 0.299 104652
 0.29912 100857
 0.29924 97106
 0.29936 94210.1
 0.29948 92693
 0.2996 92800.1
 0.29972 94752.1
 0.29984 98704.8
 0.29996 104638
 0.30008 112158
 0.3002 120807
 0.30032 130221
 0.30044 140336
 0.30056 151347
 0.30068 163207
 0.3008 175780
 0.30092 189006
 0.30104 203115
 0.30116 218267
 0.30128 234262
 0.3014 250487
 0.30152 265854
 0.30164 279708
 0.30176 291654
 0.30188 301260
 0.302 307814
 0.30212 310914
 0.30224 310616
 0.30236 307406
 0.30248 302441
 0.3026 296739
 0.30272 290751
 0.30284 284736
 0.30296 279215
 0.30308 274391
 0.3032 269892
 0.30332 265278
 0.30344 259662
 0.30356 251938
 0.30368 241578
 0.3038 228541
 0.30392 212920
 0.30404 195063
 0.30416 175912
 0.30428 156516
 0.3044 137882
 0.30452 121257
 0.30464 107612
 0.30476 97427.6
 0.30488 90925.7
 0.305 87993.2
 0.30512 88209.9
 0.30524 90878.6
 0.30536 95365.9
 0.30548 100980
 0.3056 106961
 0.30572 112890
 0.30584 118518
 0.30596 123875
 0.30608 129052
 0.3062 134205
 0.30632 139590
 0.30644 145435
 0.30656 152167
 0.30668 160098
 0.3068 169196
 0.30692 179046
 0.30704 189098
 0.30716 198854
 0.30728 207666
 0.3074 214842
 0.30752 219611
 0.30764 221151
 0.30776 218873
 0.30788 212805
 0.308 203494
 0.30812 191457
 0.30824 177470
 0.30836 162455
 0.30848 147383
 0.3086 133257
 0.30872 121234
 0.30884 112151
 0.30896 106220
 0.30908 103556
 0.3092 104213
 0.30932 108096
 0.30944 115102
 0.30956 125151
 0.30968 138012
 0.3098 153337
 0.30992 170930
 0.31004 190775
 0.31016 212628
 0.31028 236196
 0.3104 261023
 0.31052 286308
 0.31064 311213
 0.31076 335002
 0.31088 356921
 0.311 376048
 0.31112 391373
 0.31124 402023
 0.31136 407309
 0.31148 407139
 0.3116 401603
 0.31172 390703
 0.31184 374674
 0.31196 354202
 0.31208 330571
 0.3122 305365
 0.31232 280037
 0.31244 255721
 0.31256 233313
 0.31268 213844
 0.3128 198153
 0.31292 186611
 0.31304 179034
 0.31316 174548
 0.31328 172160
 0.3134 170968
 0.31352 170211
 0.31364 169230
 0.31376 167532
 0.31388 164818
 0.314 160839
 0.31412 155801
 0.31424 150363
 0.31436 145221
 0.31448 141037
 0.3146 138226
 0.31472 136903
 0.31484 136862
 0.31496 138198
 0.31508 140949
 0.3152 144825
 0.31532 149318
 0.31544 153856
 0.31556 158001
 0.31568 161547
 0.3158 164733
 0.31592 167639
 0.31604 170090
 0.31616 171966
 0.31628 173266
 0.3164 174160
 0.31652 174686
 0.31664 174708
 0.31676 173947
 0.31688 172047
 0.317 168956
 0.31712 164738
 0.31724 159500
 0.31736 153204
 0.31748 145986
 0.3176 138196
 0.31772 130174
 0.31784 122284
 0.31796 114834
 0.31808 108001
 0.3182 101869
 0.31832 96546
 0.31844 91981.5
 0.31856 87998.7
 0.31868 84472.7
 0.3188 81329.5
 0.31892 78423.9
 0.31904 75650.5
 0.31916 72981.4
 0.31928 70494.9
 0.3194 68416.3
 0.31952 66974.4
 0.31964 66231.2
 0.31976 66199
 0.31988 66902.9
 0.32 68318.4
 0.32012 70391
 0.32024 72892.7
 0.32036 75478.5
 0.32048 77817.4
 0.3206 79774.8
 0.32072 81285.5
 0.32084 82312.4
 0.32096 83046
 0.32108 83657.4
 0.3212 84504.5
 0.32132 86081.2
 0.32144 88885.2
 0.32156 93282.6
 0.32168 99543.5
 0.3218 107900
 0.32192 118188
 0.32204 130020
 0.32216 142791
 0.32228 155615
 0.3224 167522
 0.32252 177654
 0.32264 185306
 0.32276 189851
 0.32288 190938
 0.323 188686
 0.32312 183534
 0.32324 176311
 0.32336 168023
 0.32348 159628
 0.3236 151910
 0.32372 145452
 0.32384 140701
 0.32396 137906
 0.32408 137101
 0.3242 137996
 0.32432 140130
 0.32444 142995
 0.32456 146073
 0.32468 149015
 0.3248 151755
 0.32492 154048
 0.32504 155640
 0.32516 156403
 0.32528 156322
 0.3254 155473
 0.32552 154080
 0.32564 152369
 0.32576 150114
 0.32588 147265
 0.326 143852
 0.32612 139888
 0.32624 135398
 0.32636 130292
 0.32648 124390
 0.3266 117443
 0.32672 109688
 0.32684 101428
 0.32696 92953.1
 0.32708 84593.1
 0.3272 76495.4
 0.32732 68858.8
 0.32744 61959.9
 0.32756 56089
 0.32768 51291.2
 0.3278 47428.6
 0.32792 44326.4
 0.32804 41686.7
 0.32816 39447.3
 0.32828 37633.8
 0.3284 36207.2
 0.32852 35156.4
 0.32864 34478.4
 0.32876 34166.8
 0.32888 34232
 0.329 34781.8
 0.32912 35837
 0.32924 37306.7
 0.32936 39180
 0.32948 41447.8
 0.3296 44155.7
 0.32972 47585.6
 0.32984 52157.3
 0.32996 58339.5
 0.33008 66633.6
 0.3302 77500.4
 0.33032 91186.7
 0.33044 107680
 0.33056 126789
 0.33068 147890
 0.3308 169913
 0.33092 191504
 0.33104 211156
 0.33116 227495
 0.33128 239432
 0.3314 246286
 0.33152 247695
 0.33164 243793
 0.33176 235360
 0.33188 223692
 0.332 210384
 0.33212 196965
 0.33224 184662
 0.33236 174504
 0.33248 167386
 0.3326 163925
 0.33272 164236
 0.33284 167873
 0.33296 173774
 0.33308 180653
 0.3332 187529
 0.33332 193477
 0.33344 197429
 0.33356 198326
 0.33368 195320
 0.3338 188007
 0.33392 176781
 0.33404 162741
 0.33416 146919
 0.33428 130295
 0.3344 113986
 0.33452 99206.6
 0.33464 87128
 0.33476 78551.8
 0.33488 73739
 0.335 72229.1
 0.33512 73323
 0.33524 76310.1
 0.33536 80470.6
 0.33548 85051.9
 0.3356 89411.5
 0.33572 93204.5
 0.33584 96464.5
 0.33596 99541.5
 0.33608 103089
 0.3362 107760
 0.33632 114115
 0.33644 122534
 0.33656 132939
 0.33668 144819
 0.3368 157374
 0.33692 169649
 0.33704 180434
 0.33716 188517
 0.33728 192952
 0.3374 193106
 0.33752 188996
 0.33764 181365
 0.33776 171195
 0.33788 159520
 0.338 147454
 0.33812 136183
 0.33824 126527
 0.33836 119009
 0.33848 113795
 0.3386 110528
 0.33872 108626
 0.33884 107560
 0.33896 107021
 0.33908 106647
 0.3392 106399
 0.33932 106385
 0.33944 106780
 0.33956 107820
 0.33968 109761
 0.3398 112791
 0.33992 116755
 0.34004 121384
 0.34016 126272
 0.34028 130916
 0.3404 134937
 0.34052 137892
 0.34064 139501
 0.34076 139509
 0.34088 137932
 0.341 135027
 0.34112 131075
 0.34124 126507
 0.34136 121493
 0.34148 116350
 0.3416 111327
 0.34172 106607
 0.34184 102289
 0.34196 98308.3
 0.34208 94595.7
 0.3422 91040
 0.34232 87794.8
 0.34244 85174.8
 0.34256 83432.6
 0.34268 82883.3
 0.3428 83806.3
 0.34292 86449.2
 0.34304 90969.9
 0.34316 97397.4
 0.34328 105284
 0.3434 113753
 0.34352 121877
 0.34364 128749
 0.34376 133583
 0.34388 135743
 0.344 134723
 0.34412 130122
 0.34424 122157
 0.34436 111648
 0.34448 99568.8
 0.3446 86880.3
 0.34472 74474.1
 0.34484 63194.3
 0.34496 53881.1
 0.34508 47410.6
 0.3452 44360.1
 0.34532 44685.5
 0.34544 48230.9
 0.34556 54855.4
 0.34568 64350.4
 0.3458 76225
 0.34592 89727.7
 0.34604 104052
 0.34616 118364
 0.34628 132241
 0.3464 145281
 0.34652 157045
 0.34664 167211
 0.34676 175843
 0.34688 183450
 0.347 190458
 0.34712 197199
 0.34724 203835
 0.34736 210444
 0.34748 217054
 0.3476 223345
 0.34772 228845
 0.34784 232868
 0.34796 234937
 0.34808 234940
 0.3482 232967
 0.34832 229236
 0.34844 224167
 0.34856 218843
 0.34868 214396
 0.3488 211704
 0.34892 211286
 0.34904 213357
 0.34916 217697
 0.34928 223923
 0.3494 231335
 0.34952 238551
 0.34964 244043
 0.34976 246798
 0.34988 246218
 0.35 241904
 0.35012 233792
 0.35024 222130
 0.35036 207515
 0.35048 191145
 0.3506 174402
 0.35072 158221
 0.35084 143210
 0.35096 129887
 0.35108 118624
 0.3512 109563
 0.35132 102588
 0.35144 97233.4
 0.35156 92846
 0.35168 89018.1
 0.3518 85577
 0.35192 82342.5
 0.35204 79216.5
 0.35216 76225.9
 0.35228 73502.2
 0.3524 71116.1
 0.35252 69185.7
 0.35264 67775.5
 0.35276 66794.1
 0.35288 66120
 0.353 65609.2
 0.35312 64949.5
 0.35324 63768.8
 0.35336 61934.3
 0.35348 59439.9
 0.3536 56279.5
 0.35372 52519.1
 0.35384 48332.7
 0.35396 43920.2
 0.35408 39571.9
 0.3542 35682.5
 0.35432 32562.3
 0.35444 30410.6
 0.35456 29432.3
 0.35468 29834.6
 0.3548 31760.9
 0.35492 35215.4
 0.35504 40137.7
 0.35516 46398.9
 0.35528 53753.8
 0.3554 61833.5
 0.35552 70221.9
 0.35564 78462.3
 0.35576 85923.5
 0.35588 92112.8
 0.356 96763.9
 0.35612 99746
 0.35624 101080
 0.35636 101129
 0.35648 100416
 0.3566 99459
 0.35672 99022.5
 0.35684 99889.2
 0.35696 102591
 0.35708 107302
 0.3572 114023
 0.35732 122465
 0.35744 131906
 0.35756 141662
 0.35768 150978
 0.3578 159069
 0.35792 165302
 0.35804 169361
 0.35816 171048
 0.35828 170158
 0.3584 166959
 0.35852 161837
 0.35864 155074
 0.35876 146920
 0.35888 137527
 0.359 126939
 0.35912 115318
 0.35924 103135
 0.35936 90800.6
 0.35948 78549.8
 0.3596 66810.6
 0.35972 56069.5
 0.35984 46847.1
 0.35996 39697.2
 0.36008 35088.7
 0.3602 33111.7
 0.36032 33662.9
 0.36044 36680.9
 0.36056 41941.3
 0.36068 49125.2
 0.3608 57915.8
 0.36092 67986.8
 0.36104 78826.9
 0.36116 89938.8
 0.36128 101064
 0.3614 111823
 0.36152 121842
 0.36164 130792
 0.36176 138314
 0.36188 144042
 0.362 147736
 0.36212 149526
 0.36224 149318
 0.36236 147094
 0.36248 143036
 0.3626 137367
 0.36272 130422
 0.36284 122548
 0.36296 114184
 0.36308 105615
 0.3632 97224
 0.36332 89546.6
 0.36344 82900.8
 0.36356 77547.2
 0.36368 73637.7
 0.3638 71362
 0.36392 70763.6
 0.36404 71620.3
 0.36416 73659.7
 0.36428 76504.9
 0.3644 79970.7
 0.36452 83942.1
 0.36464 88294.2
 0.36476 92630.8
 0.36488 96579.1
 0.365 100140
 0.36512 103430
 0.36524 106450
 0.36536 108874
 0.36548 110222
 0.3656 110094
 0.36572 108529
 0.36584 105775
 0.36596 101907
 0.36608 96868.5
 0.3662 90738
 0.36632 83986.6
 0.36644 77317.7
 0.36656 71270
 0.36668 66144.6
 0.3668 62024.6
 0.36692 58939.2
 0.36704 56968
 0.36716 56185.7
 0.36728 56506
 0.3674 57678.4
 0.36752 59716.1
 0.36764 62684.3
 0.36776 66561.3
 0.36788 71363.6
 0.368 77117.2
 0.36812 83752.8
 0.36824 91051.6
 0.36836 98716
 0.36848 106245
 0.3686 112998
 0.36872 118550
 0.36884 122538
 0.36896 124575
 0.36908 124344
 0.3692 121807
 0.36932 117188
 0.36944 110764
 0.36956 102988
 0.36968 94246.6
 0.3698 84939.1
 0.36992 75526.1
 0.37004 66524.2
 0.37016 58267.7
 0.37028 50896.7
 0.3704 44579.7
 0.37052 39507.1
 0.37064 35830.8
 0.37076 33638.8
 0.37088 33033.6
 0.371 34213.5
 0.37112 37444.3
 0.37124 43004.1
 0.37136 51064.1
 0.37148 61580.9
 0.3716 74522.5
 0.37172 90005.9
 0.37184 108075
 0.37196 128067
 0.37208 148875
 0.3722 169413
 0.37232 188775
 0.37244 206284
 0.37256 221331
 0.37268 232913
 0.3728 239678
 0.37292 241082
 0.37304 237553
 0.37316 229745
 0.37328 218219
 0.3734 203460
 0.37352 185910
 0.37364 166413
 0.37376 146617
 0.37388 128046
 0.374 111556
 0.37412 97697
 0.37424 86929.6
 0.37436 79598.9
 0.37448 75881.7
 0.3746 75679
 0.37472 78285.4
 0.37484 82684.8
 0.37496 88026.3
 0.37508 93517.4
 0.3752 98430.7
 0.37532 102215
 0.37544 104606
 0.37556 105606
 0.37568 105406
 0.3758 104496
 0.37592 103214
 0.37604 101812
 0.37616 100599
 0.37628 99781.3
 0.3764 99376.3
 0.37652 99218.4
 0.37664 99149
 0.37676 98773.3
 0.37688 97744
 0.377 96036.5
 0.37712 93589
 0.37724 90378.3
 0.37736 86524.7
 0.37748 82204.6
 0.3776 77584.5
 0.37772 72976.8
 0.37784 68912.4
 0.37796 65619.1
 0.37808 63256.2
 0.3782 62062.8
 0.37832 62104.3
 0.37844 63418
 0.37856 65995.1
 0.37868 69682
 0.3788 74117.3
 0.37892 79065.9
 0.37904 84486.2
 0.37916 90218.7
 0.37928 96042.2
 0.3794 101694
 0.37952 106950
 0.37964 111809
 0.37976 116379
 0.37988 120699
 0.38 124536
 0.38012 127486
 0.38024 129395
 0.38036 130357
 0.38048 130498
 0.3806 129713
 0.38072 127787
 0.38084 124632
 0.38096 120437
 0.38108 115782
 0.3812 111296
 0.38132 107335
 0.38144 104050
 0.38156 101735
 0.38168 100832
 0.3818 101525
 0.38192 103687
 0.38204 106950
 0.38216 110689
 0.38228 114369
 0.3824 117748
 0.38252 120708
 0.38264 123010
 0.38276 124560
 0.38288 125712
 0.383 126740
 0.38312 127967
 0.38324 129668
 0.38336 131870
 0.38348 134339
 0.3836 136877
 0.38372 139366
 0.38384 141428
 0.38396 142729
 0.38408 143233
 0.3842 142987
 0.38432 142280
 0.38444 141520
 0.38456 141031
 0.38468 141029
 0.3848 141621
 0.38492 143028
 0.38504 145255
 0.38516 148192
 0.38528 151473
 0.3854 154667
 0.38552 157531
 0.38564 159851
 0.38576 161407
 0.38588 162103
 0.386 161749
 0.38612 160215
 0.38624 157661
 0.38636 154521
 0.38648 151051
 0.3866 147516
 0.38672 144547
 0.38684 142696
 0.38696 142543
 0.38708 144682
 0.3872 149425
 0.38732 156506
 0.38744 165669
 0.38756 176742
 0.38768 189138
 0.3878 201827
 0.38792 213747
 0.38804 223726
 0.38816 230725
 0.38828 234290
 0.3884 234164
 0.38852 229985
 0.38864 221578
 0.38876 209402
 0.38888 194211
 0.389 177023
 0.38912 158937
 0.38924 140846
 0.38936 123428
 0.38948 107397
 0.3896 93389.2
 0.38972 81669.8
 0.38984 72307.9
 0.38996 65194
 0.39008 60042.1
 0.3902 56504.7
 0.39032 54351.8
 0.39044 53378.1
 0.39056 53450.5
 0.39068 54678.7
 0.3908 57207.4
 0.39092 61080.7
 0.39104 66475.5
 0.39116 73664.6
 0.39128 82935.3
 0.3914 94506.8
 0.39152 108484
 0.39164 124785
 0.39176 142974
 0.39188 162524
 0.392 182742
 0.39212 202738
 0.39224 221386
 0.39236 237434
 0.39248 249764
 0.3926 257304
 0.39272 259456
 0.39284 256184
 0.39296 247709
 0.39308 234555
 0.3932 217571
 0.39332 198011
 0.39344 177114
 0.39356 156132
 0.39368 136119
 0.3938 117677
 0.39392 101190
 0.39404 86979.4
 0.39416 75202.4
 0.39428 65758.7
 0.3944 58492.2
 0.39452 53277.7
 0.39464 50052
 0.39476 48859.1
 0.39488 49783.5
 0.395 52762.8
 0.39512 57630.7
 0.39524 64016.9
 0.39536 71483.1
 0.39548 79503.5
 0.3956 87515.7
 0.39572 94962.7
 0.39584 101291
 0.39596 106012
 0.39608 108720
 0.3962 109430
 0.39632 108375
 0.39644 105924
 0.39656 102359
 0.39668 97879.4
 0.3968 92715.2
 0.39692 87203.8
 0.39704 81782.6
 0.39716 76770.9
 0.39728 72293.4
 0.3974 68330.6
 0.39752 64988.5
 0.39764 62556.6
 0.39776 61297
 0.39788 61277.3
 0.398 62344.5
 0.39812 64171.3
 0.39824 66388.7
 0.39836 68675.1
 0.39848 70673.1
 0.3986 71891.3
 0.39872 71823.4
 0.39884 70159.5
 0.39896 66825.6
 0.39908 61957.8
 0.3992 55894.4
 0.39932 49083.7
 0.39944 42000.3
 0.39956 35148.6
 0.39968 29054.2
 0.3998 24173.1
 0.39992 20831.2
 0.40004 19181.4
 0.40016 19191.7
 0.40028 20672.7
 0.4004 23389.5
 0.40052 27142.4
 0.40064 31755.3
 0.40076 36992.2
 0.40088 42585.1
 0.401 48375.3
 0.40112 54338.1
 0.40124 60498
 0.40136 66871.9
 0.40148 73311.1
 0.4016 79593.5
 0.40172 85483.9
 0.40184 90920
 0.40196 95759.9
 0.40208 99718.4
 0.4022 102591
 0.40232 104198
 0.40244 104608
 0.40256 103986
 0.40268 102640
 0.4028 100857
 0.40292 99027.9
 0.40304 97813.8
 0.40316 97860.9
 0.40328 99788.9
 0.4034 104130
 0.40352 111234
 0.40364 121373
 0.40376 134478
 0.40388 150024
 0.404 167006
 0.40412 184191
 0.40424 200326
 0.40436 214039
 0.40448 224114
 0.4046 229362
 0.40472 228885
 0.40484 222609
 0.40496 211031
 0.40508 195090
 0.4052 175813
 0.40532 154453
 0.40544 132331
 0.40556 110820
 0.40568 91282.5
 0.4058 74587.6
 0.40592 61233.2
 0.40604 51425.1
 0.40616 45281.2
 0.40628 42706.4
 0.4064 43307.7
 0.40652 46513.4
 0.40664 51593.6
 0.40676 57817.9
 0.40688 64522
 0.407 71074.1
 0.40712 76822.8
 0.40724 81193.8
 0.40736 83966
 0.40748 85224.4
 0.4076 85280.3
 0.40772 84706.1
 0.40784 84153.7
 0.40796 84318.9
 0.40808 85948.4
 0.4082 89841.4
 0.40832 96576.1
 0.40844 106314
 0.40856 118900
 0.40868 133716
 0.4088 149967
 0.40892 166853
 0.40904 183568
 0.40916 199135
 0.40928 212643
 0.4094 223471
 0.40952 231406
 0.40964 236775
 0.40976 240047
 0.40988 241571
 0.41 241361
 0.41012 239631
 0.41024 236735
 0.41036 233007
 0.41048 228368
 0.4106 222337
 0.41072 214392
 0.41084 204327
 0.41096 192528
 0.41108 179501
 0.4112 165460
 0.41132 150577
 0.41144 135278
 0.41156 120360
 0.41168 106629
 0.4118 94530.9
 0.41192 84139.7
 0.41204 75266.2
 0.41216 67988.3
 0.41228 62375.5
 0.4124 58293.8
 0.41252 55300.6
 0.41264 52914.4
 0.41276 50830.2
 0.41288 48938.7
 0.413 47230.1
 0.41312 45524.1
 0.41324 43588.5
 0.41336 41378.1
 0.41348 39046
 0.4136 36814.1
 0.41372 34892.3
 0.41384 33435.9
 0.41396 32585.8
 0.41408 32588.8
 0.4142 33791.9
 0.41432 36563.9
 0.41444 41169.9
 0.41456 47765.9
 0.41468 56419.4
 0.4148 67091.3
 0.41492 79558.7
 0.41504 93303.1
 0.41516 107641
 0.41528 121760
 0.4154 134780
 0.41552 145903
 0.41564 154489
 0.41576 159924
 0.41588 161847
 0.416 160361
 0.41612 155955
 0.41624 149139
 0.41636 140570
 0.41648 130932
 0.4166 120886
 0.41672 111190
 0.41684 102618
 0.41696 95714.1
 0.41708 90644.8
 0.4172 87554.7
 0.41732 86549.2
 0.41744 87619.3
 0.41756 90469
 0.41768 94646.1
 0.4178 99581.6
 0.41792 104708
 0.41804 109614
 0.41816 113985
 0.41828 117439
 0.4184 119672
 0.41852 120740
 0.41864 120937
 0.41876 120605
 0.41888 120048
 0.419 119391
 0.41912 118668
 0.41924 118052
 0.41936 117734
 0.41948 117851
 0.4196 118414
 0.41972 119389
 0.41984 120724
 0.41996 122603
 0.42008 125353
 0.4202 128999
 0.42032 133440
 0.42044 138329
 0.42056 143138
 0.42068 147383
 0.4208 150688
 0.42092 152586
 0.42104 152465
 0.42116 150014
 0.42128 145226
 0.4214 138358
 0.42152 130035
 0.42164 120857
 0.42176 111302
 0.42188 101954
 0.422 93452.7
 0.42212 86372.5
 0.42224 81047.9
 0.42236 77704.6
 0.42248 76303.1
 0.4226 76845.8
 0.42272 79526.8
 0.42284 84222.5
 0.42296 90663
 0.42308 98454.5
 0.4232 107156
 0.42332 116331
 0.42344 125546
 0.42356 134368
 0.42368 142142
 0.4238 148526
 0.42392 153547
 0.42404 157383
 0.42416 160481
 0.42428 163080
 0.4244 165535
 0.42452 168177
 0.42464 171260
 0.42476 174932
 0.42488 178906
 0.425 182726
 0.42512 185623
 0.42524 187116
 0.42536 186719
 0.42548 183853
 0.4256 178251
 0.42572 169822
 0.42584 158717
 0.42596 145397
 0.42608 130537
 0.4262 114826
 0.42632 98917.1
 0.42644 83678
 0.42656 69817.4
 0.42668 57738.9
 0.4268 47761.5
 0.42692 39949.8
 0.42704 34163.5
 0.42716 30137.7
 0.42728 27571.5
 0.4274 25993.4
 0.42752 24927.7
 0.42764 24116
 0.42776 23373.5
 0.42788 22579.2
 0.428 21769.8
 0.42812 21064.4
 0.42824 20548.4
 0.42836 20348.2
 0.42848 20611.2
 0.4286 21354.2
 0.42872 22481.4
 0.42884 23891.8
 0.42896 25443.9
 0.42908 26963
 0.4292 28354.6
 0.42932 29554.2
 0.42944 30474.8
 0.42956 31096
 0.42968 31540.5
 0.4298 31949.9
 0.42992 32462.8
 0.43004 33143.1
 0.43016 33998.3
 0.43028 35019
 0.4304 36235
 0.43052 37741
 0.43064 39585
 0.43076 41784.2
 0.43088 44357.7
 0.431 47416.6
 0.43112 51131.9
 0.43124 55570.6
 0.43136 60752
 0.43148 66467.5
 0.4316 72265.4
 0.43172 77689.1
 0.43184 82282.1
 0.43196 85559.9
 0.43208 87011.8
 0.4322 86332.8
 0.43232 83352.7
 0.43244 78117
 0.43256 71221.5
 0.43268 63380
 0.4328 55307.8
 0.43292 47748.9
 0.43304 41490
 0.43316 37153.6
 0.43328 35220.8
 0.4334 36087.6
 0.43352 39627
 0.43364 45426.1
 0.43376 53094.4
 0.43388 62193.4
 0.434 72090.2
 0.43412 82046.8
 0.43424 91400.2
 0.43436 99419.4
 0.43448 105607
 0.4346 109868
 0.43472 112058
 0.43484 111990
 0.43496 109737
 0.43508 105754
 0.4352 100570
 0.43532 94776.8
 0.43544 89031
 0.43556 83678.9
 0.43568 79081.4
 0.4358 75773.5
 0.43592 74136.2
 0.43604 74233.6
 0.43616 75918
 0.43628 79011.4
 0.4364 83164.8
 0.43652 88077.1
 0.43664 93377.8
 0.43676 98457.4
 0.43688 102742
 0.437 105814
 0.43712 107316
 0.43724 107030
 0.43736 104865
 0.43748 100863
 0.4376 95207.3
 0.43772 88388
 0.43784 80897
 0.43796 73107.8
 0.43808 65470.3
 0.4382 58304.4
 0.43832 51835.1
 0.43844 46170.7
 0.43856 41330.4
 0.43868 37116.9
 0.4388 33333.7
 0.43892 29944.5
 0.43904 26882.8
 0.43916 24164.8
 0.43928 21864
 0.4394 20085.7
 0.43952 18957.9
 0.43964 18655.8
 0.43976 19296.4
 0.43988 20818
 0.44 23114.7
 0.44012 26061.6
 0.44024 29520.5
 0.44036 33417
 0.44048 37704.9
 0.4406 42375.3
 0.44072 47427.5
 0.44084 52940.9
 0.44096 59073
 0.44108 65919
 0.4412 73527.5
 0.44132 81721
 0.44144 90173.9
 0.44156 98442
 0.44168 106087
 0.4418 112833
 0.44192 118361
 0.44204 122343
 0.44216 124519
 0.44228 124926
 0.4424 124014
 0.44252 122345
 0.44264 120565
 0.44276 119104
 0.44288 118257
 0.443 118484
 0.44312 120254
 0.44324 123764
 0.44336 128583
 0.44348 134070
 0.4436 139575
 0.44372 144524
 0.44384 148616
 0.44396 151483
 0.44408 152538
 0.4442 151400
 0.44432 148265
 0.44444 143722
 0.44456 138472
 0.44468 133205
 0.4448 128388
 0.44492 124241
 0.44504 121286
 0.44516 120049
 0.44528 120700
 0.4454 123126
 0.44552 126743
 0.44564 130790
 0.44576 134584
 0.44588 137810
 0.446 139957
 0.44612 140372
 0.44624 138651
 0.44636 134461
 0.44648 127995
 0.4466 119964
 0.44672 111153
 0.44684 102239
 0.44696 94076.8
 0.44708 87705.6
 0.4472 83902.7
 0.44732 83393.7
 0.44744 86650.2
 0.44756 93541.9
 0.44768 103657
 0.4478 116418
 0.44792 130813
 0.44804 145521
 0.44816 159356
 0.44828 171204
 0.4484 179937
 0.44852 184795
 0.44864 185411
 0.44876 181689
 0.44888 174139
 0.449 163705
 0.44912 151470
 0.44924 138457
 0.44936 125752
 0.44948 114327
 0.4496 104910
 0.44972 97883.8
 0.44984 93176.7
 0.44996 90374.4
 0.45008 88800.2
 0.4502 87805.1
 0.45032 86831.6
 0.45044 85462
 0.45056 83361.6
 0.45068 80493.5
 0.4508 77445.2
 0.45092 74989.3
 0.45104 74069.8
 0.45116 75735.9
 0.45128 80905.8
 0.4514 90145.8
 0.45152 103940
 0.45164 122602
 0.45176 145467
 0.45188 171145
 0.452 198214
 0.45212 225055
 0.45224 250030
 0.45236 271835
 0.45248 289313
 0.4526 301232
 0.45272 307078
 0.45284 307620
 0.45296 303740
 0.45308 296301
 0.4532 286139
 0.45332 273872
 0.45344 259968
 0.45356 245096
 0.45368 229830
 0.4538 214067
 0.45392 197469
 0.45404 179980
 0.45416 161780
 0.45428 143306
 0.4544 125185
 0.45452 108025
 0.45464 92333.7
 0.45476 78575.9
 0.45488 67239.3
 0.455 58580.6
 0.45512 52669.7
 0.45524 49380.9
 0.45536 48323.1
 0.45548 48942.2
 0.4556 50627.8
 0.45572 52809.8
 0.45584 55046.4
 0.45596 56959.8
 0.45608 58214.7
 0.4562 58485.8
 0.45632 57662.4
 0.45644 55835.9
 0.45656 53232.5
 0.45668 50197.1
 0.4568 47053.9
 0.45692 44114.3
 0.45704 41728.9
 0.45716 40293.9
 0.45728 40167.8
 0.4574 41554.8
 0.45752 44482.6
 0.45764 48823.6
 0.45776 54322.5
 0.45788 60725
 0.458 67677.8
 0.45812 74711.4
 0.45824 81282.4
 0.45836 86805.1
 0.45848 90862.2
 0.4586 93235.1
 0.45872 93902.2
 0.45884 92868.1
 0.45896 90213.8
 0.45908 86233.6
 0.4592 81274.7
 0.45932 75807
 0.45944 70294.1
 0.45956 65061.1
 0.45968 60278.5
 0.4598 56074.7
 0.45992 52561.6
 0.46004 49732.1
 0.46016 47564.2
 0.46028 46012
 0.4604 44985.8
 0.46052 44367.5
 0.46064 44083.4
 0.46076 44081.3
 0.46088 44310.2
 0.461 44700.2
 0.46112 45110.3
 0.46124 45389
 0.46136 45351.5
 0.46148 44910.6
 0.4616 44033.6
 0.46172 42748.9
 0.46184 41115.8
 0.46196 39221.8
 0.46208 37319.7
 0.4622 35747.9
 0.46232 34914.3
 0.46244 35210.8
 0.46256 36917.3
 0.46268 40081.1
 0.4628 44600.1
 0.46292 50367.2
 0.46304 57185.2
 0.46316 64577.9
 0.46328 71942.7
 0.4634 78657.1
 0.46352 84193
 0.46364 88329.1
 0.46376 91084
 0.46388 92467.4
 0.464 92401.5
 0.46412 91066.7
 0.46424 88959.1
 0.46436 86558
 0.46448 84218.9
 0.4646 82095.1
 0.46472 80173.5
 0.46484 78512.5
 0.46496 77435.3
 0.46508 77339.8
 0.4652 78277.7
 0.46532 80128.6
 0.46544 82927.7
 0.46556 86840.5
 0.46568 92099.7
 0.4658 98867.9
 0.46592 107012
 0.46604 115913
 0.46616 124972
 0.46628 133959
 0.4664 142560
 0.46652 150368
 0.46664 156881
 0.46676 161592
 0.46688 164023
 0.467 164132
 0.46712 162169
 0.46724 158195
 0.46736 152288
 0.46748 144647
 0.4676 135621
 0.46772 125716
 0.46784 115627
 0.46796 106171
 0.46808 98038.5
 0.4682 91940.9
 0.46832 88578.4
 0.46844 88498.2
 0.46856 92112.1
 0.46868 99432.7
 0.4688 110128
 0.46892 123498
 0.46904 138593
 0.46916 154401
 0.46928 169765
 0.4694 183554
 0.46952 194843
 0.46964 203110
 0.46976 208330
 0.46988 210782
 0.47 210975
 0.47012 209503
 0.47024 207085
 0.47036 204596
 0.47048 202623
 0.4706 201210
 0.47072 200086
 0.47084 198825
 0.47096 196893
 0.47108 193717
 0.4712 188834
 0.47132 181697
 0.47144 171908
 0.47156 159838
 0.47168 146155
 0.4718 131588
 0.47192 116849
 0.47204 102716
 0.47216 89890.8
 0.47228 79038.9
 0.4724 70879
 0.47252 65756
 0.47264 63617.5
 0.47276 64098.2
 0.47288 66886.3
 0.473 71635.3
 0.47312 77960.4
 0.47324 85418.9
 0.47336 93560.3
 0.47348 101848
 0.4736 109778
 0.47372 117263
 0.47384 124335
 0.47396 130996
 0.47408 137308
 0.4742 143394
 0.47432 149098
 0.47444 154159
 0.47456 158523
 0.47468 162053
 0.4748 164583
 0.47492 165998
 0.47504 166068
 0.47516 164528
 0.47528 161532
 0.4754 157710
 0.47552 153685
 0.47564 150021
 0.47576 147059
 0.47588 144904
 0.476 143754
 0.47612 143918
 0.47624 145501
 0.47636 148122
 0.47648 151268
 0.4766 154426
 0.47672 157271
 0.47684 159812
 0.47696 162165
 0.47708 164335
 0.4772 166233
 0.47732 168023
 0.47744 170067
 0.47756 172626
 0.47768 175781
 0.4778 179347
 0.47792 182924
 0.47804 186023
 0.47816 188337
 0.47828 189571
 0.4784 189231
 0.47852 186861
 0.47864 182233
 0.47876 175310
 0.47888 166382
 0.479 155941
 0.47912 144467
 0.47924 132364
 0.47936 120129
 0.47948 108411
 0.4796 97907
 0.47972 89234
 0.47984 82639.2
 0.47996 78206.8
 0.48008 75931.3
 0.4802 75727
 0.48032 77421.4
 0.48044 80564.6
 0.48056 84390
 0.48068 88052.8
 0.4808 91038.8
 0.48092 92961
 0.48104 93530.6
 0.48116 92620.5
 0.48128 90249.2
 0.4814 86650.7
 0.48152 82418.1
 0.48164 78335.4
 0.48176 75054.2
 0.48188 73077.4
 0.482 72723.9
 0.48212 74136.5
 0.48224 77342.9
 0.48236 82356.2
 0.48248 89034.8
 0.4826 97009.2
 0.48272 105682
 0.48284 114363
 0.48296 122562
 0.48308 129854
 0.4832 135814
 0.48332 139932
 0.48344 141672
 0.48356 140647
 0.48368 136864
 0.4838 130775
 0.48392 122880
 0.48404 113874
 0.48416 104625
 0.48428 96153.2
 0.4844 89461.3
 0.48452 85507.7
 0.48464 84845.9
 0.48476 87624.4
 0.48488 93673.2
 0.485 102434
 0.48512 113035
 0.48524 124406
 0.48536 135522
 0.48548 145261
 0.4856 152730
 0.48572 157313
 0.48584 158617
 0.48596 156716
 0.48608 152083
 0.4862 145377
 0.48632 137246
 0.48644 128491
 0.48656 120055
 0.48668 112731
 0.4868 107250
 0.48692 104043
 0.48704 103053
 0.48716 104041
 0.48728 106816
 0.4874 111123
 0.48752 116483
 0.48764 122413
 0.48776 128442
 0.48788 134193
 0.488 139624
 0.48812 144840
 0.48824 149807
 0.48836 154367
 0.48848 158494
 0.4886 162063
 0.48872 164944
 0.48884 167059
 0.48896 168181
 0.48908 167972
 0.4892 166293
 0.48932 163285
 0.48944 159041
 0.48956 153845
 0.48968 148090
 0.4898 142041
 0.48992 135908
 0.49004 130186
 0.49016 125312
 0.49028 121428
 0.4904 118549
 0.49052 116559
 0.49064 115078
 0.49076 113770
 0.49088 112513
 0.491 110988
 0.49112 108682
 0.49124 105304
 0.49136 100781
 0.49148 95209.8
 0.4916 88977.9
 0.49172 82587.2
 0.49184 76416.2
 0.49196 70847.7
 0.49208 66304.3
 0.4922 63113.9
 0.49232 61380.8
 0.49244 61067.8
 0.49256 62036
 0.49268 64036.8
 0.4928 66805.2
 0.49292 69987.6
 0.49304 73318.6
 0.49316 76666.4
 0.49328 79991.9
 0.4934 83339.4
 0.49352 86500.2
 0.49364 89124.4
 0.49376 90879.3
 0.49388 91591.6
 0.494 91178
 0.49412 89446.4
 0.49424 86276.6
 0.49436 81499.8
 0.49448 75277.4
 0.4946 68195.2
 0.49472 60907.6
 0.49484 54003.8
 0.49496 47870.2
 0.49508 42800.5
 0.4952 38999.1
 0.49532 36647.5
 0.49544 35804.1
 0.49556 36200.2
 0.49568 37432.2
 0.4958 39039.1
 0.49592 40691.7
 0.49604 42303.7
 0.49616 43842.9
 0.49628 45279.4
 0.4964 46599.3
 0.49652 47855.1
 0.49664 49106
 0.49676 50508
 0.49688 52207.8
 0.497 54130.7
 0.49712 56074
 0.49724 57914.1
 0.49736 59548.6
 0.49748 60879.4
 0.4976 61913.2
 0.49772 62711.5
 0.49784 63302.3
 0.49796 63733.2
 0.49808 64225.2
 0.4982 64960.3
 0.49832 66035
 0.49844 67551.6
 0.49856 69594.1
 0.49868 72072.4
 0.4988 74897.3
 0.49892 78077.1
 0.49904 81680.5
 0.49916 85668
 0.49928 90051.3
 0.4994 94855.8
 0.49952 99979.6
 0.49964 105431
 0.49976 111258
 0.49988 117355
 0.5 123375
 0.50012 129014
 0.50024 134039
 0.50036 138186
 0.50048 141350
 0.5006 143334
 0.50072 143798
 0.50084 142646
 0.50096 140028
 0.50108 136262
 0.5012 131601
 0.50132 126371
 0.50144 120774
 0.50156 115114
 0.50168 109991
 0.5018 105756
 0.50192 102434
 0.50204 99852.2
 0.50216 97863.5
 0.50228 96218.7
 0.5024 94780.3
 0.50252 93435.6
 0.50264 91836.3
 0.50276 89806.1
 0.50288 87537.1
 0.503 85429.5
 0.50312 83749.5
 0.50324 82687.2
 0.50336 82345.6
 0.50348 82649.4
 0.5036 83596.2
 0.50372 85155.1
 0.50384 87124.2
 0.50396 89111.5
 0.50408 90757.3
 0.5042 92012.2
 0.50432 92922.9
 0.50444 93712.1
 0.50456 94562.7
 0.50468 95432.3
 0.5048 96146.8
 0.50492 96553.9
 0.50504 96662.9
 0.50516 96322.6
 0.50528 95277.7
 0.5054 93248.1
 0.50552 90020.5
 0.50564 85708.8
 0.50576 80740.3
 0.50588 75629.3
 0.506 70649.6
 0.50612 66015.1
 0.50624 61998.2
 0.50636 58798.1
 0.50648 56549.5
 0.5066 55286.3
 0.50672 54875.9
 0.50684 55173
 0.50696 56358.4
 0.50708 58803.5
 0.5072 62859.8
 0.50732 68899
 0.50744 77240
 0.50756 88013.9
 0.50768 101154
 0.5078 116278
 0.50792 132689
 0.50804 149308
 0.50816 164810
 0.50828 177838
 0.5084 187156
 0.50852 191855
 0.50864 191394
 0.50876 185756
 0.50888 175293
 0.509 160716
 0.50912 143229
 0.50924 124312
 0.50936 105457
 0.50948 87927.6
 0.5096 72676.2
 0.50972 60365.7
 0.50984 51306.6
 0.50996 45566.5
 0.51008 42960.9
 0.5102 43032.2
 0.51032 45251.3
 0.51044 49261.9
 0.51056 55006.9
 0.51068 62529.4
 0.5108 71908.6
 0.51092 83425.9
 0.51104 97288
 0.51116 113586
 0.51128 132279
 0.5114 152792
 0.51152 174075
 0.51164 194697
 0.51176 213417
 0.51188 228970
 0.512 240217
 0.51212 246405
 0.51224 246954
 0.51236 242088
 0.51248 232622
 0.5126 220041
 0.51272 205771
 0.51284 190988
 0.51296 176732
 0.51308 163697
 0.5132 152479
 0.51332 143316
 0.51344 136017
 0.51356 129990
 0.51368 124565
 0.5138 119434
 0.51392 114514
 0.51404 109919
 0.51416 105812
 0.51428 102271
 0.5144 99489.4
 0.51452 97664.5
 0.51464 96978.9
 0.51476 97315.2
 0.51488 98309.8
 0.515 99497.1
 0.51512 100476
 0.51524 100962
 0.51536 100719
 0.51548 99628.4
 0.5156 97628.3
 0.51572 94797.1
 0.51584 91354.2
 0.51596 87555.4
 0.51608 83627.2
 0.5162 79723.9
 0.51632 76000.2
 0.51644 72533.6
 0.51656 69392.1
 0.51668 66708.9
 0.5168 64661.2
 0.51692 63481.2
 0.51704 63296.9
 0.51716 64104.6
 0.51728 65815.4
 0.5174 68357.2
 0.51752 71630.2
 0.51764 75394.9
 0.51776 79300.3
 0.51788 82815.2
 0.518 85505.7
 0.51812 87231
 0.51824 88071.9
 0.51836 88126.5
 0.51848 87458.3
 0.5186 86202.7
 0.51872 84402.6
 0.51884 82282.1
 0.51896 80087.5
 0.51908 77932.5
 0.5192 75740.8
 0.51932 73377.9
 0.51944 70720.8
 0.51956 67694.2
 0.51968 64525.7
 0.5198 61458.7
 0.51992 58669.3
 0.52004 56270.7
 0.52016 54269.5
 0.52028 52704.3
 0.5204 51708.3
 0.52052 51419.1
 0.52064 51706.6
 0.52076 52253.7
 0.52088 52765.1
 0.521 53006.2
 0.52112 53002.4
 0.52124 52791.5
 0.52136 52361.1
 0.52148 51616.6
 0.5216 50580
 0.52172 49459.6
 0.52184 48480.3
 0.52196 47857.4
 0.52208 47698
 0.5222 48185
 0.52232 49568.5
 0.52244 52001.3
 0.52256 55570.6
 0.52268 60281.6
 0.5228 66133.7
 0.52292 73161
 0.52304 81394.7
 0.52316 90710.1
 0.52328 100691
 0.5234 111046
 0.52352 121684
 0.52364 132472
 0.52376 143249
 0.52388 153717
 0.524 163553
 0.52412 172346
 0.52424 179906
 0.52436 186186
 0.52448 190901
 0.5246 193677
 0.52472 194215
 0.52484 192400
 0.52496 188143
 0.52508 181606
 0.5252 173293
 0.52532 163566
 0.52544 152880
 0.52556 141984
 0.52568 131570
 0.5258 122148
 0.52592 114237
 0.52604 108289
 0.52616 104155
 0.52628 101463
 0.5264 99808.5
 0.52652 98596.7
 0.52664 97283.8
 0.52676 95565.6
 0.52688 93110.1
 0.527 89491.9
 0.52712 84669.6
 0.52724 78983.4
 0.52736 72889.6
 0.52748 66876.6
 0.5276 61320.3
 0.52772 56385.4
 0.52784 52242.4
 0.52796 49223.3
 0.52808 47559
 0.5282 47251.6
 0.52832 48212.4
 0.52844 50394
 0.52856 53829.2
 0.52868 58614
 0.5288 64723
 0.52892 71982.7
 0.52904 80088.6
 0.52916 88761.5
 0.52928 97711.1
 0.5294 106449
 0.52952 114407
 0.52964 121034
 0.52976 125988
 0.52988 129040
 0.53 130138
 0.53012 129341
 0.53024 126673
 0.53036 122378
 0.53048 116865
 0.5306 110479
 0.53072 103532
 0.53084 96261.8
 0.53096 88834
 0.53108 81309.9
 0.5312 73810.5
 0.53132 66472.5
 0.53144 59293.4
 0.53156 52384.9
 0.53168 45827.6
 0.5318 39697.4
 0.53192 34111.8
 0.53204 29161.3
 0.53216 24914
 0.53228 21345.1
 0.5324 18438.7
 0.53252 16106
 0.53264 14224.1
 0.53276 12699.8
 0.53288 11397.9
 0.533 10266.5
 0.53312 9294.21
 0.53324 8492.58
 0.53336 7896.79
 0.53348 7611.39
 0.5336 7816.78
 0.53372 8669.24
 0.53384 10273.5
 0.53396 12690.6
 0.53408 15935.5
 0.5342 20048.7
 0.53432 25093.8
 0.53444 31074.4
 0.53456 37843
 0.53468 45185.4
 0.5348 53006.9
 0.53492 61278.8
 0.53504 70001.8
 0.53516 79111.7
 0.53528 88420.5
 0.5354 97644.8
 0.53552 106453
 0.53564 114582
 0.53576 121761
 0.53588 127610
 0.536 131655
 0.53612 133459
 0.53624 132795
 0.53636 129617
 0.53648 124272
 0.5366 117261
 0.53672 109022
 0.53684 99967.3
 0.53696 90666.2
 0.53708 81714.9
 0.5372 73586.9
 0.53732 66553.5
 0.53744 60591.8
 0.53756 55446.1
 0.53768 50911.7
 0.5378 46930.6
 0.53792 43497.7
 0.53804 40581.1
 0.53816 38169.5
 0.53828 36387.3
 0.5384 35456.1
 0.53852 35615.9
 0.53864 37079.4
 0.53876 40052.8
 0.53888 44419.6
 0.539 49882.7
 0.53912 56132.2
 0.53924 62846.7
 0.53936 69712.7
 0.53948 76575.8
 0.5396 83319.3
 0.53972 89511.3
 0.53984 94812.1
 0.53996 99299.4
 0.54008 103150
 0.5402 106539
 0.54032 109488
 0.54044 111804
 0.54056 113203
 0.54068 113716
 0.5408 113793
 0.54092 113633
 0.54104 113329
 0.54116 112854
 0.54128 112284
 0.5414 111988
 0.54152 112386
 0.54164 113825
 0.54176 116271
 0.54188 119643
 0.542 123786
 0.54212 128562
 0.54224 133956
 0.54236 139711
 0.54248 145390
 0.5426 150527
 0.54272 154680
 0.54284 157502
 0.54296 158760
 0.54308 158393
 0.5432 156267
 0.54332 152262
 0.54344 146553
 0.54356 139507
 0.54368 131669
 0.5438 123436
 0.54392 115125
 0.54404 106990
 0.54416 99267.1
 0.54428 92221.2
 0.5444 86048.9
 0.54452 80691.3
 0.54464 75846.6
 0.54476 71330.2
 0.54488 67127.6
 0.545 63199.2
 0.54512 59463.9
 0.54524 55898.1
 0.54536 52472.1
 0.54548 49236.7
 0.5456 46352.2
 0.54572 44070.2
 0.54584 42602.1
 0.54596 42179.7
 0.54608 43078.7
 0.5462 45450
 0.54632 49241.4
 0.54644 54385.8
 0.54656 60899.2
 0.54668 68785.7
 0.5468 77739.4
 0.54692 87223
 0.54704 96693.4
 0.54716 105616
 0.54728 113839
 0.5474 121310
 0.54752 127837
 0.54764 132942
 0.54776 136315
 0.54788 138149
 0.548 138642
 0.54812 138051
 0.54824 136479
 0.54836 133847
 0.54848 130151
 0.5486 125737
 0.54872 121100
 0.54884 116457
 0.54896 111952
 0.54908 107752
 0.5492 103857
 0.54932 100350
 0.54944 97327.7
 0.54956 94773.5
 0.54968 92600
 0.5498 90831.3
 0.54992 89548.4
 0.55004 88849.3
 0.55016 89071.6
 0.55028 90623
 0.5504 93810.4
 0.55052 98787.7
 0.55064 105588
 0.55076 113916
 0.55088 123335
 0.551 133327
 0.55112 143187
 0.55124 152157
 0.55136 159629
 0.55148 165122
 0.5516 168347
 0.55172 169288
 0.55184 168267
 0.55196 165591
 0.55208 161709
 0.5522 156985
 0.55232 151614
 0.55244 145871
 0.55256 140033
 0.55268 134266
 0.5528 128487
 0.55292 122708
 0.55304 116908
 0.55316 111068
 0.55328 105371
 0.5534 99965.1
 0.55352 94834.9
 0.55364 89989.4
 0.55376 85545.6
 0.55388 81594.7
 0.554 78199.3
 0.55412 75610.4
 0.55424 74048.7
 0.55436 73563.8
 0.55448 74168.8
 0.5546 75916.2
 0.55472 78782.9
 0.55484 82695.7
 0.55496 87482.1
 0.55508 92776.6
 0.5552 98010.3
 0.55532 102723
 0.55544 106594
 0.55556 109362
 0.55568 110773
 0.5558 110615
 0.55592 108832
 0.55604 105447
 0.55616 100601
 0.55628 94573.2
 0.5564 87666.5
 0.55652 80196.3
 0.55664 72503.6
 0.55676 64952.5
 0.55688 57851.1
 0.557 51593.4
 0.55712 46703.9
 0.55724 43652.5
 0.55736 42728.5
 0.55748 44055.3
 0.5576 47648.9
 0.55772 53428.3
 0.55784 61287.9
 0.55796 70966.5
 0.55808 82012.6
 0.5582 93770.8
 0.55832 105686
 0.55844 117397
 0.55856 128643
 0.55868 139197
 0.5588 148867
 0.55892 157499
 0.55904 164912
 0.55916 170971
 0.55928 175575
 0.5594 178451
 0.55952 179317
 0.55964 177984
 0.55976 174300
 0.55988 168200
 0.56 159857
 0.56012 149729
 0.56024 138317
 0.56036 126290
 0.56048 114267
 0.5606 102791
 0.56072 92365.8
 0.56084 83453
 0.56096 76267.1
 0.56108 70773.8
 0.5612 66869.2
 0.56132 64369.3
 0.56144 63044.5
 0.56156 62743
 0.56168 63288
 0.5618 64440.5
 0.56192 66037.6
 0.56204 68010.6
 0.56216 70294.3
 0.56228 72714.7
 0.5624 75174.9
 0.56252 77650.6
 0.56264 80102.9
 0.56276 82499.1
 0.56288 84892.6
 0.563 87265.2
 0.56312 89508
 0.56324 91618.8
 0.56336 93662.4
 0.56348 95457.8
 0.5636 96712.9
 0.56372 97261.9
 0.56384 96850.5
 0.56396 95285.6
 0.56408 92590.2
 0.5642 88842
 0.56432 84030.6
 0.56444 78337.4
 0.56456 72209.6
 0.56468 66099.9
 0.5648 60407.8
 0.56492 55568
 0.56504 51841
 0.56516 49306.9
 0.56528 48039.3
 0.5654 48045.2
 0.56552 49161.3
 0.56564 51035.5
 0.56576 53435.5
 0.56588 56195.1
 0.566 59260.5
 0.56612 62762
 0.56624 66918.1
 0.56636 71958.6
 0.56648 78090.6
 0.5666 85619.8
 0.56672 94756
 0.56684 105276
 0.56696 116668
 0.56708 128210
 0.5672 139108
 0.56732 148563
 0.56744 155826
 0.56756 160283
 0.56768 161363
 0.5678 159100
 0.56792 153930
 0.56804 146608
 0.56816 137833
 0.56828 128302
 0.5684 118723
 0.56852 109683
 0.56864 101620
 0.56876 94632.3
 0.56888 88579.1
 0.569 83125.4
 0.56912 78070.6
 0.56924 73295.6
 0.56936 68613.9
 0.56948 63837.1
 0.5696 58951.4
 0.56972 54158.5
 0.56984 49724.9
 0.56996 45975.4
 0.57008 43171.9
 0.5702 41412.3
 0.57032 40877.5
 0.57044 41871
 0.57056 44630
 0.57068 49301.3
 0.5708 56079.5
 0.57092 64996.5
 0.57104 75896.8
 0.57116 88759.5
 0.57128 103483
 0.5714 119634
 0.57152 136666
 0.57164 153838
 0.57176 170075
 0.57188 184329
 0.572 196008
 0.57212 204493
 0.57224 209202
 0.57236 209966
 0.57248 207040
 0.5726 201008
 0.57272 192901
 0.57284 183903
 0.57296 174806
 0.57308 166298
 0.5732 159133
 0.57332 153856
 0.57344 150508
 0.57356 148837
 0.57368 148489
 0.5738 149186
 0.57392 151028
 0.57404 154200
 0.57416 158901
 0.57428 165265
 0.5744 173705
 0.57452 184769
 0.57464 198533
 0.57476 214666
 0.57488 232335
 0.575 250522
 0.57512 268046
 0.57524 283561
 0.57536 295676
 0.57548 303033
 0.5756 305005
 0.57572 301657
 0.57584 293393
 0.57596 281046
 0.57608 265655
 0.5762 248878
 0.57632 232513
 0.57644 218212
 0.57656 207020
 0.57668 199221
 0.5768 194870
 0.57692 193575
 0.57704 194692
 0.57716 197013
 0.57728 198967
 0.5774 199111
 0.57752 196433
 0.57764 190543
 0.57776 181386
 0.57788 169239
 0.578 154616
 0.57812 138340
 0.57824 121529
 0.57836 105332
 0.57848 90655.5
 0.5786 77953
 0.57872 67350.6
 0.57884 58821.2
 0.57896 52282.6
 0.57908 47553.8
 0.5792 44342.1
 0.57932 42288.7
 0.57944 41132
 0.57956 40889.3
 0.57968 41813.6
 0.5798 44118.8
 0.57992 47894.9
 0.58004 53065.5
 0.58016 59563.8
 0.58028 67243.2
 0.5804 75827.2
 0.58052 84849.6
 0.58064 93726.5
 0.58076 101956
 0.58088 109194
 0.581 115303
 0.58112 120203
 0.58124 123871
 0.58136 126478
 0.58148 128403
 0.5816 130010
 0.58172 131482
 0.58184 132788
 0.58196 133893
 0.58208 134686
 0.5822 135147
 0.58232 135179
 0.58244 134570
 0.58256 133116
 0.58268 130910
 0.5828 128277
 0.58292 125415
 0.58304 122476
 0.58316 119558
 0.58328 116628
 0.5834 113579
 0.58352 110277
 0.58364 106429
 0.58376 101619
 0.58388 95694.8
 0.584 88688.6
 0.58412 80647.4
 0.58424 71839.4
 0.58436 62685.9
 0.58448 53729.7
 0.5846 45564.4
 0.58472 38783.2
 0.58484 33677.8
 0.58496 30311.8
 0.58508 28711.6
 0.5852 28698.8
 0.58532 30006.4
 0.58544 32272.1
 0.58556 35034.3
 0.58568 37818.2
 0.5858 40342.4
 0.58592 42488
 0.58604 44184.1
 0.58616 45498.7
 0.58628 46487.4
 0.5864 47135.7
 0.58652 47481.3
 0.58664 47663.7
 0.58676 47787.5
 0.58688 47868
 0.587 47872.3
 0.58712 47685.5
 0.58724 47275.8
 0.58736 46824.3
 0.58748 46686.9
 0.5876 47227
 0.58772 48711.8
 0.58784 51397.1
 0.58796 55559.6
 0.58808 61466.2
 0.5882 69265.5
 0.58832 78809.1
 0.58844 89619.7
 0.58856 100832
 0.58868 111544
 0.5888 120961
 0.58892 128310
 0.58904 132938
 0.58916 134354
 0.58928 132337
 0.5894 126991
 0.58952 118883
 0.58964 108958
 0.58976 98098.6
 0.58988 87142.7
 0.59 76759
 0.59012 67449.7
 0.59024 59578.8
 0.59036 53263.8
 0.59048 48438.7
 0.5906 44711.6
 0.59072 41645
 0.59084 38848.3
 0.59096 36090.2
 0.59108 33273.9
 0.5912 30337.2
 0.59132 27341.1
 0.59144 24436.5
 0.59156 21884.9
 0.59168 19994.5
 0.5918 18970.8
 0.59192 18944.3
 0.59204 19963.7
 0.59216 22091.6
 0.59228 25378.7
 0.5924 29794.5
 0.59252 35124.5
 0.59264 41004.6
 0.59276 47191
 0.59288 53490.6
 0.593 59643.1
 0.59312 65341.8
 0.59324 70216.1
 0.59336 73938.5
 0.59348 76371.1
 0.5936 77756.4
 0.59372 78352.5
 0.59384 78358.5
 0.59396 78131.2
 0.59408 78126.9
 0.5942 78876.4
 0.59432 80832.2
 0.59444 84316.3
 0.59456 89273.5
 0.59468 95408.1
 0.5948 102439
 0.59492 110055
 0.59504 117880
 0.59516 125436
 0.59528 132365
 0.5954 138438
 0.59552 143487
 0.59564 147579
 0.59576 150816
 0.59588 153234
 0.596 154577
 0.59612 154693
 0.59624 153378
 0.59636 150359
 0.59648 145546
 0.5966 139027
 0.59672 130927
 0.59684 121331
 0.59696 110738
 0.59708 99823.7
 0.5972 89218.3
 0.59732 79552.4
 0.59744 71255
 0.59756 64375.1
 0.59768 58748.5
 0.5978 54277.7
 0.59792 50848.7
 0.59804 48125.1
 0.59816 45822
 0.59828 43670.2
 0.5984 41538.8
 0.59852 39566.1
 0.59864 38153
 0.59876 37729.9
 0.59888 38552.1
 0.599 40764.3
 0.59912 44310.3
 0.59924 49129.8
 0.59936 55177
 0.59948 62239.3
 0.5996 69839.7
 0.59972 77370
 0.59984 84242.8
 0.59996 90084.8
 0.60008 94856.4
 0.6002 98544
 0.60032 100883
 0.60044 101562
 0.60056 100528
 0.60068 97881.7
 0.6008 93878
 0.60092 88688.6
 0.60104 82319.2
 0.60116 74743.7
 0.60128 66264.6
 0.6014 57469.9
 0.60152 48847.4
 0.60164 40801.9
 0.60176 33659.1
 0.60188 27727.2
 0.602 23314
 0.60212 20688.9
 0.60224 19949.4
 0.60236 20941.6
 0.60248 23506.2
 0.6026 27476.1
 0.60272 32566.6
 0.60284 38425.6
 0.60296 44660.5
 0.60308 50906.4
 0.6032 56841.6
 0.60332 62208.1
 0.60344 66722.8
 0.60356 70035.6
 0.60368 71930.5
 0.6038 72372.5
 0.60392 71423.5
 0.60404 69256.4
 0.60416 66046.3
 0.60428 61982.5
 0.6044 57304.9
 0.60452 52351.7
 0.60464 47488.9
 0.60476 42963.5
 0.60488 38954
 0.605 35520.4
 0.60512 32697.4
 0.60524 30512.1
 0.60536 28889.6
 0.60548 27734.4
 0.6056 26933
 0.60572 26368
 0.60584 25946.7
 0.60596 25648.4
 0.60608 25502
 0.6062 25467.8
 0.60632 25615.4
 0.60644 26076.4
 0.60656 26974.5
 0.60668 28469.8
 0.6068 30722.9
 0.60692 33795.2
 0.60704 37514.1
 0.60716 41776.8
 0.60728 46552.9
 0.6074 51777.5
 0.60752 57296.9
 0.60764 62776.5
 0.60776 67865.9
 0.60788 72274
 0.608 76066.1
 0.60812 79433.4
 0.60824 82348.5
 0.60836 84578.7
 0.60848 85845.1
 0.6086 86185.6
 0.60872 85718.3
 0.60884 84551.1
 0.60896 82614.8
 0.60908 79635.2
 0.6092 75401.1
 0.60932 70096.7
 0.60944 64186
 0.60956 58039.1
 0.60968 51907.5
 0.6098 46071.3
 0.60992 40882.3
 0.61004 36793.3
 0.61016 34362.8
 0.61028 33936.8
 0.6104 35436.7
 0.61052 38629.6
 0.61064 43321.1
 0.61076 49247.1
 0.61088 55958.4
 0.611 62859.8
 0.61112 69202
 0.61124 74205.8
 0.61136 77463.9
 0.61148 78880.7
 0.6116 78412.3
 0.61172 76083.9
 0.61184 72186.3
 0.61196 67333
 0.61208 62346.3
 0.6122 58143.1
 0.61232 55458.7
 0.61244 54663.2
 0.61256 56000.1
 0.61268 59654.8
 0.6128 65696.4
 0.61292 73798.6
 0.61304 83350.6
 0.61316 93646.6
 0.61328 104035
 0.6134 114077
 0.61352 123392
 0.61364 131585
 0.61376 138110
 0.61388 142552
 0.614 144852
 0.61412 145070
 0.61424 143283
 0.61436 139508
 0.61448 133809
 0.6146 126428
 0.61472 117968
 0.61484 109226
 0.61496 100880
 0.61508 93387.2
 0.6152 87113.7
 0.61532 82469.3
 0.61544 79878.3
 0.61556 79624
 0.61568 81573.4
 0.6158 85403.1
 0.61592 90658.1
 0.61604 97014.2
 0.61616 104281
 0.61628 112106
 0.6164 120023
 0.61652 127530
 0.61664 134314
 0.61676 140088
 0.61688 144463
 0.617 147099
 0.61712 147579
 0.61724 145721
 0.61736 141564
 0.61748 135148
 0.6176 126604
 0.61772 116210
 0.61784 104589
 0.61796 92432.4
 0.61808 80425
 0.6182 69120
 0.61832 58865.5
 0.61844 50027.8
 0.61856 42897.7
 0.61868 37533.9
 0.6188 33732.7
 0.61892 31110.2
 0.61904 29284
 0.61916 27899.8
 0.61928 26686.1
 0.6194 25424.7
 0.61952 23926.3
 0.61964 22120.2
 0.61976 20100.2
 0.61988 18075.4
 0.62 16297.2
 0.62012 15015.4
 0.62024 14420
 0.62036 14605.8
 0.62048 15614
 0.6206 17462.7
 0.62072 20092.5
 0.62084 23350.3
 0.62096 26930.6
 0.62108 30538.2
 0.6212 33938.7
 0.62132 37038.5
 0.62144 39849.9
 0.62156 42439.2
 0.62168 44900.7
 0.6218 47305.6
 0.62192 49919
 0.62204 53006.6
 0.62216 56732.4
 0.62228 61169.3
 0.6224 66180.7
 0.62252 71398.6
 0.62264 76345.9
 0.62276 80615.5
 0.62288 83828.9
 0.623 85576.9
 0.62312 85617.7
 0.62324 83751.7
 0.62336 79888
 0.62348 74295.1
 0.6236 67462.4
 0.62372 59905.3
 0.62384 52050
 0.62396 44331.6
 0.62408 37108.9
 0.6242 30746.1
 0.62432 25658.7
 0.62444 22134.8
 0.62456 20285.1
 0.62468 20152.2
 0.6248 21761.1
 0.62492 25032.8
 0.62504 29847.5
 0.62516 35886.2
 0.62528 42727.4
 0.6254 49875.6
 0.62552 56913.8
 0.62564 63475.1
 0.62576 69248.6
 0.62588 74124
 0.626 78132
 0.62612 81564
 0.62624 84902.6
 0.62636 88583.7
 0.62648 92820.9
 0.6266 97773.5
 0.62672 103505
 0.62684 109925
 0.62696 116691
 0.62708 123326
 0.6272 129164
 0.62732 133636
 0.62744 136584
 0.62756 137968
 0.62768 137729
 0.6278 135917
 0.62792 132790
 0.62804 128687
 0.62816 123934
 0.62828 118837
 0.6284 113451
 0.62852 107665
 0.62864 101502
 0.62876 94988.9
 0.62888 88070.6
 0.629 80656.4
 0.62912 72815
 0.62924 64695.4
 0.62936 56494.6
 0.62948 48474.8
 0.6296 40892.8
 0.62972 33953.1
 0.62984 27865
 0.62996 22837.7
 0.63008 18927.6
 0.6302 16069.1
 0.63032 14158.5
 0.63044 13092.3
 0.63056 12719.8
 0.63068 12854
 0.6308 13314
 0.63092 13919.9
 0.63104 14541.9
 0.63116 15153.2
 0.63128 15803.2
 0.6314 16560.6
 0.63152 17506.3
 0.63164 18750.3
 0.63176 20407.6
 0.63188 22602.7
 0.632 25482.3
 0.63212 29150
 0.63224 33556.5
 0.63236 38533.1
 0.63248 43902.5
 0.6326 49487.3
 0.63272 55121.6
 0.63284 60666.8
 0.63296 65918.7
 0.63308 70599.1
 0.6332 74473.4
 0.63332 77531.9
 0.63344 79835.7
 0.63356 81457.4
 0.63368 82461.5
 0.6338 82827.6
 0.63392 82521.4
 0.63404 81660
 0.63416 80535
 0.63428 79388
 0.6344 78340
 0.63452 77460.1
 0.63464 76826.5
 0.63476 76526.7
 0.63488 76689.9
 0.635 77385.7
 0.63512 78568
 0.63524 80083.4
 0.63536 81732.3
 0.63548 83378.8
 0.6356 84802.1
 0.63572 85847.2
 0.63584 86513.2
 0.63596 86842.3
 0.63608 86797
 0.6362 86200
 0.63632 85091
 0.63644 83560.8
 0.63656 81864.5
 0.63668 80257.8
 0.6368 78770.7
 0.63692 77330.3
 0.63704 75980.5
 0.63716 75140.9
 0.63728 75140
 0.6374 76057
 0.63752 77841.2
 0.63764 80389
 0.63776 83719.8
 0.63788 87846.8
 0.638 92618.9
 0.63812 97557.8
 0.63824 102038
 0.63836 105722
 0.63848 108382
 0.6386 109807
 0.63872 109686
 0.63884 107771
 0.63896 104025
 0.63908 98714.3
 0.6392 92301.2
 0.63932 85187.8
 0.63944 77669.3
 0.63956 70038.6
 0.63968 62689.2
 0.6398 56116.5
 0.63992 50740
 0.64004 46693.2
 0.64016 43959.5
 0.64028 42468.3
 0.6404 42179.9
 0.64052 43082.9
 0.64064 45150.8
 0.64076 48149.3
 0.64088 51670
 0.641 55499.1
 0.64112 59629.3
 0.64124 63987.2
 0.64136 68480.4
 0.64148 72990.9
 0.6416 77303.1
 0.64172 81303.6
 0.64184 85174.7
 0.64196 89042.8
 0.64208 92671.1
 0.6422 95907.2
 0.64232 98728.6
 0.64244 101069
 0.64256 102946
 0.64268 104429
 0.6428 105409
 0.64292 105664
 0.64304 105346
 0.64316 104619
 0.64328 103383
 0.6434 101561
 0.64352 99171.2
 0.64364 96167.4
 0.64376 92461.3
 0.64388 88127.9
 0.644 83117
 0.64412 77388.5
 0.64424 71213.4
 0.64436 64954.5
 0.64448 58867.3
 0.6446 53164.8
 0.64472 48208.2
 0.64484 44364.3
 0.64496 41975.2
 0.64508 41252.7
 0.6452 42162.5
 0.64532 44551.7
 0.64544 48283.1
 0.64556 53221
 0.64568 59021.9
 0.6458 65191.7
 0.64592 71087.2
 0.64604 76141.8
 0.64616 79976.2
 0.64628 82261.1
 0.6464 82673.3
 0.64652 80922.2
 0.64664 77011.8
 0.64676 71136
 0.64688 63733.2
 0.647 55387.4
 0.64712 46573.5
 0.64724 37755.3
 0.64736 29414.5
 0.64748 22028.2
 0.6476 15903.6
 0.64772 11170.4
 0.64784 7837.66
 0.64796 5746.44
 0.64808 4731.7
 0.6482 4647.58
 0.64832 5298.34
 0.64844 6481.5
 0.64856 8078.15
 0.64868 10050.9
 0.6488 12406.8
 0.64892 15230.4
 0.64904 18636.5
 0.64916 22737.1
 0.64928 27624.1
 0.6494 33415.6
 0.64952 40030.9
 0.64964 47272.5
 0.64976 54908.2
 0.64988 62561.3
 0.65 69808.9
 0.65012 76150.1
 0.65024 81143.3
 0.65036 84371.1
 0.65048 85650.6
 0.6506 85032.3
 0.65072 82566.5
 0.65084 78504.5
 0.65096 73237.5
 0.65108 67248.7
 0.6512 61103.8
 0.65132 55328.1
 0.65144 50277.8
 0.65156 46083.2
 0.65168 42929.3
 0.6518 40888.8
 0.65192 39825.6
 0.65204 39563.5
 0.65216 39854.1
 0.65228 40406.7
 0.6524 41013.1
 0.65252 41655.3
 0.65264 42267.9
 0.65276 42797.8
 0.65288 43368
 0.653 44144.2
 0.65312 45210
 0.65324 46571.5
 0.65336 48191.8
 0.65348 49897.3
 0.6536 51510
 0.65372 52863.4
 0.65384 53735.1
 0.65396 53862.5
 0.65408 53072.9
 0.6542 51449.8
 0.65432 49248.4
 0.65444 46808
 0.65456 44432.9
 0.65468 42424.6
 0.6548 41035.2
 0.65492 40454.1
 0.65504 40842.7
 0.65516 42169.7
 0.65528 44114.3
 0.6554 46206.9
 0.65552 48082.4
 0.65564 49414
 0.65576 49924.7
 0.65588 49492.9
 0.656 48053.8
 0.65612 45602.3
 0.65624 42356.8
 0.65636 38755.5
 0.65648 35193.5
 0.6566 31965.1
 0.65672 29332.1
 0.65684 27469.4
 0.65696 26433.2
 0.65708 26251
 0.6572 26920.5
 0.65732 28296
 0.65744 30189.2
 0.65756 32492.2
 0.65768 35147.2
 0.6578 38079.1
 0.65792 41292.1
 0.65804 44847
 0.65816 48607.3
 0.65828 52434.7
 0.6584 56278
 0.65852 60104.9
 0.65864 63852.6
 0.65876 67560.1
 0.65888 71318.7
 0.659 75241.8
 0.65912 79716.5
 0.65924 85265.6
 0.65936 92293.9
 0.65948 101049
 0.6596 111790
 0.65972 124565
 0.65984 139076
 0.65996 154789
 0.66008 170848
 0.6602 186278
 0.66032 200018
 0.66044 211184
 0.66056 218801
 0.66068 222086
 0.6608 220850
 0.66092 215286
 0.66104 206109
 0.66116 194043
 0.66128 180048
 0.6614 165139
 0.66152 150481
 0.66164 137201
 0.66176 126111
 0.66188 117752
 0.662 112145
 0.66212 109223
 0.66224 108907
 0.66236 110951
 0.66248 115076
 0.6626 120941
 0.66272 128036
 0.66284 135659
 0.66296 143326
 0.66308 150706
 0.6632 157234
 0.66332 162412
 0.66344 165649
 0.66356 166303
 0.66368 164093
 0.6638 159208
 0.66392 151984
 0.66404 142688
 0.66416 131914
 0.66428 120237
 0.6644 108236
 0.66452 96706.3
 0.66464 86283.4
 0.66476 77263.6
 0.66488 69728.6
 0.665 63752.6
 0.66512 59204.2
 0.66524 55928.7
 0.66536 53943.1
 0.66548 53107.8
 0.6656 53097.8
 0.66572 53673.5
 0.66584 54778.5
 0.66596 56333.8
 0.66608 58231.5
 0.6662 60414.2
 0.66632 62689.1
 0.66644 64804.9
 0.66656 66845.7
 0.66668 69037.1
 0.6668 71386.8
 0.66692 73851.8
 0.66704 76579.6
 0.66716 79672.6
 0.66728 83178.4
 0.6674 87218.5
 0.66752 91626.7
 0.66764 95910.4
 0.66776 99760.3
 0.66788 103078
 0.668 105575
 0.66812 106892
 0.66824 106891
 0.66836 105564
 0.66848 103131
 0.6686 100224
 0.66872 97343.6
 0.66884 94680.5
 0.66896 92468.9
 0.66908 91140.4
 0.6692 90913
 0.66932 91632.1
 0.66944 92862.4
 0.66956 93905
 0.66968 94156.1
 0.6698 93366.8
 0.66992 91462.2
 0.67004 88274.7
 0.67016 83722.6
 0.67028 78126.2
 0.6704 72205.2
 0.67052 66772.1
 0.67064 62559.3
 0.67076 59966.7
 0.67088 59029.5
 0.671 59596.9
 0.67112 61440.1
 0.67124 64141.8
 0.67136 66984.9
 0.67148 69199
 0.6716 70078.6
 0.67172 69148.7
 0.67184 66290.1
 0.67196 61744.7
 0.67208 55929.3
 0.6722 49307.9
 0.67232 42420.3
 0.67244 35826.3
 0.67256 30022.9
 0.67268 25458.6
 0.6728 22424.2
 0.67292 20966
 0.67304 21027.1
 0.67316 22565.6
 0.67328 25543.2
 0.6734 29909.3
 0.67352 35652.3
 0.67364 42609.7
 0.67376 50527.5
 0.67388 59236.4
 0.674 68475.5
 0.67412 77754.4
 0.67424 86565.1
 0.67436 94396.8
 0.67448 100727
 0.6746 105204
 0.67472 107789
 0.67484 108380
 0.67496 106907
 0.67508 103695
 0.6752 99132.2
 0.67532 93558.8
 0.67544 87397.9
 0.67556 81035.8
 0.67568 74588.7
 0.6758 68129.6
 0.67592 61879
 0.67604 55853.4
 0.67616 50013.5
 0.67628 44504.1
 0.6764 39422.7
 0.67652 34844
 0.67664 30966.6
 0.67676 28158.3
 0.67688 26748.9
 0.677 27099.2
 0.67712 29533.6
 0.67724 34091
 0.67736 40747.5
 0.67748 49440
 0.6776 59926.3
 0.67772 71721.3
 0.67784 84143.7
 0.67796 96332.8
 0.67808 107419
 0.6782 116738
 0.67832 123766
 0.67844 128011
 0.67856 129142
 0.67868 127113
 0.6788 122133
 0.67892 114762
 0.67904 105696
 0.67916 95633.5
 0.67928 85188.7
 0.6794 74969.5
 0.67952 65584.9
 0.67964 57549.7
 0.67976 51250.7
 0.67988 46828.6
 0.68 44293.1
 0.68012 43636.7
 0.68024 44802.8
 0.68036 47677.3
 0.68048 52126.7
 0.6806 57972.5
 0.68072 64921.8
 0.68084 72640.8
 0.68096 80781.5
 0.68108 88871.6
 0.6812 96451.8
 0.68132 103221
 0.68144 108911
 0.68156 113200
 0.68168 115923
 0.6818 117196
 0.68192 117276
 0.68204 116550
 0.68216 115519
 0.68228 114575
 0.6824 113999
 0.68252 114033
 0.68264 114899
 0.68276 116538
 0.68288 118601
 0.683 120719
 0.68312 122405
 0.68324 123139
 0.68336 122463
 0.68348 120117
 0.6836 115884
 0.68372 109647
 0.68384 101664
 0.68396 92284.1
 0.68408 81951.6
 0.6842 71311.2
 0.68432 61031
 0.68444 51670.8
 0.68456 43758.1
 0.68468 37851.8
 0.6848 34327.2
 0.68492 33417.1
 0.68504 35196.3
 0.68516 39359.4
 0.68528 45475.9
 0.6854 53122.1
 0.68552 61826.1
 0.68564 70953.8
 0.68576 79862.3
 0.68588 87894.2
 0.686 94462.1
 0.68612 99375.4
 0.68624 102553
 0.68636 103926
 0.68648 103480
 0.6866 101396
 0.68672 97981.8
 0.68684 93683.2
 0.68696 89034.5
 0.68708 84426.3
 0.6872 80393.6
 0.68732 77583.9
 0.68744 76530.9
 0.68756 77637.8
 0.68768 81164.2
 0.6878 87072.3
 0.68792 95096
 0.68804 104894
 0.68816 115688
 0.68828 126335
 0.6884 135794
 0.68852 143194
 0.68864 147764
 0.68876 149030
 0.68888 146876
 0.689 141312
 0.68912 132787
 0.68924 122300
 0.68936 110915
 0.68948 99596.9
 0.6896 89149.3
 0.68972 80178.8
 0.68984 73128.8
 0.68996 68357.5
 0.69008 66046.3
 0.6902 65926.4
 0.69032 67514
 0.69044 70151.5
 0.69056 73229.1
 0.69068 76364.8
 0.6908 79108.3
 0.69092 80946.5
 0.69104 81389.7
 0.69116 80097
 0.69128 76959.9
 0.6914 72139.9
 0.69152 66055.9
 0.69164 58997.4
 0.69176 51312.2
 0.69188 43486.3
 0.692 36029.5
 0.69212 29471.1
 0.69224 24254.9
 0.69236 20647.2
 0.69248 18595.4
 0.6926 18004.3
 0.69272 18763
 0.69284 20665.3
 0.69296 23465.1
 0.69308 26793.3
 0.6932 30186.4
 0.69332 33207.5
 0.69344 35632.7
 0.69356 37345
 0.69368 38243.5
 0.6938 38270
 0.69392 37406.4
 0.69404 35789.7
 0.69416 33770.4
 0.69428 31799.7
 0.6944 30246.9
 0.69452 29353
 0.69464 29290.4
 0.69476 30193.8
 0.69488 32097.8
 0.695 34949.8
 0.69512 38488.3
 0.69524 42323.9
 0.69536 46063.9
 0.69548 49344.3
 0.6956 51897.7
 0.69572 53492.4
 0.69584 54040.4
 0.69596 53582.4
 0.69608 52354.5
 0.6962 50690.1
 0.69632 48937.9
 0.69644 47490.3
 0.69656 46766.3
 0.69668 47186.5
 0.6968 49129.8
 0.69692 52800.2
 0.69704 57975.4
 0.69716 64256.3
 0.69728 71195.9
 0.6974 78343.3
 0.69752 85178.7
 0.69764 91117.3
 0.69776 95475.1
 0.69788 97705.5
 0.698 97793.3
 0.69812 96130.6
 0.69824 93222.3
 0.69836 89568.5
 0.69848 85655.2
 0.6986 82011.1
 0.69872 79320.1
 0.69884 78043.9
 0.69896 78283.4
 0.69908 79784.5
 0.6992 82175.3
 0.69932 85037.6
 0.69944 87974.2
 0.69956 90610.7
 0.69968 92495.6
 0.6998 93390.2
 0.69992 93391
 0.70004 92604.4
 0.70016 91232.8
 0.70028 89635.4
 0.7004 88301.7
 0.70052 87654.7
 0.70064 88104.2
 0.70076 89991.4
 0.70088 93464.8
 0.701 98788.7
 0.70112 106150
 0.70124 115271
 0.70136 125493
 0.70148 136120
 0.7016 146493
 0.70172 155952
 0.70184 163745
 0.70196 168984
 0.70208 170818
 0.7022 168965
 0.70232 163730
 0.70244 155580
 0.70256 145055
 0.70268 132706
 0.7028 119188
 0.70292 105380
 0.70304 92149.9
 0.70316 80109.3
 0.70328 69434.1
 0.7034 60198
 0.70352 52318.1
 0.70364 45665.2
 0.70376 40110.2
 0.70388 35457.4
 0.704 31487.6
 0.70412 28040.7
 0.70424 25081.7
 0.70436 22579.6
 0.70448 20594.9
 0.7046 19263.2
 0.70472 18705.1
 0.70484 18914.2
 0.70496 19840.5
 0.70508 21418.5
 0.7052 23498.5
 0.70532 25954.9
 0.70544 28637
 0.70556 31339.6
 0.70568 33897.2
 0.7058 36301
 0.70592 38669.4
 0.70604 41039.5
 0.70616 43568.6
 0.70628 46368.9
 0.7064 49527.2
 0.70652 53145.6
 0.70664 57253.3
 0.70676 61725.3
 0.70688 66268.9
 0.707 70701.4
 0.70712 74790.1
 0.70724 78385.8
 0.70736 81555.5
 0.70748 84422.1
 0.7076 87161.8
 0.70772 89969
 0.70784 93189
 0.70796 97165.9
 0.70808 102257
 0.7082 108736
 0.70832 116341
 0.70844 124489
 0.70856 132489
 0.70868 139796
 0.7088 145884
 0.70892 150112
 0.70904 151854
 0.70916 150535
 0.70928 146152
 0.7094 139356
 0.70952 130957
 0.70964 121688
 0.70976 112143
 0.70988 103037
 0.71 94992.2
 0.71012 88528.5
 0.71024 83827.7
 0.71036 80535
 0.71048 78139.8
 0.7106 76193.6
 0.71072 74313.7
 0.71084 72070.1
 0.71096 69201
 0.71108 65720.8
 0.7112 61805.2
 0.71132 57876.5
 0.71144 54434.5
 0.71156 51932.7
 0.71168 50823.6
 0.7118 51603.8
 0.71192 54575.7
 0.71204 59504.1
 0.71216 66001.5
 0.71228 73575
 0.7124 81727.9
 0.71252 89943
 0.71264 97582.6
 0.71276 103829
 0.71288 107917
 0.713 109675
 0.71312 109237
 0.71324 106765
 0.71336 102381
 0.71348 96160.3
 0.7136 88359.8
 0.71372 79501.3
 0.71384 70300.5
 0.71396 61226.4
 0.71408 52446.5
 0.7142 44107.7
 0.71432 36393.6
 0.71444 29621.5
 0.71456 24072.2
 0.71468 19886.3
 0.7148 16993.6
 0.71492 15263.1
 0.71504 14583
 0.71516 14854.8
 0.71528 15977.3
 0.7154 17813.4
 0.71552 20181.1
 0.71564 22841.8
 0.71576 25608.6
 0.71588 28419.3
 0.716 31383.9
 0.71612 34660.8
 0.71624 38440.1
 0.71636 42815.8
 0.71648 47724.8
 0.7166 53223.4
 0.71672 59411.9
 0.71684 66232.3
 0.71696 73350.3
 0.71708 80391
 0.7172 86887.6
 0.71732 92405.9
 0.71744 96812.4
 0.71756 100007
 0.71768 101864
 0.7178 102427
 0.71792 102166
 0.71804 101558
 0.71816 100982
 0.71828 100898
 0.7184 101621
 0.71852 103410
 0.71864 106385
 0.71876 110443
 0.71888 114981
 0.719 119289
 0.71912 122970
 0.71924 125680
 0.71936 127075
 0.71948 126680
 0.7196 124136
 0.71972 119376
 0.71984 112801
 0.71996 105037
 0.72008 96565.1
 0.7202 87718.6
 0.72032 78835.8
 0.72044 70344.4
 0.72056 62809
 0.72068 56600.2
 0.7208 51854.8
 0.72092 48512
 0.72104 46435.5
 0.72116 45453.6
 0.72128 45343.8
 0.7214 45972.9
 0.72152 47140.5
 0.72164 48648.4
 0.72176 50336.2
 0.72188 52023
 0.722 53686.4
 0.72212 55550.4
 0.72224 57948.2
 0.72236 61035
 0.72248 64793.2
 0.7226 69211.8
 0.72272 74284.3
 0.72284 80120.3
 0.72296 86729.2
 0.72308 93543.2
 0.7232 99810.2
 0.72332 104977
 0.72344 108745
 0.72356 110869
 0.72368 111104
 0.7238 109153
 0.72392 104645
 0.72404 97893
 0.72416 89623.2
 0.72428 80468.8
 0.7244 70885.5
 0.72452 61265.9
 0.72464 52034.4
 0.72476 43664.6
 0.72488 36753.5
 0.725 31647.7
 0.72512 28212.4
 0.72524 26278
 0.72536 25756
 0.72548 26625
 0.7256 28804.3
 0.72572 32020.7
 0.72584 35910.9
 0.72596 40093.7
 0.72608 44441.5
 0.7262 48942.8
 0.72632 53487.6
 0.72644 57797.9
 0.72656 61548.2
 0.72668 64682.7
 0.7268 67332.3
 0.72692 69603.3
 0.72704 71447.4
 0.72716 72616.4
 0.72728 72976.3
 0.7274 72711.3
 0.72752 72250
 0.72764 71923.1
 0.72776 71826.1
 0.72788 71973
 0.728 72542.7
 0.72812 73930.9
 0.72824 76493.1
 0.72836 80104.3
 0.72848 84270
 0.7286 88435
 0.72872 92147.1
 0.72884 95166.1
 0.72896 97207.6
 0.72908 97869.9
 0.7292 96738.5
 0.72932 93893.1
 0.72944 89844.5
 0.72956 85125.4
 0.72968 80191.7
 0.7298 75379.8
 0.72992 70960
 0.73004 67228.7
 0.73016 64440.5
 0.73028 62543.1
 0.7304 61169.3
 0.73052 59974
 0.73064 58813.3
 0.73076 57575.7
 0.73088 56181.5
 0.731 54556.7
 0.73112 52691.3
 0.73124 50803.8
 0.73136 49178.3
 0.73148 48073.8
 0.7316 47516.5
 0.73172 47478.7
 0.73184 47932.9
 0.73196 48849.7
 0.73208 50130
 0.7322 51476.8
 0.73232 52550.4
 0.73244 53096.8
 0.73256 53011.1
 0.73268 52285.2
 0.7328 50914.1
 0.73292 48921.7
 0.73304 46419.4
 0.73316 43688
 0.73328 41057.7
 0.7334 38796.8
 0.73352 37100.2
 0.73364 36073.1
 0.73376 35813.5
 0.73388 36348.2
 0.734 37531.5
 0.73412 39065.7
 0.73424 40682
 0.73436 42157.1
 0.73448 43286.7
 0.7346 43898
 0.73472 43844.5
 0.73484 43064.5
 0.73496 41763.3
 0.73508 40322.3
 0.7352 39092.3
 0.73532 38429.6
 0.73544 38723.5
 0.73556 40364.9
 0.73568 43703.5
 0.7358 48942.8
 0.73592 56003.1
 0.73604 64539.2
 0.73616 74176.2
 0.73628 84306.1
 0.7364 94097.6
 0.73652 102688
 0.73664 109252
 0.73676 113158
 0.73688 114024
 0.737 111769
 0.73712 106440
 0.73724 98381.5
 0.73736 88370.4
 0.73748 77314.7
 0.7376 66140.6
 0.73772 55608
 0.73784 46312.8
 0.73796 38667.2
 0.73808 32944.6
 0.7382 29270.1
 0.73832 27461.3
 0.73844 27176.2
 0.73856 27951.4
 0.73868 29362.8
 0.7388 31125.7
 0.73892 33093.8
 0.73904 35203.1
 0.73916 37425.4
 0.73928 39821.8
 0.7394 42536.8
 0.73952 45790.7
 0.73964 49945.9
 0.73976 55308.5
 0.73988 61875.7
 0.74 69381.1
 0.74012 77561.6
 0.74024 86149.8
 0.74036 94768.3
 0.74048 103054
 0.7406 110551
 0.74072 116608
 0.74084 120772
 0.74096 123154
 0.74108 123983
 0.7412 123386
 0.74132 121632
 0.74144 118958
 0.74156 115562
 0.74168 111904
 0.7418 108666
 0.74192 106146
 0.74204 104247
 0.74216 102928
 0.74228 102060
 0.7424 101532
 0.74252 101373
 0.74264 101535
 0.74276 101636
 0.74288 101134
 0.743 99896.7
 0.74312 97992.9
 0.74324 95593.8
 0.74336 92927.5
 0.74348 90059.5
 0.7436 86852.9
 0.74372 83259.9
 0.74384 79651.6
 0.74396 76317.7
 0.74408 73238
 0.7442 70257.3
 0.74432 67125.8
 0.74444 63651.8
 0.74456 59927.8
 0.74468 56217.7
 0.7448 52480.9
 0.74492 48542.8
 0.74504 44425.8
 0.74516 40333
 0.74528 36520.9
 0.7454 33264.2
 0.74552 30783.1
 0.74564 29161.7
 0.74576 28624.6
 0.74588 29532.1
 0.746 32093.4
 0.74612 36272.4
 0.74624 41931.1
 0.74636 48904.8
 0.74648 56821.5
 0.7466 65130.2
 0.74672 73170.2
 0.74684 80211.6
 0.74696 85663.1
 0.74708 89189.5
 0.7472 90649.7
 0.74732 89959.8
 0.74744 87258.9
 0.74756 83064.2
 0.74768 78017.2
 0.7478 72743
 0.74792 67720.3
 0.74804 63280
 0.74816 59619.5
 0.74828 56808.7
 0.7484 54814.9
 0.74852 53366.5
 0.74864 52151.8
 0.74876 50916.2
 0.74888 49583.5
 0.749 48124.5
 0.74912 46507.5
 0.74924 44835.7
 0.74936 43386.7
 0.74948 42458.1
 0.7496 42323.7
 0.74972 43184.4
 0.74984 45167.2
 0.74996 48403.1
 0.75008 53101
 0.7502 59324.4
 0.75032 66765.7
 0.75044 74945.1
 0.75056 83411
 0.75068 91773
 0.7508 99662.4
 0.75092 106577
 0.75104 111830
 0.75116 114900
 0.75128 115636
 0.7514 114430
 0.75152 111745
 0.75164 107959
 0.75176 103317
 0.75188 98137.6
 0.752 93006.1
 0.75212 88495.4
 0.75224 84929.6
 0.75236 82103.6
 0.75248 79592.7
 0.7526 77025.4
 0.75272 74254.8
 0.75284 71275.4
 0.75296 67992
 0.75308 64215.7
 0.7532 59862.4
 0.75332 55108.3
 0.75344 50327.4
 0.75356 45901.7
 0.75368 42134.5
 0.7538 39208.2
 0.75392 37215.8
 0.75404 36308.2
 0.75416 36664.5
 0.75428 38443.9
 0.7544 41780.1
 0.75452 46824.1
 0.75464 53664.4
 0.75476 62203
 0.75488 72305.8
 0.755 83684
 0.75512 95933.5
 0.75524 108425
 0.75536 120387
 0.75548 130984
 0.7556 139317
 0.75572 144870
 0.75584 147391
 0.75596 146944
 0.75608 143747
 0.7562 138347
 0.75632 131543
 0.75644 124146
 0.75656 117177
 0.75668 111449
 0.7568 107356
 0.75692 105030
 0.75704 104415
 0.75716 105255
 0.75728 107094
 0.7574 109500
 0.75752 111820
 0.75764 113356
 0.75776 113784
 0.75788 112977
 0.758 110904
 0.75812 107670
 0.75824 103427
 0.75836 98230.7
 0.75848 92314.3
 0.7586 86106.9
 0.75872 79826.5
 0.75884 73500.9
 0.75896 67214.1
 0.75908 60951.2
 0.7592 54690.2
 0.75932 48535.3
 0.75944 42605.9
 0.75956 36833.5
 0.75968 31239.4
 0.7598 26004.8
 0.75992 21248
 0.76004 17085.3
 0.76016 13642.3
 0.76028 11007.6
 0.7604 9188.61
 0.76052 8234.48
 0.76064 8141.11
 0.76076 8800.43
 0.76088 10099.8
 0.761 11946.2
 0.76112 14247.1
 0.76124 16905.7
 0.76136 19774.9
 0.76148 22677.8
 0.7616 25474.8
 0.76172 28064.3
 0.76184 30357.2
 0.76196 32264.8
 0.76208 33704.5
 0.7622 34655.4
 0.76232 35215.9
 0.76244 35631.9
 0.76256 36188.7
 0.76268 37139.6
 0.7628 38728.3
 0.76292 41214.1
 0.76304 44905.8
 0.76316 49983.9
 0.76328 56377.4
 0.7634 63821.6
 0.76352 71826.9
 0.76364 79916.2
 0.76376 87679
 0.76388 94683.4
 0.764 100322
 0.76412 103919
 0.76424 105173
 0.76436 103955
 0.76448 100442
 0.7646 94954.3
 0.76472 87725.5
 0.76484 78989.4
 0.76496 69156.3
 0.76508 58937.3
 0.7652 48929.7
 0.76532 39588.4
 0.76544 31219.3
 0.76556 23956.7
 0.76568 17967.3
 0.7658 13435.6
 0.76592 10483.6
 0.76604 9020.66
 0.76616 8818.75
 0.76628 9643.44
 0.7664 11300.7
 0.76652 13646.1
 0.76664 16465.6
 0.76676 19477.2
 0.76688 22403.4
 0.767 25010.4
 0.76712 27145.7
 0.76724 28768.9
 0.76736 29791.2
 0.76748 30114
 0.7676 29727
 0.76772 28767.8
 0.76784 27390.2
 0.76796 25748.1
 0.76808 23987.8
 0.7682 22188.3
 0.76832 20473.2
 0.76844 18996
 0.76856 17825.4
 0.76868 16918.4
 0.7688 16198.7
 0.76892 15590.3
 0.76904 15017
 0.76916 14416.5
 0.76928 13729
 0.7694 12871.8
 0.76952 11876.2
 0.76964 10819.9
 0.76976 9798.04
 0.76988 8905.78
 0.77 8238.49
 0.77012 7890.87
 0.77024 7917.79
 0.77036 8330.23
 0.77048 9075.19
 0.7706 10059.5
 0.77072 11189.6
 0.77084 12371.8
 0.77096 13512.7
 0.77108 14518.7
 0.7712 15324.3
 0.77132 15937.8
 0.77144 16346
 0.77156 16547.8
 0.77168 16543.2
 0.7718 16332.2
 0.77192 15914.7
 0.77204 15290.8
 0.77216 14454.9
 0.77228 13377.4
 0.7724 12130.6
 0.77252 10815.7
 0.77264 9534.18
 0.77276 8392.35
 0.77288 7519.36
 0.773 7050.8
 0.77312 7123.12
 0.77324 7883.24
 0.77336 9346.07
 0.77348 11442.7
 0.7736 14103.7
 0.77372 17253.7
 0.77384 20742.3
 0.77396 24366.1
 0.77408 27947
 0.7742 31288.3
 0.77432 34206.4
 0.77444 36658.6
 0.77456 38622.6
 0.77468 40102
 0.7748 41175
 0.77492 42049
 0.77504 42906.4
 0.77516 43845.9
 0.77528 45068.9
 0.7754 46652.1
 0.77552 48601.2
 0.77564 50826.4
 0.77576 53172.2
 0.77588 55382.4
 0.776 57115.9
 0.77612 58156
 0.77624 58275.1
 0.77636 57313.7
 0.77648 55248.1
 0.7766 52190.2
 0.77672 48375.4
 0.77684 44066.9
 0.77696 39633.8
 0.77708 35487.7
 0.7772 31975.3
 0.77732 29360.8
 0.77744 27820
 0.77756 27391.7
 0.77768 27966.5
 0.7778 29417.1
 0.77792 31585.2
 0.77804 34214.2
 0.77816 37074.6
 0.77828 40036.4
 0.7784 42913.6
 0.77852 45528.1
 0.77864 47856.8
 0.77876 49894
 0.77888 51636.9
 0.779 53107.5
 0.77912 54290.7
 0.77924 55052
 0.77936 55382.6
 0.77948 55465.4
 0.7796 55334.8
 0.77972 55001.5
 0.77984 54476.8
 0.77996 53771.4
 0.78008 52927.9
 0.7802 52144.6
 0.78032 51477.6
 0.78044 50752.6
 0.78056 49911
 0.78068 48936
 0.7808 47810.4
 0.78092 46517.4
 0.78104 45037.8
 0.78116 43291.5
 0.78128 41285.7
 0.7814 39224.9
 0.78152 37249.6
 0.78164 35449.7
 0.78176 33914.9
 0.78188 32735
 0.782 31997.4
 0.78212 31735.1
 0.78224 31857.5
 0.78236 32179
 0.78248 32521.4
 0.7826 32755.1
 0.78272 32770.1
 0.78284 32478.5
 0.78296 31819.8
 0.78308 30813.1
 0.7832 29687.9
 0.78332 28751.7
 0.78344 28300.8
 0.78356 28586.3
 0.78368 29780.2
 0.7838 32000.7
 0.78392 35240.7
 0.78404 39379.1
 0.78416 44090.2
 0.78428 48956.5
 0.7844 53612.4
 0.78452 57714.6
 0.78464 60973.3
 0.78476 63138.8
 0.78488 64140.6
 0.785 64051
 0.78512 63156.9
 0.78524 61820.5
 0.78536 60234.4
 0.78548 58531.7
 0.7856 56907.1
 0.78572 55595.1
 0.78584 54772.7
 0.78596 54543.8
 0.78608 54922.3
 0.7862 55787.9
 0.78632 57159.5
 0.78644 59169.1
 0.78656 61863.5
 0.78668 65203.2
 0.7868 69079.4
 0.78692 73273.1
 0.78704 77454.9
 0.78716 81274.2
 0.78728 84417.2
 0.7874 86523.3
 0.78752 87342.9
 0.78764 86663
 0.78776 84326.3
 0.78788 80388.7
 0.788 75047.9
 0.78812 68682.3
 0.78824 61697.1
 0.78836 54486.6
 0.78848 47361.1
 0.7886 40622
 0.78872 34591
 0.78884 29480.2
 0.78896 25424.9
 0.78908 22517.7
 0.7892 20765.2
 0.78932 20162.3
 0.78944 20630.5
 0.78956 22070.5
 0.78968 24284.3
 0.7898 27029.8
 0.78992 30106.6
 0.79004 33275.1
 0.79016 36275.6
 0.79028 38786.3
 0.7904 40613.8
 0.79052 41651
 0.79064 41891.1
 0.79076 41494.5
 0.79088 40588.8
 0.791 39228.7
 0.79112 37493.2
 0.79124 35596.8
 0.79136 33769.2
 0.79148 32152.2
 0.7916 30849.2
 0.79172 29791.4
 0.79184 28855.1
 0.79196 28068.5
 0.79208 27499.8
 0.7922 27142.6
 0.79232 26851.6
 0.79244 26480
 0.79256 25889.3
 0.79268 25011.1
 0.7928 23908.1
 0.79292 22581
 0.79304 20998.1
 0.79316 19154.1
 0.79328 17192.3
 0.7934 15365.3
 0.79352 13995.8
 0.79364 13476.5
 0.79376 14156.3
 0.79388 16378.6
 0.794 20426.1
 0.79412 26501.3
 0.79424 34670.3
 0.79436 44819.6
 0.79448 56660.7
 0.7946 69571.1
 0.79472 82792.1
 0.79484 95475.8
 0.79496 106859
 0.79508 116355
 0.7952 123503
 0.79532 128021
 0.79544 129706
 0.79556 128772
 0.79568 125672
 0.7958 121046
 0.79592 115497
 0.79604 109486
 0.79616 103337
 0.79628 97272.3
 0.7964 91644.2
 0.79652 86692.9
 0.79664 82562.2
 0.79676 79300.9
 0.79688 76908.8
 0.797 75452.1
 0.79712 75010.9
 0.79724 75711.8
 0.79736 77495.5
 0.79748 80100.9
 0.7976 83146.1
 0.79772 86213.4
 0.79784 88908.9
 0.79796 90830.9
 0.79808 91676.9
 0.7982 91202.5
 0.79832 89234.2
 0.79844 85800.4
 0.79856 81145
 0.79868 75560.6
 0.7988 69374.8
 0.79892 62930.4
 0.79904 56512.9
 0.79916 50305.7
 0.79928 44505.5
 0.7994 39296.3
 0.79952 34717.3
 0.79964 30769.5
 0.79976 27438.4
 0.79988 24683.1
