 0.2 46127.8
 0.20012 43486.7
 0.20024 41192.9
 0.20036 39853.7
 0.20048 39961.1
 0.2006 41813.8
 0.20072 45373.8
 0.20084 50533.5
 0.20096 57205
 0.20108 65186.3
 0.2012 73917.9
 0.20132 82666.4
 0.20144 90634.5
 0.20156 96981.7
 0.20168 101236
 0.2018 103184
 0.20192 102619
 0.20204 99417.3
 0.20216 93826.6
 0.20228 86297.3
 0.2024 77352.2
 0.20252 67745.1
 0.20264 58249.4
 0.20276 49421.8
 0.20288 41812.3
 0.203 35937
 0.20312 32072.3
 0.20324 30345.8
 0.20336 30911.8
 0.20348 33745.7
 0.2036 38562.8
 0.20372 45053.3
 0.20384 52923
 0.20396 61786.3
 0.20408 71376.3
 0.2042 81438.2
 0.20432 91498
 0.20444 101083
 0.20456 109896
 0.20468 117714
 0.2048 124262
 0.20492 129312
 0.20504 132702
 0.20516 134286
 0.20528 134195
 0.2054 132707
 0.20552 130086
 0.20564 126608
 0.20576 122534
 0.20588 118286
 0.206 114213
 0.20612 110577
 0.20624 107532
 0.20636 105075
 0.20648 103117
 0.2066 101601
 0.20672 100585
 0.20684 100087
 0.20696 100032
 0.20708 100470
 0.2072 101461
 0.20732 103125
 0.20744 105779
 0.20756 109622
 0.20768 114711
 0.2078 120919
 0.20792 128025
 0.20804 135651
 0.20816 143402
 0.20828 150890
 0.2084 157536
 0.20852 162785
 0.20864 166166
 0.20876 167348
 0.20888 166349
 0.209 163504
 0.20912 159285
 0.20924 154217
 0.20936 148983
 0.20948 144305
 0.2096 140850
 0.20972 139251
 0.20984 139874
 0.20996 142795
 0.21008 147855
 0.2102 154711
 0.21032 162617
 0.21044 170813
 0.21056 178697
 0.21068 185814
 0.2108 191866
 0.21092 196557
 0.21104 199728
 0.21116 201370
 0.21128 201918
 0.2114 201857
 0.21152 201428
 0.21164 200617
 0.21176 199124
 0.21188 196785
 0.212 193475
 0.21212 189005
 0.21224 183154
 0.21236 175757
 0.21248 166891
 0.2126 156729
 0.21272 145772
 0.21284 134522
 0.21296 123439
 0.21308 113029
 0.2132 103658
 0.21332 95459.9
 0.21344 88464.8
 0.21356 82713.7
 0.21368 78201.2
 0.2138 74865
 0.21392 72617.8
 0.21404 71284.1
 0.21416 70747.3
 0.21428 71085.4
 0.2144 72419.7
 0.21452 74881
 0.21464 78615.2
 0.21476 83685.5
 0.21488 90104.9
 0.215 97965.3
 0.21512 107362
 0.21524 118191
 0.21536 130192
 0.21548 142906
 0.2156 155644
 0.21572 167684
 0.21584 178550
 0.21596 187743
 0.21608 194734
 0.2162 199226
 0.21632 201291
 0.21644 201295
 0.21656 199886
 0.21668 197975
 0.2168 196016
 0.21692 194372
 0.21704 193441
 0.21716 193584
 0.21728 194539
 0.2174 195805
 0.21752 196806
 0.21764 196692
 0.21776 195037
 0.21788 191723
 0.218 186617
 0.21812 179327
 0.21824 169955
 0.21836 158951
 0.21848 146720
 0.2186 133788
 0.21872 120664
 0.21884 107630
 0.21896 94983.9
 0.21908 83375.6
 0.2192 73467.1
 0.21932 65620
 0.21944 60159.2
 0.21956 57289.8
 0.21968 57005.8
 0.2198 59136.9
 0.21992 63265.5
 0.22004 68737.5
 0.22016 74753.5
 0.22028 80576.8
 0.2204 85541.6
 0.22052 89170.1
 0.22064 91202.1
 0.22076 91688.4
 0.22088 91064.2
 0.221 90034.1
 0.22112 89279.4
 0.22124 89354.1
 0.22136 90783.2
 0.22148 93905.1
 0.2216 98887
 0.22172 105554
 0.22184 113482
 0.22196 121976
 0.22208 130253
 0.2222 137762
 0.22232 143971
 0.22244 148485
 0.22256 151031
 0.22268 151607
 0.2228 150492
 0.22292 148032
 0.22304 144741
 0.22316 141093
 0.22328 137434
 0.2234 133952
 0.22352 130686
 0.22364 127581
 0.22376 124391
 0.22388 120879
 0.224 116843
 0.22412 112016
 0.22424 106258
 0.22436 99691.2
 0.22448 92716.5
 0.2246 85865.6
 0.22472 79715.4
 0.22484 74676.2
 0.22496 71076.5
 0.22508 69216
 0.2252 69391.7
 0.22532 71859.7
 0.22544 76614.7
 0.22556 83322.2
 0.22568 91299.1
 0.2258 100131
 0.22592 109441
 0.22604 118862
 0.22616 128040
 0.22628 136410
 0.2264 143383
 0.22652 148629
 0.22664 152423
 0.22676 154975
 0.22688 156403
 0.227 156947
 0.22712 156730
 0.22724 155881
 0.22736 154575
 0.22748 152927
 0.2276 150770
 0.22772 147898
 0.22784 144284
 0.22796 139690
 0.22808 133888
 0.2282 126926
 0.22832 119153
 0.22844 110987
 0.22856 102823
 0.22868 94945
 0.2288 87503.4
 0.22892 80738.7
 0.22904 75148.3
 0.22916 70954.8
 0.22928 67946.7
 0.2294 65757.5
 0.22952 64027.7
 0.22964 62539.2
 0.22976 61129.8
 0.22988 59636.3
 0.23 57689.1
 0.23012 55026.5
 0.23024 51785.3
 0.23036 48218.2
 0.23048 44588.6
 0.2306 41116
 0.23072 37991.4
 0.23084 35407.4
 0.23096 33596.5
 0.23108 32757.4
 0.2312 32722.1
 0.23132 33193.3
 0.23144 33936.6
 0.23156 34791.5
 0.23168 35617.1
 0.2318 36279.7
 0.23192 36680.3
 0.23204 36785.2
 0.23216 36843.1
 0.23228 37311.2
 0.2324 38551.4
 0.23252 40751.5
 0.23264 44018.7
 0.23276 48461.1
 0.23288 54108.2
 0.233 60827.1
 0.23312 68219.9
 0.23324 75681.3
 0.23336 82662.2
 0.23348 88711.8
 0.2336 93527.9
 0.23372 96820
 0.23384 98337.1
 0.23396 98034.8
 0.23408 96133
 0.2342 93020.4
 0.23432 89122
 0.23444 84909.8
 0.23456 80805.4
 0.23468 77194.5
 0.2348 74424.7
 0.23492 72681.8
 0.23504 71995.3
 0.23516 72301.5
 0.23528 73332.5
 0.2354 74726.1
 0.23552 76068.9
 0.23564 76990.3
 0.23576 77182.2
 0.23588 76521.7
 0.236 74989.6
 0.23612 72574.2
 0.23624 69569.1
 0.23636 66434.1
 0.23648 63689
 0.2366 61824.8
 0.23672 61245.7
 0.23684 62176.3
 0.23696 64663.1
 0.23708 68785.3
 0.2372 74425
 0.23732 81254.6
 0.23744 88895.6
 0.23756 96785.1
 0.23768 104445
 0.2378 111470
 0.23792 117688
 0.23804 122878
 0.23816 126712
 0.23828 128986
 0.2384 129433
 0.23852 128083
 0.23864 125088
 0.23876 120606
 0.23888 114643
 0.239 107174
 0.23912 98511.4
 0.23924 89023.8
 0.23936 79224.1
 0.23948 69563.5
 0.2396 60301.4
 0.23972 51669.9
 0.23984 43971.5
 0.23996 37614.2
 0.24008 32759
 0.2402 29394.5
 0.24032 27429.9
 0.24044 26688.2
 0.24056 26979.1
 0.24068 28125.3
 0.2408 29900
 0.24092 31921.5
 0.24104 33947.7
 0.24116 35854
 0.24128 37601.9
 0.2414 39211.5
 0.24152 40788.6
 0.24164 42425.1
 0.24176 44213.9
 0.24188 46411.2
 0.242 49203.8
 0.24212 52725.2
 0.24224 56940.1
 0.24236 61664.1
 0.24248 66756.7
 0.2426 72259.4
 0.24272 78332.5
 0.24284 85142.9
 0.24296 92936.8
 0.24308 102133
 0.2432 113292
 0.24332 127327
 0.24344 145011
 0.24356 166568
 0.24368 191905
 0.2438 220658
 0.24392 252043
 0.24404 284659
 0.24416 316738
 0.24428 346052
 0.2444 370371
 0.24452 388022
 0.24464 397922
 0.24476 399098
 0.24488 391268
 0.245 375057
 0.24512 351902
 0.24524 323744
 0.24536 292751
 0.24548 261085
 0.2456 230458
 0.24572 202662
 0.24584 179301
 0.24596 161224
 0.24608 148529
 0.2462 140852
 0.24632 137587
 0.24644 137697
 0.24656 140023
 0.24668 143363
 0.2468 146354
 0.24692 147950
 0.24704 147558
 0.24716 144886
 0.24728 139769
 0.2474 132346
 0.24752 123239
 0.24764 113179
 0.24776 102976
 0.24788 93306.3
 0.248 84620.2
 0.24812 77202.1
 0.24824 71289.1
 0.24836 67161.8
 0.24848 64799.5
 0.2486 64013.9
 0.24872 64494.9
 0.24884 66065.6
 0.24896 68705
 0.24908 72465.2
 0.2492 77426.6
 0.24932 83549.4
 0.24944 90675.8
 0.24956 98650.9
 0.24968 107385
 0.2498 116701
 0.24992 126105
 0.25004 135031
 0.25016 142781
 0.25028 148668
 0.2504 152201
 0.25052 153124
 0.25064 151250
 0.25076 146471
 0.25088 139111
 0.251 129694
 0.25112 118930
 0.25124 107634
 0.25136 96568.3
 0.25148 86244.6
 0.2516 77112.5
 0.25172 69607.1
 0.25184 63928.7
 0.25196 59940.8
 0.25208 57358
 0.2522 55824.5
 0.25232 55007.3
 0.25244 54659.1
 0.25256 54621.8
 0.25268 54643.4
 0.2528 54433
 0.25292 53976
 0.25304 53441.7
 0.25316 52962.8
 0.25328 52530.4
 0.2534 52155.8
 0.25352 51845.2
 0.25364 51691.8
 0.25376 51941
 0.25388 52772
 0.254 54225.7
 0.25412 56293.3
 0.25424 59203.5
 0.25436 63177.7
 0.25448 68272.5
 0.2546 74406.9
 0.25472 81431.6
 0.25484 89112.1
 0.25496 97146.8
 0.25508 105335
 0.2552 113436
 0.25532 121064
 0.25544 127907
 0.25556 133801
 0.25568 138457
 0.2558 141597
 0.25592 143143
 0.25604 143028
 0.25616 141069
 0.25628 137204
 0.2564 131578
 0.25652 124462
 0.25664 116320
 0.25676 107814
 0.25688 99551.7
 0.257 92122.8
 0.25712 86169.7
 0.25724 82350.3
 0.25736 81148.3
 0.25748 82756.5
 0.2576 87162.7
 0.25772 94175.2
 0.25784 103312
 0.25796 113937
 0.25808 125281
 0.2582 136530
 0.25832 146819
 0.25844 155246
 0.25856 161101
 0.25868 163837
 0.2588 163404
 0.25892 160184
 0.25904 154865
 0.25916 148298
 0.25928 141425
 0.2594 135567
 0.25952 132179
 0.25964 132289
 0.25976 136329
 0.25988 144024
 0.26 154631
 0.26012 167182
 0.26024 180636
 0.26036 193626
 0.26048 204362
 0.2606 211378
 0.26072 213830
 0.26084 211607
 0.26096 205179
 0.26108 195232
 0.2612 182476
 0.26132 167697
 0.26144 152038
 0.26156 136724
 0.26168 122657
 0.2618 110395
 0.26192 99959.2
 0.26204 91161.6
 0.26216 83820.9
 0.26228 77856.9
 0.2624 73096.9
 0.26252 69127
 0.26264 65555.1
 0.26276 61991.4
 0.26288 58321.7
 0.263 54693.5
 0.26312 51251.8
 0.26324 48052.9
 0.26336 45046.5
 0.26348 42341.1
 0.2636 40076.8
 0.26372 38371.3
 0.26384 37323.9
 0.26396 36843.3
 0.26408 36836.3
 0.2642 37266.2
 0.26432 38168.4
 0.26444 39524
 0.26456 41289
 0.26468 43534.7
 0.2648 46267.9
 0.26492 49523.9
 0.26504 53281.7
 0.26516 57376.6
 0.26528 61615.5
 0.2654 65873.1
 0.26552 70065.5
 0.26564 74065.3
 0.26576 77787.5
 0.26588 81066.1
 0.266 83701.8
 0.26612 85684
 0.26624 87154.6
 0.26636 88215.8
 0.26648 88902.2
 0.2666 89116
 0.26672 88653.5
 0.26684 87484.5
 0.26696 85823.9
 0.26708 83861
 0.2672 81567.2
 0.26732 78817.1
 0.26744 75507.1
 0.26756 71747.9
 0.26768 67883.3
 0.2678 64206.3
 0.26792 60784.5
 0.26804 57589.7
 0.26816 54709.2
 0.26828 52373.4
 0.2684 50772.4
 0.26852 49965.2
 0.26864 49765.4
 0.26876 49894.7
 0.26888 50135.7
 0.269 50313.7
 0.26912 50234.3
 0.26924 49615.5
 0.26936 48306.8
 0.26948 46230.3
 0.2696 43448.3
 0.26972 40166
 0.26984 36616.9
 0.26996 33038
 0.27008 29668.9
 0.2702 26769.3
 0.27032 24515.6
 0.27044 23010.2
 0.27056 22338
 0.27068 22426.8
 0.2708 23132.3
 0.27092 24301.3
 0.27104 25808.8
 0.27116 27561.4
 0.27128 29486.1
 0.2714 31534.8
 0.27152 33660.7
 0.27164 36012.1
 0.27176 38783.3
 0.27188 42225.3
 0.272 46551.4
 0.27212 51929.3
 0.27224 58556.5
 0.27236 66660.5
 0.27248 76481.2
 0.2726 87984.7
 0.27272 101037
 0.27284 115411
 0.27296 130731
 0.27308 146488
 0.2732 161947
 0.27332 176199
 0.27344 188277
 0.27356 197338
 0.27368 202789
 0.2738 204124
 0.27392 201194
 0.27404 194249
 0.27416 183989
 0.27428 171556
 0.2744 158095
 0.27452 144732
 0.27464 132482
 0.27476 122190
 0.27488 114483
 0.275 109547
 0.27512 107066
 0.27524 106223
 0.27536 106137
 0.27548 106138
 0.2756 105551
 0.27572 103905
 0.27584 100814
 0.27596 96036.1
 0.27608 89766.1
 0.2762 82528
 0.27632 75065.7
 0.27644 68003.4
 0.27656 61907.2
 0.27668 57182.7
 0.2768 54013.8
 0.27692 52648
 0.27704 53135.7
 0.27716 55383.5
 0.27728 59063
 0.2774 63666.5
 0.27752 68601.2
 0.27764 73350.8
 0.27776 77717.4
 0.27788 81578.6
 0.278 84802.6
 0.27812 87203.1
 0.27824 88699.5
 0.27836 89452
 0.27848 89777.6
 0.2786 90002.5
 0.27872 90244.8
 0.27884 90404.5
 0.27896 90398.3
 0.27908 90269.8
 0.2792 90113
 0.27932 89786.2
 0.27944 89198.6
 0.27956 88313.1
 0.27968 87158.7
 0.2798 85943.3
 0.27992 84823.8
 0.28004 83905.9
 0.28016 83158.7
 0.28028 82755
 0.2804 82729.8
 0.28052 82907.6
 0.28064 83138.4
 0.28076 83230.1
 0.28088 83121.8
 0.281 82813.9
 0.28112 82333.3
 0.28124 81709.3
 0.28136 81077.4
 0.28148 80850.3
 0.2816 81364.3
 0.28172 82784.7
 0.28184 85140.1
 0.28196 88302.9
 0.28208 92163
 0.2822 96536.6
 0.28232 101066
 0.28244 105226
 0.28256 108454
 0.28268 110516
 0.2828 111298
 0.28292 110849
 0.28304 109295
 0.28316 106842
 0.28328 103905
 0.2834 100886
 0.28352 98220.5
 0.28364 96204.1
 0.28376 94954.1
 0.28388 94459.7
 0.284 94644.4
 0.28412 95329.5
 0.28424 96145.5
 0.28436 96757
 0.28448 97064.9
 0.2846 96920.1
 0.28472 96318.8
 0.28484 95479.1
 0.28496 94644.3
 0.28508 94108.2
 0.2852 94293.8
 0.28532 95684
 0.28544 98435.1
 0.28556 102562
 0.28568 108038
 0.2858 114551
 0.28592 121713
 0.28604 129030
 0.28616 135954
 0.28628 141840
 0.2864 146170
 0.28652 148718
 0.28664 149239
 0.28676 147612
 0.28688 143814
 0.287 137990
 0.28712 130425
 0.28724 121552
 0.28736 111945
 0.28748 102154
 0.2876 92904.4
 0.28772 85186.7
 0.28784 80106.9
 0.28796 78742.2
 0.28808 81981.6
 0.2882 90302.1
 0.28832 103775
 0.28844 122162
 0.28856 144659
 0.28868 169766
 0.2888 195523
 0.28892 219756
 0.28904 240287
 0.28916 255442
 0.28928 264183
 0.2894 265890
 0.28952 260628
 0.28964 249273
 0.28976 233314
 0.28988 214440
 0.29 194497
 0.29012 175101
 0.29024 157308
 0.29036 141767
 0.29048 128758
 0.2906 118098
 0.29072 109351
 0.29084 102080
 0.29096 95787.5
 0.29108 89971
 0.2912 84416.8
 0.29132 79218.1
 0.29144 74659.1
 0.29156 71082
 0.29168 68563.2
 0.2918 66972.7
 0.29192 66165.3
 0.29204 66087.6
 0.29216 66602.9
 0.29228 67418.7
 0.2924 68057
 0.29252 68074.8
 0.29264 67412.5
 0.29276 66409.8
 0.29288 65399.7
 0.293 64608.8
 0.29312 64281
 0.29324 64650.2
 0.29336 66054.7
 0.29348 68766.8
 0.2936 72841.3
 0.29372 77945.8
 0.29384 83670.1
 0.29396 89605.1
 0.29408 95251.5
 0.2942 100102
 0.29432 103696
 0.29444 105661
 0.29456 105782
 0.29468 104035
 0.2948 100466
 0.29492 95248.4
 0.29504 88755.7
 0.29516 81478.2
 0.29528 73864.9
 0.2954 66322
 0.29552 59152.4
 0.29564 52599.7
 0.29576 46961.8
 0.29588 42499.2
 0.296 39305.6
 0.29612 37303.2
 0.29624 36383.3
 0.29636 36437.4
 0.29648 37327.2
 0.2966 38947.8
 0.29672 41129
 0.29684 43561.3
 0.29696 45943.3
 0.29708 48091.5
 0.2972 49934.7
 0.29732 51362.5
 0.29744 52356.2
 0.29756 52831.8
 0.29768 52681.5
 0.2978 51940.5
 0.29792 50779.4
 0.29804 49368.8
 0.29816 47830.2
 0.29828 46320
 0.2984 44944.1
 0.29852 43857.8
 0.29864 43326.6
 0.29876 43574.2
 0.29888 44645.2
 0.299 46492
 0.29912 48928
 0.29924 51654.6
 0.29936 54454.1
 0.29948 57152.6
 0.2996 59516.8
 0.29972 61328.4
 0.29984 62514.3
 0.29996 63220.7
 0.30008 63790.8
 0.3002 64831.4
 0.30032 66842.3
 0.30044 70173.9
 0.30056 75092.4
 0.30068 81817.6
 0.3008 90423
 0.30092 100660
 0.30104 111943
 0.30116 123460
 0.30128 134486
 0.3014 144575
 0.30152 153454
 0.30164 160901
 0.30176 166730
 0.30188 171052
 0.302 174418
 0.30212 177616
 0.30224 181296
 0.30236 185674
 0.30248 190633
 0.3026 195944
 0.30272 201475
 0.30284 206931
 0.30296 211786
 0.30308 215197
 0.3032 216330
 0.30332 214697
 0.30344 210268
 0.30356 203269
 0.30368 193889
 0.3038 182457
 0.30392 169323
 0.30404 155006
 0.30416 140268
 0.30428 125874
 0.3044 112341
 0.30452 99961.6
 0.30464 88984.9
 0.30476 79555.7
 0.30488 71734
 0.305 65559.9
 0.30512 61010.3
 0.30524 58005.6
 0.30536 56455.6
 0.30548 56369.3
 0.3056 57797.7
 0.30572 60801.3
 0.30584 65581.8
 0.30596 72447.6
 0.30608 81445.4
 0.3062 92264.9
 0.30632 104583
 0.30644 117999
 0.30656 132011
 0.30668 145989
 0.3068 159049
 0.30692 170142
 0.30704 178445
 0.30716 183622
 0.30728 185454
 0.3074 183716
 0.30752 178333
 0.30764 169412
 0.30776 157585
 0.30788 143716
 0.308 128603
 0.30812 112908
 0.30824 97345.9
 0.30836 82748.8
 0.30848 69950.9
 0.3086 59698.4
 0.30872 52360.7
 0.30884 47957.4
 0.30896 46433.3
 0.30908 47692.4
 0.3092 51309.8
 0.30932 56625.8
 0.30944 62867.8
 0.30956 69265.2
 0.30968 75118.2
 0.3098 79869
 0.30992 83094.9
 0.31004 84415.5
 0.31016 83695.6
 0.31028 81150.9
 0.3104 77160.2
 0.31052 72165.4
 0.31064 66652.6
 0.31076 61199.6
 0.31088 56446.6
 0.311 53041.5
 0.31112 51581.3
 0.31124 52480.2
 0.31136 55942
 0.31148 61972.5
 0.3116 70406
 0.31172 80941.8
 0.31184 93046.2
 0.31196 105961
 0.31208 118929
 0.3122 131115
 0.31232 141689
 0.31244 150082
 0.31256 156056
 0.31268 159596
 0.3128 160785
 0.31292 160048
 0.31304 157772
 0.31316 154408
 0.31328 150673
 0.3134 147278
 0.31352 144496
 0.31364 142275
 0.31376 140561
 0.31388 139298
 0.314 138518
 0.31412 138388
 0.31424 138782
 0.31436 139235
 0.31448 139619
 0.3146 140178
 0.31472 141277
 0.31484 142880
 0.31496 144709
 0.31508 146337
 0.3152 147440
 0.31532 148061
 0.31544 148159
 0.31556 147416
 0.31568 145327
 0.3158 141743
 0.31592 136963
 0.31604 131376
 0.31616 125424
 0.31628 119515
 0.3164 114111
 0.31652 109796
 0.31664 107222
 0.31676 106924
 0.31688 109080
 0.317 113657
 0.31712 120433
 0.31724 128822
 0.31736 138011
 0.31748 147059
 0.3176 155001
 0.31772 160910
 0.31784 164044
 0.31796 163889
 0.31808 160224
 0.3182 153381
 0.31832 144053
 0.31844 133200
 0.31856 121940
 0.31868 111488
 0.3188 102808
 0.31892 96645.7
 0.31904 93587.4
 0.31916 93916.2
 0.31928 97682.6
 0.3194 104506
 0.31952 113596
 0.31964 123882
 0.31976 134428
 0.31988 144658
 0.32 153993
 0.32012 161714
 0.32024 166961
 0.32036 169070
 0.32048 167989
 0.3206 164031
 0.32072 157665
 0.32084 149163
 0.32096 138801
 0.32108 127171
 0.3212 115236
 0.32132 104149
 0.32144 94728
 0.32156 87525.5
 0.32168 82774.7
 0.3218 80581.4
 0.32192 80905.4
 0.32204 83468.7
 0.32216 87647.7
 0.32228 92598.7
 0.3224 97438.4
 0.32252 101302
 0.32264 103593
 0.32276 103928
 0.32288 102270
 0.323 98793
 0.32312 93917.5
 0.32324 88176.3
 0.32336 82163.4
 0.32348 76622.7
 0.3236 72162.4
 0.32372 69222.5
 0.32384 67894.8
 0.32396 67984.5
 0.32408 69189
 0.3242 71150.9
 0.32432 73545.3
 0.32444 75999.5
 0.32456 78155
 0.32468 79879
 0.3248 81281.3
 0.32492 82735.5
 0.32504 84585.9
 0.32516 87159.1
 0.32528 90665.3
 0.3254 95157.9
 0.32552 100626
 0.32564 106803
 0.32576 113070
 0.32588 118679
 0.326 123027
 0.32612 125589
 0.32624 125958
 0.32636 123928
 0.32648 119477
 0.3266 112760
 0.32672 104371
 0.32684 95095.8
 0.32696 85603.6
 0.32708 76403.4
 0.3272 67921.1
 0.32732 60502.6
 0.32744 54341.1
 0.32756 49555.8
 0.32768 46062.2
 0.3278 43592.4
 0.32792 41857.9
 0.32804 40682.1
 0.32816 40000.9
 0.32828 39826.1
 0.3284 40229.3
 0.32852 41306.6
 0.32864 43164.6
 0.32876 45783.2
 0.32888 49092.2
 0.329 53018.6
 0.32912 57437
 0.32924 62127.5
 0.32936 66766.1
 0.32948 71033.4
 0.3296 74593.8
 0.32972 77300
 0.32984 79255.1
 0.32996 80630.1
 0.33008 81514.3
 0.3302 82017.2
 0.33032 82326.9
 0.33044 82593.5
 0.33056 82898.4
 0.33068 83347.6
 0.3308 83803.3
 0.33092 84019.8
 0.33104 83889.3
 0.33116 83371.4
 0.33128 82451.8
 0.3314 81253.9
 0.33152 80118.1
 0.33164 79397.3
 0.33176 79514.2
 0.33188 80907.8
 0.332 83845.5
 0.33212 88359.5
 0.33224 94390.8
 0.33236 101632
 0.33248 109497
 0.3326 117182
 0.33272 123808
 0.33284 128590
 0.33296 130937
 0.33308 130613
 0.3332 127582
 0.33332 122023
 0.33344 114460
 0.33356 105733
 0.33368 96872.3
 0.3338 88887.5
 0.33392 82619.4
 0.33404 78651
 0.33416 77290.6
 0.33428 78765.5
 0.3344 82940.6
 0.33452 89341.3
 0.33464 97351.7
 0.33476 106287
 0.33488 115524
 0.335 124536
 0.33512 132928
 0.33524 140393
 0.33536 146821
 0.33548 152318
 0.3356 156927
 0.33572 160639
 0.33584 163351
 0.33596 164897
 0.33608 165205
 0.3362 164145
 0.33632 161526
 0.33644 157148
 0.33656 151094
 0.33668 143616
 0.3368 135143
 0.33692 126321
 0.33704 117754
 0.33716 109992
 0.33728 103626
 0.3374 99228.5
 0.33752 97122.3
 0.33764 97435.1
 0.33776 100190
 0.33788 105240
 0.338 112194
 0.33812 120527
 0.33824 129585
 0.33836 138584
 0.33848 146743
 0.3386 153385
 0.33872 158005
 0.33884 160079
 0.33896 159308
 0.33908 155879
 0.3392 150269
 0.33932 143230
 0.33944 135634
 0.33956 128414
 0.33968 122330
 0.3398 118084
 0.33992 116426
 0.34004 117653
 0.34016 121593
 0.34028 127829
 0.3404 135900
 0.34052 145293
 0.34064 155440
 0.34076 165795
 0.34088 175620
 0.341 184065
 0.34112 190731
 0.34124 195531
 0.34136 198373
 0.34148 198968
 0.3416 197099
 0.34172 192788
 0.34184 186185
 0.34196 178011
 0.34208 168961
 0.3422 159457
 0.34232 149719
 0.34244 140222
 0.34256 131659
 0.34268 124405
 0.3428 118769
 0.34292 114771
 0.34304 112125
 0.34316 110423
 0.34328 109466
 0.3434 108946
 0.34352 108269
 0.34364 107068
 0.34376 105076
 0.34388 101992
 0.344 97649.8
 0.34412 92259
 0.34424 86169.4
 0.34436 79842.5
 0.34448 73947.4
 0.3446 68913.2
 0.34472 64988.9
 0.34484 62443.5
 0.34496 61561.8
 0.34508 62395.5
 0.3452 64641
 0.34532 67832.4
 0.34544 71292.8
 0.34556 74548.5
 0.34568 77395.4
 0.3458 79656.8
 0.34592 81143.3
 0.34604 81707.2
 0.34616 81517.6
 0.34628 80874.3
 0.3464 80185.7
 0.34652 79807.6
 0.34664 79925.9
 0.34676 80701.6
 0.34688 82347.2
 0.347 85165.5
 0.34712 89169.4
 0.34724 94182.6
 0.34736 100091
 0.34748 106813
 0.3476 114189
 0.34772 121931
 0.34784 129678
 0.34796 136800
 0.34808 142876
 0.3482 147844
 0.34832 151566
 0.34844 153786
 0.34856 154381
 0.34868 153564
 0.3488 151613
 0.34892 148998
 0.34904 146122
 0.34916 143006
 0.34928 139624
 0.3494 136090
 0.34952 132457
 0.34964 128529
 0.34976 124022
 0.34988 118655
 0.35 112313
 0.35012 105200
 0.35024 97629
 0.35036 89866
 0.35048 82189.6
 0.3506 74955.8
 0.35072 68540.7
 0.35084 63328.3
 0.35096 59529.1
 0.35108 57120.8
 0.3512 55949.4
 0.35132 55806.3
 0.35144 56512
 0.35156 57862.8
 0.35168 59611.5
 0.3518 61497.5
 0.35192 63258.6
 0.35204 64708.3
 0.35216 65723
 0.35228 66251.3
 0.3524 66226.6
 0.35252 65520.9
 0.35264 64098.8
 0.35276 62000.7
 0.35288 59318.7
 0.353 56150.3
 0.35312 52592.8
 0.35324 48755.1
 0.35336 44734
 0.35348 40743.4
 0.3536 37034.9
 0.35372 33847.9
 0.35384 31457.5
 0.35396 30207.4
 0.35408 30484.9
 0.3542 32684.2
 0.35432 37242.9
 0.35444 44481.3
 0.35456 54498.7
 0.35468 67267.5
 0.3548 82376.2
 0.35492 99162.8
 0.35504 116748
 0.35516 134205
 0.35528 150469
 0.3554 164583
 0.35552 175865
 0.35564 183835
 0.35576 188510
 0.35588 190270
 0.356 189828
 0.35612 187918
 0.35624 185246
 0.35636 182351
 0.35648 179580
 0.3566 177046
 0.35672 174639
 0.35684 172064
 0.35696 168890
 0.35708 164650
 0.3572 159236
 0.35732 153011
 0.35744 146513
 0.35756 140455
 0.35768 135657
 0.3578 132971
 0.35792 133144
 0.35804 137008
 0.35816 144921
 0.35828 156510
 0.3584 171078
 0.35852 187755
 0.35864 205422
 0.35876 222683
 0.35888 238088
 0.359 250164
 0.35912 257740
 0.35924 260459
 0.35936 258207
 0.35948 251158
 0.3596 239906
 0.35972 225581
 0.35984 209790
 0.35996 194155
 0.36008 180089
 0.3602 168432
 0.36032 159875
 0.36044 154920
 0.36056 153673
 0.36068 155687
 0.3608 159975
 0.36092 165351
 0.36104 170817
 0.36116 175543
 0.36128 178887
 0.3614 180273
 0.36152 179335
 0.36164 176029
 0.36176 170575
 0.36188 163413
 0.362 155030
 0.36212 145996
 0.36224 136871
 0.36236 128061
 0.36248 119912
 0.3626 112668
 0.36272 106630
 0.36284 102109
 0.36296 99268.3
 0.36308 98001.8
 0.3632 97998.8
 0.36332 99039.6
 0.36344 100901
 0.36356 103425
 0.36368 106372
 0.3638 109357
 0.36392 111846
 0.36404 113552
 0.36416 114358
 0.36428 114230
 0.3644 113227
 0.36452 111378
 0.36464 108561
 0.36476 104646
 0.36488 99779.7
 0.365 94223.8
 0.36512 88238.8
 0.36524 82060
 0.36536 75844.3
 0.36548 69655.1
 0.3656 63752.4
 0.36572 58598.3
 0.36584 54560
 0.36596 51750.3
 0.36608 50123.4
 0.3662 49508.6
 0.36632 49715.1
 0.36644 50606.8
 0.36656 52035.2
 0.36668 53717.9
 0.3668 55364.4
 0.36692 56818.2
 0.36704 58159.3
 0.36716 59604
 0.36728 61430.4
 0.3674 63982.1
 0.36752 67614.1
 0.36764 72633.3
 0.36776 79286.2
 0.36788 87696.7
 0.368 97710.3
 0.36812 109038
 0.36824 121410
 0.36836 134385
 0.36848 147217
 0.3686 159194
 0.36872 169664
 0.36884 178114
 0.36896 184388
 0.36908 188480
 0.3692 190171
 0.36932 189354
 0.36944 186439
 0.36956 181904
 0.36968 176486
 0.3698 170949
 0.36992 165710
 0.37004 161147
 0.37016 158017
 0.37028 157198
 0.3704 159304
 0.37052 165004
 0.37064 174332
 0.37076 186733
 0.37088 201808
 0.371 218763
 0.37112 236310
 0.37124 252882
 0.37136 266884
 0.37148 276432
 0.3716 280082
 0.37172 277508
 0.37184 268560
 0.37196 253733
 0.37208 234279
 0.3722 211731
 0.37232 187682
 0.37244 163923
 0.37256 142268
 0.37268 123741
 0.3728 108992
 0.37292 98296.7
 0.37304 91277.6
 0.37316 87441.5
 0.37328 86328.2
 0.3734 87440.6
 0.37352 90218.1
 0.37364 94295.2
 0.37376 99520.5
 0.37388 105840
 0.374 113353
 0.37412 121898
 0.37424 130958
 0.37436 140065
 0.37448 148802
 0.3746 156626
 0.37472 162970
 0.37484 167277
 0.37496 169074
 0.37508 168305
 0.3752 165586
 0.37532 161515
 0.37544 156524
 0.37556 151230
 0.37568 146237
 0.3758 141982
 0.37592 138798
 0.37604 136769
 0.37616 135445
 0.37628 134308
 0.3764 133068
 0.37652 131325
 0.37664 128640
 0.37676 124927
 0.37688 120342
 0.377 115137
 0.37712 109823
 0.37724 105049
 0.37736 101272
 0.37748 98809.4
 0.3776 97971.8
 0.37772 98760.3
 0.37784 100836
 0.37796 103711
 0.37808 106796
 0.3782 109293
 0.37832 110471
 0.37844 109924
 0.37856 107511
 0.37868 103307
 0.3788 97625.1
 0.37892 90981
 0.37904 83888.9
 0.37916 77051.9
 0.37928 71175.9
 0.3794 66740.9
 0.37952 63834.2
 0.37964 62369.1
 0.37976 62059.6
 0.37988 62486.2
 0.38 63355.9
 0.38012 64366
 0.38024 65210.1
 0.38036 65758
 0.38048 66173.2
 0.3806 66775.9
 0.38072 68025
 0.38084 70525.1
 0.38096 74709
 0.38108 80796.8
 0.3812 88928
 0.38132 99014.8
 0.38144 110658
 0.38156 123257
 0.38168 136201
 0.3818 148792
 0.38192 160299
 0.38204 170179
 0.38216 178023
 0.38228 183538
 0.3824 186666
 0.38252 187607
 0.38264 186524
 0.38276 183381
 0.38288 178279
 0.383 171461
 0.38312 163056
 0.38324 153280
 0.38336 142420
 0.38348 130668
 0.3836 118235
 0.38372 105690
 0.38384 93777.3
 0.38396 82959.8
 0.38408 73669.5
 0.3842 66372.2
 0.38432 61366.2
 0.38444 58853.3
 0.38456 58941.3
 0.38468 61480.2
 0.3848 65832.3
 0.38492 71331.3
 0.38504 77468.5
 0.38516 83623.4
 0.38528 89112
 0.3854 93298.6
 0.38552 95660.6
 0.38564 95882.1
 0.38576 94054.2
 0.38588 90676.2
 0.386 86111.8
 0.38612 80631.9
 0.38624 74666.3
 0.38636 68685.8
 0.38648 63151.9
 0.3866 58405.9
 0.38672 54571.2
 0.38684 51450.5
 0.38696 48857.7
 0.38708 46842.8
 0.3872 45465.1
 0.38732 44727.6
 0.38744 44581.7
 0.38756 44929.9
 0.38768 45778.8
 0.3878 47245.2
 0.38792 49383.8
 0.38804 52126.9
 0.38816 55323.1
 0.38828 58832.1
 0.3884 62559.3
 0.38852 66545.9
 0.38864 70756.2
 0.38876 74940.3
 0.38888 78978.8
 0.389 82817.7
 0.38912 86356.2
 0.38924 89535.1
 0.38936 92310.8
 0.38948 94482.4
 0.3896 95904.2
 0.38972 96768.7
 0.38984 97333.1
 0.38996 97623
 0.39008 97753.6
 0.3902 97759.7
 0.39032 97537.1
 0.39044 97105.4
 0.39056 96593.2
 0.39068 95980.5
 0.3908 95090.6
 0.39092 93969.8
 0.39104 92727.1
 0.39116 91573.9
 0.39128 90957.1
 0.3914 91223.6
 0.39152 92504.8
 0.39164 94781.5
 0.39176 97928.4
 0.39188 101749
 0.392 106008
 0.39212 110351
 0.39224 114205
 0.39236 117145
 0.39248 118967
 0.3926 119577
 0.39272 119213
 0.39284 118184
 0.39296 116702
 0.39308 114992
 0.3932 113467
 0.39332 112211
 0.39344 111126
 0.39356 110185
 0.39368 109207
 0.3938 107934
 0.39392 106178
 0.39404 103892
 0.39416 100880
 0.39428 97472.1
 0.3944 94198.9
 0.39452 91523.6
 0.39464 89823.6
 0.39476 89396.3
 0.39488 90514
 0.395 93298.4
 0.39512 97810.9
 0.39524 103650
 0.39536 110065
 0.39548 116350
 0.3956 121899
 0.39572 126317
 0.39584 129323
 0.39596 130741
 0.39608 130712
 0.3962 129681
 0.39632 128462
 0.39644 127792
 0.39656 128246
 0.39668 130225
 0.3968 134030
 0.39692 139681
 0.39704 146755
 0.39716 154497
 0.39728 162004
 0.3974 168429
 0.39752 173160
 0.39764 175753
 0.39776 175521
 0.39788 172024
 0.398 165355
 0.39812 156068
 0.39824 144729
 0.39836 131887
 0.39848 117962
 0.3986 103260
 0.39872 88476
 0.39884 74549.1
 0.39896 62095.1
 0.39908 51460.5
 0.3992 42956.6
 0.39932 36933.4
 0.39944 33773.7
 0.39956 33874.7
 0.39968 37419.7
 0.3998 44158
 0.39992 53853.2
 0.40004 66071.1
 0.40016 80162.6
 0.40028 95393.8
 0.4004 110903
 0.40052 125794
 0.40064 139210
 0.40076 150561
 0.40088 159213
 0.401 164812
 0.40112 167536
 0.40124 167744
 0.40136 165951
 0.40148 162621
 0.4016 158205
 0.40172 153065
 0.40184 147653
 0.40196 142430
 0.40208 137412
 0.4022 132428
 0.40232 127298
 0.40244 122041
 0.40256 116882
 0.40268 111980
 0.4028 107448
 0.40292 103293
 0.40304 99721.9
 0.40316 97003.8
 0.40328 95207.1
 0.4034 94200.3
 0.40352 93636.4
 0.40364 93306.2
 0.40376 93082.2
 0.40388 92887.6
 0.404 92531
 0.40412 91804
 0.40424 90715.9
 0.40436 89467.8
 0.40448 88284.4
 0.4046 87277.7
 0.40472 86444.4
 0.40484 85668.1
 0.40496 84935.5
 0.40508 84309.2
 0.4052 83710.4
 0.40532 82965.5
 0.40544 81943
 0.40556 80554.6
 0.40568 78765
 0.4058 76750.6
 0.40592 74709.6
 0.40604 72633.7
 0.40616 70667.2
 0.40628 69040.3
 0.4064 67954.5
 0.40652 67633.7
 0.40664 68305.7
 0.40676 70012.9
 0.40688 72471.4
 0.407 75616.3
 0.40712 79303.2
 0.40724 83205.4
 0.40736 86969.4
 0.40748 90164.7
 0.4076 92305.9
 0.40772 92979.1
 0.40784 92205.9
 0.40796 90035.8
 0.40808 86469.9
 0.4082 81709.4
 0.40832 75996.4
 0.40844 69601.7
 0.40856 62899.4
 0.40868 56272.3
 0.4088 49929.8
 0.40892 43952.3
 0.40904 38500.2
 0.40916 33645.7
 0.40928 29485.9
 0.4094 26186.9
 0.40952 23907.2
 0.40964 22848.5
 0.40976 23232.5
 0.40988 25299.7
 0.41 29230.2
 0.41012 35215
 0.41024 43250
 0.41036 53143.4
 0.41048 64631.6
 0.4106 77262.6
 0.41072 90300.6
 0.41084 102913
 0.41096 114269
 0.41108 123497
 0.4112 129882
 0.41132 133057
 0.41144 132727
 0.41156 128775
 0.41168 121612
 0.4118 111990
 0.41192 100769
 0.41204 88856.4
 0.41216 77206.4
 0.41228 66546.8
 0.4124 57518.8
 0.41252 50687.5
 0.41264 46267.2
 0.41276 44146.8
 0.41288 44146.8
 0.413 46023.7
 0.41312 49434.7
 0.41324 54048.5
 0.41336 59669.1
 0.41348 66134.3
 0.4136 73423.7
 0.41372 81719.4
 0.41384 91109.5
 0.41396 101569
 0.41408 113211
 0.4142 126154
 0.41432 140214
 0.41444 154952
 0.41456 169884
 0.41468 184203
 0.4148 196892
 0.41492 207294
 0.41504 214688
 0.41516 218357
 0.41528 217932
 0.4154 213601
 0.41552 205618
 0.41564 194574
 0.41576 181717
 0.41588 168188
 0.416 155057
 0.41612 143522
 0.41624 134492
 0.41636 128508
 0.41648 125983
 0.4166 127179
 0.41672 131892
 0.41684 139785
 0.41696 150516
 0.41708 163362
 0.4172 177651
 0.41732 192745
 0.41744 207946
 0.41756 222648
 0.41768 236238
 0.4178 247935
 0.41792 256778
 0.41804 262338
 0.41816 264520
 0.41828 263251
 0.4184 258748
 0.41852 251092
 0.41864 240421
 0.41876 227165
 0.41888 212376
 0.419 196837
 0.41912 180930
 0.41924 165021
 0.41936 149398
 0.41948 134453
 0.4196 120865
 0.41972 109297
 0.41984 99902.7
 0.41996 92706.8
 0.42008 87945.5
 0.4202 85803.5
 0.42032 86357.5
 0.42044 89396.2
 0.42056 94292.9
 0.42068 100157
 0.4208 106222
 0.42092 111959
 0.42104 116796
 0.42116 120301
 0.42128 122058
 0.4214 121899
 0.42152 120059
 0.42164 116986
 0.42176 113159
 0.42188 108885
 0.422 104367
 0.42212 99708.8
 0.42224 94950
 0.42236 90183.6
 0.42248 85366.2
 0.4226 80393.4
 0.42272 75205.2
 0.42284 69806.7
 0.42296 64388.1
 0.42308 59174.1
 0.4232 54525.5
 0.42332 50783.2
 0.42344 48209.7
 0.42356 46980.6
 0.42368 47186.6
 0.4238 48900.6
 0.42392 52101.3
 0.42404 56702.5
 0.42416 62595.8
 0.42428 69539.7
 0.4244 77241.2
 0.42452 85462.1
 0.42464 94018
 0.42476 102767
 0.42488 111515
 0.425 120083
 0.42512 128167
 0.42524 135539
 0.42536 141967
 0.42548 147370
 0.4256 151731
 0.42572 154949
 0.42584 156832
 0.42596 157311
 0.42608 156493
 0.4262 154569
 0.42632 151837
 0.42644 148576
 0.42656 144698
 0.42668 140055
 0.4268 134828
 0.42692 129254
 0.42704 123435
 0.42716 117358
 0.42728 110950
 0.4274 104000
 0.42752 96696.3
 0.42764 89592.7
 0.42776 83034.3
 0.42788 77067.1
 0.428 71713.3
 0.42812 67033.2
 0.42824 63175.3
 0.42836 60460.3
 0.42848 59120.6
 0.4286 59028.6
 0.42872 60025.9
 0.42884 62218.6
 0.42896 65859.2
 0.42908 71217.2
 0.4292 78498
 0.42932 87575.7
 0.42944 98120.8
 0.42956 109747
 0.42968 122121
 0.4298 134677
 0.42992 146587
 0.43004 156976
 0.43016 164924
 0.43028 169760
 0.4304 171145
 0.43052 169085
 0.43064 163746
 0.43076 155565
 0.43088 145417
 0.431 134354
 0.43112 123476
 0.43124 113890
 0.43136 106488
 0.43148 101825
 0.4316 100128
 0.43172 101328
 0.43184 104928
 0.43196 110092
 0.43208 115973
 0.4322 121687
 0.43232 126368
 0.43244 129371
 0.43256 130396
 0.43268 129462
 0.4328 126888
 0.43292 123279
 0.43304 119220
 0.43316 115261
 0.43328 112041
 0.4334 110124
 0.43352 109919
 0.43364 111521
 0.43376 114759
 0.43388 119223
 0.434 124535
 0.43412 130421
 0.43424 136574
 0.43436 142714
 0.43448 148474
 0.4346 153586
 0.43472 158030
 0.43484 162037
 0.43496 165976
 0.43508 170114
 0.4352 174626
 0.43532 179500
 0.43544 184689
 0.43556 190226
 0.43568 195959
 0.4358 201577
 0.43592 206556
 0.43604 210365
 0.43616 212378
 0.43628 212263
 0.4364 209861
 0.43652 205095
 0.43664 198090
 0.43676 189089
 0.43688 178402
 0.437 166395
 0.43712 153753
 0.43724 141125
 0.43736 129095
 0.43748 118098
 0.4376 108383
 0.43772 100094
 0.43784 93378.5
 0.43796 88375.3
 0.43808 85014.5
 0.4382 83045
 0.43832 82192
 0.43844 82145.6
 0.43856 82698.5
 0.43868 83601.1
 0.4388 84516.3
 0.43892 85102.3
 0.43904 85055.2
 0.43916 84147.9
 0.43928 82169.2
 0.4394 79042
 0.43952 74682
 0.43964 69141.2
 0.43976 62668.9
 0.43988 55552.3
 0.44 48096.8
 0.44012 40618.7
 0.44024 33483.6
 0.44036 27007
 0.44048 21442.8
 0.4406 16961.5
 0.44072 13586.5
 0.44084 11309.2
 0.44096 10066.1
 0.44108 9780.39
 0.4412 10344
 0.44132 11624.5
 0.44144 13584
 0.44156 16273.4
 0.44168 19781.4
 0.4418 24119.5
 0.44192 29335.7
 0.44204 35592.1
 0.44216 43055
 0.44228 51953.7
 0.4424 62369.8
 0.44252 74070.9
 0.44264 86740.8
 0.44276 100169
 0.44288 114218
 0.443 128404
 0.44312 142051
 0.44324 154309
 0.44336 164290
 0.44348 171521
 0.4436 175786
 0.44372 176847
 0.44384 174388
 0.44396 168430
 0.44408 159502
 0.4442 148282
 0.44432 135667
 0.44444 122472
 0.44456 109261
 0.44468 96594.3
 0.4448 85043.8
 0.44492 75001.2
 0.44504 66498.7
 0.44516 59529.7
 0.44528 54123.8
 0.4454 50249.6
 0.44552 47935.2
 0.44564 47164.5
 0.44576 47882.5
 0.44588 50138.7
 0.446 53968
 0.44612 59315.9
 0.44624 65950.8
 0.44636 73421.1
 0.44648 81235.1
 0.4466 89012.2
 0.44672 96451.4
 0.44684 103200
 0.44696 109021
 0.44708 113869
 0.4472 117698
 0.44732 120761
 0.44744 123535
 0.44756 126243
 0.44768 129080
 0.4478 132346
 0.44792 136358
 0.44804 141325
 0.44816 147480
 0.44828 154954
 0.4484 163578
 0.44852 173506
 0.44864 184958
 0.44876 197931
 0.44888 212184
 0.449 227386
 0.44912 243306
 0.44924 259790
 0.44936 276718
 0.44948 293724
 0.4496 310148
 0.44972 325356
 0.44984 338818
 0.44996 350140
 0.45008 358777
 0.4502 363874
 0.45032 364796
 0.45044 361188
 0.45056 352936
 0.45068 340286
 0.4508 323775
 0.45092 304126
 0.45104 282141
 0.45116 258997
 0.45128 235781
 0.4514 213288
 0.45152 192310
 0.45164 173448
 0.45176 157050
 0.45188 143074
 0.452 131343
 0.45212 121589
 0.45224 113505
 0.45236 106968
 0.45248 101842
 0.4526 97897.8
 0.45272 94819.9
 0.45284 92455.1
 0.45296 90914.6
 0.45308 90238.1
 0.4532 90585.9
 0.45332 91923.5
 0.45344 94044.4
 0.45356 96789
 0.45368 100189
 0.4538 104273
 0.45392 108796
 0.45404 113586
 0.45416 118209
 0.45428 122219
 0.4544 125521
 0.45452 128087
 0.45464 129770
 0.45476 130298
 0.45488 129672
 0.455 127830
 0.45512 124860
 0.45524 121170
 0.45536 116975
 0.45548 112389
 0.4556 107554
 0.45572 102759
 0.45584 98277.3
 0.45596 94335.5
 0.45608 91185.3
 0.4562 88845.1
 0.45632 87288.2
 0.45644 86530.4
 0.45656 86548.9
 0.45668 87223
 0.4568 88260.6
 0.45692 89264.3
 0.45704 89912.8
 0.45716 89927.6
 0.45728 89089.2
 0.4574 87205.4
 0.45752 84150.7
 0.45764 80016.1
 0.45776 75047.6
 0.45788 69786.3
 0.458 64687.9
 0.45812 60133.5
 0.45824 56500.4
 0.45836 54112.3
 0.45848 53208.9
 0.4586 53789.3
 0.45872 55698.4
 0.45884 58620.7
 0.45896 62200.4
 0.45908 66189.9
 0.4592 70322
 0.45932 74256.5
 0.45944 77713.4
 0.45956 80613.9
 0.45968 82979.9
 0.4598 84813.7
 0.45992 86112.4
 0.46004 86827.3
 0.46016 86909.7
 0.46028 86519.7
 0.4604 85894
 0.46052 85111.9
 0.46064 84195.7
 0.46076 83206.3
 0.46088 82249.7
 0.461 81454.1
 0.46112 81025.8
 0.46124 81076.6
 0.46136 81500
 0.46148 82333.4
 0.4616 83660.4
 0.46172 85476.7
 0.46184 87809.1
 0.46196 90695.9
 0.46208 93995.2
 0.4622 97345.5
 0.46232 100561
 0.46244 103389
 0.46256 105450
 0.46268 106520
 0.4628 106432
 0.46292 104941
 0.46304 101961
 0.46316 97837.8
 0.46328 92993.9
 0.4634 87823.8
 0.46352 82904.7
 0.46364 78713.2
 0.46376 75513
 0.46388 73637.1
 0.464 73326.1
 0.46412 74586.1
 0.46424 77189.1
 0.46436 80859.2
 0.46448 85229.9
 0.4646 89904
 0.46472 94680.7
 0.46484 99404.4
 0.46496 103975
 0.46508 108309
 0.4652 112314
 0.46532 116087
 0.46544 119736
 0.46556 123380
 0.46568 127071
 0.4658 130803
 0.46592 134470
 0.46604 137946
 0.46616 141287
 0.46628 144368
 0.4664 146904
 0.46652 148711
 0.46664 149653
 0.46676 149486
 0.46688 148034
 0.467 145123
 0.46712 140575
 0.46724 134309
 0.46736 126541
 0.46748 117501
 0.4676 107340
 0.46772 96350.5
 0.46784 84932.5
 0.46796 73604.2
 0.46808 62850.4
 0.4682 53093.1
 0.46832 44567.3
 0.46844 37392.8
 0.46856 31721.7
 0.46868 27714.8
 0.4688 25455.2
 0.46892 24861.8
 0.46904 25793.9
 0.46916 28069.1
 0.46928 31537.7
 0.4694 36096.1
 0.46952 41662.3
 0.46964 48046.3
 0.46976 54919.5
 0.46988 61976.3
 0.47 68901.5
 0.47012 75411.4
 0.47024 81324.5
 0.47036 86527.3
 0.47048 90861.5
 0.4706 94169
 0.47072 96489.7
 0.47084 97985.2
 0.47096 98852.4
 0.47108 99479
 0.4712 100100
 0.47132 100641
 0.47144 100980
 0.47156 101140
 0.47168 101101
 0.4718 100767
 0.47192 100077
 0.47204 98759.7
 0.47216 96581
 0.47228 93664.6
 0.4724 90400.1
 0.47252 87154.5
 0.47264 84242.9
 0.47276 81942.5
 0.47288 80585.9
 0.473 80657.2
 0.47312 82596.3
 0.47324 86779.4
 0.47336 93371.1
 0.47348 102259
 0.4736 113219
 0.47372 125999
 0.47384 140066
 0.47396 154455
 0.47408 168247
 0.4742 180467
 0.47432 190017
 0.47444 196131
 0.47456 198426
 0.47468 196781
 0.4748 191409
 0.47492 183186
 0.47504 173152
 0.47516 162374
 0.47528 152085
 0.4754 143422
 0.47552 137032
 0.47564 133063
 0.47576 131431
 0.47588 131733
 0.476 133402
 0.47612 135878
 0.47624 138570
 0.47636 140947
 0.47648 142768
 0.4766 144287
 0.47672 145919
 0.47684 147993
 0.47696 150511
 0.47708 153269
 0.4772 155970
 0.47732 158226
 0.47744 159561
 0.47756 159336
 0.47768 156828
 0.4778 151418
 0.47792 143076
 0.47804 132308
 0.47816 119900
 0.47828 106694
 0.4784 93510.2
 0.47852 81137.8
 0.47864 70352.2
 0.47876 62013.2
 0.47888 56782.6
 0.479 54818.4
 0.47912 55848.8
 0.47924 59558.9
 0.47936 65669.5
 0.47948 73904.9
 0.4796 84006.7
 0.47972 95540.1
 0.47984 107723
 0.47996 119789
 0.48008 131288
 0.4802 141770
 0.48032 150668
 0.48044 157458
 0.48056 161675
 0.48068 162875
 0.4808 161111
 0.48092 156867
 0.48104 150624
 0.48116 142941
 0.48128 134531
 0.4814 126190
 0.48152 118597
 0.48164 112491
 0.48176 108344
 0.48188 106170
 0.482 105685
 0.48212 106488
 0.48224 108145
 0.48236 110140
 0.48248 111938
 0.4826 113061
 0.48272 113158
 0.48284 112173
 0.48296 110394
 0.48308 108222
 0.4832 106007
 0.48332 104102
 0.48344 103021
 0.48356 103158
 0.48368 104636
 0.4838 107356
 0.48392 110969
 0.48404 115098
 0.48416 119454
 0.48428 123711
 0.4844 127213
 0.48452 129269
 0.48464 129671
 0.48476 128390
 0.48488 125640
 0.485 121631
 0.48512 116442
 0.48524 110208
 0.48536 103419
 0.48548 96896.3
 0.4856 91112.5
 0.48572 86370.6
 0.48584 82817.9
 0.48596 80409.5
 0.48608 79180.4
 0.4862 79074.6
 0.48632 79840.3
 0.48644 80864.8
 0.48656 81582
 0.48668 81512.2
 0.4868 80240.6
 0.48692 77633.7
 0.48704 73709.6
 0.48716 68585.9
 0.48728 62527.5
 0.4874 55967.7
 0.48752 49449.3
 0.48764 43524.8
 0.48776 38705.9
 0.48788 35346.7
 0.488 33543.3
 0.48812 33297.8
 0.48824 34525
 0.48836 37102.4
 0.48848 40800.7
 0.4886 45321.1
 0.48872 50282
 0.48884 55370.3
 0.48896 60274.8
 0.48908 64774.2
 0.4892 68615.7
 0.48932 71478.4
 0.48944 73063.8
 0.48956 73120.2
 0.48968 71587.5
 0.4898 68476.2
 0.48992 64014.9
 0.49004 58499.3
 0.49016 52260.1
 0.49028 45782.1
 0.4904 39605.5
 0.49052 34283.7
 0.49064 30289.1
 0.49076 27925.1
 0.49088 27244.9
 0.491 28140.9
 0.49112 30489.5
 0.49124 34099.7
 0.49136 38685.4
 0.49148 43861.1
 0.4916 49212.4
 0.49172 54343.8
 0.49184 59074.3
 0.49196 63311
 0.49208 66991.7
 0.4922 70011.6
 0.49232 72274.1
 0.49244 73871.7
 0.49256 74998.8
 0.49268 75980.4
 0.4928 77158
 0.49292 78893.1
 0.49304 81486.6
 0.49316 85345.5
 0.49328 90964.2
 0.4934 98693
 0.49352 108691
 0.49364 120888
 0.49376 134877
 0.49388 149993
 0.494 165632
 0.49412 181043
 0.49424 195279
 0.49436 207424
 0.49448 216672
 0.4946 222500
 0.49472 224926
 0.49484 224430
 0.49496 221619
 0.49508 217148
 0.4952 211736
 0.49532 206240
 0.49544 201569
 0.49556 198404
 0.49568 196956
 0.4958 196920
 0.49592 197607
 0.49604 198257
 0.49616 198462
 0.49628 197697
 0.4964 195236
 0.49652 190493
 0.49664 183148
 0.49676 173326
 0.49688 161589
 0.497 148776
 0.49712 135277
 0.49724 121352
 0.49736 107541
 0.49748 94369.7
 0.4976 82262.8
 0.49772 71401.4
 0.49784 61716.9
 0.49796 52912.7
 0.49808 44948.5
 0.4982 38033.7
 0.49832 32241
 0.49844 27573
 0.49856 24053.8
 0.49868 21756.9
 0.4988 20806.5
 0.49892 21234.5
 0.49904 22915.3
 0.49916 25566.6
 0.49928 28890.4
 0.4994 32536.5
 0.49952 36149.9
 0.49964 39420
 0.49976 42164.7
 0.49988 44423.5
 0.5 46490.7
 0.50012 48678.5
 0.50024 51218.3
 0.50036 54476.7
 0.50048 58897.2
 0.5006 64870.6
 0.50072 72335.9
 0.50084 80895.4
 0.50096 89936.3
 0.50108 98732.7
 0.5012 106744
 0.50132 113416
 0.50144 118060
 0.50156 119926
 0.50168 118766
 0.5018 114973
 0.50192 109020
 0.50204 101551
 0.50216 93193
 0.50228 84496
 0.5024 76077.9
 0.50252 68717.8
 0.50264 62985.2
 0.50276 58909
 0.50288 56364.6
 0.503 55149.4
 0.50312 54921.3
 0.50324 55362.3
 0.50336 56150.9
 0.50348 56889.5
 0.5036 57174.4
 0.50372 56757.7
 0.50384 55564.3
 0.50396 53616.2
 0.50408 51112.3
 0.5042 48282
 0.50432 45395.4
 0.50444 42745.5
 0.50456 40632.8
 0.50468 39417.9
 0.5048 39428.7
 0.50492 40924.6
 0.50504 43976.3
 0.50516 48610.8
 0.50528 54820.4
 0.5054 62434.4
 0.50552 71221.2
 0.50564 80878.3
 0.50576 91054.2
 0.50588 101254
 0.506 111060
 0.50612 120143
 0.50624 128023
 0.50636 134262
 0.50648 138716
 0.5066 141306
 0.50672 141993
 0.50684 140931
 0.50696 138372
 0.50708 134384
 0.5072 129238
 0.50732 123509
 0.50744 117535
 0.50756 111500
 0.50768 105537
 0.5078 99732.2
 0.50792 94077
 0.50804 88798.3
 0.50816 84035.1
 0.50828 79654.3
 0.5084 75599.6
 0.50852 71923.5
 0.50864 68714.2
 0.50876 65971.6
 0.50888 63723.7
 0.509 61852.6
 0.50912 60284.8
 0.50924 59041.1
 0.50936 58052.4
 0.50948 57197.6
 0.5096 56463.3
 0.50972 56145
 0.50984 56554.9
 0.50996 57949.6
 0.51008 60557.4
 0.5102 64511
 0.51032 69954.2
 0.51044 77087.1
 0.51056 85952.1
 0.51068 95939.4
 0.5108 106137
 0.51092 115865
 0.51104 124492
 0.51116 131457
 0.51128 136360
 0.5114 138779
 0.51152 138273
 0.51164 135040
 0.51176 129955
 0.51188 123644
 0.512 116577
 0.51212 109157
 0.51224 101612
 0.51236 94128.4
 0.51248 87067.7
 0.5126 80594.3
 0.51272 74357.1
 0.51284 68105
 0.51296 61878.1
 0.51308 55802.9
 0.5132 50177.6
 0.51332 45285
 0.51344 41300.7
 0.51356 38327.2
 0.51368 36514.9
 0.5138 35991
 0.51392 36662.8
 0.51404 38328.5
 0.51416 40718.5
 0.51428 43712.7
 0.5144 47256.9
 0.51452 51277
 0.51464 55864.1
 0.51476 61179
 0.51488 67456.1
 0.515 75065.5
 0.51512 84338.5
 0.51524 95031.1
 0.51536 106788
 0.51548 119392
 0.5156 132552
 0.51572 145816
 0.51584 158757
 0.51596 170734
 0.51608 180969
 0.5162 189558
 0.51632 196917
 0.51644 203187
 0.51656 208376
 0.51668 212638
 0.5168 216040
 0.51692 218633
 0.51704 220865
 0.51716 222691
 0.51728 223441
 0.5174 222704
 0.51752 220381
 0.51764 216266
 0.51776 210131
 0.51788 202111
 0.518 192134
 0.51812 180202
 0.51824 166895
 0.51836 152937
 0.51848 138774
 0.5186 124976
 0.51872 112350
 0.51884 101502
 0.51896 92965.4
 0.51908 87126.5
 0.5192 83947.7
 0.51932 83091.4
 0.51944 84272.5
 0.51956 87158.8
 0.51968 91168
 0.5198 95622
 0.51992 99685.2
 0.52004 102722
 0.52016 104486
 0.52028 104926
 0.5204 103965
 0.52052 101486
 0.52064 97444
 0.52076 91888.5
 0.52088 85214.6
 0.521 77904.1
 0.52112 70259.5
 0.52124 62510.7
 0.52136 54965.7
 0.52148 48042.4
 0.5216 42171.1
 0.52172 37778.8
 0.52184 35199.3
 0.52196 34623.9
 0.52208 36258.8
 0.5222 40286.4
 0.52232 46765
 0.52244 55581.4
 0.52256 66579.1
 0.52268 79661.6
 0.5228 94583.4
 0.52292 110885
 0.52304 128020
 0.52316 145173
 0.52328 161549
 0.5234 176497
 0.52352 189487
 0.52364 199794
 0.52376 206656
 0.52388 209735
 0.524 208841
 0.52412 204244
 0.52424 196571
 0.52436 186476
 0.52448 174474
 0.5246 161208
 0.52472 147615
 0.52484 134472
 0.52496 122448
 0.52508 112009
 0.5252 103199
 0.52532 95875.4
 0.52544 90033.5
 0.52556 85745
 0.52568 82872.2
 0.5258 81210.2
 0.52592 80487.9
 0.52604 80444.2
 0.52616 80977.5
 0.52628 82177.6
 0.5264 83934.8
 0.52652 85910.8
 0.52664 87741.5
 0.52676 89165
 0.52688 90037.8
 0.527 90309.5
 0.52712 89854.2
 0.52724 88432.6
 0.52736 85981.3
 0.52748 82738.5
 0.5276 79009.5
 0.52772 75083
 0.52784 71179.2
 0.52796 67406.4
 0.52808 63892.7
 0.5282 60910.3
 0.52832 58617.4
 0.52844 56963.8
 0.52856 55959.6
 0.52868 55663.3
 0.5288 56151.9
 0.52892 57538
 0.52904 59938
 0.52916 63257
 0.52928 67364.7
 0.5294 72261
 0.52952 77844.8
 0.52964 83688.2
 0.52976 89300.3
 0.52988 94224.9
 0.53 98056.2
 0.53012 100607
 0.53024 101972
 0.53036 102137
 0.53048 100994
 0.5306 98831.5
 0.53072 96179.6
 0.53084 93477.2
 0.53096 91081.5
 0.53108 89213.4
 0.5312 87777.3
 0.53132 86563.6
 0.53144 85656.7
 0.53156 85012.7
 0.53168 84342.9
 0.5318 83392.6
 0.53192 82030.9
 0.53204 80164.9
 0.53216 77818.5
 0.53228 75249.4
 0.5324 72561.5
 0.53252 69798.1
 0.53264 67061.8
 0.53276 64411.6
 0.53288 61804
 0.533 59173.9
 0.53312 56458
 0.53324 53556.1
 0.53336 50377.5
 0.53348 46872.1
 0.5336 43008.6
 0.53372 38888.3
 0.53384 34774.8
 0.53396 30987.3
 0.53408 27855.7
 0.5342 25680.6
 0.53432 24651.2
 0.53444 24952.5
 0.53456 26822.7
 0.53468 30384.5
 0.5348 35574.6
 0.53492 42199.9
 0.53504 50010.1
 0.53516 58689.5
 0.53528 68050.1
 0.5354 77979.5
 0.53552 88133.6
 0.53564 98094.4
 0.53576 107520
 0.53588 116100
 0.536 123614
 0.53612 129898
 0.53624 134658
 0.53636 137422
 0.53648 137889
 0.5366 136042
 0.53672 131956
 0.53684 125810
 0.53696 117806
 0.53708 108130
 0.5372 97157.6
 0.53732 85526.2
 0.53744 73952.7
 0.53756 63099.8
 0.53768 53479.5
 0.5378 45480.8
 0.53792 39424.7
 0.53804 35634.2
 0.53816 34324.2
 0.53828 35518.4
 0.5384 39177.8
 0.53852 45008
 0.53864 52583.3
 0.53876 61636.1
 0.53888 71875.2
 0.539 82940.1
 0.53912 94485.5
 0.53924 106190
 0.53936 117488
 0.53948 127808
 0.5396 136898
 0.53972 144402
 0.53984 149833
 0.53996 152861
 0.54008 153176
 0.5402 150480
 0.54032 144787
 0.54044 136555
 0.54056 126152
 0.54068 113948
 0.5408 100654
 0.54092 86957.5
 0.54104 73503.7
 0.54116 60947.1
 0.54128 49858.1
 0.5414 40448.8
 0.54152 32850.4
 0.54164 27208.6
 0.54176 23384.4
 0.54188 21108.1
 0.542 20165.3
 0.54212 20374.7
 0.54224 21506.2
 0.54236 23386.9
 0.54248 25866.7
 0.5426 28798.1
 0.54272 32178.6
 0.54284 36134.7
 0.54296 40693.5
 0.54308 45717.4
 0.5432 51160.6
 0.54332 57010
 0.54344 63252.8
 0.54356 69808.9
 0.54368 76470.7
 0.5438 82949.5
 0.54392 89041.1
 0.54404 94838.4
 0.54416 100265
 0.54428 105061
 0.5444 108999
 0.54452 111924
 0.54464 113867
 0.54476 114937
 0.54488 115259
 0.545 114694
 0.54512 113097
 0.54524 110721
 0.54536 107834
 0.54548 104695
 0.5456 101466
 0.54572 98208.4
 0.54584 94804.6
 0.54596 91199.9
 0.54608 87593.4
 0.5462 84066.7
 0.54632 80643.5
 0.54644 77383.6
 0.54656 74289
 0.54668 71397
 0.5468 69029.1
 0.54692 67747
 0.54704 67921.5
 0.54716 69756.5
 0.54728 73395.2
 0.5474 78807.5
 0.54752 85968.3
 0.54764 94920.4
 0.54776 105408
 0.54788 116743
 0.548 128044
 0.54812 138523
 0.54824 147372
 0.54836 154009
 0.54848 158016
 0.5486 158837
 0.54872 156155
 0.54884 150030
 0.54896 141009
 0.54908 129683
 0.5492 116791
 0.54932 103044
 0.54944 89033.8
 0.54956 75480.6
 0.54968 63073.7
 0.5498 52296.1
 0.54992 43323.6
 0.55004 36235.6
 0.55016 31122.8
 0.55028 27990.2
 0.5504 26753.7
 0.55052 27204.3
 0.55064 29057.2
 0.55076 32071.7
 0.55088 36071.2
 0.551 40906.1
 0.55112 46316.6
 0.55124 52011.4
 0.55136 57890.3
 0.55148 63982
 0.5516 70304.7
 0.55172 76884.7
 0.55184 83784.7
 0.55196 91094.6
 0.55208 98846.1
 0.5522 106961
 0.55232 115091
 0.55244 122785
 0.55256 129707
 0.55268 135542
 0.5528 139863
 0.55292 142104
 0.55304 141800
 0.55316 138874
 0.55328 133699
 0.5534 126781
 0.55352 118567
 0.55364 109459
 0.55376 100021
 0.55388 91080.3
 0.554 83514.3
 0.55412 77946.7
 0.55424 74672.6
 0.55436 73876.5
 0.55448 75606.5
 0.5546 79930.4
 0.55472 86755.3
 0.55484 95603.6
 0.55496 105870
 0.55508 116895
 0.5552 127983
 0.55532 138251
 0.55544 146936
 0.55556 153304
 0.55568 156631
 0.5558 156598
 0.55592 153092
 0.55604 146156
 0.55616 136030
 0.55628 123311
 0.5564 108821
 0.55652 93362.9
 0.55664 77889.6
 0.55676 63183.6
 0.55688 49831.2
 0.557 38318.9
 0.55712 29012.9
 0.55724 22138.1
 0.55736 17586.6
 0.55748 15151.1
 0.5576 14558.1
 0.55772 15532.5
 0.55784 17891.9
 0.55796 21544.7
 0.55808 26442.5
 0.5582 32393.1
 0.55832 39297.4
 0.55844 47194
 0.55856 56068.5
 0.55868 65829.7
 0.5588 76262.9
 0.55892 87003.5
 0.55904 97436.6
 0.55916 107056
 0.55928 115460
 0.5594 122173
 0.55952 126745
 0.55964 128817
 0.55976 128237
 0.55988 124989
 0.56 119456
 0.56012 112194
 0.56024 103783
 0.56036 94846.5
 0.56048 86072.2
 0.5606 78199.7
 0.56072 71827.5
 0.56084 67337.2
 0.56096 64934.5
 0.56108 64604.5
 0.5612 66167.6
 0.56132 69343.2
 0.56144 73659.2
 0.56156 78479.4
 0.56168 83171.9
 0.5618 87384.5
 0.56192 90863.5
 0.56204 93451.5
 0.56216 95060.6
 0.56228 95606.6
 0.5624 95222.7
 0.56252 94300.4
 0.56264 93321.4
 0.56276 92668.7
 0.56288 92587.3
 0.563 93240.6
 0.56312 94602.4
 0.56324 96811.5
 0.56336 99901.3
 0.56348 103610
 0.5636 107504
 0.56372 110962
 0.56384 113415
 0.56396 114349
 0.56408 113577
 0.5642 110971
 0.56432 106447
 0.56444 100244
 0.56456 92753.1
 0.56468 84733.4
 0.5648 76939.9
 0.56492 70087.7
 0.56504 64762.3
 0.56516 61323.9
 0.56528 59967.7
 0.5654 60620.3
 0.56552 63094.9
 0.56564 66938.7
 0.56576 71650.8
 0.56588 76843.3
 0.566 82079.6
 0.56612 86889.3
 0.56624 90941.1
 0.56636 94059.5
 0.56648 96126.2
 0.5666 97124.2
 0.56672 97115.4
 0.56684 96086.2
 0.56696 94087.3
 0.56708 91371.5
 0.5672 88236.9
 0.56732 84973.4
 0.56744 81861.2
 0.56756 79112.4
 0.56768 76880.4
 0.5678 75277.4
 0.56792 74338.6
 0.56804 74003.7
 0.56816 74204.3
 0.56828 74828.4
 0.5684 75769.7
 0.56852 76998.9
 0.56864 78613
 0.56876 80720.4
 0.56888 83495.8
 0.569 87036.9
 0.56912 91342.3
 0.56924 96410.2
 0.56936 102284
 0.56948 108922
 0.5696 116145
 0.56972 123719
 0.56984 131424
 0.56996 139132
 0.57008 146791
 0.5702 154230
 0.57032 161105
 0.57044 166923
 0.57056 171256
 0.57068 173801
 0.5708 174283
 0.57092 172457
 0.57104 168173
 0.57116 161491
 0.57128 152637
 0.5714 142286
 0.57152 131238
 0.57164 120251
 0.57176 109994
 0.57188 101061
 0.572 93820.1
 0.57212 88533
 0.57224 85383.4
 0.57236 84260.4
 0.57248 84827.6
 0.5726 86671.2
 0.57272 89404.6
 0.57284 92618.5
 0.57296 95979.8
 0.57308 99238.2
 0.5732 102276
 0.57332 105220
 0.57344 108202
 0.57356 111367
 0.57368 114840
 0.5738 118812
 0.57392 123690
 0.57404 129829
 0.57416 137248
 0.57428 145257
 0.5744 153116
 0.57452 160311
 0.57464 166435
 0.57476 171078
 0.57488 173599
 0.575 173234
 0.57512 169545
 0.57524 163133
 0.57536 155044
 0.57548 146055
 0.5756 136793
 0.57572 127877
 0.57584 120010
 0.57596 114030
 0.57608 110537
 0.5762 109393
 0.57632 109874
 0.57644 111419
 0.57656 113615
 0.57668 115948
 0.5768 117863
 0.57692 118800
 0.57704 118420
 0.57716 116821
 0.57728 114436
 0.5774 111560
 0.57752 108272
 0.57764 104767
 0.57776 101339
 0.57788 98204.8
 0.578 95334.9
 0.57812 92508.4
 0.57824 89393.5
 0.57836 85869.3
 0.57848 82053.4
 0.5786 78135.5
 0.57872 74263.4
 0.57884 70660.7
 0.57896 67878.5
 0.57908 66520.1
 0.5792 67016.7
 0.57932 69587.3
 0.57944 74205.4
 0.57956 80708.7
 0.57968 88763.8
 0.5798 97895.7
 0.57992 107341
 0.58004 116144
 0.58016 123594
 0.58028 129176
 0.5804 132570
 0.58052 133564
 0.58064 132116
 0.58076 128381
 0.58088 122688
 0.581 115611
 0.58112 107745
 0.58124 99554.6
 0.58136 91452
 0.58148 83713.3
 0.5816 76571.8
 0.58172 70241.7
 0.58184 64897.7
 0.58196 60626.2
 0.58208 57460
 0.5822 55400.6
 0.58232 54431.5
 0.58244 54662
 0.58256 56252.1
 0.58268 59224.9
 0.5828 63604.8
 0.58292 69367.7
 0.58304 76272.4
 0.58316 84078.5
 0.58328 92594.4
 0.5834 101559
 0.58352 110546
 0.58364 119300
 0.58376 127425
 0.58388 134434
 0.584 140165
 0.58412 144659
 0.58424 147981
 0.58436 150187
 0.58448 151474
 0.5846 151959
 0.58472 151767
 0.58484 151368
 0.58496 151187
 0.58508 151301
 0.5852 151670
 0.58532 152195
 0.58544 152825
 0.58556 153505
 0.58568 154474
 0.5858 155672
 0.58592 156700
 0.58604 157366
 0.58616 157598
 0.58628 157415
 0.5864 156828
 0.58652 155787
 0.58664 153923
 0.58676 150865
 0.58688 146744
 0.587 141785
 0.58712 136130
 0.58724 129999
 0.58736 123465
 0.58748 116565
 0.5876 109597
 0.58772 102967
 0.58784 96815.5
 0.58796 91079.4
 0.58808 85719.3
 0.5882 80585
 0.58832 75656.9
 0.58844 71091.7
 0.58856 66991.9
 0.58868 63396.6
 0.5888 60562.3
 0.58892 58920.9
 0.58904 58908.1
 0.58916 61031
 0.58928 65741.6
 0.5894 73384.2
 0.58952 84180.9
 0.58964 98289.6
 0.58976 115423
 0.58988 134655
 0.59 154983
 0.59012 175310
 0.59024 194466
 0.59036 211205
 0.59048 224336
 0.5906 232769
 0.59072 235704
 0.59084 233413
 0.59096 226484
 0.59108 215664
 0.5912 201770
 0.59132 185763
 0.59144 168681
 0.59156 151562
 0.59168 135484
 0.5918 120899
 0.59192 107876
 0.59204 96386
 0.59216 86399.2
 0.59228 77934.7
 0.5924 70973.6
 0.59252 65383.7
 0.59264 60905.8
 0.59276 57429.1
 0.59288 55030.3
 0.593 53697.6
 0.59312 53318.1
 0.59324 53623.3
 0.59336 54264.3
 0.59348 55017.6
 0.5936 55766
 0.59372 56349.6
 0.59384 56438.6
 0.59396 55841.5
 0.59408 54536.7
 0.5942 52641.7
 0.59432 50359.4
 0.59444 47866.8
 0.59456 45270.8
 0.59468 42746.6
 0.5948 40657.7
 0.59492 39393.5
 0.59504 39254.7
 0.59516 40467.2
 0.59528 43178.5
 0.5954 47457.7
 0.59552 53429.4
 0.59564 61088.3
 0.59576 70182.6
 0.59588 80340.7
 0.596 91082.8
 0.59612 101891
 0.59624 112216
 0.59636 121557
 0.59648 129304
 0.5966 134778
 0.59672 137686
 0.59684 137923
 0.59696 135587
 0.59708 130944
 0.5972 124420
 0.59732 116624
 0.59744 108295
 0.59756 100502
 0.59768 94061.1
 0.5978 89386.9
 0.59792 86707.4
 0.59804 85995.8
 0.59816 87051
 0.59828 89419.8
 0.5984 92483.4
 0.59852 95418.4
 0.59864 97414.9
 0.59876 98100
 0.59888 97324.4
 0.599 95121.4
 0.59912 91727.5
 0.59924 87441.1
 0.59936 82696.6
 0.59948 77911
 0.5996 73462.6
 0.59972 69522.2
 0.59984 66109.6
 0.59996 63239.8
 0.60008 60807.9
 0.6002 58729.3
 0.60032 56962.7
 0.60044 55594.3
 0.60056 54913
 0.60068 55259.1
 0.6008 56943.3
 0.60092 60102.1
 0.60104 64813
 0.60116 71184.3
 0.60128 79233.7
 0.6014 88754.7
 0.60152 99182
 0.60164 109859
 0.60176 120216
 0.60188 129921
 0.602 138694
 0.60212 146057
 0.60224 151550
 0.60236 154838
 0.60248 155868
 0.6026 154741
 0.60272 151540
 0.60284 146231
 0.60296 138852
 0.60308 129872
 0.6032 119880
 0.60332 109475
 0.60344 99311
 0.60356 90082.2
 0.60368 82546.4
 0.6038 77428.3
 0.60392 75280.9
 0.60404 76328.2
 0.60416 80443.1
 0.60428 87291
 0.6044 96396.3
 0.60452 107002
 0.60464 118008
 0.60476 128302
 0.60488 137037
 0.605 143412
 0.60512 146901
 0.60524 147481
 0.60536 145283
 0.60548 140623
 0.6056 134310
 0.60572 127314
 0.60584 120284
 0.60596 113845
 0.60608 108681
 0.6062 105058
 0.60632 102987
 0.60644 102366
 0.60656 102775
 0.60668 103578
 0.6068 104398
 0.60692 105041
 0.60704 105064
 0.60716 104023
 0.60728 101713
 0.6074 98047.3
 0.60752 93159.4
 0.60764 87300.2
 0.60776 80719.7
 0.60788 73536.1
 0.608 66018.3
 0.60812 58742.2
 0.60824 52204.5
 0.60836 46744.5
 0.60848 42537
 0.6086 39696
 0.60872 38208.1
 0.60884 37920.2
 0.60896 38605.6
 0.60908 39829.9
 0.6092 41105.6
 0.60932 42105.5
 0.60944 42651.1
 0.60956 42612.1
 0.60968 41948.6
 0.6098 40847.7
 0.60992 39629.6
 0.61004 38619.9
 0.61016 38186
 0.61028 38580.1
 0.6104 39911.5
 0.61052 42238.3
 0.61064 45476.1
 0.61076 49408
 0.61088 53694.1
 0.611 58011.3
 0.61112 61997.9
 0.61124 65306.5
 0.61136 67718.3
 0.61148 69046.5
 0.6116 69278.2
 0.61172 68532.3
 0.61184 67003.8
 0.61196 64955.5
 0.61208 62751.8
 0.6122 60940.2
 0.61232 60055.9
 0.61244 60629.9
 0.61256 63160.8
 0.61268 68100.8
 0.6128 75843.7
 0.61292 86574.3
 0.61304 100234
 0.61316 116392
 0.61328 134233
 0.6134 152834
 0.61352 171183
 0.61364 188083
 0.61376 202126
 0.61388 212124
 0.614 217222
 0.61412 217015
 0.61424 211705
 0.61436 201889
 0.61448 188234
 0.6146 171630
 0.61472 153386
 0.61484 134886
 0.61496 117359
 0.61508 101813
 0.6152 88905.5
 0.61532 78899
 0.61544 71977.7
 0.61556 68149.2
 0.61568 67259.5
 0.6158 68938.5
 0.61592 72695.1
 0.61604 77870.4
 0.61616 83737
 0.61628 89682.2
 0.6164 95255.9
 0.61652 100287
 0.61664 104559
 0.61676 107925
 0.61688 110414
 0.617 112329
 0.61712 114223
 0.61724 116708
 0.61736 120079
 0.61748 124105
 0.6176 128572
 0.61772 133302
 0.61784 137932
 0.61796 141942
 0.61808 144772
 0.6182 145786
 0.61832 144615
 0.61844 141599
 0.61856 137159
 0.61868 131543
 0.6188 125139
 0.61892 118452
 0.61904 111872
 0.61916 105717
 0.61928 100234
 0.6194 95239.4
 0.61952 90407.9
 0.61964 85655.4
 0.61976 80940
 0.61988 76215.2
 0.62 71527.4
 0.62012 67067
 0.62024 63015.8
 0.62036 59655.9
 0.62048 57370.7
 0.6206 56415.4
 0.62072 56945.9
 0.62084 59000.4
 0.62096 62436.4
 0.62108 66914.5
 0.6212 72142.3
 0.62132 77793.8
 0.62144 83381.8
 0.62156 88337.5
 0.62168 92140.7
 0.6218 94403.6
 0.62192 94927.4
 0.62204 93802.7
 0.62216 91173
 0.62228 87176.8
 0.6224 82182.8
 0.62252 76808
 0.62264 71677.1
 0.62276 67279.4
 0.62288 64012.9
 0.623 62049.6
 0.62312 61337.2
 0.62324 61814.8
 0.62336 63285
 0.62348 65275.9
 0.6236 67281.3
 0.62372 68936.5
 0.62384 69869.1
 0.62396 69820.3
 0.62408 68791.2
 0.6242 66855.1
 0.62432 64117.7
 0.62444 60876.5
 0.62456 57469.2
 0.62468 54040.7
 0.6248 50795.3
 0.62492 47930.3
 0.62504 45516.5
 0.62516 43550.1
 0.62528 42065.1
 0.6254 41106.8
 0.62552 40683.5
 0.62564 40966.6
 0.62576 42146.5
 0.62588 44358.7
 0.626 47687.1
 0.62612 52232.5
 0.62624 58064.7
 0.62636 64991.2
 0.62648 72641.9
 0.6266 80679.1
 0.62672 88742.2
 0.62684 96524.3
 0.62696 103822
 0.62708 110461
 0.6272 116106
 0.62732 120635
 0.62744 124357
 0.62756 127528
 0.62768 130389
 0.6278 133136
 0.62792 135872
 0.62804 138607
 0.62816 141597
 0.62828 145232
 0.6284 149574
 0.62852 154560
 0.62864 159983
 0.62876 165425
 0.62888 170519
 0.629 175080
 0.62912 178888
 0.62924 181395
 0.62936 182091
 0.62948 180683
 0.6296 177150
 0.62972 171917
 0.62984 165624
 0.62996 158729
 0.63008 151482
 0.6302 144415
 0.63032 138227
 0.63044 133414
 0.63056 130288
 0.63068 128885
 0.6308 128904
 0.63092 129946
 0.63104 131859
 0.63116 134287
 0.63128 136643
 0.6314 138490
 0.63152 139413
 0.63164 138944
 0.63176 136790
 0.63188 132914
 0.632 127247
 0.63212 119867
 0.63224 111096
 0.63236 101279
 0.63248 90800.6
 0.6326 80395.5
 0.63272 70790.8
 0.63284 62630.1
 0.63296 56529.8
 0.63308 53072.4
 0.6332 52612
 0.63332 55263.3
 0.63344 60939.8
 0.63356 69159.2
 0.63368 79189.2
 0.6338 90252.4
 0.63392 101411
 0.63404 111629
 0.63416 119894
 0.63428 125476
 0.6344 128023
 0.63452 127558
 0.63464 124508
 0.63476 119407
 0.63488 112991
 0.635 106154
 0.63512 100001
 0.63524 95457.2
 0.63536 93137.8
 0.63548 93196.4
 0.6356 95352
 0.63572 99210.9
 0.63584 104343
 0.63596 110241
 0.63608 116141
 0.6362 121201
 0.63632 124885
 0.63644 127029
 0.63656 127940
 0.63668 127985
 0.6368 127410
 0.63692 126265
 0.63704 124710
 0.63716 123169
 0.63728 121855
 0.6374 120670
 0.63752 119166
 0.63764 116882
 0.63776 113487
 0.63788 109083
 0.638 103859
 0.63812 97874.6
 0.63824 91188.3
 0.63836 84085.5
 0.63848 77157.1
 0.6386 71017.3
 0.63872 66195.3
 0.63884 62781.5
 0.63896 60648.9
 0.63908 59673.2
 0.6392 59755.3
 0.63932 60788.8
 0.63944 62387.6
 0.63956 64016.4
 0.63968 65112.4
 0.6398 65443.8
 0.63992 65065.1
 0.64004 64061.5
 0.64016 62540.7
 0.64028 60556.5
 0.6404 58259.1
 0.64052 55971.7
 0.64064 54187.1
 0.64076 53274.7
 0.64088 53301.4
 0.641 54253.3
 0.64112 56016.4
 0.64124 58425.2
 0.64136 61268.6
 0.64148 64288.1
 0.6416 66998.1
 0.64172 68887.1
 0.64184 69646.6
 0.64196 69133.7
 0.64208 67326.1
 0.6422 64340.7
 0.64232 60411.6
 0.64244 55793.2
 0.64256 50968.4
 0.64268 46542.5
 0.6428 42986.1
 0.64292 40584.6
 0.64304 39548.9
 0.64316 39984.8
 0.64328 41921.1
 0.6434 45319.1
 0.64352 49966.5
 0.64364 55371
 0.64376 61122.1
 0.64388 66923
 0.644 72559.1
 0.64412 77825.7
 0.64424 82546.9
 0.64436 86615.5
 0.64448 90028.2
 0.6446 93081.5
 0.64472 96086.6
 0.64484 99324.5
 0.64496 102903
 0.64508 106878
 0.6452 111290
 0.64532 116046
 0.64544 120964
 0.64556 125722
 0.64568 129994
 0.6458 133425
 0.64592 135792
 0.64604 137102
 0.64616 137409
 0.64628 136896
 0.6464 135861
 0.64652 134482
 0.64664 132905
 0.64676 131283
 0.64688 129830
 0.647 128525
 0.64712 127200
 0.64724 125639
 0.64736 123530
 0.64748 120858
 0.6476 117638
 0.64772 113862
 0.64784 109444
 0.64796 104368
 0.64808 98808.5
 0.6482 92947.8
 0.64832 86992.4
 0.64844 80983.6
 0.64856 74914.1
 0.64868 68873.5
 0.6488 62971.2
 0.64892 57305.8
 0.64904 51876.2
 0.64916 46717.7
 0.64928 41882.4
 0.6494 37500.4
 0.64952 33751.2
 0.64964 30710.7
 0.64976 28429
 0.64988 26960.5
 0.65 26377.6
 0.65012 26703
 0.65024 27980.5
 0.65036 30160.2
 0.65048 33028.2
 0.6506 36409.1
 0.65072 40188
 0.65084 44251.5
 0.65096 48488.3
 0.65108 52793.7
 0.6512 56928.4
 0.65132 60574.2
 0.65144 63665.8
 0.65156 66188.9
 0.65168 68083.4
 0.6518 69313.7
 0.65192 69848.2
 0.65204 69675.3
 0.65216 68985
 0.65228 68251.8
 0.6524 67835.5
 0.65252 68028.6
 0.65264 69166.9
 0.65276 71506.4
 0.65288 75297.3
 0.653 80797.8
 0.65312 88035.8
 0.65324 96669.4
 0.65336 106371
 0.65348 116789
 0.6536 127388
 0.65372 137614
 0.65384 146929
 0.65396 154651
 0.65408 160256
 0.6542 163594
 0.65432 164489
 0.65444 162731
 0.65456 158402
 0.65468 151793
 0.6548 143214
 0.65492 133167
 0.65504 122214
 0.65516 110695
 0.65528 98993.4
 0.6554 87707.6
 0.65552 77298.6
 0.65564 68051.7
 0.65576 60139.2
 0.65588 53683.4
 0.656 48611.1
 0.65612 44872.3
 0.65624 42392.7
 0.65636 40888.4
 0.65648 40062.6
 0.6566 39643.4
 0.65672 39506.9
 0.65684 39560
 0.65696 39853.3
 0.65708 40507.5
 0.6572 41651.4
 0.65732 43471.1
 0.65744 46093.8
 0.65756 49564.1
 0.65768 53717
 0.6578 58256.4
 0.65792 62869.6
 0.65804 67208.2
 0.65816 70920.9
 0.65828 73657.2
 0.6584 75157.9
 0.65852 75402.1
 0.65864 74590.5
 0.65876 73149.7
 0.65888 71459.1
 0.659 69736.5
 0.65912 68174.6
 0.65924 66966.8
 0.65936 66285.7
 0.65948 66123
 0.6596 66398.4
 0.65972 66908.2
 0.65984 67488
 0.65996 68224.2
 0.66008 69317.6
 0.6602 70970.4
 0.66032 73373.3
 0.66044 76708.9
 0.66056 81123.8
 0.66068 86697.9
 0.6608 93286.5
 0.66092 100593
 0.66104 108172
 0.66116 115572
 0.66128 122321
 0.6614 127980
 0.66152 132173
 0.66164 134552
 0.66176 135075
 0.66188 133897
 0.662 131320
 0.66212 127668
 0.66224 123311
 0.66236 118709
 0.66248 114357
 0.6626 110780
 0.66272 108445
 0.66284 107641
 0.66296 108421
 0.66308 110802
 0.6632 114749
 0.66332 120074
 0.66344 126439
 0.66356 133423
 0.66368 140478
 0.6638 146974
 0.66392 152502
 0.66404 156642
 0.66416 158898
 0.66428 158922
 0.6644 156472
 0.66452 151462
 0.66464 143960
 0.66476 134343
 0.66488 122980
 0.665 110328
 0.66512 97124.5
 0.66524 84094.4
 0.66536 72008.6
 0.66548 61564.5
 0.6656 53332.2
 0.66572 47636.3
 0.66584 44605.8
 0.66596 44262.2
 0.66608 46452
 0.6662 50925.7
 0.66632 57329.3
 0.66644 65108.5
 0.66656 73710.4
 0.66668 82690.5
 0.6668 91745.5
 0.66692 100712
 0.66704 109243
 0.66716 116805
 0.66728 122860
 0.6674 127114
 0.66752 129527
 0.66764 130011
 0.66776 128464
 0.66788 124710
 0.668 118831
 0.66812 111458
 0.66824 103479
 0.66836 95794.4
 0.66848 89138.8
 0.6686 84213.7
 0.66872 81660.8
 0.66884 81990
 0.66896 85580.8
 0.66908 92382.7
 0.6692 102040
 0.66932 113939
 0.66944 127177
 0.66956 140678
 0.66968 153400
 0.6698 164550
 0.66992 173459
 0.67004 179545
 0.67016 182214
 0.67028 181053
 0.6704 176170
 0.67052 168136
 0.67064 157738
 0.67076 145646
 0.67088 132478
 0.671 118901
 0.67112 105888
 0.67124 94514
 0.67136 85545.9
 0.67148 79330.7
 0.6716 75945.3
 0.67172 75431.3
 0.67184 77612.8
 0.67196 82245.3
 0.67208 88893
 0.6722 96797.2
 0.67232 105163
 0.67244 113441
 0.67256 121189
 0.67268 127903
 0.6728 133303
 0.67292 137330
 0.67304 139777
 0.67316 140634
 0.67328 140185
 0.6734 138691
 0.67352 136295
 0.67364 133223
 0.67376 129766
 0.67388 126033
 0.674 122276
 0.67412 118876
 0.67424 115906
 0.67436 113278
 0.67448 111004
 0.6746 109200
 0.67472 107894
 0.67484 106941
 0.67496 106167
 0.67508 105332
 0.6752 104353
 0.67532 103346
 0.67544 102330
 0.67556 101198
 0.67568 99840.5
 0.6758 98374
 0.67592 97182.7
 0.67604 96551.4
 0.67616 96563.2
 0.67628 97177.1
 0.6764 98533.4
 0.67652 100867
 0.67664 104354
 0.67676 109097
 0.67688 114910
 0.677 121359
 0.67712 128230
 0.67724 135378
 0.67736 142403
 0.67748 148752
 0.6776 153957
 0.67772 157584
 0.67784 159186
 0.67796 158882
 0.67808 157027
 0.6782 154004
 0.67832 150490
 0.67844 147346
 0.67856 145361
 0.67868 145202
 0.6788 147643
 0.67892 153090
 0.67904 161301
 0.67916 171703
 0.67928 183492
 0.6794 195681
 0.67952 207295
 0.67964 217688
 0.67976 226335
 0.67988 232847
 0.68 237309
 0.68012 240189
 0.68024 242017
 0.68036 243360
 0.68048 244814
 0.6806 246650
 0.68072 248680
 0.68084 250541
 0.68096 251691
 0.68108 251501
 0.6812 249360
 0.68132 244908
 0.68144 237844
 0.68156 228000
 0.68168 215711
 0.6818 201561
 0.68192 186298
 0.68204 170566
 0.68216 155081
 0.68228 140327
 0.6824 126642
 0.68252 114244
 0.68264 103200
 0.68276 93408.8
 0.68288 84642
 0.683 76761.7
 0.68312 69643.8
 0.68324 63178.9
 0.68336 57398.6
 0.68348 52495.3
 0.6836 48621.1
 0.68372 45953.1
 0.68384 44701.5
 0.68396 44971.8
 0.68408 46672
 0.6842 49644.5
 0.68432 53652.1
 0.68444 58353.1
 0.68456 63398.2
 0.68468 68438.6
 0.6848 72941.6
 0.68492 76509.2
 0.68504 78966
 0.68516 80404
 0.68528 81027
 0.6854 81139.5
 0.68552 81069
 0.68564 81139.6
 0.68576 81970
 0.68588 84249.6
 0.686 88571.2
 0.68612 95250.1
 0.68624 104234
 0.68636 115183
 0.68648 127712
 0.6866 141489
 0.68672 156096
 0.68684 170868
 0.68696 184946
 0.68708 197355
 0.6872 207661
 0.68732 215928
 0.68744 222444
 0.68756 227363
 0.68768 230774
 0.6878 232853
 0.68792 234003
 0.68804 235067
 0.68816 236606
 0.68828 238739
 0.6884 241061
 0.68852 243181
 0.68864 244625
 0.68876 244990
 0.68888 243890
 0.689 240818
 0.68912 235286
 0.68924 226976
 0.68936 216026
 0.68948 202938
 0.6896 188402
 0.68972 173210
 0.68984 158048
 0.68996 143453
 0.69008 129850
 0.6902 117637
 0.69032 107047
 0.69044 97949.9
 0.69056 90104.6
 0.69068 83105.2
 0.6908 76557.6
 0.69092 70127
 0.69104 63605
 0.69116 56916.9
 0.69128 50076.3
 0.6914 43311.3
 0.69152 36858.1
 0.69164 31010
 0.69176 26084.4
 0.69188 22418.3
 0.692 20328.8
 0.69212 19935.5
 0.69224 21221.8
 0.69236 23989.4
 0.69248 27939.4
 0.6926 32683.1
 0.69272 37796.5
 0.69284 42820.6
 0.69296 47248.2
 0.69308 50731.9
 0.6932 53059.4
 0.69332 54129.6
 0.69344 54063.5
 0.69356 53159.1
 0.69368 51821
 0.6938 50492.6
 0.69392 49704.2
 0.69404 49852.4
 0.69416 51199.3
 0.69428 53985.6
 0.6944 58250.5
 0.69452 63796.1
 0.69464 70313.1
 0.69476 77512.6
 0.69488 84973.1
 0.695 92341.6
 0.69512 99412.7
 0.69524 105968
 0.69536 111786
 0.69548 116815
 0.6956 121108
 0.69572 124522
 0.69584 126908
 0.69596 128170
 0.69608 128110
 0.6962 126570
 0.69632 123575
 0.69644 119252
 0.69656 113682
 0.69668 107074
 0.6968 99940
 0.69692 92837.9
 0.69704 86371.4
 0.69716 81061.3
 0.69728 77146.8
 0.6974 74622.6
 0.69752 73355
 0.69764 73295.5
 0.69776 74173.3
 0.69788 75584.1
 0.698 77053.6
 0.69812 78182.8
 0.69824 78903.8
 0.69836 79313.7
 0.69848 79696.1
 0.6986 80281.9
 0.69872 81277.7
 0.69884 82810.7
 0.69896 84924.8
 0.69908 87593.2
 0.6992 90522.9
 0.69932 93378.7
 0.69944 95816.5
 0.69956 97488
 0.69968 98178.2
 0.6998 97932.9
 0.69992 97206.4
 0.70004 96635.2
 0.70016 97064.4
 0.70028 99465.7
 0.7004 104602
 0.70052 113231
 0.70064 125893
 0.70076 142730
 0.70088 163368
 0.701 187002
 0.70112 212604
 0.70124 238677
 0.70136 263726
 0.70148 286202
 0.7016 304477
 0.70172 317338
 0.70184 323917
 0.70196 323813
 0.70208 316913
 0.7022 303659
 0.70232 284946
 0.70244 261883
 0.70256 236061
 0.70268 209070
 0.7028 182388
 0.70292 157286
 0.70304 134847
 0.70316 115869
 0.70328 100730
 0.7034 89541.7
 0.70352 81876.1
 0.70364 76991.9
 0.70376 74158.2
 0.70388 72636.2
 0.704 71747.3
 0.70412 70871.4
 0.70424 69496.4
 0.70436 67234.5
 0.70448 64066.6
 0.7046 60328.1
 0.70472 56449.4
 0.70484 52884.3
 0.70496 50067.2
 0.70508 48416.5
 0.7052 48350.9
 0.70532 50263.4
 0.70544 54345.6
 0.70556 60532.1
 0.70568 68412.8
 0.7058 77326
 0.70592 86634.9
 0.70604 95730.8
 0.70616 104007
 0.70628 110861
 0.7064 115791
 0.70652 118428
 0.70664 118637
 0.70676 116907
 0.70688 113731
 0.707 109510
 0.70712 104657
 0.70724 99566.7
 0.70736 94593.6
 0.70748 89943.2
 0.7076 85808.1
 0.70772 82062.8
 0.70784 78443.8
 0.70796 74861
 0.70808 71222.5
 0.7082 67373.4
 0.70832 63249.4
 0.70844 58935.5
 0.70856 54593.7
 0.70868 50297.5
 0.7088 46184.3
 0.70892 42315.2
 0.70904 38719.7
 0.70916 35558.1
 0.70928 32969.5
 0.7094 30985.8
 0.70952 29533.8
 0.70964 28619.7
 0.70976 28228.1
 0.70988 28277.1
 0.71 28660.8
 0.71012 29206.6
 0.71024 29687.4
 0.71036 29905.6
 0.71048 29699.1
 0.7106 28893.1
 0.71072 27397.9
 0.71084 25245.3
 0.71096 22571.9
 0.71108 19532.1
 0.7112 16302.7
 0.71132 13063.8
 0.71144 9998.12
 0.71156 7320.15
 0.71168 5208.06
 0.7118 3808.34
 0.71192 3253.26
 0.71204 3679.32
 0.71216 5248.99
 0.71228 8150.83
 0.7124 12573.2
 0.71252 18626
 0.71264 26309.3
 0.71276 35506.2
 0.71288 45831.9
 0.713 56789.6
 0.71312 67821.2
 0.71324 78269.8
 0.71336 87505.4
 0.71348 94963.5
 0.7136 100370
 0.71372 103708
 0.71384 105369
 0.71396 105929
 0.71408 106031
 0.7142 106454
 0.71432 107872
 0.71444 110898
 0.71456 115857
 0.71468 122446
 0.7148 129985
 0.71492 137725
 0.71504 144911
 0.71516 150637
 0.71528 154226
 0.7154 155144
 0.71552 152991
 0.71564 148140
 0.71576 141495
 0.71588 133966
 0.716 126380
 0.71612 119715
 0.71624 114780
 0.71636 111998
 0.71648 111724
 0.7166 113862
 0.71672 117810
 0.71684 122971
 0.71696 128838
 0.71708 134879
 0.7172 140516
 0.71732 145455
 0.71744 149535
 0.71756 152706
 0.71768 155114
 0.7178 156840
 0.71792 157753
 0.71804 157617
 0.71816 156265
 0.71828 153717
 0.7184 150036
 0.71852 145355
 0.71864 139929
 0.71876 134045
 0.71888 128321
 0.719 123561
 0.71912 120531
 0.71924 119685
 0.71936 121243
 0.71948 125329
 0.7196 131690
 0.71972 139963
 0.71984 149525
 0.71996 159434
 0.72008 168709
 0.7202 176577
 0.72032 182358
 0.72044 185331
 0.72056 185090
 0.72068 181549
 0.7208 174738
 0.72092 165095
 0.72104 153235
 0.72116 139785
 0.72128 125400
 0.7214 111016
 0.72152 97624.3
 0.72164 86025.4
 0.72176 76984
 0.72188 71165.9
 0.722 69077.9
 0.72212 71131
 0.72224 77550.9
 0.72236 88093
 0.72248 101984
 0.7226 118110
 0.72272 135306
 0.72284 152210
 0.72296 167292
 0.72308 178971
 0.7232 185864
 0.72332 187120
 0.72344 182555
 0.72356 172739
 0.72368 158494
 0.7238 140800
 0.72392 120989
 0.72404 100645
 0.72416 81373.9
 0.72428 64538.9
 0.7244 51147.6
 0.72452 41728.4
 0.72464 36483.8
 0.72476 35578.3
 0.72488 39010.6
 0.725 46478.9
 0.72512 57446.5
 0.72524 71120.8
 0.72536 86643.1
 0.72548 103096
 0.7256 119564
 0.72572 135140
 0.72584 148778
 0.72596 159548
 0.72608 166756
 0.7262 170236
 0.72632 170227
 0.72644 167289
 0.72656 162289
 0.72668 156042
 0.7268 149476
 0.72692 143637
 0.72704 139464
 0.72716 137577
 0.72728 137933
 0.7274 139967
 0.72752 142807
 0.72764 145575
 0.72776 147579
 0.72788 148092
 0.728 146418
 0.72812 141946
 0.72824 134558
 0.72836 124853
 0.72848 113685
 0.7286 101964
 0.72872 90427.2
 0.72884 79700.3
 0.72896 70321.8
 0.72908 62686.6
 0.7292 57064.1
 0.72932 53254.3
 0.72944 50844.4
 0.72956 49464.5
 0.72968 48785.7
 0.7298 48523.4
 0.72992 48413.8
 0.73004 48413.3
 0.73016 48467.3
 0.73028 48554.2
 0.7304 48731.5
 0.73052 48984.9
 0.73064 49200
 0.73076 49287.4
 0.73088 49273.9
 0.731 49144.4
 0.73112 48914.3
 0.73124 48774.8
 0.73136 48974.9
 0.73148 49790.3
 0.7316 51549.2
 0.73172 54508.4
 0.73184 58754.2
 0.73196 64362.3
 0.73208 71383.8
 0.7322 79663.4
 0.73232 88876.5
 0.73244 98648.1
 0.73256 108671
 0.73268 118804
 0.7328 129050
 0.73292 139210
 0.73304 148754
 0.73316 157305
 0.73328 164680
 0.7334 170790
 0.73352 175429
 0.73364 178151
 0.73376 178453
 0.73388 176116
 0.734 171557
 0.73412 165262
 0.73424 157550
 0.73436 148624
 0.73448 138824
 0.7346 128689
 0.73472 118833
 0.73484 109625
 0.73496 101133
 0.73508 93266.8
 0.7352 86059.1
 0.73532 79611.3
 0.73544 73989.2
 0.73556 69196.4
 0.73568 65193.9
 0.7358 62136.9
 0.73592 60149
 0.73604 59272.8
 0.73616 59414.7
 0.73628 60529.2
 0.7364 62529.8
 0.73652 65285.9
 0.73664 68500.5
 0.73676 71703.7
 0.73688 74413.3
 0.737 76373.2
 0.73712 77505
 0.73724 77793.9
 0.73736 77288.1
 0.73748 76108.9
 0.7376 74638.8
 0.73772 73430.7
 0.73784 73168.8
 0.73796 74327.5
 0.73808 77228.2
 0.7382 82004.9
 0.73832 88436.4
 0.73844 96134
 0.73856 104486
 0.73868 112752
 0.7388 120092
 0.73892 125783
 0.73904 129289
 0.73916 130116
 0.73928 128209
 0.7394 123889
 0.73952 117704
 0.73964 110269
 0.73976 102230
 0.73988 94143.4
 0.74 86371.9
 0.74012 79293.8
 0.74024 73242
 0.74036 68243.9
 0.74048 64170.3
 0.7406 60899.7
 0.74072 58365.5
 0.74084 56568.6
 0.74096 55681.7
 0.74108 55903
 0.7412 57368.4
 0.74132 60149.3
 0.74144 64251.8
 0.74156 69436.1
 0.74168 75334.5
 0.7418 81537.2
 0.74192 87535.2
 0.74204 92782.5
 0.74216 96668.9
 0.74228 98612
 0.7424 98341.4
 0.74252 95998
 0.74264 91947.2
 0.74276 86577.2
 0.74288 80296.5
 0.743 73536.8
 0.74312 66820.1
 0.74324 60826.1
 0.74336 55935.3
 0.74348 52270.9
 0.7436 49777.6
 0.74372 48450.4
 0.74384 48321.9
 0.74396 49421
 0.74408 51713.9
 0.7442 55061.7
 0.74432 59552.8
 0.74444 65406.8
 0.74456 72744
 0.74468 81458.8
 0.7448 91222.6
 0.74492 101679
 0.74504 112467
 0.74516 123111
 0.74528 132983
 0.7454 141206
 0.74552 147060
 0.74564 150155
 0.74576 150501
 0.74588 148224
 0.746 143484
 0.74612 136758
 0.74624 128638
 0.74636 119857
 0.74648 111188
 0.7466 103152
 0.74672 96018.9
 0.74684 89906.5
 0.74696 84910.4
 0.74708 80862.3
 0.7472 77461.6
 0.74732 74540.1
 0.74744 71909
 0.74756 69575.3
 0.74768 67596.2
 0.7478 66081.9
 0.74792 65183.5
 0.74804 65197.8
 0.74816 66435.1
 0.74828 68990
 0.7484 72886.5
 0.74852 77969.6
 0.74864 83913.8
 0.74876 90426.8
 0.74888 97096.5
 0.749 103380
 0.74912 108699
 0.74924 112740
 0.74936 115256
 0.74948 115983
 0.7496 114970
 0.74972 112289
 0.74984 108180
 0.74996 103095
 0.75008 97692.6
 0.7502 92513.5
 0.75032 88011.1
 0.75044 84742.2
 0.75056 83192.7
 0.75068 83724.1
 0.7508 86541.1
 0.75092 91545
 0.75104 98318.7
 0.75116 106317
 0.75128 114908
 0.7514 123367
 0.75152 130887
 0.75164 136697
 0.75176 140124
 0.75188 140704
 0.752 138330
 0.75212 133084
 0.75224 125270
 0.75236 115440
 0.75248 104205
 0.7526 92205.4
 0.75272 80101.7
 0.75284 68564.9
 0.75296 58074.9
 0.75308 48957.8
 0.7532 41435.8
 0.75332 35507.6
 0.75344 31125.8
 0.75356 28258
 0.75368 26832.1
 0.7538 26738.7
 0.75392 27908.6
 0.75404 30354.9
 0.75416 34154
 0.75428 39425.5
 0.7544 46241
 0.75452 54582
 0.75464 64292.2
 0.75476 75119.8
 0.75488 86756.9
 0.755 98796.7
 0.75512 110730
 0.75524 121950
 0.75536 131904
 0.75548 140093
 0.7556 146302
 0.75572 150471
 0.75584 152523
 0.75596 152480
 0.75608 150354
 0.7562 146331
 0.75632 140656
 0.75644 133658
 0.75656 125560
 0.75668 116554
 0.7568 107011
 0.75692 97339.1
 0.75704 88049.9
 0.75716 79692.2
 0.75728 72743.6
 0.7574 67566.4
 0.75752 64397
 0.75764 63306.3
 0.75776 64020
 0.75788 66124.4
 0.758 69240.4
 0.75812 72763.2
 0.75824 76073.5
 0.75836 78583.7
 0.75848 79835.4
 0.7586 79617.3
 0.75872 78146.7
 0.75884 75884.7
 0.75896 73097.7
 0.75908 70127.4
 0.7592 67408.8
 0.75932 65387.1
 0.75944 64536
 0.75956 65206.1
 0.75968 67392.4
 0.7598 70647.1
 0.75992 74616.5
 0.76004 79163.6
 0.76016 84083.7
 0.76028 89183.4
 0.7604 94101.6
 0.76052 98317.7
 0.76064 101403
 0.76076 103385
 0.76088 104461
 0.761 104573
 0.76112 103622
 0.76124 101459
 0.76136 98023.8
 0.76148 93610.6
 0.7616 88651.2
 0.76172 83453.6
 0.76184 78138.1
 0.76196 72880.3
 0.76208 67895.4
 0.7622 63421.1
 0.76232 59721.2
 0.76244 56828.9
 0.76256 54636.6
 0.76268 52913.3
 0.7628 51384.4
 0.76292 49794.6
 0.76304 47968.6
 0.76316 45756.6
 0.76328 43036.4
 0.7634 39768.9
 0.76352 35994.5
 0.76364 31856.1
 0.76376 27681.5
 0.76388 23860.9
 0.764 20761.3
 0.76412 18712.2
 0.76424 18023.4
 0.76436 18965.1
 0.76448 21709.1
 0.7646 26320.7
 0.76472 32707.7
 0.76484 40695.7
 0.76496 49899.9
 0.76508 59837.3
 0.7652 70026.5
 0.76532 79903
 0.76544 88987.4
 0.76556 96898.7
 0.76568 103391
 0.7658 108177
 0.76592 111182
 0.76604 112644
 0.76616 112802
 0.76628 111909
 0.7664 110193
 0.76652 107788
 0.76664 104753
 0.76676 101216
 0.76688 97349.2
 0.767 93034.2
 0.76712 88046.1
 0.76724 82300.7
 0.76736 75810.8
 0.76748 68740.8
 0.7676 61355.2
 0.76772 53929.5
 0.76784 46668.8
 0.76796 39880.7
 0.76808 34043.3
 0.7682 29571
 0.76832 26751.7
 0.76844 25766.5
 0.76856 26628.3
 0.76868 29298.3
 0.7688 33689.9
 0.76892 39608.5
 0.76904 46790.6
 0.76916 54995.5
 0.76928 64026.9
 0.7694 73614.6
 0.76952 83475.1
 0.76964 93455.3
 0.76976 103505
 0.76988 113762
 0.77 124392
 0.77012 135303
 0.77024 146343
 0.77036 157465
 0.77048 168951
 0.7706 180922
 0.77072 193018
 0.77084 204455
 0.77096 214258
 0.77108 221895
 0.7712 227098
 0.77132 229596
 0.77144 228790
 0.77156 224050
 0.77168 215484
 0.7718 204036
 0.77192 191121
 0.77204 177804
 0.77216 164652
 0.77228 152079
 0.7724 140585
 0.77252 130804
 0.77264 123047
 0.77276 116974
 0.77288 111802
 0.773 106960
 0.77312 102365
 0.77324 98294.3
 0.77336 95183.4
 0.77348 93419.7
 0.7736 93354.3
 0.77372 95219.6
 0.77384 99173.6
 0.77396 105164
 0.77408 112892
 0.7742 121699
 0.77432 130657
 0.77444 138864
 0.77456 145516
 0.77468 150255
 0.7748 153337
 0.77492 155289
 0.77504 156673
 0.77516 158050
 0.77528 160234
 0.7754 163741
 0.77552 168809
 0.77564 175368
 0.77576 182673
 0.77588 189666
 0.776 195300
 0.77612 198726
 0.77624 198958
 0.77636 195448
 0.77648 188194
 0.7766 177465
 0.77672 163934
 0.77684 148522
 0.77696 132161
 0.77708 115746
 0.7772 100280
 0.77732 86581.8
 0.77744 74998.3
 0.77756 65611.9
 0.77768 58297.9
 0.7778 52841.5
 0.77792 49040.3
 0.77804 46634.1
 0.77816 45247
 0.77828 44465.3
 0.7784 44038.7
 0.77852 43795.5
 0.77864 43655.1
 0.77876 43559.9
 0.77888 43409.8
 0.779 43158.4
 0.77912 42819.8
 0.77924 42458.7
 0.77936 42192.6
 0.77948 42225.2
 0.7796 42827.6
 0.77972 44297.1
 0.77984 47045
 0.77996 51405.3
 0.78008 57590.2
 0.7802 65782.3
 0.78032 75949.2
 0.78044 87826.5
 0.78056 101012
 0.78068 115006
 0.7808 128878
 0.78092 141628
 0.78104 152565
 0.78116 161075
 0.78128 166755
 0.7814 169576
 0.78152 169652
 0.78164 167080
 0.78176 162564
 0.78188 157185
 0.782 151646
 0.78212 146365
 0.78224 141672
 0.78236 137641
 0.78248 134226
 0.7826 131408
 0.78272 128896
 0.78284 126017
 0.78296 122293
 0.78308 117783
 0.7832 112644
 0.78332 107087
 0.78344 101388
 0.78356 95916.8
 0.78368 91123.9
 0.7838 87493.5
 0.78392 85432.4
 0.78404 84827.3
 0.78416 85351.4
 0.78428 86699.4
 0.7844 88537
 0.78452 90346.4
 0.78464 91495.9
 0.78476 91519.5
 0.78488 90138.3
 0.785 87411.4
 0.78512 83687.3
 0.78524 79221.1
 0.78536 74249.6
 0.78548 69215.6
 0.7856 64708.5
 0.78572 61124.7
 0.78584 58653.9
 0.78596 57231.1
 0.78608 56571.9
 0.7862 56496.2
 0.78632 56969
 0.78644 57868.4
 0.78656 58906
 0.78668 59919.4
 0.7868 60847.2
 0.78692 61788.5
 0.78704 62948.2
 0.78716 64492.8
 0.78728 66378.6
 0.7874 68433.3
 0.78752 70569
 0.78764 72701
 0.78776 74793.1
 0.78788 76844.8
 0.788 78839.4
 0.78812 80813.5
 0.78824 82965.2
 0.78836 85795.9
 0.78848 89832.9
 0.7886 95533.9
 0.78872 103067
 0.78884 112522
 0.78896 123881
 0.78908 136956
 0.7892 151374
 0.78932 166388
 0.78944 180971
 0.78956 194131
 0.78968 205305
 0.7898 213952
 0.78992 219439
 0.79004 221379
 0.79016 219541
 0.79028 214024
 0.7904 205440
 0.79052 194572
 0.79064 181955
 0.79076 168010
 0.79088 153602
 0.791 139530
 0.79112 126559
 0.79124 115334
 0.79136 106092
 0.79148 98754.7
 0.7916 93227.5
 0.79172 89466.9
 0.79184 87104.7
 0.79196 85573
 0.79208 84293.2
 0.7922 82642.7
 0.79232 80213
 0.79244 76785.3
 0.79256 72286.7
 0.79268 66767.4
 0.7928 60410.7
 0.79292 53617.5
 0.79304 46780.6
 0.79316 40296.3
 0.79328 34487.6
 0.7934 29590
 0.79352 25736.8
 0.79364 22942.1
 0.79376 21096.4
 0.79388 19939.2
 0.794 19260
 0.79412 18945.7
 0.79424 18897.6
 0.79436 19044.5
 0.79448 19340.7
 0.7946 19776.8
 0.79472 20393.7
 0.79484 21357.3
 0.79496 22755.7
 0.79508 24491
 0.7952 26486.1
 0.79532 28700.1
 0.79544 31107.7
 0.79556 33684.1
 0.79568 36421.5
 0.7958 39290.9
 0.79592 42296.1
 0.79604 45651.1
 0.79616 49461.9
 0.79628 53702.7
 0.7964 58239.2
 0.79652 62942.3
 0.79664 67677.8
 0.79676 72181.9
 0.79688 76153.5
 0.797 79198.2
 0.79712 81113.7
 0.79724 81925.2
 0.79736 81877.2
 0.79748 81264.4
 0.7976 80291.4
 0.79772 79295.9
 0.79784 78738.4
 0.79796 79083.3
 0.79808 80549.7
 0.7982 83002.4
 0.79832 86121.3
 0.79844 89443
 0.79856 92603.7
 0.79868 95311.3
 0.7988 97158.4
 0.79892 97743.5
 0.79904 96829
 0.79916 94608.2
 0.79928 91460.9
 0.7994 87864
 0.79952 84260.6
 0.79964 80870.7
 0.79976 77905.5
 0.79988 75564.8
