 0.2 5370.2
 0.20012 5365.89
 0.20024 5361.57
 0.20036 5357.23
 0.20048 5352.89
 0.2006 5348.54
 0.20072 5344.19
 0.20084 5339.82
 0.20096 5335.45
 0.20108 5331.07
 0.2012 5326.69
 0.20132 5322.31
 0.20144 5317.91
 0.20156 5313.52
 0.20168 5309.12
 0.2018 5304.72
 0.20192 5300.31
 0.20204 5295.9
 0.20216 5291.49
 0.20228 5287.08
 0.2024 5282.67
 0.20252 5278.26
 0.20264 5273.85
 0.20276 5269.44
 0.20288 5265.04
 0.203 5260.63
 0.20312 5256.23
 0.20324 5251.83
 0.20336 5247.44
 0.20348 5243.05
 0.2036 5238.66
 0.20372 5234.29
 0.20384 5229.91
 0.20396 5225.54
 0.20408 5221.18
 0.2042 5216.82
 0.20432 5212.47
 0.20444 5208.13
 0.20456 5203.79
 0.20468 5199.46
 0.2048 5195.13
 0.20492 5190.82
 0.20504 5186.51
 0.20516 5182.21
 0.20528 5177.91
 0.2054 5173.63
 0.20552 5169.35
 0.20564 5165.08
 0.20576 5160.82
 0.20588 5156.57
 0.206 5152.32
 0.20612 5148.09
 0.20624 5143.86
 0.20636 5139.64
 0.20648 5135.44
 0.2066 5131.24
 0.20672 5127.05
 0.20684 5122.87
 0.20696 5118.7
 0.20708 5114.54
 0.2072 5110.4
 0.20732 5106.26
 0.20744 5102.13
 0.20756 5098.02
 0.20768 5093.91
 0.2078 5089.82
 0.20792 5085.74
 0.20804 5081.67
 0.20816 5077.61
 0.20828 5073.56
 0.2084 5069.53
 0.20852 5065.51
 0.20864 5061.5
 0.20876 5057.5
 0.20888 5053.52
 0.209 5049.55
 0.20912 5045.6
 0.20924 5041.65
 0.20936 5037.73
 0.20948 5033.81
 0.2096 5029.91
 0.20972 5026.03
 0.20984 5022.16
 0.20996 5018.3
 0.21008 5014.46
 0.2102 5010.64
 0.21032 5006.83
 0.21044 5003.03
 0.21056 4999.26
 0.21068 4995.49
 0.2108 4991.75
 0.21092 4988.02
 0.21104 4984.31
 0.21116 4980.62
 0.21128 4976.94
 0.2114 4973.29
 0.21152 4969.65
 0.21164 4966.03
 0.21176 4962.42
 0.21188 4958.84
 0.212 4955.28
 0.21212 4951.73
 0.21224 4948.21
 0.21236 4944.7
 0.21248 4941.22
 0.2126 4937.75
 0.21272 4934.31
 0.21284 4930.89
 0.21296 4927.48
 0.21308 4924.1
 0.2132 4920.75
 0.21332 4917.41
 0.21344 4914.1
 0.21356 4910.81
 0.21368 4907.54
 0.2138 4904.29
 0.21392 4901.07
 0.21404 4897.88
 0.21416 4894.7
 0.21428 4891.55
 0.2144 4888.42
 0.21452 4885.32
 0.21464 4882.24
 0.21476 4879.18
 0.21488 4876.14
 0.215 4873.13
 0.21512 4870.15
 0.21524 4867.19
 0.21536 4864.25
 0.21548 4861.34
 0.2156 4858.45
 0.21572 4855.59
 0.21584 4852.75
 0.21596 4849.93
 0.21608 4847.15
 0.2162 4844.38
 0.21632 4841.64
 0.21644 4838.93
 0.21656 4836.24
 0.21668 4833.58
 0.2168 4830.95
 0.21692 4828.33
 0.21704 4825.75
 0.21716 4823.19
 0.21728 4820.65
 0.2174 4818.14
 0.21752 4815.66
 0.21764 4813.2
 0.21776 4810.76
 0.21788 4808.35
 0.218 4805.97
 0.21812 4803.61
 0.21824 4801.27
 0.21836 4798.96
 0.21848 4796.67
 0.2186 4794.41
 0.21872 4792.17
 0.21884 4789.95
 0.21896 4787.75
 0.21908 4785.58
 0.2192 4783.43
 0.21932 4781.3
 0.21944 4779.19
 0.21956 4777.1
 0.21968 4775.04
 0.2198 4772.99
 0.21992 4770.97
 0.22004 4768.96
 0.22016 4766.98
 0.22028 4765.01
 0.2204 4763.07
 0.22052 4761.14
 0.22064 4759.23
 0.22076 4757.34
 0.22088 4755.47
 0.221 4753.61
 0.22112 4751.78
 0.22124 4749.95
 0.22136 4748.15
 0.22148 4746.36
 0.2216 4744.58
 0.22172 4742.83
 0.22184 4741.08
 0.22196 4739.35
 0.22208 4737.64
 0.2222 4735.94
 0.22232 4734.25
 0.22244 4732.57
 0.22256 4730.91
 0.22268 4729.27
 0.2228 4727.63
 0.22292 4726.01
 0.22304 4724.4
 0.22316 4722.8
 0.22328 4721.21
 0.2234 4719.63
 0.22352 4718.07
 0.22364 4716.51
 0.22376 4714.97
 0.22388 4713.43
 0.224 4711.91
 0.22412 4710.39
 0.22424 4708.89
 0.22436 4707.4
 0.22448 4705.92
 0.2246 4704.44
 0.22472 4702.98
 0.22484 4701.53
 0.22496 4700.09
 0.22508 4698.66
 0.2252 4697.24
 0.22532 4695.84
 0.22544 4694.44
 0.22556 4693.05
 0.22568 4691.68
 0.2258 4690.31
 0.22592 4688.96
 0.22604 4687.61
 0.22616 4686.28
 0.22628 4684.96
 0.2264 4683.65
 0.22652 4682.35
 0.22664 4681.06
 0.22676 4679.78
 0.22688 4678.51
 0.227 4677.25
 0.22712 4676.01
 0.22724 4674.77
 0.22736 4673.55
 0.22748 4672.34
 0.2276 4671.13
 0.22772 4669.94
 0.22784 4668.76
 0.22796 4667.6
 0.22808 4666.44
 0.2282 4665.29
 0.22832 4664.16
 0.22844 4663.03
 0.22856 4661.92
 0.22868 4660.82
 0.2288 4659.72
 0.22892 4658.64
 0.22904 4657.57
 0.22916 4656.5
 0.22928 4655.45
 0.2294 4654.41
 0.22952 4653.37
 0.22964 4652.34
 0.22976 4651.32
 0.22988 4650.31
 0.23 4649.3
 0.23012 4648.3
 0.23024 4647.31
 0.23036 4646.32
 0.23048 4645.34
 0.2306 4644.37
 0.23072 4643.41
 0.23084 4642.44
 0.23096 4641.49
 0.23108 4640.54
 0.2312 4639.6
 0.23132 4638.66
 0.23144 4637.72
 0.23156 4636.79
 0.23168 4635.87
 0.2318 4634.95
 0.23192 4634.03
 0.23204 4633.12
 0.23216 4632.21
 0.23228 4631.3
 0.2324 4630.4
 0.23252 4629.5
 0.23264 4628.61
 0.23276 4627.71
 0.23288 4626.82
 0.233 4625.93
 0.23312 4625.04
 0.23324 4624.15
 0.23336 4623.27
 0.23348 4622.38
 0.2336 4621.5
 0.23372 4620.61
 0.23384 4619.73
 0.23396 4618.85
 0.23408 4617.97
 0.2342 4617.1
 0.23432 4616.22
 0.23444 4615.35
 0.23456 4614.48
 0.23468 4613.61
 0.2348 4612.75
 0.23492 4611.89
 0.23504 4611.03
 0.23516 4610.18
 0.23528 4609.33
 0.2354 4608.48
 0.23552 4607.64
 0.23564 4606.8
 0.23576 4605.97
 0.23588 4605.14
 0.236 4604.31
 0.23612 4603.49
 0.23624 4602.67
 0.23636 4601.85
 0.23648 4601.04
 0.2366 4600.23
 0.23672 4599.43
 0.23684 4598.63
 0.23696 4597.84
 0.23708 4597.05
 0.2372 4596.27
 0.23732 4595.49
 0.23744 4594.72
 0.23756 4593.95
 0.23768 4593.18
 0.2378 4592.42
 0.23792 4591.67
 0.23804 4590.92
 0.23816 4590.18
 0.23828 4589.44
 0.2384 4588.71
 0.23852 4587.99
 0.23864 4587.27
 0.23876 4586.56
 0.23888 4585.85
 0.239 4585.15
 0.23912 4584.46
 0.23924 4583.77
 0.23936 4583.09
 0.23948 4582.42
 0.2396 4581.75
 0.23972 4581.1
 0.23984 4580.45
 0.23996 4579.8
 0.24008 4579.17
 0.2402 4578.54
 0.24032 4577.92
 0.24044 4577.31
 0.24056 4576.7
 0.24068 4576.11
 0.2408 4575.52
 0.24092 4574.94
 0.24104 4574.37
 0.24116 4573.81
 0.24128 4573.25
 0.2414 4572.71
 0.24152 4572.17
 0.24164 4571.64
 0.24176 4571.12
 0.24188 4570.61
 0.242 4570.1
 0.24212 4569.61
 0.24224 4569.12
 0.24236 4568.65
 0.24248 4568.18
 0.2426 4567.72
 0.24272 4567.27
 0.24284 4566.83
 0.24296 4566.39
 0.24308 4565.97
 0.2432 4565.55
 0.24332 4565.14
 0.24344 4564.74
 0.24356 4564.35
 0.24368 4563.97
 0.2438 4563.6
 0.24392 4563.23
 0.24404 4562.87
 0.24416 4562.52
 0.24428 4562.18
 0.2444 4561.85
 0.24452 4561.53
 0.24464 4561.21
 0.24476 4560.91
 0.24488 4560.61
 0.245 4560.32
 0.24512 4560.04
 0.24524 4559.76
 0.24536 4559.5
 0.24548 4559.24
 0.2456 4559
 0.24572 4558.76
 0.24584 4558.53
 0.24596 4558.31
 0.24608 4558.1
 0.2462 4557.89
 0.24632 4557.7
 0.24644 4557.51
 0.24656 4557.34
 0.24668 4557.18
 0.2468 4557.02
 0.24692 4556.88
 0.24704 4556.75
 0.24716 4556.63
 0.24728 4556.52
 0.2474 4556.42
 0.24752 4556.33
 0.24764 4556.26
 0.24776 4556.2
 0.24788 4556.15
 0.248 4556.11
 0.24812 4556.09
 0.24824 4556.07
 0.24836 4556.08
 0.24848 4556.09
 0.2486 4556.12
 0.24872 4556.16
 0.24884 4556.22
 0.24896 4556.29
 0.24908 4556.37
 0.2492 4556.47
 0.24932 4556.58
 0.24944 4556.7
 0.24956 4556.84
 0.24968 4556.99
 0.2498 4557.16
 0.24992 4557.35
 0.25004 4557.54
 0.25016 4557.76
 0.25028 4557.98
 0.2504 4558.23
 0.25052 4558.49
 0.25064 4558.76
 0.25076 4559.05
 0.25088 4559.35
 0.251 4559.67
 0.25112 4560.01
 0.25124 4560.36
 0.25136 4560.72
 0.25148 4561.11
 0.2516 4561.5
 0.25172 4561.92
 0.25184 4562.35
 0.25196 4562.79
 0.25208 4563.26
 0.2522 4563.73
 0.25232 4564.23
 0.25244 4564.74
 0.25256 4565.26
 0.25268 4565.81
 0.2528 4566.37
 0.25292 4566.94
 0.25304 4567.54
 0.25316 4568.15
 0.25328 4568.78
 0.2534 4569.42
 0.25352 4570.09
 0.25364 4570.77
 0.25376 4571.47
 0.25388 4572.19
 0.254 4572.92
 0.25412 4573.67
 0.25424 4574.45
 0.25436 4575.24
 0.25448 4576.04
 0.2546 4576.87
 0.25472 4577.71
 0.25484 4578.56
 0.25496 4579.44
 0.25508 4580.33
 0.2552 4581.24
 0.25532 4582.17
 0.25544 4583.11
 0.25556 4584.07
 0.25568 4585.05
 0.2558 4586.05
 0.25592 4587.06
 0.25604 4588.09
 0.25616 4589.13
 0.25628 4590.19
 0.2564 4591.27
 0.25652 4592.37
 0.25664 4593.48
 0.25676 4594.61
 0.25688 4595.76
 0.257 4596.92
 0.25712 4598.1
 0.25724 4599.29
 0.25736 4600.51
 0.25748 4601.73
 0.2576 4602.98
 0.25772 4604.24
 0.25784 4605.52
 0.25796 4606.82
 0.25808 4608.13
 0.2582 4609.46
 0.25832 4610.81
 0.25844 4612.17
 0.25856 4613.55
 0.25868 4614.94
 0.2588 4616.36
 0.25892 4617.79
 0.25904 4619.23
 0.25916 4620.7
 0.25928 4622.18
 0.2594 4623.68
 0.25952 4625.19
 0.25964 4626.72
 0.25976 4628.27
 0.25988 4629.84
 0.26 4631.43
 0.26012 4633.03
 0.26024 4634.65
 0.26036 4636.29
 0.26048 4637.95
 0.2606 4639.62
 0.26072 4641.31
 0.26084 4643.02
 0.26096 4644.75
 0.26108 4646.49
 0.2612 4648.25
 0.26132 4650.03
 0.26144 4651.83
 0.26156 4653.64
 0.26168 4655.48
 0.2618 4657.32
 0.26192 4659.19
 0.26204 4661.07
 0.26216 4662.97
 0.26228 4664.89
 0.2624 4666.83
 0.26252 4668.78
 0.26264 4670.75
 0.26276 4672.74
 0.26288 4674.75
 0.263 4676.77
 0.26312 4678.81
 0.26324 4680.87
 0.26336 4682.94
 0.26348 4685.03
 0.2636 4687.14
 0.26372 4689.27
 0.26384 4691.41
 0.26396 4693.57
 0.26408 4695.74
 0.2642 4697.93
 0.26432 4700.14
 0.26444 4702.35
 0.26456 4704.59
 0.26468 4706.83
 0.2648 4709.09
 0.26492 4711.36
 0.26504 4713.64
 0.26516 4715.94
 0.26528 4718.24
 0.2654 4720.56
 0.26552 4722.89
 0.26564 4725.24
 0.26576 4727.6
 0.26588 4729.97
 0.266 4732.35
 0.26612 4734.74
 0.26624 4737.14
 0.26636 4739.56
 0.26648 4741.99
 0.2666 4744.43
 0.26672 4746.88
 0.26684 4749.34
 0.26696 4751.81
 0.26708 4754.3
 0.2672 4756.79
 0.26732 4759.29
 0.26744 4761.81
 0.26756 4764.33
 0.26768 4766.87
 0.2678 4769.41
 0.26792 4771.96
 0.26804 4774.53
 0.26816 4777.1
 0.26828 4779.68
 0.2684 4782.27
 0.26852 4784.87
 0.26864 4787.47
 0.26876 4790.09
 0.26888 4792.71
 0.269 4795.33
 0.26912 4797.97
 0.26924 4800.61
 0.26936 4803.26
 0.26948 4805.91
 0.2696 4808.56
 0.26972 4811.23
 0.26984 4813.89
 0.26996 4816.56
 0.27008 4819.24
 0.2702 4821.91
 0.27032 4824.59
 0.27044 4827.28
 0.27056 4829.96
 0.27068 4832.65
 0.2708 4835.34
 0.27092 4838.03
 0.27104 4840.72
 0.27116 4843.41
 0.27128 4846.1
 0.2714 4848.8
 0.27152 4851.49
 0.27164 4854.18
 0.27176 4856.87
 0.27188 4859.56
 0.272 4862.25
 0.27212 4864.93
 0.27224 4867.62
 0.27236 4870.3
 0.27248 4872.98
 0.2726 4875.66
 0.27272 4878.33
 0.27284 4881
 0.27296 4883.67
 0.27308 4886.34
 0.2732 4889
 0.27332 4891.66
 0.27344 4894.32
 0.27356 4896.97
 0.27368 4899.62
 0.2738 4902.27
 0.27392 4904.91
 0.27404 4907.55
 0.27416 4910.18
 0.27428 4912.81
 0.2744 4915.43
 0.27452 4918.05
 0.27464 4920.67
 0.27476 4923.28
 0.27488 4925.88
 0.275 4928.48
 0.27512 4931.07
 0.27524 4933.66
 0.27536 4936.24
 0.27548 4938.82
 0.2756 4941.39
 0.27572 4943.95
 0.27584 4946.51
 0.27596 4949.06
 0.27608 4951.6
 0.2762 4954.13
 0.27632 4956.66
 0.27644 4959.18
 0.27656 4961.69
 0.27668 4964.19
 0.2768 4966.68
 0.27692 4969.17
 0.27704 4971.64
 0.27716 4974.1
 0.27728 4976.55
 0.2774 4978.99
 0.27752 4981.42
 0.27764 4983.84
 0.27776 4986.24
 0.27788 4988.64
 0.278 4991.02
 0.27812 4993.39
 0.27824 4995.74
 0.27836 4998.09
 0.27848 5000.42
 0.2786 5002.74
 0.27872 5005.04
 0.27884 5007.33
 0.27896 5009.61
 0.27908 5011.88
 0.2792 5014.14
 0.27932 5016.38
 0.27944 5018.61
 0.27956 5020.82
 0.27968 5023.02
 0.2798 5025.21
 0.27992 5027.39
 0.28004 5029.55
 0.28016 5031.69
 0.28028 5033.83
 0.2804 5035.94
 0.28052 5038.05
 0.28064 5040.14
 0.28076 5042.22
 0.28088 5044.28
 0.281 5046.33
 0.28112 5048.36
 0.28124 5050.38
 0.28136 5052.39
 0.28148 5054.39
 0.2816 5056.37
 0.28172 5058.33
 0.28184 5060.29
 0.28196 5062.22
 0.28208 5064.15
 0.2822 5066.06
 0.28232 5067.95
 0.28244 5069.83
 0.28256 5071.7
 0.28268 5073.55
 0.2828 5075.38
 0.28292 5077.2
 0.28304 5079.01
 0.28316 5080.79
 0.28328 5082.56
 0.2834 5084.32
 0.28352 5086.05
 0.28364 5087.77
 0.28376 5089.47
 0.28388 5091.16
 0.284 5092.82
 0.28412 5094.47
 0.28424 5096.1
 0.28436 5097.71
 0.28448 5099.3
 0.2846 5100.88
 0.28472 5102.43
 0.28484 5103.97
 0.28496 5105.49
 0.28508 5106.99
 0.2852 5108.47
 0.28532 5109.93
 0.28544 5111.38
 0.28556 5112.8
 0.28568 5114.21
 0.2858 5115.6
 0.28592 5116.97
 0.28604 5118.32
 0.28616 5119.65
 0.28628 5120.96
 0.2864 5122.25
 0.28652 5123.52
 0.28664 5124.77
 0.28676 5126
 0.28688 5127.21
 0.287 5128.41
 0.28712 5129.58
 0.28724 5130.73
 0.28736 5131.86
 0.28748 5132.96
 0.2876 5134.05
 0.28772 5135.12
 0.28784 5136.16
 0.28796 5137.19
 0.28808 5138.19
 0.2882 5139.17
 0.28832 5140.13
 0.28844 5141.06
 0.28856 5141.98
 0.28868 5142.87
 0.2888 5143.74
 0.28892 5144.59
 0.28904 5145.41
 0.28916 5146.21
 0.28928 5146.99
 0.2894 5147.75
 0.28952 5148.48
 0.28964 5149.19
 0.28976 5149.88
 0.28988 5150.54
 0.29 5151.18
 0.29012 5151.8
 0.29024 5152.39
 0.29036 5152.96
 0.29048 5153.5
 0.2906 5154.03
 0.29072 5154.52
 0.29084 5155
 0.29096 5155.45
 0.29108 5155.87
 0.2912 5156.28
 0.29132 5156.65
 0.29144 5157.01
 0.29156 5157.34
 0.29168 5157.65
 0.2918 5157.93
 0.29192 5158.18
 0.29204 5158.42
 0.29216 5158.63
 0.29228 5158.81
 0.2924 5158.97
 0.29252 5159.11
 0.29264 5159.22
 0.29276 5159.3
 0.29288 5159.36
 0.293 5159.4
 0.29312 5159.41
 0.29324 5159.4
 0.29336 5159.36
 0.29348 5159.3
 0.2936 5159.21
 0.29372 5159.09
 0.29384 5158.96
 0.29396 5158.79
 0.29408 5158.61
 0.2942 5158.4
 0.29432 5158.16
 0.29444 5157.9
 0.29456 5157.62
 0.29468 5157.31
 0.2948 5156.98
 0.29492 5156.63
 0.29504 5156.26
 0.29516 5155.86
 0.29528 5155.44
 0.2954 5154.99
 0.29552 5154.52
 0.29564 5154.02
 0.29576 5153.5
 0.29588 5152.96
 0.296 5152.39
 0.29612 5151.79
 0.29624 5151.17
 0.29636 5150.53
 0.29648 5149.86
 0.2966 5149.17
 0.29672 5148.45
 0.29684 5147.7
 0.29696 5146.94
 0.29708 5146.14
 0.2972 5145.32
 0.29732 5144.48
 0.29744 5143.61
 0.29756 5142.71
 0.29768 5141.79
 0.2978 5140.84
 0.29792 5139.86
 0.29804 5138.86
 0.29816 5137.83
 0.29828 5136.77
 0.2984 5135.69
 0.29852 5134.58
 0.29864 5133.45
 0.29876 5132.29
 0.29888 5131.1
 0.299 5129.88
 0.29912 5128.64
 0.29924 5127.38
 0.29936 5126.08
 0.29948 5124.76
 0.2996 5123.42
 0.29972 5122.05
 0.29984 5120.66
 0.29996 5119.24
 0.30008 5117.79
 0.3002 5116.32
 0.30032 5114.83
 0.30044 5113.31
 0.30056 5111.77
 0.30068 5110.21
 0.3008 5108.62
 0.30092 5107.02
 0.30104 5105.38
 0.30116 5103.73
 0.30128 5102.05
 0.3014 5100.35
 0.30152 5098.63
 0.30164 5096.89
 0.30176 5095.13
 0.30188 5093.35
 0.302 5091.54
 0.30212 5089.72
 0.30224 5087.87
 0.30236 5086.01
 0.30248 5084.12
 0.3026 5082.21
 0.30272 5080.28
 0.30284 5078.33
 0.30296 5076.36
 0.30308 5074.38
 0.3032 5072.37
 0.30332 5070.34
 0.30344 5068.29
 0.30356 5066.22
 0.30368 5064.13
 0.3038 5062.02
 0.30392 5059.89
 0.30404 5057.75
 0.30416 5055.58
 0.30428 5053.39
 0.3044 5051.19
 0.30452 5048.97
 0.30464 5046.72
 0.30476 5044.46
 0.30488 5042.18
 0.305 5039.88
 0.30512 5037.57
 0.30524 5035.23
 0.30536 5032.88
 0.30548 5030.51
 0.3056 5028.12
 0.30572 5025.71
 0.30584 5023.29
 0.30596 5020.85
 0.30608 5018.39
 0.3062 5015.91
 0.30632 5013.42
 0.30644 5010.91
 0.30656 5008.38
 0.30668 5005.84
 0.3068 5003.28
 0.30692 5000.71
 0.30704 4998.12
 0.30716 4995.51
 0.30728 4992.89
 0.3074 4990.25
 0.30752 4987.6
 0.30764 4984.94
 0.30776 4982.26
 0.30788 4979.57
 0.308 4976.86
 0.30812 4974.14
 0.30824 4971.41
 0.30836 4968.66
 0.30848 4965.9
 0.3086 4963.12
 0.30872 4960.33
 0.30884 4957.53
 0.30896 4954.71
 0.30908 4951.88
 0.3092 4949.04
 0.30932 4946.19
 0.30944 4943.32
 0.30956 4940.44
 0.30968 4937.54
 0.3098 4934.64
 0.30992 4931.72
 0.31004 4928.79
 0.31016 4925.85
 0.31028 4922.9
 0.3104 4919.94
 0.31052 4916.97
 0.31064 4913.98
 0.31076 4910.99
 0.31088 4907.98
 0.311 4904.96
 0.31112 4901.93
 0.31124 4898.89
 0.31136 4895.85
 0.31148 4892.79
 0.3116 4889.72
 0.31172 4886.64
 0.31184 4883.55
 0.31196 4880.45
 0.31208 4877.34
 0.3122 4874.22
 0.31232 4871.1
 0.31244 4867.97
 0.31256 4864.83
 0.31268 4861.68
 0.3128 4858.53
 0.31292 4855.37
 0.31304 4852.2
 0.31316 4849.03
 0.31328 4845.86
 0.3134 4842.68
 0.31352 4839.5
 0.31364 4836.31
 0.31376 4833.12
 0.31388 4829.93
 0.314 4826.73
 0.31412 4823.54
 0.31424 4820.34
 0.31436 4817.14
 0.31448 4813.94
 0.3146 4810.74
 0.31472 4807.54
 0.31484 4804.33
 0.31496 4801.13
 0.31508 4797.92
 0.3152 4794.72
 0.31532 4791.51
 0.31544 4788.31
 0.31556 4785.1
 0.31568 4781.9
 0.3158 4778.69
 0.31592 4775.49
 0.31604 4772.28
 0.31616 4769.08
 0.31628 4765.87
 0.3164 4762.67
 0.31652 4759.47
 0.31664 4756.27
 0.31676 4753.08
 0.31688 4749.88
 0.317 4746.69
 0.31712 4743.5
 0.31724 4740.32
 0.31736 4737.13
 0.31748 4733.95
 0.3176 4730.77
 0.31772 4727.6
 0.31784 4724.43
 0.31796 4721.26
 0.31808 4718.1
 0.3182 4714.94
 0.31832 4711.78
 0.31844 4708.63
 0.31856 4705.49
 0.31868 4702.34
 0.3188 4699.21
 0.31892 4696.08
 0.31904 4692.96
 0.31916 4689.84
 0.31928 4686.72
 0.3194 4683.62
 0.31952 4680.52
 0.31964 4677.42
 0.31976 4674.33
 0.31988 4671.25
 0.32 4668.17
 0.32012 4665.1
 0.32024 4662.04
 0.32036 4658.98
 0.32048 4655.92
 0.3206 4652.87
 0.32072 4649.83
 0.32084 4646.8
 0.32096 4643.77
 0.32108 4640.74
 0.3212 4637.72
 0.32132 4634.71
 0.32144 4631.7
 0.32156 4628.7
 0.32168 4625.71
 0.3218 4622.72
 0.32192 4619.73
 0.32204 4616.76
 0.32216 4613.79
 0.32228 4610.82
 0.3224 4607.86
 0.32252 4604.91
 0.32264 4601.96
 0.32276 4599.02
 0.32288 4596.09
 0.323 4593.16
 0.32312 4590.24
 0.32324 4587.32
 0.32336 4584.42
 0.32348 4581.52
 0.3236 4578.62
 0.32372 4575.73
 0.32384 4572.85
 0.32396 4569.98
 0.32408 4567.11
 0.3242 4564.25
 0.32432 4561.4
 0.32444 4558.55
 0.32456 4555.71
 0.32468 4552.88
 0.3248 4550.05
 0.32492 4547.23
 0.32504 4544.42
 0.32516 4541.61
 0.32528 4538.82
 0.3254 4536.02
 0.32552 4533.24
 0.32564 4530.47
 0.32576 4527.7
 0.32588 4524.94
 0.326 4522.19
 0.32612 4519.45
 0.32624 4516.72
 0.32636 4514
 0.32648 4511.29
 0.3266 4508.58
 0.32672 4505.89
 0.32684 4503.2
 0.32696 4500.53
 0.32708 4497.86
 0.3272 4495.21
 0.32732 4492.56
 0.32744 4489.93
 0.32756 4487.31
 0.32768 4484.7
 0.3278 4482.11
 0.32792 4479.53
 0.32804 4476.96
 0.32816 4474.41
 0.32828 4471.87
 0.3284 4469.34
 0.32852 4466.83
 0.32864 4464.34
 0.32876 4461.86
 0.32888 4459.4
 0.329 4456.95
 0.32912 4454.52
 0.32924 4452.11
 0.32936 4449.71
 0.32948 4447.33
 0.3296 4444.97
 0.32972 4442.63
 0.32984 4440.3
 0.32996 4437.99
 0.33008 4435.7
 0.3302 4433.42
 0.33032 4431.17
 0.33044 4428.93
 0.33056 4426.71
 0.33068 4424.5
 0.3308 4422.32
 0.33092 4420.15
 0.33104 4418
 0.33116 4415.87
 0.33128 4413.75
 0.3314 4411.66
 0.33152 4409.58
 0.33164 4407.52
 0.33176 4405.48
 0.33188 4403.45
 0.332 4401.45
 0.33212 4399.46
 0.33224 4397.49
 0.33236 4395.54
 0.33248 4393.61
 0.3326 4391.7
 0.33272 4389.8
 0.33284 4387.93
 0.33296 4386.07
 0.33308 4384.24
 0.3332 4382.42
 0.33332 4380.63
 0.33344 4378.85
 0.33356 4377.09
 0.33368 4375.36
 0.3338 4373.64
 0.33392 4371.94
 0.33404 4370.26
 0.33416 4368.61
 0.33428 4366.97
 0.3344 4365.35
 0.33452 4363.76
 0.33464 4362.18
 0.33476 4360.62
 0.33488 4359.09
 0.335 4357.57
 0.33512 4356.07
 0.33524 4354.6
 0.33536 4353.14
 0.33548 4351.71
 0.3356 4350.29
 0.33572 4348.9
 0.33584 4347.52
 0.33596 4346.17
 0.33608 4344.84
 0.3362 4343.52
 0.33632 4342.23
 0.33644 4340.96
 0.33656 4339.71
 0.33668 4338.48
 0.3368 4337.27
 0.33692 4336.08
 0.33704 4334.91
 0.33716 4333.76
 0.33728 4332.63
 0.3374 4331.52
 0.33752 4330.44
 0.33764 4329.37
 0.33776 4328.32
 0.33788 4327.29
 0.338 4326.28
 0.33812 4325.29
 0.33824 4324.32
 0.33836 4323.37
 0.33848 4322.43
 0.3386 4321.52
 0.33872 4320.63
 0.33884 4319.75
 0.33896 4318.9
 0.33908 4318.06
 0.3392 4317.25
 0.33932 4316.45
 0.33944 4315.67
 0.33956 4314.91
 0.33968 4314.16
 0.3398 4313.44
 0.33992 4312.73
 0.34004 4312.04
 0.34016 4311.37
 0.34028 4310.71
 0.3404 4310.07
 0.34052 4309.45
 0.34064 4308.85
 0.34076 4308.26
 0.34088 4307.69
 0.341 4307.14
 0.34112 4306.6
 0.34124 4306.08
 0.34136 4305.58
 0.34148 4305.09
 0.3416 4304.62
 0.34172 4304.17
 0.34184 4303.73
 0.34196 4303.3
 0.34208 4302.89
 0.3422 4302.5
 0.34232 4302.12
 0.34244 4301.76
 0.34256 4301.41
 0.34268 4301.07
 0.3428 4300.75
 0.34292 4300.43
 0.34304 4300.14
 0.34316 4299.85
 0.34328 4299.58
 0.3434 4299.31
 0.34352 4299.06
 0.34364 4298.83
 0.34376 4298.6
 0.34388 4298.38
 0.344 4298.17
 0.34412 4297.97
 0.34424 4297.79
 0.34436 4297.61
 0.34448 4297.44
 0.3446 4297.28
 0.34472 4297.14
 0.34484 4297
 0.34496 4296.87
 0.34508 4296.75
 0.3452 4296.64
 0.34532 4296.54
 0.34544 4296.45
 0.34556 4296.37
 0.34568 4296.3
 0.3458 4296.24
 0.34592 4296.19
 0.34604 4296.15
 0.34616 4296.12
 0.34628 4296.1
 0.3464 4296.09
 0.34652 4296.09
 0.34664 4296.1
 0.34676 4296.11
 0.34688 4296.14
 0.347 4296.18
 0.34712 4296.23
 0.34724 4296.29
 0.34736 4296.35
 0.34748 4296.43
 0.3476 4296.52
 0.34772 4296.61
 0.34784 4296.72
 0.34796 4296.83
 0.34808 4296.96
 0.3482 4297.09
 0.34832 4297.24
 0.34844 4297.39
 0.34856 4297.55
 0.34868 4297.72
 0.3488 4297.9
 0.34892 4298.09
 0.34904 4298.29
 0.34916 4298.49
 0.34928 4298.71
 0.3494 4298.93
 0.34952 4299.17
 0.34964 4299.41
 0.34976 4299.66
 0.34988 4299.93
 0.35 4300.2
 0.35012 4300.49
 0.35024 4300.78
 0.35036 4301.09
 0.35048 4301.42
 0.3506 4301.75
 0.35072 4302.1
 0.35084 4302.46
 0.35096 4302.84
 0.35108 4303.23
 0.3512 4303.64
 0.35132 4304.06
 0.35144 4304.5
 0.35156 4304.96
 0.35168 4305.43
 0.3518 4305.92
 0.35192 4306.43
 0.35204 4306.95
 0.35216 4307.49
 0.35228 4308.05
 0.3524 4308.63
 0.35252 4309.23
 0.35264 4309.84
 0.35276 4310.48
 0.35288 4311.13
 0.353 4311.81
 0.35312 4312.5
 0.35324 4313.21
 0.35336 4313.95
 0.35348 4314.7
 0.3536 4315.47
 0.35372 4316.27
 0.35384 4317.08
 0.35396 4317.92
 0.35408 4318.78
 0.3542 4319.65
 0.35432 4320.55
 0.35444 4321.47
 0.35456 4322.42
 0.35468 4323.38
 0.3548 4324.37
 0.35492 4325.38
 0.35504 4326.41
 0.35516 4327.46
 0.35528 4328.54
 0.3554 4329.64
 0.35552 4330.76
 0.35564 4331.91
 0.35576 4333.08
 0.35588 4334.27
 0.356 4335.48
 0.35612 4336.72
 0.35624 4337.98
 0.35636 4339.27
 0.35648 4340.58
 0.3566 4341.91
 0.35672 4343.26
 0.35684 4344.65
 0.35696 4346.05
 0.35708 4347.48
 0.3572 4348.93
 0.35732 4350.41
 0.35744 4351.91
 0.35756 4353.43
 0.35768 4354.98
 0.3578 4356.55
 0.35792 4358.15
 0.35804 4359.76
 0.35816 4361.41
 0.35828 4363.07
 0.3584 4364.75
 0.35852 4366.46
 0.35864 4368.19
 0.35876 4369.95
 0.35888 4371.72
 0.359 4373.52
 0.35912 4375.34
 0.35924 4377.18
 0.35936 4379.04
 0.35948 4380.93
 0.3596 4382.83
 0.35972 4384.76
 0.35984 4386.71
 0.35996 4388.68
 0.36008 4390.67
 0.3602 4392.68
 0.36032 4394.71
 0.36044 4396.77
 0.36056 4398.85
 0.36068 4400.94
 0.3608 4403.07
 0.36092 4405.21
 0.36104 4407.37
 0.36116 4409.56
 0.36128 4411.77
 0.3614 4414
 0.36152 4416.25
 0.36164 4418.53
 0.36176 4420.83
 0.36188 4423.15
 0.362 4425.49
 0.36212 4427.86
 0.36224 4430.25
 0.36236 4432.66
 0.36248 4435.09
 0.3626 4437.55
 0.36272 4440.03
 0.36284 4442.53
 0.36296 4445.06
 0.36308 4447.61
 0.3632 4450.18
 0.36332 4452.77
 0.36344 4455.39
 0.36356 4458.03
 0.36368 4460.69
 0.3638 4463.38
 0.36392 4466.09
 0.36404 4468.82
 0.36416 4471.58
 0.36428 4474.35
 0.3644 4477.16
 0.36452 4479.98
 0.36464 4482.83
 0.36476 4485.7
 0.36488 4488.6
 0.365 4491.52
 0.36512 4494.46
 0.36524 4497.43
 0.36536 4500.42
 0.36548 4503.43
 0.3656 4506.47
 0.36572 4509.53
 0.36584 4512.61
 0.36596 4515.72
 0.36608 4518.85
 0.3662 4522
 0.36632 4525.18
 0.36644 4528.39
 0.36656 4531.61
 0.36668 4534.86
 0.3668 4538.14
 0.36692 4541.44
 0.36704 4544.76
 0.36716 4548.11
 0.36728 4551.48
 0.3674 4554.87
 0.36752 4558.29
 0.36764 4561.74
 0.36776 4565.21
 0.36788 4568.71
 0.368 4572.23
 0.36812 4575.78
 0.36824 4579.35
 0.36836 4582.95
 0.36848 4586.58
 0.3686 4590.23
 0.36872 4593.91
 0.36884 4597.61
 0.36896 4601.34
 0.36908 4605.1
 0.3692 4608.88
 0.36932 4612.69
 0.36944 4616.52
 0.36956 4620.39
 0.36968 4624.28
 0.3698 4628.19
 0.36992 4632.14
 0.37004 4636.11
 0.37016 4640.11
 0.37028 4644.13
 0.3704 4648.19
 0.37052 4652.27
 0.37064 4656.38
 0.37076 4660.52
 0.37088 4664.68
 0.371 4668.88
 0.37112 4673.1
 0.37124 4677.35
 0.37136 4681.62
 0.37148 4685.93
 0.3716 4690.26
 0.37172 4694.62
 0.37184 4699.01
 0.37196 4703.42
 0.37208 4707.87
 0.3722 4712.34
 0.37232 4716.84
 0.37244 4721.37
 0.37256 4725.93
 0.37268 4730.52
 0.3728 4735.13
 0.37292 4739.77
 0.37304 4744.45
 0.37316 4749.15
 0.37328 4753.88
 0.3734 4758.63
 0.37352 4763.42
 0.37364 4768.24
 0.37376 4773.08
 0.37388 4777.96
 0.374 4782.86
 0.37412 4787.8
 0.37424 4792.76
 0.37436 4797.75
 0.37448 4802.78
 0.3746 4807.83
 0.37472 4812.91
 0.37484 4818.02
 0.37496 4823.16
 0.37508 4828.33
 0.3752 4833.52
 0.37532 4838.75
 0.37544 4844.01
 0.37556 4849.29
 0.37568 4854.61
 0.3758 4859.95
 0.37592 4865.32
 0.37604 4870.72
 0.37616 4876.15
 0.37628 4881.61
 0.3764 4887.1
 0.37652 4892.61
 0.37664 4898.16
 0.37676 4903.73
 0.37688 4909.33
 0.377 4914.96
 0.37712 4920.62
 0.37724 4926.31
 0.37736 4932.02
 0.37748 4937.77
 0.3776 4943.54
 0.37772 4949.34
 0.37784 4955.17
 0.37796 4961.03
 0.37808 4966.92
 0.3782 4972.84
 0.37832 4978.79
 0.37844 4984.76
 0.37856 4990.77
 0.37868 4996.8
 0.3788 5002.87
 0.37892 5008.96
 0.37904 5015.09
 0.37916 5021.24
 0.37928 5027.42
 0.3794 5033.63
 0.37952 5039.87
 0.37964 5046.14
 0.37976 5052.44
 0.37988 5058.76
 0.38 5065.11
 0.38012 5071.48
 0.38024 5077.88
 0.38036 5084.31
 0.38048 5090.75
 0.3806 5097.22
 0.38072 5103.71
 0.38084 5110.21
 0.38096 5116.74
 0.38108 5123.28
 0.3812 5129.84
 0.38132 5136.41
 0.38144 5143
 0.38156 5149.61
 0.38168 5156.22
 0.3818 5162.85
 0.38192 5169.49
 0.38204 5176.14
 0.38216 5182.8
 0.38228 5189.47
 0.3824 5196.15
 0.38252 5202.83
 0.38264 5209.52
 0.38276 5216.22
 0.38288 5222.92
 0.383 5229.63
 0.38312 5236.34
 0.38324 5243.05
 0.38336 5249.77
 0.38348 5256.49
 0.3836 5263.21
 0.38372 5269.94
 0.38384 5276.66
 0.38396 5283.39
 0.38408 5290.11
 0.3842 5296.84
 0.38432 5303.56
 0.38444 5310.27
 0.38456 5316.99
 0.38468 5323.7
 0.3848 5330.41
 0.38492 5337.11
 0.38504 5343.8
 0.38516 5350.49
 0.38528 5357.17
 0.3854 5363.85
 0.38552 5370.51
 0.38564 5377.17
 0.38576 5383.82
 0.38588 5390.46
 0.386 5397.08
 0.38612 5403.7
 0.38624 5410.3
 0.38636 5416.89
 0.38648 5423.47
 0.3866 5430.03
 0.38672 5436.58
 0.38684 5443.11
 0.38696 5449.63
 0.38708 5456.13
 0.3872 5462.61
 0.38732 5469.08
 0.38744 5475.52
 0.38756 5481.95
 0.38768 5488.36
 0.3878 5494.75
 0.38792 5501.12
 0.38804 5507.48
 0.38816 5513.8
 0.38828 5520.11
 0.3884 5526.4
 0.38852 5532.67
 0.38864 5538.91
 0.38876 5545.13
 0.38888 5551.33
 0.389 5557.51
 0.38912 5563.66
 0.38924 5569.79
 0.38936 5575.9
 0.38948 5581.98
 0.3896 5588.04
 0.38972 5594.07
 0.38984 5600.07
 0.38996 5606.06
 0.39008 5612.01
 0.3902 5617.94
 0.39032 5623.84
 0.39044 5629.72
 0.39056 5635.56
 0.39068 5641.38
 0.3908 5647.17
 0.39092 5652.93
 0.39104 5658.66
 0.39116 5664.36
 0.39128 5670.03
 0.3914 5675.67
 0.39152 5681.27
 0.39164 5686.85
 0.39176 5692.39
 0.39188 5697.89
 0.392 5703.36
 0.39212 5708.8
 0.39224 5714.2
 0.39236 5719.57
 0.39248 5724.9
 0.3926 5730.2
 0.39272 5735.46
 0.39284 5740.68
 0.39296 5745.86
 0.39308 5751.01
 0.3932 5756.12
 0.39332 5761.19
 0.39344 5766.22
 0.39356 5771.21
 0.39368 5776.17
 0.3938 5781.08
 0.39392 5785.95
 0.39404 5790.79
 0.39416 5795.58
 0.39428 5800.33
 0.3944 5805.04
 0.39452 5809.71
 0.39464 5814.33
 0.39476 5818.92
 0.39488 5823.46
 0.395 5827.95
 0.39512 5832.41
 0.39524 5836.82
 0.39536 5841.18
 0.39548 5845.5
 0.3956 5849.78
 0.39572 5854.01
 0.39584 5858.19
 0.39596 5862.33
 0.39608 5866.43
 0.3962 5870.47
 0.39632 5874.47
 0.39644 5878.42
 0.39656 5882.33
 0.39668 5886.18
 0.3968 5889.99
 0.39692 5893.75
 0.39704 5897.46
 0.39716 5901.12
 0.39728 5904.73
 0.3974 5908.29
 0.39752 5911.79
 0.39764 5915.25
 0.39776 5918.65
 0.39788 5922
 0.398 5925.3
 0.39812 5928.54
 0.39824 5931.73
 0.39836 5934.87
 0.39848 5937.95
 0.3986 5940.98
 0.39872 5943.95
 0.39884 5946.87
 0.39896 5949.73
 0.39908 5952.54
 0.3992 5955.29
 0.39932 5957.99
 0.39944 5960.63
 0.39956 5963.21
 0.39968 5965.74
 0.3998 5968.2
 0.39992 5970.61
 0.40004 5972.97
 0.40016 5975.26
 0.40028 5977.5
 0.4004 5979.67
 0.40052 5981.79
 0.40064 5983.85
 0.40076 5985.85
 0.40088 5987.79
 0.401 5989.68
 0.40112 5991.5
 0.40124 5993.26
 0.40136 5994.97
 0.40148 5996.61
 0.4016 5998.19
 0.40172 5999.72
 0.40184 6001.18
 0.40196 6002.59
 0.40208 6003.94
 0.4022 6005.22
 0.40232 6006.45
 0.40244 6007.61
 0.40256 6008.72
 0.40268 6009.76
 0.4028 6010.75
 0.40292 6011.67
 0.40304 6012.54
 0.40316 6013.34
 0.40328 6014.08
 0.4034 6014.76
 0.40352 6015.38
 0.40364 6015.94
 0.40376 6016.44
 0.40388 6016.88
 0.404 6017.25
 0.40412 6017.56
 0.40424 6017.81
 0.40436 6018
 0.40448 6018.12
 0.4046 6018.18
 0.40472 6018.18
 0.40484 6018.11
 0.40496 6017.98
 0.40508 6017.78
 0.4052 6017.53
 0.40532 6017.2
 0.40544 6016.82
 0.40556 6016.36
 0.40568 6015.85
 0.4058 6015.26
 0.40592 6014.62
 0.40604 6013.9
 0.40616 6013.12
 0.40628 6012.28
 0.4064 6011.36
 0.40652 6010.38
 0.40664 6009.34
 0.40676 6008.23
 0.40688 6007.04
 0.407 6005.8
 0.40712 6004.48
 0.40724 6003.1
 0.40736 6001.64
 0.40748 6000.12
 0.4076 5998.53
 0.40772 5996.87
 0.40784 5995.14
 0.40796 5993.34
 0.40808 5991.46
 0.4082 5989.52
 0.40832 5987.51
 0.40844 5985.42
 0.40856 5983.27
 0.40868 5981.04
 0.4088 5978.74
 0.40892 5976.37
 0.40904 5973.92
 0.40916 5971.41
 0.40928 5968.82
 0.4094 5966.16
 0.40952 5963.43
 0.40964 5960.62
 0.40976 5957.74
 0.40988 5954.79
 0.41 5951.78
 0.41012 5948.69
 0.41024 5945.53
 0.41036 5942.31
 0.41048 5939.02
 0.4106 5935.66
 0.41072 5932.24
 0.41084 5928.76
 0.41096 5925.22
 0.41108 5921.62
 0.4112 5917.96
 0.41132 5914.24
 0.41144 5910.46
 0.41156 5906.63
 0.41168 5902.74
 0.4118 5898.8
 0.41192 5894.81
 0.41204 5890.77
 0.41216 5886.68
 0.41228 5882.53
 0.4124 5878.34
 0.41252 5874.11
 0.41264 5869.82
 0.41276 5865.49
 0.41288 5861.12
 0.413 5856.7
 0.41312 5852.24
 0.41324 5847.74
 0.41336 5843.2
 0.41348 5838.62
 0.4136 5833.99
 0.41372 5829.33
 0.41384 5824.64
 0.41396 5819.9
 0.41408 5815.14
 0.4142 5810.33
 0.41432 5805.5
 0.41444 5800.63
 0.41456 5795.73
 0.41468 5790.79
 0.4148 5785.83
 0.41492 5780.84
 0.41504 5775.83
 0.41516 5770.78
 0.41528 5765.71
 0.4154 5760.61
 0.41552 5755.49
 0.41564 5750.35
 0.41576 5745.18
 0.41588 5740
 0.416 5734.79
 0.41612 5729.57
 0.41624 5724.32
 0.41636 5719.06
 0.41648 5713.78
 0.4166 5708.49
 0.41672 5703.18
 0.41684 5697.86
 0.41696 5692.52
 0.41708 5687.17
 0.4172 5681.81
 0.41732 5676.44
 0.41744 5671.05
 0.41756 5665.66
 0.41768 5660.26
 0.4178 5654.84
 0.41792 5649.42
 0.41804 5643.99
 0.41816 5638.55
 0.41828 5633.1
 0.4184 5627.65
 0.41852 5622.18
 0.41864 5616.71
 0.41876 5611.23
 0.41888 5605.75
 0.419 5600.26
 0.41912 5594.76
 0.41924 5589.26
 0.41936 5583.75
 0.41948 5578.24
 0.4196 5572.72
 0.41972 5567.2
 0.41984 5561.67
 0.41996 5556.14
 0.42008 5550.6
 0.4202 5545.06
 0.42032 5539.52
 0.42044 5533.98
 0.42056 5528.43
 0.42068 5522.88
 0.4208 5517.33
 0.42092 5511.78
 0.42104 5506.23
 0.42116 5500.68
 0.42128 5495.13
 0.4214 5489.58
 0.42152 5484.03
 0.42164 5478.48
 0.42176 5472.94
 0.42188 5467.4
 0.422 5461.86
 0.42212 5456.33
 0.42224 5450.79
 0.42236 5445.27
 0.42248 5439.75
 0.4226 5434.23
 0.42272 5428.72
 0.42284 5423.21
 0.42296 5417.71
 0.42308 5412.22
 0.4232 5406.73
 0.42332 5401.25
 0.42344 5395.78
 0.42356 5390.31
 0.42368 5384.85
 0.4238 5379.4
 0.42392 5373.96
 0.42404 5368.53
 0.42416 5363.1
 0.42428 5357.69
 0.4244 5352.28
 0.42452 5346.89
 0.42464 5341.5
 0.42476 5336.13
 0.42488 5330.77
 0.425 5325.41
 0.42512 5320.08
 0.42524 5314.75
 0.42536 5309.44
 0.42548 5304.14
 0.4256 5298.85
 0.42572 5293.58
 0.42584 5288.32
 0.42596 5283.07
 0.42608 5277.84
 0.4262 5272.63
 0.42632 5267.44
 0.42644 5262.26
 0.42656 5257.1
 0.42668 5251.95
 0.4268 5246.83
 0.42692 5241.72
 0.42704 5236.64
 0.42716 5231.57
 0.42728 5226.53
 0.4274 5221.51
 0.42752 5216.51
 0.42764 5211.53
 0.42776 5206.57
 0.42788 5201.64
 0.428 5196.73
 0.42812 5191.85
 0.42824 5186.99
 0.42836 5182.16
 0.42848 5177.35
 0.4286 5172.57
 0.42872 5167.81
 0.42884 5163.08
 0.42896 5158.38
 0.42908 5153.7
 0.4292 5149.05
 0.42932 5144.44
 0.42944 5139.85
 0.42956 5135.29
 0.42968 5130.76
 0.4298 5126.26
 0.42992 5121.79
 0.43004 5117.35
 0.43016 5112.94
 0.43028 5108.56
 0.4304 5104.22
 0.43052 5099.91
 0.43064 5095.63
 0.43076 5091.38
 0.43088 5087.16
 0.431 5082.98
 0.43112 5078.83
 0.43124 5074.72
 0.43136 5070.63
 0.43148 5066.58
 0.4316 5062.57
 0.43172 5058.59
 0.43184 5054.64
 0.43196 5050.72
 0.43208 5046.84
 0.4322 5042.99
 0.43232 5039.18
 0.43244 5035.4
 0.43256 5031.66
 0.43268 5027.95
 0.4328 5024.27
 0.43292 5020.63
 0.43304 5017.03
 0.43316 5013.46
 0.43328 5009.92
 0.4334 5006.42
 0.43352 5002.96
 0.43364 4999.53
 0.43376 4996.14
 0.43388 4992.78
 0.434 4989.47
 0.43412 4986.19
 0.43424 4982.94
 0.43436 4979.74
 0.43448 4976.57
 0.4346 4973.44
 0.43472 4970.35
 0.43484 4967.3
 0.43496 4964.29
 0.43508 4961.32
 0.4352 4958.39
 0.43532 4955.49
 0.43544 4952.64
 0.43556 4949.83
 0.43568 4947.06
 0.4358 4944.33
 0.43592 4941.65
 0.43604 4939
 0.43616 4936.4
 0.43628 4933.84
 0.4364 4931.32
 0.43652 4928.85
 0.43664 4926.42
 0.43676 4924.03
 0.43688 4921.69
 0.437 4919.39
 0.43712 4917.14
 0.43724 4914.93
 0.43736 4912.76
 0.43748 4910.65
 0.4376 4908.58
 0.43772 4906.55
 0.43784 4904.57
 0.43796 4902.64
 0.43808 4900.76
 0.4382 4898.92
 0.43832 4897.13
 0.43844 4895.39
 0.43856 4893.69
 0.43868 4892.05
 0.4388 4890.45
 0.43892 4888.9
 0.43904 4887.4
 0.43916 4885.95
 0.43928 4884.55
 0.4394 4883.2
 0.43952 4881.9
 0.43964 4880.64
 0.43976 4879.44
 0.43988 4878.29
 0.44 4877.18
 0.44012 4876.12
 0.44024 4875.11
 0.44036 4874.14
 0.44048 4873.22
 0.4406 4872.34
 0.44072 4871.5
 0.44084 4870.71
 0.44096 4869.96
 0.44108 4869.25
 0.4412 4868.58
 0.44132 4867.95
 0.44144 4867.36
 0.44156 4866.81
 0.44168 4866.29
 0.4418 4865.81
 0.44192 4865.36
 0.44204 4864.95
 0.44216 4864.57
 0.44228 4864.22
 0.4424 4863.91
 0.44252 4863.63
 0.44264 4863.38
 0.44276 4863.16
 0.44288 4862.96
 0.443 4862.8
 0.44312 4862.67
 0.44324 4862.56
 0.44336 4862.47
 0.44348 4862.42
 0.4436 4862.39
 0.44372 4862.38
 0.44384 4862.39
 0.44396 4862.43
 0.44408 4862.49
 0.4442 4862.58
 0.44432 4862.68
 0.44444 4862.81
 0.44456 4862.95
 0.44468 4863.11
 0.4448 4863.3
 0.44492 4863.5
 0.44504 4863.71
 0.44516 4863.94
 0.44528 4864.19
 0.4454 4864.45
 0.44552 4864.73
 0.44564 4865.01
 0.44576 4865.31
 0.44588 4865.63
 0.446 4865.95
 0.44612 4866.28
 0.44624 4866.62
 0.44636 4866.97
 0.44648 4867.32
 0.4466 4867.68
 0.44672 4868.05
 0.44684 4868.43
 0.44696 4868.81
 0.44708 4869.2
 0.4472 4869.59
 0.44732 4869.98
 0.44744 4870.39
 0.44756 4870.79
 0.44768 4871.2
 0.4478 4871.62
 0.44792 4872.04
 0.44804 4872.46
 0.44816 4872.89
 0.44828 4873.32
 0.4484 4873.76
 0.44852 4874.2
 0.44864 4874.65
 0.44876 4875.11
 0.44888 4875.57
 0.449 4876.03
 0.44912 4876.51
 0.44924 4876.98
 0.44936 4877.47
 0.44948 4877.96
 0.4496 4878.45
 0.44972 4878.95
 0.44984 4879.46
 0.44996 4879.98
 0.45008 4880.5
 0.4502 4881.02
 0.45032 4881.56
 0.45044 4882.1
 0.45056 4882.65
 0.45068 4883.21
 0.4508 4883.77
 0.45092 4884.34
 0.45104 4884.92
 0.45116 4885.5
 0.45128 4886.09
 0.4514 4886.69
 0.45152 4887.3
 0.45164 4887.91
 0.45176 4888.53
 0.45188 4889.16
 0.452 4889.79
 0.45212 4890.43
 0.45224 4891.08
 0.45236 4891.74
 0.45248 4892.4
 0.4526 4893.07
 0.45272 4893.75
 0.45284 4894.44
 0.45296 4895.13
 0.45308 4895.83
 0.4532 4896.54
 0.45332 4897.26
 0.45344 4897.98
 0.45356 4898.72
 0.45368 4899.46
 0.4538 4900.21
 0.45392 4900.97
 0.45404 4901.73
 0.45416 4902.51
 0.45428 4903.29
 0.4544 4904.08
 0.45452 4904.88
 0.45464 4905.69
 0.45476 4906.5
 0.45488 4907.33
 0.455 4908.16
 0.45512 4909
 0.45524 4909.84
 0.45536 4910.7
 0.45548 4911.56
 0.4556 4912.43
 0.45572 4913.31
 0.45584 4914.19
 0.45596 4915.09
 0.45608 4915.99
 0.4562 4916.89
 0.45632 4917.81
 0.45644 4918.73
 0.45656 4919.66
 0.45668 4920.59
 0.4568 4921.53
 0.45692 4922.47
 0.45704 4923.42
 0.45716 4924.38
 0.45728 4925.33
 0.4574 4926.3
 0.45752 4927.26
 0.45764 4928.24
 0.45776 4929.21
 0.45788 4930.19
 0.458 4931.17
 0.45812 4932.16
 0.45824 4933.14
 0.45836 4934.14
 0.45848 4935.13
 0.4586 4936.13
 0.45872 4937.13
 0.45884 4938.13
 0.45896 4939.13
 0.45908 4940.13
 0.4592 4941.14
 0.45932 4942.14
 0.45944 4943.14
 0.45956 4944.14
 0.45968 4945.15
 0.4598 4946.15
 0.45992 4947.14
 0.46004 4948.14
 0.46016 4949.13
 0.46028 4950.12
 0.4604 4951.11
 0.46052 4952.09
 0.46064 4953.07
 0.46076 4954.05
 0.46088 4955.02
 0.461 4955.99
 0.46112 4956.96
 0.46124 4957.92
 0.46136 4958.87
 0.46148 4959.83
 0.4616 4960.77
 0.46172 4961.72
 0.46184 4962.65
 0.46196 4963.59
 0.46208 4964.51
 0.4622 4965.44
 0.46232 4966.35
 0.46244 4967.26
 0.46256 4968.17
 0.46268 4969.07
 0.4628 4969.96
 0.46292 4970.85
 0.46304 4971.73
 0.46316 4972.6
 0.46328 4973.47
 0.4634 4974.33
 0.46352 4975.18
 0.46364 4976.03
 0.46376 4976.87
 0.46388 4977.7
 0.464 4978.53
 0.46412 4979.35
 0.46424 4980.16
 0.46436 4980.96
 0.46448 4981.76
 0.4646 4982.54
 0.46472 4983.32
 0.46484 4984.1
 0.46496 4984.86
 0.46508 4985.62
 0.4652 4986.37
 0.46532 4987.11
 0.46544 4987.84
 0.46556 4988.56
 0.46568 4989.28
 0.4658 4989.99
 0.46592 4990.69
 0.46604 4991.38
 0.46616 4992.06
 0.46628 4992.73
 0.4664 4993.4
 0.46652 4994.05
 0.46664 4994.7
 0.46676 4995.34
 0.46688 4995.97
 0.467 4996.58
 0.46712 4997.19
 0.46724 4997.8
 0.46736 4998.39
 0.46748 4998.97
 0.4676 4999.54
 0.46772 5000.1
 0.46784 5000.66
 0.46796 5001.2
 0.46808 5001.73
 0.4682 5002.26
 0.46832 5002.77
 0.46844 5003.27
 0.46856 5003.77
 0.46868 5004.25
 0.4688 5004.72
 0.46892 5005.19
 0.46904 5005.64
 0.46916 5006.08
 0.46928 5006.51
 0.4694 5006.94
 0.46952 5007.35
 0.46964 5007.75
 0.46976 5008.14
 0.46988 5008.52
 0.47 5008.9
 0.47012 5009.26
 0.47024 5009.62
 0.47036 5009.96
 0.47048 5010.3
 0.4706 5010.64
 0.47072 5010.96
 0.47084 5011.28
 0.47096 5011.59
 0.47108 5011.9
 0.4712 5012.2
 0.47132 5012.5
 0.47144 5012.79
 0.47156 5013.07
 0.47168 5013.35
 0.4718 5013.63
 0.47192 5013.91
 0.47204 5014.18
 0.47216 5014.45
 0.47228 5014.71
 0.4724 5014.97
 0.47252 5015.23
 0.47264 5015.49
 0.47276 5015.75
 0.47288 5016
 0.473 5016.25
 0.47312 5016.51
 0.47324 5016.76
 0.47336 5017.01
 0.47348 5017.26
 0.4736 5017.51
 0.47372 5017.75
 0.47384 5018
 0.47396 5018.25
 0.47408 5018.5
 0.4742 5018.75
 0.47432 5019
 0.47444 5019.25
 0.47456 5019.5
 0.47468 5019.75
 0.4748 5020.01
 0.47492 5020.26
 0.47504 5020.52
 0.47516 5020.78
 0.47528 5021.04
 0.4754 5021.3
 0.47552 5021.57
 0.47564 5021.84
 0.47576 5022.12
 0.47588 5022.4
 0.476 5022.69
 0.47612 5022.98
 0.47624 5023.28
 0.47636 5023.58
 0.47648 5023.89
 0.4766 5024.2
 0.47672 5024.53
 0.47684 5024.86
 0.47696 5025.19
 0.47708 5025.53
 0.4772 5025.88
 0.47732 5026.24
 0.47744 5026.61
 0.47756 5026.98
 0.47768 5027.35
 0.4778 5027.74
 0.47792 5028.13
 0.47804 5028.53
 0.47816 5028.93
 0.47828 5029.34
 0.4784 5029.75
 0.47852 5030.17
 0.47864 5030.6
 0.47876 5031.03
 0.47888 5031.46
 0.479 5031.9
 0.47912 5032.34
 0.47924 5032.79
 0.47936 5033.24
 0.47948 5033.7
 0.4796 5034.16
 0.47972 5034.62
 0.47984 5035.09
 0.47996 5035.55
 0.48008 5036.03
 0.4802 5036.5
 0.48032 5036.98
 0.48044 5037.46
 0.48056 5037.94
 0.48068 5038.42
 0.4808 5038.91
 0.48092 5039.4
 0.48104 5039.89
 0.48116 5040.38
 0.48128 5040.88
 0.4814 5041.37
 0.48152 5041.87
 0.48164 5042.36
 0.48176 5042.86
 0.48188 5043.36
 0.482 5043.86
 0.48212 5044.36
 0.48224 5044.86
 0.48236 5045.36
 0.48248 5045.86
 0.4826 5046.37
 0.48272 5046.87
 0.48284 5047.37
 0.48296 5047.87
 0.48308 5048.37
 0.4832 5048.87
 0.48332 5049.37
 0.48344 5049.87
 0.48356 5050.36
 0.48368 5050.86
 0.4838 5051.35
 0.48392 5051.85
 0.48404 5052.34
 0.48416 5052.83
 0.48428 5053.31
 0.4844 5053.8
 0.48452 5054.28
 0.48464 5054.77
 0.48476 5055.25
 0.48488 5055.72
 0.485 5056.2
 0.48512 5056.67
 0.48524 5057.14
 0.48536 5057.61
 0.48548 5058.07
 0.4856 5058.53
 0.48572 5058.99
 0.48584 5059.44
 0.48596 5059.89
 0.48608 5060.34
 0.4862 5060.78
 0.48632 5061.22
 0.48644 5061.66
 0.48656 5062.09
 0.48668 5062.52
 0.4868 5062.94
 0.48692 5063.36
 0.48704 5063.78
 0.48716 5064.19
 0.48728 5064.6
 0.4874 5065.01
 0.48752 5065.42
 0.48764 5065.82
 0.48776 5066.21
 0.48788 5066.6
 0.488 5066.99
 0.48812 5067.38
 0.48824 5067.76
 0.48836 5068.13
 0.48848 5068.51
 0.4886 5068.87
 0.48872 5069.24
 0.48884 5069.6
 0.48896 5069.95
 0.48908 5070.3
 0.4892 5070.65
 0.48932 5071
 0.48944 5071.35
 0.48956 5071.69
 0.48968 5072.03
 0.4898 5072.37
 0.48992 5072.71
 0.49004 5073.05
 0.49016 5073.39
 0.49028 5073.72
 0.4904 5074.06
 0.49052 5074.4
 0.49064 5074.73
 0.49076 5075.07
 0.49088 5075.4
 0.491 5075.74
 0.49112 5076.07
 0.49124 5076.4
 0.49136 5076.74
 0.49148 5077.08
 0.4916 5077.41
 0.49172 5077.75
 0.49184 5078.09
 0.49196 5078.43
 0.49208 5078.77
 0.4922 5079.11
 0.49232 5079.46
 0.49244 5079.8
 0.49256 5080.15
 0.49268 5080.5
 0.4928 5080.86
 0.49292 5081.21
 0.49304 5081.57
 0.49316 5081.93
 0.49328 5082.3
 0.4934 5082.67
 0.49352 5083.04
 0.49364 5083.41
 0.49376 5083.79
 0.49388 5084.16
 0.494 5084.54
 0.49412 5084.92
 0.49424 5085.31
 0.49436 5085.69
 0.49448 5086.08
 0.4946 5086.47
 0.49472 5086.86
 0.49484 5087.25
 0.49496 5087.64
 0.49508 5088.03
 0.4952 5088.43
 0.49532 5088.82
 0.49544 5089.22
 0.49556 5089.62
 0.49568 5090.02
 0.4958 5090.42
 0.49592 5090.82
 0.49604 5091.22
 0.49616 5091.62
 0.49628 5092.02
 0.4964 5092.42
 0.49652 5092.82
 0.49664 5093.22
 0.49676 5093.62
 0.49688 5094.02
 0.497 5094.43
 0.49712 5094.83
 0.49724 5095.23
 0.49736 5095.63
 0.49748 5096.03
 0.4976 5096.43
 0.49772 5096.83
 0.49784 5097.23
 0.49796 5097.62
 0.49808 5098.02
 0.4982 5098.41
 0.49832 5098.81
 0.49844 5099.2
 0.49856 5099.59
 0.49868 5099.98
 0.4988 5100.37
 0.49892 5100.76
 0.49904 5101.15
 0.49916 5101.53
 0.49928 5101.92
 0.4994 5102.3
 0.49952 5102.68
 0.49964 5103.05
 0.49976 5103.43
 0.49988 5103.8
 0.5 5104.17
 0.50012 5104.54
 0.50024 5104.91
 0.50036 5105.27
 0.50048 5105.63
 0.5006 5105.99
 0.50072 5106.34
 0.50084 5106.69
 0.50096 5107.04
 0.50108 5107.38
 0.5012 5107.72
 0.50132 5108.06
 0.50144 5108.39
 0.50156 5108.72
 0.50168 5109.04
 0.5018 5109.36
 0.50192 5109.68
 0.50204 5109.99
 0.50216 5110.3
 0.50228 5110.61
 0.5024 5110.91
 0.50252 5111.21
 0.50264 5111.5
 0.50276 5111.79
 0.50288 5112.08
 0.503 5112.36
 0.50312 5112.64
 0.50324 5112.92
 0.50336 5113.19
 0.50348 5113.46
 0.5036 5113.73
 0.50372 5113.99
 0.50384 5114.26
 0.50396 5114.52
 0.50408 5114.77
 0.5042 5115.03
 0.50432 5115.28
 0.50444 5115.54
 0.50456 5115.79
 0.50468 5116.04
 0.5048 5116.28
 0.50492 5116.53
 0.50504 5116.77
 0.50516 5117.01
 0.50528 5117.25
 0.5054 5117.49
 0.50552 5117.72
 0.50564 5117.96
 0.50576 5118.18
 0.50588 5118.41
 0.506 5118.63
 0.50612 5118.85
 0.50624 5119.07
 0.50636 5119.28
 0.50648 5119.49
 0.5066 5119.7
 0.50672 5119.9
 0.50684 5120.1
 0.50696 5120.29
 0.50708 5120.49
 0.5072 5120.67
 0.50732 5120.86
 0.50744 5121.04
 0.50756 5121.21
 0.50768 5121.38
 0.5078 5121.55
 0.50792 5121.71
 0.50804 5121.87
 0.50816 5122.03
 0.50828 5122.18
 0.5084 5122.33
 0.50852 5122.47
 0.50864 5122.62
 0.50876 5122.75
 0.50888 5122.89
 0.509 5123.02
 0.50912 5123.14
 0.50924 5123.27
 0.50936 5123.38
 0.50948 5123.5
 0.5096 5123.61
 0.50972 5123.72
 0.50984 5123.82
 0.50996 5123.91
 0.51008 5124.01
 0.5102 5124.09
 0.51032 5124.18
 0.51044 5124.25
 0.51056 5124.33
 0.51068 5124.39
 0.5108 5124.45
 0.51092 5124.51
 0.51104 5124.55
 0.51116 5124.6
 0.51128 5124.63
 0.5114 5124.66
 0.51152 5124.68
 0.51164 5124.7
 0.51176 5124.71
 0.51188 5124.71
 0.512 5124.7
 0.51212 5124.69
 0.51224 5124.66
 0.51236 5124.63
 0.51248 5124.6
 0.5126 5124.55
 0.51272 5124.5
 0.51284 5124.43
 0.51296 5124.36
 0.51308 5124.29
 0.5132 5124.2
 0.51332 5124.1
 0.51344 5124
 0.51356 5123.89
 0.51368 5123.76
 0.5138 5123.63
 0.51392 5123.5
 0.51404 5123.35
 0.51416 5123.19
 0.51428 5123.02
 0.5144 5122.85
 0.51452 5122.67
 0.51464 5122.47
 0.51476 5122.27
 0.51488 5122.06
 0.515 5121.84
 0.51512 5121.61
 0.51524 5121.37
 0.51536 5121.12
 0.51548 5120.86
 0.5156 5120.59
 0.51572 5120.32
 0.51584 5120.03
 0.51596 5119.74
 0.51608 5119.43
 0.5162 5119.12
 0.51632 5118.8
 0.51644 5118.48
 0.51656 5118.14
 0.51668 5117.79
 0.5168 5117.44
 0.51692 5117.08
 0.51704 5116.71
 0.51716 5116.33
 0.51728 5115.94
 0.5174 5115.54
 0.51752 5115.14
 0.51764 5114.73
 0.51776 5114.31
 0.51788 5113.88
 0.518 5113.44
 0.51812 5113
 0.51824 5112.55
 0.51836 5112.1
 0.51848 5111.64
 0.5186 5111.17
 0.51872 5110.7
 0.51884 5110.22
 0.51896 5109.73
 0.51908 5109.24
 0.5192 5108.74
 0.51932 5108.24
 0.51944 5107.73
 0.51956 5107.21
 0.51968 5106.69
 0.5198 5106.16
 0.51992 5105.62
 0.52004 5105.08
 0.52016 5104.54
 0.52028 5103.99
 0.5204 5103.43
 0.52052 5102.87
 0.52064 5102.3
 0.52076 5101.74
 0.52088 5101.16
 0.521 5100.59
 0.52112 5100.01
 0.52124 5099.43
 0.52136 5098.84
 0.52148 5098.25
 0.5216 5097.66
 0.52172 5097.07
 0.52184 5096.47
 0.52196 5095.87
 0.52208 5095.27
 0.5222 5094.67
 0.52232 5094.06
 0.52244 5093.45
 0.52256 5092.84
 0.52268 5092.23
 0.5228 5091.62
 0.52292 5091
 0.52304 5090.38
 0.52316 5089.77
 0.52328 5089.15
 0.5234 5088.53
 0.52352 5087.91
 0.52364 5087.29
 0.52376 5086.67
 0.52388 5086.05
 0.524 5085.44
 0.52412 5084.82
 0.52424 5084.21
 0.52436 5083.6
 0.52448 5082.99
 0.5246 5082.38
 0.52472 5081.78
 0.52484 5081.17
 0.52496 5080.57
 0.52508 5079.98
 0.5252 5079.38
 0.52532 5078.79
 0.52544 5078.2
 0.52556 5077.61
 0.52568 5077.03
 0.5258 5076.45
 0.52592 5075.87
 0.52604 5075.3
 0.52616 5074.72
 0.52628 5074.16
 0.5264 5073.59
 0.52652 5073.03
 0.52664 5072.47
 0.52676 5071.92
 0.52688 5071.37
 0.527 5070.83
 0.52712 5070.28
 0.52724 5069.75
 0.52736 5069.21
 0.52748 5068.68
 0.5276 5068.16
 0.52772 5067.64
 0.52784 5067.12
 0.52796 5066.61
 0.52808 5066.11
 0.5282 5065.6
 0.52832 5065.11
 0.52844 5064.62
 0.52856 5064.13
 0.52868 5063.65
 0.5288 5063.17
 0.52892 5062.7
 0.52904 5062.23
 0.52916 5061.77
 0.52928 5061.32
 0.5294 5060.87
 0.52952 5060.42
 0.52964 5059.98
 0.52976 5059.55
 0.52988 5059.12
 0.53 5058.7
 0.53012 5058.28
 0.53024 5057.86
 0.53036 5057.46
 0.53048 5057.05
 0.5306 5056.65
 0.53072 5056.26
 0.53084 5055.87
 0.53096 5055.48
 0.53108 5055.1
 0.5312 5054.73
 0.53132 5054.36
 0.53144 5053.99
 0.53156 5053.63
 0.53168 5053.27
 0.5318 5052.92
 0.53192 5052.57
 0.53204 5052.23
 0.53216 5051.89
 0.53228 5051.55
 0.5324 5051.22
 0.53252 5050.9
 0.53264 5050.57
 0.53276 5050.26
 0.53288 5049.94
 0.533 5049.63
 0.53312 5049.33
 0.53324 5049.02
 0.53336 5048.72
 0.53348 5048.43
 0.5336 5048.14
 0.53372 5047.85
 0.53384 5047.57
 0.53396 5047.28
 0.53408 5047
 0.5342 5046.73
 0.53432 5046.45
 0.53444 5046.18
 0.53456 5045.92
 0.53468 5045.65
 0.5348 5045.39
 0.53492 5045.13
 0.53504 5044.88
 0.53516 5044.63
 0.53528 5044.38
 0.5354 5044.13
 0.53552 5043.89
 0.53564 5043.66
 0.53576 5043.43
 0.53588 5043.21
 0.536 5042.99
 0.53612 5042.78
 0.53624 5042.57
 0.53636 5042.37
 0.53648 5042.18
 0.5366 5041.99
 0.53672 5041.81
 0.53684 5041.63
 0.53696 5041.47
 0.53708 5041.3
 0.5372 5041.15
 0.53732 5041
 0.53744 5040.86
 0.53756 5040.73
 0.53768 5040.61
 0.5378 5040.49
 0.53792 5040.38
 0.53804 5040.28
 0.53816 5040.19
 0.53828 5040.1
 0.5384 5040.03
 0.53852 5039.96
 0.53864 5039.9
 0.53876 5039.85
 0.53888 5039.81
 0.539 5039.77
 0.53912 5039.75
 0.53924 5039.74
 0.53936 5039.74
 0.53948 5039.75
 0.5396 5039.77
 0.53972 5039.8
 0.53984 5039.84
 0.53996 5039.89
 0.54008 5039.96
 0.5402 5040.04
 0.54032 5040.14
 0.54044 5040.25
 0.54056 5040.37
 0.54068 5040.51
 0.5408 5040.66
 0.54092 5040.83
 0.54104 5041.02
 0.54116 5041.22
 0.54128 5041.44
 0.5414 5041.68
 0.54152 5041.93
 0.54164 5042.21
 0.54176 5042.5
 0.54188 5042.81
 0.542 5043.15
 0.54212 5043.5
 0.54224 5043.87
 0.54236 5044.27
 0.54248 5044.68
 0.5426 5045.12
 0.54272 5045.57
 0.54284 5046.05
 0.54296 5046.55
 0.54308 5047.07
 0.5432 5047.62
 0.54332 5048.18
 0.54344 5048.77
 0.54356 5049.38
 0.54368 5050.01
 0.5438 5050.66
 0.54392 5051.34
 0.54404 5052.03
 0.54416 5052.75
 0.54428 5053.49
 0.5444 5054.26
 0.54452 5055.04
 0.54464 5055.85
 0.54476 5056.68
 0.54488 5057.53
 0.545 5058.4
 0.54512 5059.3
 0.54524 5060.22
 0.54536 5061.16
 0.54548 5062.12
 0.5456 5063.11
 0.54572 5064.11
 0.54584 5065.14
 0.54596 5066.19
 0.54608 5067.26
 0.5462 5068.35
 0.54632 5069.46
 0.54644 5070.59
 0.54656 5071.74
 0.54668 5072.91
 0.5468 5074.11
 0.54692 5075.32
 0.54704 5076.55
 0.54716 5077.81
 0.54728 5079.08
 0.5474 5080.37
 0.54752 5081.68
 0.54764 5083.01
 0.54776 5084.36
 0.54788 5085.73
 0.548 5087.12
 0.54812 5088.52
 0.54824 5089.94
 0.54836 5091.38
 0.54848 5092.84
 0.5486 5094.31
 0.54872 5095.8
 0.54884 5097.31
 0.54896 5098.83
 0.54908 5100.36
 0.5492 5101.92
 0.54932 5103.48
 0.54944 5105.07
 0.54956 5106.66
 0.54968 5108.27
 0.5498 5109.9
 0.54992 5111.54
 0.55004 5113.19
 0.55016 5114.85
 0.55028 5116.53
 0.5504 5118.22
 0.55052 5119.92
 0.55064 5121.62
 0.55076 5123.34
 0.55088 5125.07
 0.551 5126.8
 0.55112 5128.54
 0.55124 5130.29
 0.55136 5132.04
 0.55148 5133.8
 0.5516 5135.57
 0.55172 5137.34
 0.55184 5139.11
 0.55196 5140.89
 0.55208 5142.67
 0.5522 5144.45
 0.55232 5146.23
 0.55244 5148.02
 0.55256 5149.81
 0.55268 5151.6
 0.5528 5153.38
 0.55292 5155.17
 0.55304 5156.95
 0.55316 5158.74
 0.55328 5160.52
 0.5534 5162.3
 0.55352 5164.07
 0.55364 5165.85
 0.55376 5167.61
 0.55388 5169.38
 0.554 5171.13
 0.55412 5172.89
 0.55424 5174.63
 0.55436 5176.37
 0.55448 5178.11
 0.5546 5179.84
 0.55472 5181.56
 0.55484 5183.28
 0.55496 5184.99
 0.55508 5186.7
 0.5552 5188.4
 0.55532 5190.1
 0.55544 5191.79
 0.55556 5193.47
 0.55568 5195.15
 0.5558 5196.82
 0.55592 5198.49
 0.55604 5200.15
 0.55616 5201.81
 0.55628 5203.46
 0.5564 5205.11
 0.55652 5206.75
 0.55664 5208.38
 0.55676 5210.01
 0.55688 5211.63
 0.557 5213.25
 0.55712 5214.87
 0.55724 5216.47
 0.55736 5218.08
 0.55748 5219.68
 0.5576 5221.27
 0.55772 5222.86
 0.55784 5224.44
 0.55796 5226.02
 0.55808 5227.59
 0.5582 5229.16
 0.55832 5230.73
 0.55844 5232.29
 0.55856 5233.84
 0.55868 5235.39
 0.5588 5236.94
 0.55892 5238.48
 0.55904 5240.02
 0.55916 5241.55
 0.55928 5243.08
 0.5594 5244.61
 0.55952 5246.13
 0.55964 5247.65
 0.55976 5249.17
 0.55988 5250.69
 0.56 5252.2
 0.56012 5253.71
 0.56024 5255.22
 0.56036 5256.73
 0.56048 5258.23
 0.5606 5259.74
 0.56072 5261.24
 0.56084 5262.74
 0.56096 5264.25
 0.56108 5265.75
 0.5612 5267.25
 0.56132 5268.76
 0.56144 5270.26
 0.56156 5271.76
 0.56168 5273.27
 0.5618 5274.77
 0.56192 5276.28
 0.56204 5277.79
 0.56216 5279.29
 0.56228 5280.8
 0.5624 5282.31
 0.56252 5283.82
 0.56264 5285.33
 0.56276 5286.84
 0.56288 5288.36
 0.563 5289.87
 0.56312 5291.38
 0.56324 5292.9
 0.56336 5294.41
 0.56348 5295.93
 0.5636 5297.45
 0.56372 5298.96
 0.56384 5300.48
 0.56396 5302
 0.56408 5303.51
 0.5642 5305.03
 0.56432 5306.55
 0.56444 5308.06
 0.56456 5309.58
 0.56468 5311.09
 0.5648 5312.6
 0.56492 5314.11
 0.56504 5315.62
 0.56516 5317.12
 0.56528 5318.63
 0.5654 5320.12
 0.56552 5321.62
 0.56564 5323.11
 0.56576 5324.59
 0.56588 5326.07
 0.566 5327.54
 0.56612 5329
 0.56624 5330.46
 0.56636 5331.91
 0.56648 5333.36
 0.5666 5334.79
 0.56672 5336.22
 0.56684 5337.64
 0.56696 5339.06
 0.56708 5340.46
 0.5672 5341.86
 0.56732 5343.25
 0.56744 5344.63
 0.56756 5346.01
 0.56768 5347.37
 0.5678 5348.73
 0.56792 5350.07
 0.56804 5351.41
 0.56816 5352.74
 0.56828 5354.06
 0.5684 5355.37
 0.56852 5356.68
 0.56864 5357.97
 0.56876 5359.25
 0.56888 5360.52
 0.569 5361.78
 0.56912 5363.03
 0.56924 5364.27
 0.56936 5365.49
 0.56948 5366.71
 0.5696 5367.91
 0.56972 5369.1
 0.56984 5370.27
 0.56996 5371.43
 0.57008 5372.58
 0.5702 5373.72
 0.57032 5374.84
 0.57044 5375.94
 0.57056 5377.03
 0.57068 5378.1
 0.5708 5379.16
 0.57092 5380.2
 0.57104 5381.22
 0.57116 5382.23
 0.57128 5383.21
 0.5714 5384.18
 0.57152 5385.13
 0.57164 5386.07
 0.57176 5386.98
 0.57188 5387.87
 0.572 5388.74
 0.57212 5389.6
 0.57224 5390.43
 0.57236 5391.24
 0.57248 5392.03
 0.5726 5392.81
 0.57272 5393.56
 0.57284 5394.29
 0.57296 5395
 0.57308 5395.69
 0.5732 5396.36
 0.57332 5397.02
 0.57344 5397.65
 0.57356 5398.26
 0.57368 5398.86
 0.5738 5399.43
 0.57392 5399.99
 0.57404 5400.52
 0.57416 5401.04
 0.57428 5401.54
 0.5744 5402.03
 0.57452 5402.49
 0.57464 5402.94
 0.57476 5403.37
 0.57488 5403.78
 0.575 5404.18
 0.57512 5404.56
 0.57524 5404.92
 0.57536 5405.27
 0.57548 5405.6
 0.5756 5405.91
 0.57572 5406.21
 0.57584 5406.49
 0.57596 5406.76
 0.57608 5407.02
 0.5762 5407.26
 0.57632 5407.48
 0.57644 5407.7
 0.57656 5407.9
 0.57668 5408.08
 0.5768 5408.25
 0.57692 5408.41
 0.57704 5408.56
 0.57716 5408.69
 0.57728 5408.81
 0.5774 5408.92
 0.57752 5409.01
 0.57764 5409.1
 0.57776 5409.17
 0.57788 5409.23
 0.578 5409.28
 0.57812 5409.31
 0.57824 5409.33
 0.57836 5409.35
 0.57848 5409.35
 0.5786 5409.34
 0.57872 5409.32
 0.57884 5409.29
 0.57896 5409.24
 0.57908 5409.19
 0.5792 5409.13
 0.57932 5409.05
 0.57944 5408.97
 0.57956 5408.88
 0.57968 5408.78
 0.5798 5408.66
 0.57992 5408.54
 0.58004 5408.41
 0.58016 5408.28
 0.58028 5408.13
 0.5804 5407.98
 0.58052 5407.82
 0.58064 5407.65
 0.58076 5407.48
 0.58088 5407.31
 0.581 5407.13
 0.58112 5406.94
 0.58124 5406.76
 0.58136 5406.57
 0.58148 5406.37
 0.5816 5406.18
 0.58172 5405.98
 0.58184 5405.79
 0.58196 5405.59
 0.58208 5405.39
 0.5822 5405.2
 0.58232 5405
 0.58244 5404.81
 0.58256 5404.62
 0.58268 5404.43
 0.5828 5404.24
 0.58292 5404.06
 0.58304 5403.88
 0.58316 5403.71
 0.58328 5403.54
 0.5834 5403.38
 0.58352 5403.22
 0.58364 5403.07
 0.58376 5402.92
 0.58388 5402.78
 0.584 5402.65
 0.58412 5402.52
 0.58424 5402.4
 0.58436 5402.29
 0.58448 5402.19
 0.5846 5402.09
 0.58472 5402
 0.58484 5401.92
 0.58496 5401.85
 0.58508 5401.78
 0.5852 5401.72
 0.58532 5401.66
 0.58544 5401.62
 0.58556 5401.58
 0.58568 5401.54
 0.5858 5401.52
 0.58592 5401.5
 0.58604 5401.48
 0.58616 5401.48
 0.58628 5401.48
 0.5864 5401.49
 0.58652 5401.5
 0.58664 5401.52
 0.58676 5401.55
 0.58688 5401.58
 0.587 5401.62
 0.58712 5401.66
 0.58724 5401.71
 0.58736 5401.77
 0.58748 5401.83
 0.5876 5401.89
 0.58772 5401.96
 0.58784 5402.04
 0.58796 5402.12
 0.58808 5402.2
 0.5882 5402.29
 0.58832 5402.38
 0.58844 5402.48
 0.58856 5402.58
 0.58868 5402.68
 0.5888 5402.79
 0.58892 5402.9
 0.58904 5403.01
 0.58916 5403.13
 0.58928 5403.25
 0.5894 5403.37
 0.58952 5403.49
 0.58964 5403.62
 0.58976 5403.74
 0.58988 5403.87
 0.59 5404
 0.59012 5404.13
 0.59024 5404.26
 0.59036 5404.39
 0.59048 5404.52
 0.5906 5404.64
 0.59072 5404.77
 0.59084 5404.9
 0.59096 5405.03
 0.59108 5405.16
 0.5912 5405.28
 0.59132 5405.41
 0.59144 5405.53
 0.59156 5405.65
 0.59168 5405.76
 0.5918 5405.88
 0.59192 5405.99
 0.59204 5406.1
 0.59216 5406.21
 0.59228 5406.32
 0.5924 5406.42
 0.59252 5406.52
 0.59264 5406.62
 0.59276 5406.72
 0.59288 5406.82
 0.593 5406.91
 0.59312 5407
 0.59324 5407.1
 0.59336 5407.19
 0.59348 5407.28
 0.5936 5407.37
 0.59372 5407.46
 0.59384 5407.55
 0.59396 5407.64
 0.59408 5407.74
 0.5942 5407.83
 0.59432 5407.93
 0.59444 5408.02
 0.59456 5408.12
 0.59468 5408.23
 0.5948 5408.34
 0.59492 5408.45
 0.59504 5408.56
 0.59516 5408.68
 0.59528 5408.81
 0.5954 5408.94
 0.59552 5409.08
 0.59564 5409.23
 0.59576 5409.39
 0.59588 5409.55
 0.596 5409.72
 0.59612 5409.9
 0.59624 5410.09
 0.59636 5410.29
 0.59648 5410.5
 0.5966 5410.72
 0.59672 5410.94
 0.59684 5411.18
 0.59696 5411.43
 0.59708 5411.68
 0.5972 5411.95
 0.59732 5412.22
 0.59744 5412.5
 0.59756 5412.8
 0.59768 5413.09
 0.5978 5413.4
 0.59792 5413.72
 0.59804 5414.04
 0.59816 5414.37
 0.59828 5414.71
 0.5984 5415.06
 0.59852 5415.41
 0.59864 5415.77
 0.59876 5416.14
 0.59888 5416.52
 0.599 5416.9
 0.59912 5417.29
 0.59924 5417.69
 0.59936 5418.1
 0.59948 5418.51
 0.5996 5418.93
 0.59972 5419.36
 0.59984 5419.8
 0.59996 5420.24
 0.60008 5420.69
 0.6002 5421.15
 0.60032 5421.62
 0.60044 5422.09
 0.60056 5422.57
 0.60068 5423.06
 0.6008 5423.56
 0.60092 5424.06
 0.60104 5424.57
 0.60116 5425.08
 0.60128 5425.6
 0.6014 5426.13
 0.60152 5426.67
 0.60164 5427.21
 0.60176 5427.75
 0.60188 5428.31
 0.602 5428.87
 0.60212 5429.43
 0.60224 5430
 0.60236 5430.58
 0.60248 5431.16
 0.6026 5431.75
 0.60272 5432.34
 0.60284 5432.93
 0.60296 5433.53
 0.60308 5434.13
 0.6032 5434.74
 0.60332 5435.35
 0.60344 5435.96
 0.60356 5436.57
 0.60368 5437.18
 0.6038 5437.79
 0.60392 5438.41
 0.60404 5439.03
 0.60416 5439.64
 0.60428 5440.26
 0.6044 5440.87
 0.60452 5441.49
 0.60464 5442.1
 0.60476 5442.72
 0.60488 5443.33
 0.605 5443.94
 0.60512 5444.54
 0.60524 5445.15
 0.60536 5445.75
 0.60548 5446.35
 0.6056 5446.94
 0.60572 5447.53
 0.60584 5448.12
 0.60596 5448.7
 0.60608 5449.27
 0.6062 5449.85
 0.60632 5450.41
 0.60644 5450.98
 0.60656 5451.53
 0.60668 5452.08
 0.6068 5452.63
 0.60692 5453.17
 0.60704 5453.7
 0.60716 5454.23
 0.60728 5454.76
 0.6074 5455.27
 0.60752 5455.79
 0.60764 5456.29
 0.60776 5456.79
 0.60788 5457.29
 0.608 5457.78
 0.60812 5458.27
 0.60824 5458.75
 0.60836 5459.22
 0.60848 5459.69
 0.6086 5460.16
 0.60872 5460.62
 0.60884 5461.07
 0.60896 5461.52
 0.60908 5461.97
 0.6092 5462.41
 0.60932 5462.84
 0.60944 5463.27
 0.60956 5463.69
 0.60968 5464.11
 0.6098 5464.53
 0.60992 5464.93
 0.61004 5465.33
 0.61016 5465.73
 0.61028 5466.12
 0.6104 5466.5
 0.61052 5466.88
 0.61064 5467.25
 0.61076 5467.61
 0.61088 5467.97
 0.611 5468.32
 0.61112 5468.66
 0.61124 5468.99
 0.61136 5469.32
 0.61148 5469.64
 0.6116 5469.95
 0.61172 5470.25
 0.61184 5470.55
 0.61196 5470.83
 0.61208 5471.11
 0.6122 5471.38
 0.61232 5471.64
 0.61244 5471.89
 0.61256 5472.13
 0.61268 5472.37
 0.6128 5472.59
 0.61292 5472.81
 0.61304 5473.02
 0.61316 5473.21
 0.61328 5473.4
 0.6134 5473.58
 0.61352 5473.75
 0.61364 5473.9
 0.61376 5474.05
 0.61388 5474.19
 0.614 5474.32
 0.61412 5474.43
 0.61424 5474.54
 0.61436 5474.63
 0.61448 5474.72
 0.6146 5474.79
 0.61472 5474.85
 0.61484 5474.9
 0.61496 5474.95
 0.61508 5474.98
 0.6152 5475
 0.61532 5475
 0.61544 5475
 0.61556 5474.98
 0.61568 5474.96
 0.6158 5474.92
 0.61592 5474.86
 0.61604 5474.8
 0.61616 5474.72
 0.61628 5474.63
 0.6164 5474.53
 0.61652 5474.41
 0.61664 5474.28
 0.61676 5474.14
 0.61688 5473.98
 0.617 5473.82
 0.61712 5473.64
 0.61724 5473.44
 0.61736 5473.24
 0.61748 5473.02
 0.6176 5472.79
 0.61772 5472.55
 0.61784 5472.29
 0.61796 5472.02
 0.61808 5471.74
 0.6182 5471.45
 0.61832 5471.14
 0.61844 5470.82
 0.61856 5470.49
 0.61868 5470.15
 0.6188 5469.79
 0.61892 5469.42
 0.61904 5469.04
 0.61916 5468.65
 0.61928 5468.25
 0.6194 5467.83
 0.61952 5467.4
 0.61964 5466.96
 0.61976 5466.51
 0.61988 5466.05
 0.62 5465.57
 0.62012 5465.08
 0.62024 5464.59
 0.62036 5464.07
 0.62048 5463.55
 0.6206 5463.02
 0.62072 5462.47
 0.62084 5461.91
 0.62096 5461.34
 0.62108 5460.76
 0.6212 5460.16
 0.62132 5459.56
 0.62144 5458.94
 0.62156 5458.31
 0.62168 5457.67
 0.6218 5457.02
 0.62192 5456.35
 0.62204 5455.68
 0.62216 5454.99
 0.62228 5454.28
 0.6224 5453.57
 0.62252 5452.84
 0.62264 5452.1
 0.62276 5451.35
 0.62288 5450.58
 0.623 5449.8
 0.62312 5449
 0.62324 5448.19
 0.62336 5447.36
 0.62348 5446.52
 0.6236 5445.66
 0.62372 5444.79
 0.62384 5443.9
 0.62396 5442.99
 0.62408 5442.06
 0.6242 5441.12
 0.62432 5440.16
 0.62444 5439.18
 0.62456 5438.17
 0.62468 5437.15
 0.6248 5436.11
 0.62492 5435.05
 0.62504 5433.96
 0.62516 5432.85
 0.62528 5431.73
 0.6254 5430.57
 0.62552 5429.4
 0.62564 5428.2
 0.62576 5426.97
 0.62588 5425.73
 0.626 5424.45
 0.62612 5423.15
 0.62624 5421.83
 0.62636 5420.48
 0.62648 5419.11
 0.6266 5417.71
 0.62672 5416.28
 0.62684 5414.83
 0.62696 5413.36
 0.62708 5411.86
 0.6272 5410.33
 0.62732 5408.79
 0.62744 5407.22
 0.62756 5405.62
 0.62768 5404.01
 0.6278 5402.37
 0.62792 5400.71
 0.62804 5399.03
 0.62816 5397.34
 0.62828 5395.62
 0.6284 5393.88
 0.62852 5392.12
 0.62864 5390.34
 0.62876 5388.54
 0.62888 5386.73
 0.629 5384.9
 0.62912 5383.04
 0.62924 5381.18
 0.62936 5379.29
 0.62948 5377.39
 0.6296 5375.47
 0.62972 5373.53
 0.62984 5371.58
 0.62996 5369.61
 0.63008 5367.63
 0.6302 5365.63
 0.63032 5363.62
 0.63044 5361.59
 0.63056 5359.55
 0.63068 5357.5
 0.6308 5355.43
 0.63092 5353.35
 0.63104 5351.26
 0.63116 5349.16
 0.63128 5347.05
 0.6314 5344.92
 0.63152 5342.79
 0.63164 5340.64
 0.63176 5338.49
 0.63188 5336.33
 0.632 5334.15
 0.63212 5331.97
 0.63224 5329.79
 0.63236 5327.59
 0.63248 5325.39
 0.6326 5323.18
 0.63272 5320.96
 0.63284 5318.74
 0.63296 5316.51
 0.63308 5314.28
 0.6332 5312.04
 0.63332 5309.79
 0.63344 5307.54
 0.63356 5305.28
 0.63368 5303.03
 0.6338 5300.76
 0.63392 5298.49
 0.63404 5296.22
 0.63416 5293.95
 0.63428 5291.67
 0.6344 5289.39
 0.63452 5287.11
 0.63464 5284.82
 0.63476 5282.53
 0.63488 5280.24
 0.635 5277.95
 0.63512 5275.66
 0.63524 5273.36
 0.63536 5271.07
 0.63548 5268.77
 0.6356 5266.47
 0.63572 5264.17
 0.63584 5261.87
 0.63596 5259.57
 0.63608 5257.26
 0.6362 5254.96
 0.63632 5252.65
 0.63644 5250.35
 0.63656 5248.04
 0.63668 5245.73
 0.6368 5243.42
 0.63692 5241.11
 0.63704 5238.8
 0.63716 5236.48
 0.63728 5234.17
 0.6374 5231.85
 0.63752 5229.53
 0.63764 5227.21
 0.63776 5224.89
 0.63788 5222.57
 0.638 5220.24
 0.63812 5217.92
 0.63824 5215.59
 0.63836 5213.25
 0.63848 5210.92
 0.6386 5208.58
 0.63872 5206.24
 0.63884 5203.9
 0.63896 5201.55
 0.63908 5199.21
 0.6392 5196.86
 0.63932 5194.5
 0.63944 5192.15
 0.63956 5189.79
 0.63968 5187.43
 0.6398 5185.07
 0.63992 5182.71
 0.64004 5180.34
 0.64016 5177.97
 0.64028 5175.6
 0.6404 5173.23
 0.64052 5170.86
 0.64064 5168.48
 0.64076 5166.1
 0.64088 5163.72
 0.641 5161.34
 0.64112 5158.96
 0.64124 5156.57
 0.64136 5154.18
 0.64148 5151.78
 0.6416 5149.39
 0.64172 5146.98
 0.64184 5144.58
 0.64196 5142.17
 0.64208 5139.76
 0.6422 5137.34
 0.64232 5134.92
 0.64244 5132.49
 0.64256 5130.06
 0.64268 5127.62
 0.6428 5125.18
 0.64292 5122.73
 0.64304 5120.28
 0.64316 5117.82
 0.64328 5115.36
 0.6434 5112.89
 0.64352 5110.42
 0.64364 5107.94
 0.64376 5105.46
 0.64388 5102.97
 0.644 5100.47
 0.64412 5097.97
 0.64424 5095.47
 0.64436 5092.96
 0.64448 5090.44
 0.6446 5087.93
 0.64472 5085.4
 0.64484 5082.87
 0.64496 5080.34
 0.64508 5077.8
 0.6452 5075.25
 0.64532 5072.71
 0.64544 5070.16
 0.64556 5067.61
 0.64568 5065.06
 0.6458 5062.5
 0.64592 5059.95
 0.64604 5057.39
 0.64616 5054.83
 0.64628 5052.27
 0.6464 5049.71
 0.64652 5047.15
 0.64664 5044.6
 0.64676 5042.04
 0.64688 5039.48
 0.647 5036.92
 0.64712 5034.37
 0.64724 5031.81
 0.64736 5029.26
 0.64748 5026.71
 0.6476 5024.16
 0.64772 5021.61
 0.64784 5019.06
 0.64796 5016.51
 0.64808 5013.97
 0.6482 5011.42
 0.64832 5008.88
 0.64844 5006.34
 0.64856 5003.8
 0.64868 5001.26
 0.6488 4998.73
 0.64892 4996.19
 0.64904 4993.66
 0.64916 4991.13
 0.64928 4988.6
 0.6494 4986.08
 0.64952 4983.55
 0.64964 4981.02
 0.64976 4978.5
 0.64988 4975.98
 0.65 4973.45
 0.65012 4970.93
 0.65024 4968.41
 0.65036 4965.9
 0.65048 4963.38
 0.6506 4960.86
 0.65072 4958.35
 0.65084 4955.84
 0.65096 4953.32
 0.65108 4950.81
 0.6512 4948.3
 0.65132 4945.8
 0.65144 4943.29
 0.65156 4940.78
 0.65168 4938.28
 0.6518 4935.77
 0.65192 4933.27
 0.65204 4930.77
 0.65216 4928.27
 0.65228 4925.77
 0.6524 4923.27
 0.65252 4920.78
 0.65264 4918.28
 0.65276 4915.79
 0.65288 4913.3
 0.653 4910.82
 0.65312 4908.33
 0.65324 4905.85
 0.65336 4903.37
 0.65348 4900.9
 0.6536 4898.43
 0.65372 4895.96
 0.65384 4893.5
 0.65396 4891.04
 0.65408 4888.59
 0.6542 4886.15
 0.65432 4883.71
 0.65444 4881.27
 0.65456 4878.85
 0.65468 4876.43
 0.6548 4874.01
 0.65492 4871.61
 0.65504 4869.21
 0.65516 4866.82
 0.65528 4864.43
 0.6554 4862.06
 0.65552 4859.69
 0.65564 4857.34
 0.65576 4854.99
 0.65588 4852.65
 0.656 4850.32
 0.65612 4848
 0.65624 4845.69
 0.65636 4843.39
 0.65648 4841.1
 0.6566 4838.82
 0.65672 4836.55
 0.65684 4834.28
 0.65696 4832.03
 0.65708 4829.79
 0.6572 4827.55
 0.65732 4825.32
 0.65744 4823.1
 0.65756 4820.89
 0.65768 4818.68
 0.6578 4816.49
 0.65792 4814.3
 0.65804 4812.11
 0.65816 4809.93
 0.65828 4807.76
 0.6584 4805.59
 0.65852 4803.43
 0.65864 4801.27
 0.65876 4799.12
 0.65888 4796.97
 0.659 4794.82
 0.65912 4792.68
 0.65924 4790.54
 0.65936 4788.41
 0.65948 4786.28
 0.6596 4784.15
 0.65972 4782.03
 0.65984 4779.91
 0.65996 4777.79
 0.66008 4775.67
 0.6602 4773.56
 0.66032 4771.45
 0.66044 4769.34
 0.66056 4767.23
 0.66068 4765.12
 0.6608 4763.01
 0.66092 4760.91
 0.66104 4758.8
 0.66116 4756.69
 0.66128 4754.59
 0.6614 4752.48
 0.66152 4750.37
 0.66164 4748.27
 0.66176 4746.16
 0.66188 4744.05
 0.662 4741.93
 0.66212 4739.82
 0.66224 4737.7
 0.66236 4735.59
 0.66248 4733.47
 0.6626 4731.35
 0.66272 4729.23
 0.66284 4727.1
 0.66296 4724.98
 0.66308 4722.85
 0.6632 4720.72
 0.66332 4718.59
 0.66344 4716.46
 0.66356 4714.33
 0.66368 4712.19
 0.6638 4710.06
 0.66392 4707.93
 0.66404 4705.79
 0.66416 4703.65
 0.66428 4701.52
 0.6644 4699.38
 0.66452 4697.24
 0.66464 4695.1
 0.66476 4692.96
 0.66488 4690.82
 0.665 4688.68
 0.66512 4686.54
 0.66524 4684.4
 0.66536 4682.27
 0.66548 4680.13
 0.6656 4677.99
 0.66572 4675.86
 0.66584 4673.73
 0.66596 4671.6
 0.66608 4669.47
 0.6662 4667.35
 0.66632 4665.23
 0.66644 4663.11
 0.66656 4661
 0.66668 4658.89
 0.6668 4656.78
 0.66692 4654.68
 0.66704 4652.58
 0.66716 4650.49
 0.66728 4648.41
 0.6674 4646.33
 0.66752 4644.25
 0.66764 4642.18
 0.66776 4640.12
 0.66788 4638.06
 0.668 4636.01
 0.66812 4633.97
 0.66824 4631.93
 0.66836 4629.9
 0.66848 4627.88
 0.6686 4625.86
 0.66872 4623.85
 0.66884 4621.85
 0.66896 4619.86
 0.66908 4617.87
 0.6692 4615.89
 0.66932 4613.92
 0.66944 4611.96
 0.66956 4610
 0.66968 4608.05
 0.6698 4606.11
 0.66992 4604.18
 0.67004 4602.26
 0.67016 4600.35
 0.67028 4598.44
 0.6704 4596.55
 0.67052 4594.66
 0.67064 4592.78
 0.67076 4590.91
 0.67088 4589.05
 0.671 4587.21
 0.67112 4585.37
 0.67124 4583.54
 0.67136 4581.73
 0.67148 4579.93
 0.6716 4578.14
 0.67172 4576.37
 0.67184 4574.61
 0.67196 4572.86
 0.67208 4571.13
 0.6722 4569.41
 0.67232 4567.71
 0.67244 4566.02
 0.67256 4564.35
 0.67268 4562.69
 0.6728 4561.05
 0.67292 4559.42
 0.67304 4557.81
 0.67316 4556.22
 0.67328 4554.65
 0.6734 4553.09
 0.67352 4551.55
 0.67364 4550.02
 0.67376 4548.51
 0.67388 4547.02
 0.674 4545.55
 0.67412 4544.09
 0.67424 4542.65
 0.67436 4541.23
 0.67448 4539.83
 0.6746 4538.44
 0.67472 4537.07
 0.67484 4535.71
 0.67496 4534.37
 0.67508 4533.05
 0.6752 4531.75
 0.67532 4530.46
 0.67544 4529.18
 0.67556 4527.92
 0.67568 4526.68
 0.6758 4525.45
 0.67592 4524.23
 0.67604 4523.03
 0.67616 4521.84
 0.67628 4520.66
 0.6764 4519.5
 0.67652 4518.35
 0.67664 4517.22
 0.67676 4516.09
 0.67688 4514.98
 0.677 4513.88
 0.67712 4512.79
 0.67724 4511.71
 0.67736 4510.65
 0.67748 4509.59
 0.6776 4508.55
 0.67772 4507.52
 0.67784 4506.5
 0.67796 4505.5
 0.67808 4504.5
 0.6782 4503.52
 0.67832 4502.55
 0.67844 4501.6
 0.67856 4500.65
 0.67868 4499.72
 0.6788 4498.8
 0.67892 4497.9
 0.67904 4497
 0.67916 4496.12
 0.67928 4495.26
 0.6794 4494.41
 0.67952 4493.57
 0.67964 4492.74
 0.67976 4491.94
 0.67988 4491.14
 0.68 4490.36
 0.68012 4489.6
 0.68024 4488.86
 0.68036 4488.13
 0.68048 4487.41
 0.6806 4486.72
 0.68072 4486.04
 0.68084 4485.38
 0.68096 4484.73
 0.68108 4484.11
 0.6812 4483.5
 0.68132 4482.91
 0.68144 4482.34
 0.68156 4481.79
 0.68168 4481.26
 0.6818 4480.75
 0.68192 4480.25
 0.68204 4479.78
 0.68216 4479.33
 0.68228 4478.9
 0.6824 4478.49
 0.68252 4478.1
 0.68264 4477.73
 0.68276 4477.38
 0.68288 4477.05
 0.683 4476.74
 0.68312 4476.45
 0.68324 4476.18
 0.68336 4475.93
 0.68348 4475.7
 0.6836 4475.49
 0.68372 4475.3
 0.68384 4475.13
 0.68396 4474.97
 0.68408 4474.84
 0.6842 4474.72
 0.68432 4474.63
 0.68444 4474.55
 0.68456 4474.49
 0.68468 4474.45
 0.6848 4474.42
 0.68492 4474.42
 0.68504 4474.43
 0.68516 4474.47
 0.68528 4474.52
 0.6854 4474.59
 0.68552 4474.68
 0.68564 4474.78
 0.68576 4474.91
 0.68588 4475.05
 0.686 4475.21
 0.68612 4475.39
 0.68624 4475.59
 0.68636 4475.81
 0.68648 4476.05
 0.6866 4476.3
 0.68672 4476.58
 0.68684 4476.87
 0.68696 4477.18
 0.68708 4477.51
 0.6872 4477.86
 0.68732 4478.23
 0.68744 4478.62
 0.68756 4479.03
 0.68768 4479.46
 0.6878 4479.9
 0.68792 4480.37
 0.68804 4480.85
 0.68816 4481.36
 0.68828 4481.89
 0.6884 4482.43
 0.68852 4483
 0.68864 4483.59
 0.68876 4484.2
 0.68888 4484.82
 0.689 4485.47
 0.68912 4486.14
 0.68924 4486.84
 0.68936 4487.55
 0.68948 4488.28
 0.6896 4489.04
 0.68972 4489.81
 0.68984 4490.61
 0.68996 4491.43
 0.69008 4492.27
 0.6902 4493.13
 0.69032 4494.01
 0.69044 4494.92
 0.69056 4495.84
 0.69068 4496.79
 0.6908 4497.76
 0.69092 4498.75
 0.69104 4499.77
 0.69116 4500.8
 0.69128 4501.86
 0.6914 4502.94
 0.69152 4504.04
 0.69164 4505.16
 0.69176 4506.31
 0.69188 4507.48
 0.692 4508.67
 0.69212 4509.88
 0.69224 4511.12
 0.69236 4512.38
 0.69248 4513.66
 0.6926 4514.96
 0.69272 4516.28
 0.69284 4517.63
 0.69296 4518.99
 0.69308 4520.38
 0.6932 4521.78
 0.69332 4523.21
 0.69344 4524.66
 0.69356 4526.13
 0.69368 4527.62
 0.6938 4529.12
 0.69392 4530.65
 0.69404 4532.2
 0.69416 4533.76
 0.69428 4535.35
 0.6944 4536.95
 0.69452 4538.57
 0.69464 4540.21
 0.69476 4541.86
 0.69488 4543.54
 0.695 4545.23
 0.69512 4546.94
 0.69524 4548.66
 0.69536 4550.4
 0.69548 4552.16
 0.6956 4553.93
 0.69572 4555.71
 0.69584 4557.51
 0.69596 4559.33
 0.69608 4561.15
 0.6962 4562.99
 0.69632 4564.84
 0.69644 4566.7
 0.69656 4568.57
 0.69668 4570.46
 0.6968 4572.35
 0.69692 4574.25
 0.69704 4576.17
 0.69716 4578.09
 0.69728 4580.02
 0.6974 4581.96
 0.69752 4583.91
 0.69764 4585.87
 0.69776 4587.83
 0.69788 4589.81
 0.698 4591.79
 0.69812 4593.77
 0.69824 4595.77
 0.69836 4597.77
 0.69848 4599.78
 0.6986 4601.8
 0.69872 4603.82
 0.69884 4605.85
 0.69896 4607.88
 0.69908 4609.92
 0.6992 4611.97
 0.69932 4614.02
 0.69944 4616.07
 0.69956 4618.13
 0.69968 4620.2
 0.6998 4622.26
 0.69992 4624.34
 0.70004 4626.41
 0.70016 4628.49
 0.70028 4630.57
 0.7004 4632.66
 0.70052 4634.74
 0.70064 4636.83
 0.70076 4638.92
 0.70088 4641.01
 0.701 4643.1
 0.70112 4645.19
 0.70124 4647.28
 0.70136 4649.36
 0.70148 4651.45
 0.7016 4653.53
 0.70172 4655.61
 0.70184 4657.69
 0.70196 4659.77
 0.70208 4661.84
 0.7022 4663.9
 0.70232 4665.96
 0.70244 4668.02
 0.70256 4670.07
 0.70268 4672.11
 0.7028 4674.15
 0.70292 4676.19
 0.70304 4678.22
 0.70316 4680.24
 0.70328 4682.26
 0.7034 4684.26
 0.70352 4686.27
 0.70364 4688.26
 0.70376 4690.25
 0.70388 4692.23
 0.704 4694.2
 0.70412 4696.17
 0.70424 4698.12
 0.70436 4700.07
 0.70448 4702.02
 0.7046 4703.95
 0.70472 4705.88
 0.70484 4707.8
 0.70496 4709.71
 0.70508 4711.61
 0.7052 4713.51
 0.70532 4715.4
 0.70544 4717.28
 0.70556 4719.16
 0.70568 4721.03
 0.7058 4722.89
 0.70592 4724.75
 0.70604 4726.6
 0.70616 4728.45
 0.70628 4730.29
 0.7064 4732.12
 0.70652 4733.95
 0.70664 4735.77
 0.70676 4737.59
 0.70688 4739.4
 0.707 4741.21
 0.70712 4743.01
 0.70724 4744.81
 0.70736 4746.6
 0.70748 4748.39
 0.7076 4750.17
 0.70772 4751.95
 0.70784 4753.72
 0.70796 4755.49
 0.70808 4757.26
 0.7082 4759.02
 0.70832 4760.77
 0.70844 4762.52
 0.70856 4764.26
 0.70868 4766
 0.7088 4767.74
 0.70892 4769.47
 0.70904 4771.19
 0.70916 4772.91
 0.70928 4774.62
 0.7094 4776.33
 0.70952 4778.03
 0.70964 4779.73
 0.70976 4781.41
 0.70988 4783.09
 0.71 4784.77
 0.71012 4786.43
 0.71024 4788.09
 0.71036 4789.74
 0.71048 4791.39
 0.7106 4793.02
 0.71072 4794.65
 0.71084 4796.27
 0.71096 4797.88
 0.71108 4799.48
 0.7112 4801.07
 0.71132 4802.65
 0.71144 4804.22
 0.71156 4805.78
 0.71168 4807.34
 0.7118 4808.88
 0.71192 4810.41
 0.71204 4811.93
 0.71216 4813.44
 0.71228 4814.94
 0.7124 4816.43
 0.71252 4817.91
 0.71264 4819.37
 0.71276 4820.83
 0.71288 4822.28
 0.713 4823.72
 0.71312 4825.15
 0.71324 4826.58
 0.71336 4827.99
 0.71348 4829.4
 0.7136 4830.8
 0.71372 4832.19
 0.71384 4833.57
 0.71396 4834.95
 0.71408 4836.32
 0.7142 4837.68
 0.71432 4839.04
 0.71444 4840.39
 0.71456 4841.74
 0.71468 4843.07
 0.7148 4844.41
 0.71492 4845.73
 0.71504 4847.05
 0.71516 4848.36
 0.71528 4849.67
 0.7154 4850.97
 0.71552 4852.26
 0.71564 4853.55
 0.71576 4854.82
 0.71588 4856.1
 0.716 4857.36
 0.71612 4858.62
 0.71624 4859.87
 0.71636 4861.11
 0.71648 4862.35
 0.7166 4863.58
 0.71672 4864.8
 0.71684 4866.02
 0.71696 4867.22
 0.71708 4868.42
 0.7172 4869.62
 0.71732 4870.8
 0.71744 4871.98
 0.71756 4873.15
 0.71768 4874.31
 0.7178 4875.46
 0.71792 4876.61
 0.71804 4877.75
 0.71816 4878.87
 0.71828 4879.99
 0.7184 4881.11
 0.71852 4882.21
 0.71864 4883.3
 0.71876 4884.39
 0.71888 4885.46
 0.719 4886.53
 0.71912 4887.59
 0.71924 4888.63
 0.71936 4889.67
 0.71948 4890.7
 0.7196 4891.71
 0.71972 4892.72
 0.71984 4893.72
 0.71996 4894.7
 0.72008 4895.68
 0.7202 4896.64
 0.72032 4897.59
 0.72044 4898.54
 0.72056 4899.47
 0.72068 4900.39
 0.7208 4901.29
 0.72092 4902.19
 0.72104 4903.08
 0.72116 4903.95
 0.72128 4904.81
 0.7214 4905.66
 0.72152 4906.5
 0.72164 4907.33
 0.72176 4908.14
 0.72188 4908.94
 0.722 4909.73
 0.72212 4910.5
 0.72224 4911.27
 0.72236 4912.02
 0.72248 4912.75
 0.7226 4913.48
 0.72272 4914.19
 0.72284 4914.89
 0.72296 4915.57
 0.72308 4916.25
 0.7232 4916.91
 0.72332 4917.56
 0.72344 4918.2
 0.72356 4918.82
 0.72368 4919.44
 0.7238 4920.04
 0.72392 4920.62
 0.72404 4921.2
 0.72416 4921.77
 0.72428 4922.32
 0.7244 4922.86
 0.72452 4923.39
 0.72464 4923.91
 0.72476 4924.42
 0.72488 4924.91
 0.725 4925.4
 0.72512 4925.87
 0.72524 4926.33
 0.72536 4926.78
 0.72548 4927.23
 0.7256 4927.66
 0.72572 4928.08
 0.72584 4928.5
 0.72596 4928.9
 0.72608 4929.3
 0.7262 4929.69
 0.72632 4930.07
 0.72644 4930.44
 0.72656 4930.81
 0.72668 4931.17
 0.7268 4931.53
 0.72692 4931.88
 0.72704 4932.22
 0.72716 4932.56
 0.72728 4932.89
 0.7274 4933.22
 0.72752 4933.55
 0.72764 4933.86
 0.72776 4934.18
 0.72788 4934.49
 0.728 4934.79
 0.72812 4935.1
 0.72824 4935.39
 0.72836 4935.69
 0.72848 4935.98
 0.7286 4936.26
 0.72872 4936.55
 0.72884 4936.82
 0.72896 4937.1
 0.72908 4937.37
 0.7292 4937.64
 0.72932 4937.91
 0.72944 4938.17
 0.72956 4938.44
 0.72968 4938.7
 0.7298 4938.96
 0.72992 4939.21
 0.73004 4939.47
 0.73016 4939.73
 0.73028 4939.99
 0.7304 4940.25
 0.73052 4940.5
 0.73064 4940.76
 0.73076 4941.02
 0.73088 4941.29
 0.731 4941.55
 0.73112 4941.82
 0.73124 4942.09
 0.73136 4942.36
 0.73148 4942.64
 0.7316 4942.92
 0.73172 4943.2
 0.73184 4943.49
 0.73196 4943.79
 0.73208 4944.09
 0.7322 4944.39
 0.73232 4944.7
 0.73244 4945.02
 0.73256 4945.34
 0.73268 4945.66
 0.7328 4945.99
 0.73292 4946.33
 0.73304 4946.67
 0.73316 4947.02
 0.73328 4947.38
 0.7334 4947.74
 0.73352 4948.11
 0.73364 4948.49
 0.73376 4948.88
 0.73388 4949.27
 0.734 4949.67
 0.73412 4950.07
 0.73424 4950.49
 0.73436 4950.91
 0.73448 4951.34
 0.7346 4951.78
 0.73472 4952.22
 0.73484 4952.68
 0.73496 4953.14
 0.73508 4953.61
 0.7352 4954.08
 0.73532 4954.57
 0.73544 4955.06
 0.73556 4955.56
 0.73568 4956.06
 0.7358 4956.58
 0.73592 4957.1
 0.73604 4957.62
 0.73616 4958.16
 0.73628 4958.7
 0.7364 4959.24
 0.73652 4959.8
 0.73664 4960.36
 0.73676 4960.92
 0.73688 4961.5
 0.737 4962.08
 0.73712 4962.66
 0.73724 4963.25
 0.73736 4963.85
 0.73748 4964.45
 0.7376 4965.05
 0.73772 4965.66
 0.73784 4966.28
 0.73796 4966.9
 0.73808 4967.53
 0.7382 4968.16
 0.73832 4968.8
 0.73844 4969.44
 0.73856 4970.08
 0.73868 4970.73
 0.7388 4971.39
 0.73892 4972.04
 0.73904 4972.71
 0.73916 4973.38
 0.73928 4974.05
 0.7394 4974.72
 0.73952 4975.4
 0.73964 4976.09
 0.73976 4976.78
 0.73988 4977.47
 0.74 4978.17
 0.74012 4978.87
 0.74024 4979.57
 0.74036 4980.28
 0.74048 4981
 0.7406 4981.72
 0.74072 4982.44
 0.74084 4983.17
 0.74096 4983.9
 0.74108 4984.63
 0.7412 4985.37
 0.74132 4986.12
 0.74144 4986.87
 0.74156 4987.62
 0.74168 4988.38
 0.7418 4989.14
 0.74192 4989.91
 0.74204 4990.69
 0.74216 4991.46
 0.74228 4992.25
 0.7424 4993.03
 0.74252 4993.82
 0.74264 4994.62
 0.74276 4995.42
 0.74288 4996.22
 0.743 4997.02
 0.74312 4997.83
 0.74324 4998.64
 0.74336 4999.45
 0.74348 5000.27
 0.7436 5001.08
 0.74372 5001.9
 0.74384 5002.72
 0.74396 5003.54
 0.74408 5004.36
 0.7442 5005.18
 0.74432 5006.01
 0.74444 5006.83
 0.74456 5007.65
 0.74468 5008.48
 0.7448 5009.31
 0.74492 5010.13
 0.74504 5010.96
 0.74516 5011.79
 0.74528 5012.62
 0.7454 5013.46
 0.74552 5014.29
 0.74564 5015.13
 0.74576 5015.97
 0.74588 5016.81
 0.746 5017.65
 0.74612 5018.49
 0.74624 5019.34
 0.74636 5020.19
 0.74648 5021.04
 0.7466 5021.89
 0.74672 5022.74
 0.74684 5023.6
 0.74696 5024.46
 0.74708 5025.32
 0.7472 5026.18
 0.74732 5027.04
 0.74744 5027.91
 0.74756 5028.78
 0.74768 5029.65
 0.7478 5030.53
 0.74792 5031.4
 0.74804 5032.29
 0.74816 5033.17
 0.74828 5034.06
 0.7484 5034.95
 0.74852 5035.85
 0.74864 5036.74
 0.74876 5037.65
 0.74888 5038.55
 0.749 5039.46
 0.74912 5040.38
 0.74924 5041.3
 0.74936 5042.22
 0.74948 5043.15
 0.7496 5044.08
 0.74972 5045.02
 0.74984 5045.96
 0.74996 5046.91
 0.75008 5047.86
 0.7502 5048.81
 0.75032 5049.77
 0.75044 5050.74
 0.75056 5051.71
 0.75068 5052.68
 0.7508 5053.66
 0.75092 5054.64
 0.75104 5055.63
 0.75116 5056.62
 0.75128 5057.61
 0.7514 5058.61
 0.75152 5059.62
 0.75164 5060.63
 0.75176 5061.64
 0.75188 5062.66
 0.752 5063.68
 0.75212 5064.71
 0.75224 5065.74
 0.75236 5066.78
 0.75248 5067.82
 0.7526 5068.87
 0.75272 5069.92
 0.75284 5070.97
 0.75296 5072.03
 0.75308 5073.09
 0.7532 5074.16
 0.75332 5075.23
 0.75344 5076.3
 0.75356 5077.38
 0.75368 5078.46
 0.7538 5079.55
 0.75392 5080.64
 0.75404 5081.73
 0.75416 5082.82
 0.75428 5083.92
 0.7544 5085.02
 0.75452 5086.13
 0.75464 5087.24
 0.75476 5088.35
 0.75488 5089.46
 0.755 5090.57
 0.75512 5091.69
 0.75524 5092.81
 0.75536 5093.94
 0.75548 5095.06
 0.7556 5096.19
 0.75572 5097.31
 0.75584 5098.44
 0.75596 5099.57
 0.75608 5100.7
 0.7562 5101.83
 0.75632 5102.96
 0.75644 5104.08
 0.75656 5105.21
 0.75668 5106.34
 0.7568 5107.47
 0.75692 5108.6
 0.75704 5109.72
 0.75716 5110.85
 0.75728 5111.97
 0.7574 5113.09
 0.75752 5114.21
 0.75764 5115.33
 0.75776 5116.44
 0.75788 5117.56
 0.758 5118.67
 0.75812 5119.78
 0.75824 5120.89
 0.75836 5121.99
 0.75848 5123.1
 0.7586 5124.2
 0.75872 5125.3
 0.75884 5126.4
 0.75896 5127.49
 0.75908 5128.59
 0.7592 5129.68
 0.75932 5130.77
 0.75944 5131.85
 0.75956 5132.93
 0.75968 5134.01
 0.7598 5135.08
 0.75992 5136.14
 0.76004 5137.21
 0.76016 5138.26
 0.76028 5139.31
 0.7604 5140.36
 0.76052 5141.39
 0.76064 5142.42
 0.76076 5143.45
 0.76088 5144.47
 0.761 5145.47
 0.76112 5146.48
 0.76124 5147.47
 0.76136 5148.45
 0.76148 5149.43
 0.7616 5150.39
 0.76172 5151.35
 0.76184 5152.3
 0.76196 5153.23
 0.76208 5154.16
 0.7622 5155.08
 0.76232 5155.99
 0.76244 5156.89
 0.76256 5157.77
 0.76268 5158.65
 0.7628 5159.52
 0.76292 5160.38
 0.76304 5161.23
 0.76316 5162.07
 0.76328 5162.89
 0.7634 5163.71
 0.76352 5164.52
 0.76364 5165.31
 0.76376 5166.09
 0.76388 5166.86
 0.764 5167.62
 0.76412 5168.37
 0.76424 5169.1
 0.76436 5169.82
 0.76448 5170.53
 0.7646 5171.23
 0.76472 5171.91
 0.76484 5172.58
 0.76496 5173.24
 0.76508 5173.88
 0.7652 5174.51
 0.76532 5175.12
 0.76544 5175.72
 0.76556 5176.31
 0.76568 5176.89
 0.7658 5177.44
 0.76592 5177.99
 0.76604 5178.52
 0.76616 5179.04
 0.76628 5179.54
 0.7664 5180.03
 0.76652 5180.5
 0.76664 5180.96
 0.76676 5181.41
 0.76688 5181.84
 0.767 5182.25
 0.76712 5182.65
 0.76724 5183.03
 0.76736 5183.4
 0.76748 5183.76
 0.7676 5184.1
 0.76772 5184.42
 0.76784 5184.73
 0.76796 5185.02
 0.76808 5185.3
 0.7682 5185.56
 0.76832 5185.81
 0.76844 5186.04
 0.76856 5186.26
 0.76868 5186.46
 0.7688 5186.64
 0.76892 5186.8
 0.76904 5186.95
 0.76916 5187.08
 0.76928 5187.2
 0.7694 5187.29
 0.76952 5187.37
 0.76964 5187.43
 0.76976 5187.48
 0.76988 5187.5
 0.77 5187.51
 0.77012 5187.5
 0.77024 5187.47
 0.77036 5187.42
 0.77048 5187.35
 0.7706 5187.27
 0.77072 5187.16
 0.77084 5187.03
 0.77096 5186.88
 0.77108 5186.71
 0.7712 5186.52
 0.77132 5186.3
 0.77144 5186.06
 0.77156 5185.8
 0.77168 5185.52
 0.7718 5185.21
 0.77192 5184.87
 0.77204 5184.52
 0.77216 5184.13
 0.77228 5183.72
 0.7724 5183.29
 0.77252 5182.83
 0.77264 5182.34
 0.77276 5181.82
 0.77288 5181.28
 0.773 5180.71
 0.77312 5180.11
 0.77324 5179.48
 0.77336 5178.83
 0.77348 5178.14
 0.7736 5177.43
 0.77372 5176.68
 0.77384 5175.91
 0.77396 5175.11
 0.77408 5174.28
 0.7742 5173.41
 0.77432 5172.52
 0.77444 5171.59
 0.77456 5170.63
 0.77468 5169.64
 0.7748 5168.61
 0.77492 5167.56
 0.77504 5166.46
 0.77516 5165.34
 0.77528 5164.18
 0.7754 5162.99
 0.77552 5161.76
 0.77564 5160.49
 0.77576 5159.2
 0.77588 5157.86
 0.776 5156.5
 0.77612 5155.09
 0.77624 5153.66
 0.77636 5152.18
 0.77648 5150.67
 0.7766 5149.13
 0.77672 5147.55
 0.77684 5145.93
 0.77696 5144.28
 0.77708 5142.59
 0.7772 5140.86
 0.77732 5139.1
 0.77744 5137.31
 0.77756 5135.47
 0.77768 5133.6
 0.7778 5131.69
 0.77792 5129.75
 0.77804 5127.77
 0.77816 5125.75
 0.77828 5123.69
 0.7784 5121.6
 0.77852 5119.47
 0.77864 5117.3
 0.77876 5115.1
 0.77888 5112.86
 0.779 5110.58
 0.77912 5108.26
 0.77924 5105.91
 0.77936 5103.52
 0.77948 5101.09
 0.7796 5098.63
 0.77972 5096.13
 0.77984 5093.59
 0.77996 5091.02
 0.78008 5088.41
 0.7802 5085.77
 0.78032 5083.09
 0.78044 5080.38
 0.78056 5077.63
 0.78068 5074.85
 0.7808 5072.03
 0.78092 5069.18
 0.78104 5066.29
 0.78116 5063.37
 0.78128 5060.42
 0.7814 5057.43
 0.78152 5054.41
 0.78164 5051.36
 0.78176 5048.27
 0.78188 5045.15
 0.782 5042
 0.78212 5038.82
 0.78224 5035.61
 0.78236 5032.36
 0.78248 5029.08
 0.7826 5025.78
 0.78272 5022.44
 0.78284 5019.07
 0.78296 5015.67
 0.78308 5012.24
 0.7832 5008.78
 0.78332 5005.29
 0.78344 5001.77
 0.78356 4998.23
 0.78368 4994.65
 0.7838 4991.05
 0.78392 4987.41
 0.78404 4983.75
 0.78416 4980.06
 0.78428 4976.35
 0.7844 4972.6
 0.78452 4968.83
 0.78464 4965.04
 0.78476 4961.21
 0.78488 4957.36
 0.785 4953.49
 0.78512 4949.58
 0.78524 4945.66
 0.78536 4941.7
 0.78548 4937.73
 0.7856 4933.73
 0.78572 4929.7
 0.78584 4925.65
 0.78596 4921.57
 0.78608 4917.47
 0.7862 4913.35
 0.78632 4909.2
 0.78644 4905.03
 0.78656 4900.84
 0.78668 4896.62
 0.7868 4892.38
 0.78692 4888.11
 0.78704 4883.82
 0.78716 4879.51
 0.78728 4875.18
 0.7874 4870.82
 0.78752 4866.44
 0.78764 4862.04
 0.78776 4857.61
 0.78788 4853.16
 0.788 4848.69
 0.78812 4844.2
 0.78824 4839.69
 0.78836 4835.15
 0.78848 4830.59
 0.7886 4826.01
 0.78872 4821.41
 0.78884 4816.78
 0.78896 4812.14
 0.78908 4807.47
 0.7892 4802.78
 0.78932 4798.07
 0.78944 4793.34
 0.78956 4788.59
 0.78968 4783.83
 0.7898 4779.04
 0.78992 4774.24
 0.79004 4769.41
 0.79016 4764.57
 0.79028 4759.71
 0.7904 4754.84
 0.79052 4749.95
 0.79064 4745.04
 0.79076 4740.12
 0.79088 4735.18
 0.791 4730.22
 0.79112 4725.25
 0.79124 4720.27
 0.79136 4715.27
 0.79148 4710.26
 0.7916 4705.24
 0.79172 4700.2
 0.79184 4695.15
 0.79196 4690.08
 0.79208 4685
 0.7922 4679.91
 0.79232 4674.81
 0.79244 4669.7
 0.79256 4664.57
 0.79268 4659.43
 0.7928 4654.28
 0.79292 4649.12
 0.79304 4643.95
 0.79316 4638.76
 0.79328 4633.57
 0.7934 4628.36
 0.79352 4623.14
 0.79364 4617.92
 0.79376 4612.68
 0.79388 4607.44
 0.794 4602.19
 0.79412 4596.93
 0.79424 4591.67
 0.79436 4586.4
 0.79448 4581.12
 0.7946 4575.84
 0.79472 4570.55
 0.79484 4565.26
 0.79496 4559.96
 0.79508 4554.66
 0.7952 4549.36
 0.79532 4544.05
 0.79544 4538.74
 0.79556 4533.43
 0.79568 4528.12
 0.7958 4522.8
 0.79592 4517.49
 0.79604 4512.17
 0.79616 4506.86
 0.79628 4501.55
 0.7964 4496.23
 0.79652 4490.92
 0.79664 4485.62
 0.79676 4480.31
 0.79688 4475.01
 0.797 4469.7
 0.79712 4464.41
 0.79724 4459.12
 0.79736 4453.83
 0.79748 4448.55
 0.7976 4443.27
 0.79772 4438
 0.79784 4432.73
 0.79796 4427.48
 0.79808 4422.23
 0.7982 4416.99
 0.79832 4411.76
 0.79844 4406.53
 0.79856 4401.32
 0.79868 4396.12
 0.7988 4390.93
 0.79892 4385.75
 0.79904 4380.59
 0.79916 4375.44
 0.79928 4370.3
 0.7994 4365.18
 0.79952 4360.07
 0.79964 4354.98
 0.79976 4349.91
 0.79988 4344.85
