 0.2 336.683
 0.20012 336.681
 0.20024 336.678
 0.20036 336.672
 0.20048 336.664
 0.2006 336.654
 0.20072 336.642
 0.20084 336.627
 0.20096 336.611
 0.20108 336.593
 0.2012 336.573
 0.20132 336.551
 0.20144 336.527
 0.20156 336.502
 0.20168 336.475
 0.2018 336.446
 0.20192 336.416
 0.20204 336.385
 0.20216 336.352
 0.20228 336.318
 0.2024 336.282
 0.20252 336.245
 0.20264 336.207
 0.20276 336.168
 0.20288 336.128
 0.203 336.086
 0.20312 336.044
 0.20324 336.001
 0.20336 335.957
 0.20348 335.912
 0.2036 335.867
 0.20372 335.821
 0.20384 335.774
 0.20396 335.727
 0.20408 335.679
 0.2042 335.631
 0.20432 335.582
 0.20444 335.534
 0.20456 335.484
 0.20468 335.435
 0.2048 335.385
 0.20492 335.336
 0.20504 335.286
 0.20516 335.236
 0.20528 335.187
 0.2054 335.137
 0.20552 335.088
 0.20564 335.039
 0.20576 334.99
 0.20588 334.942
 0.206 334.894
 0.20612 334.847
 0.20624 334.8
 0.20636 334.754
 0.20648 334.708
 0.2066 334.663
 0.20672 334.619
 0.20684 334.575
 0.20696 334.533
 0.20708 334.491
 0.2072 334.451
 0.20732 334.411
 0.20744 334.373
 0.20756 334.336
 0.20768 334.3
 0.2078 334.265
 0.20792 334.231
 0.20804 334.199
 0.20816 334.169
 0.20828 334.14
 0.2084 334.112
 0.20852 334.086
 0.20864 334.062
 0.20876 334.04
 0.20888 334.019
 0.209 334
 0.20912 333.983
 0.20924 333.968
 0.20936 333.955
 0.20948 333.944
 0.2096 333.936
 0.20972 333.929
 0.20984 333.925
 0.20996 333.923
 0.21008 333.923
 0.2102 333.926
 0.21032 333.931
 0.21044 333.938
 0.21056 333.948
 0.21068 333.959
 0.2108 333.973
 0.21092 333.989
 0.21104 334.006
 0.21116 334.026
 0.21128 334.047
 0.2114 334.07
 0.21152 334.095
 0.21164 334.121
 0.21176 334.149
 0.21188 334.179
 0.212 334.21
 0.21212 334.242
 0.21224 334.276
 0.21236 334.311
 0.21248 334.348
 0.2126 334.385
 0.21272 334.424
 0.21284 334.464
 0.21296 334.505
 0.21308 334.547
 0.2132 334.59
 0.21332 334.633
 0.21344 334.678
 0.21356 334.723
 0.21368 334.769
 0.2138 334.815
 0.21392 334.863
 0.21404 334.91
 0.21416 334.958
 0.21428 335.007
 0.2144 335.055
 0.21452 335.105
 0.21464 335.154
 0.21476 335.203
 0.21488 335.253
 0.215 335.303
 0.21512 335.352
 0.21524 335.402
 0.21536 335.451
 0.21548 335.501
 0.2156 335.55
 0.21572 335.599
 0.21584 335.647
 0.21596 335.695
 0.21608 335.743
 0.2162 335.79
 0.21632 335.836
 0.21644 335.882
 0.21656 335.927
 0.21668 335.972
 0.2168 336.016
 0.21692 336.058
 0.21704 336.1
 0.21716 336.141
 0.21728 336.181
 0.2174 336.22
 0.21752 336.257
 0.21764 336.294
 0.21776 336.329
 0.21788 336.363
 0.218 336.395
 0.21812 336.427
 0.21824 336.456
 0.21836 336.484
 0.21848 336.511
 0.2186 336.535
 0.21872 336.558
 0.21884 336.58
 0.21896 336.599
 0.21908 336.617
 0.2192 336.632
 0.21932 336.646
 0.21944 336.658
 0.21956 336.667
 0.21968 336.674
 0.2198 336.679
 0.21992 336.682
 0.22004 336.682
 0.22016 336.68
 0.22028 336.676
 0.2204 336.67
 0.22052 336.661
 0.22064 336.65
 0.22076 336.637
 0.22088 336.622
 0.221 336.605
 0.22112 336.586
 0.22124 336.566
 0.22136 336.543
 0.22148 336.519
 0.2216 336.493
 0.22172 336.466
 0.22184 336.437
 0.22196 336.406
 0.22208 336.374
 0.2222 336.341
 0.22232 336.306
 0.22244 336.27
 0.22256 336.233
 0.22268 336.194
 0.2228 336.155
 0.22292 336.114
 0.22304 336.072
 0.22316 336.03
 0.22328 335.987
 0.2234 335.942
 0.22352 335.897
 0.22364 335.852
 0.22376 335.805
 0.22388 335.759
 0.224 335.711
 0.22412 335.663
 0.22424 335.615
 0.22436 335.566
 0.22448 335.517
 0.2246 335.468
 0.22472 335.418
 0.22484 335.369
 0.22496 335.319
 0.22508 335.27
 0.2252 335.22
 0.22532 335.17
 0.22544 335.121
 0.22556 335.072
 0.22568 335.023
 0.2258 334.974
 0.22592 334.926
 0.22604 334.878
 0.22616 334.831
 0.22628 334.784
 0.2264 334.738
 0.22652 334.693
 0.22664 334.648
 0.22676 334.604
 0.22688 334.561
 0.227 334.519
 0.22712 334.478
 0.22724 334.437
 0.22736 334.398
 0.22748 334.36
 0.2276 334.323
 0.22772 334.288
 0.22784 334.253
 0.22796 334.22
 0.22808 334.189
 0.2282 334.159
 0.22832 334.13
 0.22844 334.103
 0.22856 334.078
 0.22868 334.054
 0.2288 334.032
 0.22892 334.012
 0.22904 333.994
 0.22916 333.978
 0.22928 333.964
 0.2294 333.951
 0.22952 333.941
 0.22964 333.933
 0.22976 333.928
 0.22988 333.924
 0.23 333.923
 0.23012 333.924
 0.23024 333.928
 0.23036 333.933
 0.23048 333.941
 0.2306 333.951
 0.23072 333.964
 0.23084 333.978
 0.23096 333.994
 0.23108 334.012
 0.2312 334.032
 0.23132 334.054
 0.23144 334.078
 0.23156 334.103
 0.23168 334.13
 0.2318 334.159
 0.23192 334.189
 0.23204 334.22
 0.23216 334.253
 0.23228 334.288
 0.2324 334.323
 0.23252 334.36
 0.23264 334.398
 0.23276 334.437
 0.23288 334.478
 0.233 334.519
 0.23312 334.561
 0.23324 334.604
 0.23336 334.648
 0.23348 334.693
 0.2336 334.738
 0.23372 334.784
 0.23384 334.831
 0.23396 334.878
 0.23408 334.926
 0.2342 334.974
 0.23432 335.023
 0.23444 335.072
 0.23456 335.121
 0.23468 335.17
 0.2348 335.22
 0.23492 335.27
 0.23504 335.319
 0.23516 335.369
 0.23528 335.418
 0.2354 335.468
 0.23552 335.517
 0.23564 335.566
 0.23576 335.615
 0.23588 335.663
 0.236 335.711
 0.23612 335.759
 0.23624 335.805
 0.23636 335.852
 0.23648 335.897
 0.2366 335.942
 0.23672 335.987
 0.23684 336.03
 0.23696 336.072
 0.23708 336.114
 0.2372 336.155
 0.23732 336.194
 0.23744 336.233
 0.23756 336.27
 0.23768 336.306
 0.2378 336.341
 0.23792 336.374
 0.23804 336.406
 0.23816 336.437
 0.23828 336.466
 0.2384 336.493
 0.23852 336.519
 0.23864 336.543
 0.23876 336.566
 0.23888 336.586
 0.239 336.605
 0.23912 336.622
 0.23924 336.637
 0.23936 336.65
 0.23948 336.661
 0.2396 336.67
 0.23972 336.676
 0.23984 336.68
 0.23996 336.682
 0.24008 336.682
 0.2402 336.679
 0.24032 336.674
 0.24044 336.667
 0.24056 336.658
 0.24068 336.646
 0.2408 336.632
 0.24092 336.617
 0.24104 336.599
 0.24116 336.58
 0.24128 336.558
 0.2414 336.535
 0.24152 336.511
 0.24164 336.484
 0.24176 336.456
 0.24188 336.427
 0.242 336.395
 0.24212 336.363
 0.24224 336.329
 0.24236 336.294
 0.24248 336.257
 0.2426 336.22
 0.24272 336.181
 0.24284 336.141
 0.24296 336.1
 0.24308 336.058
 0.2432 336.016
 0.24332 335.972
 0.24344 335.927
 0.24356 335.882
 0.24368 335.836
 0.2438 335.79
 0.24392 335.743
 0.24404 335.695
 0.24416 335.647
 0.24428 335.599
 0.2444 335.55
 0.24452 335.501
 0.24464 335.451
 0.24476 335.402
 0.24488 335.352
 0.245 335.303
 0.24512 335.253
 0.24524 335.203
 0.24536 335.154
 0.24548 335.105
 0.2456 335.055
 0.24572 335.007
 0.24584 334.958
 0.24596 334.91
 0.24608 334.863
 0.2462 334.815
 0.24632 334.769
 0.24644 334.723
 0.24656 334.678
 0.24668 334.633
 0.2468 334.59
 0.24692 334.547
 0.24704 334.505
 0.24716 334.464
 0.24728 334.424
 0.2474 334.385
 0.24752 334.348
 0.24764 334.311
 0.24776 334.276
 0.24788 334.242
 0.248 334.21
 0.24812 334.179
 0.24824 334.149
 0.24836 334.121
 0.24848 334.095
 0.2486 334.07
 0.24872 334.047
 0.24884 334.026
 0.24896 334.006
 0.24908 333.989
 0.2492 333.973
 0.24932 333.959
 0.24944 333.948
 0.24956 333.938
 0.24968 333.931
 0.2498 333.926
 0.24992 333.923
 0.25004 333.923
 0.25016 333.925
 0.25028 333.929
 0.2504 333.936
 0.25052 333.944
 0.25064 333.955
 0.25076 333.968
 0.25088 333.983
 0.251 334
 0.25112 334.019
 0.25124 334.04
 0.25136 334.062
 0.25148 334.086
 0.2516 334.112
 0.25172 334.14
 0.25184 334.169
 0.25196 334.199
 0.25208 334.231
 0.2522 334.265
 0.25232 334.3
 0.25244 334.336
 0.25256 334.373
 0.25268 334.411
 0.2528 334.451
 0.25292 334.491
 0.25304 334.533
 0.25316 334.575
 0.25328 334.619
 0.2534 334.663
 0.25352 334.708
 0.25364 334.754
 0.25376 334.8
 0.25388 334.847
 0.254 334.894
 0.25412 334.942
 0.25424 334.99
 0.25436 335.039
 0.25448 335.088
 0.2546 335.137
 0.25472 335.187
 0.25484 335.236
 0.25496 335.286
 0.25508 335.336
 0.2552 335.385
 0.25532 335.435
 0.25544 335.484
 0.25556 335.534
 0.25568 335.582
 0.2558 335.631
 0.25592 335.679
 0.25604 335.727
 0.25616 335.774
 0.25628 335.821
 0.2564 335.867
 0.25652 335.912
 0.25664 335.957
 0.25676 336.001
 0.25688 336.044
 0.257 336.086
 0.25712 336.128
 0.25724 336.168
 0.25736 336.207
 0.25748 336.245
 0.2576 336.282
 0.25772 336.318
 0.25784 336.352
 0.25796 336.385
 0.25808 336.416
 0.2582 336.446
 0.25832 336.475
 0.25844 336.502
 0.25856 336.527
 0.25868 336.551
 0.2588 336.573
 0.25892 336.593
 0.25904 336.611
 0.25916 336.627
 0.25928 336.642
 0.2594 336.654
 0.25952 336.664
 0.25964 336.672
 0.25976 336.678
 0.25988 336.681
 0.26 336.683
 0.26012 336.681
 0.26024 336.678
 0.26036 336.672
 0.26048 336.664
 0.2606 336.654
 0.26072 336.642
 0.26084 336.627
 0.26096 336.611
 0.26108 336.593
 0.2612 336.573
 0.26132 336.551
 0.26144 336.527
 0.26156 336.502
 0.26168 336.475
 0.2618 336.446
 0.26192 336.416
 0.26204 336.385
 0.26216 336.352
 0.26228 336.318
 0.2624 336.282
 0.26252 336.245
 0.26264 336.207
 0.26276 336.168
 0.26288 336.128
 0.263 336.086
 0.26312 336.044
 0.26324 336.001
 0.26336 335.957
 0.26348 335.912
 0.2636 335.867
 0.26372 335.821
 0.26384 335.774
 0.26396 335.727
 0.26408 335.679
 0.2642 335.631
 0.26432 335.582
 0.26444 335.534
 0.26456 335.484
 0.26468 335.435
 0.2648 335.385
 0.26492 335.336
 0.26504 335.286
 0.26516 335.236
 0.26528 335.187
 0.2654 335.137
 0.26552 335.088
 0.26564 335.039
 0.26576 334.99
 0.26588 334.942
 0.266 334.894
 0.26612 334.847
 0.26624 334.8
 0.26636 334.754
 0.26648 334.708
 0.2666 334.663
 0.26672 334.619
 0.26684 334.575
 0.26696 334.533
 0.26708 334.491
 0.2672 334.451
 0.26732 334.411
 0.26744 334.373
 0.26756 334.336
 0.26768 334.3
 0.2678 334.265
 0.26792 334.231
 0.26804 334.199
 0.26816 334.169
 0.26828 334.14
 0.2684 334.112
 0.26852 334.086
 0.26864 334.062
 0.26876 334.04
 0.26888 334.019
 0.269 334
 0.26912 333.983
 0.26924 333.968
 0.26936 333.955
 0.26948 333.944
 0.2696 333.936
 0.26972 333.929
 0.26984 333.925
 0.26996 333.923
 0.27008 333.923
 0.2702 333.926
 0.27032 333.931
 0.27044 333.938
 0.27056 333.948
 0.27068 333.959
 0.2708 333.973
 0.27092 333.989
 0.27104 334.006
 0.27116 334.026
 0.27128 334.047
 0.2714 334.07
 0.27152 334.095
 0.27164 334.121
 0.27176 334.149
 0.27188 334.179
 0.272 334.21
 0.27212 334.242
 0.27224 334.276
 0.27236 334.311
 0.27248 334.348
 0.2726 334.385
 0.27272 334.424
 0.27284 334.464
 0.27296 334.505
 0.27308 334.547
 0.2732 334.59
 0.27332 334.633
 0.27344 334.678
 0.27356 334.723
 0.27368 334.769
 0.2738 334.815
 0.27392 334.863
 0.27404 334.91
 0.27416 334.958
 0.27428 335.007
 0.2744 335.055
 0.27452 335.105
 0.27464 335.154
 0.27476 335.203
 0.27488 335.253
 0.275 335.303
 0.27512 335.352
 0.27524 335.402
 0.27536 335.451
 0.27548 335.501
 0.2756 335.55
 0.27572 335.599
 0.27584 335.647
 0.27596 335.695
 0.27608 335.743
 0.2762 335.79
 0.27632 335.836
 0.27644 335.882
 0.27656 335.927
 0.27668 335.972
 0.2768 336.016
 0.27692 336.058
 0.27704 336.1
 0.27716 336.141
 0.27728 336.181
 0.2774 336.22
 0.27752 336.257
 0.27764 336.294
 0.27776 336.329
 0.27788 336.363
 0.278 336.395
 0.27812 336.427
 0.27824 336.456
 0.27836 336.484
 0.27848 336.511
 0.2786 336.535
 0.27872 336.558
 0.27884 336.58
 0.27896 336.599
 0.27908 336.617
 0.2792 336.632
 0.27932 336.646
 0.27944 336.658
 0.27956 336.667
 0.27968 336.674
 0.2798 336.679
 0.27992 336.682
 0.28004 336.682
 0.28016 336.68
 0.28028 336.676
 0.2804 336.67
 0.28052 336.661
 0.28064 336.65
 0.28076 336.637
 0.28088 336.622
 0.281 336.605
 0.28112 336.586
 0.28124 336.566
 0.28136 336.543
 0.28148 336.519
 0.2816 336.493
 0.28172 336.466
 0.28184 336.437
 0.28196 336.406
 0.28208 336.374
 0.2822 336.341
 0.28232 336.306
 0.28244 336.27
 0.28256 336.233
 0.28268 336.194
 0.2828 336.155
 0.28292 336.114
 0.28304 336.072
 0.28316 336.03
 0.28328 335.987
 0.2834 335.942
 0.28352 335.897
 0.28364 335.852
 0.28376 335.805
 0.28388 335.759
 0.284 335.711
 0.28412 335.663
 0.28424 335.615
 0.28436 335.566
 0.28448 335.517
 0.2846 335.468
 0.28472 335.418
 0.28484 335.369
 0.28496 335.319
 0.28508 335.27
 0.2852 335.22
 0.28532 335.17
 0.28544 335.121
 0.28556 335.072
 0.28568 335.023
 0.2858 334.974
 0.28592 334.926
 0.28604 334.878
 0.28616 334.831
 0.28628 334.784
 0.2864 334.738
 0.28652 334.693
 0.28664 334.648
 0.28676 334.604
 0.28688 334.561
 0.287 334.519
 0.28712 334.478
 0.28724 334.437
 0.28736 334.398
 0.28748 334.36
 0.2876 334.323
 0.28772 334.288
 0.28784 334.253
 0.28796 334.22
 0.28808 334.189
 0.2882 334.159
 0.28832 334.13
 0.28844 334.103
 0.28856 334.078
 0.28868 334.054
 0.2888 334.032
 0.28892 334.012
 0.28904 333.994
 0.28916 333.978
 0.28928 333.964
 0.2894 333.951
 0.28952 333.941
 0.28964 333.933
 0.28976 333.928
 0.28988 333.924
 0.29 333.923
 0.29012 333.924
 0.29024 333.928
 0.29036 333.933
 0.29048 333.941
 0.2906 333.951
 0.29072 333.964
 0.29084 333.978
 0.29096 333.994
 0.29108 334.012
 0.2912 334.032
 0.29132 334.054
 0.29144 334.078
 0.29156 334.103
 0.29168 334.13
 0.2918 334.159
 0.29192 334.189
 0.29204 334.22
 0.29216 334.253
 0.29228 334.288
 0.2924 334.323
 0.29252 334.36
 0.29264 334.398
 0.29276 334.437
 0.29288 334.478
 0.293 334.519
 0.29312 334.561
 0.29324 334.604
 0.29336 334.648
 0.29348 334.693
 0.2936 334.738
 0.29372 334.784
 0.29384 334.831
 0.29396 334.878
 0.29408 334.926
 0.2942 334.974
 0.29432 335.023
 0.29444 335.072
 0.29456 335.121
 0.29468 335.17
 0.2948 335.22
 0.29492 335.27
 0.29504 335.319
 0.29516 335.369
 0.29528 335.418
 0.2954 335.468
 0.29552 335.517
 0.29564 335.566
 0.29576 335.615
 0.29588 335.663
 0.296 335.711
 0.29612 335.759
 0.29624 335.805
 0.29636 335.852
 0.29648 335.897
 0.2966 335.942
 0.29672 335.987
 0.29684 336.03
 0.29696 336.072
 0.29708 336.114
 0.2972 336.155
 0.29732 336.194
 0.29744 336.233
 0.29756 336.27
 0.29768 336.306
 0.2978 336.341
 0.29792 336.374
 0.29804 336.406
 0.29816 336.437
 0.29828 336.466
 0.2984 336.493
 0.29852 336.519
 0.29864 336.543
 0.29876 336.566
 0.29888 336.586
 0.299 336.605
 0.29912 336.622
 0.29924 336.637
 0.29936 336.65
 0.29948 336.661
 0.2996 336.67
 0.29972 336.676
 0.29984 336.68
 0.29996 336.682
 0.30008 336.682
 0.3002 336.679
 0.30032 336.674
 0.30044 336.667
 0.30056 336.658
 0.30068 336.646
 0.3008 336.632
 0.30092 336.617
 0.30104 336.599
 0.30116 336.58
 0.30128 336.558
 0.3014 336.535
 0.30152 336.511
 0.30164 336.484
 0.30176 336.456
 0.30188 336.427
 0.302 336.395
 0.30212 336.363
 0.30224 336.329
 0.30236 336.294
 0.30248 336.257
 0.3026 336.22
 0.30272 336.181
 0.30284 336.141
 0.30296 336.1
 0.30308 336.058
 0.3032 336.016
 0.30332 335.972
 0.30344 335.927
 0.30356 335.882
 0.30368 335.836
 0.3038 335.79
 0.30392 335.743
 0.30404 335.695
 0.30416 335.647
 0.30428 335.599
 0.3044 335.55
 0.30452 335.501
 0.30464 335.451
 0.30476 335.402
 0.30488 335.352
 0.305 335.303
 0.30512 335.253
 0.30524 335.203
 0.30536 335.154
 0.30548 335.105
 0.3056 335.055
 0.30572 335.007
 0.30584 334.958
 0.30596 334.91
 0.30608 334.863
 0.3062 334.815
 0.30632 334.769
 0.30644 334.723
 0.30656 334.678
 0.30668 334.633
 0.3068 334.59
 0.30692 334.547
 0.30704 334.505
 0.30716 334.464
 0.30728 334.424
 0.3074 334.385
 0.30752 334.348
 0.30764 334.311
 0.30776 334.276
 0.30788 334.242
 0.308 334.21
 0.30812 334.179
 0.30824 334.149
 0.30836 334.121
 0.30848 334.095
 0.3086 334.07
 0.30872 334.047
 0.30884 334.026
 0.30896 334.006
 0.30908 333.989
 0.3092 333.973
 0.30932 333.959
 0.30944 333.948
 0.30956 333.938
 0.30968 333.931
 0.3098 333.926
 0.30992 333.923
 0.31004 333.923
 0.31016 333.925
 0.31028 333.929
 0.3104 333.936
 0.31052 333.944
 0.31064 333.955
 0.31076 333.968
 0.31088 333.983
 0.311 334
 0.31112 334.019
 0.31124 334.04
 0.31136 334.062
 0.31148 334.086
 0.3116 334.112
 0.31172 334.14
 0.31184 334.169
 0.31196 334.199
 0.31208 334.231
 0.3122 334.265
 0.31232 334.3
 0.31244 334.336
 0.31256 334.373
 0.31268 334.411
 0.3128 334.451
 0.31292 334.491
 0.31304 334.533
 0.31316 334.575
 0.31328 334.619
 0.3134 334.663
 0.31352 334.708
 0.31364 334.754
 0.31376 334.8
 0.31388 334.847
 0.314 334.894
 0.31412 334.942
 0.31424 334.99
 0.31436 335.039
 0.31448 335.088
 0.3146 335.137
 0.31472 335.187
 0.31484 335.236
 0.31496 335.286
 0.31508 335.336
 0.3152 335.385
 0.31532 335.435
 0.31544 335.484
 0.31556 335.534
 0.31568 335.582
 0.3158 335.631
 0.31592 335.679
 0.31604 335.727
 0.31616 335.774
 0.31628 335.821
 0.3164 335.867
 0.31652 335.912
 0.31664 335.957
 0.31676 336.001
 0.31688 336.044
 0.317 336.086
 0.31712 336.128
 0.31724 336.168
 0.31736 336.207
 0.31748 336.245
 0.3176 336.282
 0.31772 336.318
 0.31784 336.352
 0.31796 336.385
 0.31808 336.416
 0.3182 336.446
 0.31832 336.475
 0.31844 336.502
 0.31856 336.527
 0.31868 336.551
 0.3188 336.573
 0.31892 336.593
 0.31904 336.611
 0.31916 336.627
 0.31928 336.642
 0.3194 336.654
 0.31952 336.664
 0.31964 336.672
 0.31976 336.678
 0.31988 336.681
 0.32 336.683
 0.32012 336.681
 0.32024 336.678
 0.32036 336.672
 0.32048 336.664
 0.3206 336.654
 0.32072 336.642
 0.32084 336.627
 0.32096 336.611
 0.32108 336.593
 0.3212 336.573
 0.32132 336.551
 0.32144 336.527
 0.32156 336.502
 0.32168 336.475
 0.3218 336.446
 0.32192 336.416
 0.32204 336.385
 0.32216 336.352
 0.32228 336.318
 0.3224 336.282
 0.32252 336.245
 0.32264 336.207
 0.32276 336.168
 0.32288 336.128
 0.323 336.086
 0.32312 336.044
 0.32324 336.001
 0.32336 335.957
 0.32348 335.912
 0.3236 335.867
 0.32372 335.821
 0.32384 335.774
 0.32396 335.727
 0.32408 335.679
 0.3242 335.631
 0.32432 335.582
 0.32444 335.534
 0.32456 335.484
 0.32468 335.435
 0.3248 335.385
 0.32492 335.336
 0.32504 335.286
 0.32516 335.236
 0.32528 335.187
 0.3254 335.137
 0.32552 335.088
 0.32564 335.039
 0.32576 334.99
 0.32588 334.942
 0.326 334.894
 0.32612 334.847
 0.32624 334.8
 0.32636 334.754
 0.32648 334.708
 0.3266 334.663
 0.32672 334.619
 0.32684 334.575
 0.32696 334.533
 0.32708 334.491
 0.3272 334.451
 0.32732 334.411
 0.32744 334.373
 0.32756 334.336
 0.32768 334.3
 0.3278 334.265
 0.32792 334.231
 0.32804 334.199
 0.32816 334.169
 0.32828 334.14
 0.3284 334.112
 0.32852 334.086
 0.32864 334.062
 0.32876 334.04
 0.32888 334.019
 0.329 334
 0.32912 333.983
 0.32924 333.968
 0.32936 333.955
 0.32948 333.944
 0.3296 333.936
 0.32972 333.929
 0.32984 333.925
 0.32996 333.923
 0.33008 333.923
 0.3302 333.926
 0.33032 333.931
 0.33044 333.938
 0.33056 333.948
 0.33068 333.959
 0.3308 333.973
 0.33092 333.989
 0.33104 334.006
 0.33116 334.026
 0.33128 334.047
 0.3314 334.07
 0.33152 334.095
 0.33164 334.121
 0.33176 334.149
 0.33188 334.179
 0.332 334.21
 0.33212 334.242
 0.33224 334.276
 0.33236 334.311
 0.33248 334.348
 0.3326 334.385
 0.33272 334.424
 0.33284 334.464
 0.33296 334.505
 0.33308 334.547
 0.3332 334.59
 0.33332 334.633
 0.33344 334.678
 0.33356 334.723
 0.33368 334.769
 0.3338 334.815
 0.33392 334.863
 0.33404 334.91
 0.33416 334.958
 0.33428 335.007
 0.3344 335.055
 0.33452 335.105
 0.33464 335.154
 0.33476 335.203
 0.33488 335.253
 0.335 335.303
 0.33512 335.352
 0.33524 335.402
 0.33536 335.451
 0.33548 335.501
 0.3356 335.55
 0.33572 335.599
 0.33584 335.647
 0.33596 335.695
 0.33608 335.743
 0.3362 335.79
 0.33632 335.836
 0.33644 335.882
 0.33656 335.927
 0.33668 335.972
 0.3368 336.016
 0.33692 336.058
 0.33704 336.1
 0.33716 336.141
 0.33728 336.181
 0.3374 336.22
 0.33752 336.257
 0.33764 336.294
 0.33776 336.329
 0.33788 336.363
 0.338 336.395
 0.33812 336.427
 0.33824 336.456
 0.33836 336.484
 0.33848 336.511
 0.3386 336.535
 0.33872 336.558
 0.33884 336.58
 0.33896 336.599
 0.33908 336.617
 0.3392 336.632
 0.33932 336.646
 0.33944 336.658
 0.33956 336.667
 0.33968 336.674
 0.3398 336.679
 0.33992 336.682
 0.34004 336.682
 0.34016 336.68
 0.34028 336.676
 0.3404 336.67
 0.34052 336.661
 0.34064 336.65
 0.34076 336.637
 0.34088 336.622
 0.341 336.605
 0.34112 336.586
 0.34124 336.566
 0.34136 336.543
 0.34148 336.519
 0.3416 336.493
 0.34172 336.466
 0.34184 336.437
 0.34196 336.406
 0.34208 336.374
 0.3422 336.341
 0.34232 336.306
 0.34244 336.27
 0.34256 336.233
 0.34268 336.194
 0.3428 336.155
 0.34292 336.114
 0.34304 336.072
 0.34316 336.03
 0.34328 335.987
 0.3434 335.942
 0.34352 335.897
 0.34364 335.852
 0.34376 335.805
 0.34388 335.759
 0.344 335.711
 0.34412 335.663
 0.34424 335.615
 0.34436 335.566
 0.34448 335.517
 0.3446 335.468
 0.34472 335.418
 0.34484 335.369
 0.34496 335.319
 0.34508 335.27
 0.3452 335.22
 0.34532 335.17
 0.34544 335.121
 0.34556 335.072
 0.34568 335.023
 0.3458 334.974
 0.34592 334.926
 0.34604 334.878
 0.34616 334.831
 0.34628 334.784
 0.3464 334.738
 0.34652 334.693
 0.34664 334.648
 0.34676 334.604
 0.34688 334.561
 0.347 334.519
 0.34712 334.478
 0.34724 334.437
 0.34736 334.398
 0.34748 334.36
 0.3476 334.323
 0.34772 334.288
 0.34784 334.253
 0.34796 334.22
 0.34808 334.189
 0.3482 334.159
 0.34832 334.13
 0.34844 334.103
 0.34856 334.078
 0.34868 334.054
 0.3488 334.032
 0.34892 334.012
 0.34904 333.994
 0.34916 333.978
 0.34928 333.964
 0.3494 333.951
 0.34952 333.941
 0.34964 333.933
 0.34976 333.928
 0.34988 333.924
 0.35 333.923
 0.35012 333.924
 0.35024 333.928
 0.35036 333.933
 0.35048 333.941
 0.3506 333.951
 0.35072 333.964
 0.35084 333.978
 0.35096 333.994
 0.35108 334.012
 0.3512 334.032
 0.35132 334.054
 0.35144 334.078
 0.35156 334.103
 0.35168 334.13
 0.3518 334.159
 0.35192 334.189
 0.35204 334.22
 0.35216 334.253
 0.35228 334.288
 0.3524 334.323
 0.35252 334.36
 0.35264 334.398
 0.35276 334.437
 0.35288 334.478
 0.353 334.519
 0.35312 334.561
 0.35324 334.604
 0.35336 334.648
 0.35348 334.693
 0.3536 334.738
 0.35372 334.784
 0.35384 334.831
 0.35396 334.878
 0.35408 334.926
 0.3542 334.974
 0.35432 335.023
 0.35444 335.072
 0.35456 335.121
 0.35468 335.17
 0.3548 335.22
 0.35492 335.27
 0.35504 335.319
 0.35516 335.369
 0.35528 335.418
 0.3554 335.468
 0.35552 335.517
 0.35564 335.566
 0.35576 335.615
 0.35588 335.663
 0.356 335.711
 0.35612 335.759
 0.35624 335.805
 0.35636 335.852
 0.35648 335.897
 0.3566 335.942
 0.35672 335.987
 0.35684 336.03
 0.35696 336.072
 0.35708 336.114
 0.3572 336.155
 0.35732 336.194
 0.35744 336.233
 0.35756 336.27
 0.35768 336.306
 0.3578 336.341
 0.35792 336.374
 0.35804 336.406
 0.35816 336.437
 0.35828 336.466
 0.3584 336.493
 0.35852 336.519
 0.35864 336.543
 0.35876 336.566
 0.35888 336.586
 0.359 336.605
 0.35912 336.622
 0.35924 336.637
 0.35936 336.65
 0.35948 336.661
 0.3596 336.67
 0.35972 336.676
 0.35984 336.68
 0.35996 336.682
 0.36008 336.682
 0.3602 336.679
 0.36032 336.674
 0.36044 336.667
 0.36056 336.658
 0.36068 336.646
 0.3608 336.632
 0.36092 336.617
 0.36104 336.599
 0.36116 336.58
 0.36128 336.558
 0.3614 336.535
 0.36152 336.511
 0.36164 336.484
 0.36176 336.456
 0.36188 336.427
 0.362 336.395
 0.36212 336.363
 0.36224 336.329
 0.36236 336.294
 0.36248 336.257
 0.3626 336.22
 0.36272 336.181
 0.36284 336.141
 0.36296 336.1
 0.36308 336.058
 0.3632 336.016
 0.36332 335.972
 0.36344 335.927
 0.36356 335.882
 0.36368 335.836
 0.3638 335.79
 0.36392 335.743
 0.36404 335.695
 0.36416 335.647
 0.36428 335.599
 0.3644 335.55
 0.36452 335.501
 0.36464 335.451
 0.36476 335.402
 0.36488 335.352
 0.365 335.303
 0.36512 335.253
 0.36524 335.203
 0.36536 335.154
 0.36548 335.105
 0.3656 335.055
 0.36572 335.007
 0.36584 334.958
 0.36596 334.91
 0.36608 334.863
 0.3662 334.815
 0.36632 334.769
 0.36644 334.723
 0.36656 334.678
 0.36668 334.633
 0.3668 334.59
 0.36692 334.547
 0.36704 334.505
 0.36716 334.464
 0.36728 334.424
 0.3674 334.385
 0.36752 334.348
 0.36764 334.311
 0.36776 334.276
 0.36788 334.242
 0.368 334.21
 0.36812 334.179
 0.36824 334.149
 0.36836 334.121
 0.36848 334.095
 0.3686 334.07
 0.36872 334.047
 0.36884 334.026
 0.36896 334.006
 0.36908 333.989
 0.3692 333.973
 0.36932 333.959
 0.36944 333.948
 0.36956 333.938
 0.36968 333.931
 0.3698 333.926
 0.36992 333.923
 0.37004 333.923
 0.37016 333.925
 0.37028 333.929
 0.3704 333.936
 0.37052 333.944
 0.37064 333.955
 0.37076 333.968
 0.37088 333.983
 0.371 334
 0.37112 334.019
 0.37124 334.04
 0.37136 334.062
 0.37148 334.086
 0.3716 334.112
 0.37172 334.14
 0.37184 334.169
 0.37196 334.199
 0.37208 334.231
 0.3722 334.265
 0.37232 334.3
 0.37244 334.336
 0.37256 334.373
 0.37268 334.411
 0.3728 334.451
 0.37292 334.491
 0.37304 334.533
 0.37316 334.575
 0.37328 334.619
 0.3734 334.663
 0.37352 334.708
 0.37364 334.754
 0.37376 334.8
 0.37388 334.847
 0.374 334.894
 0.37412 334.942
 0.37424 334.99
 0.37436 335.039
 0.37448 335.088
 0.3746 335.137
 0.37472 335.187
 0.37484 335.236
 0.37496 335.286
 0.37508 335.336
 0.3752 335.385
 0.37532 335.435
 0.37544 335.484
 0.37556 335.534
 0.37568 335.582
 0.3758 335.631
 0.37592 335.679
 0.37604 335.727
 0.37616 335.774
 0.37628 335.821
 0.3764 335.867
 0.37652 335.912
 0.37664 335.957
 0.37676 336.001
 0.37688 336.044
 0.377 336.086
 0.37712 336.128
 0.37724 336.168
 0.37736 336.207
 0.37748 336.245
 0.3776 336.282
 0.37772 336.318
 0.37784 336.352
 0.37796 336.385
 0.37808 336.416
 0.3782 336.446
 0.37832 336.475
 0.37844 336.502
 0.37856 336.527
 0.37868 336.551
 0.3788 336.573
 0.37892 336.593
 0.37904 336.611
 0.37916 336.627
 0.37928 336.642
 0.3794 336.654
 0.37952 336.664
 0.37964 336.672
 0.37976 336.678
 0.37988 336.681
 0.38 336.683
 0.38012 336.681
 0.38024 336.678
 0.38036 336.672
 0.38048 336.664
 0.3806 336.654
 0.38072 336.642
 0.38084 336.627
 0.38096 336.611
 0.38108 336.593
 0.3812 336.573
 0.38132 336.551
 0.38144 336.527
 0.38156 336.502
 0.38168 336.475
 0.3818 336.446
 0.38192 336.416
 0.38204 336.385
 0.38216 336.352
 0.38228 336.318
 0.3824 336.282
 0.38252 336.245
 0.38264 336.207
 0.38276 336.168
 0.38288 336.128
 0.383 336.086
 0.38312 336.044
 0.38324 336.001
 0.38336 335.957
 0.38348 335.912
 0.3836 335.867
 0.38372 335.821
 0.38384 335.774
 0.38396 335.727
 0.38408 335.679
 0.3842 335.631
 0.38432 335.582
 0.38444 335.534
 0.38456 335.484
 0.38468 335.435
 0.3848 335.385
 0.38492 335.336
 0.38504 335.286
 0.38516 335.236
 0.38528 335.187
 0.3854 335.137
 0.38552 335.088
 0.38564 335.039
 0.38576 334.99
 0.38588 334.942
 0.386 334.894
 0.38612 334.847
 0.38624 334.8
 0.38636 334.754
 0.38648 334.708
 0.3866 334.663
 0.38672 334.619
 0.38684 334.575
 0.38696 334.533
 0.38708 334.491
 0.3872 334.451
 0.38732 334.411
 0.38744 334.373
 0.38756 334.336
 0.38768 334.3
 0.3878 334.265
 0.38792 334.231
 0.38804 334.199
 0.38816 334.169
 0.38828 334.14
 0.3884 334.112
 0.38852 334.086
 0.38864 334.062
 0.38876 334.04
 0.38888 334.019
 0.389 334
 0.38912 333.983
 0.38924 333.968
 0.38936 333.955
 0.38948 333.944
 0.3896 333.936
 0.38972 333.929
 0.38984 333.925
 0.38996 333.923
 0.39008 333.923
 0.3902 333.926
 0.39032 333.931
 0.39044 333.938
 0.39056 333.948
 0.39068 333.959
 0.3908 333.973
 0.39092 333.989
 0.39104 334.006
 0.39116 334.026
 0.39128 334.047
 0.3914 334.07
 0.39152 334.095
 0.39164 334.121
 0.39176 334.149
 0.39188 334.179
 0.392 334.21
 0.39212 334.242
 0.39224 334.276
 0.39236 334.311
 0.39248 334.348
 0.3926 334.385
 0.39272 334.424
 0.39284 334.464
 0.39296 334.505
 0.39308 334.547
 0.3932 334.59
 0.39332 334.633
 0.39344 334.678
 0.39356 334.723
 0.39368 334.769
 0.3938 334.815
 0.39392 334.863
 0.39404 334.91
 0.39416 334.958
 0.39428 335.007
 0.3944 335.055
 0.39452 335.105
 0.39464 335.154
 0.39476 335.203
 0.39488 335.253
 0.395 335.303
 0.39512 335.352
 0.39524 335.402
 0.39536 335.451
 0.39548 335.501
 0.3956 335.55
 0.39572 335.599
 0.39584 335.647
 0.39596 335.695
 0.39608 335.743
 0.3962 335.79
 0.39632 335.836
 0.39644 335.882
 0.39656 335.927
 0.39668 335.972
 0.3968 336.016
 0.39692 336.058
 0.39704 336.1
 0.39716 336.141
 0.39728 336.181
 0.3974 336.22
 0.39752 336.257
 0.39764 336.294
 0.39776 336.329
 0.39788 336.363
 0.398 336.395
 0.39812 336.427
 0.39824 336.456
 0.39836 336.484
 0.39848 336.511
 0.3986 336.535
 0.39872 336.558
 0.39884 336.58
 0.39896 336.599
 0.39908 336.617
 0.3992 336.632
 0.39932 336.646
 0.39944 336.658
 0.39956 336.667
 0.39968 336.674
 0.3998 336.679
 0.39992 336.682
 0.40004 336.682
 0.40016 336.68
 0.40028 336.676
 0.4004 336.67
 0.40052 336.661
 0.40064 336.65
 0.40076 336.637
 0.40088 336.622
 0.401 336.605
 0.40112 336.586
 0.40124 336.566
 0.40136 336.543
 0.40148 336.519
 0.4016 336.493
 0.40172 336.466
 0.40184 336.437
 0.40196 336.406
 0.40208 336.374
 0.4022 336.341
 0.40232 336.306
 0.40244 336.27
 0.40256 336.233
 0.40268 336.194
 0.4028 336.155
 0.40292 336.114
 0.40304 336.072
 0.40316 336.03
 0.40328 335.987
 0.4034 335.942
 0.40352 335.897
 0.40364 335.852
 0.40376 335.805
 0.40388 335.759
 0.404 335.711
 0.40412 335.663
 0.40424 335.615
 0.40436 335.566
 0.40448 335.517
 0.4046 335.468
 0.40472 335.418
 0.40484 335.369
 0.40496 335.319
 0.40508 335.27
 0.4052 335.22
 0.40532 335.17
 0.40544 335.121
 0.40556 335.072
 0.40568 335.023
 0.4058 334.974
 0.40592 334.926
 0.40604 334.878
 0.40616 334.831
 0.40628 334.784
 0.4064 334.738
 0.40652 334.693
 0.40664 334.648
 0.40676 334.604
 0.40688 334.561
 0.407 334.519
 0.40712 334.478
 0.40724 334.437
 0.40736 334.398
 0.40748 334.36
 0.4076 334.323
 0.40772 334.288
 0.40784 334.253
 0.40796 334.22
 0.40808 334.189
 0.4082 334.159
 0.40832 334.13
 0.40844 334.103
 0.40856 334.078
 0.40868 334.054
 0.4088 334.032
 0.40892 334.012
 0.40904 333.994
 0.40916 333.978
 0.40928 333.964
 0.4094 333.951
 0.40952 333.941
 0.40964 333.933
 0.40976 333.928
 0.40988 333.924
 0.41 333.923
 0.41012 333.924
 0.41024 333.928
 0.41036 333.933
 0.41048 333.941
 0.4106 333.951
 0.41072 333.964
 0.41084 333.978
 0.41096 333.994
 0.41108 334.012
 0.4112 334.032
 0.41132 334.054
 0.41144 334.078
 0.41156 334.103
 0.41168 334.13
 0.4118 334.159
 0.41192 334.189
 0.41204 334.22
 0.41216 334.253
 0.41228 334.288
 0.4124 334.323
 0.41252 334.36
 0.41264 334.398
 0.41276 334.437
 0.41288 334.478
 0.413 334.519
 0.41312 334.561
 0.41324 334.604
 0.41336 334.648
 0.41348 334.693
 0.4136 334.738
 0.41372 334.784
 0.41384 334.831
 0.41396 334.878
 0.41408 334.926
 0.4142 334.974
 0.41432 335.023
 0.41444 335.072
 0.41456 335.121
 0.41468 335.17
 0.4148 335.22
 0.41492 335.27
 0.41504 335.319
 0.41516 335.369
 0.41528 335.418
 0.4154 335.468
 0.41552 335.517
 0.41564 335.566
 0.41576 335.615
 0.41588 335.663
 0.416 335.711
 0.41612 335.759
 0.41624 335.805
 0.41636 335.852
 0.41648 335.897
 0.4166 335.942
 0.41672 335.987
 0.41684 336.03
 0.41696 336.072
 0.41708 336.114
 0.4172 336.155
 0.41732 336.194
 0.41744 336.233
 0.41756 336.27
 0.41768 336.306
 0.4178 336.341
 0.41792 336.374
 0.41804 336.406
 0.41816 336.437
 0.41828 336.466
 0.4184 336.493
 0.41852 336.519
 0.41864 336.543
 0.41876 336.566
 0.41888 336.586
 0.419 336.605
 0.41912 336.622
 0.41924 336.637
 0.41936 336.65
 0.41948 336.661
 0.4196 336.67
 0.41972 336.676
 0.41984 336.68
 0.41996 336.682
 0.42008 336.682
 0.4202 336.679
 0.42032 336.674
 0.42044 336.667
 0.42056 336.658
 0.42068 336.646
 0.4208 336.632
 0.42092 336.617
 0.42104 336.599
 0.42116 336.58
 0.42128 336.558
 0.4214 336.535
 0.42152 336.511
 0.42164 336.484
 0.42176 336.456
 0.42188 336.427
 0.422 336.395
 0.42212 336.363
 0.42224 336.329
 0.42236 336.294
 0.42248 336.257
 0.4226 336.22
 0.42272 336.181
 0.42284 336.141
 0.42296 336.1
 0.42308 336.058
 0.4232 336.016
 0.42332 335.972
 0.42344 335.927
 0.42356 335.882
 0.42368 335.836
 0.4238 335.79
 0.42392 335.743
 0.42404 335.695
 0.42416 335.647
 0.42428 335.599
 0.4244 335.55
 0.42452 335.501
 0.42464 335.451
 0.42476 335.402
 0.42488 335.352
 0.425 335.303
 0.42512 335.253
 0.42524 335.203
 0.42536 335.154
 0.42548 335.105
 0.4256 335.055
 0.42572 335.007
 0.42584 334.958
 0.42596 334.91
 0.42608 334.863
 0.4262 334.815
 0.42632 334.769
 0.42644 334.723
 0.42656 334.678
 0.42668 334.633
 0.4268 334.59
 0.42692 334.547
 0.42704 334.505
 0.42716 334.464
 0.42728 334.424
 0.4274 334.385
 0.42752 334.348
 0.42764 334.311
 0.42776 334.276
 0.42788 334.242
 0.428 334.21
 0.42812 334.179
 0.42824 334.149
 0.42836 334.121
 0.42848 334.095
 0.4286 334.07
 0.42872 334.047
 0.42884 334.026
 0.42896 334.006
 0.42908 333.989
 0.4292 333.973
 0.42932 333.959
 0.42944 333.948
 0.42956 333.938
 0.42968 333.931
 0.4298 333.926
 0.42992 333.923
 0.43004 333.923
 0.43016 333.925
 0.43028 333.929
 0.4304 333.936
 0.43052 333.944
 0.43064 333.955
 0.43076 333.968
 0.43088 333.983
 0.431 334
 0.43112 334.019
 0.43124 334.04
 0.43136 334.062
 0.43148 334.086
 0.4316 334.112
 0.43172 334.14
 0.43184 334.169
 0.43196 334.199
 0.43208 334.231
 0.4322 334.265
 0.43232 334.3
 0.43244 334.336
 0.43256 334.373
 0.43268 334.411
 0.4328 334.451
 0.43292 334.491
 0.43304 334.533
 0.43316 334.575
 0.43328 334.619
 0.4334 334.663
 0.43352 334.708
 0.43364 334.754
 0.43376 334.8
 0.43388 334.847
 0.434 334.894
 0.43412 334.942
 0.43424 334.99
 0.43436 335.039
 0.43448 335.088
 0.4346 335.137
 0.43472 335.187
 0.43484 335.236
 0.43496 335.286
 0.43508 335.336
 0.4352 335.385
 0.43532 335.435
 0.43544 335.484
 0.43556 335.534
 0.43568 335.582
 0.4358 335.631
 0.43592 335.679
 0.43604 335.727
 0.43616 335.774
 0.43628 335.821
 0.4364 335.867
 0.43652 335.912
 0.43664 335.957
 0.43676 336.001
 0.43688 336.044
 0.437 336.086
 0.43712 336.128
 0.43724 336.168
 0.43736 336.207
 0.43748 336.245
 0.4376 336.282
 0.43772 336.318
 0.43784 336.352
 0.43796 336.385
 0.43808 336.416
 0.4382 336.446
 0.43832 336.475
 0.43844 336.502
 0.43856 336.527
 0.43868 336.551
 0.4388 336.573
 0.43892 336.593
 0.43904 336.611
 0.43916 336.627
 0.43928 336.642
 0.4394 336.654
 0.43952 336.664
 0.43964 336.672
 0.43976 336.678
 0.43988 336.681
 0.44 336.683
 0.44012 336.681
 0.44024 336.678
 0.44036 336.672
 0.44048 336.664
 0.4406 336.654
 0.44072 336.642
 0.44084 336.627
 0.44096 336.611
 0.44108 336.593
 0.4412 336.573
 0.44132 336.551
 0.44144 336.527
 0.44156 336.502
 0.44168 336.475
 0.4418 336.446
 0.44192 336.416
 0.44204 336.385
 0.44216 336.352
 0.44228 336.318
 0.4424 336.282
 0.44252 336.245
 0.44264 336.207
 0.44276 336.168
 0.44288 336.128
 0.443 336.086
 0.44312 336.044
 0.44324 336.001
 0.44336 335.957
 0.44348 335.912
 0.4436 335.867
 0.44372 335.821
 0.44384 335.774
 0.44396 335.727
 0.44408 335.679
 0.4442 335.631
 0.44432 335.582
 0.44444 335.534
 0.44456 335.484
 0.44468 335.435
 0.4448 335.385
 0.44492 335.336
 0.44504 335.286
 0.44516 335.236
 0.44528 335.187
 0.4454 335.137
 0.44552 335.088
 0.44564 335.039
 0.44576 334.99
 0.44588 334.942
 0.446 334.894
 0.44612 334.847
 0.44624 334.8
 0.44636 334.754
 0.44648 334.708
 0.4466 334.663
 0.44672 334.619
 0.44684 334.575
 0.44696 334.533
 0.44708 334.491
 0.4472 334.451
 0.44732 334.411
 0.44744 334.373
 0.44756 334.336
 0.44768 334.3
 0.4478 334.265
 0.44792 334.231
 0.44804 334.199
 0.44816 334.169
 0.44828 334.14
 0.4484 334.112
 0.44852 334.086
 0.44864 334.062
 0.44876 334.04
 0.44888 334.019
 0.449 334
 0.44912 333.983
 0.44924 333.968
 0.44936 333.955
 0.44948 333.944
 0.4496 333.936
 0.44972 333.929
 0.44984 333.925
 0.44996 333.923
 0.45008 333.923
 0.4502 333.926
 0.45032 333.931
 0.45044 333.938
 0.45056 333.948
 0.45068 333.959
 0.4508 333.973
 0.45092 333.989
 0.45104 334.006
 0.45116 334.026
 0.45128 334.047
 0.4514 334.07
 0.45152 334.095
 0.45164 334.121
 0.45176 334.149
 0.45188 334.179
 0.452 334.21
 0.45212 334.242
 0.45224 334.276
 0.45236 334.311
 0.45248 334.348
 0.4526 334.385
 0.45272 334.424
 0.45284 334.464
 0.45296 334.505
 0.45308 334.547
 0.4532 334.59
 0.45332 334.633
 0.45344 334.678
 0.45356 334.723
 0.45368 334.769
 0.4538 334.815
 0.45392 334.863
 0.45404 334.91
 0.45416 334.958
 0.45428 335.007
 0.4544 335.055
 0.45452 335.105
 0.45464 335.154
 0.45476 335.203
 0.45488 335.253
 0.455 335.303
 0.45512 335.352
 0.45524 335.402
 0.45536 335.451
 0.45548 335.501
 0.4556 335.55
 0.45572 335.599
 0.45584 335.647
 0.45596 335.695
 0.45608 335.743
 0.4562 335.79
 0.45632 335.836
 0.45644 335.882
 0.45656 335.927
 0.45668 335.972
 0.4568 336.016
 0.45692 336.058
 0.45704 336.1
 0.45716 336.141
 0.45728 336.181
 0.4574 336.22
 0.45752 336.257
 0.45764 336.294
 0.45776 336.329
 0.45788 336.363
 0.458 336.395
 0.45812 336.427
 0.45824 336.456
 0.45836 336.484
 0.45848 336.511
 0.4586 336.535
 0.45872 336.558
 0.45884 336.58
 0.45896 336.599
 0.45908 336.617
 0.4592 336.632
 0.45932 336.646
 0.45944 336.658
 0.45956 336.667
 0.45968 336.674
 0.4598 336.679
 0.45992 336.682
 0.46004 336.682
 0.46016 336.68
 0.46028 336.676
 0.4604 336.67
 0.46052 336.661
 0.46064 336.65
 0.46076 336.637
 0.46088 336.622
 0.461 336.605
 0.46112 336.586
 0.46124 336.566
 0.46136 336.543
 0.46148 336.519
 0.4616 336.493
 0.46172 336.466
 0.46184 336.437
 0.46196 336.406
 0.46208 336.374
 0.4622 336.341
 0.46232 336.306
 0.46244 336.27
 0.46256 336.233
 0.46268 336.194
 0.4628 336.155
 0.46292 336.114
 0.46304 336.072
 0.46316 336.03
 0.46328 335.987
 0.4634 335.942
 0.46352 335.897
 0.46364 335.852
 0.46376 335.805
 0.46388 335.759
 0.464 335.711
 0.46412 335.663
 0.46424 335.615
 0.46436 335.566
 0.46448 335.517
 0.4646 335.468
 0.46472 335.418
 0.46484 335.369
 0.46496 335.319
 0.46508 335.27
 0.4652 335.22
 0.46532 335.17
 0.46544 335.121
 0.46556 335.072
 0.46568 335.023
 0.4658 334.974
 0.46592 334.926
 0.46604 334.878
 0.46616 334.831
 0.46628 334.784
 0.4664 334.738
 0.46652 334.693
 0.46664 334.648
 0.46676 334.604
 0.46688 334.561
 0.467 334.519
 0.46712 334.478
 0.46724 334.437
 0.46736 334.398
 0.46748 334.36
 0.4676 334.323
 0.46772 334.288
 0.46784 334.253
 0.46796 334.22
 0.46808 334.189
 0.4682 334.159
 0.46832 334.13
 0.46844 334.103
 0.46856 334.078
 0.46868 334.054
 0.4688 334.032
 0.46892 334.012
 0.46904 333.994
 0.46916 333.978
 0.46928 333.964
 0.4694 333.951
 0.46952 333.941
 0.46964 333.933
 0.46976 333.928
 0.46988 333.924
 0.47 333.923
 0.47012 333.924
 0.47024 333.928
 0.47036 333.933
 0.47048 333.941
 0.4706 333.951
 0.47072 333.964
 0.47084 333.978
 0.47096 333.994
 0.47108 334.012
 0.4712 334.032
 0.47132 334.054
 0.47144 334.078
 0.47156 334.103
 0.47168 334.13
 0.4718 334.159
 0.47192 334.189
 0.47204 334.22
 0.47216 334.253
 0.47228 334.288
 0.4724 334.323
 0.47252 334.36
 0.47264 334.398
 0.47276 334.437
 0.47288 334.478
 0.473 334.519
 0.47312 334.561
 0.47324 334.604
 0.47336 334.648
 0.47348 334.693
 0.4736 334.738
 0.47372 334.784
 0.47384 334.831
 0.47396 334.878
 0.47408 334.926
 0.4742 334.974
 0.47432 335.023
 0.47444 335.072
 0.47456 335.121
 0.47468 335.17
 0.4748 335.22
 0.47492 335.27
 0.47504 335.319
 0.47516 335.369
 0.47528 335.418
 0.4754 335.468
 0.47552 335.517
 0.47564 335.566
 0.47576 335.615
 0.47588 335.663
 0.476 335.711
 0.47612 335.759
 0.47624 335.805
 0.47636 335.852
 0.47648 335.897
 0.4766 335.942
 0.47672 335.987
 0.47684 336.03
 0.47696 336.072
 0.47708 336.114
 0.4772 336.155
 0.47732 336.194
 0.47744 336.233
 0.47756 336.27
 0.47768 336.306
 0.4778 336.341
 0.47792 336.374
 0.47804 336.406
 0.47816 336.437
 0.47828 336.466
 0.4784 336.493
 0.47852 336.519
 0.47864 336.543
 0.47876 336.566
 0.47888 336.586
 0.479 336.605
 0.47912 336.622
 0.47924 336.637
 0.47936 336.65
 0.47948 336.661
 0.4796 336.67
 0.47972 336.676
 0.47984 336.68
 0.47996 336.682
 0.48008 336.682
 0.4802 336.679
 0.48032 336.674
 0.48044 336.667
 0.48056 336.658
 0.48068 336.646
 0.4808 336.632
 0.48092 336.617
 0.48104 336.599
 0.48116 336.58
 0.48128 336.558
 0.4814 336.535
 0.48152 336.511
 0.48164 336.484
 0.48176 336.456
 0.48188 336.427
 0.482 336.395
 0.48212 336.363
 0.48224 336.329
 0.48236 336.294
 0.48248 336.257
 0.4826 336.22
 0.48272 336.181
 0.48284 336.141
 0.48296 336.1
 0.48308 336.058
 0.4832 336.016
 0.48332 335.972
 0.48344 335.927
 0.48356 335.882
 0.48368 335.836
 0.4838 335.79
 0.48392 335.743
 0.48404 335.695
 0.48416 335.647
 0.48428 335.599
 0.4844 335.55
 0.48452 335.501
 0.48464 335.451
 0.48476 335.402
 0.48488 335.352
 0.485 335.303
 0.48512 335.253
 0.48524 335.203
 0.48536 335.154
 0.48548 335.105
 0.4856 335.055
 0.48572 335.007
 0.48584 334.958
 0.48596 334.91
 0.48608 334.863
 0.4862 334.815
 0.48632 334.769
 0.48644 334.723
 0.48656 334.678
 0.48668 334.633
 0.4868 334.59
 0.48692 334.547
 0.48704 334.505
 0.48716 334.464
 0.48728 334.424
 0.4874 334.385
 0.48752 334.348
 0.48764 334.311
 0.48776 334.276
 0.48788 334.242
 0.488 334.21
 0.48812 334.179
 0.48824 334.149
 0.48836 334.121
 0.48848 334.095
 0.4886 334.07
 0.48872 334.047
 0.48884 334.026
 0.48896 334.006
 0.48908 333.989
 0.4892 333.973
 0.48932 333.959
 0.48944 333.948
 0.48956 333.938
 0.48968 333.931
 0.4898 333.926
 0.48992 333.923
 0.49004 333.923
 0.49016 333.925
 0.49028 333.929
 0.4904 333.936
 0.49052 333.944
 0.49064 333.955
 0.49076 333.968
 0.49088 333.983
 0.491 334
 0.49112 334.019
 0.49124 334.04
 0.49136 334.062
 0.49148 334.086
 0.4916 334.112
 0.49172 334.14
 0.49184 334.169
 0.49196 334.199
 0.49208 334.231
 0.4922 334.265
 0.49232 334.3
 0.49244 334.336
 0.49256 334.373
 0.49268 334.411
 0.4928 334.451
 0.49292 334.491
 0.49304 334.533
 0.49316 334.575
 0.49328 334.619
 0.4934 334.663
 0.49352 334.708
 0.49364 334.754
 0.49376 334.8
 0.49388 334.847
 0.494 334.894
 0.49412 334.942
 0.49424 334.99
 0.49436 335.039
 0.49448 335.088
 0.4946 335.137
 0.49472 335.187
 0.49484 335.236
 0.49496 335.286
 0.49508 335.336
 0.4952 335.385
 0.49532 335.435
 0.49544 335.484
 0.49556 335.534
 0.49568 335.582
 0.4958 335.631
 0.49592 335.679
 0.49604 335.727
 0.49616 335.774
 0.49628 335.821
 0.4964 335.867
 0.49652 335.912
 0.49664 335.957
 0.49676 336.001
 0.49688 336.044
 0.497 336.086
 0.49712 336.128
 0.49724 336.168
 0.49736 336.207
 0.49748 336.245
 0.4976 336.282
 0.49772 336.318
 0.49784 336.352
 0.49796 336.385
 0.49808 336.416
 0.4982 336.446
 0.49832 336.475
 0.49844 336.502
 0.49856 336.527
 0.49868 336.551
 0.4988 336.573
 0.49892 336.593
 0.49904 336.611
 0.49916 336.627
 0.49928 336.642
 0.4994 336.654
 0.49952 336.664
 0.49964 336.672
 0.49976 336.678
 0.49988 336.681
 0.5 336.683
 0.50012 336.681
 0.50024 336.678
 0.50036 336.672
 0.50048 336.664
 0.5006 336.654
 0.50072 336.642
 0.50084 336.627
 0.50096 336.611
 0.50108 336.593
 0.5012 336.573
 0.50132 336.551
 0.50144 336.527
 0.50156 336.502
 0.50168 336.475
 0.5018 336.446
 0.50192 336.416
 0.50204 336.385
 0.50216 336.352
 0.50228 336.318
 0.5024 336.282
 0.50252 336.245
 0.50264 336.207
 0.50276 336.168
 0.50288 336.128
 0.503 336.086
 0.50312 336.044
 0.50324 336.001
 0.50336 335.957
 0.50348 335.912
 0.5036 335.867
 0.50372 335.821
 0.50384 335.774
 0.50396 335.727
 0.50408 335.679
 0.5042 335.631
 0.50432 335.582
 0.50444 335.534
 0.50456 335.484
 0.50468 335.435
 0.5048 335.385
 0.50492 335.336
 0.50504 335.286
 0.50516 335.236
 0.50528 335.187
 0.5054 335.137
 0.50552 335.088
 0.50564 335.039
 0.50576 334.99
 0.50588 334.942
 0.506 334.894
 0.50612 334.847
 0.50624 334.8
 0.50636 334.754
 0.50648 334.708
 0.5066 334.663
 0.50672 334.619
 0.50684 334.575
 0.50696 334.533
 0.50708 334.491
 0.5072 334.451
 0.50732 334.411
 0.50744 334.373
 0.50756 334.336
 0.50768 334.3
 0.5078 334.265
 0.50792 334.231
 0.50804 334.199
 0.50816 334.169
 0.50828 334.14
 0.5084 334.112
 0.50852 334.086
 0.50864 334.062
 0.50876 334.04
 0.50888 334.019
 0.509 334
 0.50912 333.983
 0.50924 333.968
 0.50936 333.955
 0.50948 333.944
 0.5096 333.936
 0.50972 333.929
 0.50984 333.925
 0.50996 333.923
 0.51008 333.923
 0.5102 333.926
 0.51032 333.931
 0.51044 333.938
 0.51056 333.948
 0.51068 333.959
 0.5108 333.973
 0.51092 333.989
 0.51104 334.006
 0.51116 334.026
 0.51128 334.047
 0.5114 334.07
 0.51152 334.095
 0.51164 334.121
 0.51176 334.149
 0.51188 334.179
 0.512 334.21
 0.51212 334.242
 0.51224 334.276
 0.51236 334.311
 0.51248 334.348
 0.5126 334.385
 0.51272 334.424
 0.51284 334.464
 0.51296 334.505
 0.51308 334.547
 0.5132 334.59
 0.51332 334.633
 0.51344 334.678
 0.51356 334.723
 0.51368 334.769
 0.5138 334.815
 0.51392 334.863
 0.51404 334.91
 0.51416 334.958
 0.51428 335.007
 0.5144 335.055
 0.51452 335.105
 0.51464 335.154
 0.51476 335.203
 0.51488 335.253
 0.515 335.303
 0.51512 335.352
 0.51524 335.402
 0.51536 335.451
 0.51548 335.501
 0.5156 335.55
 0.51572 335.599
 0.51584 335.647
 0.51596 335.695
 0.51608 335.743
 0.5162 335.79
 0.51632 335.836
 0.51644 335.882
 0.51656 335.927
 0.51668 335.972
 0.5168 336.016
 0.51692 336.058
 0.51704 336.1
 0.51716 336.141
 0.51728 336.181
 0.5174 336.22
 0.51752 336.257
 0.51764 336.294
 0.51776 336.329
 0.51788 336.363
 0.518 336.395
 0.51812 336.427
 0.51824 336.456
 0.51836 336.484
 0.51848 336.511
 0.5186 336.535
 0.51872 336.558
 0.51884 336.58
 0.51896 336.599
 0.51908 336.617
 0.5192 336.632
 0.51932 336.646
 0.51944 336.658
 0.51956 336.667
 0.51968 336.674
 0.5198 336.679
 0.51992 336.682
 0.52004 336.682
 0.52016 336.68
 0.52028 336.676
 0.5204 336.67
 0.52052 336.661
 0.52064 336.65
 0.52076 336.637
 0.52088 336.622
 0.521 336.605
 0.52112 336.586
 0.52124 336.566
 0.52136 336.543
 0.52148 336.519
 0.5216 336.493
 0.52172 336.466
 0.52184 336.437
 0.52196 336.406
 0.52208 336.374
 0.5222 336.341
 0.52232 336.306
 0.52244 336.27
 0.52256 336.233
 0.52268 336.194
 0.5228 336.155
 0.52292 336.114
 0.52304 336.072
 0.52316 336.03
 0.52328 335.987
 0.5234 335.942
 0.52352 335.897
 0.52364 335.852
 0.52376 335.805
 0.52388 335.759
 0.524 335.711
 0.52412 335.663
 0.52424 335.615
 0.52436 335.566
 0.52448 335.517
 0.5246 335.468
 0.52472 335.418
 0.52484 335.369
 0.52496 335.319
 0.52508 335.27
 0.5252 335.22
 0.52532 335.17
 0.52544 335.121
 0.52556 335.072
 0.52568 335.023
 0.5258 334.974
 0.52592 334.926
 0.52604 334.878
 0.52616 334.831
 0.52628 334.784
 0.5264 334.738
 0.52652 334.693
 0.52664 334.648
 0.52676 334.604
 0.52688 334.561
 0.527 334.519
 0.52712 334.478
 0.52724 334.437
 0.52736 334.398
 0.52748 334.36
 0.5276 334.323
 0.52772 334.288
 0.52784 334.253
 0.52796 334.22
 0.52808 334.189
 0.5282 334.159
 0.52832 334.13
 0.52844 334.103
 0.52856 334.078
 0.52868 334.054
 0.5288 334.032
 0.52892 334.012
 0.52904 333.994
 0.52916 333.978
 0.52928 333.964
 0.5294 333.951
 0.52952 333.941
 0.52964 333.933
 0.52976 333.928
 0.52988 333.924
 0.53 333.923
 0.53012 333.924
 0.53024 333.928
 0.53036 333.933
 0.53048 333.941
 0.5306 333.951
 0.53072 333.964
 0.53084 333.978
 0.53096 333.994
 0.53108 334.012
 0.5312 334.032
 0.53132 334.054
 0.53144 334.078
 0.53156 334.103
 0.53168 334.13
 0.5318 334.159
 0.53192 334.189
 0.53204 334.22
 0.53216 334.253
 0.53228 334.288
 0.5324 334.323
 0.53252 334.36
 0.53264 334.398
 0.53276 334.437
 0.53288 334.478
 0.533 334.519
 0.53312 334.561
 0.53324 334.604
 0.53336 334.648
 0.53348 334.693
 0.5336 334.738
 0.53372 334.784
 0.53384 334.831
 0.53396 334.878
 0.53408 334.926
 0.5342 334.974
 0.53432 335.023
 0.53444 335.072
 0.53456 335.121
 0.53468 335.17
 0.5348 335.22
 0.53492 335.27
 0.53504 335.319
 0.53516 335.369
 0.53528 335.418
 0.5354 335.468
 0.53552 335.517
 0.53564 335.566
 0.53576 335.615
 0.53588 335.663
 0.536 335.711
 0.53612 335.759
 0.53624 335.805
 0.53636 335.852
 0.53648 335.897
 0.5366 335.942
 0.53672 335.987
 0.53684 336.03
 0.53696 336.072
 0.53708 336.114
 0.5372 336.155
 0.53732 336.194
 0.53744 336.233
 0.53756 336.27
 0.53768 336.306
 0.5378 336.341
 0.53792 336.374
 0.53804 336.406
 0.53816 336.437
 0.53828 336.466
 0.5384 336.493
 0.53852 336.519
 0.53864 336.543
 0.53876 336.566
 0.53888 336.586
 0.539 336.605
 0.53912 336.622
 0.53924 336.637
 0.53936 336.65
 0.53948 336.661
 0.5396 336.67
 0.53972 336.676
 0.53984 336.68
 0.53996 336.682
 0.54008 336.682
 0.5402 336.679
 0.54032 336.674
 0.54044 336.667
 0.54056 336.658
 0.54068 336.646
 0.5408 336.632
 0.54092 336.617
 0.54104 336.599
 0.54116 336.58
 0.54128 336.558
 0.5414 336.535
 0.54152 336.511
 0.54164 336.484
 0.54176 336.456
 0.54188 336.427
 0.542 336.395
 0.54212 336.363
 0.54224 336.329
 0.54236 336.294
 0.54248 336.257
 0.5426 336.22
 0.54272 336.181
 0.54284 336.141
 0.54296 336.1
 0.54308 336.058
 0.5432 336.016
 0.54332 335.972
 0.54344 335.927
 0.54356 335.882
 0.54368 335.836
 0.5438 335.79
 0.54392 335.743
 0.54404 335.695
 0.54416 335.647
 0.54428 335.599
 0.5444 335.55
 0.54452 335.501
 0.54464 335.451
 0.54476 335.402
 0.54488 335.352
 0.545 335.303
 0.54512 335.253
 0.54524 335.203
 0.54536 335.154
 0.54548 335.105
 0.5456 335.055
 0.54572 335.007
 0.54584 334.958
 0.54596 334.91
 0.54608 334.863
 0.5462 334.815
 0.54632 334.769
 0.54644 334.723
 0.54656 334.678
 0.54668 334.633
 0.5468 334.59
 0.54692 334.547
 0.54704 334.505
 0.54716 334.464
 0.54728 334.424
 0.5474 334.385
 0.54752 334.348
 0.54764 334.311
 0.54776 334.276
 0.54788 334.242
 0.548 334.21
 0.54812 334.179
 0.54824 334.149
 0.54836 334.121
 0.54848 334.095
 0.5486 334.07
 0.54872 334.047
 0.54884 334.026
 0.54896 334.006
 0.54908 333.989
 0.5492 333.973
 0.54932 333.959
 0.54944 333.948
 0.54956 333.938
 0.54968 333.931
 0.5498 333.926
 0.54992 333.923
 0.55004 333.923
 0.55016 333.925
 0.55028 333.929
 0.5504 333.936
 0.55052 333.944
 0.55064 333.955
 0.55076 333.968
 0.55088 333.983
 0.551 334
 0.55112 334.019
 0.55124 334.04
 0.55136 334.062
 0.55148 334.086
 0.5516 334.112
 0.55172 334.14
 0.55184 334.169
 0.55196 334.199
 0.55208 334.231
 0.5522 334.265
 0.55232 334.3
 0.55244 334.336
 0.55256 334.373
 0.55268 334.411
 0.5528 334.451
 0.55292 334.491
 0.55304 334.533
 0.55316 334.575
 0.55328 334.619
 0.5534 334.663
 0.55352 334.708
 0.55364 334.754
 0.55376 334.8
 0.55388 334.847
 0.554 334.894
 0.55412 334.942
 0.55424 334.99
 0.55436 335.039
 0.55448 335.088
 0.5546 335.137
 0.55472 335.187
 0.55484 335.236
 0.55496 335.286
 0.55508 335.336
 0.5552 335.385
 0.55532 335.435
 0.55544 335.484
 0.55556 335.534
 0.55568 335.582
 0.5558 335.631
 0.55592 335.679
 0.55604 335.727
 0.55616 335.774
 0.55628 335.821
 0.5564 335.867
 0.55652 335.912
 0.55664 335.957
 0.55676 336.001
 0.55688 336.044
 0.557 336.086
 0.55712 336.128
 0.55724 336.168
 0.55736 336.207
 0.55748 336.245
 0.5576 336.282
 0.55772 336.318
 0.55784 336.352
 0.55796 336.385
 0.55808 336.416
 0.5582 336.446
 0.55832 336.475
 0.55844 336.502
 0.55856 336.527
 0.55868 336.551
 0.5588 336.573
 0.55892 336.593
 0.55904 336.611
 0.55916 336.627
 0.55928 336.642
 0.5594 336.654
 0.55952 336.664
 0.55964 336.672
 0.55976 336.678
 0.55988 336.681
 0.56 336.683
 0.56012 336.681
 0.56024 336.678
 0.56036 336.672
 0.56048 336.664
 0.5606 336.654
 0.56072 336.642
 0.56084 336.627
 0.56096 336.611
 0.56108 336.593
 0.5612 336.573
 0.56132 336.551
 0.56144 336.527
 0.56156 336.502
 0.56168 336.475
 0.5618 336.446
 0.56192 336.416
 0.56204 336.385
 0.56216 336.352
 0.56228 336.318
 0.5624 336.282
 0.56252 336.245
 0.56264 336.207
 0.56276 336.168
 0.56288 336.128
 0.563 336.086
 0.56312 336.044
 0.56324 336.001
 0.56336 335.957
 0.56348 335.912
 0.5636 335.867
 0.56372 335.821
 0.56384 335.774
 0.56396 335.727
 0.56408 335.679
 0.5642 335.631
 0.56432 335.582
 0.56444 335.534
 0.56456 335.484
 0.56468 335.435
 0.5648 335.385
 0.56492 335.336
 0.56504 335.286
 0.56516 335.236
 0.56528 335.187
 0.5654 335.137
 0.56552 335.088
 0.56564 335.039
 0.56576 334.99
 0.56588 334.942
 0.566 334.894
 0.56612 334.847
 0.56624 334.8
 0.56636 334.754
 0.56648 334.708
 0.5666 334.663
 0.56672 334.619
 0.56684 334.575
 0.56696 334.533
 0.56708 334.491
 0.5672 334.451
 0.56732 334.411
 0.56744 334.373
 0.56756 334.336
 0.56768 334.3
 0.5678 334.265
 0.56792 334.231
 0.56804 334.199
 0.56816 334.169
 0.56828 334.14
 0.5684 334.112
 0.56852 334.086
 0.56864 334.062
 0.56876 334.04
 0.56888 334.019
 0.569 334
 0.56912 333.983
 0.56924 333.968
 0.56936 333.955
 0.56948 333.944
 0.5696 333.936
 0.56972 333.929
 0.56984 333.925
 0.56996 333.923
 0.57008 333.923
 0.5702 333.926
 0.57032 333.931
 0.57044 333.938
 0.57056 333.948
 0.57068 333.959
 0.5708 333.973
 0.57092 333.989
 0.57104 334.006
 0.57116 334.026
 0.57128 334.047
 0.5714 334.07
 0.57152 334.095
 0.57164 334.121
 0.57176 334.149
 0.57188 334.179
 0.572 334.21
 0.57212 334.242
 0.57224 334.276
 0.57236 334.311
 0.57248 334.348
 0.5726 334.385
 0.57272 334.424
 0.57284 334.464
 0.57296 334.505
 0.57308 334.547
 0.5732 334.59
 0.57332 334.633
 0.57344 334.678
 0.57356 334.723
 0.57368 334.769
 0.5738 334.815
 0.57392 334.863
 0.57404 334.91
 0.57416 334.958
 0.57428 335.007
 0.5744 335.055
 0.57452 335.105
 0.57464 335.154
 0.57476 335.203
 0.57488 335.253
 0.575 335.303
 0.57512 335.352
 0.57524 335.402
 0.57536 335.451
 0.57548 335.501
 0.5756 335.55
 0.57572 335.599
 0.57584 335.647
 0.57596 335.695
 0.57608 335.743
 0.5762 335.79
 0.57632 335.836
 0.57644 335.882
 0.57656 335.927
 0.57668 335.972
 0.5768 336.016
 0.57692 336.058
 0.57704 336.1
 0.57716 336.141
 0.57728 336.181
 0.5774 336.22
 0.57752 336.257
 0.57764 336.294
 0.57776 336.329
 0.57788 336.363
 0.578 336.395
 0.57812 336.427
 0.57824 336.456
 0.57836 336.484
 0.57848 336.511
 0.5786 336.535
 0.57872 336.558
 0.57884 336.58
 0.57896 336.599
 0.57908 336.617
 0.5792 336.632
 0.57932 336.646
 0.57944 336.658
 0.57956 336.667
 0.57968 336.674
 0.5798 336.679
 0.57992 336.682
 0.58004 336.682
 0.58016 336.68
 0.58028 336.676
 0.5804 336.67
 0.58052 336.661
 0.58064 336.65
 0.58076 336.637
 0.58088 336.622
 0.581 336.605
 0.58112 336.586
 0.58124 336.566
 0.58136 336.543
 0.58148 336.519
 0.5816 336.493
 0.58172 336.466
 0.58184 336.437
 0.58196 336.406
 0.58208 336.374
 0.5822 336.341
 0.58232 336.306
 0.58244 336.27
 0.58256 336.233
 0.58268 336.194
 0.5828 336.155
 0.58292 336.114
 0.58304 336.072
 0.58316 336.03
 0.58328 335.987
 0.5834 335.942
 0.58352 335.897
 0.58364 335.852
 0.58376 335.805
 0.58388 335.759
 0.584 335.711
 0.58412 335.663
 0.58424 335.615
 0.58436 335.566
 0.58448 335.517
 0.5846 335.468
 0.58472 335.418
 0.58484 335.369
 0.58496 335.319
 0.58508 335.27
 0.5852 335.22
 0.58532 335.17
 0.58544 335.121
 0.58556 335.072
 0.58568 335.023
 0.5858 334.974
 0.58592 334.926
 0.58604 334.878
 0.58616 334.831
 0.58628 334.784
 0.5864 334.738
 0.58652 334.693
 0.58664 334.648
 0.58676 334.604
 0.58688 334.561
 0.587 334.519
 0.58712 334.478
 0.58724 334.437
 0.58736 334.398
 0.58748 334.36
 0.5876 334.323
 0.58772 334.288
 0.58784 334.253
 0.58796 334.22
 0.58808 334.189
 0.5882 334.159
 0.58832 334.13
 0.58844 334.103
 0.58856 334.078
 0.58868 334.054
 0.5888 334.032
 0.58892 334.012
 0.58904 333.994
 0.58916 333.978
 0.58928 333.964
 0.5894 333.951
 0.58952 333.941
 0.58964 333.933
 0.58976 333.928
 0.58988 333.924
 0.59 333.923
 0.59012 333.924
 0.59024 333.928
 0.59036 333.933
 0.59048 333.941
 0.5906 333.951
 0.59072 333.964
 0.59084 333.978
 0.59096 333.994
 0.59108 334.012
 0.5912 334.032
 0.59132 334.054
 0.59144 334.078
 0.59156 334.103
 0.59168 334.13
 0.5918 334.159
 0.59192 334.189
 0.59204 334.22
 0.59216 334.253
 0.59228 334.288
 0.5924 334.323
 0.59252 334.36
 0.59264 334.398
 0.59276 334.437
 0.59288 334.478
 0.593 334.519
 0.59312 334.561
 0.59324 334.604
 0.59336 334.648
 0.59348 334.693
 0.5936 334.738
 0.59372 334.784
 0.59384 334.831
 0.59396 334.878
 0.59408 334.926
 0.5942 334.974
 0.59432 335.023
 0.59444 335.072
 0.59456 335.121
 0.59468 335.17
 0.5948 335.22
 0.59492 335.27
 0.59504 335.319
 0.59516 335.369
 0.59528 335.418
 0.5954 335.468
 0.59552 335.517
 0.59564 335.566
 0.59576 335.615
 0.59588 335.663
 0.596 335.711
 0.59612 335.759
 0.59624 335.805
 0.59636 335.852
 0.59648 335.897
 0.5966 335.942
 0.59672 335.987
 0.59684 336.03
 0.59696 336.072
 0.59708 336.114
 0.5972 336.155
 0.59732 336.194
 0.59744 336.233
 0.59756 336.27
 0.59768 336.306
 0.5978 336.341
 0.59792 336.374
 0.59804 336.406
 0.59816 336.437
 0.59828 336.466
 0.5984 336.493
 0.59852 336.519
 0.59864 336.543
 0.59876 336.566
 0.59888 336.586
 0.599 336.605
 0.59912 336.622
 0.59924 336.637
 0.59936 336.65
 0.59948 336.661
 0.5996 336.67
 0.59972 336.676
 0.59984 336.68
 0.59996 336.682
 0.60008 336.682
 0.6002 336.679
 0.60032 336.674
 0.60044 336.667
 0.60056 336.658
 0.60068 336.646
 0.6008 336.632
 0.60092 336.617
 0.60104 336.599
 0.60116 336.58
 0.60128 336.558
 0.6014 336.535
 0.60152 336.511
 0.60164 336.484
 0.60176 336.456
 0.60188 336.427
 0.602 336.395
 0.60212 336.363
 0.60224 336.329
 0.60236 336.294
 0.60248 336.257
 0.6026 336.22
 0.60272 336.181
 0.60284 336.141
 0.60296 336.1
 0.60308 336.058
 0.6032 336.016
 0.60332 335.972
 0.60344 335.927
 0.60356 335.882
 0.60368 335.836
 0.6038 335.79
 0.60392 335.743
 0.60404 335.695
 0.60416 335.647
 0.60428 335.599
 0.6044 335.55
 0.60452 335.501
 0.60464 335.451
 0.60476 335.402
 0.60488 335.352
 0.605 335.303
 0.60512 335.253
 0.60524 335.203
 0.60536 335.154
 0.60548 335.105
 0.6056 335.055
 0.60572 335.007
 0.60584 334.958
 0.60596 334.91
 0.60608 334.863
 0.6062 334.815
 0.60632 334.769
 0.60644 334.723
 0.60656 334.678
 0.60668 334.633
 0.6068 334.59
 0.60692 334.547
 0.60704 334.505
 0.60716 334.464
 0.60728 334.424
 0.6074 334.385
 0.60752 334.348
 0.60764 334.311
 0.60776 334.276
 0.60788 334.242
 0.608 334.21
 0.60812 334.179
 0.60824 334.149
 0.60836 334.121
 0.60848 334.095
 0.6086 334.07
 0.60872 334.047
 0.60884 334.026
 0.60896 334.006
 0.60908 333.989
 0.6092 333.973
 0.60932 333.959
 0.60944 333.948
 0.60956 333.938
 0.60968 333.931
 0.6098 333.926
 0.60992 333.923
 0.61004 333.923
 0.61016 333.925
 0.61028 333.929
 0.6104 333.936
 0.61052 333.944
 0.61064 333.955
 0.61076 333.968
 0.61088 333.983
 0.611 334
 0.61112 334.019
 0.61124 334.04
 0.61136 334.062
 0.61148 334.086
 0.6116 334.112
 0.61172 334.14
 0.61184 334.169
 0.61196 334.199
 0.61208 334.231
 0.6122 334.265
 0.61232 334.3
 0.61244 334.336
 0.61256 334.373
 0.61268 334.411
 0.6128 334.451
 0.61292 334.491
 0.61304 334.533
 0.61316 334.575
 0.61328 334.619
 0.6134 334.663
 0.61352 334.708
 0.61364 334.754
 0.61376 334.8
 0.61388 334.847
 0.614 334.894
 0.61412 334.942
 0.61424 334.99
 0.61436 335.039
 0.61448 335.088
 0.6146 335.137
 0.61472 335.187
 0.61484 335.236
 0.61496 335.286
 0.61508 335.336
 0.6152 335.385
 0.61532 335.435
 0.61544 335.484
 0.61556 335.534
 0.61568 335.582
 0.6158 335.631
 0.61592 335.679
 0.61604 335.727
 0.61616 335.774
 0.61628 335.821
 0.6164 335.867
 0.61652 335.912
 0.61664 335.957
 0.61676 336.001
 0.61688 336.044
 0.617 336.086
 0.61712 336.128
 0.61724 336.168
 0.61736 336.207
 0.61748 336.245
 0.6176 336.282
 0.61772 336.318
 0.61784 336.352
 0.61796 336.385
 0.61808 336.416
 0.6182 336.446
 0.61832 336.475
 0.61844 336.502
 0.61856 336.527
 0.61868 336.551
 0.6188 336.573
 0.61892 336.593
 0.61904 336.611
 0.61916 336.627
 0.61928 336.642
 0.6194 336.654
 0.61952 336.664
 0.61964 336.672
 0.61976 336.678
 0.61988 336.681
 0.62 336.683
 0.62012 336.681
 0.62024 336.678
 0.62036 336.672
 0.62048 336.664
 0.6206 336.654
 0.62072 336.642
 0.62084 336.627
 0.62096 336.611
 0.62108 336.593
 0.6212 336.573
 0.62132 336.551
 0.62144 336.527
 0.62156 336.502
 0.62168 336.475
 0.6218 336.446
 0.62192 336.416
 0.62204 336.385
 0.62216 336.352
 0.62228 336.318
 0.6224 336.282
 0.62252 336.245
 0.62264 336.207
 0.62276 336.168
 0.62288 336.128
 0.623 336.086
 0.62312 336.044
 0.62324 336.001
 0.62336 335.957
 0.62348 335.912
 0.6236 335.867
 0.62372 335.821
 0.62384 335.774
 0.62396 335.727
 0.62408 335.679
 0.6242 335.631
 0.62432 335.582
 0.62444 335.534
 0.62456 335.484
 0.62468 335.435
 0.6248 335.385
 0.62492 335.336
 0.62504 335.286
 0.62516 335.236
 0.62528 335.187
 0.6254 335.137
 0.62552 335.088
 0.62564 335.039
 0.62576 334.99
 0.62588 334.942
 0.626 334.894
 0.62612 334.847
 0.62624 334.8
 0.62636 334.754
 0.62648 334.708
 0.6266 334.663
 0.62672 334.619
 0.62684 334.575
 0.62696 334.533
 0.62708 334.491
 0.6272 334.451
 0.62732 334.411
 0.62744 334.373
 0.62756 334.336
 0.62768 334.3
 0.6278 334.265
 0.62792 334.231
 0.62804 334.199
 0.62816 334.169
 0.62828 334.14
 0.6284 334.112
 0.62852 334.086
 0.62864 334.062
 0.62876 334.04
 0.62888 334.019
 0.629 334
 0.62912 333.983
 0.62924 333.968
 0.62936 333.955
 0.62948 333.944
 0.6296 333.936
 0.62972 333.929
 0.62984 333.925
 0.62996 333.923
 0.63008 333.923
 0.6302 333.926
 0.63032 333.931
 0.63044 333.938
 0.63056 333.948
 0.63068 333.959
 0.6308 333.973
 0.63092 333.989
 0.63104 334.006
 0.63116 334.026
 0.63128 334.047
 0.6314 334.07
 0.63152 334.095
 0.63164 334.121
 0.63176 334.149
 0.63188 334.179
 0.632 334.21
 0.63212 334.242
 0.63224 334.276
 0.63236 334.311
 0.63248 334.348
 0.6326 334.385
 0.63272 334.424
 0.63284 334.464
 0.63296 334.505
 0.63308 334.547
 0.6332 334.59
 0.63332 334.633
 0.63344 334.678
 0.63356 334.723
 0.63368 334.769
 0.6338 334.815
 0.63392 334.863
 0.63404 334.91
 0.63416 334.958
 0.63428 335.007
 0.6344 335.055
 0.63452 335.105
 0.63464 335.154
 0.63476 335.203
 0.63488 335.253
 0.635 335.303
 0.63512 335.352
 0.63524 335.402
 0.63536 335.451
 0.63548 335.501
 0.6356 335.55
 0.63572 335.599
 0.63584 335.647
 0.63596 335.695
 0.63608 335.743
 0.6362 335.79
 0.63632 335.836
 0.63644 335.882
 0.63656 335.927
 0.63668 335.972
 0.6368 336.016
 0.63692 336.058
 0.63704 336.1
 0.63716 336.141
 0.63728 336.181
 0.6374 336.22
 0.63752 336.257
 0.63764 336.294
 0.63776 336.329
 0.63788 336.363
 0.638 336.395
 0.63812 336.427
 0.63824 336.456
 0.63836 336.484
 0.63848 336.511
 0.6386 336.535
 0.63872 336.558
 0.63884 336.58
 0.63896 336.599
 0.63908 336.617
 0.6392 336.632
 0.63932 336.646
 0.63944 336.658
 0.63956 336.667
 0.63968 336.674
 0.6398 336.679
 0.63992 336.682
 0.64004 336.682
 0.64016 336.68
 0.64028 336.676
 0.6404 336.67
 0.64052 336.661
 0.64064 336.65
 0.64076 336.637
 0.64088 336.622
 0.641 336.605
 0.64112 336.586
 0.64124 336.566
 0.64136 336.543
 0.64148 336.519
 0.6416 336.493
 0.64172 336.466
 0.64184 336.437
 0.64196 336.406
 0.64208 336.374
 0.6422 336.341
 0.64232 336.306
 0.64244 336.27
 0.64256 336.233
 0.64268 336.194
 0.6428 336.155
 0.64292 336.114
 0.64304 336.072
 0.64316 336.03
 0.64328 335.987
 0.6434 335.942
 0.64352 335.897
 0.64364 335.852
 0.64376 335.805
 0.64388 335.759
 0.644 335.711
 0.64412 335.663
 0.64424 335.615
 0.64436 335.566
 0.64448 335.517
 0.6446 335.468
 0.64472 335.418
 0.64484 335.369
 0.64496 335.319
 0.64508 335.27
 0.6452 335.22
 0.64532 335.17
 0.64544 335.121
 0.64556 335.072
 0.64568 335.023
 0.6458 334.974
 0.64592 334.926
 0.64604 334.878
 0.64616 334.831
 0.64628 334.784
 0.6464 334.738
 0.64652 334.693
 0.64664 334.648
 0.64676 334.604
 0.64688 334.561
 0.647 334.519
 0.64712 334.478
 0.64724 334.437
 0.64736 334.398
 0.64748 334.36
 0.6476 334.323
 0.64772 334.288
 0.64784 334.253
 0.64796 334.22
 0.64808 334.189
 0.6482 334.159
 0.64832 334.13
 0.64844 334.103
 0.64856 334.078
 0.64868 334.054
 0.6488 334.032
 0.64892 334.012
 0.64904 333.994
 0.64916 333.978
 0.64928 333.964
 0.6494 333.951
 0.64952 333.941
 0.64964 333.933
 0.64976 333.928
 0.64988 333.924
 0.65 333.923
 0.65012 333.924
 0.65024 333.928
 0.65036 333.933
 0.65048 333.941
 0.6506 333.951
 0.65072 333.964
 0.65084 333.978
 0.65096 333.994
 0.65108 334.012
 0.6512 334.032
 0.65132 334.054
 0.65144 334.078
 0.65156 334.103
 0.65168 334.13
 0.6518 334.159
 0.65192 334.189
 0.65204 334.22
 0.65216 334.253
 0.65228 334.288
 0.6524 334.323
 0.65252 334.36
 0.65264 334.398
 0.65276 334.437
 0.65288 334.478
 0.653 334.519
 0.65312 334.561
 0.65324 334.604
 0.65336 334.648
 0.65348 334.693
 0.6536 334.738
 0.65372 334.784
 0.65384 334.831
 0.65396 334.878
 0.65408 334.926
 0.6542 334.974
 0.65432 335.023
 0.65444 335.072
 0.65456 335.121
 0.65468 335.17
 0.6548 335.22
 0.65492 335.27
 0.65504 335.319
 0.65516 335.369
 0.65528 335.418
 0.6554 335.468
 0.65552 335.517
 0.65564 335.566
 0.65576 335.615
 0.65588 335.663
 0.656 335.711
 0.65612 335.759
 0.65624 335.805
 0.65636 335.852
 0.65648 335.897
 0.6566 335.942
 0.65672 335.987
 0.65684 336.03
 0.65696 336.072
 0.65708 336.114
 0.6572 336.155
 0.65732 336.194
 0.65744 336.233
 0.65756 336.27
 0.65768 336.306
 0.6578 336.341
 0.65792 336.374
 0.65804 336.406
 0.65816 336.437
 0.65828 336.466
 0.6584 336.493
 0.65852 336.519
 0.65864 336.543
 0.65876 336.566
 0.65888 336.586
 0.659 336.605
 0.65912 336.622
 0.65924 336.637
 0.65936 336.65
 0.65948 336.661
 0.6596 336.67
 0.65972 336.676
 0.65984 336.68
 0.65996 336.682
 0.66008 336.682
 0.6602 336.679
 0.66032 336.674
 0.66044 336.667
 0.66056 336.658
 0.66068 336.646
 0.6608 336.632
 0.66092 336.617
 0.66104 336.599
 0.66116 336.58
 0.66128 336.558
 0.6614 336.535
 0.66152 336.511
 0.66164 336.484
 0.66176 336.456
 0.66188 336.427
 0.662 336.395
 0.66212 336.363
 0.66224 336.329
 0.66236 336.294
 0.66248 336.257
 0.6626 336.22
 0.66272 336.181
 0.66284 336.141
 0.66296 336.1
 0.66308 336.058
 0.6632 336.016
 0.66332 335.972
 0.66344 335.927
 0.66356 335.882
 0.66368 335.836
 0.6638 335.79
 0.66392 335.743
 0.66404 335.695
 0.66416 335.647
 0.66428 335.599
 0.6644 335.55
 0.66452 335.501
 0.66464 335.451
 0.66476 335.402
 0.66488 335.352
 0.665 335.303
 0.66512 335.253
 0.66524 335.203
 0.66536 335.154
 0.66548 335.105
 0.6656 335.055
 0.66572 335.007
 0.66584 334.958
 0.66596 334.91
 0.66608 334.863
 0.6662 334.815
 0.66632 334.769
 0.66644 334.723
 0.66656 334.678
 0.66668 334.633
 0.6668 334.59
 0.66692 334.547
 0.66704 334.505
 0.66716 334.464
 0.66728 334.424
 0.6674 334.385
 0.66752 334.348
 0.66764 334.311
 0.66776 334.276
 0.66788 334.242
 0.668 334.21
 0.66812 334.179
 0.66824 334.149
 0.66836 334.121
 0.66848 334.095
 0.6686 334.07
 0.66872 334.047
 0.66884 334.026
 0.66896 334.006
 0.66908 333.989
 0.6692 333.973
 0.66932 333.959
 0.66944 333.948
 0.66956 333.938
 0.66968 333.931
 0.6698 333.926
 0.66992 333.923
 0.67004 333.923
 0.67016 333.925
 0.67028 333.929
 0.6704 333.936
 0.67052 333.944
 0.67064 333.955
 0.67076 333.968
 0.67088 333.983
 0.671 334
 0.67112 334.019
 0.67124 334.04
 0.67136 334.062
 0.67148 334.086
 0.6716 334.112
 0.67172 334.14
 0.67184 334.169
 0.67196 334.199
 0.67208 334.231
 0.6722 334.265
 0.67232 334.3
 0.67244 334.336
 0.67256 334.373
 0.67268 334.411
 0.6728 334.451
 0.67292 334.491
 0.67304 334.533
 0.67316 334.575
 0.67328 334.619
 0.6734 334.663
 0.67352 334.708
 0.67364 334.754
 0.67376 334.8
 0.67388 334.847
 0.674 334.894
 0.67412 334.942
 0.67424 334.99
 0.67436 335.039
 0.67448 335.088
 0.6746 335.137
 0.67472 335.187
 0.67484 335.236
 0.67496 335.286
 0.67508 335.336
 0.6752 335.385
 0.67532 335.435
 0.67544 335.484
 0.67556 335.534
 0.67568 335.582
 0.6758 335.631
 0.67592 335.679
 0.67604 335.727
 0.67616 335.774
 0.67628 335.821
 0.6764 335.867
 0.67652 335.912
 0.67664 335.957
 0.67676 336.001
 0.67688 336.044
 0.677 336.086
 0.67712 336.128
 0.67724 336.168
 0.67736 336.207
 0.67748 336.245
 0.6776 336.282
 0.67772 336.318
 0.67784 336.352
 0.67796 336.385
 0.67808 336.416
 0.6782 336.446
 0.67832 336.475
 0.67844 336.502
 0.67856 336.527
 0.67868 336.551
 0.6788 336.573
 0.67892 336.593
 0.67904 336.611
 0.67916 336.627
 0.67928 336.642
 0.6794 336.654
 0.67952 336.664
 0.67964 336.672
 0.67976 336.678
 0.67988 336.681
 0.68 336.683
 0.68012 336.681
 0.68024 336.678
 0.68036 336.672
 0.68048 336.664
 0.6806 336.654
 0.68072 336.642
 0.68084 336.627
 0.68096 336.611
 0.68108 336.593
 0.6812 336.573
 0.68132 336.551
 0.68144 336.527
 0.68156 336.502
 0.68168 336.475
 0.6818 336.446
 0.68192 336.416
 0.68204 336.385
 0.68216 336.352
 0.68228 336.318
 0.6824 336.282
 0.68252 336.245
 0.68264 336.207
 0.68276 336.168
 0.68288 336.128
 0.683 336.086
 0.68312 336.044
 0.68324 336.001
 0.68336 335.957
 0.68348 335.912
 0.6836 335.867
 0.68372 335.821
 0.68384 335.774
 0.68396 335.727
 0.68408 335.679
 0.6842 335.631
 0.68432 335.582
 0.68444 335.534
 0.68456 335.484
 0.68468 335.435
 0.6848 335.385
 0.68492 335.336
 0.68504 335.286
 0.68516 335.236
 0.68528 335.187
 0.6854 335.137
 0.68552 335.088
 0.68564 335.039
 0.68576 334.99
 0.68588 334.942
 0.686 334.894
 0.68612 334.847
 0.68624 334.8
 0.68636 334.754
 0.68648 334.708
 0.6866 334.663
 0.68672 334.619
 0.68684 334.575
 0.68696 334.533
 0.68708 334.491
 0.6872 334.451
 0.68732 334.411
 0.68744 334.373
 0.68756 334.336
 0.68768 334.3
 0.6878 334.265
 0.68792 334.231
 0.68804 334.199
 0.68816 334.169
 0.68828 334.14
 0.6884 334.112
 0.68852 334.086
 0.68864 334.062
 0.68876 334.04
 0.68888 334.019
 0.689 334
 0.68912 333.983
 0.68924 333.968
 0.68936 333.955
 0.68948 333.944
 0.6896 333.936
 0.68972 333.929
 0.68984 333.925
 0.68996 333.923
 0.69008 333.923
 0.6902 333.926
 0.69032 333.931
 0.69044 333.938
 0.69056 333.948
 0.69068 333.959
 0.6908 333.973
 0.69092 333.989
 0.69104 334.006
 0.69116 334.026
 0.69128 334.047
 0.6914 334.07
 0.69152 334.095
 0.69164 334.121
 0.69176 334.149
 0.69188 334.179
 0.692 334.21
 0.69212 334.242
 0.69224 334.276
 0.69236 334.311
 0.69248 334.348
 0.6926 334.385
 0.69272 334.424
 0.69284 334.464
 0.69296 334.505
 0.69308 334.547
 0.6932 334.59
 0.69332 334.633
 0.69344 334.678
 0.69356 334.723
 0.69368 334.769
 0.6938 334.815
 0.69392 334.863
 0.69404 334.91
 0.69416 334.958
 0.69428 335.007
 0.6944 335.055
 0.69452 335.105
 0.69464 335.154
 0.69476 335.203
 0.69488 335.253
 0.695 335.303
 0.69512 335.352
 0.69524 335.402
 0.69536 335.451
 0.69548 335.501
 0.6956 335.55
 0.69572 335.599
 0.69584 335.647
 0.69596 335.695
 0.69608 335.743
 0.6962 335.79
 0.69632 335.836
 0.69644 335.882
 0.69656 335.927
 0.69668 335.972
 0.6968 336.016
 0.69692 336.058
 0.69704 336.1
 0.69716 336.141
 0.69728 336.181
 0.6974 336.22
 0.69752 336.257
 0.69764 336.294
 0.69776 336.329
 0.69788 336.363
 0.698 336.395
 0.69812 336.427
 0.69824 336.456
 0.69836 336.484
 0.69848 336.511
 0.6986 336.535
 0.69872 336.558
 0.69884 336.58
 0.69896 336.599
 0.69908 336.617
 0.6992 336.632
 0.69932 336.646
 0.69944 336.658
 0.69956 336.667
 0.69968 336.674
 0.6998 336.679
 0.69992 336.682
 0.70004 336.682
 0.70016 336.68
 0.70028 336.676
 0.7004 336.67
 0.70052 336.661
 0.70064 336.65
 0.70076 336.637
 0.70088 336.622
 0.701 336.605
 0.70112 336.586
 0.70124 336.566
 0.70136 336.543
 0.70148 336.519
 0.7016 336.493
 0.70172 336.466
 0.70184 336.437
 0.70196 336.406
 0.70208 336.374
 0.7022 336.341
 0.70232 336.306
 0.70244 336.27
 0.70256 336.233
 0.70268 336.194
 0.7028 336.155
 0.70292 336.114
 0.70304 336.072
 0.70316 336.03
 0.70328 335.987
 0.7034 335.942
 0.70352 335.897
 0.70364 335.852
 0.70376 335.805
 0.70388 335.759
 0.704 335.711
 0.70412 335.663
 0.70424 335.615
 0.70436 335.566
 0.70448 335.517
 0.7046 335.468
 0.70472 335.418
 0.70484 335.369
 0.70496 335.319
 0.70508 335.27
 0.7052 335.22
 0.70532 335.17
 0.70544 335.121
 0.70556 335.072
 0.70568 335.023
 0.7058 334.974
 0.70592 334.926
 0.70604 334.878
 0.70616 334.831
 0.70628 334.784
 0.7064 334.738
 0.70652 334.693
 0.70664 334.648
 0.70676 334.604
 0.70688 334.561
 0.707 334.519
 0.70712 334.478
 0.70724 334.437
 0.70736 334.398
 0.70748 334.36
 0.7076 334.323
 0.70772 334.288
 0.70784 334.253
 0.70796 334.22
 0.70808 334.189
 0.7082 334.159
 0.70832 334.13
 0.70844 334.103
 0.70856 334.078
 0.70868 334.054
 0.7088 334.032
 0.70892 334.012
 0.70904 333.994
 0.70916 333.978
 0.70928 333.964
 0.7094 333.951
 0.70952 333.941
 0.70964 333.933
 0.70976 333.928
 0.70988 333.924
 0.71 333.923
 0.71012 333.924
 0.71024 333.928
 0.71036 333.933
 0.71048 333.941
 0.7106 333.951
 0.71072 333.964
 0.71084 333.978
 0.71096 333.994
 0.71108 334.012
 0.7112 334.032
 0.71132 334.054
 0.71144 334.078
 0.71156 334.103
 0.71168 334.13
 0.7118 334.159
 0.71192 334.189
 0.71204 334.22
 0.71216 334.253
 0.71228 334.288
 0.7124 334.323
 0.71252 334.36
 0.71264 334.398
 0.71276 334.437
 0.71288 334.478
 0.713 334.519
 0.71312 334.561
 0.71324 334.604
 0.71336 334.648
 0.71348 334.693
 0.7136 334.738
 0.71372 334.784
 0.71384 334.831
 0.71396 334.878
 0.71408 334.926
 0.7142 334.974
 0.71432 335.023
 0.71444 335.072
 0.71456 335.121
 0.71468 335.17
 0.7148 335.22
 0.71492 335.27
 0.71504 335.319
 0.71516 335.369
 0.71528 335.418
 0.7154 335.468
 0.71552 335.517
 0.71564 335.566
 0.71576 335.615
 0.71588 335.663
 0.716 335.711
 0.71612 335.759
 0.71624 335.805
 0.71636 335.852
 0.71648 335.897
 0.7166 335.942
 0.71672 335.987
 0.71684 336.03
 0.71696 336.072
 0.71708 336.114
 0.7172 336.155
 0.71732 336.194
 0.71744 336.233
 0.71756 336.27
 0.71768 336.306
 0.7178 336.341
 0.71792 336.374
 0.71804 336.406
 0.71816 336.437
 0.71828 336.466
 0.7184 336.493
 0.71852 336.519
 0.71864 336.543
 0.71876 336.566
 0.71888 336.586
 0.719 336.605
 0.71912 336.622
 0.71924 336.637
 0.71936 336.65
 0.71948 336.661
 0.7196 336.67
 0.71972 336.676
 0.71984 336.68
 0.71996 336.682
 0.72008 336.682
 0.7202 336.679
 0.72032 336.674
 0.72044 336.667
 0.72056 336.658
 0.72068 336.646
 0.7208 336.632
 0.72092 336.617
 0.72104 336.599
 0.72116 336.58
 0.72128 336.558
 0.7214 336.535
 0.72152 336.511
 0.72164 336.484
 0.72176 336.456
 0.72188 336.427
 0.722 336.395
 0.72212 336.363
 0.72224 336.329
 0.72236 336.294
 0.72248 336.257
 0.7226 336.22
 0.72272 336.181
 0.72284 336.141
 0.72296 336.1
 0.72308 336.058
 0.7232 336.016
 0.72332 335.972
 0.72344 335.927
 0.72356 335.882
 0.72368 335.836
 0.7238 335.79
 0.72392 335.743
 0.72404 335.695
 0.72416 335.647
 0.72428 335.599
 0.7244 335.55
 0.72452 335.501
 0.72464 335.451
 0.72476 335.402
 0.72488 335.352
 0.725 335.303
 0.72512 335.253
 0.72524 335.203
 0.72536 335.154
 0.72548 335.105
 0.7256 335.055
 0.72572 335.007
 0.72584 334.958
 0.72596 334.91
 0.72608 334.863
 0.7262 334.815
 0.72632 334.769
 0.72644 334.723
 0.72656 334.678
 0.72668 334.633
 0.7268 334.59
 0.72692 334.547
 0.72704 334.505
 0.72716 334.464
 0.72728 334.424
 0.7274 334.385
 0.72752 334.348
 0.72764 334.311
 0.72776 334.276
 0.72788 334.242
 0.728 334.21
 0.72812 334.179
 0.72824 334.149
 0.72836 334.121
 0.72848 334.095
 0.7286 334.07
 0.72872 334.047
 0.72884 334.026
 0.72896 334.006
 0.72908 333.989
 0.7292 333.973
 0.72932 333.959
 0.72944 333.948
 0.72956 333.938
 0.72968 333.931
 0.7298 333.926
 0.72992 333.923
 0.73004 333.923
 0.73016 333.925
 0.73028 333.929
 0.7304 333.936
 0.73052 333.944
 0.73064 333.955
 0.73076 333.968
 0.73088 333.983
 0.731 334
 0.73112 334.019
 0.73124 334.04
 0.73136 334.062
 0.73148 334.086
 0.7316 334.112
 0.73172 334.14
 0.73184 334.169
 0.73196 334.199
 0.73208 334.231
 0.7322 334.265
 0.73232 334.3
 0.73244 334.336
 0.73256 334.373
 0.73268 334.411
 0.7328 334.451
 0.73292 334.491
 0.73304 334.533
 0.73316 334.575
 0.73328 334.619
 0.7334 334.663
 0.73352 334.708
 0.73364 334.754
 0.73376 334.8
 0.73388 334.847
 0.734 334.894
 0.73412 334.942
 0.73424 334.99
 0.73436 335.039
 0.73448 335.088
 0.7346 335.137
 0.73472 335.187
 0.73484 335.236
 0.73496 335.286
 0.73508 335.336
 0.7352 335.385
 0.73532 335.435
 0.73544 335.484
 0.73556 335.534
 0.73568 335.582
 0.7358 335.631
 0.73592 335.679
 0.73604 335.727
 0.73616 335.774
 0.73628 335.821
 0.7364 335.867
 0.73652 335.912
 0.73664 335.957
 0.73676 336.001
 0.73688 336.044
 0.737 336.086
 0.73712 336.128
 0.73724 336.168
 0.73736 336.207
 0.73748 336.245
 0.7376 336.282
 0.73772 336.318
 0.73784 336.352
 0.73796 336.385
 0.73808 336.416
 0.7382 336.446
 0.73832 336.475
 0.73844 336.502
 0.73856 336.527
 0.73868 336.551
 0.7388 336.573
 0.73892 336.593
 0.73904 336.611
 0.73916 336.627
 0.73928 336.642
 0.7394 336.654
 0.73952 336.664
 0.73964 336.672
 0.73976 336.678
 0.73988 336.681
 0.74 336.683
 0.74012 336.681
 0.74024 336.678
 0.74036 336.672
 0.74048 336.664
 0.7406 336.654
 0.74072 336.642
 0.74084 336.627
 0.74096 336.611
 0.74108 336.593
 0.7412 336.573
 0.74132 336.551
 0.74144 336.527
 0.74156 336.502
 0.74168 336.475
 0.7418 336.446
 0.74192 336.416
 0.74204 336.385
 0.74216 336.352
 0.74228 336.318
 0.7424 336.282
 0.74252 336.245
 0.74264 336.207
 0.74276 336.168
 0.74288 336.128
 0.743 336.086
 0.74312 336.044
 0.74324 336.001
 0.74336 335.957
 0.74348 335.912
 0.7436 335.867
 0.74372 335.821
 0.74384 335.774
 0.74396 335.727
 0.74408 335.679
 0.7442 335.631
 0.74432 335.582
 0.74444 335.534
 0.74456 335.484
 0.74468 335.435
 0.7448 335.385
 0.74492 335.336
 0.74504 335.286
 0.74516 335.236
 0.74528 335.187
 0.7454 335.137
 0.74552 335.088
 0.74564 335.039
 0.74576 334.99
 0.74588 334.942
 0.746 334.894
 0.74612 334.847
 0.74624 334.8
 0.74636 334.754
 0.74648 334.708
 0.7466 334.663
 0.74672 334.619
 0.74684 334.575
 0.74696 334.533
 0.74708 334.491
 0.7472 334.451
 0.74732 334.411
 0.74744 334.373
 0.74756 334.336
 0.74768 334.3
 0.7478 334.265
 0.74792 334.231
 0.74804 334.199
 0.74816 334.169
 0.74828 334.14
 0.7484 334.112
 0.74852 334.086
 0.74864 334.062
 0.74876 334.04
 0.74888 334.019
 0.749 334
 0.74912 333.983
 0.74924 333.968
 0.74936 333.955
 0.74948 333.944
 0.7496 333.936
 0.74972 333.929
 0.74984 333.925
 0.74996 333.923
 0.75008 333.923
 0.7502 333.926
 0.75032 333.931
 0.75044 333.938
 0.75056 333.948
 0.75068 333.959
 0.7508 333.973
 0.75092 333.989
 0.75104 334.006
 0.75116 334.026
 0.75128 334.047
 0.7514 334.07
 0.75152 334.095
 0.75164 334.121
 0.75176 334.149
 0.75188 334.179
 0.752 334.21
 0.75212 334.242
 0.75224 334.276
 0.75236 334.311
 0.75248 334.348
 0.7526 334.385
 0.75272 334.424
 0.75284 334.464
 0.75296 334.505
 0.75308 334.547
 0.7532 334.59
 0.75332 334.633
 0.75344 334.678
 0.75356 334.723
 0.75368 334.769
 0.7538 334.815
 0.75392 334.863
 0.75404 334.91
 0.75416 334.958
 0.75428 335.007
 0.7544 335.055
 0.75452 335.105
 0.75464 335.154
 0.75476 335.203
 0.75488 335.253
 0.755 335.303
 0.75512 335.352
 0.75524 335.402
 0.75536 335.451
 0.75548 335.501
 0.7556 335.55
 0.75572 335.599
 0.75584 335.647
 0.75596 335.695
 0.75608 335.743
 0.7562 335.79
 0.75632 335.836
 0.75644 335.882
 0.75656 335.927
 0.75668 335.972
 0.7568 336.016
 0.75692 336.058
 0.75704 336.1
 0.75716 336.141
 0.75728 336.181
 0.7574 336.22
 0.75752 336.257
 0.75764 336.294
 0.75776 336.329
 0.75788 336.363
 0.758 336.395
 0.75812 336.427
 0.75824 336.456
 0.75836 336.484
 0.75848 336.511
 0.7586 336.535
 0.75872 336.558
 0.75884 336.58
 0.75896 336.599
 0.75908 336.617
 0.7592 336.632
 0.75932 336.646
 0.75944 336.658
 0.75956 336.667
 0.75968 336.674
 0.7598 336.679
 0.75992 336.682
 0.76004 336.682
 0.76016 336.68
 0.76028 336.676
 0.7604 336.67
 0.76052 336.661
 0.76064 336.65
 0.76076 336.637
 0.76088 336.622
 0.761 336.605
 0.76112 336.586
 0.76124 336.566
 0.76136 336.543
 0.76148 336.519
 0.7616 336.493
 0.76172 336.466
 0.76184 336.437
 0.76196 336.406
 0.76208 336.374
 0.7622 336.341
 0.76232 336.306
 0.76244 336.27
 0.76256 336.233
 0.76268 336.194
 0.7628 336.155
 0.76292 336.114
 0.76304 336.072
 0.76316 336.03
 0.76328 335.987
 0.7634 335.942
 0.76352 335.897
 0.76364 335.852
 0.76376 335.805
 0.76388 335.759
 0.764 335.711
 0.76412 335.663
 0.76424 335.615
 0.76436 335.566
 0.76448 335.517
 0.7646 335.468
 0.76472 335.418
 0.76484 335.369
 0.76496 335.319
 0.76508 335.27
 0.7652 335.22
 0.76532 335.17
 0.76544 335.121
 0.76556 335.072
 0.76568 335.023
 0.7658 334.974
 0.76592 334.926
 0.76604 334.878
 0.76616 334.831
 0.76628 334.784
 0.7664 334.738
 0.76652 334.693
 0.76664 334.648
 0.76676 334.604
 0.76688 334.561
 0.767 334.519
 0.76712 334.478
 0.76724 334.437
 0.76736 334.398
 0.76748 334.36
 0.7676 334.323
 0.76772 334.288
 0.76784 334.253
 0.76796 334.22
 0.76808 334.189
 0.7682 334.159
 0.76832 334.13
 0.76844 334.103
 0.76856 334.078
 0.76868 334.054
 0.7688 334.032
 0.76892 334.012
 0.76904 333.994
 0.76916 333.978
 0.76928 333.964
 0.7694 333.951
 0.76952 333.941
 0.76964 333.933
 0.76976 333.928
 0.76988 333.924
 0.77 333.923
 0.77012 333.924
 0.77024 333.928
 0.77036 333.933
 0.77048 333.941
 0.7706 333.951
 0.77072 333.964
 0.77084 333.978
 0.77096 333.994
 0.77108 334.012
 0.7712 334.032
 0.77132 334.054
 0.77144 334.078
 0.77156 334.103
 0.77168 334.13
 0.7718 334.159
 0.77192 334.189
 0.77204 334.22
 0.77216 334.253
 0.77228 334.288
 0.7724 334.323
 0.77252 334.36
 0.77264 334.398
 0.77276 334.437
 0.77288 334.478
 0.773 334.519
 0.77312 334.561
 0.77324 334.604
 0.77336 334.648
 0.77348 334.693
 0.7736 334.738
 0.77372 334.784
 0.77384 334.831
 0.77396 334.878
 0.77408 334.926
 0.7742 334.974
 0.77432 335.023
 0.77444 335.072
 0.77456 335.121
 0.77468 335.17
 0.7748 335.22
 0.77492 335.27
 0.77504 335.319
 0.77516 335.369
 0.77528 335.418
 0.7754 335.468
 0.77552 335.517
 0.77564 335.566
 0.77576 335.615
 0.77588 335.663
 0.776 335.711
 0.77612 335.759
 0.77624 335.805
 0.77636 335.852
 0.77648 335.897
 0.7766 335.942
 0.77672 335.987
 0.77684 336.03
 0.77696 336.072
 0.77708 336.114
 0.7772 336.155
 0.77732 336.194
 0.77744 336.233
 0.77756 336.27
 0.77768 336.306
 0.7778 336.341
 0.77792 336.374
 0.77804 336.406
 0.77816 336.437
 0.77828 336.466
 0.7784 336.493
 0.77852 336.519
 0.77864 336.543
 0.77876 336.566
 0.77888 336.586
 0.779 336.605
 0.77912 336.622
 0.77924 336.637
 0.77936 336.65
 0.77948 336.661
 0.7796 336.67
 0.77972 336.676
 0.77984 336.68
 0.77996 336.682
 0.78008 336.682
 0.7802 336.679
 0.78032 336.674
 0.78044 336.667
 0.78056 336.658
 0.78068 336.646
 0.7808 336.632
 0.78092 336.617
 0.78104 336.599
 0.78116 336.58
 0.78128 336.558
 0.7814 336.535
 0.78152 336.511
 0.78164 336.484
 0.78176 336.456
 0.78188 336.427
 0.782 336.395
 0.78212 336.363
 0.78224 336.329
 0.78236 336.294
 0.78248 336.257
 0.7826 336.22
 0.78272 336.181
 0.78284 336.141
 0.78296 336.1
 0.78308 336.058
 0.7832 336.016
 0.78332 335.972
 0.78344 335.927
 0.78356 335.882
 0.78368 335.836
 0.7838 335.79
 0.78392 335.743
 0.78404 335.695
 0.78416 335.647
 0.78428 335.599
 0.7844 335.55
 0.78452 335.501
 0.78464 335.451
 0.78476 335.402
 0.78488 335.352
 0.785 335.303
 0.78512 335.253
 0.78524 335.203
 0.78536 335.154
 0.78548 335.105
 0.7856 335.055
 0.78572 335.007
 0.78584 334.958
 0.78596 334.91
 0.78608 334.863
 0.7862 334.815
 0.78632 334.769
 0.78644 334.723
 0.78656 334.678
 0.78668 334.633
 0.7868 334.59
 0.78692 334.547
 0.78704 334.505
 0.78716 334.464
 0.78728 334.424
 0.7874 334.385
 0.78752 334.348
 0.78764 334.311
 0.78776 334.276
 0.78788 334.242
 0.788 334.21
 0.78812 334.179
 0.78824 334.149
 0.78836 334.121
 0.78848 334.095
 0.7886 334.07
 0.78872 334.047
 0.78884 334.026
 0.78896 334.006
 0.78908 333.989
 0.7892 333.973
 0.78932 333.959
 0.78944 333.948
 0.78956 333.938
 0.78968 333.931
 0.7898 333.926
 0.78992 333.923
 0.79004 333.923
 0.79016 333.925
 0.79028 333.929
 0.7904 333.936
 0.79052 333.944
 0.79064 333.955
 0.79076 333.968
 0.79088 333.983
 0.791 334
 0.79112 334.019
 0.79124 334.04
 0.79136 334.062
 0.79148 334.086
 0.7916 334.112
 0.79172 334.14
 0.79184 334.169
 0.79196 334.199
 0.79208 334.231
 0.7922 334.265
 0.79232 334.3
 0.79244 334.336
 0.79256 334.373
 0.79268 334.411
 0.7928 334.451
 0.79292 334.491
 0.79304 334.533
 0.79316 334.575
 0.79328 334.619
 0.7934 334.663
 0.79352 334.708
 0.79364 334.754
 0.79376 334.8
 0.79388 334.847
 0.794 334.894
 0.79412 334.942
 0.79424 334.99
 0.79436 335.039
 0.79448 335.088
 0.7946 335.137
 0.79472 335.187
 0.79484 335.236
 0.79496 335.286
 0.79508 335.336
 0.7952 335.385
 0.79532 335.435
 0.79544 335.484
 0.79556 335.534
 0.79568 335.582
 0.7958 335.631
 0.79592 335.679
 0.79604 335.727
 0.79616 335.774
 0.79628 335.821
 0.7964 335.867
 0.79652 335.912
 0.79664 335.957
 0.79676 336.001
 0.79688 336.044
 0.797 336.086
 0.79712 336.128
 0.79724 336.168
 0.79736 336.207
 0.79748 336.245
 0.7976 336.282
 0.79772 336.318
 0.79784 336.352
 0.79796 336.385
 0.79808 336.416
 0.7982 336.446
 0.79832 336.475
 0.79844 336.502
 0.79856 336.527
 0.79868 336.551
 0.7988 336.573
 0.79892 336.593
 0.79904 336.611
 0.79916 336.627
 0.79928 336.642
 0.7994 336.654
 0.79952 336.664
 0.79964 336.672
 0.79976 336.678
 0.79988 336.681
