 0.2 5562.97
 0.20012 5560.74
 0.20024 5558.49
 0.20036 5556.22
 0.20048 5553.93
 0.2006 5551.62
 0.20072 5549.29
 0.20084 5546.95
 0.20096 5544.58
 0.20108 5542.2
 0.2012 5539.79
 0.20132 5537.37
 0.20144 5534.93
 0.20156 5532.47
 0.20168 5530
 0.2018 5527.5
 0.20192 5524.99
 0.20204 5522.46
 0.20216 5519.91
 0.20228 5517.34
 0.2024 5514.75
 0.20252 5512.15
 0.20264 5509.53
 0.20276 5506.88
 0.20288 5504.22
 0.203 5501.54
 0.20312 5498.84
 0.20324 5496.12
 0.20336 5493.38
 0.20348 5490.62
 0.2036 5487.83
 0.20372 5485.03
 0.20384 5482.2
 0.20396 5479.35
 0.20408 5476.48
 0.2042 5473.58
 0.20432 5470.66
 0.20444 5467.72
 0.20456 5464.76
 0.20468 5461.77
 0.2048 5458.77
 0.20492 5455.74
 0.20504 5452.69
 0.20516 5449.61
 0.20528 5446.52
 0.2054 5443.4
 0.20552 5440.27
 0.20564 5437.11
 0.20576 5433.94
 0.20588 5430.74
 0.206 5427.53
 0.20612 5424.29
 0.20624 5421.04
 0.20636 5417.76
 0.20648 5414.47
 0.2066 5411.16
 0.20672 5407.83
 0.20684 5404.48
 0.20696 5401.12
 0.20708 5397.74
 0.2072 5394.34
 0.20732 5390.92
 0.20744 5387.49
 0.20756 5384.04
 0.20768 5380.57
 0.2078 5377.09
 0.20792 5373.59
 0.20804 5370.08
 0.20816 5366.55
 0.20828 5363
 0.2084 5359.45
 0.20852 5355.87
 0.20864 5352.28
 0.20876 5348.68
 0.20888 5345.06
 0.209 5341.43
 0.20912 5337.79
 0.20924 5334.13
 0.20936 5330.46
 0.20948 5326.78
 0.2096 5323.08
 0.20972 5319.37
 0.20984 5315.64
 0.20996 5311.91
 0.21008 5308.16
 0.2102 5304.4
 0.21032 5300.63
 0.21044 5296.85
 0.21056 5293.05
 0.21068 5289.25
 0.2108 5285.43
 0.21092 5281.6
 0.21104 5277.76
 0.21116 5273.91
 0.21128 5270.06
 0.2114 5266.19
 0.21152 5262.31
 0.21164 5258.42
 0.21176 5254.53
 0.21188 5250.62
 0.212 5246.71
 0.21212 5242.79
 0.21224 5238.86
 0.21236 5234.92
 0.21248 5230.98
 0.2126 5227.02
 0.21272 5223.07
 0.21284 5219.1
 0.21296 5215.13
 0.21308 5211.15
 0.2132 5207.17
 0.21332 5203.18
 0.21344 5199.19
 0.21356 5195.19
 0.21368 5191.18
 0.2138 5187.17
 0.21392 5183.16
 0.21404 5179.15
 0.21416 5175.13
 0.21428 5171.11
 0.2144 5167.08
 0.21452 5163.05
 0.21464 5159.02
 0.21476 5154.98
 0.21488 5150.95
 0.215 5146.91
 0.21512 5142.87
 0.21524 5138.83
 0.21536 5134.78
 0.21548 5130.74
 0.2156 5126.69
 0.21572 5122.64
 0.21584 5118.6
 0.21596 5114.55
 0.21608 5110.5
 0.2162 5106.46
 0.21632 5102.41
 0.21644 5098.37
 0.21656 5094.33
 0.21668 5090.28
 0.2168 5086.24
 0.21692 5082.21
 0.21704 5078.17
 0.21716 5074.14
 0.21728 5070.11
 0.2174 5066.08
 0.21752 5062.06
 0.21764 5058.04
 0.21776 5054.03
 0.21788 5050.02
 0.218 5046.01
 0.21812 5042.02
 0.21824 5038.03
 0.21836 5034.04
 0.21848 5030.07
 0.2186 5026.1
 0.21872 5022.14
 0.21884 5018.18
 0.21896 5014.24
 0.21908 5010.31
 0.2192 5006.38
 0.21932 5002.47
 0.21944 4998.56
 0.21956 4994.67
 0.21968 4990.78
 0.2198 4986.91
 0.21992 4983.05
 0.22004 4979.2
 0.22016 4975.37
 0.22028 4971.54
 0.2204 4967.73
 0.22052 4963.93
 0.22064 4960.15
 0.22076 4956.38
 0.22088 4952.62
 0.221 4948.88
 0.22112 4945.16
 0.22124 4941.45
 0.22136 4937.75
 0.22148 4934.07
 0.2216 4930.41
 0.22172 4926.77
 0.22184 4923.14
 0.22196 4919.53
 0.22208 4915.94
 0.2222 4912.36
 0.22232 4908.81
 0.22244 4905.27
 0.22256 4901.75
 0.22268 4898.26
 0.2228 4894.78
 0.22292 4891.32
 0.22304 4887.89
 0.22316 4884.47
 0.22328 4881.08
 0.2234 4877.7
 0.22352 4874.35
 0.22364 4871.01
 0.22376 4867.7
 0.22388 4864.41
 0.224 4861.14
 0.22412 4857.88
 0.22424 4854.65
 0.22436 4851.44
 0.22448 4848.25
 0.2246 4845.08
 0.22472 4841.94
 0.22484 4838.81
 0.22496 4835.7
 0.22508 4832.61
 0.2252 4829.55
 0.22532 4826.5
 0.22544 4823.47
 0.22556 4820.47
 0.22568 4817.49
 0.2258 4814.52
 0.22592 4811.58
 0.22604 4808.66
 0.22616 4805.76
 0.22628 4802.88
 0.2264 4800.02
 0.22652 4797.19
 0.22664 4794.37
 0.22676 4791.58
 0.22688 4788.81
 0.227 4786.05
 0.22712 4783.33
 0.22724 4780.62
 0.22736 4777.93
 0.22748 4775.27
 0.2276 4772.62
 0.22772 4770.01
 0.22784 4767.41
 0.22796 4764.83
 0.22808 4762.28
 0.2282 4759.75
 0.22832 4757.24
 0.22844 4754.76
 0.22856 4752.3
 0.22868 4749.86
 0.2288 4747.44
 0.22892 4745.05
 0.22904 4742.68
 0.22916 4740.33
 0.22928 4738.01
 0.2294 4735.71
 0.22952 4733.43
 0.22964 4731.18
 0.22976 4728.94
 0.22988 4726.73
 0.23 4724.55
 0.23012 4722.39
 0.23024 4720.25
 0.23036 4718.13
 0.23048 4716.03
 0.2306 4713.96
 0.23072 4711.91
 0.23084 4709.88
 0.23096 4707.88
 0.23108 4705.9
 0.2312 4703.94
 0.23132 4702
 0.23144 4700.08
 0.23156 4698.19
 0.23168 4696.32
 0.2318 4694.47
 0.23192 4692.64
 0.23204 4690.83
 0.23216 4689.05
 0.23228 4687.29
 0.2324 4685.55
 0.23252 4683.83
 0.23264 4682.13
 0.23276 4680.46
 0.23288 4678.8
 0.233 4677.17
 0.23312 4675.56
 0.23324 4673.98
 0.23336 4672.42
 0.23348 4670.88
 0.2336 4669.37
 0.23372 4667.88
 0.23384 4666.41
 0.23396 4664.98
 0.23408 4663.56
 0.2342 4662.17
 0.23432 4660.81
 0.23444 4659.47
 0.23456 4658.16
 0.23468 4656.87
 0.2348 4655.6
 0.23492 4654.37
 0.23504 4653.15
 0.23516 4651.97
 0.23528 4650.81
 0.2354 4649.67
 0.23552 4648.56
 0.23564 4647.47
 0.23576 4646.41
 0.23588 4645.38
 0.236 4644.37
 0.23612 4643.38
 0.23624 4642.43
 0.23636 4641.49
 0.23648 4640.59
 0.2366 4639.71
 0.23672 4638.86
 0.23684 4638.03
 0.23696 4637.23
 0.23708 4636.45
 0.2372 4635.7
 0.23732 4634.97
 0.23744 4634.27
 0.23756 4633.6
 0.23768 4632.95
 0.2378 4632.32
 0.23792 4631.72
 0.23804 4631.15
 0.23816 4630.6
 0.23828 4630.08
 0.2384 4629.57
 0.23852 4629.1
 0.23864 4628.64
 0.23876 4628.21
 0.23888 4627.81
 0.239 4627.43
 0.23912 4627.07
 0.23924 4626.73
 0.23936 4626.42
 0.23948 4626.13
 0.2396 4625.86
 0.23972 4625.62
 0.23984 4625.4
 0.23996 4625.2
 0.24008 4625.02
 0.2402 4624.87
 0.24032 4624.74
 0.24044 4624.63
 0.24056 4624.55
 0.24068 4624.48
 0.2408 4624.44
 0.24092 4624.42
 0.24104 4624.43
 0.24116 4624.45
 0.24128 4624.5
 0.2414 4624.57
 0.24152 4624.66
 0.24164 4624.77
 0.24176 4624.9
 0.24188 4625.05
 0.242 4625.23
 0.24212 4625.43
 0.24224 4625.65
 0.24236 4625.89
 0.24248 4626.15
 0.2426 4626.43
 0.24272 4626.73
 0.24284 4627.05
 0.24296 4627.4
 0.24308 4627.77
 0.2432 4628.15
 0.24332 4628.56
 0.24344 4628.99
 0.24356 4629.44
 0.24368 4629.91
 0.2438 4630.4
 0.24392 4630.91
 0.24404 4631.44
 0.24416 4631.99
 0.24428 4632.56
 0.2444 4633.15
 0.24452 4633.76
 0.24464 4634.4
 0.24476 4635.05
 0.24488 4635.72
 0.245 4636.42
 0.24512 4637.13
 0.24524 4637.86
 0.24536 4638.62
 0.24548 4639.39
 0.2456 4640.19
 0.24572 4641
 0.24584 4641.83
 0.24596 4642.69
 0.24608 4643.56
 0.2462 4644.45
 0.24632 4645.36
 0.24644 4646.29
 0.24656 4647.24
 0.24668 4648.21
 0.2468 4649.2
 0.24692 4650.2
 0.24704 4651.23
 0.24716 4652.27
 0.24728 4653.33
 0.2474 4654.42
 0.24752 4655.52
 0.24764 4656.64
 0.24776 4657.77
 0.24788 4658.93
 0.248 4660.1
 0.24812 4661.29
 0.24824 4662.5
 0.24836 4663.73
 0.24848 4664.98
 0.2486 4666.24
 0.24872 4667.52
 0.24884 4668.82
 0.24896 4670.13
 0.24908 4671.46
 0.2492 4672.81
 0.24932 4674.17
 0.24944 4675.55
 0.24956 4676.95
 0.24968 4678.35
 0.2498 4679.78
 0.24992 4681.22
 0.25004 4682.67
 0.25016 4684.14
 0.25028 4685.62
 0.2504 4687.11
 0.25052 4688.62
 0.25064 4690.15
 0.25076 4691.68
 0.25088 4693.23
 0.251 4694.79
 0.25112 4696.36
 0.25124 4697.95
 0.25136 4699.54
 0.25148 4701.15
 0.2516 4702.77
 0.25172 4704.4
 0.25184 4706.03
 0.25196 4707.68
 0.25208 4709.34
 0.2522 4711.01
 0.25232 4712.68
 0.25244 4714.37
 0.25256 4716.06
 0.25268 4717.76
 0.2528 4719.47
 0.25292 4721.18
 0.25304 4722.91
 0.25316 4724.64
 0.25328 4726.38
 0.2534 4728.12
 0.25352 4729.88
 0.25364 4731.64
 0.25376 4733.41
 0.25388 4735.18
 0.254 4736.97
 0.25412 4738.76
 0.25424 4740.56
 0.25436 4742.37
 0.25448 4744.18
 0.2546 4746
 0.25472 4747.84
 0.25484 4749.67
 0.25496 4751.52
 0.25508 4753.37
 0.2552 4755.23
 0.25532 4757.1
 0.25544 4758.98
 0.25556 4760.86
 0.25568 4762.75
 0.2558 4764.65
 0.25592 4766.56
 0.25604 4768.47
 0.25616 4770.39
 0.25628 4772.32
 0.2564 4774.25
 0.25652 4776.19
 0.25664 4778.14
 0.25676 4780.09
 0.25688 4782.05
 0.257 4784.02
 0.25712 4785.99
 0.25724 4787.97
 0.25736 4789.96
 0.25748 4791.95
 0.2576 4793.95
 0.25772 4795.95
 0.25784 4797.96
 0.25796 4799.98
 0.25808 4802.01
 0.2582 4804.03
 0.25832 4806.07
 0.25844 4808.11
 0.25856 4810.16
 0.25868 4812.21
 0.2588 4814.27
 0.25892 4816.33
 0.25904 4818.4
 0.25916 4820.48
 0.25928 4822.56
 0.2594 4824.65
 0.25952 4826.74
 0.25964 4828.84
 0.25976 4830.94
 0.25988 4833.05
 0.26 4835.17
 0.26012 4837.29
 0.26024 4839.41
 0.26036 4841.55
 0.26048 4843.68
 0.2606 4845.83
 0.26072 4847.98
 0.26084 4850.13
 0.26096 4852.29
 0.26108 4854.46
 0.2612 4856.63
 0.26132 4858.81
 0.26144 4860.99
 0.26156 4863.18
 0.26168 4865.38
 0.2618 4867.58
 0.26192 4869.79
 0.26204 4872
 0.26216 4874.22
 0.26228 4876.44
 0.2624 4878.68
 0.26252 4880.91
 0.26264 4883.16
 0.26276 4885.4
 0.26288 4887.66
 0.263 4889.92
 0.26312 4892.19
 0.26324 4894.46
 0.26336 4896.74
 0.26348 4899.02
 0.2636 4901.3
 0.26372 4903.59
 0.26384 4905.89
 0.26396 4908.19
 0.26408 4910.49
 0.2642 4912.79
 0.26432 4915.1
 0.26444 4917.41
 0.26456 4919.73
 0.26468 4922.04
 0.2648 4924.36
 0.26492 4926.68
 0.26504 4929
 0.26516 4931.32
 0.26528 4933.65
 0.2654 4935.97
 0.26552 4938.3
 0.26564 4940.62
 0.26576 4942.94
 0.26588 4945.27
 0.266 4947.59
 0.26612 4949.91
 0.26624 4952.23
 0.26636 4954.54
 0.26648 4956.85
 0.2666 4959.16
 0.26672 4961.47
 0.26684 4963.77
 0.26696 4966.07
 0.26708 4968.36
 0.2672 4970.65
 0.26732 4972.94
 0.26744 4975.22
 0.26756 4977.5
 0.26768 4979.77
 0.2678 4982.04
 0.26792 4984.31
 0.26804 4986.57
 0.26816 4988.82
 0.26828 4991.08
 0.2684 4993.33
 0.26852 4995.57
 0.26864 4997.81
 0.26876 5000.05
 0.26888 5002.29
 0.269 5004.52
 0.26912 5006.75
 0.26924 5008.98
 0.26936 5011.21
 0.26948 5013.43
 0.2696 5015.65
 0.26972 5017.87
 0.26984 5020.08
 0.26996 5022.29
 0.27008 5024.5
 0.2702 5026.7
 0.27032 5028.91
 0.27044 5031.1
 0.27056 5033.3
 0.27068 5035.49
 0.2708 5037.68
 0.27092 5039.86
 0.27104 5042.04
 0.27116 5044.22
 0.27128 5046.39
 0.2714 5048.56
 0.27152 5050.73
 0.27164 5052.89
 0.27176 5055.05
 0.27188 5057.2
 0.272 5059.35
 0.27212 5061.5
 0.27224 5063.64
 0.27236 5065.78
 0.27248 5067.91
 0.2726 5070.03
 0.27272 5072.15
 0.27284 5074.27
 0.27296 5076.38
 0.27308 5078.49
 0.2732 5080.58
 0.27332 5082.68
 0.27344 5084.76
 0.27356 5086.84
 0.27368 5088.92
 0.2738 5090.98
 0.27392 5093.04
 0.27404 5095.1
 0.27416 5097.15
 0.27428 5099.19
 0.2744 5101.22
 0.27452 5103.24
 0.27464 5105.26
 0.27476 5107.27
 0.27488 5109.28
 0.275 5111.27
 0.27512 5113.26
 0.27524 5115.24
 0.27536 5117.21
 0.27548 5119.18
 0.2756 5121.13
 0.27572 5123.08
 0.27584 5125.02
 0.27596 5126.95
 0.27608 5128.87
 0.2762 5130.78
 0.27632 5132.69
 0.27644 5134.58
 0.27656 5136.47
 0.27668 5138.35
 0.2768 5140.22
 0.27692 5142.07
 0.27704 5143.92
 0.27716 5145.76
 0.27728 5147.58
 0.2774 5149.4
 0.27752 5151.2
 0.27764 5153
 0.27776 5154.78
 0.27788 5156.54
 0.278 5158.3
 0.27812 5160.04
 0.27824 5161.77
 0.27836 5163.49
 0.27848 5165.19
 0.2786 5166.88
 0.27872 5168.55
 0.27884 5170.21
 0.27896 5171.86
 0.27908 5173.49
 0.2792 5175.11
 0.27932 5176.71
 0.27944 5178.3
 0.27956 5179.88
 0.27968 5181.44
 0.2798 5182.98
 0.27992 5184.52
 0.28004 5186.04
 0.28016 5187.54
 0.28028 5189.03
 0.2804 5190.51
 0.28052 5191.97
 0.28064 5193.42
 0.28076 5194.86
 0.28088 5196.28
 0.281 5197.69
 0.28112 5199.08
 0.28124 5200.46
 0.28136 5201.83
 0.28148 5203.19
 0.2816 5204.53
 0.28172 5205.85
 0.28184 5207.16
 0.28196 5208.46
 0.28208 5209.75
 0.2822 5211.02
 0.28232 5212.28
 0.28244 5213.52
 0.28256 5214.76
 0.28268 5215.97
 0.2828 5217.18
 0.28292 5218.37
 0.28304 5219.55
 0.28316 5220.71
 0.28328 5221.86
 0.2834 5223
 0.28352 5224.12
 0.28364 5225.23
 0.28376 5226.32
 0.28388 5227.4
 0.284 5228.47
 0.28412 5229.52
 0.28424 5230.56
 0.28436 5231.58
 0.28448 5232.59
 0.2846 5233.58
 0.28472 5234.55
 0.28484 5235.52
 0.28496 5236.46
 0.28508 5237.39
 0.2852 5238.31
 0.28532 5239.21
 0.28544 5240.09
 0.28556 5240.96
 0.28568 5241.82
 0.2858 5242.66
 0.28592 5243.48
 0.28604 5244.29
 0.28616 5245.08
 0.28628 5245.86
 0.2864 5246.62
 0.28652 5247.36
 0.28664 5248.1
 0.28676 5248.81
 0.28688 5249.51
 0.287 5250.19
 0.28712 5250.86
 0.28724 5251.51
 0.28736 5252.15
 0.28748 5252.77
 0.2876 5253.38
 0.28772 5253.97
 0.28784 5254.54
 0.28796 5255.1
 0.28808 5255.65
 0.2882 5256.18
 0.28832 5256.69
 0.28844 5257.19
 0.28856 5257.68
 0.28868 5258.14
 0.2888 5258.6
 0.28892 5259.04
 0.28904 5259.46
 0.28916 5259.87
 0.28928 5260.26
 0.2894 5260.64
 0.28952 5261
 0.28964 5261.35
 0.28976 5261.68
 0.28988 5261.99
 0.29 5262.3
 0.29012 5262.58
 0.29024 5262.85
 0.29036 5263.1
 0.29048 5263.34
 0.2906 5263.56
 0.29072 5263.77
 0.29084 5263.96
 0.29096 5264.13
 0.29108 5264.29
 0.2912 5264.43
 0.29132 5264.55
 0.29144 5264.66
 0.29156 5264.75
 0.29168 5264.83
 0.2918 5264.88
 0.29192 5264.93
 0.29204 5264.95
 0.29216 5264.96
 0.29228 5264.95
 0.2924 5264.92
 0.29252 5264.88
 0.29264 5264.82
 0.29276 5264.74
 0.29288 5264.65
 0.293 5264.54
 0.29312 5264.41
 0.29324 5264.26
 0.29336 5264.1
 0.29348 5263.92
 0.2936 5263.73
 0.29372 5263.52
 0.29384 5263.29
 0.29396 5263.04
 0.29408 5262.78
 0.2942 5262.5
 0.29432 5262.21
 0.29444 5261.9
 0.29456 5261.57
 0.29468 5261.23
 0.2948 5260.88
 0.29492 5260.5
 0.29504 5260.12
 0.29516 5259.71
 0.29528 5259.3
 0.2954 5258.86
 0.29552 5258.42
 0.29564 5257.96
 0.29576 5257.48
 0.29588 5257
 0.296 5256.49
 0.29612 5255.98
 0.29624 5255.45
 0.29636 5254.91
 0.29648 5254.35
 0.2966 5253.79
 0.29672 5253.21
 0.29684 5252.61
 0.29696 5252.01
 0.29708 5251.39
 0.2972 5250.76
 0.29732 5250.11
 0.29744 5249.46
 0.29756 5248.79
 0.29768 5248.1
 0.2978 5247.4
 0.29792 5246.69
 0.29804 5245.97
 0.29816 5245.23
 0.29828 5244.48
 0.2984 5243.71
 0.29852 5242.93
 0.29864 5242.13
 0.29876 5241.31
 0.29888 5240.49
 0.299 5239.64
 0.29912 5238.78
 0.29924 5237.9
 0.29936 5237.01
 0.29948 5236.1
 0.2996 5235.18
 0.29972 5234.24
 0.29984 5233.29
 0.29996 5232.31
 0.30008 5231.33
 0.3002 5230.33
 0.30032 5229.31
 0.30044 5228.28
 0.30056 5227.23
 0.30068 5226.17
 0.3008 5225.1
 0.30092 5224.01
 0.30104 5222.9
 0.30116 5221.78
 0.30128 5220.65
 0.3014 5219.5
 0.30152 5218.34
 0.30164 5217.17
 0.30176 5215.98
 0.30188 5214.78
 0.302 5213.56
 0.30212 5212.33
 0.30224 5211.09
 0.30236 5209.84
 0.30248 5208.57
 0.3026 5207.3
 0.30272 5206.01
 0.30284 5204.71
 0.30296 5203.4
 0.30308 5202.08
 0.3032 5200.75
 0.30332 5199.4
 0.30344 5198.05
 0.30356 5196.69
 0.30368 5195.32
 0.3038 5193.94
 0.30392 5192.55
 0.30404 5191.15
 0.30416 5189.74
 0.30428 5188.33
 0.3044 5186.9
 0.30452 5185.47
 0.30464 5184.02
 0.30476 5182.57
 0.30488 5181.11
 0.305 5179.64
 0.30512 5178.17
 0.30524 5176.68
 0.30536 5175.19
 0.30548 5173.69
 0.3056 5172.18
 0.30572 5170.67
 0.30584 5169.15
 0.30596 5167.62
 0.30608 5166.08
 0.3062 5164.54
 0.30632 5162.99
 0.30644 5161.43
 0.30656 5159.87
 0.30668 5158.3
 0.3068 5156.73
 0.30692 5155.15
 0.30704 5153.56
 0.30716 5151.97
 0.30728 5150.38
 0.3074 5148.78
 0.30752 5147.18
 0.30764 5145.57
 0.30776 5143.96
 0.30788 5142.35
 0.308 5140.74
 0.30812 5139.12
 0.30824 5137.5
 0.30836 5135.88
 0.30848 5134.26
 0.3086 5132.64
 0.30872 5131.02
 0.30884 5129.39
 0.30896 5127.77
 0.30908 5126.14
 0.3092 5124.52
 0.30932 5122.89
 0.30944 5121.27
 0.30956 5119.64
 0.30968 5118.01
 0.3098 5116.38
 0.30992 5114.76
 0.31004 5113.13
 0.31016 5111.5
 0.31028 5109.87
 0.3104 5108.24
 0.31052 5106.6
 0.31064 5104.97
 0.31076 5103.33
 0.31088 5101.7
 0.311 5100.06
 0.31112 5098.42
 0.31124 5096.78
 0.31136 5095.15
 0.31148 5093.51
 0.3116 5091.87
 0.31172 5090.23
 0.31184 5088.58
 0.31196 5086.94
 0.31208 5085.3
 0.3122 5083.66
 0.31232 5082.02
 0.31244 5080.38
 0.31256 5078.73
 0.31268 5077.09
 0.3128 5075.45
 0.31292 5073.8
 0.31304 5072.16
 0.31316 5070.51
 0.31328 5068.87
 0.3134 5067.23
 0.31352 5065.58
 0.31364 5063.94
 0.31376 5062.29
 0.31388 5060.64
 0.314 5059
 0.31412 5057.35
 0.31424 5055.7
 0.31436 5054.05
 0.31448 5052.41
 0.3146 5050.76
 0.31472 5049.11
 0.31484 5047.46
 0.31496 5045.81
 0.31508 5044.16
 0.3152 5042.51
 0.31532 5040.86
 0.31544 5039.21
 0.31556 5037.56
 0.31568 5035.91
 0.3158 5034.26
 0.31592 5032.61
 0.31604 5030.96
 0.31616 5029.31
 0.31628 5027.66
 0.3164 5026.01
 0.31652 5024.36
 0.31664 5022.71
 0.31676 5021.06
 0.31688 5019.41
 0.317 5017.76
 0.31712 5016.11
 0.31724 5014.46
 0.31736 5012.81
 0.31748 5011.16
 0.3176 5009.51
 0.31772 5007.86
 0.31784 5006.21
 0.31796 5004.55
 0.31808 5002.9
 0.3182 5001.25
 0.31832 4999.59
 0.31844 4997.93
 0.31856 4996.28
 0.31868 4994.62
 0.3188 4992.96
 0.31892 4991.29
 0.31904 4989.63
 0.31916 4987.96
 0.31928 4986.29
 0.3194 4984.62
 0.31952 4982.95
 0.31964 4981.28
 0.31976 4979.6
 0.31988 4977.93
 0.32 4976.25
 0.32012 4974.57
 0.32024 4972.89
 0.32036 4971.21
 0.32048 4969.52
 0.3206 4967.84
 0.32072 4966.15
 0.32084 4964.46
 0.32096 4962.77
 0.32108 4961.08
 0.3212 4959.39
 0.32132 4957.7
 0.32144 4956.01
 0.32156 4954.31
 0.32168 4952.62
 0.3218 4950.92
 0.32192 4949.23
 0.32204 4947.53
 0.32216 4945.83
 0.32228 4944.13
 0.3224 4942.43
 0.32252 4940.73
 0.32264 4939.03
 0.32276 4937.33
 0.32288 4935.63
 0.323 4933.92
 0.32312 4932.22
 0.32324 4930.51
 0.32336 4928.8
 0.32348 4927.1
 0.3236 4925.39
 0.32372 4923.67
 0.32384 4921.96
 0.32396 4920.25
 0.32408 4918.53
 0.3242 4916.81
 0.32432 4915.1
 0.32444 4913.38
 0.32456 4911.66
 0.32468 4909.93
 0.3248 4908.21
 0.32492 4906.48
 0.32504 4904.76
 0.32516 4903.03
 0.32528 4901.3
 0.3254 4899.57
 0.32552 4897.83
 0.32564 4896.1
 0.32576 4894.36
 0.32588 4892.62
 0.326 4890.88
 0.32612 4889.14
 0.32624 4887.4
 0.32636 4885.66
 0.32648 4883.91
 0.3266 4882.17
 0.32672 4880.43
 0.32684 4878.68
 0.32696 4876.94
 0.32708 4875.19
 0.3272 4873.45
 0.32732 4871.71
 0.32744 4869.97
 0.32756 4868.23
 0.32768 4866.49
 0.3278 4864.75
 0.32792 4863.02
 0.32804 4861.29
 0.32816 4859.56
 0.32828 4857.84
 0.3284 4856.12
 0.32852 4854.4
 0.32864 4852.69
 0.32876 4850.98
 0.32888 4849.27
 0.329 4847.57
 0.32912 4845.88
 0.32924 4844.19
 0.32936 4842.5
 0.32948 4840.82
 0.3296 4839.14
 0.32972 4837.46
 0.32984 4835.79
 0.32996 4834.12
 0.33008 4832.46
 0.3302 4830.8
 0.33032 4829.14
 0.33044 4827.49
 0.33056 4825.84
 0.33068 4824.19
 0.3308 4822.55
 0.33092 4820.9
 0.33104 4819.26
 0.33116 4817.62
 0.33128 4815.98
 0.3314 4814.35
 0.33152 4812.71
 0.33164 4811.08
 0.33176 4809.45
 0.33188 4807.81
 0.332 4806.18
 0.33212 4804.55
 0.33224 4802.91
 0.33236 4801.28
 0.33248 4799.65
 0.3326 4798.01
 0.33272 4796.37
 0.33284 4794.73
 0.33296 4793.09
 0.33308 4791.45
 0.3332 4789.8
 0.33332 4788.15
 0.33344 4786.5
 0.33356 4784.84
 0.33368 4783.18
 0.3338 4781.52
 0.33392 4779.85
 0.33404 4778.18
 0.33416 4776.51
 0.33428 4774.83
 0.3344 4773.14
 0.33452 4771.46
 0.33464 4769.76
 0.33476 4768.07
 0.33488 4766.37
 0.335 4764.66
 0.33512 4762.95
 0.33524 4761.23
 0.33536 4759.51
 0.33548 4757.79
 0.3356 4756.06
 0.33572 4754.32
 0.33584 4752.58
 0.33596 4750.83
 0.33608 4749.08
 0.3362 4747.32
 0.33632 4745.56
 0.33644 4743.79
 0.33656 4742.01
 0.33668 4740.23
 0.3368 4738.44
 0.33692 4736.65
 0.33704 4734.85
 0.33716 4733.04
 0.33728 4731.22
 0.3374 4729.4
 0.33752 4727.57
 0.33764 4725.73
 0.33776 4723.89
 0.33788 4722.03
 0.338 4720.17
 0.33812 4718.3
 0.33824 4716.43
 0.33836 4714.54
 0.33848 4712.65
 0.3386 4710.75
 0.33872 4708.84
 0.33884 4706.92
 0.33896 4704.99
 0.33908 4703.06
 0.3392 4701.12
 0.33932 4699.17
 0.33944 4697.21
 0.33956 4695.24
 0.33968 4693.27
 0.3398 4691.29
 0.33992 4689.3
 0.34004 4687.31
 0.34016 4685.31
 0.34028 4683.3
 0.3404 4681.28
 0.34052 4679.26
 0.34064 4677.23
 0.34076 4675.2
 0.34088 4673.16
 0.341 4671.12
 0.34112 4669.07
 0.34124 4667.01
 0.34136 4664.95
 0.34148 4662.89
 0.3416 4660.81
 0.34172 4658.74
 0.34184 4656.66
 0.34196 4654.57
 0.34208 4652.48
 0.3422 4650.38
 0.34232 4648.28
 0.34244 4646.18
 0.34256 4644.07
 0.34268 4641.96
 0.3428 4639.85
 0.34292 4637.73
 0.34304 4635.61
 0.34316 4633.49
 0.34328 4631.36
 0.3434 4629.23
 0.34352 4627.1
 0.34364 4624.97
 0.34376 4622.84
 0.34388 4620.7
 0.344 4618.57
 0.34412 4616.43
 0.34424 4614.3
 0.34436 4612.16
 0.34448 4610.02
 0.3446 4607.89
 0.34472 4605.75
 0.34484 4603.62
 0.34496 4601.49
 0.34508 4599.35
 0.3452 4597.22
 0.34532 4595.09
 0.34544 4592.96
 0.34556 4590.83
 0.34568 4588.7
 0.3458 4586.57
 0.34592 4584.45
 0.34604 4582.32
 0.34616 4580.2
 0.34628 4578.08
 0.3464 4575.96
 0.34652 4573.85
 0.34664 4571.73
 0.34676 4569.62
 0.34688 4567.51
 0.347 4565.4
 0.34712 4563.29
 0.34724 4561.19
 0.34736 4559.08
 0.34748 4556.99
 0.3476 4554.89
 0.34772 4552.79
 0.34784 4550.7
 0.34796 4548.61
 0.34808 4546.53
 0.3482 4544.45
 0.34832 4542.37
 0.34844 4540.29
 0.34856 4538.22
 0.34868 4536.16
 0.3488 4534.09
 0.34892 4532.04
 0.34904 4529.98
 0.34916 4527.93
 0.34928 4525.89
 0.3494 4523.85
 0.34952 4521.82
 0.34964 4519.79
 0.34976 4517.77
 0.34988 4515.75
 0.35 4513.73
 0.35012 4511.73
 0.35024 4509.73
 0.35036 4507.73
 0.35048 4505.74
 0.3506 4503.75
 0.35072 4501.78
 0.35084 4499.8
 0.35096 4497.84
 0.35108 4495.88
 0.3512 4493.92
 0.35132 4491.97
 0.35144 4490.03
 0.35156 4488.1
 0.35168 4486.17
 0.3518 4484.24
 0.35192 4482.33
 0.35204 4480.42
 0.35216 4478.51
 0.35228 4476.62
 0.3524 4474.73
 0.35252 4472.85
 0.35264 4470.97
 0.35276 4469.1
 0.35288 4467.24
 0.353 4465.39
 0.35312 4463.55
 0.35324 4461.71
 0.35336 4459.89
 0.35348 4458.07
 0.3536 4456.26
 0.35372 4454.46
 0.35384 4452.67
 0.35396 4450.89
 0.35408 4449.12
 0.3542 4447.36
 0.35432 4445.61
 0.35444 4443.87
 0.35456 4442.13
 0.35468 4440.41
 0.3548 4438.7
 0.35492 4437
 0.35504 4435.31
 0.35516 4433.63
 0.35528 4431.97
 0.3554 4430.31
 0.35552 4428.67
 0.35564 4427.03
 0.35576 4425.41
 0.35588 4423.8
 0.356 4422.2
 0.35612 4420.61
 0.35624 4419.04
 0.35636 4417.47
 0.35648 4415.92
 0.3566 4414.38
 0.35672 4412.85
 0.35684 4411.33
 0.35696 4409.82
 0.35708 4408.32
 0.3572 4406.84
 0.35732 4405.37
 0.35744 4403.91
 0.35756 4402.46
 0.35768 4401.02
 0.3578 4399.59
 0.35792 4398.17
 0.35804 4396.77
 0.35816 4395.38
 0.35828 4394
 0.3584 4392.63
 0.35852 4391.27
 0.35864 4389.93
 0.35876 4388.59
 0.35888 4387.27
 0.359 4385.97
 0.35912 4384.67
 0.35924 4383.39
 0.35936 4382.12
 0.35948 4380.87
 0.3596 4379.63
 0.35972 4378.4
 0.35984 4377.19
 0.35996 4376
 0.36008 4374.82
 0.3602 4373.66
 0.36032 4372.51
 0.36044 4371.38
 0.36056 4370.27
 0.36068 4369.18
 0.3608 4368.11
 0.36092 4367.06
 0.36104 4366.02
 0.36116 4365.01
 0.36128 4364.02
 0.3614 4363.05
 0.36152 4362.1
 0.36164 4361.18
 0.36176 4360.27
 0.36188 4359.4
 0.362 4358.54
 0.36212 4357.71
 0.36224 4356.9
 0.36236 4356.12
 0.36248 4355.37
 0.3626 4354.64
 0.36272 4353.94
 0.36284 4353.26
 0.36296 4352.62
 0.36308 4352
 0.3632 4351.41
 0.36332 4350.84
 0.36344 4350.31
 0.36356 4349.8
 0.36368 4349.33
 0.3638 4348.88
 0.36392 4348.47
 0.36404 4348.08
 0.36416 4347.73
 0.36428 4347.41
 0.3644 4347.12
 0.36452 4346.86
 0.36464 4346.63
 0.36476 4346.43
 0.36488 4346.27
 0.365 4346.14
 0.36512 4346.04
 0.36524 4345.98
 0.36536 4345.95
 0.36548 4345.95
 0.3656 4345.99
 0.36572 4346.06
 0.36584 4346.16
 0.36596 4346.3
 0.36608 4346.47
 0.3662 4346.68
 0.36632 4346.92
 0.36644 4347.2
 0.36656 4347.51
 0.36668 4347.86
 0.3668 4348.25
 0.36692 4348.67
 0.36704 4349.12
 0.36716 4349.62
 0.36728 4350.15
 0.3674 4350.71
 0.36752 4351.31
 0.36764 4351.95
 0.36776 4352.63
 0.36788 4353.34
 0.368 4354.09
 0.36812 4354.87
 0.36824 4355.7
 0.36836 4356.55
 0.36848 4357.45
 0.3686 4358.38
 0.36872 4359.35
 0.36884 4360.36
 0.36896 4361.4
 0.36908 4362.47
 0.3692 4363.59
 0.36932 4364.74
 0.36944 4365.92
 0.36956 4367.15
 0.36968 4368.41
 0.3698 4369.7
 0.36992 4371.03
 0.37004 4372.4
 0.37016 4373.8
 0.37028 4375.24
 0.3704 4376.71
 0.37052 4378.22
 0.37064 4379.76
 0.37076 4381.34
 0.37088 4382.95
 0.371 4384.6
 0.37112 4386.29
 0.37124 4388.01
 0.37136 4389.76
 0.37148 4391.55
 0.3716 4393.37
 0.37172 4395.22
 0.37184 4397.12
 0.37196 4399.04
 0.37208 4401
 0.3722 4402.99
 0.37232 4405.02
 0.37244 4407.08
 0.37256 4409.18
 0.37268 4411.31
 0.3728 4413.47
 0.37292 4415.66
 0.37304 4417.89
 0.37316 4420.15
 0.37328 4422.44
 0.3734 4424.77
 0.37352 4427.12
 0.37364 4429.51
 0.37376 4431.93
 0.37388 4434.39
 0.374 4436.87
 0.37412 4439.39
 0.37424 4441.93
 0.37436 4444.51
 0.37448 4447.12
 0.3746 4449.76
 0.37472 4452.43
 0.37484 4455.13
 0.37496 4457.86
 0.37508 4460.62
 0.3752 4463.41
 0.37532 4466.24
 0.37544 4469.09
 0.37556 4471.97
 0.37568 4474.89
 0.3758 4477.83
 0.37592 4480.81
 0.37604 4483.81
 0.37616 4486.85
 0.37628 4489.91
 0.3764 4493.01
 0.37652 4496.14
 0.37664 4499.3
 0.37676 4502.49
 0.37688 4505.71
 0.377 4508.96
 0.37712 4512.24
 0.37724 4515.56
 0.37736 4518.91
 0.37748 4522.29
 0.3776 4525.7
 0.37772 4529.14
 0.37784 4532.62
 0.37796 4536.13
 0.37808 4539.67
 0.3782 4543.24
 0.37832 4546.85
 0.37844 4550.49
 0.37856 4554.16
 0.37868 4557.86
 0.3788 4561.6
 0.37892 4565.37
 0.37904 4569.17
 0.37916 4573
 0.37928 4576.86
 0.3794 4580.76
 0.37952 4584.69
 0.37964 4588.64
 0.37976 4592.64
 0.37988 4596.66
 0.38 4600.71
 0.38012 4604.8
 0.38024 4608.91
 0.38036 4613.06
 0.38048 4617.24
 0.3806 4621.45
 0.38072 4625.69
 0.38084 4629.97
 0.38096 4634.27
 0.38108 4638.6
 0.3812 4642.97
 0.38132 4647.37
 0.38144 4651.79
 0.38156 4656.25
 0.38168 4660.74
 0.3818 4665.26
 0.38192 4669.81
 0.38204 4674.39
 0.38216 4679
 0.38228 4683.64
 0.3824 4688.31
 0.38252 4693.01
 0.38264 4697.74
 0.38276 4702.5
 0.38288 4707.29
 0.383 4712.11
 0.38312 4716.96
 0.38324 4721.84
 0.38336 4726.74
 0.38348 4731.67
 0.3836 4736.63
 0.38372 4741.62
 0.38384 4746.64
 0.38396 4751.68
 0.38408 4756.75
 0.3842 4761.85
 0.38432 4766.98
 0.38444 4772.13
 0.38456 4777.3
 0.38468 4782.51
 0.3848 4787.73
 0.38492 4792.99
 0.38504 4798.27
 0.38516 4803.57
 0.38528 4808.9
 0.3854 4814.25
 0.38552 4819.63
 0.38564 4825.03
 0.38576 4830.45
 0.38588 4835.9
 0.386 4841.37
 0.38612 4846.87
 0.38624 4852.39
 0.38636 4857.93
 0.38648 4863.49
 0.3866 4869.08
 0.38672 4874.68
 0.38684 4880.31
 0.38696 4885.95
 0.38708 4891.62
 0.3872 4897.3
 0.38732 4903.01
 0.38744 4908.73
 0.38756 4914.47
 0.38768 4920.22
 0.3878 4926
 0.38792 4931.78
 0.38804 4937.59
 0.38816 4943.41
 0.38828 4949.24
 0.3884 4955.09
 0.38852 4960.95
 0.38864 4966.83
 0.38876 4972.72
 0.38888 4978.62
 0.389 4984.53
 0.38912 4990.45
 0.38924 4996.38
 0.38936 5002.32
 0.38948 5008.27
 0.3896 5014.23
 0.38972 5020.2
 0.38984 5026.17
 0.38996 5032.15
 0.39008 5038.13
 0.3902 5044.12
 0.39032 5050.11
 0.39044 5056.1
 0.39056 5062.1
 0.39068 5068.1
 0.3908 5074.09
 0.39092 5080.09
 0.39104 5086.09
 0.39116 5092.09
 0.39128 5098.08
 0.3914 5104.07
 0.39152 5110.06
 0.39164 5116.04
 0.39176 5122.02
 0.39188 5127.99
 0.392 5133.95
 0.39212 5139.91
 0.39224 5145.85
 0.39236 5151.79
 0.39248 5157.73
 0.3926 5163.65
 0.39272 5169.56
 0.39284 5175.46
 0.39296 5181.35
 0.39308 5187.22
 0.3932 5193.09
 0.39332 5198.94
 0.39344 5204.78
 0.39356 5210.6
 0.39368 5216.41
 0.3938 5222.21
 0.39392 5227.99
 0.39404 5233.75
 0.39416 5239.5
 0.39428 5245.23
 0.3944 5250.94
 0.39452 5256.64
 0.39464 5262.32
 0.39476 5267.98
 0.39488 5273.62
 0.395 5279.24
 0.39512 5284.84
 0.39524 5290.42
 0.39536 5295.99
 0.39548 5301.53
 0.3956 5307.05
 0.39572 5312.55
 0.39584 5318.03
 0.39596 5323.49
 0.39608 5328.92
 0.3962 5334.34
 0.39632 5339.73
 0.39644 5345.09
 0.39656 5350.44
 0.39668 5355.76
 0.3968 5361.06
 0.39692 5366.33
 0.39704 5371.58
 0.39716 5376.8
 0.39728 5382
 0.3974 5387.17
 0.39752 5392.32
 0.39764 5397.45
 0.39776 5402.54
 0.39788 5407.62
 0.398 5412.67
 0.39812 5417.69
 0.39824 5422.69
 0.39836 5427.67
 0.39848 5432.62
 0.3986 5437.54
 0.39872 5442.44
 0.39884 5447.31
 0.39896 5452.16
 0.39908 5456.98
 0.3992 5461.78
 0.39932 5466.55
 0.39944 5471.29
 0.39956 5476.01
 0.39968 5480.71
 0.3998 5485.37
 0.39992 5490.01
 0.40004 5494.62
 0.40016 5499.21
 0.40028 5503.77
 0.4004 5508.31
 0.40052 5512.81
 0.40064 5517.29
 0.40076 5521.75
 0.40088 5526.17
 0.401 5530.57
 0.40112 5534.94
 0.40124 5539.28
 0.40136 5543.6
 0.40148 5547.88
 0.4016 5552.14
 0.40172 5556.37
 0.40184 5560.57
 0.40196 5564.74
 0.40208 5568.88
 0.4022 5572.99
 0.40232 5577.07
 0.40244 5581.12
 0.40256 5585.13
 0.40268 5589.12
 0.4028 5593.08
 0.40292 5597
 0.40304 5600.9
 0.40316 5604.76
 0.40328 5608.59
 0.4034 5612.39
 0.40352 5616.15
 0.40364 5619.88
 0.40376 5623.58
 0.40388 5627.25
 0.404 5630.88
 0.40412 5634.48
 0.40424 5638.05
 0.40436 5641.58
 0.40448 5645.07
 0.4046 5648.54
 0.40472 5651.97
 0.40484 5655.36
 0.40496 5658.72
 0.40508 5662.04
 0.4052 5665.33
 0.40532 5668.58
 0.40544 5671.79
 0.40556 5674.97
 0.40568 5678.11
 0.4058 5681.22
 0.40592 5684.28
 0.40604 5687.31
 0.40616 5690.3
 0.40628 5693.25
 0.4064 5696.16
 0.40652 5699.03
 0.40664 5701.86
 0.40676 5704.66
 0.40688 5707.41
 0.407 5710.12
 0.40712 5712.79
 0.40724 5715.41
 0.40736 5718
 0.40748 5720.54
 0.4076 5723.03
 0.40772 5725.49
 0.40784 5727.9
 0.40796 5730.26
 0.40808 5732.58
 0.4082 5734.86
 0.40832 5737.09
 0.40844 5739.27
 0.40856 5741.41
 0.40868 5743.51
 0.4088 5745.56
 0.40892 5747.57
 0.40904 5749.53
 0.40916 5751.44
 0.40928 5753.31
 0.4094 5755.13
 0.40952 5756.91
 0.40964 5758.64
 0.40976 5760.33
 0.40988 5761.97
 0.41 5763.57
 0.41012 5765.12
 0.41024 5766.62
 0.41036 5768.08
 0.41048 5769.49
 0.4106 5770.86
 0.41072 5772.18
 0.41084 5773.46
 0.41096 5774.69
 0.41108 5775.87
 0.4112 5777.01
 0.41132 5778.11
 0.41144 5779.15
 0.41156 5780.15
 0.41168 5781.11
 0.4118 5782.02
 0.41192 5782.88
 0.41204 5783.7
 0.41216 5784.48
 0.41228 5785.2
 0.4124 5785.89
 0.41252 5786.52
 0.41264 5787.11
 0.41276 5787.66
 0.41288 5788.16
 0.413 5788.62
 0.41312 5789.03
 0.41324 5789.4
 0.41336 5789.73
 0.41348 5790.01
 0.4136 5790.24
 0.41372 5790.44
 0.41384 5790.59
 0.41396 5790.69
 0.41408 5790.75
 0.4142 5790.77
 0.41432 5790.75
 0.41444 5790.68
 0.41456 5790.57
 0.41468 5790.42
 0.4148 5790.23
 0.41492 5789.99
 0.41504 5789.71
 0.41516 5789.39
 0.41528 5789.03
 0.4154 5788.62
 0.41552 5788.17
 0.41564 5787.68
 0.41576 5787.15
 0.41588 5786.58
 0.416 5785.96
 0.41612 5785.3
 0.41624 5784.6
 0.41636 5783.86
 0.41648 5783.08
 0.4166 5782.26
 0.41672 5781.39
 0.41684 5780.49
 0.41696 5779.55
 0.41708 5778.58
 0.4172 5777.56
 0.41732 5776.51
 0.41744 5775.42
 0.41756 5774.29
 0.41768 5773.13
 0.4178 5771.94
 0.41792 5770.71
 0.41804 5769.44
 0.41816 5768.15
 0.41828 5766.82
 0.4184 5765.45
 0.41852 5764.05
 0.41864 5762.63
 0.41876 5761.16
 0.41888 5759.67
 0.419 5758.15
 0.41912 5756.6
 0.41924 5755.02
 0.41936 5753.4
 0.41948 5751.76
 0.4196 5750.1
 0.41972 5748.4
 0.41984 5746.67
 0.41996 5744.92
 0.42008 5743.15
 0.4202 5741.34
 0.42032 5739.52
 0.42044 5737.66
 0.42056 5735.78
 0.42068 5733.88
 0.4208 5731.96
 0.42092 5730.01
 0.42104 5728.04
 0.42116 5726.05
 0.42128 5724.03
 0.4214 5722
 0.42152 5719.94
 0.42164 5717.87
 0.42176 5715.77
 0.42188 5713.66
 0.422 5711.52
 0.42212 5709.37
 0.42224 5707.2
 0.42236 5705.01
 0.42248 5702.8
 0.4226 5700.57
 0.42272 5698.33
 0.42284 5696.08
 0.42296 5693.8
 0.42308 5691.51
 0.4232 5689.21
 0.42332 5686.88
 0.42344 5684.55
 0.42356 5682.2
 0.42368 5679.83
 0.4238 5677.45
 0.42392 5675.06
 0.42404 5672.65
 0.42416 5670.23
 0.42428 5667.79
 0.4244 5665.34
 0.42452 5662.88
 0.42464 5660.41
 0.42476 5657.92
 0.42488 5655.43
 0.425 5652.92
 0.42512 5650.4
 0.42524 5647.86
 0.42536 5645.32
 0.42548 5642.76
 0.4256 5640.2
 0.42572 5637.62
 0.42584 5635.03
 0.42596 5632.44
 0.42608 5629.83
 0.4262 5627.21
 0.42632 5624.58
 0.42644 5621.95
 0.42656 5619.3
 0.42668 5616.65
 0.4268 5613.98
 0.42692 5611.31
 0.42704 5608.63
 0.42716 5605.95
 0.42728 5603.25
 0.4274 5600.55
 0.42752 5597.84
 0.42764 5595.12
 0.42776 5592.4
 0.42788 5589.66
 0.428 5586.92
 0.42812 5584.17
 0.42824 5581.41
 0.42836 5578.64
 0.42848 5575.87
 0.4286 5573.09
 0.42872 5570.3
 0.42884 5567.5
 0.42896 5564.7
 0.42908 5561.88
 0.4292 5559.07
 0.42932 5556.24
 0.42944 5553.41
 0.42956 5550.57
 0.42968 5547.72
 0.4298 5544.86
 0.42992 5542
 0.43004 5539.14
 0.43016 5536.26
 0.43028 5533.39
 0.4304 5530.5
 0.43052 5527.61
 0.43064 5524.71
 0.43076 5521.81
 0.43088 5518.9
 0.431 5515.99
 0.43112 5513.07
 0.43124 5510.15
 0.43136 5507.22
 0.43148 5504.29
 0.4316 5501.35
 0.43172 5498.41
 0.43184 5495.47
 0.43196 5492.53
 0.43208 5489.58
 0.4322 5486.64
 0.43232 5483.69
 0.43244 5480.74
 0.43256 5477.79
 0.43268 5474.84
 0.4328 5471.89
 0.43292 5468.94
 0.43304 5465.99
 0.43316 5463.04
 0.43328 5460.1
 0.4334 5457.16
 0.43352 5454.21
 0.43364 5451.28
 0.43376 5448.34
 0.43388 5445.41
 0.434 5442.48
 0.43412 5439.56
 0.43424 5436.63
 0.43436 5433.72
 0.43448 5430.81
 0.4346 5427.9
 0.43472 5425
 0.43484 5422.1
 0.43496 5419.21
 0.43508 5416.33
 0.4352 5413.45
 0.43532 5410.58
 0.43544 5407.72
 0.43556 5404.87
 0.43568 5402.02
 0.4358 5399.18
 0.43592 5396.35
 0.43604 5393.53
 0.43616 5390.72
 0.43628 5387.91
 0.4364 5385.12
 0.43652 5382.34
 0.43664 5379.57
 0.43676 5376.8
 0.43688 5374.05
 0.437 5371.32
 0.43712 5368.59
 0.43724 5365.88
 0.43736 5363.17
 0.43748 5360.49
 0.4376 5357.81
 0.43772 5355.15
 0.43784 5352.5
 0.43796 5349.87
 0.43808 5347.25
 0.4382 5344.64
 0.43832 5342.05
 0.43844 5339.47
 0.43856 5336.91
 0.43868 5334.36
 0.4388 5331.83
 0.43892 5329.31
 0.43904 5326.81
 0.43916 5324.32
 0.43928 5321.85
 0.4394 5319.39
 0.43952 5316.94
 0.43964 5314.51
 0.43976 5312.1
 0.43988 5309.7
 0.44 5307.31
 0.44012 5304.94
 0.44024 5302.59
 0.44036 5300.25
 0.44048 5297.92
 0.4406 5295.61
 0.44072 5293.32
 0.44084 5291.04
 0.44096 5288.77
 0.44108 5286.52
 0.4412 5284.28
 0.44132 5282.05
 0.44144 5279.84
 0.44156 5277.65
 0.44168 5275.46
 0.4418 5273.3
 0.44192 5271.14
 0.44204 5269
 0.44216 5266.87
 0.44228 5264.76
 0.4424 5262.66
 0.44252 5260.57
 0.44264 5258.49
 0.44276 5256.43
 0.44288 5254.38
 0.443 5252.34
 0.44312 5250.31
 0.44324 5248.29
 0.44336 5246.28
 0.44348 5244.29
 0.4436 5242.31
 0.44372 5240.34
 0.44384 5238.38
 0.44396 5236.43
 0.44408 5234.49
 0.4442 5232.56
 0.44432 5230.64
 0.44444 5228.74
 0.44456 5226.84
 0.44468 5224.96
 0.4448 5223.08
 0.44492 5221.22
 0.44504 5219.37
 0.44516 5217.52
 0.44528 5215.69
 0.4454 5213.87
 0.44552 5212.06
 0.44564 5210.26
 0.44576 5208.48
 0.44588 5206.7
 0.446 5204.94
 0.44612 5203.18
 0.44624 5201.44
 0.44636 5199.71
 0.44648 5197.99
 0.4466 5196.29
 0.44672 5194.59
 0.44684 5192.9
 0.44696 5191.23
 0.44708 5189.56
 0.4472 5187.91
 0.44732 5186.26
 0.44744 5184.62
 0.44756 5183
 0.44768 5181.38
 0.4478 5179.77
 0.44792 5178.17
 0.44804 5176.58
 0.44816 5175
 0.44828 5173.43
 0.4484 5171.87
 0.44852 5170.31
 0.44864 5168.77
 0.44876 5167.23
 0.44888 5165.7
 0.449 5164.19
 0.44912 5162.68
 0.44924 5161.18
 0.44936 5159.68
 0.44948 5158.2
 0.4496 5156.73
 0.44972 5155.26
 0.44984 5153.8
 0.44996 5152.35
 0.45008 5150.91
 0.4502 5149.48
 0.45032 5148.05
 0.45044 5146.64
 0.45056 5145.23
 0.45068 5143.83
 0.4508 5142.44
 0.45092 5141.05
 0.45104 5139.68
 0.45116 5138.31
 0.45128 5136.95
 0.4514 5135.6
 0.45152 5134.25
 0.45164 5132.92
 0.45176 5131.6
 0.45188 5130.28
 0.452 5128.97
 0.45212 5127.67
 0.45224 5126.38
 0.45236 5125.1
 0.45248 5123.83
 0.4526 5122.56
 0.45272 5121.31
 0.45284 5120.06
 0.45296 5118.83
 0.45308 5117.6
 0.4532 5116.38
 0.45332 5115.18
 0.45344 5113.98
 0.45356 5112.79
 0.45368 5111.61
 0.4538 5110.44
 0.45392 5109.28
 0.45404 5108.14
 0.45416 5107
 0.45428 5105.87
 0.4544 5104.75
 0.45452 5103.64
 0.45464 5102.55
 0.45476 5101.46
 0.45488 5100.38
 0.455 5099.32
 0.45512 5098.26
 0.45524 5097.21
 0.45536 5096.18
 0.45548 5095.15
 0.4556 5094.14
 0.45572 5093.13
 0.45584 5092.14
 0.45596 5091.16
 0.45608 5090.18
 0.4562 5089.22
 0.45632 5088.26
 0.45644 5087.32
 0.45656 5086.38
 0.45668 5085.46
 0.4568 5084.54
 0.45692 5083.63
 0.45704 5082.73
 0.45716 5081.83
 0.45728 5080.95
 0.4574 5080.07
 0.45752 5079.2
 0.45764 5078.34
 0.45776 5077.49
 0.45788 5076.64
 0.458 5075.81
 0.45812 5074.98
 0.45824 5074.16
 0.45836 5073.35
 0.45848 5072.55
 0.4586 5071.75
 0.45872 5070.97
 0.45884 5070.19
 0.45896 5069.42
 0.45908 5068.66
 0.4592 5067.9
 0.45932 5067.16
 0.45944 5066.42
 0.45956 5065.69
 0.45968 5064.97
 0.4598 5064.26
 0.45992 5063.55
 0.46004 5062.86
 0.46016 5062.17
 0.46028 5061.49
 0.4604 5060.82
 0.46052 5060.15
 0.46064 5059.49
 0.46076 5058.84
 0.46088 5058.2
 0.461 5057.56
 0.46112 5056.93
 0.46124 5056.31
 0.46136 5055.7
 0.46148 5055.09
 0.4616 5054.49
 0.46172 5053.89
 0.46184 5053.3
 0.46196 5052.72
 0.46208 5052.15
 0.4622 5051.57
 0.46232 5051.01
 0.46244 5050.45
 0.46256 5049.9
 0.46268 5049.35
 0.4628 5048.8
 0.46292 5048.26
 0.46304 5047.72
 0.46316 5047.19
 0.46328 5046.66
 0.4634 5046.14
 0.46352 5045.62
 0.46364 5045.1
 0.46376 5044.59
 0.46388 5044.08
 0.464 5043.57
 0.46412 5043.07
 0.46424 5042.57
 0.46436 5042.07
 0.46448 5041.58
 0.4646 5041.09
 0.46472 5040.6
 0.46484 5040.12
 0.46496 5039.64
 0.46508 5039.16
 0.4652 5038.69
 0.46532 5038.21
 0.46544 5037.75
 0.46556 5037.28
 0.46568 5036.82
 0.4658 5036.35
 0.46592 5035.9
 0.46604 5035.44
 0.46616 5034.99
 0.46628 5034.53
 0.4664 5034.08
 0.46652 5033.64
 0.46664 5033.19
 0.46676 5032.75
 0.46688 5032.31
 0.467 5031.87
 0.46712 5031.43
 0.46724 5030.99
 0.46736 5030.56
 0.46748 5030.13
 0.4676 5029.7
 0.46772 5029.27
 0.46784 5028.84
 0.46796 5028.41
 0.46808 5027.99
 0.4682 5027.57
 0.46832 5027.15
 0.46844 5026.73
 0.46856 5026.31
 0.46868 5025.89
 0.4688 5025.48
 0.46892 5025.06
 0.46904 5024.65
 0.46916 5024.24
 0.46928 5023.84
 0.4694 5023.43
 0.46952 5023.03
 0.46964 5022.62
 0.46976 5022.22
 0.46988 5021.82
 0.47 5021.43
 0.47012 5021.03
 0.47024 5020.64
 0.47036 5020.25
 0.47048 5019.86
 0.4706 5019.48
 0.47072 5019.1
 0.47084 5018.72
 0.47096 5018.35
 0.47108 5017.98
 0.4712 5017.61
 0.47132 5017.25
 0.47144 5016.89
 0.47156 5016.54
 0.47168 5016.19
 0.4718 5015.85
 0.47192 5015.51
 0.47204 5015.18
 0.47216 5014.85
 0.47228 5014.53
 0.4724 5014.21
 0.47252 5013.9
 0.47264 5013.6
 0.47276 5013.3
 0.47288 5013.02
 0.473 5012.73
 0.47312 5012.46
 0.47324 5012.19
 0.47336 5011.93
 0.47348 5011.68
 0.4736 5011.43
 0.47372 5011.19
 0.47384 5010.96
 0.47396 5010.74
 0.47408 5010.53
 0.4742 5010.32
 0.47432 5010.12
 0.47444 5009.93
 0.47456 5009.74
 0.47468 5009.57
 0.4748 5009.4
 0.47492 5009.24
 0.47504 5009.09
 0.47516 5008.95
 0.47528 5008.82
 0.4754 5008.69
 0.47552 5008.58
 0.47564 5008.47
 0.47576 5008.36
 0.47588 5008.27
 0.476 5008.18
 0.47612 5008.11
 0.47624 5008.03
 0.47636 5007.97
 0.47648 5007.91
 0.4766 5007.86
 0.47672 5007.82
 0.47684 5007.79
 0.47696 5007.76
 0.47708 5007.74
 0.4772 5007.73
 0.47732 5007.72
 0.47744 5007.73
 0.47756 5007.73
 0.47768 5007.75
 0.4778 5007.77
 0.47792 5007.8
 0.47804 5007.84
 0.47816 5007.88
 0.47828 5007.93
 0.4784 5007.99
 0.47852 5008.05
 0.47864 5008.12
 0.47876 5008.19
 0.47888 5008.27
 0.479 5008.36
 0.47912 5008.45
 0.47924 5008.54
 0.47936 5008.65
 0.47948 5008.75
 0.4796 5008.87
 0.47972 5008.99
 0.47984 5009.11
 0.47996 5009.24
 0.48008 5009.37
 0.4802 5009.51
 0.48032 5009.65
 0.48044 5009.8
 0.48056 5009.95
 0.48068 5010.11
 0.4808 5010.27
 0.48092 5010.43
 0.48104 5010.6
 0.48116 5010.77
 0.48128 5010.95
 0.4814 5011.13
 0.48152 5011.31
 0.48164 5011.5
 0.48176 5011.69
 0.48188 5011.88
 0.482 5012.08
 0.48212 5012.28
 0.48224 5012.48
 0.48236 5012.68
 0.48248 5012.89
 0.4826 5013.1
 0.48272 5013.31
 0.48284 5013.52
 0.48296 5013.74
 0.48308 5013.95
 0.4832 5014.17
 0.48332 5014.39
 0.48344 5014.61
 0.48356 5014.84
 0.48368 5015.06
 0.4838 5015.29
 0.48392 5015.51
 0.48404 5015.74
 0.48416 5015.97
 0.48428 5016.2
 0.4844 5016.43
 0.48452 5016.66
 0.48464 5016.9
 0.48476 5017.13
 0.48488 5017.36
 0.485 5017.6
 0.48512 5017.84
 0.48524 5018.07
 0.48536 5018.31
 0.48548 5018.55
 0.4856 5018.79
 0.48572 5019.04
 0.48584 5019.28
 0.48596 5019.53
 0.48608 5019.78
 0.4862 5020.03
 0.48632 5020.28
 0.48644 5020.53
 0.48656 5020.79
 0.48668 5021.05
 0.4868 5021.31
 0.48692 5021.57
 0.48704 5021.84
 0.48716 5022.11
 0.48728 5022.39
 0.4874 5022.66
 0.48752 5022.95
 0.48764 5023.23
 0.48776 5023.52
 0.48788 5023.82
 0.488 5024.12
 0.48812 5024.42
 0.48824 5024.72
 0.48836 5025.04
 0.48848 5025.35
 0.4886 5025.67
 0.48872 5025.99
 0.48884 5026.32
 0.48896 5026.66
 0.48908 5026.99
 0.4892 5027.33
 0.48932 5027.68
 0.48944 5028.03
 0.48956 5028.38
 0.48968 5028.74
 0.4898 5029.1
 0.48992 5029.47
 0.49004 5029.84
 0.49016 5030.21
 0.49028 5030.59
 0.4904 5030.98
 0.49052 5031.37
 0.49064 5031.76
 0.49076 5032.16
 0.49088 5032.57
 0.491 5032.98
 0.49112 5033.39
 0.49124 5033.81
 0.49136 5034.23
 0.49148 5034.66
 0.4916 5035.1
 0.49172 5035.54
 0.49184 5035.98
 0.49196 5036.43
 0.49208 5036.89
 0.4922 5037.34
 0.49232 5037.81
 0.49244 5038.28
 0.49256 5038.75
 0.49268 5039.23
 0.4928 5039.72
 0.49292 5040.21
 0.49304 5040.7
 0.49316 5041.2
 0.49328 5041.71
 0.4934 5042.22
 0.49352 5042.73
 0.49364 5043.25
 0.49376 5043.77
 0.49388 5044.29
 0.494 5044.82
 0.49412 5045.36
 0.49424 5045.89
 0.49436 5046.43
 0.49448 5046.98
 0.4946 5047.53
 0.49472 5048.08
 0.49484 5048.63
 0.49496 5049.19
 0.49508 5049.75
 0.4952 5050.31
 0.49532 5050.88
 0.49544 5051.44
 0.49556 5052.02
 0.49568 5052.59
 0.4958 5053.16
 0.49592 5053.74
 0.49604 5054.32
 0.49616 5054.91
 0.49628 5055.49
 0.4964 5056.08
 0.49652 5056.66
 0.49664 5057.25
 0.49676 5057.85
 0.49688 5058.44
 0.497 5059.03
 0.49712 5059.63
 0.49724 5060.22
 0.49736 5060.82
 0.49748 5061.42
 0.4976 5062.02
 0.49772 5062.62
 0.49784 5063.22
 0.49796 5063.82
 0.49808 5064.43
 0.4982 5065.03
 0.49832 5065.63
 0.49844 5066.23
 0.49856 5066.84
 0.49868 5067.44
 0.4988 5068.04
 0.49892 5068.64
 0.49904 5069.25
 0.49916 5069.85
 0.49928 5070.45
 0.4994 5071.05
 0.49952 5071.65
 0.49964 5072.25
 0.49976 5072.85
 0.49988 5073.44
 0.5 5074.04
 0.50012 5074.63
 0.50024 5075.22
 0.50036 5075.82
 0.50048 5076.4
 0.5006 5076.99
 0.50072 5077.57
 0.50084 5078.15
 0.50096 5078.73
 0.50108 5079.31
 0.5012 5079.88
 0.50132 5080.45
 0.50144 5081.02
 0.50156 5081.58
 0.50168 5082.14
 0.5018 5082.69
 0.50192 5083.25
 0.50204 5083.8
 0.50216 5084.34
 0.50228 5084.88
 0.5024 5085.42
 0.50252 5085.95
 0.50264 5086.48
 0.50276 5087
 0.50288 5087.52
 0.503 5088.03
 0.50312 5088.54
 0.50324 5089.05
 0.50336 5089.55
 0.50348 5090.05
 0.5036 5090.54
 0.50372 5091.03
 0.50384 5091.52
 0.50396 5092
 0.50408 5092.48
 0.5042 5092.95
 0.50432 5093.42
 0.50444 5093.89
 0.50456 5094.35
 0.50468 5094.8
 0.5048 5095.26
 0.50492 5095.7
 0.50504 5096.15
 0.50516 5096.58
 0.50528 5097.02
 0.5054 5097.45
 0.50552 5097.87
 0.50564 5098.3
 0.50576 5098.71
 0.50588 5099.13
 0.506 5099.54
 0.50612 5099.95
 0.50624 5100.35
 0.50636 5100.75
 0.50648 5101.15
 0.5066 5101.55
 0.50672 5101.94
 0.50684 5102.33
 0.50696 5102.72
 0.50708 5103.1
 0.5072 5103.48
 0.50732 5103.86
 0.50744 5104.24
 0.50756 5104.62
 0.50768 5105
 0.5078 5105.37
 0.50792 5105.74
 0.50804 5106.12
 0.50816 5106.49
 0.50828 5106.86
 0.5084 5107.23
 0.50852 5107.6
 0.50864 5107.97
 0.50876 5108.34
 0.50888 5108.71
 0.509 5109.08
 0.50912 5109.46
 0.50924 5109.83
 0.50936 5110.2
 0.50948 5110.58
 0.5096 5110.95
 0.50972 5111.33
 0.50984 5111.7
 0.50996 5112.08
 0.51008 5112.47
 0.5102 5112.85
 0.51032 5113.23
 0.51044 5113.62
 0.51056 5114.01
 0.51068 5114.4
 0.5108 5114.8
 0.51092 5115.2
 0.51104 5115.6
 0.51116 5116
 0.51128 5116.4
 0.5114 5116.81
 0.51152 5117.22
 0.51164 5117.64
 0.51176 5118.05
 0.51188 5118.47
 0.512 5118.9
 0.51212 5119.32
 0.51224 5119.75
 0.51236 5120.18
 0.51248 5120.62
 0.5126 5121.06
 0.51272 5121.5
 0.51284 5121.94
 0.51296 5122.38
 0.51308 5122.83
 0.5132 5123.28
 0.51332 5123.73
 0.51344 5124.18
 0.51356 5124.63
 0.51368 5125.09
 0.5138 5125.54
 0.51392 5126
 0.51404 5126.46
 0.51416 5126.92
 0.51428 5127.38
 0.5144 5127.84
 0.51452 5128.3
 0.51464 5128.76
 0.51476 5129.22
 0.51488 5129.68
 0.515 5130.14
 0.51512 5130.6
 0.51524 5131.05
 0.51536 5131.51
 0.51548 5131.97
 0.5156 5132.42
 0.51572 5132.87
 0.51584 5133.32
 0.51596 5133.77
 0.51608 5134.22
 0.5162 5134.66
 0.51632 5135.1
 0.51644 5135.55
 0.51656 5135.99
 0.51668 5136.42
 0.5168 5136.86
 0.51692 5137.29
 0.51704 5137.73
 0.51716 5138.16
 0.51728 5138.59
 0.5174 5139.01
 0.51752 5139.44
 0.51764 5139.86
 0.51776 5140.28
 0.51788 5140.69
 0.518 5141.11
 0.51812 5141.52
 0.51824 5141.93
 0.51836 5142.34
 0.51848 5142.74
 0.5186 5143.15
 0.51872 5143.55
 0.51884 5143.95
 0.51896 5144.34
 0.51908 5144.74
 0.5192 5145.13
 0.51932 5145.53
 0.51944 5145.92
 0.51956 5146.31
 0.51968 5146.7
 0.5198 5147.08
 0.51992 5147.47
 0.52004 5147.86
 0.52016 5148.25
 0.52028 5148.63
 0.5204 5149.02
 0.52052 5149.41
 0.52064 5149.79
 0.52076 5150.18
 0.52088 5150.57
 0.521 5150.95
 0.52112 5151.34
 0.52124 5151.73
 0.52136 5152.12
 0.52148 5152.51
 0.5216 5152.9
 0.52172 5153.29
 0.52184 5153.68
 0.52196 5154.07
 0.52208 5154.47
 0.5222 5154.87
 0.52232 5155.27
 0.52244 5155.67
 0.52256 5156.07
 0.52268 5156.48
 0.5228 5156.89
 0.52292 5157.31
 0.52304 5157.73
 0.52316 5158.16
 0.52328 5158.58
 0.5234 5159.02
 0.52352 5159.46
 0.52364 5159.9
 0.52376 5160.36
 0.52388 5160.81
 0.524 5161.27
 0.52412 5161.74
 0.52424 5162.22
 0.52436 5162.69
 0.52448 5163.18
 0.5246 5163.67
 0.52472 5164.17
 0.52484 5164.68
 0.52496 5165.19
 0.52508 5165.7
 0.5252 5166.23
 0.52532 5166.76
 0.52544 5167.3
 0.52556 5167.84
 0.52568 5168.39
 0.5258 5168.95
 0.52592 5169.51
 0.52604 5170.09
 0.52616 5170.67
 0.52628 5171.25
 0.5264 5171.85
 0.52652 5172.45
 0.52664 5173.06
 0.52676 5173.68
 0.52688 5174.3
 0.527 5174.94
 0.52712 5175.58
 0.52724 5176.23
 0.52736 5176.88
 0.52748 5177.55
 0.5276 5178.22
 0.52772 5178.91
 0.52784 5179.6
 0.52796 5180.3
 0.52808 5181.01
 0.5282 5181.72
 0.52832 5182.45
 0.52844 5183.18
 0.52856 5183.93
 0.52868 5184.68
 0.5288 5185.44
 0.52892 5186.21
 0.52904 5186.99
 0.52916 5187.78
 0.52928 5188.58
 0.5294 5189.39
 0.52952 5190.21
 0.52964 5191.04
 0.52976 5191.88
 0.52988 5192.73
 0.53 5193.59
 0.53012 5194.46
 0.53024 5195.34
 0.53036 5196.23
 0.53048 5197.13
 0.5306 5198.04
 0.53072 5198.97
 0.53084 5199.9
 0.53096 5200.85
 0.53108 5201.8
 0.5312 5202.77
 0.53132 5203.75
 0.53144 5204.74
 0.53156 5205.74
 0.53168 5206.75
 0.5318 5207.77
 0.53192 5208.8
 0.53204 5209.85
 0.53216 5210.9
 0.53228 5211.96
 0.5324 5213.04
 0.53252 5214.12
 0.53264 5215.22
 0.53276 5216.33
 0.53288 5217.45
 0.533 5218.57
 0.53312 5219.71
 0.53324 5220.86
 0.53336 5222.01
 0.53348 5223.18
 0.5336 5224.35
 0.53372 5225.54
 0.53384 5226.73
 0.53396 5227.94
 0.53408 5229.15
 0.5342 5230.37
 0.53432 5231.61
 0.53444 5232.85
 0.53456 5234.11
 0.53468 5235.37
 0.5348 5236.65
 0.53492 5237.93
 0.53504 5239.23
 0.53516 5240.54
 0.53528 5241.86
 0.5354 5243.19
 0.53552 5244.53
 0.53564 5245.88
 0.53576 5247.24
 0.53588 5248.61
 0.536 5249.99
 0.53612 5251.39
 0.53624 5252.79
 0.53636 5254.2
 0.53648 5255.62
 0.5366 5257.06
 0.53672 5258.5
 0.53684 5259.95
 0.53696 5261.42
 0.53708 5262.89
 0.5372 5264.37
 0.53732 5265.86
 0.53744 5267.36
 0.53756 5268.87
 0.53768 5270.39
 0.5378 5271.92
 0.53792 5273.45
 0.53804 5274.99
 0.53816 5276.55
 0.53828 5278.11
 0.5384 5279.67
 0.53852 5281.25
 0.53864 5282.83
 0.53876 5284.42
 0.53888 5286.02
 0.539 5287.62
 0.53912 5289.23
 0.53924 5290.85
 0.53936 5292.47
 0.53948 5294.1
 0.5396 5295.73
 0.53972 5297.37
 0.53984 5299.01
 0.53996 5300.66
 0.54008 5302.31
 0.5402 5303.96
 0.54032 5305.62
 0.54044 5307.28
 0.54056 5308.94
 0.54068 5310.61
 0.5408 5312.28
 0.54092 5313.95
 0.54104 5315.62
 0.54116 5317.3
 0.54128 5318.97
 0.5414 5320.65
 0.54152 5322.33
 0.54164 5324.01
 0.54176 5325.69
 0.54188 5327.37
 0.542 5329.06
 0.54212 5330.74
 0.54224 5332.43
 0.54236 5334.11
 0.54248 5335.8
 0.5426 5337.49
 0.54272 5339.18
 0.54284 5340.87
 0.54296 5342.57
 0.54308 5344.27
 0.5432 5345.97
 0.54332 5347.67
 0.54344 5349.37
 0.54356 5351.08
 0.54368 5352.79
 0.5438 5354.5
 0.54392 5356.22
 0.54404 5357.94
 0.54416 5359.66
 0.54428 5361.39
 0.5444 5363.12
 0.54452 5364.86
 0.54464 5366.6
 0.54476 5368.34
 0.54488 5370.09
 0.545 5371.84
 0.54512 5373.6
 0.54524 5375.36
 0.54536 5377.13
 0.54548 5378.91
 0.5456 5380.68
 0.54572 5382.47
 0.54584 5384.25
 0.54596 5386.04
 0.54608 5387.84
 0.5462 5389.64
 0.54632 5391.45
 0.54644 5393.26
 0.54656 5395.07
 0.54668 5396.88
 0.5468 5398.7
 0.54692 5400.52
 0.54704 5402.35
 0.54716 5404.17
 0.54728 5406
 0.5474 5407.83
 0.54752 5409.66
 0.54764 5411.49
 0.54776 5413.33
 0.54788 5415.16
 0.548 5416.99
 0.54812 5418.83
 0.54824 5420.66
 0.54836 5422.49
 0.54848 5424.33
 0.5486 5426.16
 0.54872 5427.98
 0.54884 5429.81
 0.54896 5431.63
 0.54908 5433.45
 0.5492 5435.27
 0.54932 5437.08
 0.54944 5438.89
 0.54956 5440.69
 0.54968 5442.48
 0.5498 5444.27
 0.54992 5446.06
 0.55004 5447.83
 0.55016 5449.6
 0.55028 5451.36
 0.5504 5453.11
 0.55052 5454.85
 0.55064 5456.58
 0.55076 5458.3
 0.55088 5460.02
 0.551 5461.72
 0.55112 5463.41
 0.55124 5465.08
 0.55136 5466.75
 0.55148 5468.4
 0.5516 5470.04
 0.55172 5471.67
 0.55184 5473.28
 0.55196 5474.88
 0.55208 5476.46
 0.5522 5478.02
 0.55232 5479.57
 0.55244 5481.11
 0.55256 5482.62
 0.55268 5484.12
 0.5528 5485.6
 0.55292 5487.06
 0.55304 5488.5
 0.55316 5489.93
 0.55328 5491.33
 0.5534 5492.71
 0.55352 5494.07
 0.55364 5495.42
 0.55376 5496.74
 0.55388 5498.04
 0.554 5499.32
 0.55412 5500.58
 0.55424 5501.81
 0.55436 5503.03
 0.55448 5504.23
 0.5546 5505.41
 0.55472 5506.56
 0.55484 5507.7
 0.55496 5508.81
 0.55508 5509.91
 0.5552 5510.98
 0.55532 5512.04
 0.55544 5513.07
 0.55556 5514.08
 0.55568 5515.07
 0.5558 5516.05
 0.55592 5517
 0.55604 5517.93
 0.55616 5518.84
 0.55628 5519.73
 0.5564 5520.6
 0.55652 5521.45
 0.55664 5522.29
 0.55676 5523.1
 0.55688 5523.89
 0.557 5524.66
 0.55712 5525.41
 0.55724 5526.14
 0.55736 5526.85
 0.55748 5527.54
 0.5576 5528.21
 0.55772 5528.86
 0.55784 5529.49
 0.55796 5530.1
 0.55808 5530.7
 0.5582 5531.27
 0.55832 5531.83
 0.55844 5532.36
 0.55856 5532.88
 0.55868 5533.37
 0.5588 5533.85
 0.55892 5534.31
 0.55904 5534.75
 0.55916 5535.17
 0.55928 5535.58
 0.5594 5535.96
 0.55952 5536.33
 0.55964 5536.67
 0.55976 5537
 0.55988 5537.31
 0.56 5537.6
 0.56012 5537.87
 0.56024 5538.13
 0.56036 5538.36
 0.56048 5538.58
 0.5606 5538.77
 0.56072 5538.95
 0.56084 5539.11
 0.56096 5539.25
 0.56108 5539.37
 0.5612 5539.47
 0.56132 5539.56
 0.56144 5539.62
 0.56156 5539.67
 0.56168 5539.7
 0.5618 5539.71
 0.56192 5539.7
 0.56204 5539.68
 0.56216 5539.63
 0.56228 5539.57
 0.5624 5539.49
 0.56252 5539.4
 0.56264 5539.28
 0.56276 5539.15
 0.56288 5539
 0.563 5538.83
 0.56312 5538.64
 0.56324 5538.44
 0.56336 5538.22
 0.56348 5537.98
 0.5636 5537.72
 0.56372 5537.45
 0.56384 5537.16
 0.56396 5536.85
 0.56408 5536.52
 0.5642 5536.17
 0.56432 5535.8
 0.56444 5535.42
 0.56456 5535.01
 0.56468 5534.58
 0.5648 5534.13
 0.56492 5533.65
 0.56504 5533.16
 0.56516 5532.64
 0.56528 5532.1
 0.5654 5531.54
 0.56552 5530.96
 0.56564 5530.35
 0.56576 5529.71
 0.56588 5529.06
 0.566 5528.38
 0.56612 5527.67
 0.56624 5526.94
 0.56636 5526.19
 0.56648 5525.41
 0.5666 5524.6
 0.56672 5523.77
 0.56684 5522.92
 0.56696 5522.04
 0.56708 5521.13
 0.5672 5520.2
 0.56732 5519.24
 0.56744 5518.25
 0.56756 5517.24
 0.56768 5516.2
 0.5678 5515.14
 0.56792 5514.04
 0.56804 5512.92
 0.56816 5511.77
 0.56828 5510.6
 0.5684 5509.4
 0.56852 5508.17
 0.56864 5506.91
 0.56876 5505.62
 0.56888 5504.31
 0.569 5502.97
 0.56912 5501.6
 0.56924 5500.2
 0.56936 5498.78
 0.56948 5497.32
 0.5696 5495.85
 0.56972 5494.34
 0.56984 5492.81
 0.56996 5491.25
 0.57008 5489.67
 0.5702 5488.06
 0.57032 5486.42
 0.57044 5484.76
 0.57056 5483.07
 0.57068 5481.36
 0.5708 5479.63
 0.57092 5477.87
 0.57104 5476.08
 0.57116 5474.27
 0.57128 5472.44
 0.5714 5470.58
 0.57152 5468.7
 0.57164 5466.79
 0.57176 5464.86
 0.57188 5462.91
 0.572 5460.93
 0.57212 5458.93
 0.57224 5456.91
 0.57236 5454.86
 0.57248 5452.79
 0.5726 5450.69
 0.57272 5448.58
 0.57284 5446.44
 0.57296 5444.27
 0.57308 5442.08
 0.5732 5439.87
 0.57332 5437.64
 0.57344 5435.38
 0.57356 5433.1
 0.57368 5430.8
 0.5738 5428.47
 0.57392 5426.12
 0.57404 5423.75
 0.57416 5421.35
 0.57428 5418.94
 0.5744 5416.49
 0.57452 5414.03
 0.57464 5411.54
 0.57476 5409.03
 0.57488 5406.5
 0.575 5403.95
 0.57512 5401.37
 0.57524 5398.77
 0.57536 5396.15
 0.57548 5393.51
 0.5756 5390.84
 0.57572 5388.16
 0.57584 5385.45
 0.57596 5382.73
 0.57608 5379.98
 0.5762 5377.21
 0.57632 5374.43
 0.57644 5371.62
 0.57656 5368.8
 0.57668 5365.96
 0.5768 5363.1
 0.57692 5360.22
 0.57704 5357.32
 0.57716 5354.41
 0.57728 5351.49
 0.5774 5348.55
 0.57752 5345.59
 0.57764 5342.62
 0.57776 5339.64
 0.57788 5336.64
 0.578 5333.64
 0.57812 5330.62
 0.57824 5327.59
 0.57836 5324.55
 0.57848 5321.5
 0.5786 5318.44
 0.57872 5315.37
 0.57884 5312.3
 0.57896 5309.22
 0.57908 5306.13
 0.5792 5303.04
 0.57932 5299.94
 0.57944 5296.85
 0.57956 5293.74
 0.57968 5290.64
 0.5798 5287.53
 0.57992 5284.43
 0.58004 5281.32
 0.58016 5278.21
 0.58028 5275.11
 0.5804 5272
 0.58052 5268.9
 0.58064 5265.81
 0.58076 5262.72
 0.58088 5259.63
 0.581 5256.55
 0.58112 5253.47
 0.58124 5250.4
 0.58136 5247.34
 0.58148 5244.29
 0.5816 5241.24
 0.58172 5238.2
 0.58184 5235.18
 0.58196 5232.16
 0.58208 5229.16
 0.5822 5226.16
 0.58232 5223.18
 0.58244 5220.22
 0.58256 5217.26
 0.58268 5214.32
 0.5828 5211.39
 0.58292 5208.48
 0.58304 5205.59
 0.58316 5202.71
 0.58328 5199.84
 0.5834 5197
 0.58352 5194.17
 0.58364 5191.35
 0.58376 5188.56
 0.58388 5185.78
 0.584 5183.02
 0.58412 5180.27
 0.58424 5177.55
 0.58436 5174.84
 0.58448 5172.14
 0.5846 5169.47
 0.58472 5166.81
 0.58484 5164.17
 0.58496 5161.55
 0.58508 5158.94
 0.5852 5156.36
 0.58532 5153.79
 0.58544 5151.23
 0.58556 5148.7
 0.58568 5146.18
 0.5858 5143.67
 0.58592 5141.19
 0.58604 5138.72
 0.58616 5136.27
 0.58628 5133.84
 0.5864 5131.42
 0.58652 5129.02
 0.58664 5126.64
 0.58676 5124.28
 0.58688 5121.93
 0.587 5119.6
 0.58712 5117.28
 0.58724 5114.99
 0.58736 5112.71
 0.58748 5110.45
 0.5876 5108.2
 0.58772 5105.97
 0.58784 5103.75
 0.58796 5101.55
 0.58808 5099.37
 0.5882 5097.2
 0.58832 5095.05
 0.58844 5092.91
 0.58856 5090.79
 0.58868 5088.68
 0.5888 5086.59
 0.58892 5084.51
 0.58904 5082.45
 0.58916 5080.4
 0.58928 5078.36
 0.5894 5076.34
 0.58952 5074.33
 0.58964 5072.34
 0.58976 5070.36
 0.58988 5068.4
 0.59 5066.44
 0.59012 5064.51
 0.59024 5062.59
 0.59036 5060.68
 0.59048 5058.78
 0.5906 5056.9
 0.59072 5055.04
 0.59084 5053.19
 0.59096 5051.35
 0.59108 5049.53
 0.5912 5047.72
 0.59132 5045.93
 0.59144 5044.15
 0.59156 5042.38
 0.59168 5040.63
 0.5918 5038.89
 0.59192 5037.17
 0.59204 5035.46
 0.59216 5033.77
 0.59228 5032.09
 0.5924 5030.43
 0.59252 5028.78
 0.59264 5027.15
 0.59276 5025.53
 0.59288 5023.93
 0.593 5022.34
 0.59312 5020.77
 0.59324 5019.21
 0.59336 5017.68
 0.59348 5016.15
 0.5936 5014.65
 0.59372 5013.16
 0.59384 5011.68
 0.59396 5010.23
 0.59408 5008.79
 0.5942 5007.38
 0.59432 5005.98
 0.59444 5004.61
 0.59456 5003.25
 0.59468 5001.92
 0.5948 5000.61
 0.59492 4999.32
 0.59504 4998.06
 0.59516 4996.82
 0.59528 4995.6
 0.5954 4994.42
 0.59552 4993.25
 0.59564 4992.12
 0.59576 4991.01
 0.59588 4989.93
 0.596 4988.88
 0.59612 4987.86
 0.59624 4986.86
 0.59636 4985.9
 0.59648 4984.96
 0.5966 4984.06
 0.59672 4983.18
 0.59684 4982.34
 0.59696 4981.53
 0.59708 4980.75
 0.5972 4980.01
 0.59732 4979.3
 0.59744 4978.62
 0.59756 4977.98
 0.59768 4977.37
 0.5978 4976.8
 0.59792 4976.26
 0.59804 4975.77
 0.59816 4975.31
 0.59828 4974.88
 0.5984 4974.5
 0.59852 4974.15
 0.59864 4973.85
 0.59876 4973.58
 0.59888 4973.36
 0.599 4973.18
 0.59912 4973.03
 0.59924 4972.93
 0.59936 4972.88
 0.59948 4972.86
 0.5996 4972.89
 0.59972 4972.96
 0.59984 4973.07
 0.59996 4973.23
 0.60008 4973.43
 0.6002 4973.67
 0.60032 4973.96
 0.60044 4974.3
 0.60056 4974.67
 0.60068 4975.1
 0.6008 4975.56
 0.60092 4976.07
 0.60104 4976.63
 0.60116 4977.23
 0.60128 4977.88
 0.6014 4978.57
 0.60152 4979.31
 0.60164 4980.1
 0.60176 4980.93
 0.60188 4981.8
 0.602 4982.73
 0.60212 4983.7
 0.60224 4984.71
 0.60236 4985.77
 0.60248 4986.88
 0.6026 4988.03
 0.60272 4989.23
 0.60284 4990.48
 0.60296 4991.77
 0.60308 4993.1
 0.6032 4994.48
 0.60332 4995.91
 0.60344 4997.38
 0.60356 4998.9
 0.60368 5000.46
 0.6038 5002.07
 0.60392 5003.71
 0.60404 5005.41
 0.60416 5007.14
 0.60428 5008.92
 0.6044 5010.75
 0.60452 5012.61
 0.60464 5014.52
 0.60476 5016.48
 0.60488 5018.47
 0.605 5020.51
 0.60512 5022.58
 0.60524 5024.7
 0.60536 5026.86
 0.60548 5029.07
 0.6056 5031.31
 0.60572 5033.59
 0.60584 5035.91
 0.60596 5038.27
 0.60608 5040.67
 0.6062 5043.11
 0.60632 5045.59
 0.60644 5048.11
 0.60656 5050.66
 0.60668 5053.25
 0.6068 5055.88
 0.60692 5058.54
 0.60704 5061.24
 0.60716 5063.97
 0.60728 5066.74
 0.6074 5069.54
 0.60752 5072.38
 0.60764 5075.25
 0.60776 5078.15
 0.60788 5081.08
 0.608 5084.05
 0.60812 5087.04
 0.60824 5090.07
 0.60836 5093.12
 0.60848 5096.2
 0.6086 5099.31
 0.60872 5102.45
 0.60884 5105.62
 0.60896 5108.81
 0.60908 5112.02
 0.6092 5115.27
 0.60932 5118.53
 0.60944 5121.82
 0.60956 5125.13
 0.60968 5128.47
 0.6098 5131.83
 0.60992 5135.2
 0.61004 5138.6
 0.61016 5142.02
 0.61028 5145.46
 0.6104 5148.91
 0.61052 5152.39
 0.61064 5155.88
 0.61076 5159.39
 0.61088 5162.91
 0.611 5166.46
 0.61112 5170.01
 0.61124 5173.59
 0.61136 5177.17
 0.61148 5180.77
 0.6116 5184.39
 0.61172 5188.02
 0.61184 5191.66
 0.61196 5195.32
 0.61208 5198.99
 0.6122 5202.67
 0.61232 5206.36
 0.61244 5210.06
 0.61256 5213.77
 0.61268 5217.49
 0.6128 5221.22
 0.61292 5224.96
 0.61304 5228.71
 0.61316 5232.47
 0.61328 5236.24
 0.6134 5240.01
 0.61352 5243.79
 0.61364 5247.58
 0.61376 5251.37
 0.61388 5255.17
 0.614 5258.98
 0.61412 5262.79
 0.61424 5266.61
 0.61436 5270.43
 0.61448 5274.26
 0.6146 5278.09
 0.61472 5281.93
 0.61484 5285.77
 0.61496 5289.62
 0.61508 5293.47
 0.6152 5297.33
 0.61532 5301.19
 0.61544 5305.05
 0.61556 5308.92
 0.61568 5312.79
 0.6158 5316.67
 0.61592 5320.55
 0.61604 5324.43
 0.61616 5328.31
 0.61628 5332.19
 0.6164 5336.08
 0.61652 5339.97
 0.61664 5343.86
 0.61676 5347.75
 0.61688 5351.64
 0.617 5355.53
 0.61712 5359.42
 0.61724 5363.32
 0.61736 5367.21
 0.61748 5371.1
 0.6176 5374.99
 0.61772 5378.88
 0.61784 5382.78
 0.61796 5386.67
 0.61808 5390.56
 0.6182 5394.45
 0.61832 5398.34
 0.61844 5402.23
 0.61856 5406.11
 0.61868 5410
 0.6188 5413.88
 0.61892 5417.77
 0.61904 5421.65
 0.61916 5425.53
 0.61928 5429.4
 0.6194 5433.27
 0.61952 5437.15
 0.61964 5441.01
 0.61976 5444.88
 0.61988 5448.74
 0.62 5452.59
 0.62012 5456.44
 0.62024 5460.29
 0.62036 5464.13
 0.62048 5467.97
 0.6206 5471.8
 0.62072 5475.63
 0.62084 5479.45
 0.62096 5483.26
 0.62108 5487.07
 0.6212 5490.87
 0.62132 5494.66
 0.62144 5498.45
 0.62156 5502.22
 0.62168 5505.99
 0.6218 5509.75
 0.62192 5513.51
 0.62204 5517.25
 0.62216 5520.98
 0.62228 5524.7
 0.6224 5528.42
 0.62252 5532.12
 0.62264 5535.81
 0.62276 5539.49
 0.62288 5543.16
 0.623 5546.81
 0.62312 5550.45
 0.62324 5554.08
 0.62336 5557.69
 0.62348 5561.29
 0.6236 5564.87
 0.62372 5568.44
 0.62384 5571.99
 0.62396 5575.52
 0.62408 5579.04
 0.6242 5582.53
 0.62432 5586.01
 0.62444 5589.47
 0.62456 5592.91
 0.62468 5596.32
 0.6248 5599.72
 0.62492 5603.09
 0.62504 5606.44
 0.62516 5609.76
 0.62528 5613.06
 0.6254 5616.33
 0.62552 5619.58
 0.62564 5622.8
 0.62576 5625.99
 0.62588 5629.16
 0.626 5632.29
 0.62612 5635.4
 0.62624 5638.48
 0.62636 5641.53
 0.62648 5644.55
 0.6266 5647.53
 0.62672 5650.49
 0.62684 5653.41
 0.62696 5656.3
 0.62708 5659.16
 0.6272 5661.98
 0.62732 5664.77
 0.62744 5667.53
 0.62756 5670.25
 0.62768 5672.93
 0.6278 5675.57
 0.62792 5678.18
 0.62804 5680.75
 0.62816 5683.28
 0.62828 5685.77
 0.6284 5688.22
 0.62852 5690.63
 0.62864 5693
 0.62876 5695.32
 0.62888 5697.61
 0.629 5699.84
 0.62912 5702.04
 0.62924 5704.19
 0.62936 5706.29
 0.62948 5708.35
 0.6296 5710.36
 0.62972 5712.32
 0.62984 5714.23
 0.62996 5716.1
 0.63008 5717.91
 0.6302 5719.68
 0.63032 5721.39
 0.63044 5723.05
 0.63056 5724.66
 0.63068 5726.22
 0.6308 5727.72
 0.63092 5729.17
 0.63104 5730.57
 0.63116 5731.91
 0.63128 5733.2
 0.6314 5734.43
 0.63152 5735.6
 0.63164 5736.72
 0.63176 5737.78
 0.63188 5738.78
 0.632 5739.72
 0.63212 5740.61
 0.63224 5741.44
 0.63236 5742.21
 0.63248 5742.92
 0.6326 5743.57
 0.63272 5744.16
 0.63284 5744.7
 0.63296 5745.17
 0.63308 5745.58
 0.6332 5745.94
 0.63332 5746.23
 0.63344 5746.47
 0.63356 5746.65
 0.63368 5746.76
 0.6338 5746.82
 0.63392 5746.82
 0.63404 5746.76
 0.63416 5746.65
 0.63428 5746.47
 0.6344 5746.24
 0.63452 5745.94
 0.63464 5745.59
 0.63476 5745.18
 0.63488 5744.71
 0.635 5744.19
 0.63512 5743.6
 0.63524 5742.96
 0.63536 5742.26
 0.63548 5741.51
 0.6356 5740.69
 0.63572 5739.82
 0.63584 5738.89
 0.63596 5737.91
 0.63608 5736.86
 0.6362 5735.76
 0.63632 5734.61
 0.63644 5733.4
 0.63656 5732.13
 0.63668 5730.81
 0.6368 5729.43
 0.63692 5727.99
 0.63704 5726.5
 0.63716 5724.96
 0.63728 5723.36
 0.6374 5721.7
 0.63752 5719.99
 0.63764 5718.23
 0.63776 5716.41
 0.63788 5714.54
 0.638 5712.62
 0.63812 5710.64
 0.63824 5708.61
 0.63836 5706.53
 0.63848 5704.39
 0.6386 5702.21
 0.63872 5699.97
 0.63884 5697.68
 0.63896 5695.34
 0.63908 5692.95
 0.6392 5690.51
 0.63932 5688.02
 0.63944 5685.49
 0.63956 5682.9
 0.63968 5680.26
 0.6398 5677.57
 0.63992 5674.84
 0.64004 5672.06
 0.64016 5669.23
 0.64028 5666.35
 0.6404 5663.43
 0.64052 5660.46
 0.64064 5657.44
 0.64076 5654.37
 0.64088 5651.26
 0.641 5648.1
 0.64112 5644.9
 0.64124 5641.65
 0.64136 5638.35
 0.64148 5635
 0.6416 5631.61
 0.64172 5628.17
 0.64184 5624.69
 0.64196 5621.16
 0.64208 5617.58
 0.6422 5613.96
 0.64232 5610.29
 0.64244 5606.58
 0.64256 5602.82
 0.64268 5599.02
 0.6428 5595.17
 0.64292 5591.28
 0.64304 5587.34
 0.64316 5583.36
 0.64328 5579.34
 0.6434 5575.27
 0.64352 5571.16
 0.64364 5567.01
 0.64376 5562.81
 0.64388 5558.57
 0.644 5554.29
 0.64412 5549.97
 0.64424 5545.6
 0.64436 5541.2
 0.64448 5536.75
 0.6446 5532.27
 0.64472 5527.74
 0.64484 5523.17
 0.64496 5518.57
 0.64508 5513.92
 0.6452 5509.24
 0.64532 5504.52
 0.64544 5499.76
 0.64556 5494.96
 0.64568 5490.12
 0.6458 5485.25
 0.64592 5480.34
 0.64604 5475.4
 0.64616 5470.41
 0.64628 5465.4
 0.6464 5460.35
 0.64652 5455.26
 0.64664 5450.14
 0.64676 5444.99
 0.64688 5439.81
 0.647 5434.59
 0.64712 5429.34
 0.64724 5424.06
 0.64736 5418.75
 0.64748 5413.41
 0.6476 5408.04
 0.64772 5402.64
 0.64784 5397.22
 0.64796 5391.76
 0.64808 5386.28
 0.6482 5380.77
 0.64832 5375.23
 0.64844 5369.67
 0.64856 5364.08
 0.64868 5358.47
 0.6488 5352.83
 0.64892 5347.17
 0.64904 5341.48
 0.64916 5335.78
 0.64928 5330.05
 0.6494 5324.3
 0.64952 5318.54
 0.64964 5312.75
 0.64976 5306.94
 0.64988 5301.12
 0.65 5295.27
 0.65012 5289.41
 0.65024 5283.53
 0.65036 5277.64
 0.65048 5271.73
 0.6506 5265.8
 0.65072 5259.86
 0.65084 5253.9
 0.65096 5247.93
 0.65108 5241.95
 0.6512 5235.95
 0.65132 5229.94
 0.65144 5223.92
 0.65156 5217.88
 0.65168 5211.84
 0.6518 5205.79
 0.65192 5199.72
 0.65204 5193.65
 0.65216 5187.57
 0.65228 5181.48
 0.6524 5175.38
 0.65252 5169.28
 0.65264 5163.17
 0.65276 5157.06
 0.65288 5150.94
 0.653 5144.82
 0.65312 5138.7
 0.65324 5132.57
 0.65336 5126.44
 0.65348 5120.32
 0.6536 5114.19
 0.65372 5108.06
 0.65384 5101.94
 0.65396 5095.81
 0.65408 5089.69
 0.6542 5083.58
 0.65432 5077.46
 0.65444 5071.35
 0.65456 5065.25
 0.65468 5059.15
 0.6548 5053.06
 0.65492 5046.97
 0.65504 5040.89
 0.65516 5034.82
 0.65528 5028.76
 0.6554 5022.7
 0.65552 5016.65
 0.65564 5010.61
 0.65576 5004.58
 0.65588 4998.57
 0.656 4992.56
 0.65612 4986.56
 0.65624 4980.57
 0.65636 4974.6
 0.65648 4968.63
 0.6566 4962.68
 0.65672 4956.74
 0.65684 4950.82
 0.65696 4944.91
 0.65708 4939.01
 0.6572 4933.12
 0.65732 4927.25
 0.65744 4921.4
 0.65756 4915.56
 0.65768 4909.73
 0.6578 4903.93
 0.65792 4898.14
 0.65804 4892.36
 0.65816 4886.6
 0.65828 4880.86
 0.6584 4875.14
 0.65852 4869.44
 0.65864 4863.76
 0.65876 4858.09
 0.65888 4852.45
 0.659 4846.83
 0.65912 4841.22
 0.65924 4835.64
 0.65936 4830.09
 0.65948 4824.55
 0.6596 4819.04
 0.65972 4813.55
 0.65984 4808.09
 0.65996 4802.65
 0.66008 4797.24
 0.6602 4791.86
 0.66032 4786.5
 0.66044 4781.18
 0.66056 4775.88
 0.66068 4770.61
 0.6608 4765.37
 0.66092 4760.17
 0.66104 4754.99
 0.66116 4749.85
 0.66128 4744.74
 0.6614 4739.67
 0.66152 4734.62
 0.66164 4729.62
 0.66176 4724.64
 0.66188 4719.71
 0.662 4714.81
 0.66212 4709.94
 0.66224 4705.12
 0.66236 4700.33
 0.66248 4695.58
 0.6626 4690.87
 0.66272 4686.2
 0.66284 4681.57
 0.66296 4676.97
 0.66308 4672.42
 0.6632 4667.91
 0.66332 4663.44
 0.66344 4659.02
 0.66356 4654.63
 0.66368 4650.29
 0.6638 4645.98
 0.66392 4641.73
 0.66404 4637.51
 0.66416 4633.34
 0.66428 4629.21
 0.6644 4625.12
 0.66452 4621.08
 0.66464 4617.08
 0.66476 4613.13
 0.66488 4609.22
 0.665 4605.36
 0.66512 4601.54
 0.66524 4597.76
 0.66536 4594.03
 0.66548 4590.35
 0.6656 4586.71
 0.66572 4583.11
 0.66584 4579.57
 0.66596 4576.06
 0.66608 4572.61
 0.6662 4569.2
 0.66632 4565.83
 0.66644 4562.51
 0.66656 4559.24
 0.66668 4556.02
 0.6668 4552.84
 0.66692 4549.71
 0.66704 4546.63
 0.66716 4543.59
 0.66728 4540.6
 0.6674 4537.66
 0.66752 4534.77
 0.66764 4531.92
 0.66776 4529.12
 0.66788 4526.37
 0.668 4523.66
 0.66812 4521.01
 0.66824 4518.4
 0.66836 4515.83
 0.66848 4513.32
 0.6686 4510.85
 0.66872 4508.43
 0.66884 4506.05
 0.66896 4503.72
 0.66908 4501.43
 0.6692 4499.19
 0.66932 4497
 0.66944 4494.85
 0.66956 4492.74
 0.66968 4490.68
 0.6698 4488.66
 0.66992 4486.69
 0.67004 4484.77
 0.67016 4482.88
 0.67028 4481.05
 0.6704 4479.25
 0.67052 4477.5
 0.67064 4475.8
 0.67076 4474.14
 0.67088 4472.52
 0.671 4470.95
 0.67112 4469.43
 0.67124 4467.95
 0.67136 4466.51
 0.67148 4465.12
 0.6716 4463.78
 0.67172 4462.48
 0.67184 4461.23
 0.67196 4460.02
 0.67208 4458.86
 0.6722 4457.74
 0.67232 4456.67
 0.67244 4455.65
 0.67256 4454.67
 0.67268 4453.73
 0.6728 4452.84
 0.67292 4452
 0.67304 4451.21
 0.67316 4450.45
 0.67328 4449.75
 0.6734 4449.09
 0.67352 4448.47
 0.67364 4447.9
 0.67376 4447.38
 0.67388 4446.89
 0.674 4446.46
 0.67412 4446.07
 0.67424 4445.72
 0.67436 4445.42
 0.67448 4445.16
 0.6746 4444.94
 0.67472 4444.77
 0.67484 4444.64
 0.67496 4444.55
 0.67508 4444.51
 0.6752 4444.51
 0.67532 4444.55
 0.67544 4444.63
 0.67556 4444.76
 0.67568 4444.93
 0.6758 4445.14
 0.67592 4445.39
 0.67604 4445.68
 0.67616 4446.01
 0.67628 4446.38
 0.6764 4446.8
 0.67652 4447.25
 0.67664 4447.74
 0.67676 4448.27
 0.67688 4448.84
 0.677 4449.45
 0.67712 4450.09
 0.67724 4450.77
 0.67736 4451.49
 0.67748 4452.25
 0.6776 4453.04
 0.67772 4453.87
 0.67784 4454.74
 0.67796 4455.64
 0.67808 4456.57
 0.6782 4457.54
 0.67832 4458.54
 0.67844 4459.58
 0.67856 4460.65
 0.67868 4461.75
 0.6788 4462.88
 0.67892 4464.05
 0.67904 4465.24
 0.67916 4466.47
 0.67928 4467.72
 0.6794 4469
 0.67952 4470.31
 0.67964 4471.65
 0.67976 4473.02
 0.67988 4474.41
 0.68 4475.83
 0.68012 4477.28
 0.68024 4478.75
 0.68036 4480.25
 0.68048 4481.78
 0.6806 4483.33
 0.68072 4484.91
 0.68084 4486.51
 0.68096 4488.13
 0.68108 4489.78
 0.6812 4491.46
 0.68132 4493.15
 0.68144 4494.87
 0.68156 4496.61
 0.68168 4498.38
 0.6818 4500.16
 0.68192 4501.97
 0.68204 4503.79
 0.68216 4505.64
 0.68228 4507.51
 0.6824 4509.39
 0.68252 4511.29
 0.68264 4513.21
 0.68276 4515.15
 0.68288 4517.1
 0.683 4519.06
 0.68312 4521.04
 0.68324 4523.04
 0.68336 4525.04
 0.68348 4527.06
 0.6836 4529.09
 0.68372 4531.13
 0.68384 4533.18
 0.68396 4535.24
 0.68408 4537.31
 0.6842 4539.39
 0.68432 4541.47
 0.68444 4543.57
 0.68456 4545.67
 0.68468 4547.78
 0.6848 4549.89
 0.68492 4552.02
 0.68504 4554.14
 0.68516 4556.28
 0.68528 4558.42
 0.6854 4560.56
 0.68552 4562.71
 0.68564 4564.87
 0.68576 4567.03
 0.68588 4569.19
 0.686 4571.36
 0.68612 4573.54
 0.68624 4575.71
 0.68636 4577.89
 0.68648 4580.08
 0.6866 4582.26
 0.68672 4584.45
 0.68684 4586.65
 0.68696 4588.84
 0.68708 4591.04
 0.6872 4593.24
 0.68732 4595.44
 0.68744 4597.64
 0.68756 4599.85
 0.68768 4602.05
 0.6878 4604.26
 0.68792 4606.47
 0.68804 4608.68
 0.68816 4610.89
 0.68828 4613.11
 0.6884 4615.32
 0.68852 4617.54
 0.68864 4619.76
 0.68876 4621.98
 0.68888 4624.2
 0.689 4626.42
 0.68912 4628.64
 0.68924 4630.86
 0.68936 4633.09
 0.68948 4635.31
 0.6896 4637.53
 0.68972 4639.75
 0.68984 4641.97
 0.68996 4644.19
 0.69008 4646.41
 0.6902 4648.63
 0.69032 4650.84
 0.69044 4653.06
 0.69056 4655.27
 0.69068 4657.47
 0.6908 4659.67
 0.69092 4661.87
 0.69104 4664.07
 0.69116 4666.26
 0.69128 4668.44
 0.6914 4670.63
 0.69152 4672.8
 0.69164 4674.97
 0.69176 4677.14
 0.69188 4679.3
 0.692 4681.45
 0.69212 4683.59
 0.69224 4685.73
 0.69236 4687.86
 0.69248 4689.99
 0.6926 4692.1
 0.69272 4694.21
 0.69284 4696.31
 0.69296 4698.39
 0.69308 4700.47
 0.6932 4702.54
 0.69332 4704.6
 0.69344 4706.65
 0.69356 4708.69
 0.69368 4710.72
 0.6938 4712.74
 0.69392 4714.74
 0.69404 4716.74
 0.69416 4718.72
 0.69428 4720.69
 0.6944 4722.65
 0.69452 4724.59
 0.69464 4726.53
 0.69476 4728.45
 0.69488 4730.36
 0.695 4732.25
 0.69512 4734.13
 0.69524 4736
 0.69536 4737.86
 0.69548 4739.7
 0.6956 4741.53
 0.69572 4743.35
 0.69584 4745.15
 0.69596 4746.93
 0.69608 4748.71
 0.6962 4750.46
 0.69632 4752.21
 0.69644 4753.93
 0.69656 4755.65
 0.69668 4757.34
 0.6968 4759.03
 0.69692 4760.69
 0.69704 4762.34
 0.69716 4763.97
 0.69728 4765.59
 0.6974 4767.19
 0.69752 4768.78
 0.69764 4770.35
 0.69776 4771.9
 0.69788 4773.43
 0.698 4774.95
 0.69812 4776.45
 0.69824 4777.93
 0.69836 4779.4
 0.69848 4780.85
 0.6986 4782.29
 0.69872 4783.71
 0.69884 4785.12
 0.69896 4786.51
 0.69908 4787.89
 0.6992 4789.26
 0.69932 4790.61
 0.69944 4791.95
 0.69956 4793.28
 0.69968 4794.59
 0.6998 4795.9
 0.69992 4797.19
 0.70004 4798.46
 0.70016 4799.73
 0.70028 4800.98
 0.7004 4802.22
 0.70052 4803.45
 0.70064 4804.67
 0.70076 4805.87
 0.70088 4807.06
 0.701 4808.24
 0.70112 4809.41
 0.70124 4810.56
 0.70136 4811.71
 0.70148 4812.83
 0.7016 4813.95
 0.70172 4815.05
 0.70184 4816.14
 0.70196 4817.22
 0.70208 4818.28
 0.7022 4819.33
 0.70232 4820.37
 0.70244 4821.4
 0.70256 4822.41
 0.70268 4823.41
 0.7028 4824.39
 0.70292 4825.37
 0.70304 4826.33
 0.70316 4827.27
 0.70328 4828.21
 0.7034 4829.13
 0.70352 4830.04
 0.70364 4830.93
 0.70376 4831.81
 0.70388 4832.68
 0.704 4833.54
 0.70412 4834.38
 0.70424 4835.21
 0.70436 4836.03
 0.70448 4836.84
 0.7046 4837.63
 0.70472 4838.41
 0.70484 4839.18
 0.70496 4839.94
 0.70508 4840.68
 0.7052 4841.42
 0.70532 4842.14
 0.70544 4842.84
 0.70556 4843.54
 0.70568 4844.22
 0.7058 4844.9
 0.70592 4845.55
 0.70604 4846.2
 0.70616 4846.84
 0.70628 4847.46
 0.7064 4848.07
 0.70652 4848.67
 0.70664 4849.26
 0.70676 4849.84
 0.70688 4850.4
 0.707 4850.96
 0.70712 4851.5
 0.70724 4852.03
 0.70736 4852.55
 0.70748 4853.06
 0.7076 4853.55
 0.70772 4854.04
 0.70784 4854.51
 0.70796 4854.98
 0.70808 4855.43
 0.7082 4855.87
 0.70832 4856.3
 0.70844 4856.72
 0.70856 4857.13
 0.70868 4857.53
 0.7088 4857.92
 0.70892 4858.3
 0.70904 4858.68
 0.70916 4859.04
 0.70928 4859.39
 0.7094 4859.74
 0.70952 4860.07
 0.70964 4860.4
 0.70976 4860.72
 0.70988 4861.04
 0.71 4861.34
 0.71012 4861.64
 0.71024 4861.92
 0.71036 4862.2
 0.71048 4862.48
 0.7106 4862.74
 0.71072 4863
 0.71084 4863.25
 0.71096 4863.49
 0.71108 4863.72
 0.7112 4863.95
 0.71132 4864.17
 0.71144 4864.39
 0.71156 4864.59
 0.71168 4864.8
 0.7118 4864.99
 0.71192 4865.18
 0.71204 4865.37
 0.71216 4865.55
 0.71228 4865.73
 0.7124 4865.91
 0.71252 4866.08
 0.71264 4866.25
 0.71276 4866.42
 0.71288 4866.59
 0.713 4866.75
 0.71312 4866.92
 0.71324 4867.09
 0.71336 4867.26
 0.71348 4867.43
 0.7136 4867.61
 0.71372 4867.78
 0.71384 4867.97
 0.71396 4868.16
 0.71408 4868.35
 0.7142 4868.55
 0.71432 4868.76
 0.71444 4868.97
 0.71456 4869.19
 0.71468 4869.42
 0.7148 4869.66
 0.71492 4869.91
 0.71504 4870.17
 0.71516 4870.43
 0.71528 4870.71
 0.7154 4871
 0.71552 4871.3
 0.71564 4871.61
 0.71576 4871.93
 0.71588 4872.27
 0.716 4872.61
 0.71612 4872.97
 0.71624 4873.35
 0.71636 4873.73
 0.71648 4874.13
 0.7166 4874.55
 0.71672 4874.98
 0.71684 4875.43
 0.71696 4875.89
 0.71708 4876.36
 0.7172 4876.86
 0.71732 4877.36
 0.71744 4877.89
 0.71756 4878.43
 0.71768 4878.98
 0.7178 4879.55
 0.71792 4880.14
 0.71804 4880.73
 0.71816 4881.35
 0.71828 4881.97
 0.7184 4882.62
 0.71852 4883.27
 0.71864 4883.94
 0.71876 4884.62
 0.71888 4885.31
 0.719 4886.02
 0.71912 4886.74
 0.71924 4887.47
 0.71936 4888.22
 0.71948 4888.98
 0.7196 4889.75
 0.71972 4890.53
 0.71984 4891.32
 0.71996 4892.13
 0.72008 4892.94
 0.7202 4893.77
 0.72032 4894.61
 0.72044 4895.47
 0.72056 4896.33
 0.72068 4897.2
 0.7208 4898.09
 0.72092 4898.98
 0.72104 4899.89
 0.72116 4900.81
 0.72128 4901.74
 0.7214 4902.68
 0.72152 4903.63
 0.72164 4904.59
 0.72176 4905.56
 0.72188 4906.54
 0.722 4907.53
 0.72212 4908.53
 0.72224 4909.54
 0.72236 4910.56
 0.72248 4911.59
 0.7226 4912.63
 0.72272 4913.68
 0.72284 4914.73
 0.72296 4915.8
 0.72308 4916.88
 0.7232 4917.97
 0.72332 4919.06
 0.72344 4920.17
 0.72356 4921.28
 0.72368 4922.41
 0.7238 4923.54
 0.72392 4924.68
 0.72404 4925.83
 0.72416 4927
 0.72428 4928.16
 0.7244 4929.34
 0.72452 4930.53
 0.72464 4931.72
 0.72476 4932.92
 0.72488 4934.14
 0.725 4935.36
 0.72512 4936.58
 0.72524 4937.82
 0.72536 4939.06
 0.72548 4940.32
 0.7256 4941.58
 0.72572 4942.84
 0.72584 4944.12
 0.72596 4945.41
 0.72608 4946.7
 0.7262 4948
 0.72632 4949.31
 0.72644 4950.63
 0.72656 4951.96
 0.72668 4953.3
 0.7268 4954.65
 0.72692 4956
 0.72704 4957.37
 0.72716 4958.74
 0.72728 4960.13
 0.7274 4961.52
 0.72752 4962.93
 0.72764 4964.34
 0.72776 4965.77
 0.72788 4967.2
 0.728 4968.64
 0.72812 4970.1
 0.72824 4971.56
 0.72836 4973.04
 0.72848 4974.52
 0.7286 4976.01
 0.72872 4977.51
 0.72884 4979.01
 0.72896 4980.53
 0.72908 4982.05
 0.7292 4983.58
 0.72932 4985.11
 0.72944 4986.65
 0.72956 4988.2
 0.72968 4989.75
 0.7298 4991.31
 0.72992 4992.88
 0.73004 4994.45
 0.73016 4996.03
 0.73028 4997.62
 0.7304 4999.21
 0.73052 5000.81
 0.73064 5002.41
 0.73076 5004.02
 0.73088 5005.64
 0.731 5007.27
 0.73112 5008.9
 0.73124 5010.54
 0.73136 5012.19
 0.73148 5013.85
 0.7316 5015.51
 0.73172 5017.18
 0.73184 5018.85
 0.73196 5020.54
 0.73208 5022.23
 0.7322 5023.93
 0.73232 5025.64
 0.73244 5027.35
 0.73256 5029.07
 0.73268 5030.8
 0.7328 5032.54
 0.73292 5034.28
 0.73304 5036.04
 0.73316 5037.8
 0.73328 5039.57
 0.7334 5041.34
 0.73352 5043.13
 0.73364 5044.92
 0.73376 5046.72
 0.73388 5048.52
 0.734 5050.34
 0.73412 5052.16
 0.73424 5054
 0.73436 5055.84
 0.73448 5057.68
 0.7346 5059.54
 0.73472 5061.4
 0.73484 5063.27
 0.73496 5065.15
 0.73508 5067.03
 0.7352 5068.92
 0.73532 5070.82
 0.73544 5072.72
 0.73556 5074.64
 0.73568 5076.56
 0.7358 5078.48
 0.73592 5080.42
 0.73604 5082.36
 0.73616 5084.31
 0.73628 5086.26
 0.7364 5088.23
 0.73652 5090.2
 0.73664 5092.17
 0.73676 5094.16
 0.73688 5096.15
 0.737 5098.15
 0.73712 5100.15
 0.73724 5102.17
 0.73736 5104.19
 0.73748 5106.22
 0.7376 5108.25
 0.73772 5110.3
 0.73784 5112.35
 0.73796 5114.4
 0.73808 5116.47
 0.7382 5118.54
 0.73832 5120.62
 0.73844 5122.7
 0.73856 5124.8
 0.73868 5126.9
 0.7388 5129.01
 0.73892 5131.12
 0.73904 5133.24
 0.73916 5135.37
 0.73928 5137.51
 0.7394 5139.65
 0.73952 5141.79
 0.73964 5143.95
 0.73976 5146.11
 0.73988 5148.27
 0.74 5150.45
 0.74012 5152.63
 0.74024 5154.81
 0.74036 5157
 0.74048 5159.2
 0.7406 5161.4
 0.74072 5163.61
 0.74084 5165.82
 0.74096 5168.04
 0.74108 5170.27
 0.7412 5172.5
 0.74132 5174.74
 0.74144 5176.98
 0.74156 5179.22
 0.74168 5181.48
 0.7418 5183.73
 0.74192 5185.99
 0.74204 5188.25
 0.74216 5190.52
 0.74228 5192.79
 0.7424 5195.06
 0.74252 5197.34
 0.74264 5199.61
 0.74276 5201.89
 0.74288 5204.17
 0.743 5206.46
 0.74312 5208.74
 0.74324 5211.02
 0.74336 5213.3
 0.74348 5215.58
 0.7436 5217.86
 0.74372 5220.14
 0.74384 5222.42
 0.74396 5224.69
 0.74408 5226.96
 0.7442 5229.22
 0.74432 5231.48
 0.74444 5233.74
 0.74456 5235.99
 0.74468 5238.23
 0.7448 5240.47
 0.74492 5242.7
 0.74504 5244.93
 0.74516 5247.14
 0.74528 5249.35
 0.7454 5251.55
 0.74552 5253.74
 0.74564 5255.92
 0.74576 5258.09
 0.74588 5260.25
 0.746 5262.4
 0.74612 5264.54
 0.74624 5266.67
 0.74636 5268.79
 0.74648 5270.89
 0.7466 5272.98
 0.74672 5275.06
 0.74684 5277.12
 0.74696 5279.17
 0.74708 5281.2
 0.7472 5283.22
 0.74732 5285.22
 0.74744 5287.21
 0.74756 5289.19
 0.74768 5291.15
 0.7478 5293.1
 0.74792 5295.04
 0.74804 5296.96
 0.74816 5298.87
 0.74828 5300.77
 0.7484 5302.65
 0.74852 5304.53
 0.74864 5306.39
 0.74876 5308.24
 0.74888 5310.08
 0.749 5311.91
 0.74912 5313.73
 0.74924 5315.54
 0.74936 5317.34
 0.74948 5319.12
 0.7496 5320.9
 0.74972 5322.66
 0.74984 5324.42
 0.74996 5326.16
 0.75008 5327.9
 0.7502 5329.62
 0.75032 5331.34
 0.75044 5333.04
 0.75056 5334.74
 0.75068 5336.43
 0.7508 5338.11
 0.75092 5339.77
 0.75104 5341.43
 0.75116 5343.09
 0.75128 5344.73
 0.7514 5346.36
 0.75152 5347.99
 0.75164 5349.6
 0.75176 5351.21
 0.75188 5352.81
 0.752 5354.4
 0.75212 5355.99
 0.75224 5357.56
 0.75236 5359.13
 0.75248 5360.69
 0.7526 5362.24
 0.75272 5363.79
 0.75284 5365.32
 0.75296 5366.85
 0.75308 5368.37
 0.7532 5369.89
 0.75332 5371.39
 0.75344 5372.89
 0.75356 5374.38
 0.75368 5375.86
 0.7538 5377.33
 0.75392 5378.8
 0.75404 5380.25
 0.75416 5381.7
 0.75428 5383.14
 0.7544 5384.58
 0.75452 5386.01
 0.75464 5387.42
 0.75476 5388.83
 0.75488 5390.24
 0.755 5391.63
 0.75512 5393.02
 0.75524 5394.39
 0.75536 5395.76
 0.75548 5397.12
 0.7556 5398.47
 0.75572 5399.82
 0.75584 5401.15
 0.75596 5402.48
 0.75608 5403.79
 0.7562 5405.1
 0.75632 5406.4
 0.75644 5407.69
 0.75656 5408.96
 0.75668 5410.23
 0.7568 5411.49
 0.75692 5412.74
 0.75704 5413.98
 0.75716 5415.2
 0.75728 5416.42
 0.7574 5417.63
 0.75752 5418.82
 0.75764 5420
 0.75776 5421.18
 0.75788 5422.34
 0.758 5423.49
 0.75812 5424.62
 0.75824 5425.75
 0.75836 5426.86
 0.75848 5427.97
 0.7586 5429.06
 0.75872 5430.14
 0.75884 5431.21
 0.75896 5432.27
 0.75908 5433.32
 0.7592 5434.36
 0.75932 5435.39
 0.75944 5436.41
 0.75956 5437.41
 0.75968 5438.41
 0.7598 5439.39
 0.75992 5440.36
 0.76004 5441.32
 0.76016 5442.27
 0.76028 5443.21
 0.7604 5444.13
 0.76052 5445.04
 0.76064 5445.93
 0.76076 5446.82
 0.76088 5447.68
 0.761 5448.54
 0.76112 5449.37
 0.76124 5450.2
 0.76136 5451.01
 0.76148 5451.8
 0.7616 5452.58
 0.76172 5453.34
 0.76184 5454.08
 0.76196 5454.81
 0.76208 5455.53
 0.7622 5456.22
 0.76232 5456.9
 0.76244 5457.57
 0.76256 5458.21
 0.76268 5458.84
 0.7628 5459.45
 0.76292 5460.04
 0.76304 5460.61
 0.76316 5461.16
 0.76328 5461.7
 0.7634 5462.21
 0.76352 5462.7
 0.76364 5463.17
 0.76376 5463.62
 0.76388 5464.05
 0.764 5464.46
 0.76412 5464.85
 0.76424 5465.22
 0.76436 5465.56
 0.76448 5465.88
 0.7646 5466.18
 0.76472 5466.46
 0.76484 5466.72
 0.76496 5466.96
 0.76508 5467.17
 0.7652 5467.36
 0.76532 5467.53
 0.76544 5467.67
 0.76556 5467.8
 0.76568 5467.9
 0.7658 5467.97
 0.76592 5468.03
 0.76604 5468.06
 0.76616 5468.07
 0.76628 5468.05
 0.7664 5468.01
 0.76652 5467.95
 0.76664 5467.86
 0.76676 5467.74
 0.76688 5467.6
 0.767 5467.44
 0.76712 5467.25
 0.76724 5467.04
 0.76736 5466.8
 0.76748 5466.53
 0.7676 5466.24
 0.76772 5465.92
 0.76784 5465.58
 0.76796 5465.21
 0.76808 5464.81
 0.7682 5464.39
 0.76832 5463.94
 0.76844 5463.46
 0.76856 5462.96
 0.76868 5462.43
 0.7688 5461.87
 0.76892 5461.29
 0.76904 5460.68
 0.76916 5460.04
 0.76928 5459.38
 0.7694 5458.68
 0.76952 5457.96
 0.76964 5457.22
 0.76976 5456.44
 0.76988 5455.64
 0.77 5454.81
 0.77012 5453.95
 0.77024 5453.07
 0.77036 5452.15
 0.77048 5451.21
 0.7706 5450.24
 0.77072 5449.25
 0.77084 5448.22
 0.77096 5447.17
 0.77108 5446.09
 0.7712 5444.98
 0.77132 5443.84
 0.77144 5442.68
 0.77156 5441.48
 0.77168 5440.26
 0.7718 5439.02
 0.77192 5437.74
 0.77204 5436.43
 0.77216 5435.1
 0.77228 5433.74
 0.7724 5432.35
 0.77252 5430.94
 0.77264 5429.49
 0.77276 5428.02
 0.77288 5426.52
 0.773 5424.99
 0.77312 5423.44
 0.77324 5421.85
 0.77336 5420.24
 0.77348 5418.6
 0.7736 5416.93
 0.77372 5415.24
 0.77384 5413.51
 0.77396 5411.76
 0.77408 5409.98
 0.7742 5408.17
 0.77432 5406.33
 0.77444 5404.47
 0.77456 5402.58
 0.77468 5400.66
 0.7748 5398.71
 0.77492 5396.73
 0.77504 5394.73
 0.77516 5392.7
 0.77528 5390.64
 0.7754 5388.55
 0.77552 5386.43
 0.77564 5384.29
 0.77576 5382.12
 0.77588 5379.92
 0.776 5377.69
 0.77612 5375.43
 0.77624 5373.15
 0.77636 5370.84
 0.77648 5368.5
 0.7766 5366.14
 0.77672 5363.75
 0.77684 5361.33
 0.77696 5358.88
 0.77708 5356.41
 0.7772 5353.91
 0.77732 5351.38
 0.77744 5348.83
 0.77756 5346.25
 0.77768 5343.64
 0.7778 5341
 0.77792 5338.34
 0.77804 5335.64
 0.77816 5332.92
 0.77828 5330.17
 0.7784 5327.39
 0.77852 5324.58
 0.77864 5321.74
 0.77876 5318.88
 0.77888 5315.98
 0.779 5313.06
 0.77912 5310.1
 0.77924 5307.12
 0.77936 5304.11
 0.77948 5301.07
 0.7796 5298
 0.77972 5294.91
 0.77984 5291.78
 0.77996 5288.63
 0.78008 5285.45
 0.7802 5282.25
 0.78032 5279.01
 0.78044 5275.75
 0.78056 5272.46
 0.78068 5269.14
 0.7808 5265.8
 0.78092 5262.43
 0.78104 5259.03
 0.78116 5255.6
 0.78128 5252.15
 0.7814 5248.67
 0.78152 5245.17
 0.78164 5241.64
 0.78176 5238.08
 0.78188 5234.5
 0.782 5230.89
 0.78212 5227.26
 0.78224 5223.6
 0.78236 5219.91
 0.78248 5216.2
 0.7826 5212.47
 0.78272 5208.71
 0.78284 5204.93
 0.78296 5201.13
 0.78308 5197.3
 0.7832 5193.44
 0.78332 5189.57
 0.78344 5185.67
 0.78356 5181.76
 0.78368 5177.82
 0.7838 5173.86
 0.78392 5169.87
 0.78404 5165.87
 0.78416 5161.85
 0.78428 5157.81
 0.7844 5153.74
 0.78452 5149.66
 0.78464 5145.56
 0.78476 5141.44
 0.78488 5137.31
 0.785 5133.15
 0.78512 5128.98
 0.78524 5124.79
 0.78536 5120.58
 0.78548 5116.36
 0.7856 5112.12
 0.78572 5107.87
 0.78584 5103.6
 0.78596 5099.32
 0.78608 5095.02
 0.7862 5090.71
 0.78632 5086.38
 0.78644 5082.04
 0.78656 5077.68
 0.78668 5073.31
 0.7868 5068.93
 0.78692 5064.53
 0.78704 5060.12
 0.78716 5055.69
 0.78728 5051.26
 0.7874 5046.81
 0.78752 5042.34
 0.78764 5037.87
 0.78776 5033.38
 0.78788 5028.87
 0.788 5024.36
 0.78812 5019.83
 0.78824 5015.29
 0.78836 5010.74
 0.78848 5006.18
 0.7886 5001.6
 0.78872 4997.01
 0.78884 4992.41
 0.78896 4987.8
 0.78908 4983.17
 0.7892 4978.54
 0.78932 4973.89
 0.78944 4969.23
 0.78956 4964.56
 0.78968 4959.88
 0.7898 4955.19
 0.78992 4950.49
 0.79004 4945.78
 0.79016 4941.07
 0.79028 4936.34
 0.7904 4931.6
 0.79052 4926.86
 0.79064 4922.11
 0.79076 4917.35
 0.79088 4912.59
 0.791 4907.82
 0.79112 4903.05
 0.79124 4898.27
 0.79136 4893.48
 0.79148 4888.69
 0.7916 4883.9
 0.79172 4879.1
 0.79184 4874.3
 0.79196 4869.5
 0.79208 4864.7
 0.7922 4859.89
 0.79232 4855.08
 0.79244 4850.27
 0.79256 4845.47
 0.79268 4840.66
 0.7928 4835.86
 0.79292 4831.05
 0.79304 4826.26
 0.79316 4821.46
 0.79328 4816.67
 0.7934 4811.88
 0.79352 4807.1
 0.79364 4802.33
 0.79376 4797.56
 0.79388 4792.8
 0.794 4788.04
 0.79412 4783.3
 0.79424 4778.56
 0.79436 4773.83
 0.79448 4769.12
 0.7946 4764.41
 0.79472 4759.71
 0.79484 4755.03
 0.79496 4750.35
 0.79508 4745.69
 0.7952 4741.04
 0.79532 4736.4
 0.79544 4731.78
 0.79556 4727.17
 0.79568 4722.58
 0.7958 4718
 0.79592 4713.43
 0.79604 4708.88
 0.79616 4704.35
 0.79628 4699.84
 0.7964 4695.34
 0.79652 4690.87
 0.79664 4686.41
 0.79676 4681.97
 0.79688 4677.55
 0.797 4673.15
 0.79712 4668.78
 0.79724 4664.42
 0.79736 4660.09
 0.79748 4655.78
 0.7976 4651.5
 0.79772 4647.24
 0.79784 4643
 0.79796 4638.79
 0.79808 4634.6
 0.7982 4630.44
 0.79832 4626.3
 0.79844 4622.18
 0.79856 4618.1
 0.79868 4614.03
 0.7988 4610
 0.79892 4605.99
 0.79904 4602
 0.79916 4598.05
 0.79928 4594.11
 0.7994 4590.21
 0.79952 4586.33
 0.79964 4582.48
 0.79976 4578.65
 0.79988 4574.86
