 0.2 5433.96
 0.20012 5431.87
 0.20024 5429.78
 0.20036 5427.7
 0.20048 5425.62
 0.2006 5423.55
 0.20072 5421.48
 0.20084 5419.42
 0.20096 5417.37
 0.20108 5415.32
 0.2012 5413.27
 0.20132 5411.24
 0.20144 5409.21
 0.20156 5407.18
 0.20168 5405.16
 0.2018 5403.15
 0.20192 5401.15
 0.20204 5399.15
 0.20216 5397.15
 0.20228 5395.17
 0.2024 5393.19
 0.20252 5391.21
 0.20264 5389.25
 0.20276 5387.28
 0.20288 5385.33
 0.203 5383.38
 0.20312 5381.43
 0.20324 5379.5
 0.20336 5377.56
 0.20348 5375.63
 0.2036 5373.71
 0.20372 5371.8
 0.20384 5369.89
 0.20396 5367.98
 0.20408 5366.09
 0.2042 5364.2
 0.20432 5362.31
 0.20444 5360.44
 0.20456 5358.57
 0.20468 5356.71
 0.2048 5354.86
 0.20492 5353.02
 0.20504 5351.18
 0.20516 5349.35
 0.20528 5347.54
 0.2054 5345.73
 0.20552 5343.92
 0.20564 5342.13
 0.20576 5340.34
 0.20588 5338.57
 0.206 5336.8
 0.20612 5335.03
 0.20624 5333.28
 0.20636 5331.53
 0.20648 5329.79
 0.2066 5328.06
 0.20672 5326.33
 0.20684 5324.61
 0.20696 5322.9
 0.20708 5321.2
 0.2072 5319.5
 0.20732 5317.81
 0.20744 5316.12
 0.20756 5314.44
 0.20768 5312.77
 0.2078 5311.11
 0.20792 5309.45
 0.20804 5307.79
 0.20816 5306.14
 0.20828 5304.5
 0.2084 5302.86
 0.20852 5301.23
 0.20864 5299.6
 0.20876 5297.98
 0.20888 5296.36
 0.209 5294.75
 0.20912 5293.14
 0.20924 5291.54
 0.20936 5289.94
 0.20948 5288.35
 0.2096 5286.77
 0.20972 5285.19
 0.20984 5283.62
 0.20996 5282.05
 0.21008 5280.48
 0.2102 5278.93
 0.21032 5277.38
 0.21044 5275.83
 0.21056 5274.29
 0.21068 5272.76
 0.2108 5271.23
 0.21092 5269.71
 0.21104 5268.2
 0.21116 5266.69
 0.21128 5265.19
 0.2114 5263.7
 0.21152 5262.21
 0.21164 5260.74
 0.21176 5259.26
 0.21188 5257.8
 0.212 5256.35
 0.21212 5254.9
 0.21224 5253.46
 0.21236 5252.03
 0.21248 5250.61
 0.2126 5249.19
 0.21272 5247.79
 0.21284 5246.39
 0.21296 5245
 0.21308 5243.62
 0.2132 5242.24
 0.21332 5240.88
 0.21344 5239.52
 0.21356 5238.17
 0.21368 5236.83
 0.2138 5235.49
 0.21392 5234.17
 0.21404 5232.85
 0.21416 5231.54
 0.21428 5230.23
 0.2144 5228.94
 0.21452 5227.65
 0.21464 5226.38
 0.21476 5225.11
 0.21488 5223.84
 0.215 5222.59
 0.21512 5221.34
 0.21524 5220.1
 0.21536 5218.87
 0.21548 5217.65
 0.2156 5216.44
 0.21572 5215.23
 0.21584 5214.03
 0.21596 5212.84
 0.21608 5211.66
 0.2162 5210.49
 0.21632 5209.33
 0.21644 5208.17
 0.21656 5207.03
 0.21668 5205.89
 0.2168 5204.76
 0.21692 5203.64
 0.21704 5202.53
 0.21716 5201.42
 0.21728 5200.33
 0.2174 5199.24
 0.21752 5198.16
 0.21764 5197.09
 0.21776 5196.02
 0.21788 5194.96
 0.218 5193.91
 0.21812 5192.87
 0.21824 5191.83
 0.21836 5190.8
 0.21848 5189.77
 0.2186 5188.76
 0.21872 5187.74
 0.21884 5186.74
 0.21896 5185.74
 0.21908 5184.75
 0.2192 5183.77
 0.21932 5182.8
 0.21944 5181.83
 0.21956 5180.87
 0.21968 5179.92
 0.2198 5178.97
 0.21992 5178.04
 0.22004 5177.11
 0.22016 5176.19
 0.22028 5175.28
 0.2204 5174.37
 0.22052 5173.48
 0.22064 5172.6
 0.22076 5171.72
 0.22088 5170.86
 0.221 5170
 0.22112 5169.16
 0.22124 5168.32
 0.22136 5167.49
 0.22148 5166.67
 0.2216 5165.87
 0.22172 5165.07
 0.22184 5164.28
 0.22196 5163.5
 0.22208 5162.73
 0.2222 5161.97
 0.22232 5161.22
 0.22244 5160.48
 0.22256 5159.75
 0.22268 5159.03
 0.2228 5158.32
 0.22292 5157.61
 0.22304 5156.92
 0.22316 5156.24
 0.22328 5155.57
 0.2234 5154.9
 0.22352 5154.25
 0.22364 5153.61
 0.22376 5152.97
 0.22388 5152.35
 0.224 5151.73
 0.22412 5151.12
 0.22424 5150.53
 0.22436 5149.94
 0.22448 5149.36
 0.2246 5148.79
 0.22472 5148.23
 0.22484 5147.68
 0.22496 5147.14
 0.22508 5146.61
 0.2252 5146.09
 0.22532 5145.58
 0.22544 5145.07
 0.22556 5144.57
 0.22568 5144.09
 0.2258 5143.61
 0.22592 5143.14
 0.22604 5142.68
 0.22616 5142.22
 0.22628 5141.78
 0.2264 5141.34
 0.22652 5140.91
 0.22664 5140.49
 0.22676 5140.07
 0.22688 5139.67
 0.227 5139.27
 0.22712 5138.87
 0.22724 5138.49
 0.22736 5138.11
 0.22748 5137.73
 0.2276 5137.37
 0.22772 5137.01
 0.22784 5136.65
 0.22796 5136.3
 0.22808 5135.96
 0.2282 5135.62
 0.22832 5135.29
 0.22844 5134.96
 0.22856 5134.64
 0.22868 5134.32
 0.2288 5134.01
 0.22892 5133.7
 0.22904 5133.4
 0.22916 5133.1
 0.22928 5132.8
 0.2294 5132.51
 0.22952 5132.23
 0.22964 5131.94
 0.22976 5131.66
 0.22988 5131.39
 0.23 5131.12
 0.23012 5130.85
 0.23024 5130.59
 0.23036 5130.33
 0.23048 5130.08
 0.2306 5129.82
 0.23072 5129.57
 0.23084 5129.33
 0.23096 5129.08
 0.23108 5128.84
 0.2312 5128.6
 0.23132 5128.36
 0.23144 5128.13
 0.23156 5127.89
 0.23168 5127.66
 0.2318 5127.42
 0.23192 5127.19
 0.23204 5126.96
 0.23216 5126.73
 0.23228 5126.5
 0.2324 5126.26
 0.23252 5126.03
 0.23264 5125.8
 0.23276 5125.56
 0.23288 5125.33
 0.233 5125.09
 0.23312 5124.86
 0.23324 5124.62
 0.23336 5124.38
 0.23348 5124.13
 0.2336 5123.89
 0.23372 5123.64
 0.23384 5123.39
 0.23396 5123.14
 0.23408 5122.88
 0.2342 5122.62
 0.23432 5122.35
 0.23444 5122.08
 0.23456 5121.81
 0.23468 5121.53
 0.2348 5121.24
 0.23492 5120.95
 0.23504 5120.65
 0.23516 5120.34
 0.23528 5120.03
 0.2354 5119.72
 0.23552 5119.4
 0.23564 5119.07
 0.23576 5118.74
 0.23588 5118.4
 0.236 5118.06
 0.23612 5117.72
 0.23624 5117.37
 0.23636 5117.01
 0.23648 5116.65
 0.2366 5116.29
 0.23672 5115.92
 0.23684 5115.56
 0.23696 5115.18
 0.23708 5114.81
 0.2372 5114.43
 0.23732 5114.06
 0.23744 5113.68
 0.23756 5113.3
 0.23768 5112.92
 0.2378 5112.54
 0.23792 5112.16
 0.23804 5111.78
 0.23816 5111.41
 0.23828 5111.03
 0.2384 5110.66
 0.23852 5110.3
 0.23864 5109.93
 0.23876 5109.57
 0.23888 5109.21
 0.239 5108.86
 0.23912 5108.51
 0.23924 5108.16
 0.23936 5107.82
 0.23948 5107.49
 0.2396 5107.16
 0.23972 5106.83
 0.23984 5106.52
 0.23996 5106.2
 0.24008 5105.9
 0.2402 5105.59
 0.24032 5105.3
 0.24044 5105.01
 0.24056 5104.73
 0.24068 5104.46
 0.2408 5104.19
 0.24092 5103.93
 0.24104 5103.67
 0.24116 5103.43
 0.24128 5103.19
 0.2414 5102.96
 0.24152 5102.73
 0.24164 5102.52
 0.24176 5102.31
 0.24188 5102.1
 0.242 5101.91
 0.24212 5101.72
 0.24224 5101.54
 0.24236 5101.37
 0.24248 5101.2
 0.2426 5101.04
 0.24272 5100.88
 0.24284 5100.74
 0.24296 5100.6
 0.24308 5100.47
 0.2432 5100.34
 0.24332 5100.22
 0.24344 5100.11
 0.24356 5100.01
 0.24368 5099.91
 0.2438 5099.82
 0.24392 5099.73
 0.24404 5099.66
 0.24416 5099.59
 0.24428 5099.53
 0.2444 5099.47
 0.24452 5099.43
 0.24464 5099.39
 0.24476 5099.36
 0.24488 5099.33
 0.245 5099.32
 0.24512 5099.31
 0.24524 5099.31
 0.24536 5099.32
 0.24548 5099.33
 0.2456 5099.35
 0.24572 5099.39
 0.24584 5099.42
 0.24596 5099.47
 0.24608 5099.52
 0.2462 5099.59
 0.24632 5099.66
 0.24644 5099.73
 0.24656 5099.82
 0.24668 5099.91
 0.2468 5100.01
 0.24692 5100.11
 0.24704 5100.23
 0.24716 5100.35
 0.24728 5100.48
 0.2474 5100.61
 0.24752 5100.76
 0.24764 5100.91
 0.24776 5101.06
 0.24788 5101.23
 0.248 5101.4
 0.24812 5101.58
 0.24824 5101.76
 0.24836 5101.96
 0.24848 5102.16
 0.2486 5102.36
 0.24872 5102.58
 0.24884 5102.8
 0.24896 5103.02
 0.24908 5103.26
 0.2492 5103.5
 0.24932 5103.74
 0.24944 5103.99
 0.24956 5104.25
 0.24968 5104.51
 0.2498 5104.78
 0.24992 5105.06
 0.25004 5105.34
 0.25016 5105.63
 0.25028 5105.92
 0.2504 5106.22
 0.25052 5106.52
 0.25064 5106.82
 0.25076 5107.14
 0.25088 5107.45
 0.251 5107.77
 0.25112 5108.1
 0.25124 5108.43
 0.25136 5108.76
 0.25148 5109.1
 0.2516 5109.45
 0.25172 5109.8
 0.25184 5110.16
 0.25196 5110.52
 0.25208 5110.89
 0.2522 5111.26
 0.25232 5111.64
 0.25244 5112.02
 0.25256 5112.41
 0.25268 5112.81
 0.2528 5113.21
 0.25292 5113.62
 0.25304 5114.04
 0.25316 5114.46
 0.25328 5114.88
 0.2534 5115.32
 0.25352 5115.76
 0.25364 5116.2
 0.25376 5116.66
 0.25388 5117.12
 0.254 5117.58
 0.25412 5118.05
 0.25424 5118.53
 0.25436 5119.02
 0.25448 5119.51
 0.2546 5120
 0.25472 5120.51
 0.25484 5121.01
 0.25496 5121.53
 0.25508 5122.05
 0.2552 5122.57
 0.25532 5123.1
 0.25544 5123.64
 0.25556 5124.18
 0.25568 5124.72
 0.2558 5125.27
 0.25592 5125.83
 0.25604 5126.39
 0.25616 5126.96
 0.25628 5127.53
 0.2564 5128.11
 0.25652 5128.69
 0.25664 5129.28
 0.25676 5129.88
 0.25688 5130.47
 0.257 5131.08
 0.25712 5131.69
 0.25724 5132.3
 0.25736 5132.93
 0.25748 5133.55
 0.2576 5134.19
 0.25772 5134.83
 0.25784 5135.48
 0.25796 5136.13
 0.25808 5136.79
 0.2582 5137.45
 0.25832 5138.13
 0.25844 5138.81
 0.25856 5139.49
 0.25868 5140.19
 0.2588 5140.89
 0.25892 5141.6
 0.25904 5142.31
 0.25916 5143.04
 0.25928 5143.77
 0.2594 5144.51
 0.25952 5145.25
 0.25964 5146.01
 0.25976 5146.77
 0.25988 5147.54
 0.26 5148.32
 0.26012 5149.1
 0.26024 5149.9
 0.26036 5150.7
 0.26048 5151.52
 0.2606 5152.34
 0.26072 5153.17
 0.26084 5154.01
 0.26096 5154.86
 0.26108 5155.72
 0.2612 5156.59
 0.26132 5157.47
 0.26144 5158.36
 0.26156 5159.26
 0.26168 5160.17
 0.2618 5161.09
 0.26192 5162.02
 0.26204 5162.96
 0.26216 5163.91
 0.26228 5164.88
 0.2624 5165.85
 0.26252 5166.84
 0.26264 5167.84
 0.26276 5168.85
 0.26288 5169.87
 0.263 5170.91
 0.26312 5171.96
 0.26324 5173.02
 0.26336 5174.09
 0.26348 5175.18
 0.2636 5176.28
 0.26372 5177.39
 0.26384 5178.52
 0.26396 5179.66
 0.26408 5180.81
 0.2642 5181.98
 0.26432 5183.17
 0.26444 5184.37
 0.26456 5185.58
 0.26468 5186.81
 0.2648 5188.05
 0.26492 5189.31
 0.26504 5190.59
 0.26516 5191.88
 0.26528 5193.19
 0.2654 5194.51
 0.26552 5195.85
 0.26564 5197.21
 0.26576 5198.58
 0.26588 5199.96
 0.266 5201.36
 0.26612 5202.77
 0.26624 5204.2
 0.26636 5205.64
 0.26648 5207.09
 0.2666 5208.56
 0.26672 5210.05
 0.26684 5211.54
 0.26696 5213.05
 0.26708 5214.58
 0.2672 5216.11
 0.26732 5217.66
 0.26744 5219.22
 0.26756 5220.78
 0.26768 5222.36
 0.2678 5223.95
 0.26792 5225.55
 0.26804 5227.15
 0.26816 5228.77
 0.26828 5230.39
 0.2684 5232.02
 0.26852 5233.66
 0.26864 5235.3
 0.26876 5236.95
 0.26888 5238.61
 0.269 5240.27
 0.26912 5241.93
 0.26924 5243.61
 0.26936 5245.28
 0.26948 5246.96
 0.2696 5248.65
 0.26972 5250.34
 0.26984 5252.03
 0.26996 5253.72
 0.27008 5255.42
 0.2702 5257.12
 0.27032 5258.82
 0.27044 5260.53
 0.27056 5262.23
 0.27068 5263.94
 0.2708 5265.65
 0.27092 5267.36
 0.27104 5269.08
 0.27116 5270.79
 0.27128 5272.5
 0.2714 5274.22
 0.27152 5275.93
 0.27164 5277.65
 0.27176 5279.36
 0.27188 5281.08
 0.272 5282.8
 0.27212 5284.52
 0.27224 5286.24
 0.27236 5287.96
 0.27248 5289.68
 0.2726 5291.41
 0.27272 5293.13
 0.27284 5294.86
 0.27296 5296.59
 0.27308 5298.32
 0.2732 5300.05
 0.27332 5301.78
 0.27344 5303.52
 0.27356 5305.26
 0.27368 5306.99
 0.2738 5308.73
 0.27392 5310.47
 0.27404 5312.22
 0.27416 5313.96
 0.27428 5315.7
 0.2744 5317.44
 0.27452 5319.19
 0.27464 5320.93
 0.27476 5322.68
 0.27488 5324.42
 0.275 5326.16
 0.27512 5327.9
 0.27524 5329.64
 0.27536 5331.38
 0.27548 5333.12
 0.2756 5334.86
 0.27572 5336.6
 0.27584 5338.33
 0.27596 5340.07
 0.27608 5341.8
 0.2762 5343.53
 0.27632 5345.26
 0.27644 5346.99
 0.27656 5348.72
 0.27668 5350.45
 0.2768 5352.17
 0.27692 5353.9
 0.27704 5355.62
 0.27716 5357.34
 0.27728 5359.06
 0.2774 5360.78
 0.27752 5362.5
 0.27764 5364.22
 0.27776 5365.94
 0.27788 5367.65
 0.278 5369.37
 0.27812 5371.08
 0.27824 5372.79
 0.27836 5374.5
 0.27848 5376.21
 0.2786 5377.92
 0.27872 5379.62
 0.27884 5381.33
 0.27896 5383.03
 0.27908 5384.72
 0.2792 5386.42
 0.27932 5388.11
 0.27944 5389.8
 0.27956 5391.48
 0.27968 5393.16
 0.2798 5394.84
 0.27992 5396.51
 0.28004 5398.18
 0.28016 5399.84
 0.28028 5401.5
 0.2804 5403.15
 0.28052 5404.8
 0.28064 5406.45
 0.28076 5408.09
 0.28088 5409.72
 0.281 5411.35
 0.28112 5412.97
 0.28124 5414.59
 0.28136 5416.2
 0.28148 5417.81
 0.2816 5419.41
 0.28172 5421.01
 0.28184 5422.59
 0.28196 5424.17
 0.28208 5425.75
 0.2822 5427.31
 0.28232 5428.87
 0.28244 5430.42
 0.28256 5431.97
 0.28268 5433.5
 0.2828 5435.03
 0.28292 5436.55
 0.28304 5438.07
 0.28316 5439.57
 0.28328 5441.07
 0.2834 5442.56
 0.28352 5444.04
 0.28364 5445.51
 0.28376 5446.97
 0.28388 5448.42
 0.284 5449.87
 0.28412 5451.31
 0.28424 5452.74
 0.28436 5454.16
 0.28448 5455.58
 0.2846 5456.98
 0.28472 5458.38
 0.28484 5459.78
 0.28496 5461.16
 0.28508 5462.54
 0.2852 5463.91
 0.28532 5465.28
 0.28544 5466.64
 0.28556 5467.99
 0.28568 5469.33
 0.2858 5470.67
 0.28592 5472.01
 0.28604 5473.33
 0.28616 5474.65
 0.28628 5475.97
 0.2864 5477.28
 0.28652 5478.58
 0.28664 5479.88
 0.28676 5481.17
 0.28688 5482.45
 0.287 5483.73
 0.28712 5485.01
 0.28724 5486.28
 0.28736 5487.54
 0.28748 5488.8
 0.2876 5490.05
 0.28772 5491.3
 0.28784 5492.54
 0.28796 5493.77
 0.28808 5495
 0.2882 5496.23
 0.28832 5497.45
 0.28844 5498.66
 0.28856 5499.87
 0.28868 5501.07
 0.2888 5502.27
 0.28892 5503.46
 0.28904 5504.65
 0.28916 5505.83
 0.28928 5507
 0.2894 5508.18
 0.28952 5509.34
 0.28964 5510.5
 0.28976 5511.66
 0.28988 5512.81
 0.29 5513.95
 0.29012 5515.09
 0.29024 5516.23
 0.29036 5517.36
 0.29048 5518.48
 0.2906 5519.6
 0.29072 5520.72
 0.29084 5521.83
 0.29096 5522.93
 0.29108 5524.03
 0.2912 5525.13
 0.29132 5526.22
 0.29144 5527.3
 0.29156 5528.38
 0.29168 5529.46
 0.2918 5530.53
 0.29192 5531.59
 0.29204 5532.65
 0.29216 5533.71
 0.29228 5534.76
 0.2924 5535.81
 0.29252 5536.85
 0.29264 5537.89
 0.29276 5538.92
 0.29288 5539.95
 0.293 5540.97
 0.29312 5541.99
 0.29324 5543
 0.29336 5544
 0.29348 5545.01
 0.2936 5546
 0.29372 5546.99
 0.29384 5547.97
 0.29396 5548.95
 0.29408 5549.92
 0.2942 5550.89
 0.29432 5551.85
 0.29444 5552.8
 0.29456 5553.74
 0.29468 5554.68
 0.2948 5555.61
 0.29492 5556.54
 0.29504 5557.45
 0.29516 5558.36
 0.29528 5559.26
 0.2954 5560.16
 0.29552 5561.05
 0.29564 5561.93
 0.29576 5562.8
 0.29588 5563.67
 0.296 5564.52
 0.29612 5565.37
 0.29624 5566.22
 0.29636 5567.05
 0.29648 5567.87
 0.2966 5568.69
 0.29672 5569.5
 0.29684 5570.3
 0.29696 5571.09
 0.29708 5571.88
 0.2972 5572.65
 0.29732 5573.42
 0.29744 5574.18
 0.29756 5574.94
 0.29768 5575.68
 0.2978 5576.42
 0.29792 5577.16
 0.29804 5577.89
 0.29816 5578.61
 0.29828 5579.32
 0.2984 5580.03
 0.29852 5580.73
 0.29864 5581.43
 0.29876 5582.12
 0.29888 5582.81
 0.299 5583.49
 0.29912 5584.16
 0.29924 5584.84
 0.29936 5585.5
 0.29948 5586.16
 0.2996 5586.82
 0.29972 5587.47
 0.29984 5588.12
 0.29996 5588.76
 0.30008 5589.4
 0.3002 5590.03
 0.30032 5590.66
 0.30044 5591.29
 0.30056 5591.91
 0.30068 5592.53
 0.3008 5593.14
 0.30092 5593.75
 0.30104 5594.36
 0.30116 5594.96
 0.30128 5595.56
 0.3014 5596.16
 0.30152 5596.75
 0.30164 5597.35
 0.30176 5597.93
 0.30188 5598.52
 0.302 5599.09
 0.30212 5599.67
 0.30224 5600.24
 0.30236 5600.81
 0.30248 5601.37
 0.3026 5601.93
 0.30272 5602.48
 0.30284 5603.03
 0.30296 5603.57
 0.30308 5604.11
 0.3032 5604.65
 0.30332 5605.18
 0.30344 5605.7
 0.30356 5606.22
 0.30368 5606.73
 0.3038 5607.24
 0.30392 5607.75
 0.30404 5608.25
 0.30416 5608.75
 0.30428 5609.25
 0.3044 5609.74
 0.30452 5610.23
 0.30464 5610.72
 0.30476 5611.2
 0.30488 5611.68
 0.305 5612.17
 0.30512 5612.64
 0.30524 5613.12
 0.30536 5613.6
 0.30548 5614.08
 0.3056 5614.55
 0.30572 5615.03
 0.30584 5615.5
 0.30596 5615.98
 0.30608 5616.45
 0.3062 5616.93
 0.30632 5617.41
 0.30644 5617.88
 0.30656 5618.36
 0.30668 5618.83
 0.3068 5619.31
 0.30692 5619.79
 0.30704 5620.27
 0.30716 5620.75
 0.30728 5621.23
 0.3074 5621.72
 0.30752 5622.2
 0.30764 5622.69
 0.30776 5623.18
 0.30788 5623.67
 0.308 5624.16
 0.30812 5624.66
 0.30824 5625.16
 0.30836 5625.66
 0.30848 5626.16
 0.3086 5626.67
 0.30872 5627.18
 0.30884 5627.69
 0.30896 5628.21
 0.30908 5628.74
 0.3092 5629.27
 0.30932 5629.8
 0.30944 5630.34
 0.30956 5630.89
 0.30968 5631.45
 0.3098 5632.01
 0.30992 5632.58
 0.31004 5633.16
 0.31016 5633.75
 0.31028 5634.34
 0.3104 5634.94
 0.31052 5635.56
 0.31064 5636.17
 0.31076 5636.8
 0.31088 5637.44
 0.311 5638.08
 0.31112 5638.73
 0.31124 5639.39
 0.31136 5640.05
 0.31148 5640.73
 0.3116 5641.41
 0.31172 5642.1
 0.31184 5642.8
 0.31196 5643.5
 0.31208 5644.22
 0.3122 5644.94
 0.31232 5645.66
 0.31244 5646.4
 0.31256 5647.14
 0.31268 5647.89
 0.3128 5648.64
 0.31292 5649.4
 0.31304 5650.17
 0.31316 5650.94
 0.31328 5651.72
 0.3134 5652.51
 0.31352 5653.3
 0.31364 5654.1
 0.31376 5654.9
 0.31388 5655.71
 0.314 5656.52
 0.31412 5657.33
 0.31424 5658.15
 0.31436 5658.98
 0.31448 5659.81
 0.3146 5660.64
 0.31472 5661.48
 0.31484 5662.31
 0.31496 5663.16
 0.31508 5664
 0.3152 5664.85
 0.31532 5665.7
 0.31544 5666.55
 0.31556 5667.4
 0.31568 5668.26
 0.3158 5669.12
 0.31592 5669.97
 0.31604 5670.83
 0.31616 5671.69
 0.31628 5672.55
 0.3164 5673.41
 0.31652 5674.27
 0.31664 5675.13
 0.31676 5675.99
 0.31688 5676.84
 0.317 5677.7
 0.31712 5678.55
 0.31724 5679.41
 0.31736 5680.26
 0.31748 5681.1
 0.3176 5681.95
 0.31772 5682.79
 0.31784 5683.62
 0.31796 5684.46
 0.31808 5685.29
 0.3182 5686.11
 0.31832 5686.94
 0.31844 5687.75
 0.31856 5688.56
 0.31868 5689.37
 0.3188 5690.17
 0.31892 5690.97
 0.31904 5691.76
 0.31916 5692.54
 0.31928 5693.31
 0.3194 5694.08
 0.31952 5694.84
 0.31964 5695.6
 0.31976 5696.35
 0.31988 5697.08
 0.32 5697.82
 0.32012 5698.54
 0.32024 5699.25
 0.32036 5699.96
 0.32048 5700.65
 0.3206 5701.34
 0.32072 5702.01
 0.32084 5702.68
 0.32096 5703.34
 0.32108 5703.98
 0.3212 5704.62
 0.32132 5705.24
 0.32144 5705.86
 0.32156 5706.46
 0.32168 5707.05
 0.3218 5707.63
 0.32192 5708.19
 0.32204 5708.75
 0.32216 5709.29
 0.32228 5709.82
 0.3224 5710.33
 0.32252 5710.83
 0.32264 5711.32
 0.32276 5711.8
 0.32288 5712.26
 0.323 5712.71
 0.32312 5713.14
 0.32324 5713.56
 0.32336 5713.96
 0.32348 5714.35
 0.3236 5714.73
 0.32372 5715.09
 0.32384 5715.44
 0.32396 5715.78
 0.32408 5716.1
 0.3242 5716.4
 0.32432 5716.69
 0.32444 5716.97
 0.32456 5717.23
 0.32468 5717.47
 0.3248 5717.71
 0.32492 5717.92
 0.32504 5718.12
 0.32516 5718.31
 0.32528 5718.48
 0.3254 5718.64
 0.32552 5718.78
 0.32564 5718.9
 0.32576 5719.01
 0.32588 5719.11
 0.326 5719.19
 0.32612 5719.25
 0.32624 5719.3
 0.32636 5719.33
 0.32648 5719.36
 0.3266 5719.36
 0.32672 5719.35
 0.32684 5719.33
 0.32696 5719.29
 0.32708 5719.24
 0.3272 5719.17
 0.32732 5719.08
 0.32744 5718.98
 0.32756 5718.86
 0.32768 5718.73
 0.3278 5718.58
 0.32792 5718.41
 0.32804 5718.23
 0.32816 5718.03
 0.32828 5717.81
 0.3284 5717.58
 0.32852 5717.32
 0.32864 5717.05
 0.32876 5716.76
 0.32888 5716.45
 0.329 5716.13
 0.32912 5715.78
 0.32924 5715.42
 0.32936 5715.04
 0.32948 5714.64
 0.3296 5714.22
 0.32972 5713.78
 0.32984 5713.32
 0.32996 5712.84
 0.33008 5712.34
 0.3302 5711.82
 0.33032 5711.28
 0.33044 5710.72
 0.33056 5710.14
 0.33068 5709.54
 0.3308 5708.92
 0.33092 5708.28
 0.33104 5707.61
 0.33116 5706.92
 0.33128 5706.22
 0.3314 5705.49
 0.33152 5704.73
 0.33164 5703.96
 0.33176 5703.16
 0.33188 5702.34
 0.332 5701.5
 0.33212 5700.64
 0.33224 5699.75
 0.33236 5698.84
 0.33248 5697.91
 0.3326 5696.95
 0.33272 5695.97
 0.33284 5694.97
 0.33296 5693.94
 0.33308 5692.89
 0.3332 5691.82
 0.33332 5690.72
 0.33344 5689.6
 0.33356 5688.46
 0.33368 5687.29
 0.3338 5686.09
 0.33392 5684.87
 0.33404 5683.62
 0.33416 5682.35
 0.33428 5681.05
 0.3344 5679.73
 0.33452 5678.38
 0.33464 5677
 0.33476 5675.59
 0.33488 5674.15
 0.335 5672.69
 0.33512 5671.2
 0.33524 5669.68
 0.33536 5668.13
 0.33548 5666.55
 0.3356 5664.94
 0.33572 5663.3
 0.33584 5661.63
 0.33596 5659.93
 0.33608 5658.2
 0.3362 5656.44
 0.33632 5654.65
 0.33644 5652.82
 0.33656 5650.97
 0.33668 5649.08
 0.3368 5647.16
 0.33692 5645.21
 0.33704 5643.23
 0.33716 5641.22
 0.33728 5639.17
 0.3374 5637.09
 0.33752 5634.97
 0.33764 5632.82
 0.33776 5630.64
 0.33788 5628.43
 0.338 5626.18
 0.33812 5623.89
 0.33824 5621.58
 0.33836 5619.23
 0.33848 5616.84
 0.3386 5614.42
 0.33872 5611.96
 0.33884 5609.47
 0.33896 5606.94
 0.33908 5604.38
 0.3392 5601.78
 0.33932 5599.14
 0.33944 5596.47
 0.33956 5593.76
 0.33968 5591.01
 0.3398 5588.22
 0.33992 5585.4
 0.34004 5582.53
 0.34016 5579.63
 0.34028 5576.7
 0.3404 5573.72
 0.34052 5570.7
 0.34064 5567.65
 0.34076 5564.56
 0.34088 5561.44
 0.341 5558.27
 0.34112 5555.08
 0.34124 5551.84
 0.34136 5548.57
 0.34148 5545.26
 0.3416 5541.92
 0.34172 5538.54
 0.34184 5535.13
 0.34196 5531.68
 0.34208 5528.2
 0.3422 5524.68
 0.34232 5521.14
 0.34244 5517.56
 0.34256 5513.95
 0.34268 5510.3
 0.3428 5506.63
 0.34292 5502.92
 0.34304 5499.19
 0.34316 5495.42
 0.34328 5491.62
 0.3434 5487.8
 0.34352 5483.94
 0.34364 5480.06
 0.34376 5476.15
 0.34388 5472.21
 0.344 5468.24
 0.34412 5464.25
 0.34424 5460.22
 0.34436 5456.18
 0.34448 5452.1
 0.3446 5448
 0.34472 5443.87
 0.34484 5439.71
 0.34496 5435.53
 0.34508 5431.33
 0.3452 5427.09
 0.34532 5422.83
 0.34544 5418.55
 0.34556 5414.24
 0.34568 5409.91
 0.3458 5405.55
 0.34592 5401.17
 0.34604 5396.76
 0.34616 5392.33
 0.34628 5387.88
 0.3464 5383.4
 0.34652 5378.9
 0.34664 5374.38
 0.34676 5369.84
 0.34688 5365.27
 0.347 5360.69
 0.34712 5356.08
 0.34724 5351.46
 0.34736 5346.81
 0.34748 5342.14
 0.3476 5337.46
 0.34772 5332.75
 0.34784 5328.03
 0.34796 5323.28
 0.34808 5318.52
 0.3482 5313.74
 0.34832 5308.95
 0.34844 5304.14
 0.34856 5299.31
 0.34868 5294.46
 0.3488 5289.6
 0.34892 5284.73
 0.34904 5279.84
 0.34916 5274.93
 0.34928 5270.01
 0.3494 5265.08
 0.34952 5260.14
 0.34964 5255.18
 0.34976 5250.2
 0.34988 5245.22
 0.35 5240.22
 0.35012 5235.22
 0.35024 5230.2
 0.35036 5225.16
 0.35048 5220.12
 0.3506 5215.07
 0.35072 5210.01
 0.35084 5204.93
 0.35096 5199.85
 0.35108 5194.76
 0.3512 5189.65
 0.35132 5184.54
 0.35144 5179.43
 0.35156 5174.3
 0.35168 5169.16
 0.3518 5164.02
 0.35192 5158.87
 0.35204 5153.72
 0.35216 5148.56
 0.35228 5143.39
 0.3524 5138.22
 0.35252 5133.04
 0.35264 5127.86
 0.35276 5122.67
 0.35288 5117.48
 0.353 5112.28
 0.35312 5107.08
 0.35324 5101.88
 0.35336 5096.67
 0.35348 5091.46
 0.3536 5086.25
 0.35372 5081.04
 0.35384 5075.82
 0.35396 5070.6
 0.35408 5065.38
 0.3542 5060.16
 0.35432 5054.94
 0.35444 5049.71
 0.35456 5044.49
 0.35468 5039.27
 0.3548 5034.04
 0.35492 5028.82
 0.35504 5023.6
 0.35516 5018.37
 0.35528 5013.15
 0.3554 5007.93
 0.35552 5002.72
 0.35564 4997.5
 0.35576 4992.29
 0.35588 4987.08
 0.356 4981.88
 0.35612 4976.67
 0.35624 4971.47
 0.35636 4966.28
 0.35648 4961.08
 0.3566 4955.9
 0.35672 4950.71
 0.35684 4945.54
 0.35696 4940.36
 0.35708 4935.19
 0.3572 4930.03
 0.35732 4924.88
 0.35744 4919.73
 0.35756 4914.6
 0.35768 4909.47
 0.3578 4904.35
 0.35792 4899.24
 0.35804 4894.14
 0.35816 4889.05
 0.35828 4883.97
 0.3584 4878.91
 0.35852 4873.85
 0.35864 4868.82
 0.35876 4863.79
 0.35888 4858.78
 0.359 4853.78
 0.35912 4848.8
 0.35924 4843.84
 0.35936 4838.89
 0.35948 4833.96
 0.3596 4829.05
 0.35972 4824.15
 0.35984 4819.28
 0.35996 4814.42
 0.36008 4809.58
 0.3602 4804.76
 0.36032 4799.96
 0.36044 4795.18
 0.36056 4790.42
 0.36068 4785.69
 0.3608 4780.97
 0.36092 4776.28
 0.36104 4771.62
 0.36116 4766.97
 0.36128 4762.36
 0.3614 4757.76
 0.36152 4753.19
 0.36164 4748.65
 0.36176 4744.14
 0.36188 4739.65
 0.362 4735.19
 0.36212 4730.76
 0.36224 4726.36
 0.36236 4721.99
 0.36248 4717.64
 0.3626 4713.33
 0.36272 4709.05
 0.36284 4704.8
 0.36296 4700.58
 0.36308 4696.4
 0.3632 4692.25
 0.36332 4688.13
 0.36344 4684.05
 0.36356 4680
 0.36368 4675.98
 0.3638 4672
 0.36392 4668.06
 0.36404 4664.15
 0.36416 4660.28
 0.36428 4656.45
 0.3644 4652.66
 0.36452 4648.9
 0.36464 4645.18
 0.36476 4641.5
 0.36488 4637.87
 0.365 4634.27
 0.36512 4630.71
 0.36524 4627.19
 0.36536 4623.72
 0.36548 4620.28
 0.3656 4616.89
 0.36572 4613.54
 0.36584 4610.23
 0.36596 4606.96
 0.36608 4603.73
 0.3662 4600.55
 0.36632 4597.41
 0.36644 4594.31
 0.36656 4591.26
 0.36668 4588.24
 0.3668 4585.27
 0.36692 4582.35
 0.36704 4579.47
 0.36716 4576.63
 0.36728 4573.84
 0.3674 4571.09
 0.36752 4568.38
 0.36764 4565.72
 0.36776 4563.1
 0.36788 4560.53
 0.368 4558
 0.36812 4555.52
 0.36824 4553.08
 0.36836 4550.69
 0.36848 4548.34
 0.3686 4546.04
 0.36872 4543.78
 0.36884 4541.57
 0.36896 4539.4
 0.36908 4537.28
 0.3692 4535.2
 0.36932 4533.17
 0.36944 4531.19
 0.36956 4529.25
 0.36968 4527.37
 0.3698 4525.52
 0.36992 4523.73
 0.37004 4521.98
 0.37016 4520.28
 0.37028 4518.63
 0.3704 4517.02
 0.37052 4515.46
 0.37064 4513.95
 0.37076 4512.48
 0.37088 4511.06
 0.371 4509.69
 0.37112 4508.36
 0.37124 4507.08
 0.37136 4505.84
 0.37148 4504.65
 0.3716 4503.51
 0.37172 4502.41
 0.37184 4501.36
 0.37196 4500.35
 0.37208 4499.39
 0.3722 4498.47
 0.37232 4497.6
 0.37244 4496.77
 0.37256 4495.98
 0.37268 4495.24
 0.3728 4494.55
 0.37292 4493.89
 0.37304 4493.28
 0.37316 4492.71
 0.37328 4492.19
 0.3734 4491.71
 0.37352 4491.27
 0.37364 4490.87
 0.37376 4490.52
 0.37388 4490.21
 0.374 4489.94
 0.37412 4489.71
 0.37424 4489.53
 0.37436 4489.39
 0.37448 4489.29
 0.3746 4489.24
 0.37472 4489.23
 0.37484 4489.26
 0.37496 4489.34
 0.37508 4489.46
 0.3752 4489.62
 0.37532 4489.83
 0.37544 4490.08
 0.37556 4490.38
 0.37568 4490.72
 0.3758 4491.11
 0.37592 4491.54
 0.37604 4492.02
 0.37616 4492.54
 0.37628 4493.11
 0.3764 4493.73
 0.37652 4494.39
 0.37664 4495.09
 0.37676 4495.84
 0.37688 4496.64
 0.377 4497.48
 0.37712 4498.37
 0.37724 4499.3
 0.37736 4500.28
 0.37748 4501.31
 0.3776 4502.38
 0.37772 4503.49
 0.37784 4504.66
 0.37796 4505.86
 0.37808 4507.12
 0.3782 4508.42
 0.37832 4509.76
 0.37844 4511.15
 0.37856 4512.59
 0.37868 4514.07
 0.3788 4515.59
 0.37892 4517.16
 0.37904 4518.77
 0.37916 4520.43
 0.37928 4522.13
 0.3794 4523.88
 0.37952 4525.67
 0.37964 4527.5
 0.37976 4529.38
 0.37988 4531.3
 0.38 4533.27
 0.38012 4535.28
 0.38024 4537.33
 0.38036 4539.43
 0.38048 4541.57
 0.3806 4543.76
 0.38072 4545.98
 0.38084 4548.26
 0.38096 4550.57
 0.38108 4552.93
 0.3812 4555.33
 0.38132 4557.77
 0.38144 4560.26
 0.38156 4562.79
 0.38168 4565.36
 0.3818 4567.98
 0.38192 4570.64
 0.38204 4573.33
 0.38216 4576.07
 0.38228 4578.85
 0.3824 4581.68
 0.38252 4584.54
 0.38264 4587.44
 0.38276 4590.39
 0.38288 4593.37
 0.383 4596.4
 0.38312 4599.46
 0.38324 4602.56
 0.38336 4605.71
 0.38348 4608.89
 0.3836 4612.11
 0.38372 4615.38
 0.38384 4618.68
 0.38396 4622.01
 0.38408 4625.39
 0.3842 4628.81
 0.38432 4632.26
 0.38444 4635.75
 0.38456 4639.28
 0.38468 4642.85
 0.3848 4646.45
 0.38492 4650.09
 0.38504 4653.77
 0.38516 4657.48
 0.38528 4661.23
 0.3854 4665.02
 0.38552 4668.84
 0.38564 4672.7
 0.38576 4676.59
 0.38588 4680.52
 0.386 4684.48
 0.38612 4688.47
 0.38624 4692.51
 0.38636 4696.57
 0.38648 4700.67
 0.3866 4704.8
 0.38672 4708.96
 0.38684 4713.16
 0.38696 4717.39
 0.38708 4721.65
 0.3872 4725.94
 0.38732 4730.26
 0.38744 4734.62
 0.38756 4739
 0.38768 4743.41
 0.3878 4747.85
 0.38792 4752.32
 0.38804 4756.82
 0.38816 4761.34
 0.38828 4765.89
 0.3884 4770.47
 0.38852 4775.07
 0.38864 4779.69
 0.38876 4784.34
 0.38888 4789.02
 0.389 4793.71
 0.38912 4798.43
 0.38924 4803.17
 0.38936 4807.93
 0.38948 4812.71
 0.3896 4817.51
 0.38972 4822.34
 0.38984 4827.18
 0.38996 4832.03
 0.39008 4836.91
 0.3902 4841.8
 0.39032 4846.72
 0.39044 4851.64
 0.39056 4856.59
 0.39068 4861.55
 0.3908 4866.52
 0.39092 4871.51
 0.39104 4876.51
 0.39116 4881.52
 0.39128 4886.55
 0.3914 4891.58
 0.39152 4896.63
 0.39164 4901.69
 0.39176 4906.75
 0.39188 4911.83
 0.392 4916.91
 0.39212 4922
 0.39224 4927.1
 0.39236 4932.2
 0.39248 4937.31
 0.3926 4942.42
 0.39272 4947.54
 0.39284 4952.65
 0.39296 4957.78
 0.39308 4962.9
 0.3932 4968.02
 0.39332 4973.15
 0.39344 4978.28
 0.39356 4983.4
 0.39368 4988.53
 0.3938 4993.66
 0.39392 4998.78
 0.39404 5003.9
 0.39416 5009.02
 0.39428 5014.14
 0.3944 5019.26
 0.39452 5024.37
 0.39464 5029.47
 0.39476 5034.57
 0.39488 5039.67
 0.395 5044.76
 0.39512 5049.85
 0.39524 5054.93
 0.39536 5060.01
 0.39548 5065.07
 0.3956 5070.14
 0.39572 5075.19
 0.39584 5080.24
 0.39596 5085.29
 0.39608 5090.33
 0.3962 5095.36
 0.39632 5100.39
 0.39644 5105.41
 0.39656 5110.42
 0.39668 5115.43
 0.3968 5120.43
 0.39692 5125.43
 0.39704 5130.42
 0.39716 5135.4
 0.39728 5140.38
 0.3974 5145.35
 0.39752 5150.32
 0.39764 5155.28
 0.39776 5160.24
 0.39788 5165.19
 0.398 5170.13
 0.39812 5175.07
 0.39824 5180
 0.39836 5184.92
 0.39848 5189.84
 0.3986 5194.76
 0.39872 5199.66
 0.39884 5204.57
 0.39896 5209.46
 0.39908 5214.36
 0.3992 5219.24
 0.39932 5224.12
 0.39944 5228.99
 0.39956 5233.86
 0.39968 5238.72
 0.3998 5243.58
 0.39992 5248.42
 0.40004 5253.27
 0.40016 5258.1
 0.40028 5262.93
 0.4004 5267.75
 0.40052 5272.56
 0.40064 5277.37
 0.40076 5282.17
 0.40088 5286.96
 0.401 5291.75
 0.40112 5296.53
 0.40124 5301.29
 0.40136 5306.05
 0.40148 5310.8
 0.4016 5315.54
 0.40172 5320.28
 0.40184 5325
 0.40196 5329.71
 0.40208 5334.42
 0.4022 5339.11
 0.40232 5343.79
 0.40244 5348.46
 0.40256 5353.13
 0.40268 5357.78
 0.4028 5362.42
 0.40292 5367.05
 0.40304 5371.67
 0.40316 5376.27
 0.40328 5380.87
 0.4034 5385.45
 0.40352 5390.02
 0.40364 5394.58
 0.40376 5399.13
 0.40388 5403.66
 0.404 5408.18
 0.40412 5412.69
 0.40424 5417.18
 0.40436 5421.66
 0.40448 5426.12
 0.4046 5430.57
 0.40472 5435
 0.40484 5439.42
 0.40496 5443.82
 0.40508 5448.21
 0.4052 5452.58
 0.40532 5456.93
 0.40544 5461.26
 0.40556 5465.58
 0.40568 5469.87
 0.4058 5474.15
 0.40592 5478.41
 0.40604 5482.64
 0.40616 5486.86
 0.40628 5491.05
 0.4064 5495.23
 0.40652 5499.38
 0.40664 5503.51
 0.40676 5507.62
 0.40688 5511.7
 0.407 5515.77
 0.40712 5519.81
 0.40724 5523.82
 0.40736 5527.81
 0.40748 5531.78
 0.4076 5535.73
 0.40772 5539.65
 0.40784 5543.54
 0.40796 5547.41
 0.40808 5551.26
 0.4082 5555.08
 0.40832 5558.87
 0.40844 5562.64
 0.40856 5566.38
 0.40868 5570.1
 0.4088 5573.79
 0.40892 5577.45
 0.40904 5581.09
 0.40916 5584.7
 0.40928 5588.29
 0.4094 5591.85
 0.40952 5595.39
 0.40964 5598.89
 0.40976 5602.38
 0.40988 5605.83
 0.41 5609.26
 0.41012 5612.66
 0.41024 5616.04
 0.41036 5619.38
 0.41048 5622.71
 0.4106 5626
 0.41072 5629.27
 0.41084 5632.51
 0.41096 5635.72
 0.41108 5638.91
 0.4112 5642.07
 0.41132 5645.2
 0.41144 5648.3
 0.41156 5651.38
 0.41168 5654.43
 0.4118 5657.46
 0.41192 5660.46
 0.41204 5663.43
 0.41216 5666.37
 0.41228 5669.29
 0.4124 5672.18
 0.41252 5675.05
 0.41264 5677.89
 0.41276 5680.7
 0.41288 5683.49
 0.413 5686.26
 0.41312 5688.99
 0.41324 5691.71
 0.41336 5694.39
 0.41348 5697.05
 0.4136 5699.69
 0.41372 5702.29
 0.41384 5704.87
 0.41396 5707.43
 0.41408 5709.95
 0.4142 5712.46
 0.41432 5714.93
 0.41444 5717.38
 0.41456 5719.8
 0.41468 5722.19
 0.4148 5724.56
 0.41492 5726.89
 0.41504 5729.21
 0.41516 5731.49
 0.41528 5733.75
 0.4154 5735.97
 0.41552 5738.17
 0.41564 5740.35
 0.41576 5742.49
 0.41588 5744.6
 0.416 5746.69
 0.41612 5748.74
 0.41624 5750.77
 0.41636 5752.77
 0.41648 5754.74
 0.4166 5756.68
 0.41672 5758.59
 0.41684 5760.47
 0.41696 5762.32
 0.41708 5764.14
 0.4172 5765.94
 0.41732 5767.7
 0.41744 5769.44
 0.41756 5771.14
 0.41768 5772.82
 0.4178 5774.46
 0.41792 5776.08
 0.41804 5777.67
 0.41816 5779.23
 0.41828 5780.76
 0.4184 5782.26
 0.41852 5783.73
 0.41864 5785.18
 0.41876 5786.59
 0.41888 5787.98
 0.419 5789.33
 0.41912 5790.66
 0.41924 5791.96
 0.41936 5793.24
 0.41948 5794.48
 0.4196 5795.7
 0.41972 5796.89
 0.41984 5798.05
 0.41996 5799.19
 0.42008 5800.29
 0.4202 5801.37
 0.42032 5802.43
 0.42044 5803.45
 0.42056 5804.45
 0.42068 5805.42
 0.4208 5806.37
 0.42092 5807.29
 0.42104 5808.18
 0.42116 5809.05
 0.42128 5809.9
 0.4214 5810.72
 0.42152 5811.51
 0.42164 5812.29
 0.42176 5813.03
 0.42188 5813.76
 0.422 5814.46
 0.42212 5815.14
 0.42224 5815.8
 0.42236 5816.43
 0.42248 5817.04
 0.4226 5817.63
 0.42272 5818.2
 0.42284 5818.75
 0.42296 5819.28
 0.42308 5819.79
 0.4232 5820.28
 0.42332 5820.75
 0.42344 5821.2
 0.42356 5821.63
 0.42368 5822.04
 0.4238 5822.42
 0.42392 5822.79
 0.42404 5823.14
 0.42416 5823.48
 0.42428 5823.79
 0.4244 5824.08
 0.42452 5824.35
 0.42464 5824.61
 0.42476 5824.85
 0.42488 5825.06
 0.425 5825.26
 0.42512 5825.44
 0.42524 5825.6
 0.42536 5825.74
 0.42548 5825.86
 0.4256 5825.97
 0.42572 5826.05
 0.42584 5826.11
 0.42596 5826.16
 0.42608 5826.18
 0.4262 5826.18
 0.42632 5826.17
 0.42644 5826.13
 0.42656 5826.07
 0.42668 5825.99
 0.4268 5825.88
 0.42692 5825.76
 0.42704 5825.62
 0.42716 5825.45
 0.42728 5825.26
 0.4274 5825.05
 0.42752 5824.82
 0.42764 5824.56
 0.42776 5824.28
 0.42788 5823.98
 0.428 5823.66
 0.42812 5823.31
 0.42824 5822.94
 0.42836 5822.55
 0.42848 5822.13
 0.4286 5821.69
 0.42872 5821.23
 0.42884 5820.74
 0.42896 5820.23
 0.42908 5819.7
 0.4292 5819.15
 0.42932 5818.57
 0.42944 5817.97
 0.42956 5817.34
 0.42968 5816.69
 0.4298 5816.02
 0.42992 5815.33
 0.43004 5814.62
 0.43016 5813.88
 0.43028 5813.12
 0.4304 5812.33
 0.43052 5811.53
 0.43064 5810.71
 0.43076 5809.86
 0.43088 5809
 0.431 5808.11
 0.43112 5807.21
 0.43124 5806.29
 0.43136 5805.35
 0.43148 5804.39
 0.4316 5803.42
 0.43172 5802.43
 0.43184 5801.42
 0.43196 5800.4
 0.43208 5799.37
 0.4322 5798.31
 0.43232 5797.25
 0.43244 5796.17
 0.43256 5795.07
 0.43268 5793.96
 0.4328 5792.84
 0.43292 5791.7
 0.43304 5790.55
 0.43316 5789.39
 0.43328 5788.22
 0.4334 5787.03
 0.43352 5785.83
 0.43364 5784.61
 0.43376 5783.39
 0.43388 5782.15
 0.434 5780.9
 0.43412 5779.64
 0.43424 5778.36
 0.43436 5777.08
 0.43448 5775.78
 0.4346 5774.47
 0.43472 5773.15
 0.43484 5771.82
 0.43496 5770.48
 0.43508 5769.12
 0.4352 5767.76
 0.43532 5766.39
 0.43544 5765
 0.43556 5763.61
 0.43568 5762.21
 0.4358 5760.79
 0.43592 5759.37
 0.43604 5757.94
 0.43616 5756.5
 0.43628 5755.05
 0.4364 5753.59
 0.43652 5752.13
 0.43664 5750.65
 0.43676 5749.17
 0.43688 5747.67
 0.437 5746.17
 0.43712 5744.67
 0.43724 5743.15
 0.43736 5741.62
 0.43748 5740.09
 0.4376 5738.55
 0.43772 5737
 0.43784 5735.45
 0.43796 5733.88
 0.43808 5732.31
 0.4382 5730.74
 0.43832 5729.16
 0.43844 5727.57
 0.43856 5725.97
 0.43868 5724.37
 0.4388 5722.76
 0.43892 5721.14
 0.43904 5719.52
 0.43916 5717.89
 0.43928 5716.25
 0.4394 5714.6
 0.43952 5712.95
 0.43964 5711.29
 0.43976 5709.63
 0.43988 5707.95
 0.44 5706.27
 0.44012 5704.58
 0.44024 5702.88
 0.44036 5701.18
 0.44048 5699.46
 0.4406 5697.74
 0.44072 5696.01
 0.44084 5694.27
 0.44096 5692.52
 0.44108 5690.76
 0.4412 5689
 0.44132 5687.22
 0.44144 5685.43
 0.44156 5683.64
 0.44168 5681.83
 0.4418 5680.02
 0.44192 5678.19
 0.44204 5676.35
 0.44216 5674.51
 0.44228 5672.65
 0.4424 5670.78
 0.44252 5668.9
 0.44264 5667.01
 0.44276 5665.1
 0.44288 5663.19
 0.443 5661.26
 0.44312 5659.33
 0.44324 5657.38
 0.44336 5655.42
 0.44348 5653.45
 0.4436 5651.47
 0.44372 5649.48
 0.44384 5647.48
 0.44396 5645.47
 0.44408 5643.46
 0.4442 5641.43
 0.44432 5639.4
 0.44444 5637.35
 0.44456 5635.3
 0.44468 5633.25
 0.4448 5631.18
 0.44492 5629.11
 0.44504 5627.04
 0.44516 5624.95
 0.44528 5622.87
 0.4454 5620.78
 0.44552 5618.68
 0.44564 5616.58
 0.44576 5614.48
 0.44588 5612.37
 0.446 5610.27
 0.44612 5608.16
 0.44624 5606.05
 0.44636 5603.93
 0.44648 5601.82
 0.4466 5599.7
 0.44672 5597.59
 0.44684 5595.47
 0.44696 5593.36
 0.44708 5591.24
 0.4472 5589.12
 0.44732 5587.01
 0.44744 5584.89
 0.44756 5582.78
 0.44768 5580.67
 0.4478 5578.56
 0.44792 5576.45
 0.44804 5574.35
 0.44816 5572.25
 0.44828 5570.15
 0.4484 5568.05
 0.44852 5565.96
 0.44864 5563.88
 0.44876 5561.79
 0.44888 5559.72
 0.449 5557.64
 0.44912 5555.58
 0.44924 5553.52
 0.44936 5551.46
 0.44948 5549.41
 0.4496 5547.37
 0.44972 5545.33
 0.44984 5543.3
 0.44996 5541.28
 0.45008 5539.26
 0.4502 5537.26
 0.45032 5535.26
 0.45044 5533.26
 0.45056 5531.28
 0.45068 5529.3
 0.4508 5527.34
 0.45092 5525.38
 0.45104 5523.42
 0.45116 5521.48
 0.45128 5519.54
 0.4514 5517.62
 0.45152 5515.7
 0.45164 5513.79
 0.45176 5511.88
 0.45188 5509.99
 0.452 5508.1
 0.45212 5506.23
 0.45224 5504.36
 0.45236 5502.5
 0.45248 5500.64
 0.4526 5498.8
 0.45272 5496.96
 0.45284 5495.14
 0.45296 5493.32
 0.45308 5491.51
 0.4532 5489.71
 0.45332 5487.92
 0.45344 5486.13
 0.45356 5484.36
 0.45368 5482.6
 0.4538 5480.84
 0.45392 5479.1
 0.45404 5477.36
 0.45416 5475.64
 0.45428 5473.93
 0.4544 5472.23
 0.45452 5470.53
 0.45464 5468.86
 0.45476 5467.19
 0.45488 5465.53
 0.455 5463.89
 0.45512 5462.25
 0.45524 5460.63
 0.45536 5459.03
 0.45548 5457.43
 0.4556 5455.85
 0.45572 5454.28
 0.45584 5452.73
 0.45596 5451.19
 0.45608 5449.67
 0.4562 5448.16
 0.45632 5446.66
 0.45644 5445.18
 0.45656 5443.72
 0.45668 5442.27
 0.4568 5440.83
 0.45692 5439.41
 0.45704 5438.01
 0.45716 5436.62
 0.45728 5435.25
 0.4574 5433.9
 0.45752 5432.56
 0.45764 5431.24
 0.45776 5429.93
 0.45788 5428.64
 0.458 5427.36
 0.45812 5426.1
 0.45824 5424.86
 0.45836 5423.63
 0.45848 5422.42
 0.4586 5421.22
 0.45872 5420.03
 0.45884 5418.86
 0.45896 5417.71
 0.45908 5416.57
 0.4592 5415.44
 0.45932 5414.32
 0.45944 5413.22
 0.45956 5412.13
 0.45968 5411.05
 0.4598 5409.99
 0.45992 5408.94
 0.46004 5407.9
 0.46016 5406.87
 0.46028 5405.85
 0.4604 5404.84
 0.46052 5403.84
 0.46064 5402.85
 0.46076 5401.87
 0.46088 5400.89
 0.461 5399.93
 0.46112 5398.97
 0.46124 5398.01
 0.46136 5397.06
 0.46148 5396.11
 0.4616 5395.17
 0.46172 5394.23
 0.46184 5393.3
 0.46196 5392.36
 0.46208 5391.43
 0.4622 5390.5
 0.46232 5389.57
 0.46244 5388.65
 0.46256 5387.72
 0.46268 5386.8
 0.4628 5385.87
 0.46292 5384.95
 0.46304 5384.03
 0.46316 5383.11
 0.46328 5382.19
 0.4634 5381.26
 0.46352 5380.34
 0.46364 5379.43
 0.46376 5378.51
 0.46388 5377.59
 0.464 5376.67
 0.46412 5375.76
 0.46424 5374.84
 0.46436 5373.93
 0.46448 5373.02
 0.4646 5372.1
 0.46472 5371.2
 0.46484 5370.29
 0.46496 5369.38
 0.46508 5368.48
 0.4652 5367.57
 0.46532 5366.67
 0.46544 5365.78
 0.46556 5364.88
 0.46568 5363.98
 0.4658 5363.09
 0.46592 5362.2
 0.46604 5361.32
 0.46616 5360.43
 0.46628 5359.55
 0.4664 5358.67
 0.46652 5357.79
 0.46664 5356.92
 0.46676 5356.05
 0.46688 5355.18
 0.467 5354.32
 0.46712 5353.46
 0.46724 5352.6
 0.46736 5351.75
 0.46748 5350.9
 0.4676 5350.05
 0.46772 5349.21
 0.46784 5348.37
 0.46796 5347.54
 0.46808 5346.7
 0.4682 5345.88
 0.46832 5345.05
 0.46844 5344.23
 0.46856 5343.42
 0.46868 5342.61
 0.4688 5341.8
 0.46892 5341
 0.46904 5340.2
 0.46916 5339.4
 0.46928 5338.61
 0.4694 5337.83
 0.46952 5337.05
 0.46964 5336.28
 0.46976 5335.51
 0.46988 5334.75
 0.47 5333.99
 0.47012 5333.25
 0.47024 5332.51
 0.47036 5331.77
 0.47048 5331.05
 0.4706 5330.33
 0.47072 5329.63
 0.47084 5328.93
 0.47096 5328.24
 0.47108 5327.56
 0.4712 5326.89
 0.47132 5326.23
 0.47144 5325.59
 0.47156 5324.95
 0.47168 5324.32
 0.4718 5323.71
 0.47192 5323.11
 0.47204 5322.51
 0.47216 5321.94
 0.47228 5321.37
 0.4724 5320.81
 0.47252 5320.27
 0.47264 5319.74
 0.47276 5319.23
 0.47288 5318.72
 0.473 5318.23
 0.47312 5317.75
 0.47324 5317.28
 0.47336 5316.82
 0.47348 5316.38
 0.4736 5315.95
 0.47372 5315.52
 0.47384 5315.11
 0.47396 5314.71
 0.47408 5314.32
 0.4742 5313.93
 0.47432 5313.56
 0.47444 5313.2
 0.47456 5312.84
 0.47468 5312.49
 0.4748 5312.15
 0.47492 5311.82
 0.47504 5311.5
 0.47516 5311.18
 0.47528 5310.87
 0.4754 5310.56
 0.47552 5310.27
 0.47564 5309.97
 0.47576 5309.69
 0.47588 5309.41
 0.476 5309.13
 0.47612 5308.86
 0.47624 5308.59
 0.47636 5308.33
 0.47648 5308.07
 0.4766 5307.82
 0.47672 5307.57
 0.47684 5307.32
 0.47696 5307.08
 0.47708 5306.84
 0.4772 5306.6
 0.47732 5306.37
 0.47744 5306.14
 0.47756 5305.92
 0.47768 5305.69
 0.4778 5305.47
 0.47792 5305.25
 0.47804 5305.03
 0.47816 5304.82
 0.47828 5304.6
 0.4784 5304.39
 0.47852 5304.18
 0.47864 5303.97
 0.47876 5303.75
 0.47888 5303.54
 0.479 5303.33
 0.47912 5303.12
 0.47924 5302.91
 0.47936 5302.7
 0.47948 5302.49
 0.4796 5302.27
 0.47972 5302.06
 0.47984 5301.84
 0.47996 5301.63
 0.48008 5301.41
 0.4802 5301.19
 0.48032 5300.96
 0.48044 5300.74
 0.48056 5300.51
 0.48068 5300.29
 0.4808 5300.06
 0.48092 5299.83
 0.48104 5299.59
 0.48116 5299.36
 0.48128 5299.12
 0.4814 5298.89
 0.48152 5298.65
 0.48164 5298.41
 0.48176 5298.17
 0.48188 5297.92
 0.482 5297.68
 0.48212 5297.43
 0.48224 5297.18
 0.48236 5296.93
 0.48248 5296.68
 0.4826 5296.43
 0.48272 5296.18
 0.48284 5295.92
 0.48296 5295.67
 0.48308 5295.41
 0.4832 5295.15
 0.48332 5294.89
 0.48344 5294.63
 0.48356 5294.37
 0.48368 5294.11
 0.4838 5293.85
 0.48392 5293.58
 0.48404 5293.32
 0.48416 5293.05
 0.48428 5292.79
 0.4844 5292.52
 0.48452 5292.25
 0.48464 5291.98
 0.48476 5291.7
 0.48488 5291.43
 0.485 5291.16
 0.48512 5290.88
 0.48524 5290.6
 0.48536 5290.32
 0.48548 5290.04
 0.4856 5289.76
 0.48572 5289.47
 0.48584 5289.18
 0.48596 5288.89
 0.48608 5288.6
 0.4862 5288.31
 0.48632 5288.01
 0.48644 5287.72
 0.48656 5287.42
 0.48668 5287.12
 0.4868 5286.82
 0.48692 5286.51
 0.48704 5286.21
 0.48716 5285.9
 0.48728 5285.59
 0.4874 5285.28
 0.48752 5284.97
 0.48764 5284.66
 0.48776 5284.35
 0.48788 5284.04
 0.488 5283.73
 0.48812 5283.43
 0.48824 5283.12
 0.48836 5282.82
 0.48848 5282.52
 0.4886 5282.23
 0.48872 5281.94
 0.48884 5281.65
 0.48896 5281.37
 0.48908 5281.1
 0.4892 5280.83
 0.48932 5280.57
 0.48944 5280.31
 0.48956 5280.06
 0.48968 5279.82
 0.4898 5279.59
 0.48992 5279.36
 0.49004 5279.14
 0.49016 5278.93
 0.49028 5278.73
 0.4904 5278.53
 0.49052 5278.35
 0.49064 5278.18
 0.49076 5278.02
 0.49088 5277.87
 0.491 5277.74
 0.49112 5277.61
 0.49124 5277.5
 0.49136 5277.41
 0.49148 5277.33
 0.4916 5277.26
 0.49172 5277.21
 0.49184 5277.18
 0.49196 5277.16
 0.49208 5277.15
 0.4922 5277.17
 0.49232 5277.2
 0.49244 5277.24
 0.49256 5277.31
 0.49268 5277.39
 0.4928 5277.49
 0.49292 5277.61
 0.49304 5277.74
 0.49316 5277.89
 0.49328 5278.06
 0.4934 5278.25
 0.49352 5278.45
 0.49364 5278.68
 0.49376 5278.91
 0.49388 5279.17
 0.494 5279.44
 0.49412 5279.73
 0.49424 5280.03
 0.49436 5280.35
 0.49448 5280.69
 0.4946 5281.04
 0.49472 5281.41
 0.49484 5281.79
 0.49496 5282.19
 0.49508 5282.6
 0.4952 5283.03
 0.49532 5283.47
 0.49544 5283.93
 0.49556 5284.4
 0.49568 5284.89
 0.4958 5285.39
 0.49592 5285.9
 0.49604 5286.43
 0.49616 5286.97
 0.49628 5287.52
 0.4964 5288.09
 0.49652 5288.67
 0.49664 5289.26
 0.49676 5289.87
 0.49688 5290.48
 0.497 5291.11
 0.49712 5291.76
 0.49724 5292.41
 0.49736 5293.08
 0.49748 5293.76
 0.4976 5294.45
 0.49772 5295.15
 0.49784 5295.87
 0.49796 5296.59
 0.49808 5297.33
 0.4982 5298.08
 0.49832 5298.84
 0.49844 5299.61
 0.49856 5300.39
 0.49868 5301.18
 0.4988 5301.98
 0.49892 5302.8
 0.49904 5303.62
 0.49916 5304.46
 0.49928 5305.3
 0.4994 5306.15
 0.49952 5307.01
 0.49964 5307.89
 0.49976 5308.77
 0.49988 5309.66
 0.5 5310.55
 0.50012 5311.46
 0.50024 5312.37
 0.50036 5313.3
 0.50048 5314.23
 0.5006 5315.16
 0.50072 5316.1
 0.50084 5317.05
 0.50096 5318.01
 0.50108 5318.97
 0.5012 5319.93
 0.50132 5320.91
 0.50144 5321.88
 0.50156 5322.86
 0.50168 5323.85
 0.5018 5324.84
 0.50192 5325.84
 0.50204 5326.84
 0.50216 5327.84
 0.50228 5328.85
 0.5024 5329.86
 0.50252 5330.87
 0.50264 5331.89
 0.50276 5332.92
 0.50288 5333.95
 0.503 5334.98
 0.50312 5336.02
 0.50324 5337.06
 0.50336 5338.11
 0.50348 5339.17
 0.5036 5340.23
 0.50372 5341.3
 0.50384 5342.37
 0.50396 5343.45
 0.50408 5344.54
 0.5042 5345.63
 0.50432 5346.74
 0.50444 5347.84
 0.50456 5348.96
 0.50468 5350.08
 0.5048 5351.21
 0.50492 5352.35
 0.50504 5353.49
 0.50516 5354.64
 0.50528 5355.8
 0.5054 5356.96
 0.50552 5358.13
 0.50564 5359.31
 0.50576 5360.49
 0.50588 5361.68
 0.506 5362.88
 0.50612 5364.08
 0.50624 5365.29
 0.50636 5366.5
 0.50648 5367.72
 0.5066 5368.95
 0.50672 5370.19
 0.50684 5371.43
 0.50696 5372.68
 0.50708 5373.93
 0.5072 5375.19
 0.50732 5376.46
 0.50744 5377.73
 0.50756 5379.01
 0.50768 5380.3
 0.5078 5381.59
 0.50792 5382.89
 0.50804 5384.19
 0.50816 5385.51
 0.50828 5386.82
 0.5084 5388.15
 0.50852 5389.48
 0.50864 5390.81
 0.50876 5392.15
 0.50888 5393.5
 0.509 5394.86
 0.50912 5396.22
 0.50924 5397.58
 0.50936 5398.95
 0.50948 5400.33
 0.5096 5401.71
 0.50972 5403.1
 0.50984 5404.49
 0.50996 5405.89
 0.51008 5407.29
 0.5102 5408.7
 0.51032 5410.11
 0.51044 5411.53
 0.51056 5412.95
 0.51068 5414.37
 0.5108 5415.8
 0.51092 5417.23
 0.51104 5418.66
 0.51116 5420.1
 0.51128 5421.54
 0.5114 5422.98
 0.51152 5424.43
 0.51164 5425.87
 0.51176 5427.32
 0.51188 5428.77
 0.512 5430.22
 0.51212 5431.67
 0.51224 5433.13
 0.51236 5434.58
 0.51248 5436.03
 0.5126 5437.49
 0.51272 5438.94
 0.51284 5440.39
 0.51296 5441.84
 0.51308 5443.29
 0.5132 5444.73
 0.51332 5446.18
 0.51344 5447.62
 0.51356 5449.05
 0.51368 5450.49
 0.5138 5451.91
 0.51392 5453.34
 0.51404 5454.76
 0.51416 5456.17
 0.51428 5457.58
 0.5144 5458.98
 0.51452 5460.38
 0.51464 5461.76
 0.51476 5463.14
 0.51488 5464.52
 0.515 5465.88
 0.51512 5467.24
 0.51524 5468.58
 0.51536 5469.92
 0.51548 5471.25
 0.5156 5472.56
 0.51572 5473.87
 0.51584 5475.17
 0.51596 5476.46
 0.51608 5477.73
 0.5162 5479
 0.51632 5480.25
 0.51644 5481.49
 0.51656 5482.72
 0.51668 5483.94
 0.5168 5485.14
 0.51692 5486.33
 0.51704 5487.51
 0.51716 5488.67
 0.51728 5489.82
 0.5174 5490.96
 0.51752 5492.07
 0.51764 5493.18
 0.51776 5494.26
 0.51788 5495.33
 0.518 5496.38
 0.51812 5497.41
 0.51824 5498.43
 0.51836 5499.42
 0.51848 5500.4
 0.5186 5501.35
 0.51872 5502.29
 0.51884 5503.2
 0.51896 5504.09
 0.51908 5504.96
 0.5192 5505.81
 0.51932 5506.64
 0.51944 5507.45
 0.51956 5508.23
 0.51968 5509
 0.5198 5509.74
 0.51992 5510.46
 0.52004 5511.16
 0.52016 5511.83
 0.52028 5512.48
 0.5204 5513.12
 0.52052 5513.72
 0.52064 5514.31
 0.52076 5514.87
 0.52088 5515.41
 0.521 5515.92
 0.52112 5516.41
 0.52124 5516.88
 0.52136 5517.32
 0.52148 5517.74
 0.5216 5518.14
 0.52172 5518.5
 0.52184 5518.85
 0.52196 5519.17
 0.52208 5519.46
 0.5222 5519.73
 0.52232 5519.97
 0.52244 5520.19
 0.52256 5520.39
 0.52268 5520.55
 0.5228 5520.7
 0.52292 5520.81
 0.52304 5520.9
 0.52316 5520.97
 0.52328 5521.01
 0.5234 5521.03
 0.52352 5521.02
 0.52364 5520.98
 0.52376 5520.93
 0.52388 5520.85
 0.524 5520.74
 0.52412 5520.61
 0.52424 5520.46
 0.52436 5520.29
 0.52448 5520.09
 0.5246 5519.87
 0.52472 5519.63
 0.52484 5519.36
 0.52496 5519.07
 0.52508 5518.76
 0.5252 5518.43
 0.52532 5518.08
 0.52544 5517.71
 0.52556 5517.31
 0.52568 5516.9
 0.5258 5516.46
 0.52592 5516.01
 0.52604 5515.53
 0.52616 5515.04
 0.52628 5514.52
 0.5264 5513.98
 0.52652 5513.43
 0.52664 5512.85
 0.52676 5512.26
 0.52688 5511.65
 0.527 5511.01
 0.52712 5510.36
 0.52724 5509.69
 0.52736 5509
 0.52748 5508.29
 0.5276 5507.56
 0.52772 5506.82
 0.52784 5506.05
 0.52796 5505.27
 0.52808 5504.47
 0.5282 5503.65
 0.52832 5502.81
 0.52844 5501.95
 0.52856 5501.08
 0.52868 5500.18
 0.5288 5499.27
 0.52892 5498.35
 0.52904 5497.4
 0.52916 5496.44
 0.52928 5495.46
 0.5294 5494.46
 0.52952 5493.44
 0.52964 5492.41
 0.52976 5491.36
 0.52988 5490.29
 0.53 5489.2
 0.53012 5488.1
 0.53024 5486.98
 0.53036 5485.84
 0.53048 5484.69
 0.5306 5483.52
 0.53072 5482.33
 0.53084 5481.13
 0.53096 5479.91
 0.53108 5478.67
 0.5312 5477.42
 0.53132 5476.15
 0.53144 5474.87
 0.53156 5473.57
 0.53168 5472.26
 0.5318 5470.92
 0.53192 5469.58
 0.53204 5468.21
 0.53216 5466.84
 0.53228 5465.44
 0.5324 5464.03
 0.53252 5462.61
 0.53264 5461.17
 0.53276 5459.72
 0.53288 5458.24
 0.533 5456.76
 0.53312 5455.25
 0.53324 5453.73
 0.53336 5452.2
 0.53348 5450.65
 0.5336 5449.08
 0.53372 5447.49
 0.53384 5445.89
 0.53396 5444.27
 0.53408 5442.63
 0.5342 5440.98
 0.53432 5439.31
 0.53444 5437.63
 0.53456 5435.93
 0.53468 5434.22
 0.5348 5432.49
 0.53492 5430.75
 0.53504 5428.99
 0.53516 5427.23
 0.53528 5425.44
 0.5354 5423.65
 0.53552 5421.85
 0.53564 5420.03
 0.53576 5418.2
 0.53588 5416.36
 0.536 5414.52
 0.53612 5412.66
 0.53624 5410.79
 0.53636 5408.91
 0.53648 5407.03
 0.5366 5405.13
 0.53672 5403.23
 0.53684 5401.32
 0.53696 5399.4
 0.53708 5397.47
 0.5372 5395.54
 0.53732 5393.59
 0.53744 5391.64
 0.53756 5389.69
 0.53768 5387.72
 0.5378 5385.76
 0.53792 5383.78
 0.53804 5381.8
 0.53816 5379.82
 0.53828 5377.83
 0.5384 5375.83
 0.53852 5373.83
 0.53864 5371.83
 0.53876 5369.82
 0.53888 5367.81
 0.539 5365.79
 0.53912 5363.78
 0.53924 5361.76
 0.53936 5359.73
 0.53948 5357.71
 0.5396 5355.68
 0.53972 5353.66
 0.53984 5351.63
 0.53996 5349.6
 0.54008 5347.57
 0.5402 5345.54
 0.54032 5343.52
 0.54044 5341.49
 0.54056 5339.47
 0.54068 5337.44
 0.5408 5335.42
 0.54092 5333.4
 0.54104 5331.39
 0.54116 5329.38
 0.54128 5327.37
 0.5414 5325.36
 0.54152 5323.36
 0.54164 5321.37
 0.54176 5319.37
 0.54188 5317.39
 0.542 5315.41
 0.54212 5313.43
 0.54224 5311.46
 0.54236 5309.5
 0.54248 5307.55
 0.5426 5305.6
 0.54272 5303.66
 0.54284 5301.73
 0.54296 5299.8
 0.54308 5297.89
 0.5432 5295.99
 0.54332 5294.1
 0.54344 5292.21
 0.54356 5290.35
 0.54368 5288.49
 0.5438 5286.64
 0.54392 5284.81
 0.54404 5283
 0.54416 5281.2
 0.54428 5279.41
 0.5444 5277.64
 0.54452 5275.89
 0.54464 5274.15
 0.54476 5272.44
 0.54488 5270.74
 0.545 5269.06
 0.54512 5267.4
 0.54524 5265.76
 0.54536 5264.14
 0.54548 5262.54
 0.5456 5260.96
 0.54572 5259.41
 0.54584 5257.87
 0.54596 5256.36
 0.54608 5254.88
 0.5462 5253.42
 0.54632 5251.98
 0.54644 5250.57
 0.54656 5249.18
 0.54668 5247.82
 0.5468 5246.48
 0.54692 5245.17
 0.54704 5243.89
 0.54716 5242.63
 0.54728 5241.41
 0.5474 5240.21
 0.54752 5239.04
 0.54764 5237.89
 0.54776 5236.78
 0.54788 5235.7
 0.548 5234.65
 0.54812 5233.63
 0.54824 5232.64
 0.54836 5231.68
 0.54848 5230.76
 0.5486 5229.87
 0.54872 5229.01
 0.54884 5228.18
 0.54896 5227.39
 0.54908 5226.63
 0.5492 5225.9
 0.54932 5225.21
 0.54944 5224.55
 0.54956 5223.92
 0.54968 5223.33
 0.5498 5222.77
 0.54992 5222.25
 0.55004 5221.75
 0.55016 5221.3
 0.55028 5220.88
 0.5504 5220.49
 0.55052 5220.14
 0.55064 5219.82
 0.55076 5219.53
 0.55088 5219.28
 0.551 5219.07
 0.55112 5218.89
 0.55124 5218.74
 0.55136 5218.63
 0.55148 5218.55
 0.5516 5218.5
 0.55172 5218.49
 0.55184 5218.51
 0.55196 5218.57
 0.55208 5218.66
 0.5522 5218.78
 0.55232 5218.94
 0.55244 5219.13
 0.55256 5219.35
 0.55268 5219.61
 0.5528 5219.9
 0.55292 5220.22
 0.55304 5220.57
 0.55316 5220.96
 0.55328 5221.38
 0.5534 5221.83
 0.55352 5222.32
 0.55364 5222.83
 0.55376 5223.38
 0.55388 5223.96
 0.554 5224.57
 0.55412 5225.21
 0.55424 5225.88
 0.55436 5226.58
 0.55448 5227.31
 0.5546 5228.08
 0.55472 5228.87
 0.55484 5229.69
 0.55496 5230.55
 0.55508 5231.43
 0.5552 5232.35
 0.55532 5233.29
 0.55544 5234.26
 0.55556 5235.27
 0.55568 5236.3
 0.5558 5237.36
 0.55592 5238.45
 0.55604 5239.57
 0.55616 5240.72
 0.55628 5241.89
 0.5564 5243.1
 0.55652 5244.33
 0.55664 5245.59
 0.55676 5246.89
 0.55688 5248.21
 0.557 5249.56
 0.55712 5250.94
 0.55724 5252.34
 0.55736 5253.78
 0.55748 5255.25
 0.5576 5256.74
 0.55772 5258.27
 0.55784 5259.82
 0.55796 5261.4
 0.55808 5263.01
 0.5582 5264.66
 0.55832 5266.33
 0.55844 5268.03
 0.55856 5269.76
 0.55868 5271.52
 0.5588 5273.31
 0.55892 5275.13
 0.55904 5276.98
 0.55916 5278.86
 0.55928 5280.77
 0.5594 5282.71
 0.55952 5284.68
 0.55964 5286.68
 0.55976 5288.71
 0.55988 5290.78
 0.56 5292.87
 0.56012 5295
 0.56024 5297.16
 0.56036 5299.34
 0.56048 5301.56
 0.5606 5303.81
 0.56072 5306.09
 0.56084 5308.4
 0.56096 5310.74
 0.56108 5313.11
 0.5612 5315.51
 0.56132 5317.94
 0.56144 5320.41
 0.56156 5322.9
 0.56168 5325.42
 0.5618 5327.97
 0.56192 5330.55
 0.56204 5333.16
 0.56216 5335.8
 0.56228 5338.46
 0.5624 5341.16
 0.56252 5343.88
 0.56264 5346.63
 0.56276 5349.41
 0.56288 5352.22
 0.563 5355.05
 0.56312 5357.91
 0.56324 5360.8
 0.56336 5363.71
 0.56348 5366.65
 0.5636 5369.61
 0.56372 5372.6
 0.56384 5375.62
 0.56396 5378.66
 0.56408 5381.73
 0.5642 5384.82
 0.56432 5387.93
 0.56444 5391.06
 0.56456 5394.21
 0.56468 5397.39
 0.5648 5400.58
 0.56492 5403.8
 0.56504 5407.03
 0.56516 5410.28
 0.56528 5413.55
 0.5654 5416.83
 0.56552 5420.13
 0.56564 5423.44
 0.56576 5426.77
 0.56588 5430.1
 0.566 5433.45
 0.56612 5436.81
 0.56624 5440.18
 0.56636 5443.56
 0.56648 5446.95
 0.5666 5450.35
 0.56672 5453.75
 0.56684 5457.16
 0.56696 5460.58
 0.56708 5463.99
 0.5672 5467.42
 0.56732 5470.85
 0.56744 5474.28
 0.56756 5477.71
 0.56768 5481.15
 0.5678 5484.58
 0.56792 5488.02
 0.56804 5491.45
 0.56816 5494.89
 0.56828 5498.32
 0.5684 5501.75
 0.56852 5505.18
 0.56864 5508.61
 0.56876 5512.03
 0.56888 5515.44
 0.569 5518.85
 0.56912 5522.26
 0.56924 5525.66
 0.56936 5529.05
 0.56948 5532.44
 0.5696 5535.82
 0.56972 5539.18
 0.56984 5542.54
 0.56996 5545.89
 0.57008 5549.23
 0.5702 5552.56
 0.57032 5555.87
 0.57044 5559.18
 0.57056 5562.47
 0.57068 5565.75
 0.5708 5569.02
 0.57092 5572.27
 0.57104 5575.51
 0.57116 5578.73
 0.57128 5581.93
 0.5714 5585.13
 0.57152 5588.3
 0.57164 5591.46
 0.57176 5594.6
 0.57188 5597.72
 0.572 5600.83
 0.57212 5603.92
 0.57224 5606.99
 0.57236 5610.04
 0.57248 5613.07
 0.5726 5616.09
 0.57272 5619.08
 0.57284 5622.06
 0.57296 5625.01
 0.57308 5627.94
 0.5732 5630.85
 0.57332 5633.74
 0.57344 5636.61
 0.57356 5639.45
 0.57368 5642.27
 0.5738 5645.07
 0.57392 5647.84
 0.57404 5650.58
 0.57416 5653.31
 0.57428 5656
 0.5744 5658.67
 0.57452 5661.31
 0.57464 5663.93
 0.57476 5666.52
 0.57488 5669.07
 0.575 5671.61
 0.57512 5674.11
 0.57524 5676.58
 0.57536 5679.02
 0.57548 5681.43
 0.5756 5683.81
 0.57572 5686.16
 0.57584 5688.48
 0.57596 5690.77
 0.57608 5693.02
 0.5762 5695.24
 0.57632 5697.43
 0.57644 5699.59
 0.57656 5701.71
 0.57668 5703.79
 0.5768 5705.85
 0.57692 5707.87
 0.57704 5709.85
 0.57716 5711.8
 0.57728 5713.72
 0.5774 5715.6
 0.57752 5717.44
 0.57764 5719.25
 0.57776 5721.02
 0.57788 5722.75
 0.578 5724.45
 0.57812 5726.1
 0.57824 5727.72
 0.57836 5729.31
 0.57848 5730.85
 0.5786 5732.35
 0.57872 5733.82
 0.57884 5735.24
 0.57896 5736.63
 0.57908 5737.97
 0.5792 5739.27
 0.57932 5740.54
 0.57944 5741.76
 0.57956 5742.93
 0.57968 5744.07
 0.5798 5745.16
 0.57992 5746.21
 0.58004 5747.22
 0.58016 5748.18
 0.58028 5749.1
 0.5804 5749.97
 0.58052 5750.8
 0.58064 5751.58
 0.58076 5752.32
 0.58088 5753.02
 0.581 5753.67
 0.58112 5754.28
 0.58124 5754.84
 0.58136 5755.36
 0.58148 5755.84
 0.5816 5756.27
 0.58172 5756.66
 0.58184 5757.01
 0.58196 5757.31
 0.58208 5757.57
 0.5822 5757.78
 0.58232 5757.96
 0.58244 5758.09
 0.58256 5758.18
 0.58268 5758.23
 0.5828 5758.23
 0.58292 5758.19
 0.58304 5758.12
 0.58316 5757.99
 0.58328 5757.83
 0.5834 5757.63
 0.58352 5757.38
 0.58364 5757.09
 0.58376 5756.76
 0.58388 5756.39
 0.584 5755.97
 0.58412 5755.52
 0.58424 5755.02
 0.58436 5754.48
 0.58448 5753.9
 0.5846 5753.28
 0.58472 5752.61
 0.58484 5751.9
 0.58496 5751.16
 0.58508 5750.37
 0.5852 5749.53
 0.58532 5748.66
 0.58544 5747.74
 0.58556 5746.78
 0.58568 5745.79
 0.5858 5744.74
 0.58592 5743.66
 0.58604 5742.53
 0.58616 5741.37
 0.58628 5740.16
 0.5864 5738.91
 0.58652 5737.61
 0.58664 5736.28
 0.58676 5734.9
 0.58688 5733.48
 0.587 5732.02
 0.58712 5730.51
 0.58724 5728.96
 0.58736 5727.37
 0.58748 5725.74
 0.5876 5724.06
 0.58772 5722.34
 0.58784 5720.58
 0.58796 5718.77
 0.58808 5716.92
 0.5882 5715.02
 0.58832 5713.08
 0.58844 5711.1
 0.58856 5709.07
 0.58868 5707
 0.5888 5704.88
 0.58892 5702.72
 0.58904 5700.51
 0.58916 5698.26
 0.58928 5695.96
 0.5894 5693.61
 0.58952 5691.22
 0.58964 5688.79
 0.58976 5686.3
 0.58988 5683.77
 0.59 5681.2
 0.59012 5678.58
 0.59024 5675.91
 0.59036 5673.2
 0.59048 5670.44
 0.5906 5667.64
 0.59072 5664.79
 0.59084 5661.89
 0.59096 5658.95
 0.59108 5655.97
 0.5912 5652.94
 0.59132 5649.87
 0.59144 5646.75
 0.59156 5643.59
 0.59168 5640.39
 0.5918 5637.14
 0.59192 5633.85
 0.59204 5630.52
 0.59216 5627.15
 0.59228 5623.74
 0.5924 5620.29
 0.59252 5616.8
 0.59264 5613.27
 0.59276 5609.7
 0.59288 5606.1
 0.593 5602.45
 0.59312 5598.77
 0.59324 5595.06
 0.59336 5591.31
 0.59348 5587.52
 0.5936 5583.7
 0.59372 5579.84
 0.59384 5575.96
 0.59396 5572.04
 0.59408 5568.08
 0.5942 5564.1
 0.59432 5560.09
 0.59444 5556.05
 0.59456 5551.98
 0.59468 5547.89
 0.5948 5543.76
 0.59492 5539.62
 0.59504 5535.45
 0.59516 5531.25
 0.59528 5527.04
 0.5954 5522.8
 0.59552 5518.54
 0.59564 5514.26
 0.59576 5509.97
 0.59588 5505.65
 0.596 5501.32
 0.59612 5496.98
 0.59624 5492.62
 0.59636 5488.25
 0.59648 5483.87
 0.5966 5479.48
 0.59672 5475.08
 0.59684 5470.67
 0.59696 5466.25
 0.59708 5461.83
 0.5972 5457.4
 0.59732 5452.96
 0.59744 5448.52
 0.59756 5444.08
 0.59768 5439.64
 0.5978 5435.2
 0.59792 5430.75
 0.59804 5426.31
 0.59816 5421.87
 0.59828 5417.44
 0.5984 5413
 0.59852 5408.57
 0.59864 5404.15
 0.59876 5399.73
 0.59888 5395.32
 0.599 5390.92
 0.59912 5386.53
 0.59924 5382.14
 0.59936 5377.77
 0.59948 5373.4
 0.5996 5369.05
 0.59972 5364.71
 0.59984 5360.39
 0.59996 5356.07
 0.60008 5351.78
 0.6002 5347.5
 0.60032 5343.23
 0.60044 5338.98
 0.60056 5334.75
 0.60068 5330.54
 0.6008 5326.34
 0.60092 5322.17
 0.60104 5318.01
 0.60116 5313.88
 0.60128 5309.76
 0.6014 5305.67
 0.60152 5301.6
 0.60164 5297.55
 0.60176 5293.53
 0.60188 5289.53
 0.602 5285.55
 0.60212 5281.6
 0.60224 5277.67
 0.60236 5273.76
 0.60248 5269.88
 0.6026 5266.03
 0.60272 5262.2
 0.60284 5258.4
 0.60296 5254.62
 0.60308 5250.87
 0.6032 5247.14
 0.60332 5243.44
 0.60344 5239.76
 0.60356 5236.12
 0.60368 5232.5
 0.6038 5228.9
 0.60392 5225.34
 0.60404 5221.8
 0.60416 5218.29
 0.60428 5214.81
 0.6044 5211.35
 0.60452 5207.93
 0.60464 5204.53
 0.60476 5201.16
 0.60488 5197.82
 0.605 5194.51
 0.60512 5191.23
 0.60524 5187.98
 0.60536 5184.76
 0.60548 5181.57
 0.6056 5178.41
 0.60572 5175.28
 0.60584 5172.18
 0.60596 5169.11
 0.60608 5166.07
 0.6062 5163.06
 0.60632 5160.08
 0.60644 5157.13
 0.60656 5154.21
 0.60668 5151.32
 0.6068 5148.46
 0.60692 5145.63
 0.60704 5142.83
 0.60716 5140.06
 0.60728 5137.32
 0.6074 5134.62
 0.60752 5131.94
 0.60764 5129.3
 0.60776 5126.68
 0.60788 5124.1
 0.608 5121.55
 0.60812 5119.03
 0.60824 5116.55
 0.60836 5114.09
 0.60848 5111.67
 0.6086 5109.29
 0.60872 5106.93
 0.60884 5104.61
 0.60896 5102.32
 0.60908 5100.07
 0.6092 5097.85
 0.60932 5095.67
 0.60944 5093.53
 0.60956 5091.42
 0.60968 5089.35
 0.6098 5087.31
 0.60992 5085.31
 0.61004 5083.35
 0.61016 5081.43
 0.61028 5079.55
 0.6104 5077.7
 0.61052 5075.9
 0.61064 5074.13
 0.61076 5072.4
 0.61088 5070.71
 0.611 5069.06
 0.61112 5067.45
 0.61124 5065.88
 0.61136 5064.35
 0.61148 5062.85
 0.6116 5061.4
 0.61172 5059.98
 0.61184 5058.6
 0.61196 5057.26
 0.61208 5055.97
 0.6122 5054.71
 0.61232 5053.49
 0.61244 5052.3
 0.61256 5051.16
 0.61268 5050.06
 0.6128 5049
 0.61292 5047.97
 0.61304 5046.99
 0.61316 5046.04
 0.61328 5045.14
 0.6134 5044.28
 0.61352 5043.45
 0.61364 5042.67
 0.61376 5041.93
 0.61388 5041.23
 0.614 5040.57
 0.61412 5039.95
 0.61424 5039.37
 0.61436 5038.84
 0.61448 5038.35
 0.6146 5037.89
 0.61472 5037.49
 0.61484 5037.12
 0.61496 5036.79
 0.61508 5036.51
 0.6152 5036.27
 0.61532 5036.07
 0.61544 5035.92
 0.61556 5035.81
 0.61568 5035.74
 0.6158 5035.71
 0.61592 5035.73
 0.61604 5035.79
 0.61616 5035.9
 0.61628 5036.04
 0.6164 5036.24
 0.61652 5036.47
 0.61664 5036.75
 0.61676 5037.08
 0.61688 5037.44
 0.617 5037.85
 0.61712 5038.31
 0.61724 5038.81
 0.61736 5039.35
 0.61748 5039.94
 0.6176 5040.57
 0.61772 5041.25
 0.61784 5041.97
 0.61796 5042.74
 0.61808 5043.55
 0.6182 5044.41
 0.61832 5045.31
 0.61844 5046.25
 0.61856 5047.25
 0.61868 5048.28
 0.6188 5049.37
 0.61892 5050.49
 0.61904 5051.67
 0.61916 5052.89
 0.61928 5054.15
 0.6194 5055.47
 0.61952 5056.82
 0.61964 5058.23
 0.61976 5059.68
 0.61988 5061.18
 0.62 5062.72
 0.62012 5064.31
 0.62024 5065.95
 0.62036 5067.63
 0.62048 5069.35
 0.6206 5071.13
 0.62072 5072.95
 0.62084 5074.81
 0.62096 5076.72
 0.62108 5078.68
 0.6212 5080.68
 0.62132 5082.72
 0.62144 5084.81
 0.62156 5086.95
 0.62168 5089.13
 0.6218 5091.35
 0.62192 5093.61
 0.62204 5095.91
 0.62216 5098.26
 0.62228 5100.65
 0.6224 5103.08
 0.62252 5105.55
 0.62264 5108.05
 0.62276 5110.6
 0.62288 5113.19
 0.623 5115.81
 0.62312 5118.47
 0.62324 5121.17
 0.62336 5123.9
 0.62348 5126.67
 0.6236 5129.48
 0.62372 5132.32
 0.62384 5135.2
 0.62396 5138.11
 0.62408 5141.05
 0.6242 5144.03
 0.62432 5147.04
 0.62444 5150.08
 0.62456 5153.15
 0.62468 5156.26
 0.6248 5159.39
 0.62492 5162.55
 0.62504 5165.74
 0.62516 5168.96
 0.62528 5172.21
 0.6254 5175.49
 0.62552 5178.79
 0.62564 5182.11
 0.62576 5185.46
 0.62588 5188.84
 0.626 5192.24
 0.62612 5195.65
 0.62624 5199.09
 0.62636 5202.56
 0.62648 5206.04
 0.6266 5209.53
 0.62672 5213.05
 0.62684 5216.59
 0.62696 5220.14
 0.62708 5223.7
 0.6272 5227.28
 0.62732 5230.88
 0.62744 5234.49
 0.62756 5238.11
 0.62768 5241.74
 0.6278 5245.38
 0.62792 5249.04
 0.62804 5252.7
 0.62816 5256.37
 0.62828 5260.05
 0.6284 5263.74
 0.62852 5267.43
 0.62864 5271.13
 0.62876 5274.84
 0.62888 5278.55
 0.629 5282.27
 0.62912 5285.98
 0.62924 5289.71
 0.62936 5293.43
 0.62948 5297.15
 0.6296 5300.88
 0.62972 5304.6
 0.62984 5308.32
 0.62996 5312.04
 0.63008 5315.76
 0.6302 5319.48
 0.63032 5323.19
 0.63044 5326.9
 0.63056 5330.6
 0.63068 5334.3
 0.6308 5337.99
 0.63092 5341.67
 0.63104 5345.35
 0.63116 5349.02
 0.63128 5352.68
 0.6314 5356.33
 0.63152 5359.98
 0.63164 5363.61
 0.63176 5367.23
 0.63188 5370.84
 0.632 5374.45
 0.63212 5378.04
 0.63224 5381.62
 0.63236 5385.18
 0.63248 5388.74
 0.6326 5392.29
 0.63272 5395.82
 0.63284 5399.35
 0.63296 5402.86
 0.63308 5406.36
 0.6332 5409.85
 0.63332 5413.33
 0.63344 5416.79
 0.63356 5420.25
 0.63368 5423.69
 0.6338 5427.13
 0.63392 5430.55
 0.63404 5433.96
 0.63416 5437.36
 0.63428 5440.74
 0.6344 5444.12
 0.63452 5447.48
 0.63464 5450.84
 0.63476 5454.18
 0.63488 5457.51
 0.635 5460.83
 0.63512 5464.13
 0.63524 5467.43
 0.63536 5470.71
 0.63548 5473.98
 0.6356 5477.24
 0.63572 5480.5
 0.63584 5483.73
 0.63596 5486.96
 0.63608 5490.18
 0.6362 5493.39
 0.63632 5496.59
 0.63644 5499.78
 0.63656 5502.96
 0.63668 5506.13
 0.6368 5509.28
 0.63692 5512.43
 0.63704 5515.57
 0.63716 5518.7
 0.63728 5521.82
 0.6374 5524.94
 0.63752 5528.04
 0.63764 5531.13
 0.63776 5534.21
 0.63788 5537.28
 0.638 5540.34
 0.63812 5543.4
 0.63824 5546.44
 0.63836 5549.47
 0.63848 5552.49
 0.6386 5555.5
 0.63872 5558.5
 0.63884 5561.48
 0.63896 5564.46
 0.63908 5567.42
 0.6392 5570.37
 0.63932 5573.31
 0.63944 5576.23
 0.63956 5579.14
 0.63968 5582.03
 0.6398 5584.91
 0.63992 5587.78
 0.64004 5590.63
 0.64016 5593.47
 0.64028 5596.3
 0.6404 5599.1
 0.64052 5601.9
 0.64064 5604.67
 0.64076 5607.43
 0.64088 5610.18
 0.641 5612.9
 0.64112 5615.61
 0.64124 5618.31
 0.64136 5620.99
 0.64148 5623.64
 0.6416 5626.29
 0.64172 5628.91
 0.64184 5631.52
 0.64196 5634.1
 0.64208 5636.67
 0.6422 5639.22
 0.64232 5641.75
 0.64244 5644.26
 0.64256 5646.75
 0.64268 5649.22
 0.6428 5651.67
 0.64292 5654.1
 0.64304 5656.51
 0.64316 5658.9
 0.64328 5661.26
 0.6434 5663.6
 0.64352 5665.92
 0.64364 5668.22
 0.64376 5670.49
 0.64388 5672.74
 0.644 5674.97
 0.64412 5677.17
 0.64424 5679.34
 0.64436 5681.49
 0.64448 5683.62
 0.6446 5685.72
 0.64472 5687.79
 0.64484 5689.84
 0.64496 5691.86
 0.64508 5693.86
 0.6452 5695.83
 0.64532 5697.77
 0.64544 5699.69
 0.64556 5701.58
 0.64568 5703.44
 0.6458 5705.27
 0.64592 5707.08
 0.64604 5708.86
 0.64616 5710.61
 0.64628 5712.33
 0.6464 5714.02
 0.64652 5715.69
 0.64664 5717.32
 0.64676 5718.93
 0.64688 5720.5
 0.647 5722.05
 0.64712 5723.57
 0.64724 5725.06
 0.64736 5726.52
 0.64748 5727.95
 0.6476 5729.35
 0.64772 5730.72
 0.64784 5732.07
 0.64796 5733.38
 0.64808 5734.66
 0.6482 5735.91
 0.64832 5737.13
 0.64844 5738.33
 0.64856 5739.49
 0.64868 5740.62
 0.6488 5741.72
 0.64892 5742.8
 0.64904 5743.84
 0.64916 5744.85
 0.64928 5745.83
 0.6494 5746.78
 0.64952 5747.7
 0.64964 5748.58
 0.64976 5749.44
 0.64988 5750.26
 0.65 5751.05
 0.65012 5751.81
 0.65024 5752.54
 0.65036 5753.24
 0.65048 5753.9
 0.6506 5754.53
 0.65072 5755.13
 0.65084 5755.69
 0.65096 5756.22
 0.65108 5756.72
 0.6512 5757.18
 0.65132 5757.61
 0.65144 5758.01
 0.65156 5758.37
 0.65168 5758.7
 0.6518 5759
 0.65192 5759.26
 0.65204 5759.5
 0.65216 5759.7
 0.65228 5759.86
 0.6524 5760
 0.65252 5760.1
 0.65264 5760.17
 0.65276 5760.21
 0.65288 5760.22
 0.653 5760.19
 0.65312 5760.13
 0.65324 5760.04
 0.65336 5759.92
 0.65348 5759.77
 0.6536 5759.58
 0.65372 5759.36
 0.65384 5759.11
 0.65396 5758.83
 0.65408 5758.52
 0.6542 5758.17
 0.65432 5757.79
 0.65444 5757.38
 0.65456 5756.94
 0.65468 5756.47
 0.6548 5755.96
 0.65492 5755.43
 0.65504 5754.86
 0.65516 5754.26
 0.65528 5753.63
 0.6554 5752.97
 0.65552 5752.27
 0.65564 5751.55
 0.65576 5750.8
 0.65588 5750.01
 0.656 5749.2
 0.65612 5748.35
 0.65624 5747.48
 0.65636 5746.58
 0.65648 5745.65
 0.6566 5744.69
 0.65672 5743.7
 0.65684 5742.68
 0.65696 5741.64
 0.65708 5740.56
 0.6572 5739.47
 0.65732 5738.34
 0.65744 5737.19
 0.65756 5736.01
 0.65768 5734.8
 0.6578 5733.57
 0.65792 5732.31
 0.65804 5731.03
 0.65816 5729.72
 0.65828 5728.39
 0.6584 5727.03
 0.65852 5725.64
 0.65864 5724.24
 0.65876 5722.8
 0.65888 5721.35
 0.659 5719.87
 0.65912 5718.36
 0.65924 5716.84
 0.65936 5715.29
 0.65948 5713.72
 0.6596 5712.12
 0.65972 5710.51
 0.65984 5708.87
 0.65996 5707.22
 0.66008 5705.54
 0.6602 5703.85
 0.66032 5702.14
 0.66044 5700.4
 0.66056 5698.65
 0.66068 5696.88
 0.6608 5695.1
 0.66092 5693.29
 0.66104 5691.47
 0.66116 5689.63
 0.66128 5687.78
 0.6614 5685.91
 0.66152 5684.02
 0.66164 5682.12
 0.66176 5680.2
 0.66188 5678.27
 0.662 5676.32
 0.66212 5674.36
 0.66224 5672.39
 0.66236 5670.4
 0.66248 5668.39
 0.6626 5666.37
 0.66272 5664.34
 0.66284 5662.29
 0.66296 5660.22
 0.66308 5658.15
 0.6632 5656.05
 0.66332 5653.94
 0.66344 5651.82
 0.66356 5649.68
 0.66368 5647.53
 0.6638 5645.36
 0.66392 5643.18
 0.66404 5640.99
 0.66416 5638.77
 0.66428 5636.55
 0.6644 5634.31
 0.66452 5632.05
 0.66464 5629.78
 0.66476 5627.5
 0.66488 5625.2
 0.665 5622.88
 0.66512 5620.55
 0.66524 5618.21
 0.66536 5615.85
 0.66548 5613.47
 0.6656 5611.09
 0.66572 5608.68
 0.66584 5606.26
 0.66596 5603.83
 0.66608 5601.38
 0.6662 5598.92
 0.66632 5596.44
 0.66644 5593.94
 0.66656 5591.43
 0.66668 5588.91
 0.6668 5586.37
 0.66692 5583.81
 0.66704 5581.24
 0.66716 5578.65
 0.66728 5576.05
 0.6674 5573.44
 0.66752 5570.81
 0.66764 5568.16
 0.66776 5565.5
 0.66788 5562.83
 0.668 5560.14
 0.66812 5557.44
 0.66824 5554.72
 0.66836 5551.99
 0.66848 5549.24
 0.6686 5546.49
 0.66872 5543.72
 0.66884 5540.93
 0.66896 5538.14
 0.66908 5535.33
 0.6692 5532.51
 0.66932 5529.68
 0.66944 5526.83
 0.66956 5523.98
 0.66968 5521.11
 0.6698 5518.23
 0.66992 5515.34
 0.67004 5512.44
 0.67016 5509.53
 0.67028 5506.61
 0.6704 5503.68
 0.67052 5500.74
 0.67064 5497.78
 0.67076 5494.82
 0.67088 5491.85
 0.671 5488.87
 0.67112 5485.89
 0.67124 5482.89
 0.67136 5479.89
 0.67148 5476.88
 0.6716 5473.86
 0.67172 5470.83
 0.67184 5467.8
 0.67196 5464.76
 0.67208 5461.72
 0.6722 5458.67
 0.67232 5455.62
 0.67244 5452.56
 0.67256 5449.5
 0.67268 5446.44
 0.6728 5443.37
 0.67292 5440.3
 0.67304 5437.23
 0.67316 5434.15
 0.67328 5431.07
 0.6734 5427.99
 0.67352 5424.91
 0.67364 5421.83
 0.67376 5418.75
 0.67388 5415.67
 0.674 5412.59
 0.67412 5409.51
 0.67424 5406.43
 0.67436 5403.35
 0.67448 5400.27
 0.6746 5397.2
 0.67472 5394.13
 0.67484 5391.06
 0.67496 5387.99
 0.67508 5384.92
 0.6752 5381.86
 0.67532 5378.8
 0.67544 5375.75
 0.67556 5372.7
 0.67568 5369.66
 0.6758 5366.61
 0.67592 5363.58
 0.67604 5360.55
 0.67616 5357.52
 0.67628 5354.5
 0.6764 5351.49
 0.67652 5348.48
 0.67664 5345.48
 0.67676 5342.49
 0.67688 5339.5
 0.677 5336.52
 0.67712 5333.55
 0.67724 5330.58
 0.67736 5327.62
 0.67748 5324.67
 0.6776 5321.73
 0.67772 5318.79
 0.67784 5315.86
 0.67796 5312.94
 0.67808 5310.03
 0.6782 5307.13
 0.67832 5304.24
 0.67844 5301.35
 0.67856 5298.47
 0.67868 5295.61
 0.6788 5292.75
 0.67892 5289.9
 0.67904 5287.06
 0.67916 5284.23
 0.67928 5281.41
 0.6794 5278.6
 0.67952 5275.8
 0.67964 5273.02
 0.67976 5270.24
 0.67988 5267.48
 0.68 5264.72
 0.68012 5261.98
 0.68024 5259.26
 0.68036 5256.54
 0.68048 5253.84
 0.6806 5251.15
 0.68072 5248.48
 0.68084 5245.82
 0.68096 5243.17
 0.68108 5240.54
 0.6812 5237.93
 0.68132 5235.33
 0.68144 5232.75
 0.68156 5230.18
 0.68168 5227.63
 0.6818 5225.1
 0.68192 5222.59
 0.68204 5220.09
 0.68216 5217.6
 0.68228 5215.14
 0.6824 5212.69
 0.68252 5210.27
 0.68264 5207.86
 0.68276 5205.47
 0.68288 5203.1
 0.683 5200.75
 0.68312 5198.41
 0.68324 5196.1
 0.68336 5193.81
 0.68348 5191.54
 0.6836 5189.29
 0.68372 5187.06
 0.68384 5184.86
 0.68396 5182.67
 0.68408 5180.51
 0.6842 5178.37
 0.68432 5176.25
 0.68444 5174.16
 0.68456 5172.08
 0.68468 5170.03
 0.6848 5168.01
 0.68492 5166
 0.68504 5164.02
 0.68516 5162.06
 0.68528 5160.13
 0.6854 5158.22
 0.68552 5156.34
 0.68564 5154.47
 0.68576 5152.64
 0.68588 5150.82
 0.686 5149.03
 0.68612 5147.27
 0.68624 5145.53
 0.68636 5143.81
 0.68648 5142.12
 0.6866 5140.46
 0.68672 5138.81
 0.68684 5137.2
 0.68696 5135.61
 0.68708 5134.04
 0.6872 5132.5
 0.68732 5130.98
 0.68744 5129.49
 0.68756 5128.03
 0.68768 5126.59
 0.6878 5125.17
 0.68792 5123.79
 0.68804 5122.42
 0.68816 5121.09
 0.68828 5119.78
 0.6884 5118.49
 0.68852 5117.24
 0.68864 5116.01
 0.68876 5114.8
 0.68888 5113.62
 0.689 5112.47
 0.68912 5111.35
 0.68924 5110.25
 0.68936 5109.18
 0.68948 5108.13
 0.6896 5107.11
 0.68972 5106.12
 0.68984 5105.15
 0.68996 5104.2
 0.69008 5103.29
 0.6902 5102.4
 0.69032 5101.53
 0.69044 5100.69
 0.69056 5099.88
 0.69068 5099.09
 0.6908 5098.32
 0.69092 5097.59
 0.69104 5096.87
 0.69116 5096.18
 0.69128 5095.52
 0.6914 5094.88
 0.69152 5094.27
 0.69164 5093.68
 0.69176 5093.12
 0.69188 5092.58
 0.692 5092.07
 0.69212 5091.58
 0.69224 5091.11
 0.69236 5090.68
 0.69248 5090.26
 0.6926 5089.88
 0.69272 5089.51
 0.69284 5089.17
 0.69296 5088.86
 0.69308 5088.57
 0.6932 5088.31
 0.69332 5088.08
 0.69344 5087.86
 0.69356 5087.68
 0.69368 5087.52
 0.6938 5087.38
 0.69392 5087.27
 0.69404 5087.19
 0.69416 5087.13
 0.69428 5087.1
 0.6944 5087.09
 0.69452 5087.11
 0.69464 5087.15
 0.69476 5087.22
 0.69488 5087.32
 0.695 5087.44
 0.69512 5087.59
 0.69524 5087.76
 0.69536 5087.96
 0.69548 5088.18
 0.6956 5088.43
 0.69572 5088.71
 0.69584 5089.01
 0.69596 5089.33
 0.69608 5089.68
 0.6962 5090.06
 0.69632 5090.46
 0.69644 5090.89
 0.69656 5091.34
 0.69668 5091.82
 0.6968 5092.32
 0.69692 5092.84
 0.69704 5093.4
 0.69716 5093.97
 0.69728 5094.57
 0.6974 5095.2
 0.69752 5095.84
 0.69764 5096.52
 0.69776 5097.21
 0.69788 5097.93
 0.698 5098.68
 0.69812 5099.45
 0.69824 5100.24
 0.69836 5101.05
 0.69848 5101.89
 0.6986 5102.76
 0.69872 5103.64
 0.69884 5104.55
 0.69896 5105.48
 0.69908 5106.44
 0.6992 5107.42
 0.69932 5108.42
 0.69944 5109.44
 0.69956 5110.48
 0.69968 5111.55
 0.6998 5112.64
 0.69992 5113.75
 0.70004 5114.89
 0.70016 5116.05
 0.70028 5117.23
 0.7004 5118.43
 0.70052 5119.65
 0.70064 5120.9
 0.70076 5122.17
 0.70088 5123.46
 0.701 5124.77
 0.70112 5126.1
 0.70124 5127.45
 0.70136 5128.82
 0.70148 5130.21
 0.7016 5131.62
 0.70172 5133.05
 0.70184 5134.49
 0.70196 5135.96
 0.70208 5137.44
 0.7022 5138.94
 0.70232 5140.46
 0.70244 5141.99
 0.70256 5143.54
 0.70268 5145.11
 0.7028 5146.69
 0.70292 5148.29
 0.70304 5149.9
 0.70316 5151.53
 0.70328 5153.17
 0.7034 5154.83
 0.70352 5156.5
 0.70364 5158.18
 0.70376 5159.88
 0.70388 5161.59
 0.704 5163.31
 0.70412 5165.05
 0.70424 5166.8
 0.70436 5168.56
 0.70448 5170.34
 0.7046 5172.12
 0.70472 5173.92
 0.70484 5175.73
 0.70496 5177.55
 0.70508 5179.38
 0.7052 5181.22
 0.70532 5183.07
 0.70544 5184.93
 0.70556 5186.8
 0.70568 5188.68
 0.7058 5190.57
 0.70592 5192.47
 0.70604 5194.37
 0.70616 5196.29
 0.70628 5198.22
 0.7064 5200.15
 0.70652 5202.09
 0.70664 5204.04
 0.70676 5206
 0.70688 5207.96
 0.707 5209.93
 0.70712 5211.91
 0.70724 5213.9
 0.70736 5215.89
 0.70748 5217.89
 0.7076 5219.9
 0.70772 5221.91
 0.70784 5223.93
 0.70796 5225.95
 0.70808 5227.98
 0.7082 5230.02
 0.70832 5232.06
 0.70844 5234.11
 0.70856 5236.16
 0.70868 5238.21
 0.7088 5240.28
 0.70892 5242.34
 0.70904 5244.41
 0.70916 5246.49
 0.70928 5248.57
 0.7094 5250.65
 0.70952 5252.74
 0.70964 5254.83
 0.70976 5256.93
 0.70988 5259.03
 0.71 5261.13
 0.71012 5263.24
 0.71024 5265.34
 0.71036 5267.46
 0.71048 5269.57
 0.7106 5271.69
 0.71072 5273.81
 0.71084 5275.93
 0.71096 5278.05
 0.71108 5280.18
 0.7112 5282.3
 0.71132 5284.43
 0.71144 5286.56
 0.71156 5288.68
 0.71168 5290.81
 0.7118 5292.93
 0.71192 5295.06
 0.71204 5297.18
 0.71216 5299.3
 0.71228 5301.42
 0.7124 5303.54
 0.71252 5305.65
 0.71264 5307.76
 0.71276 5309.87
 0.71288 5311.97
 0.713 5314.07
 0.71312 5316.16
 0.71324 5318.25
 0.71336 5320.34
 0.71348 5322.42
 0.7136 5324.49
 0.71372 5326.56
 0.71384 5328.63
 0.71396 5330.69
 0.71408 5332.74
 0.7142 5334.79
 0.71432 5336.83
 0.71444 5338.87
 0.71456 5340.9
 0.71468 5342.93
 0.7148 5344.95
 0.71492 5346.96
 0.71504 5348.96
 0.71516 5350.96
 0.71528 5352.95
 0.7154 5354.93
 0.71552 5356.91
 0.71564 5358.87
 0.71576 5360.83
 0.71588 5362.78
 0.716 5364.71
 0.71612 5366.64
 0.71624 5368.56
 0.71636 5370.46
 0.71648 5372.36
 0.7166 5374.25
 0.71672 5376.12
 0.71684 5377.98
 0.71696 5379.83
 0.71708 5381.67
 0.7172 5383.5
 0.71732 5385.31
 0.71744 5387.11
 0.71756 5388.9
 0.71768 5390.67
 0.7178 5392.43
 0.71792 5394.18
 0.71804 5395.91
 0.71816 5397.63
 0.71828 5399.33
 0.7184 5401.02
 0.71852 5402.7
 0.71864 5404.36
 0.71876 5406
 0.71888 5407.63
 0.719 5409.24
 0.71912 5410.84
 0.71924 5412.42
 0.71936 5413.98
 0.71948 5415.53
 0.7196 5417.06
 0.71972 5418.57
 0.71984 5420.07
 0.71996 5421.54
 0.72008 5423.01
 0.7202 5424.45
 0.72032 5425.87
 0.72044 5427.28
 0.72056 5428.67
 0.72068 5430.04
 0.7208 5431.4
 0.72092 5432.73
 0.72104 5434.04
 0.72116 5435.34
 0.72128 5436.61
 0.7214 5437.87
 0.72152 5439.1
 0.72164 5440.32
 0.72176 5441.51
 0.72188 5442.69
 0.722 5443.84
 0.72212 5444.97
 0.72224 5446.08
 0.72236 5447.17
 0.72248 5448.24
 0.7226 5449.28
 0.72272 5450.31
 0.72284 5451.31
 0.72296 5452.29
 0.72308 5453.25
 0.7232 5454.18
 0.72332 5455.09
 0.72344 5455.98
 0.72356 5456.85
 0.72368 5457.69
 0.7238 5458.5
 0.72392 5459.3
 0.72404 5460.07
 0.72416 5460.81
 0.72428 5461.53
 0.7244 5462.23
 0.72452 5462.9
 0.72464 5463.55
 0.72476 5464.17
 0.72488 5464.76
 0.725 5465.33
 0.72512 5465.88
 0.72524 5466.4
 0.72536 5466.89
 0.72548 5467.36
 0.7256 5467.8
 0.72572 5468.21
 0.72584 5468.6
 0.72596 5468.97
 0.72608 5469.31
 0.7262 5469.62
 0.72632 5469.9
 0.72644 5470.16
 0.72656 5470.39
 0.72668 5470.6
 0.7268 5470.78
 0.72692 5470.94
 0.72704 5471.07
 0.72716 5471.17
 0.72728 5471.24
 0.7274 5471.3
 0.72752 5471.32
 0.72764 5471.32
 0.72776 5471.29
 0.72788 5471.24
 0.728 5471.16
 0.72812 5471.05
 0.72824 5470.92
 0.72836 5470.76
 0.72848 5470.58
 0.7286 5470.37
 0.72872 5470.13
 0.72884 5469.87
 0.72896 5469.58
 0.72908 5469.26
 0.7292 5468.92
 0.72932 5468.56
 0.72944 5468.17
 0.72956 5467.75
 0.72968 5467.3
 0.7298 5466.83
 0.72992 5466.34
 0.73004 5465.82
 0.73016 5465.27
 0.73028 5464.7
 0.7304 5464.1
 0.73052 5463.47
 0.73064 5462.82
 0.73076 5462.14
 0.73088 5461.44
 0.731 5460.71
 0.73112 5459.96
 0.73124 5459.19
 0.73136 5458.39
 0.73148 5457.57
 0.7316 5456.72
 0.73172 5455.86
 0.73184 5454.97
 0.73196 5454.06
 0.73208 5453.13
 0.7322 5452.17
 0.73232 5451.2
 0.73244 5450.21
 0.73256 5449.19
 0.73268 5448.16
 0.7328 5447.11
 0.73292 5446.03
 0.73304 5444.94
 0.73316 5443.83
 0.73328 5442.7
 0.7334 5441.55
 0.73352 5440.39
 0.73364 5439.2
 0.73376 5438
 0.73388 5436.78
 0.734 5435.54
 0.73412 5434.28
 0.73424 5433.01
 0.73436 5431.72
 0.73448 5430.41
 0.7346 5429.08
 0.73472 5427.74
 0.73484 5426.38
 0.73496 5425
 0.73508 5423.61
 0.7352 5422.2
 0.73532 5420.78
 0.73544 5419.33
 0.73556 5417.88
 0.73568 5416.4
 0.7358 5414.91
 0.73592 5413.4
 0.73604 5411.88
 0.73616 5410.34
 0.73628 5408.79
 0.7364 5407.22
 0.73652 5405.63
 0.73664 5404.03
 0.73676 5402.41
 0.73688 5400.78
 0.737 5399.13
 0.73712 5397.46
 0.73724 5395.78
 0.73736 5394.08
 0.73748 5392.37
 0.7376 5390.65
 0.73772 5388.9
 0.73784 5387.14
 0.73796 5385.37
 0.73808 5383.58
 0.7382 5381.78
 0.73832 5379.96
 0.73844 5378.13
 0.73856 5376.28
 0.73868 5374.41
 0.7388 5372.53
 0.73892 5370.64
 0.73904 5368.73
 0.73916 5366.8
 0.73928 5364.86
 0.7394 5362.91
 0.73952 5360.94
 0.73964 5358.95
 0.73976 5356.95
 0.73988 5354.94
 0.74 5352.91
 0.74012 5350.86
 0.74024 5348.8
 0.74036 5346.73
 0.74048 5344.64
 0.7406 5342.53
 0.74072 5340.41
 0.74084 5338.27
 0.74096 5336.12
 0.74108 5333.96
 0.7412 5331.78
 0.74132 5329.59
 0.74144 5327.38
 0.74156 5325.16
 0.74168 5322.93
 0.7418 5320.68
 0.74192 5318.43
 0.74204 5316.16
 0.74216 5313.88
 0.74228 5311.58
 0.7424 5309.28
 0.74252 5306.97
 0.74264 5304.65
 0.74276 5302.31
 0.74288 5299.97
 0.743 5297.62
 0.74312 5295.25
 0.74324 5292.88
 0.74336 5290.5
 0.74348 5288.11
 0.7436 5285.71
 0.74372 5283.3
 0.74384 5280.89
 0.74396 5278.46
 0.74408 5276.03
 0.7442 5273.59
 0.74432 5271.14
 0.74444 5268.68
 0.74456 5266.21
 0.74468 5263.74
 0.7448 5261.26
 0.74492 5258.78
 0.74504 5256.29
 0.74516 5253.79
 0.74528 5251.3
 0.7454 5248.79
 0.74552 5246.29
 0.74564 5243.78
 0.74576 5241.27
 0.74588 5238.76
 0.746 5236.25
 0.74612 5233.74
 0.74624 5231.24
 0.74636 5228.73
 0.74648 5226.23
 0.7466 5223.72
 0.74672 5221.23
 0.74684 5218.73
 0.74696 5216.24
 0.74708 5213.75
 0.7472 5211.27
 0.74732 5208.79
 0.74744 5206.32
 0.74756 5203.85
 0.74768 5201.39
 0.7478 5198.93
 0.74792 5196.48
 0.74804 5194.04
 0.74816 5191.61
 0.74828 5189.18
 0.7484 5186.76
 0.74852 5184.36
 0.74864 5181.95
 0.74876 5179.56
 0.74888 5177.18
 0.749 5174.81
 0.74912 5172.45
 0.74924 5170.1
 0.74936 5167.76
 0.74948 5165.43
 0.7496 5163.11
 0.74972 5160.81
 0.74984 5158.52
 0.74996 5156.24
 0.75008 5153.98
 0.7502 5151.73
 0.75032 5149.49
 0.75044 5147.27
 0.75056 5145.07
 0.75068 5142.87
 0.7508 5140.7
 0.75092 5138.54
 0.75104 5136.4
 0.75116 5134.28
 0.75128 5132.17
 0.7514 5130.08
 0.75152 5128.01
 0.75164 5125.96
 0.75176 5123.92
 0.75188 5121.91
 0.752 5119.91
 0.75212 5117.93
 0.75224 5115.97
 0.75236 5114.03
 0.75248 5112.12
 0.7526 5110.22
 0.75272 5108.34
 0.75284 5106.49
 0.75296 5104.65
 0.75308 5102.84
 0.7532 5101.05
 0.75332 5099.28
 0.75344 5097.53
 0.75356 5095.8
 0.75368 5094.1
 0.7538 5092.42
 0.75392 5090.77
 0.75404 5089.14
 0.75416 5087.53
 0.75428 5085.94
 0.7544 5084.39
 0.75452 5082.85
 0.75464 5081.34
 0.75476 5079.86
 0.75488 5078.4
 0.755 5076.97
 0.75512 5075.57
 0.75524 5074.19
 0.75536 5072.84
 0.75548 5071.51
 0.7556 5070.22
 0.75572 5068.95
 0.75584 5067.7
 0.75596 5066.49
 0.75608 5065.3
 0.7562 5064.14
 0.75632 5063.01
 0.75644 5061.9
 0.75656 5060.83
 0.75668 5059.78
 0.7568 5058.76
 0.75692 5057.77
 0.75704 5056.81
 0.75716 5055.88
 0.75728 5054.97
 0.7574 5054.1
 0.75752 5053.26
 0.75764 5052.44
 0.75776 5051.66
 0.75788 5050.9
 0.758 5050.18
 0.75812 5049.49
 0.75824 5048.82
 0.75836 5048.19
 0.75848 5047.59
 0.7586 5047.02
 0.75872 5046.48
 0.75884 5045.97
 0.75896 5045.5
 0.75908 5045.05
 0.7592 5044.64
 0.75932 5044.26
 0.75944 5043.91
 0.75956 5043.59
 0.75968 5043.3
 0.7598 5043.05
 0.75992 5042.82
 0.76004 5042.63
 0.76016 5042.47
 0.76028 5042.34
 0.7604 5042.25
 0.76052 5042.18
 0.76064 5042.15
 0.76076 5042.15
 0.76088 5042.18
 0.761 5042.25
 0.76112 5042.34
 0.76124 5042.47
 0.76136 5042.62
 0.76148 5042.81
 0.7616 5043.03
 0.76172 5043.27
 0.76184 5043.55
 0.76196 5043.86
 0.76208 5044.19
 0.7622 5044.56
 0.76232 5044.95
 0.76244 5045.37
 0.76256 5045.82
 0.76268 5046.29
 0.7628 5046.8
 0.76292 5047.33
 0.76304 5047.89
 0.76316 5048.47
 0.76328 5049.09
 0.7634 5049.73
 0.76352 5050.4
 0.76364 5051.09
 0.76376 5051.82
 0.76388 5052.57
 0.764 5053.35
 0.76412 5054.15
 0.76424 5054.98
 0.76436 5055.84
 0.76448 5056.73
 0.7646 5057.64
 0.76472 5058.58
 0.76484 5059.55
 0.76496 5060.54
 0.76508 5061.56
 0.7652 5062.61
 0.76532 5063.69
 0.76544 5064.79
 0.76556 5065.91
 0.76568 5067.07
 0.7658 5068.25
 0.76592 5069.45
 0.76604 5070.69
 0.76616 5071.95
 0.76628 5073.23
 0.7664 5074.55
 0.76652 5075.89
 0.76664 5077.26
 0.76676 5078.66
 0.76688 5080.08
 0.767 5081.54
 0.76712 5083.02
 0.76724 5084.52
 0.76736 5086.06
 0.76748 5087.63
 0.7676 5089.22
 0.76772 5090.84
 0.76784 5092.49
 0.76796 5094.18
 0.76808 5095.88
 0.7682 5097.62
 0.76832 5099.39
 0.76844 5101.19
 0.76856 5103.01
 0.76868 5104.87
 0.7688 5106.75
 0.76892 5108.67
 0.76904 5110.61
 0.76916 5112.58
 0.76928 5114.58
 0.7694 5116.61
 0.76952 5118.67
 0.76964 5120.75
 0.76976 5122.87
 0.76988 5125.01
 0.77 5127.19
 0.77012 5129.39
 0.77024 5131.62
 0.77036 5133.88
 0.77048 5136.17
 0.7706 5138.49
 0.77072 5140.84
 0.77084 5143.21
 0.77096 5145.62
 0.77108 5148.05
 0.7712 5150.51
 0.77132 5153
 0.77144 5155.51
 0.77156 5158.06
 0.77168 5160.63
 0.7718 5163.22
 0.77192 5165.85
 0.77204 5168.5
 0.77216 5171.17
 0.77228 5173.87
 0.7724 5176.59
 0.77252 5179.34
 0.77264 5182.11
 0.77276 5184.91
 0.77288 5187.73
 0.773 5190.58
 0.77312 5193.44
 0.77324 5196.33
 0.77336 5199.25
 0.77348 5202.18
 0.7736 5205.14
 0.77372 5208.12
 0.77384 5211.12
 0.77396 5214.14
 0.77408 5217.18
 0.7742 5220.24
 0.77432 5223.33
 0.77444 5226.43
 0.77456 5229.55
 0.77468 5232.69
 0.7748 5235.85
 0.77492 5239.02
 0.77504 5242.22
 0.77516 5245.42
 0.77528 5248.65
 0.7754 5251.89
 0.77552 5255.14
 0.77564 5258.4
 0.77576 5261.68
 0.77588 5264.97
 0.776 5268.27
 0.77612 5271.59
 0.77624 5274.91
 0.77636 5278.24
 0.77648 5281.58
 0.7766 5284.93
 0.77672 5288.28
 0.77684 5291.65
 0.77696 5295.02
 0.77708 5298.4
 0.7772 5301.78
 0.77732 5305.18
 0.77744 5308.57
 0.77756 5311.98
 0.77768 5315.39
 0.7778 5318.81
 0.77792 5322.23
 0.77804 5325.65
 0.77816 5329.08
 0.77828 5332.51
 0.7784 5335.95
 0.77852 5339.39
 0.77864 5342.83
 0.77876 5346.27
 0.77888 5349.72
 0.779 5353.16
 0.77912 5356.61
 0.77924 5360.06
 0.77936 5363.5
 0.77948 5366.95
 0.7796 5370.4
 0.77972 5373.84
 0.77984 5377.28
 0.77996 5380.72
 0.78008 5384.15
 0.7802 5387.59
 0.78032 5391.01
 0.78044 5394.44
 0.78056 5397.86
 0.78068 5401.27
 0.7808 5404.68
 0.78092 5408.08
 0.78104 5411.47
 0.78116 5414.86
 0.78128 5418.24
 0.7814 5421.61
 0.78152 5424.97
 0.78164 5428.33
 0.78176 5431.67
 0.78188 5435.01
 0.782 5438.34
 0.78212 5441.66
 0.78224 5444.97
 0.78236 5448.27
 0.78248 5451.56
 0.7826 5454.84
 0.78272 5458.11
 0.78284 5461.37
 0.78296 5464.62
 0.78308 5467.86
 0.7832 5471.09
 0.78332 5474.3
 0.78344 5477.5
 0.78356 5480.69
 0.78368 5483.87
 0.7838 5487.03
 0.78392 5490.18
 0.78404 5493.31
 0.78416 5496.43
 0.78428 5499.54
 0.7844 5502.63
 0.78452 5505.71
 0.78464 5508.77
 0.78476 5511.81
 0.78488 5514.84
 0.785 5517.85
 0.78512 5520.85
 0.78524 5523.83
 0.78536 5526.79
 0.78548 5529.73
 0.7856 5532.66
 0.78572 5535.56
 0.78584 5538.45
 0.78596 5541.33
 0.78608 5544.18
 0.7862 5547.01
 0.78632 5549.82
 0.78644 5552.62
 0.78656 5555.39
 0.78668 5558.15
 0.7868 5560.88
 0.78692 5563.6
 0.78704 5566.29
 0.78716 5568.96
 0.78728 5571.61
 0.7874 5574.24
 0.78752 5576.84
 0.78764 5579.42
 0.78776 5581.98
 0.78788 5584.52
 0.788 5587.03
 0.78812 5589.52
 0.78824 5591.99
 0.78836 5594.43
 0.78848 5596.85
 0.7886 5599.24
 0.78872 5601.6
 0.78884 5603.94
 0.78896 5606.26
 0.78908 5608.55
 0.7892 5610.81
 0.78932 5613.05
 0.78944 5615.26
 0.78956 5617.44
 0.78968 5619.6
 0.7898 5621.73
 0.78992 5623.83
 0.79004 5625.91
 0.79016 5627.96
 0.79028 5629.98
 0.7904 5631.97
 0.79052 5633.93
 0.79064 5635.87
 0.79076 5637.78
 0.79088 5639.66
 0.791 5641.51
 0.79112 5643.33
 0.79124 5645.12
 0.79136 5646.89
 0.79148 5648.63
 0.7916 5650.33
 0.79172 5652.01
 0.79184 5653.67
 0.79196 5655.29
 0.79208 5656.89
 0.7922 5658.46
 0.79232 5660
 0.79244 5661.52
 0.79256 5663.01
 0.79268 5664.47
 0.7928 5665.9
 0.79292 5667.31
 0.79304 5668.7
 0.79316 5670.05
 0.79328 5671.38
 0.7934 5672.68
 0.79352 5673.95
 0.79364 5675.2
 0.79376 5676.42
 0.79388 5677.62
 0.794 5678.78
 0.79412 5679.92
 0.79424 5681.04
 0.79436 5682.13
 0.79448 5683.19
 0.7946 5684.22
 0.79472 5685.23
 0.79484 5686.21
 0.79496 5687.16
 0.79508 5688.09
 0.7952 5689
 0.79532 5689.87
 0.79544 5690.73
 0.79556 5691.55
 0.79568 5692.35
 0.7958 5693.13
 0.79592 5693.88
 0.79604 5694.6
 0.79616 5695.3
 0.79628 5695.97
 0.7964 5696.62
 0.79652 5697.24
 0.79664 5697.83
 0.79676 5698.4
 0.79688 5698.94
 0.797 5699.45
 0.79712 5699.93
 0.79724 5700.39
 0.79736 5700.82
 0.79748 5701.22
 0.7976 5701.58
 0.79772 5701.92
 0.79784 5702.23
 0.79796 5702.51
 0.79808 5702.76
 0.7982 5702.98
 0.79832 5703.17
 0.79844 5703.33
 0.79856 5703.46
 0.79868 5703.56
 0.7988 5703.62
 0.79892 5703.66
 0.79904 5703.67
 0.79916 5703.64
 0.79928 5703.59
 0.7994 5703.5
 0.79952 5703.39
 0.79964 5703.24
 0.79976 5703.06
 0.79988 5702.85
