 0.2 72156.2
 0.20012 71361.8
 0.20024 71197.2
 0.20036 71593.9
 0.20048 72304.5
 0.2006 72960.1
 0.20072 73164.1
 0.20084 72800.5
 0.20096 71959.3
 0.20108 70785.2
 0.2012 69364.3
 0.20132 67635.6
 0.20144 65663.3
 0.20156 63534.4
 0.20168 61356.9
 0.2018 59116.8
 0.20192 56630.6
 0.20204 53673.9
 0.20216 50056
 0.20228 45822.7
 0.2024 41039.9
 0.20252 35852.4
 0.20264 30431.9
 0.20276 24969.3
 0.20288 19701.9
 0.203 14885.9
 0.20312 10770.1
 0.20324 7487.04
 0.20336 5116.9
 0.20348 3676.02
 0.2036 3139.27
 0.20372 3508.32
 0.20384 4820.45
 0.20396 7172.19
 0.20408 10746.1
 0.2042 15670.9
 0.20432 21956.5
 0.20444 29610
 0.20456 38710.5
 0.20468 49304.6
 0.2048 61325.9
 0.20492 74534.4
 0.20504 88334.5
 0.20516 102018
 0.20528 115113
 0.2054 127240
 0.20552 137826
 0.20564 146185
 0.20576 151752
 0.20588 154118
 0.206 153310
 0.20612 149783
 0.20624 143961
 0.20636 136212
 0.20648 127175
 0.2066 117813
 0.20672 109068
 0.20684 101842
 0.20696 96824.8
 0.20708 94389.8
 0.2072 94646.8
 0.20732 97455.9
 0.20744 102389
 0.20756 108659
 0.20768 115344
 0.2078 121596
 0.20792 126620
 0.20804 129719
 0.20816 130409
 0.20828 128733
 0.2084 125018
 0.20852 119861
 0.20864 114049
 0.20876 108344
 0.20888 103390
 0.209 99729.3
 0.20912 97847
 0.20924 97929.4
 0.20936 100020
 0.20948 104042
 0.2096 109763
 0.20972 116769
 0.20984 124803
 0.20996 133730
 0.21008 143464
 0.2102 153743
 0.21032 164194
 0.21044 174248
 0.21056 183447
 0.21068 191621
 0.2108 198529
 0.21092 203713
 0.21104 206563
 0.21116 206836
 0.21128 204486
 0.2114 199888
 0.21152 193455
 0.21164 185426
 0.21176 175934
 0.21188 165481
 0.212 154933
 0.21212 145003
 0.21224 136205
 0.21236 128735
 0.21248 122671
 0.2126 118057
 0.21272 115077
 0.21284 113694
 0.21296 113314
 0.21308 113197
 0.2132 112793
 0.21332 111768
 0.21344 109934
 0.21356 107161
 0.21368 103367
 0.2138 98424
 0.21392 92677.7
 0.21404 86795.9
 0.21416 81303.4
 0.21428 76536.5
 0.2144 72635.5
 0.21452 69721.5
 0.21464 67815.1
 0.21476 67001.8
 0.21488 67189
 0.215 67943
 0.21512 68981.2
 0.21524 70183.9
 0.21536 71596.4
 0.21548 73231.7
 0.2156 75137.5
 0.21572 77407.2
 0.21584 80152.7
 0.21596 83606.1
 0.21608 87816.2
 0.2162 92528.7
 0.21632 97363.7
 0.21644 102023
 0.21656 106293
 0.21668 109751
 0.2168 111905
 0.21692 112343
 0.21704 110969
 0.21716 108063
 0.21728 104114
 0.2174 99567.6
 0.21752 94674.5
 0.21764 89854.3
 0.21776 85776.6
 0.21788 83049.8
 0.218 81878.6
 0.21812 82136.2
 0.21824 83520.1
 0.21836 85762
 0.21848 88687.6
 0.2186 92154.6
 0.21872 95682.1
 0.21884 98678.6
 0.21896 100828
 0.21908 102208
 0.2192 102998
 0.21932 103229
 0.21944 102897
 0.21956 102039
 0.21968 100933
 0.2198 100113
 0.21992 100074
 0.22004 100912
 0.22016 102374
 0.22028 104335
 0.2204 106698
 0.22052 109217
 0.22064 111508
 0.22076 112999
 0.22088 112998
 0.221 110995
 0.22112 107029
 0.22124 101275
 0.22136 93982.4
 0.22148 85600.8
 0.2216 76667.4
 0.22172 67770.2
 0.22184 59586.1
 0.22196 52805.3
 0.22208 47767.8
 0.2222 44514.9
 0.22232 42986.6
 0.22244 42954.7
 0.22256 44060.7
 0.22268 45923.5
 0.2228 48117.2
 0.22292 50163.2
 0.22304 51711.6
 0.22316 52684.6
 0.22328 53076.8
 0.2234 52918.5
 0.22352 52324.1
 0.22364 51477.5
 0.22376 50589.6
 0.22388 49968.5
 0.224 49869.6
 0.22412 50263.1
 0.22424 50997.5
 0.22436 51903.5
 0.22448 52807.2
 0.2246 53487
 0.22472 53712.9
 0.22484 53233
 0.22496 51846.3
 0.22508 49616.7
 0.2252 46826.5
 0.22532 43824
 0.22544 41081.1
 0.22556 39088.3
 0.22568 38339.9
 0.2258 39267.1
 0.22592 42027.4
 0.22604 46604.2
 0.22616 52809.6
 0.22628 60350.4
 0.2264 68653.5
 0.22652 77077.4
 0.22664 85047.8
 0.22676 92005.4
 0.22688 97684.5
 0.227 102029
 0.22712 104972
 0.22724 106531
 0.22736 107028
 0.22748 106910
 0.2276 106354
 0.22772 105471
 0.22784 104390
 0.22796 103095
 0.22808 101684
 0.2282 100182
 0.22832 98464.8
 0.22844 96285.1
 0.22856 93729.9
 0.22868 91126.7
 0.2288 88638
 0.22892 86378.4
 0.22904 84381.5
 0.22916 82743.2
 0.22928 81641.8
 0.2294 81333.8
 0.22952 81872.5
 0.22964 83051.2
 0.22976 84800.5
 0.22988 87155.3
 0.23 90172.3
 0.23012 93833.1
 0.23024 98027.5
 0.23036 102375
 0.23048 106500
 0.2306 110145
 0.23072 113001
 0.23084 114695
 0.23096 114870
 0.23108 113238
 0.2312 109611
 0.23132 104162
 0.23144 97434.6
 0.23156 90067
 0.23168 82731.1
 0.2318 76111.4
 0.23192 70797.6
 0.23204 67345.9
 0.23216 66230.6
 0.23228 67734.2
 0.2324 71670.4
 0.23252 77509.1
 0.23264 84609.7
 0.23276 92253.1
 0.23288 99809.1
 0.233 106752
 0.23312 112620
 0.23324 117076
 0.23336 119989
 0.23348 121486
 0.2336 121791
 0.23372 121236
 0.23384 120297
 0.23396 119335
 0.23408 118534
 0.2342 117920
 0.23432 117386
 0.23444 116881
 0.23456 116493
 0.23468 116333
 0.2348 116326
 0.23492 116339
 0.23504 116475
 0.23516 117074
 0.23528 118708
 0.2354 121888
 0.23552 126837
 0.23564 133681
 0.23576 142451
 0.23588 153143
 0.236 165523
 0.23612 179075
 0.23624 193014
 0.23636 206416
 0.23648 218511
 0.2366 228541
 0.23672 235738
 0.23684 239759
 0.23696 240578
 0.23708 238463
 0.2372 233947
 0.23732 227677
 0.23744 220363
 0.23756 212681
 0.23768 205677
 0.2378 200076
 0.23792 196146
 0.23804 193895
 0.23816 193038
 0.23828 193282
 0.2384 194270
 0.23852 195695
 0.23864 196941
 0.23876 197360
 0.23888 196730
 0.239 194939
 0.23912 192165
 0.23924 188535
 0.23936 184106
 0.23948 178881
 0.2396 173018
 0.23972 166732
 0.23984 159996
 0.23996 152787
 0.24008 145046
 0.2402 136847
 0.24032 128509
 0.24044 120529
 0.24056 113462
 0.24068 107774
 0.2408 104101
 0.24092 103001
 0.24104 104860
 0.24116 109869
 0.24128 117851
 0.2414 128281
 0.24152 140318
 0.24164 153095
 0.24176 165710
 0.24188 177398
 0.242 187737
 0.24212 196442
 0.24224 203458
 0.24236 209108
 0.24248 213996
 0.2426 218907
 0.24272 224517
 0.24284 231224
 0.24296 238747
 0.24308 246478
 0.2432 253740
 0.24332 259719
 0.24344 263475
 0.24356 263974
 0.24368 260346
 0.2438 252075
 0.24392 239347
 0.24404 223056
 0.24416 204353
 0.24428 184406
 0.2444 164448
 0.24452 145798
 0.24464 129748
 0.24476 117356
 0.24488 109385
 0.245 106020
 0.24512 106881
 0.24524 111413
 0.24536 118918
 0.24548 128524
 0.2456 139169
 0.24572 149708
 0.24584 158944
 0.24596 165843
 0.24608 169962
 0.2462 171172
 0.24632 169497
 0.24644 165113
 0.24656 158304
 0.24668 149606
 0.2468 139785
 0.24692 129653
 0.24704 119674
 0.24716 110034
 0.24728 100876
 0.2474 92359.2
 0.24752 84704.3
 0.24764 78091.9
 0.24776 72536
 0.24788 67881.5
 0.248 64063.5
 0.24812 61101.7
 0.24824 58943.3
 0.24836 57448.2
 0.24848 56383.7
 0.2486 55430.9
 0.24872 54254.6
 0.24884 52680.1
 0.24896 50564.9
 0.24908 47809
 0.2492 44487.8
 0.24932 40741
 0.24944 36747.6
 0.24956 32747.8
 0.24968 29020.6
 0.2498 25826.2
 0.24992 23460.3
 0.25004 22207.4
 0.25016 22165.8
 0.25028 23334.1
 0.2504 25704.3
 0.25052 29212.9
 0.25064 33808.8
 0.25076 39392
 0.25088 45622.5
 0.251 52069.6
 0.25112 58434.6
 0.25124 64571
 0.25136 70342.2
 0.25148 75636.8
 0.2516 80190.7
 0.25172 83653.6
 0.25184 85998.6
 0.25196 87387.5
 0.25208 87904.1
 0.2522 87441.2
 0.25232 85863.6
 0.25244 83036.8
 0.25256 79050.2
 0.25268 74260.7
 0.2528 68881.8
 0.25292 62950.4
 0.25304 56551.1
 0.25316 49954.3
 0.25328 43505.6
 0.2534 37580.3
 0.25352 32454.6
 0.25364 28204.6
 0.25376 24964.2
 0.25388 22928
 0.254 22209.3
 0.25412 22883.1
 0.25424 25044.6
 0.25436 28665
 0.25448 33696.1
 0.2546 40158.4
 0.25472 47970.9
 0.25484 56968.6
 0.25496 67152.4
 0.25508 78484.7
 0.2552 90501.7
 0.25532 102780
 0.25544 115046
 0.25556 126932
 0.25568 138094
 0.2558 148391
 0.25592 157420
 0.25604 164637
 0.25616 169977
 0.25628 173641
 0.2564 175613
 0.25652 175926
 0.25664 174743
 0.25676 171912
 0.25688 167474
 0.257 161813
 0.25712 155254
 0.25724 147956
 0.25736 140133
 0.25748 132053
 0.2576 123746
 0.25772 115521
 0.25784 107781
 0.25796 100682
 0.25808 94301.4
 0.2582 88559.9
 0.25832 83474.1
 0.25844 79079.6
 0.25856 75649.2
 0.25868 73428.3
 0.2588 72400.5
 0.25892 72533.1
 0.25904 73681.3
 0.25916 75803.5
 0.25928 78826.7
 0.2594 82443.5
 0.25952 86225.4
 0.25964 89699
 0.25976 92627.1
 0.25988 94876.8
 0.26 96526.2
 0.26012 97711.9
 0.26024 98506.3
 0.26036 99213.7
 0.26048 100266
 0.2606 102146
 0.26072 105101
 0.26084 109306
 0.26096 114831
 0.26108 121699
 0.2612 130067
 0.26132 140036
 0.26144 151486
 0.26156 163836
 0.26168 176476
 0.2618 188767
 0.26192 200055
 0.26204 209725
 0.26216 217025
 0.26228 221175
 0.2624 221715
 0.26252 218818
 0.26264 213247
 0.26276 205960
 0.26288 198054
 0.263 190530
 0.26312 184336
 0.26324 180353
 0.26336 178989
 0.26348 180080
 0.2636 182963
 0.26372 186708
 0.26384 190137
 0.26396 192142
 0.26408 191850
 0.2642 188525
 0.26432 181915
 0.26444 172368
 0.26456 160528
 0.26468 147095
 0.2648 132987
 0.26492 119148
 0.26504 106303
 0.26516 95075.1
 0.26528 85916.7
 0.2654 78932.3
 0.26552 73882.7
 0.26564 70523.9
 0.26576 68525.2
 0.26588 67472.5
 0.266 67068.7
 0.26612 67089.3
 0.26624 67342.5
 0.26636 67705.8
 0.26648 68260
 0.2666 69240.6
 0.26672 70968.7
 0.26684 73904
 0.26696 78509.7
 0.26708 85198.2
 0.2672 94179.4
 0.26732 105477
 0.26744 118924
 0.26756 133989
 0.26768 149920
 0.2678 165760
 0.26792 180278
 0.26804 192241
 0.26816 200715
 0.26828 205135
 0.2684 205161
 0.26852 200947
 0.26864 193097
 0.26876 182431
 0.26888 170214
 0.269 157899
 0.26912 146590
 0.26924 137028
 0.26936 129910
 0.26948 125697
 0.2696 124438
 0.26972 125827
 0.26984 129227
 0.26996 133722
 0.27008 138614
 0.2702 143580
 0.27032 148203
 0.27044 151867
 0.27056 153948
 0.27068 154185
 0.2708 152697
 0.27092 149859
 0.27104 146202
 0.27116 142025
 0.27128 137631
 0.2714 133536
 0.27152 130597
 0.27164 129558
 0.27176 130744
 0.27188 134011
 0.272 138601
 0.27212 143638
 0.27224 148321
 0.27236 152005
 0.27248 153889
 0.2726 153138
 0.27272 149170
 0.27284 141884
 0.27296 132080
 0.27308 120939
 0.2732 109588
 0.27332 98834.5
 0.27344 89188.3
 0.27356 81140.7
 0.27368 75036.4
 0.2738 70985.8
 0.27392 68572.1
 0.27404 66976.1
 0.27416 65407.2
 0.27428 63392.9
 0.2744 60925.6
 0.27452 58133.7
 0.27464 55281.1
 0.27476 52707.4
 0.27488 50861.2
 0.275 50376.5
 0.27512 51936.4
 0.27524 55903.7
 0.27536 62175.8
 0.27548 70504.9
 0.2756 80534.9
 0.27572 91828.3
 0.27584 103926
 0.27596 116243
 0.27608 127978
 0.2762 138489
 0.27632 147560
 0.27644 154942
 0.27656 160403
 0.27668 163800
 0.2768 165002
 0.27692 163946
 0.27704 160852
 0.27716 155989
 0.27728 149402
 0.2774 141327
 0.27752 132132
 0.27764 122154
 0.27776 111721
 0.27788 101211
 0.278 90870.7
 0.27812 80900.6
 0.27824 71555.5
 0.27836 62953
 0.27848 55033.8
 0.2786 47731.7
 0.27872 41026.5
 0.27884 34865.1
 0.27896 29231
 0.27908 24116.5
 0.2792 19475.9
 0.27932 15294.5
 0.27944 11660.7
 0.27956 8730.51
 0.27968 6677.37
 0.2798 5682.85
 0.27992 5942.95
 0.28004 7616.76
 0.28016 10889.6
 0.28028 16001.4
 0.2804 23195.8
 0.28052 32487.1
 0.28064 43733.3
 0.28076 56638.4
 0.28088 70781.7
 0.281 85715.6
 0.28112 101036
 0.28124 116217
 0.28136 130464
 0.28148 143136
 0.2816 153795
 0.28172 162120
 0.28184 167925
 0.28196 171164
 0.28208 171652
 0.2822 169222
 0.28232 164128
 0.28244 156913
 0.28256 148018
 0.28268 138020
 0.2828 127583
 0.28292 117262
 0.28304 107730
 0.28316 99757.5
 0.28328 93858.2
 0.2834 90085
 0.28352 88369.2
 0.28364 88545.4
 0.28376 90257
 0.28388 93077.1
 0.284 96523.7
 0.28412 100082
 0.28424 103411
 0.28436 106491
 0.28448 109492
 0.2846 112584
 0.28472 116000
 0.28484 119988
 0.28496 124912
 0.28508 131148
 0.2852 138810
 0.28532 147699
 0.28544 157481
 0.28556 167660
 0.28568 177546
 0.2858 186579
 0.28592 194125
 0.28604 199417
 0.28616 201881
 0.28628 201343
 0.2864 197714
 0.28652 191142
 0.28664 182251
 0.28676 171681
 0.28688 159984
 0.287 147956
 0.28712 136270
 0.28724 125312
 0.28736 115372
 0.28748 106745
 0.2876 99342.6
 0.28772 92881.1
 0.28784 87196
 0.28796 81934.4
 0.28808 76853.6
 0.2882 71964.2
 0.28832 67336.4
 0.28844 62955.8
 0.28856 58863.2
 0.28868 55251.5
 0.2888 52278.4
 0.28892 50137.6
 0.28904 48960.7
 0.28916 48635.3
 0.28928 48978.5
 0.2894 49869.1
 0.28952 51277.5
 0.28964 53167.5
 0.28976 55473.4
 0.28988 58251.5
 0.29 61599.4
 0.29012 65658.7
 0.29024 70577.2
 0.29036 76391.8
 0.29048 82905.9
 0.2906 89748.6
 0.29072 96551.5
 0.29084 102817
 0.29096 107936
 0.29108 111404
 0.2912 112894
 0.29132 112224
 0.29144 109434
 0.29156 104927
 0.29168 99222
 0.2918 92883.1
 0.29192 86563.9
 0.29204 80813.8
 0.29216 75988.1
 0.29228 72332.1
 0.2924 70078.3
 0.29252 69243.7
 0.29264 69556.1
 0.29276 70606.2
 0.29288 72025.8
 0.293 73489.2
 0.29312 74750.7
 0.29324 75588.4
 0.29336 75656.1
 0.29348 74563.5
 0.2936 72147.8
 0.29372 68558
 0.29384 63935.6
 0.29396 58400.7
 0.29408 52122.4
 0.2942 45292.8
 0.29432 38260.4
 0.29444 31499.2
 0.29456 25471.9
 0.29468 20534.1
 0.2948 17061.6
 0.29492 15487.5
 0.29504 16200.2
 0.29516 19606.7
 0.29528 25994.7
 0.2954 35534.9
 0.29552 48349.8
 0.29564 64216.2
 0.29576 82502
 0.29588 102316
 0.296 122681
 0.29612 142421
 0.29624 160302
 0.29636 175153
 0.29648 185745
 0.2966 191215
 0.29672 191412
 0.29684 186684
 0.29696 177579
 0.29708 164920
 0.2972 149835
 0.29732 133469
 0.29744 116980
 0.29756 101504
 0.29768 87730.7
 0.2978 75977.2
 0.29792 66444.4
 0.29804 59258.7
 0.29816 54285.8
 0.29828 51311.1
 0.2984 50285.8
 0.29852 51160.9
 0.29864 53950.9
 0.29876 58752.2
 0.29888 65464.3
 0.299 73797.3
 0.29912 83348.8
 0.29924 93789.7
 0.29936 104646
 0.29948 115269
 0.2996 125016
 0.29972 133276
 0.29984 139766
 0.29996 144496
 0.30008 147699
 0.3002 149597
 0.30032 150299
 0.30044 150022
 0.30056 149034
 0.30068 147577
 0.3008 145575
 0.30092 142657
 0.30104 138575
 0.30116 133142
 0.30128 126475
 0.3014 118821
 0.30152 110341
 0.30164 101170
 0.30176 91696
 0.30188 82660.4
 0.302 74602.4
 0.30212 67811.8
 0.30224 62285.1
 0.30236 57830.1
 0.30248 54309.4
 0.3026 51709.3
 0.30272 49936.4
 0.30284 48591.1
 0.30296 47277.5
 0.30308 45834.3
 0.3032 44354.7
 0.30332 43071.5
 0.30344 42193.3
 0.30356 41748.1
 0.30368 41789.6
 0.3038 42557.5
 0.30392 44368.4
 0.30404 47435.1
 0.30416 51767.5
 0.30428 57191.4
 0.3044 63590.8
 0.30452 70989.5
 0.30464 79351.1
 0.30476 88266.4
 0.30488 97159
 0.305 105494
 0.30512 112892
 0.30524 119214
 0.30536 124180
 0.30548 127424
 0.3056 128661
 0.30572 128132
 0.30584 126480
 0.30596 124408
 0.30608 122403
 0.3062 120714
 0.30632 119686
 0.30644 119684
 0.30656 120933
 0.30668 123389
 0.3068 126560
 0.30692 129804
 0.30704 132659
 0.30716 135043
 0.30728 136969
 0.3074 138550
 0.30752 140149
 0.30764 141972
 0.30776 144389
 0.30788 147982
 0.308 153324
 0.30812 160474
 0.30824 168870
 0.30836 177799
 0.30848 186285
 0.3086 193587
 0.30872 199201
 0.30884 202351
 0.30896 202023
 0.30908 197501
 0.3092 189116
 0.30932 177520
 0.30944 163495
 0.30956 147844
 0.30968 131117
 0.3098 113923
 0.30992 97317.4
 0.31004 82386.6
 0.31016 69601.8
 0.31028 59046
 0.3104 50705.8
 0.31052 44436.7
 0.31064 40117.4
 0.31076 37734.8
 0.31088 37068.1
 0.311 37721
 0.31112 39394.3
 0.31124 41867.7
 0.31136 44999.8
 0.31148 48833.3
 0.3116 53443.9
 0.31172 58792
 0.31184 64812.7
 0.31196 71513.6
 0.31208 78826.9
 0.3122 86795.9
 0.31232 95451.5
 0.31244 104612
 0.31256 113978
 0.31268 123286
 0.3128 132279
 0.31292 140589
 0.31304 148042
 0.31316 154318
 0.31328 159047
 0.3134 161970
 0.31352 162969
 0.31364 162014
 0.31376 159159
 0.31388 154647
 0.314 148665
 0.31412 141362
 0.31424 133042
 0.31436 123979
 0.31448 114474
 0.3146 104777
 0.31472 95034.1
 0.31484 85296.3
 0.31496 75544.3
 0.31508 65933.4
 0.3152 56682.7
 0.31532 48009.7
 0.31544 40054
 0.31556 32914.8
 0.31568 26722.2
 0.3158 21602.4
 0.31592 17704
 0.31604 15096.8
 0.31616 13651.7
 0.31628 13236.2
 0.3164 13825.2
 0.31652 15500.3
 0.31664 18415.6
 0.31676 22805.5
 0.31688 28858.3
 0.317 36755.7
 0.31712 46799.1
 0.31724 59256.1
 0.31736 74106.4
 0.31748 90968.9
 0.3176 109202
 0.31772 127848
 0.31784 145989
 0.31796 162806
 0.31808 177322
 0.3182 188335
 0.31832 194953
 0.31844 196919
 0.31856 194452
 0.31868 188407
 0.3188 179916
 0.31892 169996
 0.31904 159814
 0.31916 151160
 0.31928 145903
 0.3194 145340
 0.31952 150247
 0.31964 160588
 0.31976 175565
 0.31988 194301
 0.32 215769
 0.32012 238351
 0.32024 259843
 0.32036 278296
 0.32048 292212
 0.3206 300656
 0.32072 303581
 0.32084 301208
 0.32096 293916
 0.32108 282353
 0.3212 267768
 0.32132 251558
 0.32144 234748
 0.32156 218082
 0.32168 201882
 0.3218 186444
 0.32192 171950
 0.32204 158580
 0.32216 146385
 0.32228 135109
 0.3224 124728
 0.32252 115466
 0.32264 107647
 0.32276 101375
 0.32288 96598.3
 0.323 93238.6
 0.32312 91101.3
 0.32324 90208.5
 0.32336 90471.4
 0.32348 91636.9
 0.3236 93385.1
 0.32372 95484.2
 0.32384 97948.7
 0.32396 100846
 0.32408 104216
 0.3242 107890
 0.32432 111666
 0.32444 115360
 0.32456 118732
 0.32468 121466
 0.3248 123250
 0.32492 123743
 0.32504 122708
 0.32516 120109
 0.32528 116057
 0.3254 110783
 0.32552 104631
 0.32564 98136
 0.32576 91797.4
 0.32588 85992.4
 0.326 81034.5
 0.32612 77205
 0.32624 74619
 0.32636 73236.3
 0.32648 72919.4
 0.3266 73414.7
 0.32672 74404.1
 0.32684 75626.3
 0.32696 76848.8
 0.32708 77722.4
 0.3272 78084.9
 0.32732 77966.8
 0.32744 77456.5
 0.32756 76694.7
 0.32768 75900.4
 0.3278 75411.9
 0.32792 75654.9
 0.32804 77297.8
 0.32816 80791.2
 0.32828 86232.5
 0.3284 93658.8
 0.32852 102988
 0.32864 113982
 0.32876 126201
 0.32888 138984
 0.329 151250
 0.32912 161838
 0.32924 170024
 0.32936 175165
 0.32948 176815
 0.3296 174720
 0.32972 168833
 0.32984 159283
 0.32996 146623
 0.33008 131896
 0.3302 116090
 0.33032 100137
 0.33044 84841.1
 0.33056 70889.2
 0.33068 58859.3
 0.3308 49309.5
 0.33092 42626.1
 0.33104 38723.5
 0.33116 37135.9
 0.33128 37338.1
 0.3314 38844.3
 0.33152 41202.7
 0.33164 44009.6
 0.33176 46820.7
 0.33188 49191.6
 0.332 50845
 0.33212 51940.5
 0.33224 52789.3
 0.33236 53657.9
 0.33248 54826.2
 0.3326 56578.7
 0.33272 59201.6
 0.33284 63027.8
 0.33296 68400.6
 0.33308 75458.2
 0.3332 84080.3
 0.33332 94106.4
 0.33344 105336
 0.33356 117397
 0.33368 129747
 0.3338 141651
 0.33392 152318
 0.33404 160899
 0.33416 166771
 0.33428 169580
 0.3344 169107
 0.33452 165336
 0.33464 158645
 0.33476 149877
 0.33488 139966
 0.335 129940
 0.33512 120793
 0.33524 113165
 0.33536 107355
 0.33548 103564
 0.3356 101723
 0.33572 101284
 0.33584 101415
 0.33596 101347
 0.33608 100280
 0.3362 97610.6
 0.33632 93244.3
 0.33644 87203.3
 0.33656 79575.8
 0.33668 70674.3
 0.3368 61205.8
 0.33692 51855.7
 0.33704 43272.4
 0.33716 36068.6
 0.33728 30531.1
 0.3374 26757.9
 0.33752 24847.3
 0.33764 24811.5
 0.33776 26437.6
 0.33788 29423.8
 0.338 33494.2
 0.33812 38376.4
 0.33824 43811.3
 0.33836 49553.4
 0.33848 55293
 0.3386 60688.1
 0.33872 65415.3
 0.33884 69197.4
 0.33896 71779
 0.33908 72906.1
 0.3392 72369.4
 0.33932 70149.1
 0.33944 66384.9
 0.33956 61400.3
 0.33968 55675.3
 0.3398 49784.8
 0.33992 44229.3
 0.34004 39489
 0.34016 36058.9
 0.34028 34403.9
 0.3404 34896.9
 0.34052 37761.2
 0.34064 43056
 0.34076 50643.9
 0.34088 60396
 0.341 72252.3
 0.34112 86113.7
 0.34124 101628
 0.34136 118141
 0.34148 134938
 0.3416 151223
 0.34172 166105
 0.34184 178735
 0.34196 188203
 0.34208 193611
 0.3422 194328
 0.34232 190299
 0.34244 181742
 0.34256 169176
 0.34268 153493
 0.3428 135809
 0.34292 117292
 0.34304 99119.4
 0.34316 82372.4
 0.34328 67784
 0.3434 55801.2
 0.34352 46625.3
 0.34364 40169
 0.34376 36126.1
 0.34388 34092.3
 0.344 33594.8
 0.34412 34182.2
 0.34424 35522.9
 0.34436 37443.3
 0.34448 39865.9
 0.3446 42778.8
 0.34472 46160.7
 0.34484 49943.6
 0.34496 54222.1
 0.34508 59105.6
 0.3452 64636.1
 0.34532 70644.6
 0.34544 76894.1
 0.34556 83253.2
 0.34568 89707.8
 0.3458 96468.7
 0.34592 103611
 0.34604 111080
 0.34616 118762
 0.34628 126541
 0.3464 134450
 0.34652 142365
 0.34664 149997
 0.34676 156745
 0.34688 161981
 0.347 165359
 0.34712 166675
 0.34724 166154
 0.34736 164020
 0.34748 160638
 0.3476 156406
 0.34772 151939
 0.34784 147936
 0.34796 144746
 0.34808 142449
 0.3482 140762
 0.34832 139201
 0.34844 137188
 0.34856 134183
 0.34868 129657
 0.3488 123228
 0.34892 114874
 0.34904 104991
 0.34916 94227.3
 0.34928 83378.3
 0.3494 73362.5
 0.34952 65198.5
 0.34964 59967.4
 0.34976 58536.9
 0.34988 61349.7
 0.35 68441
 0.35012 79564.8
 0.35024 94284.3
 0.35036 111916
 0.35048 131409
 0.3506 151364
 0.35072 170288
 0.35084 186983
 0.35096 200553
 0.35108 210286
 0.3512 215754
 0.35132 216754
 0.35144 213446
 0.35156 206516
 0.35168 196986
 0.3518 185908
 0.35192 174179
 0.35204 162643
 0.35216 151925
 0.35228 142467
 0.3524 134765
 0.35252 128991
 0.35264 124962
 0.35276 122280
 0.35288 120488
 0.353 119114
 0.35312 117736
 0.35324 116166
 0.35336 114053
 0.35348 110958
 0.3536 106721
 0.35372 101414
 0.35384 95399.6
 0.35396 89194.1
 0.35408 83429.8
 0.3542 78566
 0.35432 74992.9
 0.35444 73311.7
 0.35456 73990.4
 0.35468 77391.7
 0.3548 83386.6
 0.35492 91518.5
 0.35504 101101
 0.35516 111455
 0.35528 122088
 0.3554 132376
 0.35552 141635
 0.35564 148996
 0.35576 153847
 0.35588 156048
 0.356 155679
 0.35612 152989
 0.35624 148186
 0.35636 141543
 0.35648 133535
 0.3566 124976
 0.35672 116973
 0.35684 110340
 0.35696 105728
 0.35708 103403
 0.3572 103417
 0.35732 105643
 0.35744 109825
 0.35756 115409
 0.35768 121458
 0.3578 126995
 0.35792 131050
 0.35804 133131
 0.35816 133076
 0.35828 131016
 0.3584 127036
 0.35852 121351
 0.35864 114394
 0.35876 106667
 0.35888 98807.7
 0.359 91304.2
 0.35912 84425.6
 0.35924 78331.9
 0.35936 73358.3
 0.35948 69947.5
 0.3596 68433.4
 0.35972 69119.8
 0.35984 72180.8
 0.35996 77575.7
 0.36008 85135.1
 0.3602 94543.1
 0.36032 105184
 0.36044 116259
 0.36056 126973
 0.36068 136485
 0.3608 143978
 0.36092 148822
 0.36104 150763
 0.36116 149799
 0.36128 146264
 0.3614 140622
 0.36152 133340
 0.36164 124975
 0.36176 116292
 0.36188 108060
 0.362 100727
 0.36212 94508.5
 0.36224 89348.7
 0.36236 85107.6
 0.36248 81727.6
 0.3626 79108.2
 0.36272 76965.4
 0.36284 74905.4
 0.36296 72747.2
 0.36308 70620.2
 0.3632 68834.8
 0.36332 67929.5
 0.36344 68422
 0.36356 70761.4
 0.36368 75387.8
 0.3638 82729.3
 0.36392 93173.4
 0.36404 106767
 0.36416 123358
 0.36428 142366
 0.3644 162824
 0.36452 183640
 0.36464 203941
 0.36476 223053
 0.36488 240150
 0.365 254380
 0.36512 264989
 0.36524 271592
 0.36536 274490
 0.36548 274547
 0.3656 272531
 0.36572 268745
 0.36584 263636
 0.36596 258021
 0.36608 252922
 0.3662 249237
 0.36632 247342
 0.36644 247014
 0.36656 247696
 0.36668 249229
 0.3668 251442
 0.36692 253711
 0.36704 255151
 0.36716 254840
 0.36728 252071
 0.3674 246421
 0.36752 237901
 0.36764 226640
 0.36776 212848
 0.36788 197157
 0.368 180358
 0.36812 163275
 0.36824 146667
 0.36836 131277
 0.36848 117665
 0.3686 105964
 0.36872 96115.2
 0.36884 87808.8
 0.36896 80687.7
 0.36908 74465.7
 0.3692 68913.8
 0.36932 63824.5
 0.36944 58980.3
 0.36956 54525.3
 0.36968 50767.3
 0.3698 48043.9
 0.36992 46655.3
 0.37004 46808.4
 0.37016 48536.6
 0.37028 51702
 0.3704 56114.8
 0.37052 61468.7
 0.37064 67331.6
 0.37076 73310.6
 0.37088 79019.7
 0.371 84167.9
 0.37112 88597
 0.37124 92366.7
 0.37136 95630.5
 0.37148 98462.3
 0.3716 100974
 0.37172 103311
 0.37184 105681
 0.37196 108067
 0.37208 110292
 0.3722 112141
 0.37232 113411
 0.37244 114083
 0.37256 114127
 0.37268 113401
 0.3728 111617
 0.37292 108771
 0.37304 105196
 0.37316 101189
 0.37328 96874.5
 0.3734 92177.1
 0.37352 87072
 0.37364 81708
 0.37376 76458.3
 0.37388 71574.4
 0.374 66964.9
 0.37412 62488.3
 0.37424 58226
 0.37436 54459.7
 0.37448 51464.2
 0.3746 49330.2
 0.37472 47857.9
 0.37484 46825.3
 0.37496 46256
 0.37508 46271.9
 0.3752 46875.4
 0.37532 47911.8
 0.37544 49134.2
 0.37556 50419.4
 0.37568 51968.6
 0.3758 54136.4
 0.37592 57062.1
 0.37604 60750.6
 0.37616 65272.3
 0.37628 70798.7
 0.3764 77595.5
 0.37652 85782.5
 0.37664 95236.3
 0.37676 105550
 0.37688 116292
 0.377 127186
 0.37712 137865
 0.37724 147720
 0.37736 156085
 0.37748 162504
 0.3776 166688
 0.37772 168460
 0.37784 167996
 0.37796 165458
 0.37808 161032
 0.3782 155250
 0.37832 148739
 0.37844 141955
 0.37856 135180
 0.37868 128875
 0.3788 123167
 0.37892 117993
 0.37904 113374
 0.37916 109182
 0.37928 105190
 0.3794 101293
 0.37952 97484.7
 0.37964 93589.7
 0.37976 89544.6
 0.37988 85596.1
 0.38 81994.5
 0.38012 78935.1
 0.38024 76656.5
 0.38036 75363.9
 0.38048 75272.8
 0.3806 76615.7
 0.38072 79676.9
 0.38084 84480.5
 0.38096 90793.4
 0.38108 98373
 0.3812 106971
 0.38132 116166
 0.38144 125476
 0.38156 134435
 0.38168 142495
 0.3818 149217
 0.38192 154462
 0.38204 158170
 0.38216 160286
 0.38228 160949
 0.3824 160410
 0.38252 158945
 0.38264 156931
 0.38276 154627
 0.38288 152040
 0.383 149184
 0.38312 146079
 0.38324 142721
 0.38336 138968
 0.38348 134622
 0.3836 129387
 0.38372 123071
 0.38384 115764
 0.38396 107676
 0.38408 98968.2
 0.3842 89821.1
 0.38432 80621.2
 0.38444 71872.1
 0.38456 64116
 0.38468 57868
 0.3848 53461.5
 0.38492 50982.5
 0.38504 50517.3
 0.38516 52130.9
 0.38528 55500.3
 0.3854 60146.7
 0.38552 65627.9
 0.38564 71554.9
 0.38576 77614.2
 0.38588 83681.6
 0.386 89691.1
 0.38612 95371.1
 0.38624 100842
 0.38636 106400
 0.38648 112362
 0.3866 118853
 0.38672 125857
 0.38684 133201
 0.38696 140540
 0.38708 147822
 0.3872 154968
 0.38732 161808
 0.38744 167738
 0.38756 172152
 0.38768 174642
 0.3878 175042
 0.38792 173373
 0.38804 169641
 0.38816 163692
 0.38828 155256
 0.3884 144563
 0.38852 132487
 0.38864 119890
 0.38876 107407
 0.38888 95537
 0.389 84665.4
 0.38912 75187.9
 0.38924 67591.3
 0.38936 62235.9
 0.38948 58890.6
 0.3896 57031.5
 0.38972 56138.2
 0.38984 55809.5
 0.38996 55688.6
 0.39008 55482.8
 0.3902 54980.2
 0.39032 53960.4
 0.39044 52306.3
 0.39056 50043.2
 0.39068 47448.9
 0.3908 44778.1
 0.39092 42267
 0.39104 40102.5
 0.39116 38398.6
 0.39128 37229.5
 0.3914 36699.9
 0.39152 37042.9
 0.39164 38331
 0.39176 40506.4
 0.39188 43543.6
 0.392 47429.9
 0.39212 52050.7
 0.39224 57285.4
 0.39236 63030.9
 0.39248 69016.9
 0.3926 74851.3
 0.39272 80239.3
 0.39284 84843
 0.39296 88327.9
 0.39308 90621
 0.3932 91799.4
 0.39332 91850.6
 0.39344 90814.9
 0.39356 88955.4
 0.39368 86629.6
 0.3938 84263.4
 0.39392 82242.5
 0.39404 80702.2
 0.39416 79558.1
 0.39428 78838.1
 0.3944 78716
 0.39452 79258.6
 0.39464 80409.9
 0.39476 81974.5
 0.39488 83703.4
 0.395 85555.9
 0.39512 87614.1
 0.39524 89782.7
 0.39536 91737.8
 0.39548 93096.3
 0.3956 93596.6
 0.39572 93124
 0.39584 91823.8
 0.39596 89800.3
 0.39608 87146.2
 0.3962 84228.3
 0.39632 81642.1
 0.39644 80101.7
 0.39656 80044
 0.39668 81557.2
 0.3968 84499.3
 0.39692 88574.7
 0.39704 93370.1
 0.39716 98217
 0.39728 102223
 0.3974 104441
 0.39752 104231
 0.39764 101560
 0.39776 96697.7
 0.39788 90059.9
 0.398 82273.7
 0.39812 74157.7
 0.39824 66727.1
 0.39836 60982.1
 0.39848 57745.1
 0.3986 57415.8
 0.39872 59916.6
 0.39884 64932.3
 0.39896 71916.8
 0.39908 80235.7
 0.3992 89161.7
 0.39932 97946.2
 0.39944 105876
 0.39956 112325
 0.39968 116960
 0.3998 119755
 0.39992 120963
 0.40004 120780
 0.40016 119363
 0.40028 116832
 0.4004 113450
 0.40052 109526
 0.40064 105401
 0.40076 101356
 0.40088 97522.8
 0.401 94078.6
 0.40112 91209.9
 0.40124 89232.2
 0.40136 88279.8
 0.40148 88384.3
 0.4016 89524.2
 0.40172 91404.3
 0.40184 93528.2
 0.40196 95428.7
 0.40208 96899.1
 0.4022 97711
 0.40232 97753.1
 0.40244 97091.8
 0.40256 95786.7
 0.40268 94097.7
 0.4028 92758.9
 0.40292 92624
 0.40304 94138.4
 0.40316 97573
 0.40328 103187
 0.4034 111054
 0.40352 121049
 0.40364 133085
 0.40376 146680
 0.40388 161108
 0.404 175668
 0.40412 189700
 0.40424 202361
 0.40436 212778
 0.40448 220396
 0.4046 224635
 0.40472 225045
 0.40484 221293
 0.40496 213302
 0.40508 201370
 0.4052 186263
 0.40532 168924
 0.40544 150201
 0.40556 130959
 0.40568 112081
 0.4058 94507.2
 0.40592 79075.5
 0.40604 66269.3
 0.40616 56054.3
 0.40628 48221.4
 0.4064 42547.2
 0.40652 38722.1
 0.40664 36377.2
 0.40676 35086.6
 0.40688 34414.3
 0.407 34043.8
 0.40712 33917.8
 0.40724 34131
 0.40736 34704.9
 0.40748 35737.9
 0.4076 37406.1
 0.40772 39899
 0.40784 43355.7
 0.40796 47835.1
 0.40808 53233.5
 0.4082 59305.2
 0.40832 65929.7
 0.40844 73036.7
 0.40856 80453
 0.40868 87865.4
 0.4088 94967.5
 0.40892 101444
 0.40904 107080
 0.40916 111812
 0.40928 115445
 0.4094 117613
 0.40952 117915
 0.40964 116170
 0.40976 112363
 0.40988 106623
 0.41 99180.8
 0.41012 90211.9
 0.41024 80001.6
 0.41036 69005.6
 0.41048 57931.4
 0.4106 47531.6
 0.41072 38439.6
 0.41084 31243.1
 0.41096 26455.4
 0.41108 24535.2
 0.4112 25897.3
 0.41132 30860.9
 0.41144 39548.2
 0.41156 51592.3
 0.41168 66428.4
 0.4118 83291.3
 0.41192 101120
 0.41204 118869
 0.41216 135542
 0.41228 150195
 0.4124 161844
 0.41252 169939
 0.41264 174465
 0.41276 175641
 0.41288 174219
 0.413 171029
 0.41312 166772
 0.41324 161960
 0.41336 157122
 0.41348 152779
 0.4136 149009
 0.41372 145779
 0.41384 142768
 0.41396 139454
 0.41408 135532
 0.4142 131071
 0.41432 126400
 0.41444 121810
 0.41456 117750
 0.41468 114636
 0.4148 112773
 0.41492 112703
 0.41504 114849
 0.41516 119034
 0.41528 124675
 0.4154 131005
 0.41552 137183
 0.41564 142481
 0.41576 146526
 0.41588 148801
 0.416 148761
 0.41612 146529
 0.41624 142751
 0.41636 138254
 0.41648 134005
 0.4166 130722
 0.41672 128670
 0.41684 128213
 0.41696 129834
 0.41708 133585
 0.4172 138887
 0.41732 145164
 0.41744 151658
 0.41756 157833
 0.41768 163721
 0.4178 169395
 0.41792 174528
 0.41804 178848
 0.41816 182632
 0.41828 186136
 0.4184 189530
 0.41852 192970
 0.41864 196152
 0.41876 198492
 0.41888 199756
 0.419 199977
 0.41912 198822
 0.41924 195879
 0.41936 191081
 0.41948 184443
 0.4196 176209
 0.41972 166915
 0.41984 157043
 0.41996 146840
 0.42008 136822
 0.4202 127578
 0.42032 119441
 0.42044 112489
 0.42056 106624
 0.42068 101526
 0.4208 96891.1
 0.42092 92554
 0.42104 88237.4
 0.42116 83643.3
 0.42128 78589.7
 0.4214 73018.5
 0.42152 67074.5
 0.42164 61131.3
 0.42176 55582.4
 0.42188 50710.9
 0.422 46730.9
 0.42212 43757.1
 0.42224 41834.5
 0.42236 41092.8
 0.42248 41557
 0.4226 43010.2
 0.42272 45082.6
 0.42284 47440.4
 0.42296 49801.2
 0.42308 52054.9
 0.4232 54156.4
 0.42332 55971.6
 0.42344 57371
 0.42356 58405.2
 0.42368 59374.9
 0.4238 60556.4
 0.42392 62229.3
 0.42404 64615.4
 0.42416 67826.2
 0.42428 71972.8
 0.4244 77108.8
 0.42452 83117.6
 0.42464 89647.9
 0.42476 96314.6
 0.42488 102758
 0.425 108415
 0.42512 112782
 0.42524 115370
 0.42536 115821
 0.42548 113959
 0.4256 109785
 0.42572 103471
 0.42584 95170.6
 0.42596 85367
 0.42608 74715.5
 0.4262 63940.2
 0.42632 53688.1
 0.42644 44525.5
 0.42656 36921.9
 0.42668 31186.8
 0.4268 27532.5
 0.42692 26012.3
 0.42704 26364.8
 0.42716 28201
 0.42728 31108.8
 0.4274 34665.5
 0.42752 38384
 0.42764 41820.1
 0.42776 44646.8
 0.42788 46516
 0.428 47274.1
 0.42812 46953.9
 0.42824 45664.6
 0.42836 43538.1
 0.42848 40857
 0.4286 38043
 0.42872 35523.3
 0.42884 33856.4
 0.42896 33597.8
 0.42908 35130.1
 0.4292 38626
 0.42932 44195.8
 0.42944 51869
 0.42956 61358.7
 0.42968 72096.4
 0.4298 83282.7
 0.42992 93992
 0.43004 103376
 0.43016 110820
 0.43028 115899
 0.4304 118273
 0.43052 117958
 0.43064 115511
 0.43076 111826
 0.43088 108064
 0.431 105331
 0.43112 104621
 0.43124 106690
 0.43136 112080
 0.43148 120816
 0.4316 132332
 0.43172 145670
 0.43184 159469
 0.43196 172252
 0.43208 182557
 0.4322 189099
 0.43232 190862
 0.43244 187366
 0.43256 178792
 0.43268 165640
 0.4328 148782
 0.43292 129506
 0.43304 109250
 0.43316 89405.6
 0.43328 71212.8
 0.4334 55665.9
 0.43352 43307.4
 0.43364 34496.1
 0.43376 29375.1
 0.43388 27629
 0.434 28672.7
 0.43412 31812.3
 0.43424 36343.5
 0.43436 41684.8
 0.43448 47314.1
 0.4346 52712.1
 0.43472 57460.8
 0.43484 61543.8
 0.43496 65317.6
 0.43508 69245.3
 0.4352 73896.3
 0.43532 79594.5
 0.43544 86558.5
 0.43556 95157.5
 0.43568 105695
 0.4358 117966
 0.43592 131093
 0.43604 144049
 0.43616 155733
 0.43628 165279
 0.4364 172152
 0.43652 175782
 0.43664 175664
 0.43676 171838
 0.43688 165229
 0.437 157128
 0.43712 148912
 0.43724 141904
 0.43736 137150
 0.43748 135404
 0.4376 137156
 0.43772 142417
 0.43784 150476
 0.43796 160263
 0.43808 170534
 0.4382 179847
 0.43832 186825
 0.43844 190503
 0.43856 190396
 0.43868 186502
 0.4388 179377
 0.43892 169695
 0.43904 158156
 0.43916 145779
 0.43928 133694
 0.4394 122858
 0.43952 113898
 0.43964 106981
 0.43976 101875
 0.43988 98260.6
 0.44 95957.9
 0.44012 94742.2
 0.44024 94254.7
 0.44036 94109.8
 0.44048 93963.7
 0.4406 93758.9
 0.44072 93662.4
 0.44084 93872.1
 0.44096 94501.2
 0.44108 95483.1
 0.4412 96679.8
 0.44132 97944.2
 0.44144 99116.9
 0.44156 99964.6
 0.44168 100172
 0.4418 99519.3
 0.44192 97853.6
 0.44204 95180
 0.44216 91712
 0.44228 87693.1
 0.4424 83471.5
 0.44252 79418.3
 0.44264 75843.1
 0.44276 72953.7
 0.44288 70928
 0.443 69853.2
 0.44312 69651.6
 0.44324 70240.7
 0.44336 71538.6
 0.44348 73332.7
 0.4436 75435.6
 0.44372 77733.6
 0.44384 80056.6
 0.44396 82224.9
 0.44408 84061.5
 0.4442 85478.3
 0.44432 86304
 0.44444 86578.5
 0.44456 86558.3
 0.44468 86494
 0.4448 86647.4
 0.44492 87325
 0.44504 88971.8
 0.44516 92051.7
 0.44528 96966.6
 0.4454 103919
 0.44552 112610
 0.44564 122543
 0.44576 133267
 0.44588 144361
 0.446 155175
 0.44612 164781
 0.44624 172251
 0.44636 176710
 0.44648 177826
 0.4466 175655
 0.44672 170283
 0.44684 161712
 0.44696 150152
 0.44708 136220
 0.4472 120736
 0.44732 104688
 0.44744 88868.1
 0.44756 73752.6
 0.44768 59785.7
 0.4478 47537.3
 0.44792 37510
 0.44804 29937.7
 0.44816 24864.8
 0.44828 22147
 0.4484 21532.6
 0.44852 22849.3
 0.44864 25873.4
 0.44876 30181.4
 0.44888 35268
 0.449 40715.8
 0.44912 46206.4
 0.44924 51465.9
 0.44936 56302.8
 0.44948 60579.8
 0.4496 64189.1
 0.44972 67251.9
 0.44984 70145.4
 0.44996 73248.2
 0.45008 76781.8
 0.4502 80868.1
 0.45032 85700.9
 0.45044 91413.9
 0.45056 98139.4
 0.45068 105934
 0.4508 114546
 0.45092 123560
 0.45104 132717
 0.45116 141989
 0.45128 151337
 0.4514 160684
 0.45152 169989
 0.45164 179055
 0.45176 187645
 0.45188 195560
 0.452 202627
 0.45212 208541
 0.45224 212997
 0.45236 215747
 0.45248 216572
 0.4526 215369
 0.45272 212402
 0.45284 208221
 0.45296 203337
 0.45308 198265
 0.4532 193262
 0.45332 188447
 0.45344 183838
 0.45356 179464
 0.45368 175147
 0.4538 170496
 0.45392 165207
 0.45404 158952
 0.45416 151775
 0.45428 144130
 0.4544 136571
 0.45452 129633
 0.45464 123825
 0.45476 119682
 0.45488 117558
 0.455 117722
 0.45512 120128
 0.45524 124147
 0.45536 128992
 0.45548 133924
 0.4556 138284
 0.45572 141417
 0.45584 142668
 0.45596 141526
 0.45608 137791
 0.4562 131726
 0.45632 123815
 0.45644 114497
 0.45656 104146
 0.45668 93121.8
 0.4568 81937.3
 0.45692 71098.4
 0.45704 61004.1
 0.45716 51946.2
 0.45728 44301.7
 0.4574 38474.7
 0.45752 34894.1
 0.45764 33998.5
 0.45776 36120
 0.45788 41541.1
 0.458 50360.6
 0.45812 62328.7
 0.45824 76631.2
 0.45836 92184.9
 0.45848 107949
 0.4586 122904
 0.45872 136056
 0.45884 146425
 0.45896 153168
 0.45908 155990
 0.4592 155305
 0.45932 152049
 0.45944 147036
 0.45956 140954
 0.45968 134534
 0.4598 128543
 0.45992 123757
 0.46004 120644
 0.46016 119083
 0.46028 118543
 0.4604 118617
 0.46052 119198
 0.46064 120078
 0.46076 120945
 0.46088 121424
 0.461 121196
 0.46112 120287
 0.46124 119035
 0.46136 117668
 0.46148 116094
 0.4616 114210
 0.46172 111992
 0.46184 109399
 0.46196 106528
 0.46208 103431
 0.4622 100008
 0.46232 96237.9
 0.46244 92388.2
 0.46256 88858.9
 0.46268 86172.5
 0.4628 85058
 0.46292 86075
 0.46304 89518.1
 0.46316 95436.9
 0.46328 103651
 0.4634 113650
 0.46352 124662
 0.46364 135746
 0.46376 145701
 0.46388 153222
 0.464 157320
 0.46412 157441
 0.46424 153472
 0.46436 145673
 0.46448 134647
 0.4646 121177
 0.46472 106174
 0.46484 90829.1
 0.46496 76366.1
 0.46508 63792.4
 0.4652 53766.2
 0.46532 46662.6
 0.46544 42637.5
 0.46556 41671.5
 0.46568 43623.2
 0.4658 48175.4
 0.46592 54705.6
 0.46604 62491.3
 0.46616 70863.3
 0.46628 79245.8
 0.4664 87146.3
 0.46652 94076.5
 0.46664 99673.1
 0.46676 103573
 0.46688 105662
 0.467 106016
 0.46712 104764
 0.46724 102109
 0.46736 98194.2
 0.46748 93154.6
 0.4676 87176.3
 0.46772 80525.4
 0.46784 73478.5
 0.46796 66194.6
 0.46808 58886
 0.4682 51743.9
 0.46832 44985.1
 0.46844 38998.9
 0.46856 34103.6
 0.46868 30548.9
 0.4688 28434.4
 0.46892 27856.5
 0.46904 28857.4
 0.46916 31422.7
 0.46928 35511.3
 0.4694 40877.5
 0.46952 47250.4
 0.46964 54378.3
 0.46976 62034.4
 0.46988 70054.2
 0.47 78244.7
 0.47012 86228.8
 0.47024 93565.9
 0.47036 99965.3
 0.47048 105134
 0.4706 108783
 0.47072 110701
 0.47084 110719
 0.47096 108640
 0.47108 104670
 0.4712 99381.5
 0.47132 93311.2
 0.47144 87074
 0.47156 81310.5
 0.47168 76610.8
 0.4718 73466.4
 0.47192 72387.9
 0.47204 73734.1
 0.47216 77317.6
 0.47228 82806.6
 0.4724 89764.1
 0.47252 97568.7
 0.47264 105602
 0.47276 113299
 0.47288 120171
 0.473 125634
 0.47312 129237
 0.47324 130825
 0.47336 130329
 0.47348 127973
 0.4736 124124
 0.47372 119094
 0.47384 113048
 0.47396 106136
 0.47408 98848.5
 0.4742 91575.5
 0.47432 84638.5
 0.47444 78146.6
 0.47456 72046.4
 0.47468 66354.8
 0.4748 61316.9
 0.47492 57354.8
 0.47504 54712.4
 0.47516 53479
 0.47528 53681.5
 0.4754 55481.9
 0.47552 59041.8
 0.47564 64375.6
 0.47576 71214.1
 0.47588 79073
 0.476 87308.5
 0.47612 95319.5
 0.47624 102602
 0.47636 108605
 0.47648 112802
 0.4766 114814
 0.47672 114451
 0.47684 111730
 0.47696 106864
 0.47708 100193
 0.4772 92082.2
 0.47732 82975
 0.47744 73320.8
 0.47756 63554.4
 0.47768 54223.6
 0.4778 45824.9
 0.47792 38785
 0.47804 33413.3
 0.47816 29926.4
 0.47828 28390.3
 0.4784 28866.5
 0.47852 31389.5
 0.47864 35685.4
 0.47876 41302.3
 0.47888 47722.7
 0.479 54447.8
 0.47912 61052.6
 0.47924 67289.4
 0.47936 72847
 0.47948 77377.1
 0.4796 80762.1
 0.47972 83095.3
 0.47984 84492.4
 0.47996 85107.8
 0.48008 85068.4
 0.4802 84312.3
 0.48032 82819.4
 0.48044 80693.6
 0.48056 77961.2
 0.48068 74478.7
 0.4808 70263.8
 0.48092 65364.5
 0.48104 59852.7
 0.48116 53933.9
 0.48128 47924.1
 0.4814 42051
 0.48152 36542.7
 0.48164 31752.2
 0.48176 27961.7
 0.48188 25388.9
 0.482 24219.4
 0.48212 24640.5
 0.48224 26719.2
 0.48236 30438.8
 0.48248 35782
 0.4826 42681.7
 0.48272 50994
 0.48284 60464.6
 0.48296 70737.7
 0.48308 81291.2
 0.4832 91535.7
 0.48332 101009
 0.48344 109299
 0.48356 116017
 0.48368 120885
 0.4838 123787
 0.48392 124975
 0.48404 125019
 0.48416 124611
 0.48428 124544
 0.4844 125643
 0.48452 128737
 0.48464 134423
 0.48476 143142
 0.48488 154890
 0.485 169042
 0.48512 184953
 0.48524 201695
 0.48536 217972
 0.48548 232304
 0.4856 243383
 0.48572 250156
 0.48584 251808
 0.48596 248308
 0.48608 239765
 0.4862 226491
 0.48632 209293
 0.48644 189398
 0.48656 168051
 0.48668 146403
 0.4868 125525
 0.48692 106097
 0.48704 88562
 0.48716 73284
 0.48728 60423.4
 0.4874 49830.9
 0.48752 41266.2
 0.48764 34440.4
 0.48776 29071.1
 0.48788 24992.3
 0.488 22076.1
 0.48812 20199.2
 0.48824 19282.8
 0.48836 19278.1
 0.48848 20211
 0.4886 22163.1
 0.48872 25237
 0.48884 29458.6
 0.48896 34885.3
 0.48908 41610.2
 0.4892 49520.5
 0.48932 58483.1
 0.48944 68298.4
 0.48956 78610.8
 0.48968 88978.5
 0.4898 98891.5
 0.48992 107757
 0.49004 115001
 0.49016 120381
 0.49028 123834
 0.4904 125407
 0.49052 125402
 0.49064 124175
 0.49076 122182
 0.49088 120091
 0.491 118439
 0.49112 117487
 0.49124 117319
 0.49136 117791
 0.49148 118465
 0.4916 118901
 0.49172 118852
 0.49184 117975
 0.49196 116037
 0.49208 113055
 0.4922 109026
 0.49232 104058
 0.49244 98647.9
 0.49256 93312.7
 0.49268 88248.1
 0.4928 83452.6
 0.49292 78869
 0.49304 74284.7
 0.49316 69605.3
 0.49328 64864.3
 0.4934 59869.2
 0.49352 54354.9
 0.49364 48284.4
 0.49376 41931.2
 0.49388 35666.3
 0.494 29892.8
 0.49412 24947.5
 0.49424 21059.6
 0.49436 18451.5
 0.49448 17386.2
 0.4946 17994.9
 0.49472 20103.6
 0.49484 23396.5
 0.49496 27577.1
 0.49508 32363.1
 0.4952 37412.7
 0.49532 42415.3
 0.49544 47075.1
 0.49556 51210.9
 0.49568 54927.9
 0.4958 58475.1
 0.49592 62058.4
 0.49604 65828.4
 0.49616 70100
 0.49628 75173.3
 0.4964 81291.6
 0.49652 88635.9
 0.49664 97074.1
 0.49676 106389
 0.49688 116401
 0.497 127034
 0.49712 138031
 0.49724 149085
 0.49736 160030
 0.49748 170536
 0.4976 180308
 0.49772 189037
 0.49784 196300
 0.49796 201620
 0.49808 204596
 0.4982 204907
 0.49832 202122
 0.49844 195984
 0.49856 186695
 0.49868 174698
 0.4988 160698
 0.49892 145418
 0.49904 129548
 0.49916 113827
 0.49928 99089.6
 0.4994 86155.8
 0.49952 75513.7
 0.49964 67331
 0.49976 61543.9
 0.49988 57983.8
 0.5 56644.6
 0.50012 57520.5
 0.50024 60383.4
 0.50036 64856.4
 0.50048 70532.8
 0.5006 77070.4
 0.50072 84153.6
 0.50084 91573.3
 0.50096 99035.5
 0.50108 106082
 0.5012 112526
 0.50132 118478
 0.50144 124181
 0.50156 129926
 0.50168 136050
 0.5018 142909
 0.50192 150591
 0.50204 159146
 0.50216 168174
 0.50228 176935
 0.5024 184611
 0.50252 190415
 0.50264 193569
 0.50276 193212
 0.50288 188910
 0.503 180653
 0.50312 169167
 0.50324 155705
 0.50336 141517
 0.50348 127752
 0.5036 115519
 0.50372 106018
 0.50384 100185
 0.50396 98524.9
 0.50408 100880
 0.5042 106311
 0.50432 113719
 0.50444 122130
 0.50456 130602
 0.50468 138151
 0.5048 143928
 0.50492 147149
 0.50504 147358
 0.50516 144851
 0.50528 140303
 0.5054 134363
 0.50552 127657
 0.50564 120841
 0.50576 114435
 0.50588 109110
 0.506 105486
 0.50612 103683
 0.50624 103427
 0.50636 104444
 0.50648 106475
 0.5066 109175
 0.50672 112209
 0.50684 115197
 0.50696 117698
 0.50708 119555
 0.5072 120761
 0.50732 121271
 0.50744 121008
 0.50756 119980
 0.50768 118370
 0.5078 116283
 0.50792 113779
 0.50804 110715
 0.50816 107082
 0.50828 103008
 0.5084 98670.6
 0.50852 94209.4
 0.50864 89540.6
 0.50876 84669.2
 0.50888 79792.6
 0.509 75349.6
 0.50912 71619.1
 0.50924 68663.9
 0.50936 66400.4
 0.50948 64722.3
 0.5096 63708.7
 0.50972 63475.3
 0.50984 63947.2
 0.50996 64822.1
 0.51008 65822.3
 0.5102 66838.2
 0.51032 67970.9
 0.51044 69453.1
 0.51056 71415
 0.51068 73794.2
 0.5108 76505.2
 0.51092 79476.3
 0.51104 82732.8
 0.51116 86137.9
 0.51128 89373.4
 0.5114 91926.1
 0.51152 93320.1
 0.51164 93293.8
 0.51176 91769.7
 0.51188 88966.9
 0.512 85168.5
 0.51212 80815.4
 0.51224 76483
 0.51236 72896.7
 0.51248 70754
 0.5126 70608
 0.51272 72991.9
 0.51284 78197.2
 0.51296 86152.7
 0.51308 96484.9
 0.5132 108779
 0.51332 122627
 0.51344 137623
 0.51356 153486
 0.51368 169592
 0.5138 185025
 0.51392 198952
 0.51404 211000
 0.51416 220710
 0.51428 227500
 0.5144 230810
 0.51452 230035
 0.51464 224950
 0.51476 216057
 0.51488 204410
 0.515 190877
 0.51512 176442
 0.51524 162322
 0.51536 149719
 0.51548 139711
 0.5156 133186
 0.51572 130347
 0.51584 130750
 0.51596 133724
 0.51608 138684
 0.5162 144795
 0.51632 151137
 0.51644 156948
 0.51656 161662
 0.51668 165129
 0.5168 167554
 0.51692 169469
 0.51704 171251
 0.51716 173130
 0.51728 175471
 0.5174 178722
 0.51752 183029
 0.51764 188373
 0.51776 194646
 0.51788 201546
 0.518 208637
 0.51812 215954
 0.51824 223609
 0.51836 231436
 0.51848 239397
 0.5186 247403
 0.51872 255251
 0.51884 262657
 0.51896 269561
 0.51908 275595
 0.5192 279990
 0.51932 282114
 0.51944 281361
 0.51956 277334
 0.51968 269874
 0.5198 259092
 0.51992 245273
 0.52004 228889
 0.52016 210838
 0.52028 192247
 0.5204 174490
 0.52052 158804
 0.52064 146228
 0.52076 137527
 0.52088 132933
 0.521 132337
 0.52112 135370
 0.52124 141272
 0.52136 148746
 0.52148 156364
 0.5216 162751
 0.52172 166726
 0.52184 167648
 0.52196 165209
 0.52208 159334
 0.5222 150161
 0.52232 138314
 0.52244 124693
 0.52256 110214
 0.52268 95739.5
 0.5228 81846.2
 0.52292 68940.1
 0.52304 57359.8
 0.52316 47371
 0.52328 39098.4
 0.5234 32495.7
 0.52352 27563.1
 0.52364 24369.9
 0.52376 22988.4
 0.52388 23528.2
 0.524 26028.5
 0.52412 30533.4
 0.52424 37022.6
 0.52436 45445.1
 0.52448 55601.5
 0.5246 66872.4
 0.52472 78609.4
 0.52484 90206
 0.52496 101112
 0.52508 110791
 0.5252 118668
 0.52532 124181
 0.52544 126851
 0.52556 126810
 0.52568 124480
 0.5258 120237
 0.52592 114379
 0.52604 107122
 0.52616 98823.9
 0.52628 90004.9
 0.5264 81241
 0.52652 72809.2
 0.52664 64677.1
 0.52676 56866.5
 0.52688 49478.1
 0.527 42803
 0.52712 37042.7
 0.52724 32239.9
 0.52736 28356.7
 0.52748 25389.8
 0.5276 23428
 0.52772 22501.5
 0.52784 22592.8
 0.52796 23502.5
 0.52808 25043.8
 0.5282 27115
 0.52832 29569.9
 0.52844 32275.3
 0.52856 35143.8
 0.52868 38142.9
 0.5288 41282.5
 0.52892 44634.9
 0.52904 48336.9
 0.52916 52417.1
 0.52928 56972.7
 0.5294 62122.5
 0.52952 67846.8
 0.52964 73996.7
 0.52976 80316.3
 0.52988 86493.5
 0.53 92214.5
 0.53012 97176.8
 0.53024 101184
 0.53036 104046
 0.53048 105764
 0.5306 106541
 0.53072 106827
 0.53084 107249
 0.53096 108315
 0.53108 110567
 0.5312 114401
 0.53132 120038
 0.53144 127440
 0.53156 136326
 0.53168 145976
 0.5318 155429
 0.53192 163811
 0.53204 170336
 0.53216 174288
 0.53228 175099
 0.5324 172512
 0.53252 166593
 0.53264 157834
 0.53276 147078
 0.53288 135157
 0.533 122791
 0.53312 110673
 0.53324 99559.9
 0.53336 90071
 0.53348 82573.1
 0.5336 77125
 0.53372 73504.7
 0.53384 71407.2
 0.53396 70613.6
 0.53408 70962.5
 0.5342 72172.8
 0.53432 73851.1
 0.53444 75667.6
 0.53456 77504.4
 0.53468 79423.6
 0.5348 81612.3
 0.53492 84140.4
 0.53504 86847.8
 0.53516 89515.5
 0.53528 92108.5
 0.5354 94656.6
 0.53552 97163.9
 0.53564 99473.8
 0.53576 101311
 0.53588 102407
 0.536 102889
 0.53612 103129
 0.53624 103442
 0.53636 103975
 0.53648 104718
 0.5366 105600
 0.53672 106637
 0.53684 108050
 0.53696 109880
 0.53708 111876
 0.5372 113779
 0.53732 115569
 0.53744 117448
 0.53756 119821
 0.53768 123137
 0.5378 127505
 0.53792 132832
 0.53804 139139
 0.53816 146306
 0.53828 153927
 0.5384 161310
 0.53852 167643
 0.53864 172112
 0.53876 174111
 0.53888 173356
 0.539 169605
 0.53912 162958
 0.53924 153877
 0.53936 143165
 0.53948 131795
 0.5396 120647
 0.53972 110559
 0.53984 102293
 0.53996 96661.1
 0.54008 94191.6
 0.5402 94970.9
 0.54032 98776.3
 0.54044 105198
 0.54056 113662
 0.54068 123471
 0.5408 133830
 0.54092 143716
 0.54104 152118
 0.54116 158364
 0.54128 162025
 0.5414 162721
 0.54152 160315
 0.54164 155143
 0.54176 147614
 0.54188 138310
 0.542 127953
 0.54212 117241
 0.54224 106728
 0.54236 97020.8
 0.54248 88745.9
 0.5426 82123.3
 0.54272 77228.2
 0.54284 74193.2
 0.54296 73069.4
 0.54308 73760.7
 0.5432 76110.4
 0.54332 79892
 0.54344 84722.4
 0.54356 90152.7
 0.54368 95807.7
 0.5438 101161
 0.54392 105648
 0.54404 108790
 0.54416 110287
 0.54428 109908
 0.5444 107532
 0.54452 103299
 0.54464 97436.4
 0.54476 90384.4
 0.54488 82662.1
 0.545 74780.5
 0.54512 67210.6
 0.54524 60481
 0.54536 55098.2
 0.54548 51395.1
 0.5456 49653.4
 0.54572 49972.1
 0.54584 52314
 0.54596 56641.6
 0.54608 62795.3
 0.5462 70270.9
 0.54632 78374.2
 0.54644 86449
 0.54656 93841.5
 0.54668 99962.9
 0.5468 104351
 0.54692 106528
 0.54704 106136
 0.54716 103271
 0.54728 98391.3
 0.5474 92106.4
 0.54752 85057
 0.54764 77783.2
 0.54776 70793.9
 0.54788 64685
 0.548 59951
 0.54812 56854.1
 0.54824 55389
 0.54836 55383.9
 0.54848 56512.9
 0.5486 58546.5
 0.54872 61258.8
 0.54884 64250.1
 0.54896 67137.2
 0.54908 69577.7
 0.5492 71238.2
 0.54932 71833.2
 0.54944 71210.4
 0.54956 69311.5
 0.54968 66074.9
 0.5498 61622.8
 0.54992 56191.7
 0.55004 50057.8
 0.55016 43672.6
 0.55028 37531.1
 0.5504 32095
 0.55052 27657
 0.55064 24437.9
 0.55076 22550.7
 0.55088 22011.6
 0.551 22761.9
 0.55112 24542.9
 0.55124 26906.3
 0.55136 29391.9
 0.55148 31644.8
 0.5516 33483.2
 0.55172 34813.4
 0.55184 35683.7
 0.55196 36228.8
 0.55208 36721.7
 0.5522 37770.7
 0.55232 40109.6
 0.55244 44424.4
 0.55256 51176.7
 0.55268 60679.5
 0.5528 72838.4
 0.55292 87255.6
 0.55304 103412
 0.55316 120464
 0.55328 137216
 0.5534 152412
 0.55352 164977
 0.55364 173951
 0.55376 178861
 0.55388 179868
 0.554 177178
 0.55412 171213
 0.55424 162861
 0.55436 153237
 0.55448 143417
 0.5546 134433
 0.55472 127067
 0.55484 121438
 0.55496 117669
 0.55508 115894
 0.5552 115805
 0.55532 116777
 0.55544 118155
 0.55556 119294
 0.55568 119681
 0.5558 119229
 0.55592 117989
 0.55604 115840
 0.55616 113005
 0.55628 110050
 0.5564 107561
 0.55652 106005
 0.55664 105617
 0.55676 106398
 0.55688 108028
 0.557 110251
 0.55712 112642
 0.55724 114439
 0.55736 114835
 0.55748 113227
 0.5576 109398
 0.55772 103357
 0.55784 95402.6
 0.55796 86025.4
 0.55808 75783
 0.5582 65469.3
 0.55832 55952.3
 0.55844 48009.1
 0.55856 42062.3
 0.55868 38226.1
 0.5588 36518.1
 0.55892 36746.5
 0.55904 38634
 0.55916 41802.1
 0.55928 45802.9
 0.5594 50196.4
 0.55952 54675.7
 0.55964 59200.8
 0.55976 63682.2
 0.55988 67954.6
 0.56 71817
 0.56012 75050.7
 0.56024 77461.3
 0.56036 78857.3
 0.56048 79032.2
 0.5606 77683.3
 0.56072 74628.3
 0.56084 69948.7
 0.56096 63952
 0.56108 57118.3
 0.5612 49941.8
 0.56132 42916.9
 0.56144 36549.3
 0.56156 31347.6
 0.56168 27709.7
 0.5618 25844
 0.56192 25714.6
 0.56204 27082.9
 0.56216 29671.1
 0.56228 33201.3
 0.5624 37379.4
 0.56252 41833
 0.56264 46213.8
 0.56276 50115.2
 0.56288 53261.3
 0.563 55491.6
 0.56312 56670.7
 0.56324 56664
 0.56336 55342.1
 0.56348 52689.1
 0.5636 48812.7
 0.56372 44048.6
 0.56384 38874.8
 0.56396 33750.2
 0.56408 29133.1
 0.5642 25494.6
 0.56432 23344.3
 0.56444 23155.2
 0.56456 25252.8
 0.56468 29722.7
 0.5648 36321.8
 0.56492 44576.3
 0.56504 53982.4
 0.56516 64044.6
 0.56528 74141
 0.5654 83582.2
 0.56552 91735.1
 0.56564 98166.7
 0.56576 102677
 0.56588 105449
 0.566 106813
 0.56612 107058
 0.56624 106518
 0.56636 105730
 0.56648 105305
 0.5666 105777
 0.56672 107583
 0.56684 111028
 0.56696 116264
 0.56708 123374
 0.5672 132569
 0.56732 143896
 0.56744 157138
 0.56756 171833
 0.56768 187444
 0.5678 203112
 0.56792 217741
 0.56804 230378
 0.56816 240036
 0.56828 245720
 0.5684 246713
 0.56852 242661
 0.56864 233567
 0.56876 219955
 0.56888 203005
 0.569 183942
 0.56912 163842
 0.56924 143784
 0.56936 124737
 0.56948 107550
 0.5696 92831
 0.56972 80801.2
 0.56984 71171.7
 0.56996 63524.3
 0.57008 57605.8
 0.5702 53241.9
 0.57032 50273.8
 0.57044 48512.1
 0.57056 47650.5
 0.57068 47518.4
 0.5708 48052.6
 0.57092 49187.7
 0.57104 50794.5
 0.57116 52681.9
 0.57128 54671.2
 0.5714 56602.5
 0.57152 58480.2
 0.57164 60358
 0.57176 62274.9
 0.57188 64296.2
 0.572 66451.9
 0.57212 68740.4
 0.57224 71062.3
 0.57236 73306.3
 0.57248 75324.8
 0.5726 76918
 0.57272 77963.8
 0.57284 78436.7
 0.57296 78380.5
 0.57308 77885.4
 0.5732 77261.1
 0.57332 76874
 0.57344 77056.3
 0.57356 78063.7
 0.57368 80108.7
 0.5738 83264.1
 0.57392 87452.3
 0.57404 92535.4
 0.57416 98036.8
 0.57428 103359
 0.5744 107992
 0.57452 111607
 0.57464 113856
 0.57476 114430
 0.57488 113228
 0.575 110340
 0.57512 106260
 0.57524 101724
 0.57536 97302.3
 0.57548 93222.1
 0.5756 89726
 0.57572 87098.8
 0.57584 85467.4
 0.57596 84756.1
 0.57608 84630.9
 0.5762 84469.3
 0.57632 83691.6
 0.57644 82187.9
 0.57656 79980.6
 0.57668 77026.2
 0.5768 73392.1
 0.57692 69219.4
 0.57704 64757
 0.57716 60371
 0.57728 56510.3
 0.5774 53377.8
 0.57752 51012.2
 0.57764 49475.5
 0.57776 48795.9
 0.57788 49025.3
 0.578 50081.5
 0.57812 51809.5
 0.57824 54068.5
 0.57836 56752.1
 0.57848 59721.8
 0.5786 62759.2
 0.57872 65644.4
 0.57884 68051.9
 0.57896 69694
 0.57908 70458.6
 0.5792 70197.2
 0.57932 68731.4
 0.57944 66000.7
 0.57956 62167.8
 0.57968 57434.3
 0.5798 52067.5
 0.57992 46525.5
 0.58004 41181.6
 0.58016 36389.5
 0.58028 32548.5
 0.5804 29955.9
 0.58052 28650.6
 0.58064 28576.8
 0.58076 29705.2
 0.58088 31901.6
 0.581 35005.8
 0.58112 38875.6
 0.58124 43275.1
 0.58136 48003.4
 0.58148 53104.5
 0.5816 58711.2
 0.58172 64795.9
 0.58184 71252.6
 0.58196 77800.9
 0.58208 84106.9
 0.5822 89958.2
 0.58232 95245
 0.58244 99608.8
 0.58256 102620
 0.58268 104085
 0.5828 103941
 0.58292 102352
 0.58304 99666
 0.58316 96086.7
 0.58328 91615.9
 0.5834 86432.8
 0.58352 80825.5
 0.58364 74949.2
 0.58376 68849.6
 0.58388 62618.6
 0.584 56211.6
 0.58412 49711.5
 0.58424 43423.7
 0.58436 37683.9
 0.58448 32739.3
 0.5846 28856.6
 0.58472 26341.6
 0.58484 25364.2
 0.58496 25936.8
 0.58508 28035.2
 0.5852 31550.5
 0.58532 36258.2
 0.58544 41881.1
 0.58556 48187.7
 0.58568 54973
 0.5858 62017.7
 0.58592 69324.5
 0.58604 76923.5
 0.58616 84673.9
 0.58628 92403.7
 0.5864 100029
 0.58652 107332
 0.58664 113951
 0.58676 119601
 0.58688 124095
 0.587 127206
 0.58712 128981
 0.58724 129599
 0.58736 129160
 0.58748 127970
 0.5876 126586
 0.58772 125505
 0.58784 124870
 0.58796 124657
 0.58808 124732
 0.5882 124870
 0.58832 125075
 0.58844 125236
 0.58856 125029
 0.58868 124245
 0.5888 123042
 0.58892 122013
 0.58904 121765
 0.58916 122756
 0.58928 125120
 0.5894 128836
 0.58952 133887
 0.58964 140077
 0.58976 146902
 0.58988 153325
 0.59 158239
 0.59012 160791
 0.59024 160542
 0.59036 157363
 0.59048 151409
 0.5906 143027
 0.59072 132773
 0.59084 121650
 0.59096 110806
 0.59108 101161
 0.5912 93341.3
 0.59132 87711.6
 0.59144 84299.2
 0.59156 82893.3
 0.59168 83199.2
 0.5918 84715.6
 0.59192 86786.1
 0.59204 88982.3
 0.59216 91023.5
 0.59228 92655.4
 0.5924 93639.5
 0.59252 93900.9
 0.59264 93441.9
 0.59276 92307
 0.59288 90615.7
 0.593 88325
 0.59312 85222.4
 0.59324 81149.5
 0.59336 76228.4
 0.59348 70737.6
 0.5936 64890.3
 0.59372 58912.4
 0.59384 52974.8
 0.59396 47318.1
 0.59408 42436.7
 0.5942 38949.7
 0.59432 37315.6
 0.59444 37775.7
 0.59456 40571.1
 0.59468 45803.1
 0.5948 53554.8
 0.59492 63893.9
 0.59504 76649.2
 0.59516 91085.8
 0.59528 106355
 0.5954 121600
 0.59552 135747
 0.59564 147899
 0.59576 157348
 0.59588 163443
 0.596 165533
 0.59612 163670
 0.59624 158384
 0.59636 150219
 0.59648 140099
 0.5966 128999
 0.59672 117610
 0.59684 106516
 0.59696 96459.2
 0.59708 87961.3
 0.5972 81019.1
 0.59732 75543.8
 0.59744 71298.4
 0.59756 67871.7
 0.59768 65048.5
 0.5978 62766.7
 0.59792 60895.1
 0.59804 59173.2
 0.59816 57463
 0.59828 55834.3
 0.5984 54384.9
 0.59852 53331
 0.59864 52851.3
 0.59876 53021.8
 0.59888 53855.2
 0.599 55456.1
 0.59912 58091.7
 0.59924 61882.5
 0.59936 66870.2
 0.59948 72923.4
 0.5996 79834.7
 0.59972 87402.5
 0.59984 95440.3
 0.59996 103765
 0.60008 111913
 0.6002 119423
 0.60032 125955
 0.60044 131316
 0.60056 135414
 0.60068 138085
 0.6008 139169
 0.60092 138443
 0.60104 135954
 0.60116 131923
 0.60128 126517
 0.6014 119880
 0.60152 112194
 0.60164 103792
 0.60176 95113.5
 0.60188 86745.3
 0.602 79198.7
 0.60212 72806.3
 0.60224 67812.1
 0.60236 64330.3
 0.60248 62342.6
 0.6026 61688.8
 0.60272 62151.9
 0.60284 63423.4
 0.60296 65140.5
 0.60308 66986.4
 0.6032 68690.3
 0.60332 70124.6
 0.60344 71323.9
 0.60356 72360.2
 0.60368 73268.3
 0.6038 73943.3
 0.60392 74228
 0.60404 73987.9
 0.60416 73135.6
 0.60428 71659
 0.6044 69438.7
 0.60452 66393.1
 0.60464 62518.2
 0.60476 58024.6
 0.60488 53356.4
 0.605 48903.1
 0.60512 45025.2
 0.60524 41907.4
 0.60536 39690.6
 0.60548 38499.5
 0.6056 38398.3
 0.60572 39376.5
 0.60584 41203.8
 0.60596 43691
 0.60608 46700.3
 0.6062 50191.3
 0.60632 54251.6
 0.60644 58975.9
 0.60656 64433.5
 0.60668 70589.2
 0.6068 77407.1
 0.60692 84778
 0.60704 92455
 0.60716 100033
 0.60728 106914
 0.6074 112593
 0.60752 116744
 0.60764 119349
 0.60776 120592
 0.60788 120848
 0.608 120681
 0.60812 120896
 0.60824 122651
 0.60836 126881
 0.60848 134014
 0.6086 143855
 0.60872 155734
 0.60884 168763
 0.60896 181899
 0.60908 194006
 0.6092 203685
 0.60932 209633
 0.60944 211006
 0.60956 207794
 0.60968 200688
 0.6098 190690
 0.60992 178870
 0.61004 166259
 0.61016 153719
 0.61028 142098
 0.6104 132237
 0.61052 124507
 0.61064 118736
 0.61076 114485
 0.61088 111326
 0.611 108928
 0.61112 107328
 0.61124 106764
 0.61136 107346
 0.61148 109257
 0.6116 112942
 0.61172 118746
 0.61184 126703
 0.61196 136511
 0.61208 147663
 0.6122 159376
 0.61232 170914
 0.61244 181583
 0.61256 190519
 0.61268 196998
 0.6128 200899
 0.61292 202672
 0.61304 202834
 0.61316 201880
 0.61328 200219
 0.6134 198035
 0.61352 195441
 0.61364 192606
 0.61376 189386
 0.61388 185228
 0.614 179570
 0.61412 172158
 0.61424 162959
 0.61436 152232
 0.61448 140567
 0.6146 128595
 0.61472 116839
 0.61484 105811
 0.61496 95977.5
 0.61508 87583.7
 0.6152 80637
 0.61532 74921.8
 0.61544 70055.9
 0.61556 65530.1
 0.61568 60972.9
 0.6158 56287.5
 0.61592 51435.2
 0.61604 46429.2
 0.61616 41362.1
 0.61628 36450.2
 0.6164 31908.5
 0.61652 27942.3
 0.61664 24752.8
 0.61676 22364.7
 0.61688 20739.7
 0.617 19839.3
 0.61712 19638.4
 0.61724 20108.3
 0.61736 21239.9
 0.61748 23120.1
 0.6176 25787.9
 0.61772 29239.9
 0.61784 33513.1
 0.61796 38651.2
 0.61808 44676.8
 0.6182 51508.9
 0.61832 59039.2
 0.61844 67072.9
 0.61856 75325.2
 0.61868 83488.3
 0.6188 91160
 0.61892 97879.4
 0.61904 103194
 0.61916 106784
 0.61928 108372
 0.6194 107694
 0.61952 104682
 0.61964 99546.7
 0.61976 92728
 0.61988 84853.5
 0.62 76560.3
 0.62012 68412
 0.62024 60889.5
 0.62036 54504.5
 0.62048 49615
 0.6206 46367.4
 0.62072 44709.9
 0.62084 44346
 0.62096 44986.6
 0.62108 46373.8
 0.6212 48371.3
 0.62132 50879.6
 0.62144 53928.6
 0.62156 57532.5
 0.62168 61632.7
 0.6218 66329.5
 0.62192 71679.5
 0.62204 77635.1
 0.62216 84104.4
 0.62228 90829.4
 0.6224 97465.9
 0.62252 103721
 0.62264 109539
 0.62276 114863
 0.62288 119528
 0.623 123570
 0.62312 127036
 0.62324 130065
 0.62336 132890
 0.62348 135598
 0.6236 138115
 0.62372 140303
 0.62384 142234
 0.62396 143921
 0.62408 145167
 0.6242 145745
 0.62432 145375
 0.62444 144013
 0.62456 141780
 0.62468 138710
 0.6248 134683
 0.62492 129521
 0.62504 123350
 0.62516 116513
 0.62528 109337
 0.6254 101928
 0.62552 94157.6
 0.62564 86072.8
 0.62576 77973.5
 0.62588 70189.3
 0.626 62885.7
 0.62612 56046.3
 0.62624 49644.4
 0.62636 43846.9
 0.62648 39035.8
 0.6266 35541.6
 0.62672 33399.4
 0.62684 32528.4
 0.62696 32870.1
 0.62708 34307.8
 0.6272 36601.7
 0.62732 39389.9
 0.62744 42192.4
 0.62756 44510.1
 0.62768 45977.5
 0.6278 46444.5
 0.62792 45802
 0.62804 44054.2
 0.62816 41461.9
 0.62828 38404.3
 0.6284 35279.8
 0.62852 32435.1
 0.62864 30181.9
 0.62876 28648.8
 0.62888 27936.7
 0.629 28146.5
 0.62912 29224.2
 0.62924 31000.9
 0.62936 33307.6
 0.62948 36086.1
 0.6296 39290.2
 0.62972 42989.5
 0.62984 47211.1
 0.62996 51782
 0.63008 56556.9
 0.6302 61481.5
 0.63032 66513.2
 0.63044 71524.3
 0.63056 76339.5
 0.63068 80738.2
 0.6308 84488.8
 0.63092 87723.6
 0.63104 90656.6
 0.63116 93263.9
 0.63128 95459
 0.6314 97148
 0.63152 98293.9
 0.63164 98874.2
 0.63176 98960.2
 0.63188 98330.9
 0.632 96546.3
 0.63212 93464.7
 0.63224 89163.7
 0.63236 83765.4
 0.63248 77463
 0.6326 70440.8
 0.63272 62831.4
 0.63284 54927.4
 0.63296 47242.5
 0.63308 40217.6
 0.6332 34091.8
 0.63332 29108.9
 0.63344 25443.1
 0.63356 23231.8
 0.63368 22618.5
 0.6338 23659.4
 0.63392 26295.9
 0.63404 30412.5
 0.63416 35866.5
 0.63428 42331.8
 0.6344 49384
 0.63452 56651.6
 0.63464 63786.5
 0.63476 70490.9
 0.63488 76539.9
 0.635 81790.5
 0.63512 86131
 0.63524 89656.1
 0.63536 92702.4
 0.63548 95546.7
 0.6356 98344.8
 0.63572 101169
 0.63584 103949
 0.63596 106355
 0.63608 108018
 0.6362 108644
 0.63632 107837
 0.63644 105227
 0.63656 100714
 0.63668 94307.8
 0.6368 86214.7
 0.63692 76975.8
 0.63704 67370.4
 0.63716 58046.8
 0.63728 49564.7
 0.6374 42519.1
 0.63752 37230.7
 0.63764 33875.7
 0.63776 32519.8
 0.63788 33054.6
 0.638 35160.3
 0.63812 38569
 0.63824 43089.9
 0.63836 48414.5
 0.63848 54312.6
 0.6386 60718.2
 0.63872 67576.8
 0.63884 74869.6
 0.63896 82592.8
 0.63908 90601.9
 0.6392 98683.5
 0.63932 106670
 0.63944 114453
 0.63956 121768
 0.63968 128364
 0.6398 134026
 0.63992 138588
 0.64004 142057
 0.64016 144450
 0.64028 145730
 0.6404 145980
 0.64052 145433
 0.64064 144353
 0.64076 142888
 0.64088 141122
 0.641 139082
 0.64112 136981
 0.64124 135298
 0.64136 134287
 0.64148 133955
 0.6416 134325
 0.64172 135540
 0.64184 137846
 0.64196 141314
 0.64208 145590
 0.6422 149920
 0.64232 153683
 0.64244 156563
 0.64256 158218
 0.64268 158141
 0.6428 155732
 0.64292 150684
 0.64304 143221
 0.64316 134009
 0.64328 123695
 0.6434 112683
 0.64352 101286
 0.64364 90046.7
 0.64376 79571.9
 0.64388 70328
 0.644 62425
 0.64412 55724.1
 0.64424 50027.1
 0.64436 45263.8
 0.64448 41543.2
 0.6446 38867.2
 0.64472 37200.7
 0.64484 36487.5
 0.64496 36749.9
 0.64508 37984.1
 0.6452 40253.4
 0.64532 43642.8
 0.64544 48072.5
 0.64556 53406.2
 0.64568 59416.2
 0.6458 65903.1
 0.64592 72835.2
 0.64604 80275
 0.64616 88170.3
 0.64628 96231.2
 0.6464 104142
 0.64652 111687
 0.64664 118896
 0.64676 125928
 0.64688 132637
 0.647 138703
 0.64712 143960
 0.64724 148604
 0.64736 152999
 0.64748 157627
 0.6476 162589
 0.64772 167564
 0.64784 172445
 0.64796 177439
 0.64808 182732
 0.6482 188215
 0.64832 193705
 0.64844 198684
 0.64856 202773
 0.64868 206192
 0.6488 209228
 0.64892 211710
 0.64904 213172
 0.64916 213232
 0.64928 211605
 0.6494 208260
 0.64952 203461
 0.64964 197122
 0.64976 188972
 0.64988 179177
 0.65 168461
 0.65012 157740
 0.65024 147671
 0.65036 138679
 0.65048 130798
 0.6506 124119
 0.65072 118812
 0.65084 114799
 0.65096 111518
 0.65108 108185
 0.6512 104288
 0.65132 99652
 0.65144 94448.6
 0.65156 88835.4
 0.65168 82942.6
 0.6518 76998.7
 0.65192 71527.1
 0.65204 67106.1
 0.65216 64104.1
 0.65228 62568.3
 0.6524 62189.3
 0.65252 62674.6
 0.65264 63795.8
 0.65276 65330.3
 0.65288 66864.5
 0.653 67959.2
 0.65312 68366.5
 0.65324 67999.1
 0.65336 67148.4
 0.65348 66185.6
 0.6536 65387.2
 0.65372 64906.1
 0.65384 64929.1
 0.65396 65676
 0.65408 67248.1
 0.6542 69729.4
 0.65432 73013.7
 0.65444 76833.9
 0.65456 80994
 0.65468 85477.5
 0.6548 90398.6
 0.65492 95935.3
 0.65504 102357
 0.65516 109768
 0.65528 118139
 0.6554 127413
 0.65552 137455
 0.65564 148084
 0.65576 158982
 0.65588 169634
 0.656 179278
 0.65612 187412
 0.65624 193847
 0.65636 198653
 0.65648 201869
 0.6566 203376
 0.65672 202878
 0.65684 200297
 0.65696 195976
 0.65708 190125
 0.6572 182664
 0.65732 173305
 0.65744 161953
 0.65756 148878
 0.65768 134773
 0.6578 120318
 0.65792 105866
 0.65804 91743.8
 0.65816 78523.2
 0.65828 66879.7
 0.6584 57340.4
 0.65852 50051.9
 0.65864 44898.2
 0.65876 41633
 0.65888 40167.4
 0.659 40455.4
 0.65912 42283.5
 0.65924 45302.5
 0.65936 49084.3
 0.65948 53317.7
 0.6596 57762.4
 0.65972 62239
 0.65984 66529.6
 0.65996 70379.7
 0.66008 73494.4
 0.6602 75712.5
 0.66032 77151.9
 0.66044 78118
 0.66056 78952
 0.66068 80057.3
 0.6608 81790.9
 0.66092 84482.5
 0.66104 88635
 0.66116 94729.2
 0.66128 102940
 0.6614 113056
 0.66152 124790
 0.66164 137645
 0.66176 150987
 0.66188 164113
 0.662 176254
 0.66212 186541
 0.66224 194300
 0.66236 199261
 0.66248 201240
 0.6626 200159
 0.66272 196417
 0.66284 190686
 0.66296 183794
 0.66308 176632
 0.6632 170200
 0.66332 165246
 0.66344 162317
 0.66356 161870
 0.66368 163819
 0.6638 167701
 0.66392 172833
 0.66404 178505
 0.66416 183713
 0.66428 187231
 0.6644 188113
 0.66452 185723
 0.66464 180011
 0.66476 171366
 0.66488 160333
 0.665 147444
 0.66512 133328
 0.66524 119224
 0.66536 106388
 0.66548 95830.9
 0.6656 88060.7
 0.66572 83183.3
 0.66584 81016.4
 0.66596 81390.8
 0.66608 84280.3
 0.6662 89316
 0.66632 95761.1
 0.66644 102796
 0.66656 109722
 0.66668 115944
 0.6668 121233
 0.66692 125445
 0.66704 128307
 0.66716 129449
 0.66728 128736
 0.6674 126274
 0.66752 122300
 0.66764 117150
 0.66776 111066
 0.66788 104156
 0.668 96532
 0.66812 88498.7
 0.66824 80424.5
 0.66836 72579.4
 0.66848 65141.7
 0.6686 58363.4
 0.66872 52582.9
 0.66884 48276.6
 0.66896 45955.2
 0.66908 46039.5
 0.6692 48845.4
 0.66932 54643.1
 0.66944 63742.3
 0.66956 76193.6
 0.66968 91502.5
 0.6698 108684
 0.66992 126624
 0.67004 144248
 0.67016 160537
 0.67028 174538
 0.6704 185215
 0.67052 191638
 0.67064 193511
 0.67076 191348
 0.67088 186055
 0.671 178531
 0.67112 169617
 0.67124 160011
 0.67136 150433
 0.67148 141824
 0.6716 134887
 0.67172 129868
 0.67184 126480
 0.67196 124398
 0.67208 123362
 0.6722 123361
 0.67232 124444
 0.67244 126249
 0.67256 128268
 0.67268 130075
 0.6728 131655
 0.67292 133203
 0.67304 134868
 0.67316 136515
 0.67328 137907
 0.6734 139215
 0.67352 140885
 0.67364 143347
 0.67376 146721
 0.67388 150838
 0.674 155565
 0.67412 160915
 0.67424 166959
 0.67436 173582
 0.67448 180578
 0.6746 187754
 0.67472 195016
 0.67484 202384
 0.67496 209444
 0.67508 215626
 0.6752 220522
 0.67532 223756
 0.67544 224798
 0.67556 222963
 0.67568 217718
 0.6758 208619
 0.67592 195986
 0.67604 180715
 0.67616 163547
 0.67628 145154
 0.6764 126440
 0.67652 108503
 0.67664 92460.2
 0.67676 79239.6
 0.67688 69292.8
 0.677 62410.8
 0.67712 58335.3
 0.67724 56774.6
 0.67736 57252.1
 0.67748 59057.3
 0.6776 61365.7
 0.67772 63390.7
 0.67784 64518.8
 0.67796 64443.2
 0.67808 62924.5
 0.6782 59832.9
 0.67832 55237.1
 0.67844 49504.3
 0.67856 43108.7
 0.67868 36559.2
 0.6788 30329.1
 0.67892 24785.1
 0.67904 20274.2
 0.67916 17094
 0.67928 15343.2
 0.6794 14903.2
 0.67952 15516.5
 0.67964 16866
 0.67976 18648.1
 0.67988 20596.2
 0.68 22476.6
 0.68012 24067.3
 0.68024 25268.6
 0.68036 26103.6
 0.68048 26663.8
 0.6806 27125
 0.68072 27599.2
 0.68084 28167.8
 0.68096 28868.4
 0.68108 29769.7
 0.6812 30909.6
 0.68132 32252.5
 0.68144 33750.4
 0.68156 35313.8
 0.68168 36956.2
 0.6818 38775.1
 0.68192 40893.9
 0.68204 43245.3
 0.68216 45683
 0.68228 48079.7
 0.6824 50328
 0.68252 52355.5
 0.68264 54041.6
 0.68276 55185.1
 0.68288 55507.8
 0.683 55012.8
 0.68312 53945.6
 0.68324 52591.4
 0.68336 51221.3
 0.68348 49985.4
 0.6836 49004.9
 0.68372 48389.9
 0.68384 48361.4
 0.68396 49062.8
 0.68408 50426.1
 0.6842 52295.3
 0.68432 54532.8
 0.68444 57177.2
 0.68456 60409
 0.68468 64376.6
 0.6848 69140.5
 0.68492 74647.6
 0.68504 80851.4
 0.68516 87743.6
 0.68528 95216.6
 0.6854 102966
 0.68552 110495
 0.68564 117352
 0.68576 123257
 0.68588 128190
 0.686 132248
 0.68612 135466
 0.68624 137964
 0.68636 140097
 0.68648 142234
 0.6866 144751
 0.68672 147867
 0.68684 151352
 0.68696 154608
 0.68708 157108
 0.6872 158469
 0.68732 158201
 0.68744 155985
 0.68756 151629
 0.68768 144996
 0.6878 136335
 0.68792 126479
 0.68804 116368
 0.68816 106724
 0.68828 98226.6
 0.6884 91303.5
 0.68852 86215.2
 0.68864 83175.5
 0.68876 82191.2
 0.68888 82838.6
 0.689 84588.3
 0.68912 86933.3
 0.68924 89305.8
 0.68936 91356.4
 0.68948 92793.1
 0.6896 93339.3
 0.68972 92874.9
 0.68984 91494.2
 0.68996 89242.7
 0.69008 86220.9
 0.6902 82802.9
 0.69032 79320.1
 0.69044 76116.3
 0.69056 73557.5
 0.69068 71808.1
 0.6908 70973.7
 0.69092 71393.3
 0.69104 73451.2
 0.69116 77330
 0.69128 83144.6
 0.6914 90940.2
 0.69152 100786
 0.69164 113073
 0.69176 128077
 0.69188 145520
 0.692 164808
 0.69212 185185
 0.69224 205860
 0.69236 226065
 0.69248 244917
 0.6926 261090
 0.69272 273309
 0.69284 280928
 0.69296 283726
 0.69308 281883
 0.6932 275834
 0.69332 266023
 0.69344 252971
 0.69356 237544
 0.69368 220747
 0.6938 203255
 0.69392 185674
 0.69404 168431
 0.69416 151619
 0.69428 135322
 0.6944 119763
 0.69452 105148
 0.69464 91613.7
 0.69476 79401.9
 0.69488 68623
 0.695 59239.7
 0.69512 51407.6
 0.69524 45337.1
 0.69536 41031.5
 0.69548 38302.9
 0.6956 36906.9
 0.69572 36521
 0.69584 36861.8
 0.69596 37745.6
 0.69608 38950
 0.6962 40128.6
 0.69632 41024.1
 0.69644 41547.3
 0.69656 41669.5
 0.69668 41414.9
 0.6968 40820.3
 0.69692 39964.1
 0.69704 38957.4
 0.69716 37981.7
 0.69728 37304.7
 0.6974 37121.5
 0.69752 37562.1
 0.69764 38674.6
 0.69776 40588
 0.69788 43399.9
 0.698 47160.3
 0.69812 51989.7
 0.69824 57913.3
 0.69836 64870.6
 0.69848 72836.7
 0.6986 81933
 0.69872 92066.4
 0.69884 102887
 0.69896 113951
 0.69908 124692
 0.6992 134447
 0.69932 142692
 0.69944 148937
 0.69956 152604
 0.69968 153239
 0.6998 150875
 0.69992 145843
 0.70004 138644
 0.70016 129928
 0.70028 120402
 0.7004 110765
 0.70052 101785
 0.70064 94278.7
 0.70076 88869.2
 0.70088 85943.7
 0.701 85657.4
 0.70112 88062.9
 0.70124 92993.1
 0.70136 100104
 0.70148 108883
 0.7016 118607
 0.70172 128398
 0.70184 137347
 0.70196 144728
 0.70208 149943
 0.7022 152555
 0.70232 152390
 0.70244 149519
 0.70256 144322
 0.70268 137355
 0.7028 129335
 0.70292 120908
 0.70304 112614
 0.70316 104947
 0.70328 98345.3
 0.7034 93070.3
 0.70352 89006.3
 0.70364 85950.9
 0.70376 83660.1
 0.70388 81911.1
 0.704 80528.7
 0.70412 79348.3
 0.70424 78140.3
 0.70436 76658.2
 0.70448 74941.9
 0.7046 73268.3
 0.70472 71788.6
 0.70484 70580.3
 0.70496 69636.6
 0.70508 68928.8
 0.7052 68371.9
 0.70532 67968.6
 0.70544 67755
 0.70556 67519.4
 0.70568 67183.1
 0.7058 66757.5
 0.70592 66422.4
 0.70604 66398
 0.70616 67014.4
 0.70628 68527.9
 0.7064 70993.1
 0.70652 74479.6
 0.70664 78890.4
 0.70676 84005.7
 0.70688 89446.2
 0.707 94755.5
 0.70712 99431.1
 0.70724 103047
 0.70736 105458
 0.70748 106635
 0.7076 106707
 0.70772 105973
 0.70784 104884
 0.70796 104030
 0.70808 104030
 0.7082 105499
 0.70832 108686
 0.70844 113504
 0.70856 119649
 0.70868 126800
 0.7088 134520
 0.70892 142145
 0.70904 148979
 0.70916 154147
 0.70928 156944
 0.7094 157221
 0.70952 155253
 0.70964 151285
 0.70976 145505
 0.70988 138357
 0.71 130249
 0.71012 121804
 0.71024 113847
 0.71036 106880
 0.71048 100999
 0.7106 96206.9
 0.71072 92609.4
 0.71084 90195.1
 0.71096 89016.9
 0.71108 89099.5
 0.7112 90287.1
 0.71132 92339.2
 0.71144 95124.1
 0.71156 98520.3
 0.71168 102452
 0.7118 106894
 0.71192 111814
 0.71204 117064
 0.71216 122421
 0.71228 127700
 0.7124 132889
 0.71252 138215
 0.71264 143943
 0.71276 150275
 0.71288 157300
 0.713 165134
 0.71312 173998
 0.71324 184224
 0.71336 195967
 0.71348 208954
 0.7136 222512
 0.71372 235675
 0.71384 247566
 0.71396 257501
 0.71408 264825
 0.7142 268928
 0.71432 269280
 0.71444 265688
 0.71456 258594
 0.71468 248947
 0.7148 237860
 0.71492 226109
 0.71504 214460
 0.71516 203659
 0.71528 194338
 0.7154 187045
 0.71552 181739
 0.71564 178164
 0.71576 175893
 0.71588 174946
 0.716 175371
 0.71612 176766
 0.71624 178672
 0.71636 180676
 0.71648 182660
 0.7166 184708
 0.71672 186864
 0.71684 188829
 0.71696 189915
 0.71708 189882
 0.7172 188903
 0.71732 187173
 0.71744 184848
 0.71756 181863
 0.71768 178080
 0.7178 173352
 0.71792 167992
 0.71804 162488
 0.71816 157069
 0.71828 151773
 0.7184 146419
 0.71852 140863
 0.71864 135050
 0.71876 129099
 0.71888 123043
 0.719 116617
 0.71912 109518
 0.71924 101551
 0.71936 92908.2
 0.71948 83923.7
 0.7196 75032.4
 0.71972 66713.6
 0.71984 59361.7
 0.71996 53379.8
 0.72008 49050.3
 0.7202 46581.7
 0.72032 45958.9
 0.72044 46968.9
 0.72056 49210.2
 0.72068 52012.2
 0.7208 54694.6
 0.72092 56656.1
 0.72104 57558
 0.72116 57261.1
 0.72128 55716.8
 0.7214 53011.7
 0.72152 49442.1
 0.72164 45565.2
 0.72176 42048.1
 0.72188 39490.8
 0.722 38317.6
 0.72212 38778.9
 0.72224 41059.8
 0.72236 45188.5
 0.72248 51003.3
 0.7226 58116.1
 0.72272 66026.8
 0.72284 74195.4
 0.72296 82199.3
 0.72308 89702.8
 0.7232 96378.5
 0.72332 101919
 0.72344 106124
 0.72356 109020
 0.72368 110740
 0.7238 111580
 0.72392 111907
 0.72404 111984
 0.72416 112042
 0.72428 112406
 0.7244 113471
 0.72452 115461
 0.72464 118444
 0.72476 122283
 0.72488 126495
 0.725 130556
 0.72512 134001
 0.72524 136404
 0.72536 137280
 0.72548 136316
 0.7256 133289
 0.72572 128191
 0.72584 121445
 0.72596 113832
 0.72608 106151
 0.7262 99125.7
 0.72632 93411.6
 0.72644 89434.8
 0.72656 87577.1
 0.72668 88097.4
 0.7268 90943.5
 0.72692 95524.9
 0.72704 101045
 0.72716 106808
 0.72728 112190
 0.7274 116748
 0.72752 120159
 0.72764 122115
 0.72776 122497
 0.72788 121563
 0.728 120025
 0.72812 118496
 0.72824 117512
 0.72836 117457
 0.72848 118610
 0.7286 121250
 0.72872 125473
 0.72884 131224
 0.72896 138077
 0.72908 145470
 0.7292 152814
 0.72932 159629
 0.72944 165485
 0.72956 169887
 0.72968 172509
 0.7298 173167
 0.72992 171840
 0.73004 168633
 0.73016 163893
 0.73028 158061
 0.7304 151535
 0.73052 144871
 0.73064 138585
 0.73076 133137
 0.73088 128724
 0.731 125605
 0.73112 123792
 0.73124 123159
 0.73136 123579
 0.73148 124831
 0.7316 126579
 0.73172 128314
 0.73184 129767
 0.73196 130756
 0.73208 131242
 0.7322 131217
 0.73232 130600
 0.73244 129321
 0.73256 127404
 0.73268 125077
 0.7328 122601
 0.73292 120032
 0.73304 117313
 0.73316 114278
 0.73328 110959
 0.7334 107459
 0.73352 103896
 0.73364 100387
 0.73376 97015.4
 0.73388 93895.5
 0.734 91203.9
 0.73412 89298.3
 0.73424 88464.8
 0.73436 88768.5
 0.73448 90129.1
 0.7346 92351.4
 0.73472 95037.7
 0.73484 97815.2
 0.73496 100335
 0.73508 102100
 0.7352 102527
 0.73532 101245
 0.73544 98152.1
 0.73556 93252.2
 0.73568 86789.2
 0.7358 79141
 0.73592 70695.7
 0.73604 61960.4
 0.73616 53532.7
 0.73628 45927.2
 0.7364 39468.6
 0.73652 34386.2
 0.73664 30814.1
 0.73676 28736.5
 0.73688 28021.1
 0.737 28392.5
 0.73712 29487
 0.73724 31004.7
 0.73736 32727.1
 0.73748 34502.5
 0.7376 36208.8
 0.73772 37792.3
 0.73784 39270.4
 0.73796 40822.9
 0.73808 42715.8
 0.7382 45123
 0.73832 48075.9
 0.73844 51454.2
 0.73856 55110.9
 0.73868 58873.7
 0.7388 62557.7
 0.73892 65914
 0.73904 68683.9
 0.73916 70722.1
 0.73928 72096.4
 0.7394 73127.6
 0.73952 74218.6
 0.73964 75602.2
 0.73976 77418.1
 0.73988 79826.6
 0.74 82901.9
 0.74012 86594.1
 0.74024 90697.3
 0.74036 94754
 0.74048 98189.9
 0.7406 100690
 0.74072 102263
 0.74084 102882
 0.74096 102535
 0.74108 101320
 0.7412 99331.1
 0.74132 96910.6
 0.74144 94556.2
 0.74156 92710.7
 0.74168 91546.4
 0.7418 91223.1
 0.74192 91950.1
 0.74204 93816.7
 0.74216 96994.3
 0.74228 101472
 0.7424 106903
 0.74252 112767
 0.74264 118469
 0.74276 123412
 0.74288 127023
 0.743 128921
 0.74312 128750
 0.74324 126244
 0.74336 121440
 0.74348 114678
 0.7436 106477
 0.74372 97457.4
 0.74384 88205
 0.74396 79136.3
 0.74408 70608.7
 0.7442 62940.6
 0.74432 56338.9
 0.74444 50852.8
 0.74456 46500.1
 0.74468 43233.6
 0.7448 41037.7
 0.74492 39971.9
 0.74504 40061.8
 0.74516 41228.7
 0.74528 43501.1
 0.7454 46942.5
 0.74552 51611.2
 0.74564 57496.7
 0.74576 64467.2
 0.74588 72277.9
 0.746 80704.2
 0.74612 89656.9
 0.74624 98876.6
 0.74636 107921
 0.74648 116198
 0.7466 123112
 0.74672 128276
 0.74684 131467
 0.74696 132479
 0.74708 131086
 0.7472 127330
 0.74732 121533
 0.74744 114198
 0.74756 105991
 0.74768 97455.8
 0.7478 88945.4
 0.74792 80832.7
 0.74804 73517.8
 0.74816 67172.8
 0.74828 61695.3
 0.7484 56957.6
 0.74852 52742.5
 0.74864 48830.3
 0.74876 45167
 0.74888 41754.5
 0.749 38533.3
 0.74912 35532.6
 0.74924 33014.7
 0.74936 31205.2
 0.74948 30267.9
 0.7496 30396.8
 0.74972 31761
 0.74984 34377.5
 0.74996 38279.2
 0.75008 43471.5
 0.7502 49682.5
 0.75032 56591.7
 0.75044 63999.5
 0.75056 71699.3
 0.75068 79349.7
 0.7508 86651.9
 0.75092 93371.5
 0.75104 99205.1
 0.75116 104142
 0.75128 108411
 0.7514 112064
 0.75152 115073
 0.75164 117579
 0.75176 119829
 0.75188 121948
 0.752 124104
 0.75212 126294
 0.75224 128225
 0.75236 129723
 0.75248 130825
 0.7526 131432
 0.75272 131268
 0.75284 130153
 0.75296 128056
 0.75308 125056
 0.7532 121459
 0.75332 117461
 0.75344 113082
 0.75356 108390
 0.75368 103670
 0.7538 99139.5
 0.75392 94858.1
 0.75404 90706
 0.75416 86431.5
 0.75428 81923.5
 0.7544 77198.5
 0.75452 72327.8
 0.75464 67312.2
 0.75476 62304.5
 0.75488 57594.3
 0.755 53679.3
 0.75512 51102.2
 0.75524 50256.2
 0.75536 51426.6
 0.75548 54752.5
 0.7556 60208.1
 0.75572 67510.7
 0.75584 76158.6
 0.75596 85389.4
 0.75608 94372
 0.7562 102482
 0.75632 109186
 0.75644 114063
 0.75656 117022
 0.75668 118361
 0.7568 118670
 0.75692 118864
 0.75704 120077
 0.75716 123355
 0.75728 129614
 0.7574 139690
 0.75752 154077
 0.75764 172719
 0.75776 194811
 0.75788 219178
 0.758 244282
 0.75812 268320
 0.75824 289463
 0.75836 305863
 0.75848 316010
 0.7586 318808
 0.75872 314172
 0.75884 302725
 0.75896 285335
 0.75908 263296
 0.7592 238141
 0.75932 211604
 0.75944 185273
 0.75956 160595
 0.75968 138556
 0.7598 119512
 0.75992 103693
 0.76004 91184.4
 0.76016 81896.4
 0.76028 75626.9
 0.7604 72104.6
 0.76052 70963.1
 0.76064 71774.1
 0.76076 74136.1
 0.76088 77643
 0.761 81837.9
 0.76112 86276.1
 0.76124 90466.9
 0.76136 93853.7
 0.76148 96059.3
 0.7616 96866.3
 0.76172 96310.5
 0.76184 94581.8
 0.76196 91849.3
 0.76208 88329.6
 0.7622 84276.4
 0.76232 80075.2
 0.76244 76153.2
 0.76256 72800.5
 0.76268 70121.8
 0.7628 68030.5
 0.76292 66532.1
 0.76304 65559.7
 0.76316 64971.4
 0.76328 64596.3
 0.7634 64179.9
 0.76352 63572.4
 0.76364 62779.8
 0.76376 61924.5
 0.76388 61088
 0.764 60424.2
 0.76412 60260.3
 0.76424 60961.3
 0.76436 62807.5
 0.76448 65894.6
 0.7646 70041.9
 0.76472 75055.2
 0.76484 80814.9
 0.76496 87093.9
 0.76508 93562.2
 0.7652 99811.8
 0.76532 105469
 0.76544 110448
 0.76556 114975
 0.76568 119272
 0.7658 123269
 0.76592 126930
 0.76604 130198
 0.76616 132911
 0.76628 135038
 0.7664 136360
 0.76652 136416
 0.76664 134829
 0.76676 131615
 0.76688 127043
 0.767 121442
 0.76712 115367
 0.76724 109290
 0.76736 103619
 0.76748 98913.6
 0.7676 95571.1
 0.76772 93648.3
 0.76784 92793.4
 0.76796 92536.9
 0.76808 92330.4
 0.7682 91694.2
 0.76832 90291.1
 0.76844 87805.6
 0.76856 84036.5
 0.76868 79044.4
 0.7688 73251
 0.76892 67280.6
 0.76904 61629.3
 0.76916 56675.3
 0.76928 52735.4
 0.7694 50035.8
 0.76952 48757.5
 0.76964 48951.7
 0.76976 50446.7
 0.76988 52728
 0.77 55478.8
 0.77012 58526.8
 0.77024 61626.3
 0.77036 64535.2
 0.77048 67061.3
 0.7706 69098.9
 0.77072 70552.6
 0.77084 71715.2
 0.77096 72824.3
 0.77108 73925.2
 0.7712 75188.3
 0.77132 76870.5
 0.77144 79183.1
 0.77156 82040.9
 0.77168 85376.9
 0.7718 88923.1
 0.77192 92278.5
 0.77204 95229.1
 0.77216 97548.4
 0.77228 98968.9
 0.7724 99290.3
 0.77252 98638.1
 0.77264 97292.3
 0.77276 95531.2
 0.77288 93824.3
 0.773 92550.9
 0.77312 92005.6
 0.77324 92347.5
 0.77336 93473.3
 0.77348 95079.2
 0.7736 96700.5
 0.77372 97988.5
 0.77384 98507.3
 0.77396 97816.1
 0.77408 95560.2
 0.7742 91595.4
 0.77432 86188
 0.77444 79959.8
 0.77456 73661
 0.77468 67962.2
 0.7748 63447.5
 0.77492 60722.2
 0.77504 60298.6
 0.77516 62524.1
 0.77528 67467.5
 0.7754 74591.2
 0.77552 83081.2
 0.77564 92053.7
 0.77576 100707
 0.77588 108220
 0.776 113802
 0.77612 116906
 0.77624 117095
 0.77636 114434
 0.77648 109516
 0.7766 103086
 0.77672 95957.8
 0.77684 89012.9
 0.77696 83237.1
 0.77708 79221.3
 0.7772 77333.5
 0.77732 77753.4
 0.77744 80186.4
 0.77756 84047.5
 0.77768 88619.9
 0.7778 93064.6
 0.77792 96386.8
 0.77804 97894.5
 0.77816 97355.8
 0.77828 94608
 0.7784 89665.3
 0.77852 82851.5
 0.77864 74683.1
 0.77876 65741.5
 0.77888 56736.6
 0.779 48330.6
 0.77912 40843.5
 0.77924 34502
 0.77936 29509.1
 0.77948 25923.2
 0.7796 23644.2
 0.77972 22537.1
 0.77984 22415.1
 0.77996 22988.4
 0.78008 23981
 0.7802 25183.8
 0.78032 26408.1
 0.78044 27526.4
 0.78056 28462
 0.78068 29156.8
 0.7808 29598.7
 0.78092 29950.3
 0.78104 30524.4
 0.78116 31603.4
 0.78128 33478.2
 0.7814 36344.7
 0.78152 40331.8
 0.78164 45568
 0.78176 52137.1
 0.78188 59848.5
 0.782 68312
 0.78212 77136.6
 0.78224 85794.1
 0.78236 93669.7
 0.78248 100305
 0.7826 105279
 0.78272 108187
 0.78284 108839
 0.78296 107257
 0.78308 103493
 0.7832 97831
 0.78332 90966.1
 0.78344 83540.9
 0.78356 76105.6
 0.78368 69224.5
 0.7838 63415.5
 0.78392 59124.5
 0.78404 56799
 0.78416 56683.9
 0.78428 58578.4
 0.7844 62173.2
 0.78452 67242.4
 0.78464 73489.5
 0.78476 80553.2
 0.78488 88083.9
 0.785 95696.3
 0.78512 103020
 0.78524 109980
 0.78536 116623
 0.78548 122912
 0.7856 128860
 0.78572 134564
 0.78584 139977
 0.78596 144966
 0.78608 149427
 0.7862 153149
 0.78632 155775
 0.78644 157007
 0.78656 156614
 0.78668 154343
 0.7868 150174
 0.78692 144347
 0.78704 137227
 0.78716 129328
 0.78728 121300
 0.7874 113762
 0.78752 107268
 0.78764 102356
 0.78776 99345.4
 0.78788 98340.1
 0.788 99161.1
 0.78812 101355
 0.78824 104298
 0.78836 107369
 0.78848 109958
 0.7886 111454
 0.78872 111420
 0.78884 109503
 0.78896 105602
 0.78908 99944.7
 0.7892 92885.1
 0.78932 84916.7
 0.78944 76581.9
 0.78956 68428.2
 0.78968 60913.7
 0.7898 54486.1
 0.78992 49494.3
 0.79004 45946.6
 0.79016 43802.5
 0.79028 42926.5
 0.7904 43158.6
 0.79052 44401.9
 0.79064 46660.7
 0.79076 49885.1
 0.79088 53976
 0.791 59087.7
 0.79112 65508.7
 0.79124 73480.8
 0.79136 83032.4
 0.79148 93923.8
 0.7916 105615
 0.79172 117377
 0.79184 128622
 0.79196 138683
 0.79208 146795
 0.7922 152262
 0.79232 154659
 0.79244 153971
 0.79256 150510
 0.79268 145148
 0.7928 138794
 0.79292 132359
 0.79304 126688
 0.79316 122286
 0.79328 119517
 0.7934 118549
 0.79352 119466
 0.79364 121881
 0.79376 125129
 0.79388 128480
 0.794 131178
 0.79412 132973
 0.79424 133894
 0.79436 133805
 0.79448 132387
 0.7946 129492
 0.79472 125273
 0.79484 119960
 0.79496 113962
 0.79508 107483
 0.7952 100408
 0.79532 92802.7
 0.79544 85106.4
 0.79556 77707.1
 0.79568 70795.2
 0.7958 64530.6
 0.79592 58964.4
 0.79604 54126.7
 0.79616 50168.1
 0.79628 47230.2
 0.7964 45177.7
 0.79652 43873.9
 0.79664 43307.1
 0.79676 43396.3
 0.79688 44055.6
 0.797 45197.3
 0.79712 46636.5
 0.79724 48147.1
 0.79736 49538.7
 0.79748 50604.8
 0.7976 51053.8
 0.79772 50707.7
 0.79784 49482.7
 0.79796 47341.4
 0.79808 44409.6
 0.7982 40935.5
 0.79832 37199.9
 0.79844 33586
 0.79856 30529.2
 0.79868 28445.3
 0.7988 27662.7
 0.79892 28378.6
 0.79904 30656.4
 0.79916 34310.1
 0.79928 39059.8
 0.7994 44544.4
 0.79952 50349.5
 0.79964 55999.1
 0.79976 60948.1
 0.79988 64819.1
