 0.2 5404.92
 0.20012 5400.82
 0.20024 5396.7
 0.20036 5392.58
 0.20048 5388.45
 0.2006 5384.31
 0.20072 5380.16
 0.20084 5376.01
 0.20096 5371.85
 0.20108 5367.68
 0.2012 5363.5
 0.20132 5359.32
 0.20144 5355.13
 0.20156 5350.93
 0.20168 5346.73
 0.2018 5342.52
 0.20192 5338.31
 0.20204 5334.09
 0.20216 5329.86
 0.20228 5325.63
 0.2024 5321.4
 0.20252 5317.16
 0.20264 5312.92
 0.20276 5308.67
 0.20288 5304.42
 0.203 5300.17
 0.20312 5295.91
 0.20324 5291.66
 0.20336 5287.4
 0.20348 5283.14
 0.2036 5278.87
 0.20372 5274.61
 0.20384 5270.34
 0.20396 5266.08
 0.20408 5261.81
 0.2042 5257.54
 0.20432 5253.27
 0.20444 5249.01
 0.20456 5244.74
 0.20468 5240.48
 0.2048 5236.21
 0.20492 5231.95
 0.20504 5227.69
 0.20516 5223.44
 0.20528 5219.18
 0.2054 5214.93
 0.20552 5210.68
 0.20564 5206.44
 0.20576 5202.19
 0.20588 5197.96
 0.206 5193.72
 0.20612 5189.49
 0.20624 5185.27
 0.20636 5181.05
 0.20648 5176.84
 0.2066 5172.63
 0.20672 5168.42
 0.20684 5164.23
 0.20696 5160.03
 0.20708 5155.85
 0.2072 5151.67
 0.20732 5147.49
 0.20744 5143.33
 0.20756 5139.16
 0.20768 5135.01
 0.2078 5130.86
 0.20792 5126.72
 0.20804 5122.59
 0.20816 5118.46
 0.20828 5114.35
 0.2084 5110.24
 0.20852 5106.14
 0.20864 5102.04
 0.20876 5097.96
 0.20888 5093.88
 0.209 5089.81
 0.20912 5085.76
 0.20924 5081.71
 0.20936 5077.67
 0.20948 5073.64
 0.2096 5069.62
 0.20972 5065.61
 0.20984 5061.61
 0.20996 5057.62
 0.21008 5053.65
 0.2102 5049.68
 0.21032 5045.72
 0.21044 5041.78
 0.21056 5037.85
 0.21068 5033.93
 0.2108 5030.02
 0.21092 5026.12
 0.21104 5022.24
 0.21116 5018.37
 0.21128 5014.51
 0.2114 5010.67
 0.21152 5006.84
 0.21164 5003.03
 0.21176 4999.22
 0.21188 4995.44
 0.212 4991.67
 0.21212 4987.91
 0.21224 4984.17
 0.21236 4980.45
 0.21248 4976.74
 0.2126 4973.04
 0.21272 4969.37
 0.21284 4965.71
 0.21296 4962.07
 0.21308 4958.44
 0.2132 4954.83
 0.21332 4951.24
 0.21344 4947.67
 0.21356 4944.12
 0.21368 4940.59
 0.2138 4937.07
 0.21392 4933.58
 0.21404 4930.1
 0.21416 4926.65
 0.21428 4923.21
 0.2144 4919.79
 0.21452 4916.4
 0.21464 4913.03
 0.21476 4909.67
 0.21488 4906.34
 0.215 4903.03
 0.21512 4899.75
 0.21524 4896.48
 0.21536 4893.24
 0.21548 4890.02
 0.2156 4886.82
 0.21572 4883.65
 0.21584 4880.5
 0.21596 4877.37
 0.21608 4874.27
 0.2162 4871.19
 0.21632 4868.14
 0.21644 4865.11
 0.21656 4862.11
 0.21668 4859.14
 0.2168 4856.18
 0.21692 4853.26
 0.21704 4850.36
 0.21716 4847.49
 0.21728 4844.64
 0.2174 4841.83
 0.21752 4839.03
 0.21764 4836.27
 0.21776 4833.53
 0.21788 4830.81
 0.218 4828.13
 0.21812 4825.46
 0.21824 4822.82
 0.21836 4820.21
 0.21848 4817.62
 0.2186 4815.06
 0.21872 4812.52
 0.21884 4810
 0.21896 4807.5
 0.21908 4805.03
 0.2192 4802.58
 0.21932 4800.15
 0.21944 4797.75
 0.21956 4795.37
 0.21968 4793
 0.2198 4790.66
 0.21992 4788.34
 0.22004 4786.04
 0.22016 4783.76
 0.22028 4781.5
 0.2204 4779.25
 0.22052 4777.03
 0.22064 4774.82
 0.22076 4772.64
 0.22088 4770.46
 0.221 4768.31
 0.22112 4766.17
 0.22124 4764.05
 0.22136 4761.94
 0.22148 4759.85
 0.2216 4757.77
 0.22172 4755.71
 0.22184 4753.66
 0.22196 4751.62
 0.22208 4749.6
 0.2222 4747.59
 0.22232 4745.59
 0.22244 4743.61
 0.22256 4741.64
 0.22268 4739.68
 0.2228 4737.73
 0.22292 4735.79
 0.22304 4733.87
 0.22316 4731.96
 0.22328 4730.06
 0.2234 4728.17
 0.22352 4726.29
 0.22364 4724.43
 0.22376 4722.58
 0.22388 4720.74
 0.224 4718.91
 0.22412 4717.09
 0.22424 4715.29
 0.22436 4713.5
 0.22448 4711.72
 0.2246 4709.95
 0.22472 4708.19
 0.22484 4706.45
 0.22496 4704.72
 0.22508 4703
 0.2252 4701.29
 0.22532 4699.59
 0.22544 4697.91
 0.22556 4696.23
 0.22568 4694.57
 0.2258 4692.93
 0.22592 4691.29
 0.22604 4689.67
 0.22616 4688.05
 0.22628 4686.45
 0.2264 4684.87
 0.22652 4683.29
 0.22664 4681.73
 0.22676 4680.17
 0.22688 4678.63
 0.227 4677.11
 0.22712 4675.59
 0.22724 4674.09
 0.22736 4672.59
 0.22748 4671.12
 0.2276 4669.65
 0.22772 4668.19
 0.22784 4666.75
 0.22796 4665.32
 0.22808 4663.9
 0.2282 4662.5
 0.22832 4661.1
 0.22844 4659.72
 0.22856 4658.35
 0.22868 4656.99
 0.2288 4655.64
 0.22892 4654.31
 0.22904 4652.98
 0.22916 4651.66
 0.22928 4650.36
 0.2294 4649.06
 0.22952 4647.78
 0.22964 4646.5
 0.22976 4645.24
 0.22988 4643.98
 0.23 4642.73
 0.23012 4641.5
 0.23024 4640.27
 0.23036 4639.05
 0.23048 4637.85
 0.2306 4636.65
 0.23072 4635.46
 0.23084 4634.28
 0.23096 4633.11
 0.23108 4631.95
 0.2312 4630.8
 0.23132 4629.66
 0.23144 4628.53
 0.23156 4627.4
 0.23168 4626.29
 0.2318 4625.18
 0.23192 4624.09
 0.23204 4623
 0.23216 4621.92
 0.23228 4620.85
 0.2324 4619.79
 0.23252 4618.73
 0.23264 4617.68
 0.23276 4616.64
 0.23288 4615.61
 0.233 4614.58
 0.23312 4613.56
 0.23324 4612.55
 0.23336 4611.55
 0.23348 4610.55
 0.2336 4609.56
 0.23372 4608.58
 0.23384 4607.61
 0.23396 4606.64
 0.23408 4605.68
 0.2342 4604.73
 0.23432 4603.78
 0.23444 4602.84
 0.23456 4601.92
 0.23468 4600.99
 0.2348 4600.08
 0.23492 4599.17
 0.23504 4598.28
 0.23516 4597.39
 0.23528 4596.5
 0.2354 4595.63
 0.23552 4594.76
 0.23564 4593.89
 0.23576 4593.04
 0.23588 4592.19
 0.236 4591.35
 0.23612 4590.51
 0.23624 4589.68
 0.23636 4588.85
 0.23648 4588.04
 0.2366 4587.22
 0.23672 4586.42
 0.23684 4585.62
 0.23696 4584.82
 0.23708 4584.04
 0.2372 4583.26
 0.23732 4582.48
 0.23744 4581.72
 0.23756 4580.95
 0.23768 4580.2
 0.2378 4579.45
 0.23792 4578.71
 0.23804 4577.98
 0.23816 4577.25
 0.23828 4576.54
 0.2384 4575.82
 0.23852 4575.12
 0.23864 4574.43
 0.23876 4573.74
 0.23888 4573.06
 0.239 4572.39
 0.23912 4571.72
 0.23924 4571.07
 0.23936 4570.42
 0.23948 4569.79
 0.2396 4569.16
 0.23972 4568.54
 0.23984 4567.93
 0.23996 4567.33
 0.24008 4566.74
 0.2402 4566.16
 0.24032 4565.59
 0.24044 4565.03
 0.24056 4564.47
 0.24068 4563.93
 0.2408 4563.4
 0.24092 4562.87
 0.24104 4562.36
 0.24116 4561.86
 0.24128 4561.36
 0.2414 4560.88
 0.24152 4560.41
 0.24164 4559.94
 0.24176 4559.49
 0.24188 4559.05
 0.242 4558.61
 0.24212 4558.19
 0.24224 4557.77
 0.24236 4557.36
 0.24248 4556.97
 0.2426 4556.58
 0.24272 4556.2
 0.24284 4555.84
 0.24296 4555.48
 0.24308 4555.13
 0.2432 4554.79
 0.24332 4554.46
 0.24344 4554.14
 0.24356 4553.83
 0.24368 4553.52
 0.2438 4553.23
 0.24392 4552.95
 0.24404 4552.67
 0.24416 4552.4
 0.24428 4552.15
 0.2444 4551.9
 0.24452 4551.66
 0.24464 4551.43
 0.24476 4551.21
 0.24488 4550.99
 0.245 4550.79
 0.24512 4550.6
 0.24524 4550.41
 0.24536 4550.23
 0.24548 4550.06
 0.2456 4549.9
 0.24572 4549.75
 0.24584 4549.6
 0.24596 4549.47
 0.24608 4549.34
 0.2462 4549.22
 0.24632 4549.11
 0.24644 4549.01
 0.24656 4548.91
 0.24668 4548.82
 0.2468 4548.74
 0.24692 4548.67
 0.24704 4548.61
 0.24716 4548.56
 0.24728 4548.51
 0.2474 4548.47
 0.24752 4548.44
 0.24764 4548.43
 0.24776 4548.42
 0.24788 4548.42
 0.248 4548.43
 0.24812 4548.45
 0.24824 4548.48
 0.24836 4548.52
 0.24848 4548.58
 0.2486 4548.65
 0.24872 4548.72
 0.24884 4548.82
 0.24896 4548.92
 0.24908 4549.03
 0.2492 4549.16
 0.24932 4549.3
 0.24944 4549.46
 0.24956 4549.62
 0.24968 4549.8
 0.2498 4549.99
 0.24992 4550.2
 0.25004 4550.42
 0.25016 4550.66
 0.25028 4550.9
 0.2504 4551.17
 0.25052 4551.44
 0.25064 4551.73
 0.25076 4552.04
 0.25088 4552.36
 0.251 4552.7
 0.25112 4553.05
 0.25124 4553.42
 0.25136 4553.8
 0.25148 4554.2
 0.2516 4554.62
 0.25172 4555.06
 0.25184 4555.51
 0.25196 4555.98
 0.25208 4556.46
 0.2522 4556.97
 0.25232 4557.49
 0.25244 4558.03
 0.25256 4558.59
 0.25268 4559.16
 0.2528 4559.75
 0.25292 4560.36
 0.25304 4560.99
 0.25316 4561.64
 0.25328 4562.31
 0.2534 4562.99
 0.25352 4563.69
 0.25364 4564.41
 0.25376 4565.14
 0.25388 4565.9
 0.254 4566.67
 0.25412 4567.46
 0.25424 4568.27
 0.25436 4569.1
 0.25448 4569.94
 0.2546 4570.8
 0.25472 4571.68
 0.25484 4572.58
 0.25496 4573.49
 0.25508 4574.42
 0.2552 4575.37
 0.25532 4576.34
 0.25544 4577.32
 0.25556 4578.32
 0.25568 4579.34
 0.2558 4580.38
 0.25592 4581.43
 0.25604 4582.5
 0.25616 4583.59
 0.25628 4584.69
 0.2564 4585.81
 0.25652 4586.95
 0.25664 4588.11
 0.25676 4589.28
 0.25688 4590.47
 0.257 4591.68
 0.25712 4592.9
 0.25724 4594.15
 0.25736 4595.4
 0.25748 4596.68
 0.2576 4597.97
 0.25772 4599.28
 0.25784 4600.61
 0.25796 4601.96
 0.25808 4603.32
 0.2582 4604.7
 0.25832 4606.09
 0.25844 4607.51
 0.25856 4608.94
 0.25868 4610.39
 0.2588 4611.85
 0.25892 4613.34
 0.25904 4614.84
 0.25916 4616.36
 0.25928 4617.89
 0.2594 4619.45
 0.25952 4621.02
 0.25964 4622.61
 0.25976 4624.22
 0.25988 4625.84
 0.26 4627.49
 0.26012 4629.15
 0.26024 4630.83
 0.26036 4632.53
 0.26048 4634.25
 0.2606 4635.98
 0.26072 4637.73
 0.26084 4639.5
 0.26096 4641.29
 0.26108 4643.1
 0.2612 4644.92
 0.26132 4646.76
 0.26144 4648.62
 0.26156 4650.5
 0.26168 4652.39
 0.2618 4654.3
 0.26192 4656.23
 0.26204 4658.18
 0.26216 4660.14
 0.26228 4662.13
 0.2624 4664.13
 0.26252 4666.14
 0.26264 4668.18
 0.26276 4670.23
 0.26288 4672.3
 0.263 4674.39
 0.26312 4676.5
 0.26324 4678.62
 0.26336 4680.76
 0.26348 4682.92
 0.2636 4685.09
 0.26372 4687.28
 0.26384 4689.49
 0.26396 4691.71
 0.26408 4693.95
 0.2642 4696.21
 0.26432 4698.48
 0.26444 4700.76
 0.26456 4703.06
 0.26468 4705.38
 0.2648 4707.71
 0.26492 4710.05
 0.26504 4712.4
 0.26516 4714.78
 0.26528 4717.16
 0.2654 4719.56
 0.26552 4721.98
 0.26564 4724.41
 0.26576 4726.86
 0.26588 4729.32
 0.266 4731.8
 0.26612 4734.29
 0.26624 4736.8
 0.26636 4739.33
 0.26648 4741.88
 0.2666 4744.44
 0.26672 4747.01
 0.26684 4749.61
 0.26696 4752.22
 0.26708 4754.85
 0.2672 4757.49
 0.26732 4760.15
 0.26744 4762.82
 0.26756 4765.51
 0.26768 4768.22
 0.2678 4770.94
 0.26792 4773.68
 0.26804 4776.43
 0.26816 4779.2
 0.26828 4781.98
 0.2684 4784.78
 0.26852 4787.59
 0.26864 4790.41
 0.26876 4793.25
 0.26888 4796.09
 0.269 4798.95
 0.26912 4801.83
 0.26924 4804.71
 0.26936 4807.6
 0.26948 4810.5
 0.2696 4813.42
 0.26972 4816.34
 0.26984 4819.27
 0.26996 4822.21
 0.27008 4825.16
 0.2702 4828.12
 0.27032 4831.08
 0.27044 4834.05
 0.27056 4837.03
 0.27068 4840.02
 0.2708 4843.01
 0.27092 4846
 0.27104 4849.01
 0.27116 4852.01
 0.27128 4855.03
 0.2714 4858.05
 0.27152 4861.07
 0.27164 4864.1
 0.27176 4867.13
 0.27188 4870.17
 0.272 4873.21
 0.27212 4876.25
 0.27224 4879.3
 0.27236 4882.35
 0.27248 4885.4
 0.2726 4888.46
 0.27272 4891.52
 0.27284 4894.59
 0.27296 4897.65
 0.27308 4900.72
 0.2732 4903.79
 0.27332 4906.87
 0.27344 4909.94
 0.27356 4913.02
 0.27368 4916.1
 0.2738 4919.18
 0.27392 4922.26
 0.27404 4925.35
 0.27416 4928.43
 0.27428 4931.52
 0.2744 4934.6
 0.27452 4937.69
 0.27464 4940.78
 0.27476 4943.86
 0.27488 4946.95
 0.275 4950.04
 0.27512 4953.13
 0.27524 4956.21
 0.27536 4959.3
 0.27548 4962.39
 0.2756 4965.47
 0.27572 4968.55
 0.27584 4971.64
 0.27596 4974.72
 0.27608 4977.8
 0.2762 4980.88
 0.27632 4983.96
 0.27644 4987.03
 0.27656 4990.1
 0.27668 4993.17
 0.2768 4996.24
 0.27692 4999.3
 0.27704 5002.36
 0.27716 5005.42
 0.27728 5008.47
 0.2774 5011.52
 0.27752 5014.57
 0.27764 5017.61
 0.27776 5020.64
 0.27788 5023.67
 0.278 5026.69
 0.27812 5029.71
 0.27824 5032.72
 0.27836 5035.72
 0.27848 5038.72
 0.2786 5041.71
 0.27872 5044.69
 0.27884 5047.66
 0.27896 5050.63
 0.27908 5053.58
 0.2792 5056.53
 0.27932 5059.48
 0.27944 5062.41
 0.27956 5065.33
 0.27968 5068.25
 0.2798 5071.16
 0.27992 5074.06
 0.28004 5076.95
 0.28016 5079.84
 0.28028 5082.71
 0.2804 5085.57
 0.28052 5088.43
 0.28064 5091.27
 0.28076 5094.11
 0.28088 5096.93
 0.281 5099.74
 0.28112 5102.54
 0.28124 5105.33
 0.28136 5108.11
 0.28148 5110.88
 0.2816 5113.63
 0.28172 5116.37
 0.28184 5119.1
 0.28196 5121.82
 0.28208 5124.52
 0.2822 5127.2
 0.28232 5129.88
 0.28244 5132.53
 0.28256 5135.17
 0.28268 5137.8
 0.2828 5140.41
 0.28292 5143.01
 0.28304 5145.58
 0.28316 5148.14
 0.28328 5150.69
 0.2834 5153.21
 0.28352 5155.72
 0.28364 5158.21
 0.28376 5160.68
 0.28388 5163.14
 0.284 5165.57
 0.28412 5167.99
 0.28424 5170.38
 0.28436 5172.76
 0.28448 5175.11
 0.2846 5177.45
 0.28472 5179.76
 0.28484 5182.06
 0.28496 5184.34
 0.28508 5186.59
 0.2852 5188.83
 0.28532 5191.04
 0.28544 5193.23
 0.28556 5195.41
 0.28568 5197.56
 0.2858 5199.69
 0.28592 5201.8
 0.28604 5203.89
 0.28616 5205.95
 0.28628 5208
 0.2864 5210.02
 0.28652 5212.02
 0.28664 5214
 0.28676 5215.96
 0.28688 5217.89
 0.287 5219.81
 0.28712 5221.7
 0.28724 5223.57
 0.28736 5225.41
 0.28748 5227.23
 0.2876 5229.03
 0.28772 5230.81
 0.28784 5232.56
 0.28796 5234.29
 0.28808 5235.99
 0.2882 5237.67
 0.28832 5239.33
 0.28844 5240.96
 0.28856 5242.56
 0.28868 5244.15
 0.2888 5245.7
 0.28892 5247.24
 0.28904 5248.75
 0.28916 5250.23
 0.28928 5251.69
 0.2894 5253.12
 0.28952 5254.53
 0.28964 5255.91
 0.28976 5257.27
 0.28988 5258.6
 0.29 5259.91
 0.29012 5261.18
 0.29024 5262.44
 0.29036 5263.67
 0.29048 5264.87
 0.2906 5266.04
 0.29072 5267.19
 0.29084 5268.31
 0.29096 5269.41
 0.29108 5270.47
 0.2912 5271.52
 0.29132 5272.53
 0.29144 5273.52
 0.29156 5274.48
 0.29168 5275.41
 0.2918 5276.32
 0.29192 5277.2
 0.29204 5278.05
 0.29216 5278.87
 0.29228 5279.67
 0.2924 5280.44
 0.29252 5281.18
 0.29264 5281.89
 0.29276 5282.58
 0.29288 5283.23
 0.293 5283.86
 0.29312 5284.46
 0.29324 5285.03
 0.29336 5285.58
 0.29348 5286.09
 0.2936 5286.58
 0.29372 5287.04
 0.29384 5287.47
 0.29396 5287.87
 0.29408 5288.25
 0.2942 5288.59
 0.29432 5288.91
 0.29444 5289.2
 0.29456 5289.46
 0.29468 5289.7
 0.2948 5289.9
 0.29492 5290.08
 0.29504 5290.23
 0.29516 5290.35
 0.29528 5290.44
 0.2954 5290.5
 0.29552 5290.53
 0.29564 5290.53
 0.29576 5290.5
 0.29588 5290.44
 0.296 5290.34
 0.29612 5290.22
 0.29624 5290.06
 0.29636 5289.86
 0.29648 5289.63
 0.2966 5289.37
 0.29672 5289.07
 0.29684 5288.74
 0.29696 5288.37
 0.29708 5287.97
 0.2972 5287.53
 0.29732 5287.06
 0.29744 5286.55
 0.29756 5286
 0.29768 5285.42
 0.2978 5284.8
 0.29792 5284.14
 0.29804 5283.45
 0.29816 5282.72
 0.29828 5281.95
 0.2984 5281.15
 0.29852 5280.32
 0.29864 5279.45
 0.29876 5278.54
 0.29888 5277.6
 0.299 5276.62
 0.29912 5275.61
 0.29924 5274.56
 0.29936 5273.48
 0.29948 5272.36
 0.2996 5271.21
 0.29972 5270.03
 0.29984 5268.81
 0.29996 5267.56
 0.30008 5266.28
 0.3002 5264.97
 0.30032 5263.62
 0.30044 5262.24
 0.30056 5260.83
 0.30068 5259.39
 0.3008 5257.92
 0.30092 5256.42
 0.30104 5254.88
 0.30116 5253.32
 0.30128 5251.73
 0.3014 5250.1
 0.30152 5248.45
 0.30164 5246.76
 0.30176 5245.05
 0.30188 5243.31
 0.302 5241.53
 0.30212 5239.73
 0.30224 5237.9
 0.30236 5236.04
 0.30248 5234.15
 0.3026 5232.24
 0.30272 5230.29
 0.30284 5228.32
 0.30296 5226.32
 0.30308 5224.3
 0.3032 5222.24
 0.30332 5220.16
 0.30344 5218.05
 0.30356 5215.91
 0.30368 5213.75
 0.3038 5211.56
 0.30392 5209.34
 0.30404 5207.1
 0.30416 5204.83
 0.30428 5202.53
 0.3044 5200.2
 0.30452 5197.86
 0.30464 5195.48
 0.30476 5193.08
 0.30488 5190.65
 0.305 5188.2
 0.30512 5185.72
 0.30524 5183.22
 0.30536 5180.69
 0.30548 5178.13
 0.3056 5175.55
 0.30572 5172.95
 0.30584 5170.32
 0.30596 5167.67
 0.30608 5164.99
 0.3062 5162.29
 0.30632 5159.56
 0.30644 5156.81
 0.30656 5154.04
 0.30668 5151.24
 0.3068 5148.42
 0.30692 5145.58
 0.30704 5142.71
 0.30716 5139.82
 0.30728 5136.91
 0.3074 5133.98
 0.30752 5131.02
 0.30764 5128.04
 0.30776 5125.04
 0.30788 5122.02
 0.308 5118.98
 0.30812 5115.91
 0.30824 5112.83
 0.30836 5109.72
 0.30848 5106.59
 0.3086 5103.44
 0.30872 5100.27
 0.30884 5097.08
 0.30896 5093.87
 0.30908 5090.64
 0.3092 5087.39
 0.30932 5084.12
 0.30944 5080.83
 0.30956 5077.52
 0.30968 5074.19
 0.3098 5070.84
 0.30992 5067.47
 0.31004 5064.08
 0.31016 5060.68
 0.31028 5057.25
 0.3104 5053.81
 0.31052 5050.35
 0.31064 5046.87
 0.31076 5043.38
 0.31088 5039.87
 0.311 5036.34
 0.31112 5032.8
 0.31124 5029.25
 0.31136 5025.68
 0.31148 5022.09
 0.3116 5018.49
 0.31172 5014.88
 0.31184 5011.26
 0.31196 5007.63
 0.31208 5003.98
 0.3122 5000.32
 0.31232 4996.66
 0.31244 4992.98
 0.31256 4989.3
 0.31268 4985.61
 0.3128 4981.91
 0.31292 4978.2
 0.31304 4974.49
 0.31316 4970.77
 0.31328 4967.05
 0.3134 4963.32
 0.31352 4959.59
 0.31364 4955.85
 0.31376 4952.11
 0.31388 4948.37
 0.314 4944.63
 0.31412 4940.88
 0.31424 4937.13
 0.31436 4933.38
 0.31448 4929.63
 0.3146 4925.88
 0.31472 4922.13
 0.31484 4918.37
 0.31496 4914.62
 0.31508 4910.87
 0.3152 4907.12
 0.31532 4903.36
 0.31544 4899.61
 0.31556 4895.86
 0.31568 4892.11
 0.3158 4888.36
 0.31592 4884.62
 0.31604 4880.87
 0.31616 4877.13
 0.31628 4873.39
 0.3164 4869.65
 0.31652 4865.92
 0.31664 4862.19
 0.31676 4858.46
 0.31688 4854.73
 0.317 4851.01
 0.31712 4847.29
 0.31724 4843.57
 0.31736 4839.86
 0.31748 4836.16
 0.3176 4832.46
 0.31772 4828.76
 0.31784 4825.07
 0.31796 4821.39
 0.31808 4817.71
 0.3182 4814.03
 0.31832 4810.36
 0.31844 4806.7
 0.31856 4803.04
 0.31868 4799.39
 0.3188 4795.75
 0.31892 4792.11
 0.31904 4788.47
 0.31916 4784.84
 0.31928 4781.22
 0.3194 4777.6
 0.31952 4773.99
 0.31964 4770.39
 0.31976 4766.79
 0.31988 4763.2
 0.32 4759.61
 0.32012 4756.03
 0.32024 4752.45
 0.32036 4748.88
 0.32048 4745.32
 0.3206 4741.76
 0.32072 4738.21
 0.32084 4734.67
 0.32096 4731.13
 0.32108 4727.6
 0.3212 4724.07
 0.32132 4720.55
 0.32144 4717.04
 0.32156 4713.53
 0.32168 4710.03
 0.3218 4706.54
 0.32192 4703.05
 0.32204 4699.57
 0.32216 4696.1
 0.32228 4692.63
 0.3224 4689.17
 0.32252 4685.72
 0.32264 4682.27
 0.32276 4678.83
 0.32288 4675.4
 0.323 4671.98
 0.32312 4668.56
 0.32324 4665.15
 0.32336 4661.75
 0.32348 4658.36
 0.3236 4654.97
 0.32372 4651.59
 0.32384 4648.22
 0.32396 4644.86
 0.32408 4641.51
 0.3242 4638.16
 0.32432 4634.83
 0.32444 4631.5
 0.32456 4628.18
 0.32468 4624.87
 0.3248 4621.56
 0.32492 4618.27
 0.32504 4614.98
 0.32516 4611.71
 0.32528 4608.44
 0.3254 4605.18
 0.32552 4601.94
 0.32564 4598.7
 0.32576 4595.48
 0.32588 4592.27
 0.326 4589.07
 0.32612 4585.88
 0.32624 4582.71
 0.32636 4579.55
 0.32648 4576.41
 0.3266 4573.28
 0.32672 4570.16
 0.32684 4567.06
 0.32696 4563.98
 0.32708 4560.91
 0.3272 4557.86
 0.32732 4554.83
 0.32744 4551.82
 0.32756 4548.82
 0.32768 4545.84
 0.3278 4542.88
 0.32792 4539.94
 0.32804 4537.02
 0.32816 4534.12
 0.32828 4531.23
 0.3284 4528.37
 0.32852 4525.53
 0.32864 4522.7
 0.32876 4519.9
 0.32888 4517.11
 0.329 4514.35
 0.32912 4511.61
 0.32924 4508.89
 0.32936 4506.19
 0.32948 4503.51
 0.3296 4500.85
 0.32972 4498.22
 0.32984 4495.6
 0.32996 4493.01
 0.33008 4490.44
 0.3302 4487.89
 0.33032 4485.36
 0.33044 4482.86
 0.33056 4480.37
 0.33068 4477.91
 0.3308 4475.47
 0.33092 4473.05
 0.33104 4470.66
 0.33116 4468.28
 0.33128 4465.93
 0.3314 4463.6
 0.33152 4461.29
 0.33164 4459
 0.33176 4456.73
 0.33188 4454.49
 0.332 4452.26
 0.33212 4450.06
 0.33224 4447.88
 0.33236 4445.72
 0.33248 4443.58
 0.3326 4441.47
 0.33272 4439.37
 0.33284 4437.3
 0.33296 4435.24
 0.33308 4433.21
 0.3332 4431.2
 0.33332 4429.2
 0.33344 4427.23
 0.33356 4425.28
 0.33368 4423.35
 0.3338 4421.44
 0.33392 4419.56
 0.33404 4417.69
 0.33416 4415.84
 0.33428 4414.02
 0.3344 4412.22
 0.33452 4410.43
 0.33464 4408.67
 0.33476 4406.93
 0.33488 4405.21
 0.335 4403.51
 0.33512 4401.83
 0.33524 4400.18
 0.33536 4398.54
 0.33548 4396.93
 0.3356 4395.33
 0.33572 4393.76
 0.33584 4392.21
 0.33596 4390.68
 0.33608 4389.17
 0.3362 4387.68
 0.33632 4386.22
 0.33644 4384.77
 0.33656 4383.35
 0.33668 4381.95
 0.3368 4380.57
 0.33692 4379.21
 0.33704 4377.87
 0.33716 4376.55
 0.33728 4375.26
 0.3374 4373.98
 0.33752 4372.72
 0.33764 4371.49
 0.33776 4370.28
 0.33788 4369.08
 0.338 4367.91
 0.33812 4366.76
 0.33824 4365.62
 0.33836 4364.51
 0.33848 4363.42
 0.3386 4362.35
 0.33872 4361.3
 0.33884 4360.27
 0.33896 4359.26
 0.33908 4358.26
 0.3392 4357.29
 0.33932 4356.34
 0.33944 4355.41
 0.33956 4354.5
 0.33968 4353.6
 0.3398 4352.73
 0.33992 4351.88
 0.34004 4351.04
 0.34016 4350.22
 0.34028 4349.43
 0.3404 4348.65
 0.34052 4347.88
 0.34064 4347.14
 0.34076 4346.41
 0.34088 4345.7
 0.341 4345.01
 0.34112 4344.33
 0.34124 4343.67
 0.34136 4343.03
 0.34148 4342.4
 0.3416 4341.78
 0.34172 4341.18
 0.34184 4340.6
 0.34196 4340.03
 0.34208 4339.47
 0.3422 4338.92
 0.34232 4338.39
 0.34244 4337.87
 0.34256 4337.36
 0.34268 4336.86
 0.3428 4336.38
 0.34292 4335.9
 0.34304 4335.43
 0.34316 4334.97
 0.34328 4334.53
 0.3434 4334.09
 0.34352 4333.66
 0.34364 4333.24
 0.34376 4332.83
 0.34388 4332.42
 0.344 4332.03
 0.34412 4331.64
 0.34424 4331.26
 0.34436 4330.89
 0.34448 4330.53
 0.3446 4330.18
 0.34472 4329.83
 0.34484 4329.49
 0.34496 4329.16
 0.34508 4328.84
 0.3452 4328.52
 0.34532 4328.22
 0.34544 4327.92
 0.34556 4327.62
 0.34568 4327.34
 0.3458 4327.06
 0.34592 4326.79
 0.34604 4326.53
 0.34616 4326.27
 0.34628 4326.02
 0.3464 4325.78
 0.34652 4325.54
 0.34664 4325.31
 0.34676 4325.09
 0.34688 4324.88
 0.347 4324.66
 0.34712 4324.46
 0.34724 4324.26
 0.34736 4324.07
 0.34748 4323.88
 0.3476 4323.69
 0.34772 4323.52
 0.34784 4323.34
 0.34796 4323.17
 0.34808 4323.01
 0.3482 4322.85
 0.34832 4322.7
 0.34844 4322.56
 0.34856 4322.42
 0.34868 4322.28
 0.3488 4322.16
 0.34892 4322.04
 0.34904 4321.92
 0.34916 4321.82
 0.34928 4321.72
 0.3494 4321.64
 0.34952 4321.56
 0.34964 4321.49
 0.34976 4321.43
 0.34988 4321.38
 0.35 4321.34
 0.35012 4321.31
 0.35024 4321.29
 0.35036 4321.28
 0.35048 4321.29
 0.3506 4321.3
 0.35072 4321.33
 0.35084 4321.37
 0.35096 4321.42
 0.35108 4321.49
 0.3512 4321.57
 0.35132 4321.66
 0.35144 4321.77
 0.35156 4321.89
 0.35168 4322.02
 0.3518 4322.17
 0.35192 4322.33
 0.35204 4322.51
 0.35216 4322.71
 0.35228 4322.92
 0.3524 4323.14
 0.35252 4323.39
 0.35264 4323.65
 0.35276 4323.92
 0.35288 4324.22
 0.353 4324.53
 0.35312 4324.86
 0.35324 4325.2
 0.35336 4325.57
 0.35348 4325.95
 0.3536 4326.35
 0.35372 4326.77
 0.35384 4327.2
 0.35396 4327.66
 0.35408 4328.13
 0.3542 4328.62
 0.35432 4329.13
 0.35444 4329.66
 0.35456 4330.21
 0.35468 4330.78
 0.3548 4331.36
 0.35492 4331.97
 0.35504 4332.6
 0.35516 4333.24
 0.35528 4333.91
 0.3554 4334.6
 0.35552 4335.3
 0.35564 4336.03
 0.35576 4336.78
 0.35588 4337.55
 0.356 4338.33
 0.35612 4339.14
 0.35624 4339.97
 0.35636 4340.82
 0.35648 4341.69
 0.3566 4342.58
 0.35672 4343.49
 0.35684 4344.41
 0.35696 4345.36
 0.35708 4346.33
 0.3572 4347.32
 0.35732 4348.33
 0.35744 4349.36
 0.35756 4350.41
 0.35768 4351.48
 0.3578 4352.56
 0.35792 4353.67
 0.35804 4354.8
 0.35816 4355.95
 0.35828 4357.12
 0.3584 4358.3
 0.35852 4359.51
 0.35864 4360.74
 0.35876 4361.99
 0.35888 4363.25
 0.359 4364.54
 0.35912 4365.84
 0.35924 4367.16
 0.35936 4368.51
 0.35948 4369.87
 0.3596 4371.24
 0.35972 4372.64
 0.35984 4374.06
 0.35996 4375.49
 0.36008 4376.95
 0.3602 4378.42
 0.36032 4379.91
 0.36044 4381.42
 0.36056 4382.95
 0.36068 4384.49
 0.3608 4386.06
 0.36092 4387.65
 0.36104 4389.25
 0.36116 4390.87
 0.36128 4392.52
 0.3614 4394.18
 0.36152 4395.87
 0.36164 4397.57
 0.36176 4399.3
 0.36188 4401.04
 0.362 4402.81
 0.36212 4404.6
 0.36224 4406.41
 0.36236 4408.24
 0.36248 4410.09
 0.3626 4411.97
 0.36272 4413.87
 0.36284 4415.79
 0.36296 4417.73
 0.36308 4419.7
 0.3632 4421.69
 0.36332 4423.71
 0.36344 4425.75
 0.36356 4427.81
 0.36368 4429.9
 0.3638 4432.01
 0.36392 4434.15
 0.36404 4436.3
 0.36416 4438.49
 0.36428 4440.69
 0.3644 4442.93
 0.36452 4445.18
 0.36464 4447.46
 0.36476 4449.76
 0.36488 4452.09
 0.365 4454.44
 0.36512 4456.81
 0.36524 4459.21
 0.36536 4461.63
 0.36548 4464.08
 0.3656 4466.55
 0.36572 4469.04
 0.36584 4471.55
 0.36596 4474.1
 0.36608 4476.66
 0.3662 4479.25
 0.36632 4481.86
 0.36644 4484.5
 0.36656 4487.16
 0.36668 4489.84
 0.3668 4492.55
 0.36692 4495.29
 0.36704 4498.05
 0.36716 4500.83
 0.36728 4503.64
 0.3674 4506.48
 0.36752 4509.34
 0.36764 4512.22
 0.36776 4515.13
 0.36788 4518.07
 0.368 4521.04
 0.36812 4524.03
 0.36824 4527.04
 0.36836 4530.09
 0.36848 4533.16
 0.3686 4536.26
 0.36872 4539.38
 0.36884 4542.53
 0.36896 4545.71
 0.36908 4548.92
 0.3692 4552.16
 0.36932 4555.42
 0.36944 4558.71
 0.36956 4562.03
 0.36968 4565.37
 0.3698 4568.75
 0.36992 4572.15
 0.37004 4575.58
 0.37016 4579.04
 0.37028 4582.53
 0.3704 4586.05
 0.37052 4589.59
 0.37064 4593.17
 0.37076 4596.77
 0.37088 4600.4
 0.371 4604.06
 0.37112 4607.75
 0.37124 4611.46
 0.37136 4615.21
 0.37148 4618.99
 0.3716 4622.79
 0.37172 4626.62
 0.37184 4630.49
 0.37196 4634.38
 0.37208 4638.3
 0.3722 4642.25
 0.37232 4646.23
 0.37244 4650.24
 0.37256 4654.28
 0.37268 4658.36
 0.3728 4662.46
 0.37292 4666.59
 0.37304 4670.75
 0.37316 4674.94
 0.37328 4679.16
 0.3734 4683.42
 0.37352 4687.7
 0.37364 4692.01
 0.37376 4696.36
 0.37388 4700.73
 0.374 4705.14
 0.37412 4709.57
 0.37424 4714.04
 0.37436 4718.53
 0.37448 4723.06
 0.3746 4727.61
 0.37472 4732.2
 0.37484 4736.81
 0.37496 4741.45
 0.37508 4746.13
 0.3752 4750.83
 0.37532 4755.56
 0.37544 4760.33
 0.37556 4765.12
 0.37568 4769.94
 0.3758 4774.79
 0.37592 4779.67
 0.37604 4784.58
 0.37616 4789.52
 0.37628 4794.49
 0.3764 4799.49
 0.37652 4804.52
 0.37664 4809.58
 0.37676 4814.68
 0.37688 4819.8
 0.377 4824.95
 0.37712 4830.14
 0.37724 4835.36
 0.37736 4840.61
 0.37748 4845.89
 0.3776 4851.21
 0.37772 4856.55
 0.37784 4861.93
 0.37796 4867.34
 0.37808 4872.79
 0.3782 4878.27
 0.37832 4883.78
 0.37844 4889.32
 0.37856 4894.89
 0.37868 4900.5
 0.3788 4906.13
 0.37892 4911.8
 0.37904 4917.49
 0.37916 4923.22
 0.37928 4928.97
 0.3794 4934.75
 0.37952 4940.56
 0.37964 4946.39
 0.37976 4952.26
 0.37988 4958.14
 0.38 4964.06
 0.38012 4970
 0.38024 4975.96
 0.38036 4981.94
 0.38048 4987.95
 0.3806 4993.99
 0.38072 5000.04
 0.38084 5006.11
 0.38096 5012.21
 0.38108 5018.33
 0.3812 5024.47
 0.38132 5030.62
 0.38144 5036.8
 0.38156 5042.99
 0.38168 5049.21
 0.3818 5055.43
 0.38192 5061.68
 0.38204 5067.94
 0.38216 5074.22
 0.38228 5080.51
 0.3824 5086.81
 0.38252 5093.13
 0.38264 5099.46
 0.38276 5105.79
 0.38288 5112.14
 0.383 5118.5
 0.38312 5124.87
 0.38324 5131.25
 0.38336 5137.64
 0.38348 5144.03
 0.3836 5150.43
 0.38372 5156.84
 0.38384 5163.26
 0.38396 5169.68
 0.38408 5176.1
 0.3842 5182.53
 0.38432 5188.97
 0.38444 5195.4
 0.38456 5201.84
 0.38468 5208.28
 0.3848 5214.73
 0.38492 5221.17
 0.38504 5227.61
 0.38516 5234.05
 0.38528 5240.5
 0.3854 5246.94
 0.38552 5253.37
 0.38564 5259.81
 0.38576 5266.23
 0.38588 5272.66
 0.386 5279.08
 0.38612 5285.49
 0.38624 5291.9
 0.38636 5298.3
 0.38648 5304.69
 0.3866 5311.08
 0.38672 5317.46
 0.38684 5323.83
 0.38696 5330.19
 0.38708 5336.53
 0.3872 5342.87
 0.38732 5349.2
 0.38744 5355.51
 0.38756 5361.82
 0.38768 5368.11
 0.3878 5374.39
 0.38792 5380.65
 0.38804 5386.9
 0.38816 5393.14
 0.38828 5399.36
 0.3884 5405.56
 0.38852 5411.75
 0.38864 5417.92
 0.38876 5424.08
 0.38888 5430.22
 0.389 5436.34
 0.38912 5442.44
 0.38924 5448.53
 0.38936 5454.6
 0.38948 5460.65
 0.3896 5466.68
 0.38972 5472.7
 0.38984 5478.69
 0.38996 5484.67
 0.39008 5490.62
 0.3902 5496.55
 0.39032 5502.47
 0.39044 5508.36
 0.39056 5514.23
 0.39068 5520.08
 0.3908 5525.9
 0.39092 5531.7
 0.39104 5537.48
 0.39116 5543.24
 0.39128 5548.97
 0.3914 5554.67
 0.39152 5560.35
 0.39164 5566
 0.39176 5571.63
 0.39188 5577.23
 0.392 5582.79
 0.39212 5588.33
 0.39224 5593.84
 0.39236 5599.33
 0.39248 5604.77
 0.3926 5610.19
 0.39272 5615.58
 0.39284 5620.93
 0.39296 5626.25
 0.39308 5631.54
 0.3932 5636.79
 0.39332 5642.01
 0.39344 5647.19
 0.39356 5652.34
 0.39368 5657.46
 0.3938 5662.53
 0.39392 5667.58
 0.39404 5672.58
 0.39416 5677.55
 0.39428 5682.49
 0.3944 5687.39
 0.39452 5692.25
 0.39464 5697.08
 0.39476 5701.87
 0.39488 5706.62
 0.395 5711.34
 0.39512 5716.01
 0.39524 5720.65
 0.39536 5725.26
 0.39548 5729.82
 0.3956 5734.35
 0.39572 5738.84
 0.39584 5743.29
 0.39596 5747.7
 0.39608 5752.07
 0.3962 5756.4
 0.39632 5760.69
 0.39644 5764.94
 0.39656 5769.14
 0.39668 5773.31
 0.3968 5777.44
 0.39692 5781.52
 0.39704 5785.56
 0.39716 5789.55
 0.39728 5793.51
 0.3974 5797.41
 0.39752 5801.28
 0.39764 5805.1
 0.39776 5808.87
 0.39788 5812.59
 0.398 5816.27
 0.39812 5819.9
 0.39824 5823.49
 0.39836 5827.02
 0.39848 5830.51
 0.3986 5833.95
 0.39872 5837.34
 0.39884 5840.68
 0.39896 5843.96
 0.39908 5847.2
 0.3992 5850.39
 0.39932 5853.53
 0.39944 5856.61
 0.39956 5859.64
 0.39968 5862.63
 0.3998 5865.55
 0.39992 5868.43
 0.40004 5871.25
 0.40016 5874.03
 0.40028 5876.74
 0.4004 5879.41
 0.40052 5882.02
 0.40064 5884.58
 0.40076 5887.09
 0.40088 5889.54
 0.401 5891.94
 0.40112 5894.28
 0.40124 5896.57
 0.40136 5898.81
 0.40148 5900.99
 0.4016 5903.12
 0.40172 5905.19
 0.40184 5907.21
 0.40196 5909.18
 0.40208 5911.09
 0.4022 5912.95
 0.40232 5914.75
 0.40244 5916.5
 0.40256 5918.19
 0.40268 5919.83
 0.4028 5921.42
 0.40292 5922.95
 0.40304 5924.42
 0.40316 5925.84
 0.40328 5927.21
 0.4034 5928.52
 0.40352 5929.77
 0.40364 5930.97
 0.40376 5932.11
 0.40388 5933.2
 0.404 5934.22
 0.40412 5935.2
 0.40424 5936.11
 0.40436 5936.97
 0.40448 5937.77
 0.4046 5938.52
 0.40472 5939.21
 0.40484 5939.83
 0.40496 5940.41
 0.40508 5940.92
 0.4052 5941.38
 0.40532 5941.77
 0.40544 5942.11
 0.40556 5942.39
 0.40568 5942.61
 0.4058 5942.77
 0.40592 5942.87
 0.40604 5942.92
 0.40616 5942.9
 0.40628 5942.82
 0.4064 5942.68
 0.40652 5942.48
 0.40664 5942.21
 0.40676 5941.89
 0.40688 5941.5
 0.407 5941.05
 0.40712 5940.53
 0.40724 5939.95
 0.40736 5939.31
 0.40748 5938.6
 0.4076 5937.82
 0.40772 5936.98
 0.40784 5936.08
 0.40796 5935.1
 0.40808 5934.07
 0.4082 5932.96
 0.40832 5931.79
 0.40844 5930.55
 0.40856 5929.24
 0.40868 5927.87
 0.4088 5926.42
 0.40892 5924.92
 0.40904 5923.35
 0.40916 5921.71
 0.40928 5920.01
 0.4094 5918.24
 0.40952 5916.41
 0.40964 5914.51
 0.40976 5912.55
 0.40988 5910.53
 0.41 5908.45
 0.41012 5906.3
 0.41024 5904.1
 0.41036 5901.83
 0.41048 5899.5
 0.4106 5897.11
 0.41072 5894.66
 0.41084 5892.15
 0.41096 5889.58
 0.41108 5886.95
 0.4112 5884.26
 0.41132 5881.52
 0.41144 5878.72
 0.41156 5875.86
 0.41168 5872.95
 0.4118 5869.98
 0.41192 5866.96
 0.41204 5863.89
 0.41216 5860.76
 0.41228 5857.58
 0.4124 5854.35
 0.41252 5851.07
 0.41264 5847.75
 0.41276 5844.37
 0.41288 5840.95
 0.413 5837.48
 0.41312 5833.97
 0.41324 5830.41
 0.41336 5826.81
 0.41348 5823.17
 0.4136 5819.48
 0.41372 5815.76
 0.41384 5811.99
 0.41396 5808.18
 0.41408 5804.34
 0.4142 5800.46
 0.41432 5796.54
 0.41444 5792.58
 0.41456 5788.59
 0.41468 5784.57
 0.4148 5780.52
 0.41492 5776.43
 0.41504 5772.31
 0.41516 5768.16
 0.41528 5763.98
 0.4154 5759.78
 0.41552 5755.54
 0.41564 5751.28
 0.41576 5747
 0.41588 5742.69
 0.416 5738.36
 0.41612 5734
 0.41624 5729.62
 0.41636 5725.22
 0.41648 5720.79
 0.4166 5716.35
 0.41672 5711.89
 0.41684 5707.4
 0.41696 5702.9
 0.41708 5698.38
 0.4172 5693.84
 0.41732 5689.29
 0.41744 5684.72
 0.41756 5680.13
 0.41768 5675.52
 0.4178 5670.91
 0.41792 5666.27
 0.41804 5661.62
 0.41816 5656.96
 0.41828 5652.29
 0.4184 5647.6
 0.41852 5642.9
 0.41864 5638.19
 0.41876 5633.47
 0.41888 5628.74
 0.419 5623.99
 0.41912 5619.24
 0.41924 5614.47
 0.41936 5609.69
 0.41948 5604.91
 0.4196 5600.11
 0.41972 5595.3
 0.41984 5590.49
 0.41996 5585.66
 0.42008 5580.83
 0.4202 5575.99
 0.42032 5571.14
 0.42044 5566.28
 0.42056 5561.42
 0.42068 5556.55
 0.4208 5551.67
 0.42092 5546.78
 0.42104 5541.89
 0.42116 5536.99
 0.42128 5532.09
 0.4214 5527.18
 0.42152 5522.27
 0.42164 5517.36
 0.42176 5512.44
 0.42188 5507.52
 0.422 5502.59
 0.42212 5497.67
 0.42224 5492.74
 0.42236 5487.81
 0.42248 5482.88
 0.4226 5477.96
 0.42272 5473.03
 0.42284 5468.1
 0.42296 5463.17
 0.42308 5458.25
 0.4232 5453.33
 0.42332 5448.4
 0.42344 5443.49
 0.42356 5438.57
 0.42368 5433.65
 0.4238 5428.74
 0.42392 5423.83
 0.42404 5418.93
 0.42416 5414.03
 0.42428 5409.13
 0.4244 5404.23
 0.42452 5399.34
 0.42464 5394.45
 0.42476 5389.57
 0.42488 5384.69
 0.425 5379.81
 0.42512 5374.94
 0.42524 5370.08
 0.42536 5365.22
 0.42548 5360.36
 0.4256 5355.52
 0.42572 5350.67
 0.42584 5345.84
 0.42596 5341.01
 0.42608 5336.19
 0.4262 5331.38
 0.42632 5326.57
 0.42644 5321.78
 0.42656 5317
 0.42668 5312.22
 0.4268 5307.46
 0.42692 5302.71
 0.42704 5297.97
 0.42716 5293.24
 0.42728 5288.53
 0.4274 5283.83
 0.42752 5279.14
 0.42764 5274.47
 0.42776 5269.82
 0.42788 5265.18
 0.428 5260.56
 0.42812 5255.96
 0.42824 5251.37
 0.42836 5246.81
 0.42848 5242.26
 0.4286 5237.74
 0.42872 5233.23
 0.42884 5228.75
 0.42896 5224.28
 0.42908 5219.84
 0.4292 5215.43
 0.42932 5211.03
 0.42944 5206.66
 0.42956 5202.32
 0.42968 5197.99
 0.4298 5193.7
 0.42992 5189.42
 0.43004 5185.18
 0.43016 5180.96
 0.43028 5176.76
 0.4304 5172.6
 0.43052 5168.46
 0.43064 5164.35
 0.43076 5160.26
 0.43088 5156.21
 0.431 5152.18
 0.43112 5148.19
 0.43124 5144.22
 0.43136 5140.28
 0.43148 5136.37
 0.4316 5132.49
 0.43172 5128.64
 0.43184 5124.82
 0.43196 5121.03
 0.43208 5117.26
 0.4322 5113.53
 0.43232 5109.83
 0.43244 5106.15
 0.43256 5102.51
 0.43268 5098.89
 0.4328 5095.3
 0.43292 5091.75
 0.43304 5088.22
 0.43316 5084.72
 0.43328 5081.26
 0.4334 5077.82
 0.43352 5074.42
 0.43364 5071.04
 0.43376 5067.7
 0.43388 5064.39
 0.434 5061.11
 0.43412 5057.87
 0.43424 5054.65
 0.43436 5051.47
 0.43448 5048.33
 0.4346 5045.21
 0.43472 5042.13
 0.43484 5039.09
 0.43496 5036.08
 0.43508 5033.1
 0.4352 5030.16
 0.43532 5027.25
 0.43544 5024.38
 0.43556 5021.54
 0.43568 5018.74
 0.4358 5015.98
 0.43592 5013.26
 0.43604 5010.57
 0.43616 5007.91
 0.43628 5005.3
 0.4364 5002.72
 0.43652 5000.19
 0.43664 4997.69
 0.43676 4995.23
 0.43688 4992.81
 0.437 4990.42
 0.43712 4988.08
 0.43724 4985.78
 0.43736 4983.52
 0.43748 4981.31
 0.4376 4979.13
 0.43772 4977
 0.43784 4974.9
 0.43796 4972.85
 0.43808 4970.85
 0.4382 4968.88
 0.43832 4966.96
 0.43844 4965.08
 0.43856 4963.25
 0.43868 4961.46
 0.4388 4959.71
 0.43892 4958.01
 0.43904 4956.35
 0.43916 4954.73
 0.43928 4953.16
 0.4394 4951.63
 0.43952 4950.14
 0.43964 4948.69
 0.43976 4947.29
 0.43988 4945.92
 0.44 4944.6
 0.44012 4943.32
 0.44024 4942.09
 0.44036 4940.89
 0.44048 4939.74
 0.4406 4938.62
 0.44072 4937.55
 0.44084 4936.52
 0.44096 4935.52
 0.44108 4934.57
 0.4412 4933.65
 0.44132 4932.77
 0.44144 4931.94
 0.44156 4931.13
 0.44168 4930.37
 0.4418 4929.64
 0.44192 4928.95
 0.44204 4928.29
 0.44216 4927.67
 0.44228 4927.08
 0.4424 4926.53
 0.44252 4926
 0.44264 4925.51
 0.44276 4925.06
 0.44288 4924.63
 0.443 4924.23
 0.44312 4923.86
 0.44324 4923.52
 0.44336 4923.21
 0.44348 4922.93
 0.4436 4922.67
 0.44372 4922.44
 0.44384 4922.23
 0.44396 4922.05
 0.44408 4921.89
 0.4442 4921.75
 0.44432 4921.64
 0.44444 4921.54
 0.44456 4921.47
 0.44468 4921.42
 0.4448 4921.38
 0.44492 4921.37
 0.44504 4921.37
 0.44516 4921.38
 0.44528 4921.41
 0.4454 4921.46
 0.44552 4921.52
 0.44564 4921.59
 0.44576 4921.68
 0.44588 4921.78
 0.446 4921.89
 0.44612 4922.02
 0.44624 4922.15
 0.44636 4922.29
 0.44648 4922.45
 0.4466 4922.61
 0.44672 4922.79
 0.44684 4922.97
 0.44696 4923.17
 0.44708 4923.37
 0.4472 4923.58
 0.44732 4923.81
 0.44744 4924.03
 0.44756 4924.27
 0.44768 4924.52
 0.4478 4924.77
 0.44792 4925.04
 0.44804 4925.31
 0.44816 4925.58
 0.44828 4925.87
 0.4484 4926.17
 0.44852 4926.47
 0.44864 4926.78
 0.44876 4927.09
 0.44888 4927.42
 0.449 4927.75
 0.44912 4928.1
 0.44924 4928.45
 0.44936 4928.8
 0.44948 4929.17
 0.4496 4929.55
 0.44972 4929.93
 0.44984 4930.32
 0.44996 4930.73
 0.45008 4931.14
 0.4502 4931.56
 0.45032 4931.99
 0.45044 4932.43
 0.45056 4932.88
 0.45068 4933.33
 0.4508 4933.8
 0.45092 4934.28
 0.45104 4934.77
 0.45116 4935.26
 0.45128 4935.77
 0.4514 4936.29
 0.45152 4936.82
 0.45164 4937.36
 0.45176 4937.9
 0.45188 4938.46
 0.452 4939.03
 0.45212 4939.61
 0.45224 4940.19
 0.45236 4940.79
 0.45248 4941.4
 0.4526 4942.02
 0.45272 4942.64
 0.45284 4943.28
 0.45296 4943.93
 0.45308 4944.59
 0.4532 4945.26
 0.45332 4945.94
 0.45344 4946.63
 0.45356 4947.33
 0.45368 4948.04
 0.4538 4948.76
 0.45392 4949.49
 0.45404 4950.23
 0.45416 4950.99
 0.45428 4951.75
 0.4544 4952.53
 0.45452 4953.31
 0.45464 4954.11
 0.45476 4954.92
 0.45488 4955.74
 0.455 4956.58
 0.45512 4957.42
 0.45524 4958.28
 0.45536 4959.14
 0.45548 4960.02
 0.4556 4960.91
 0.45572 4961.81
 0.45584 4962.72
 0.45596 4963.64
 0.45608 4964.57
 0.4562 4965.51
 0.45632 4966.46
 0.45644 4967.42
 0.45656 4968.38
 0.45668 4969.36
 0.4568 4970.34
 0.45692 4971.34
 0.45704 4972.34
 0.45716 4973.34
 0.45728 4974.35
 0.4574 4975.37
 0.45752 4976.4
 0.45764 4977.43
 0.45776 4978.46
 0.45788 4979.5
 0.458 4980.55
 0.45812 4981.59
 0.45824 4982.64
 0.45836 4983.69
 0.45848 4984.74
 0.4586 4985.79
 0.45872 4986.85
 0.45884 4987.9
 0.45896 4988.95
 0.45908 4990
 0.4592 4991.05
 0.45932 4992.1
 0.45944 4993.14
 0.45956 4994.19
 0.45968 4995.23
 0.4598 4996.26
 0.45992 4997.3
 0.46004 4998.32
 0.46016 4999.35
 0.46028 5000.37
 0.4604 5001.38
 0.46052 5002.38
 0.46064 5003.38
 0.46076 5004.38
 0.46088 5005.36
 0.461 5006.34
 0.46112 5007.3
 0.46124 5008.26
 0.46136 5009.21
 0.46148 5010.15
 0.4616 5011.09
 0.46172 5012.01
 0.46184 5012.92
 0.46196 5013.83
 0.46208 5014.72
 0.4622 5015.61
 0.46232 5016.49
 0.46244 5017.36
 0.46256 5018.22
 0.46268 5019.08
 0.4628 5019.92
 0.46292 5020.76
 0.46304 5021.59
 0.46316 5022.41
 0.46328 5023.22
 0.4634 5024.02
 0.46352 5024.81
 0.46364 5025.6
 0.46376 5026.37
 0.46388 5027.14
 0.464 5027.9
 0.46412 5028.64
 0.46424 5029.38
 0.46436 5030.11
 0.46448 5030.83
 0.4646 5031.54
 0.46472 5032.24
 0.46484 5032.93
 0.46496 5033.61
 0.46508 5034.28
 0.4652 5034.94
 0.46532 5035.59
 0.46544 5036.23
 0.46556 5036.86
 0.46568 5037.48
 0.4658 5038.09
 0.46592 5038.69
 0.46604 5039.28
 0.46616 5039.86
 0.46628 5040.43
 0.4664 5040.98
 0.46652 5041.53
 0.46664 5042.06
 0.46676 5042.59
 0.46688 5043.1
 0.467 5043.6
 0.46712 5044.1
 0.46724 5044.58
 0.46736 5045.04
 0.46748 5045.5
 0.4676 5045.95
 0.46772 5046.38
 0.46784 5046.8
 0.46796 5047.22
 0.46808 5047.62
 0.4682 5048
 0.46832 5048.38
 0.46844 5048.74
 0.46856 5049.09
 0.46868 5049.43
 0.4688 5049.76
 0.46892 5050.08
 0.46904 5050.39
 0.46916 5050.68
 0.46928 5050.96
 0.4694 5051.23
 0.46952 5051.49
 0.46964 5051.74
 0.46976 5051.97
 0.46988 5052.2
 0.47 5052.41
 0.47012 5052.61
 0.47024 5052.81
 0.47036 5052.99
 0.47048 5053.16
 0.4706 5053.31
 0.47072 5053.46
 0.47084 5053.6
 0.47096 5053.73
 0.47108 5053.85
 0.4712 5053.96
 0.47132 5054.07
 0.47144 5054.16
 0.47156 5054.25
 0.47168 5054.33
 0.4718 5054.4
 0.47192 5054.46
 0.47204 5054.52
 0.47216 5054.57
 0.47228 5054.62
 0.4724 5054.65
 0.47252 5054.69
 0.47264 5054.71
 0.47276 5054.73
 0.47288 5054.75
 0.473 5054.76
 0.47312 5054.76
 0.47324 5054.76
 0.47336 5054.76
 0.47348 5054.75
 0.4736 5054.74
 0.47372 5054.72
 0.47384 5054.71
 0.47396 5054.68
 0.47408 5054.66
 0.4742 5054.64
 0.47432 5054.61
 0.47444 5054.58
 0.47456 5054.56
 0.47468 5054.53
 0.4748 5054.5
 0.47492 5054.47
 0.47504 5054.44
 0.47516 5054.42
 0.47528 5054.39
 0.4754 5054.37
 0.47552 5054.35
 0.47564 5054.33
 0.47576 5054.31
 0.47588 5054.3
 0.476 5054.29
 0.47612 5054.28
 0.47624 5054.28
 0.47636 5054.28
 0.47648 5054.28
 0.4766 5054.28
 0.47672 5054.29
 0.47684 5054.3
 0.47696 5054.32
 0.47708 5054.33
 0.4772 5054.35
 0.47732 5054.38
 0.47744 5054.41
 0.47756 5054.44
 0.47768 5054.47
 0.4778 5054.51
 0.47792 5054.55
 0.47804 5054.59
 0.47816 5054.64
 0.47828 5054.69
 0.4784 5054.74
 0.47852 5054.8
 0.47864 5054.85
 0.47876 5054.91
 0.47888 5054.98
 0.479 5055.04
 0.47912 5055.11
 0.47924 5055.18
 0.47936 5055.25
 0.47948 5055.32
 0.4796 5055.39
 0.47972 5055.47
 0.47984 5055.54
 0.47996 5055.62
 0.48008 5055.7
 0.4802 5055.77
 0.48032 5055.85
 0.48044 5055.93
 0.48056 5056.01
 0.48068 5056.09
 0.4808 5056.17
 0.48092 5056.25
 0.48104 5056.33
 0.48116 5056.4
 0.48128 5056.48
 0.4814 5056.56
 0.48152 5056.63
 0.48164 5056.71
 0.48176 5056.78
 0.48188 5056.86
 0.482 5056.93
 0.48212 5057
 0.48224 5057.07
 0.48236 5057.13
 0.48248 5057.2
 0.4826 5057.26
 0.48272 5057.32
 0.48284 5057.38
 0.48296 5057.44
 0.48308 5057.5
 0.4832 5057.55
 0.48332 5057.6
 0.48344 5057.65
 0.48356 5057.7
 0.48368 5057.74
 0.4838 5057.78
 0.48392 5057.82
 0.48404 5057.85
 0.48416 5057.88
 0.48428 5057.91
 0.4844 5057.94
 0.48452 5057.96
 0.48464 5057.97
 0.48476 5057.99
 0.48488 5058
 0.485 5058.01
 0.48512 5058.01
 0.48524 5058.01
 0.48536 5058
 0.48548 5057.99
 0.4856 5057.98
 0.48572 5057.96
 0.48584 5057.94
 0.48596 5057.92
 0.48608 5057.89
 0.4862 5057.86
 0.48632 5057.83
 0.48644 5057.79
 0.48656 5057.75
 0.48668 5057.71
 0.4868 5057.66
 0.48692 5057.62
 0.48704 5057.57
 0.48716 5057.52
 0.48728 5057.46
 0.4874 5057.41
 0.48752 5057.35
 0.48764 5057.3
 0.48776 5057.24
 0.48788 5057.19
 0.488 5057.13
 0.48812 5057.08
 0.48824 5057.02
 0.48836 5056.97
 0.48848 5056.93
 0.4886 5056.88
 0.48872 5056.84
 0.48884 5056.8
 0.48896 5056.77
 0.48908 5056.74
 0.4892 5056.72
 0.48932 5056.69
 0.48944 5056.68
 0.48956 5056.66
 0.48968 5056.66
 0.4898 5056.65
 0.48992 5056.65
 0.49004 5056.66
 0.49016 5056.67
 0.49028 5056.69
 0.4904 5056.72
 0.49052 5056.75
 0.49064 5056.79
 0.49076 5056.83
 0.49088 5056.89
 0.491 5056.95
 0.49112 5057.02
 0.49124 5057.09
 0.49136 5057.18
 0.49148 5057.27
 0.4916 5057.38
 0.49172 5057.49
 0.49184 5057.61
 0.49196 5057.74
 0.49208 5057.88
 0.4922 5058.03
 0.49232 5058.19
 0.49244 5058.35
 0.49256 5058.53
 0.49268 5058.71
 0.4928 5058.9
 0.49292 5059.1
 0.49304 5059.31
 0.49316 5059.52
 0.49328 5059.75
 0.4934 5059.98
 0.49352 5060.22
 0.49364 5060.46
 0.49376 5060.72
 0.49388 5060.98
 0.494 5061.25
 0.49412 5061.53
 0.49424 5061.81
 0.49436 5062.1
 0.49448 5062.4
 0.4946 5062.7
 0.49472 5063.01
 0.49484 5063.33
 0.49496 5063.65
 0.49508 5063.98
 0.4952 5064.32
 0.49532 5064.66
 0.49544 5065.01
 0.49556 5065.36
 0.49568 5065.72
 0.4958 5066.09
 0.49592 5066.46
 0.49604 5066.84
 0.49616 5067.22
 0.49628 5067.6
 0.4964 5068
 0.49652 5068.39
 0.49664 5068.8
 0.49676 5069.2
 0.49688 5069.62
 0.497 5070.03
 0.49712 5070.45
 0.49724 5070.88
 0.49736 5071.31
 0.49748 5071.75
 0.4976 5072.18
 0.49772 5072.63
 0.49784 5073.07
 0.49796 5073.52
 0.49808 5073.98
 0.4982 5074.44
 0.49832 5074.9
 0.49844 5075.36
 0.49856 5075.83
 0.49868 5076.31
 0.4988 5076.78
 0.49892 5077.26
 0.49904 5077.74
 0.49916 5078.23
 0.49928 5078.71
 0.4994 5079.2
 0.49952 5079.7
 0.49964 5080.19
 0.49976 5080.69
 0.49988 5081.19
 0.5 5081.69
 0.50012 5082.2
 0.50024 5082.7
 0.50036 5083.21
 0.50048 5083.72
 0.5006 5084.23
 0.50072 5084.74
 0.50084 5085.26
 0.50096 5085.77
 0.50108 5086.29
 0.5012 5086.81
 0.50132 5087.32
 0.50144 5087.84
 0.50156 5088.36
 0.50168 5088.87
 0.5018 5089.39
 0.50192 5089.9
 0.50204 5090.42
 0.50216 5090.94
 0.50228 5091.45
 0.5024 5091.97
 0.50252 5092.48
 0.50264 5093
 0.50276 5093.51
 0.50288 5094.03
 0.503 5094.54
 0.50312 5095.05
 0.50324 5095.57
 0.50336 5096.08
 0.50348 5096.6
 0.5036 5097.11
 0.50372 5097.62
 0.50384 5098.14
 0.50396 5098.65
 0.50408 5099.17
 0.5042 5099.68
 0.50432 5100.2
 0.50444 5100.71
 0.50456 5101.22
 0.50468 5101.74
 0.5048 5102.25
 0.50492 5102.77
 0.50504 5103.28
 0.50516 5103.79
 0.50528 5104.3
 0.5054 5104.82
 0.50552 5105.33
 0.50564 5105.84
 0.50576 5106.35
 0.50588 5106.87
 0.506 5107.38
 0.50612 5107.89
 0.50624 5108.4
 0.50636 5108.91
 0.50648 5109.42
 0.5066 5109.94
 0.50672 5110.45
 0.50684 5110.96
 0.50696 5111.47
 0.50708 5111.98
 0.5072 5112.49
 0.50732 5113
 0.50744 5113.52
 0.50756 5114.03
 0.50768 5114.54
 0.5078 5115.05
 0.50792 5115.56
 0.50804 5116.07
 0.50816 5116.58
 0.50828 5117.09
 0.5084 5117.6
 0.50852 5118.1
 0.50864 5118.61
 0.50876 5119.12
 0.50888 5119.62
 0.509 5120.13
 0.50912 5120.63
 0.50924 5121.13
 0.50936 5121.64
 0.50948 5122.13
 0.5096 5122.63
 0.50972 5123.13
 0.50984 5123.62
 0.50996 5124.12
 0.51008 5124.61
 0.5102 5125.1
 0.51032 5125.58
 0.51044 5126.07
 0.51056 5126.55
 0.51068 5127.03
 0.5108 5127.5
 0.51092 5127.98
 0.51104 5128.45
 0.51116 5128.92
 0.51128 5129.38
 0.5114 5129.84
 0.51152 5130.3
 0.51164 5130.75
 0.51176 5131.2
 0.51188 5131.64
 0.512 5132.09
 0.51212 5132.52
 0.51224 5132.95
 0.51236 5133.38
 0.51248 5133.8
 0.5126 5134.22
 0.51272 5134.63
 0.51284 5135.03
 0.51296 5135.43
 0.51308 5135.83
 0.5132 5136.22
 0.51332 5136.6
 0.51344 5136.98
 0.51356 5137.35
 0.51368 5137.71
 0.5138 5138.07
 0.51392 5138.43
 0.51404 5138.78
 0.51416 5139.12
 0.51428 5139.45
 0.5144 5139.78
 0.51452 5140.1
 0.51464 5140.41
 0.51476 5140.72
 0.51488 5141.02
 0.515 5141.32
 0.51512 5141.6
 0.51524 5141.88
 0.51536 5142.16
 0.51548 5142.42
 0.5156 5142.68
 0.51572 5142.93
 0.51584 5143.17
 0.51596 5143.41
 0.51608 5143.63
 0.5162 5143.85
 0.51632 5144.06
 0.51644 5144.27
 0.51656 5144.46
 0.51668 5144.65
 0.5168 5144.83
 0.51692 5145
 0.51704 5145.16
 0.51716 5145.31
 0.51728 5145.45
 0.5174 5145.58
 0.51752 5145.71
 0.51764 5145.82
 0.51776 5145.93
 0.51788 5146.02
 0.518 5146.11
 0.51812 5146.18
 0.51824 5146.24
 0.51836 5146.29
 0.51848 5146.33
 0.5186 5146.36
 0.51872 5146.38
 0.51884 5146.38
 0.51896 5146.37
 0.51908 5146.35
 0.5192 5146.32
 0.51932 5146.28
 0.51944 5146.23
 0.51956 5146.17
 0.51968 5146.1
 0.5198 5146.03
 0.51992 5145.94
 0.52004 5145.84
 0.52016 5145.74
 0.52028 5145.62
 0.5204 5145.5
 0.52052 5145.37
 0.52064 5145.24
 0.52076 5145.09
 0.52088 5144.94
 0.521 5144.78
 0.52112 5144.61
 0.52124 5144.43
 0.52136 5144.25
 0.52148 5144.06
 0.5216 5143.86
 0.52172 5143.66
 0.52184 5143.45
 0.52196 5143.23
 0.52208 5143.01
 0.5222 5142.78
 0.52232 5142.54
 0.52244 5142.3
 0.52256 5142.05
 0.52268 5141.8
 0.5228 5141.54
 0.52292 5141.28
 0.52304 5141.02
 0.52316 5140.75
 0.52328 5140.48
 0.5234 5140.21
 0.52352 5139.93
 0.52364 5139.65
 0.52376 5139.37
 0.52388 5139.08
 0.524 5138.8
 0.52412 5138.51
 0.52424 5138.22
 0.52436 5137.93
 0.52448 5137.64
 0.5246 5137.35
 0.52472 5137.06
 0.52484 5136.76
 0.52496 5136.47
 0.52508 5136.18
 0.5252 5135.89
 0.52532 5135.59
 0.52544 5135.3
 0.52556 5135
 0.52568 5134.71
 0.5258 5134.42
 0.52592 5134.13
 0.52604 5133.83
 0.52616 5133.54
 0.52628 5133.25
 0.5264 5132.96
 0.52652 5132.67
 0.52664 5132.38
 0.52676 5132.1
 0.52688 5131.81
 0.527 5131.53
 0.52712 5131.24
 0.52724 5130.96
 0.52736 5130.68
 0.52748 5130.41
 0.5276 5130.13
 0.52772 5129.86
 0.52784 5129.58
 0.52796 5129.31
 0.52808 5129.05
 0.5282 5128.78
 0.52832 5128.52
 0.52844 5128.26
 0.52856 5128
 0.52868 5127.75
 0.5288 5127.5
 0.52892 5127.25
 0.52904 5127
 0.52916 5126.76
 0.52928 5126.52
 0.5294 5126.29
 0.52952 5126.06
 0.52964 5125.83
 0.52976 5125.61
 0.52988 5125.39
 0.53 5125.17
 0.53012 5124.96
 0.53024 5124.75
 0.53036 5124.54
 0.53048 5124.34
 0.5306 5124.15
 0.53072 5123.95
 0.53084 5123.77
 0.53096 5123.58
 0.53108 5123.4
 0.5312 5123.22
 0.53132 5123.05
 0.53144 5122.88
 0.53156 5122.72
 0.53168 5122.56
 0.5318 5122.4
 0.53192 5122.25
 0.53204 5122.1
 0.53216 5121.96
 0.53228 5121.82
 0.5324 5121.68
 0.53252 5121.55
 0.53264 5121.43
 0.53276 5121.3
 0.53288 5121.18
 0.533 5121.07
 0.53312 5120.96
 0.53324 5120.85
 0.53336 5120.74
 0.53348 5120.64
 0.5336 5120.55
 0.53372 5120.45
 0.53384 5120.36
 0.53396 5120.28
 0.53408 5120.19
 0.5342 5120.11
 0.53432 5120.04
 0.53444 5119.96
 0.53456 5119.9
 0.53468 5119.83
 0.5348 5119.77
 0.53492 5119.71
 0.53504 5119.66
 0.53516 5119.61
 0.53528 5119.56
 0.5354 5119.52
 0.53552 5119.48
 0.53564 5119.45
 0.53576 5119.42
 0.53588 5119.4
 0.536 5119.37
 0.53612 5119.36
 0.53624 5119.34
 0.53636 5119.34
 0.53648 5119.33
 0.5366 5119.33
 0.53672 5119.33
 0.53684 5119.34
 0.53696 5119.36
 0.53708 5119.37
 0.5372 5119.39
 0.53732 5119.42
 0.53744 5119.45
 0.53756 5119.49
 0.53768 5119.53
 0.5378 5119.58
 0.53792 5119.63
 0.53804 5119.69
 0.53816 5119.75
 0.53828 5119.82
 0.5384 5119.9
 0.53852 5119.98
 0.53864 5120.07
 0.53876 5120.17
 0.53888 5120.27
 0.539 5120.39
 0.53912 5120.51
 0.53924 5120.64
 0.53936 5120.77
 0.53948 5120.92
 0.5396 5121.08
 0.53972 5121.24
 0.53984 5121.42
 0.53996 5121.6
 0.54008 5121.8
 0.5402 5122.01
 0.54032 5122.23
 0.54044 5122.46
 0.54056 5122.7
 0.54068 5122.96
 0.5408 5123.23
 0.54092 5123.51
 0.54104 5123.8
 0.54116 5124.11
 0.54128 5124.44
 0.5414 5124.78
 0.54152 5125.13
 0.54164 5125.5
 0.54176 5125.88
 0.54188 5126.28
 0.542 5126.7
 0.54212 5127.13
 0.54224 5127.58
 0.54236 5128.05
 0.54248 5128.54
 0.5426 5129.04
 0.54272 5129.56
 0.54284 5130.09
 0.54296 5130.65
 0.54308 5131.22
 0.5432 5131.81
 0.54332 5132.42
 0.54344 5133.04
 0.54356 5133.69
 0.54368 5134.35
 0.5438 5135.03
 0.54392 5135.73
 0.54404 5136.45
 0.54416 5137.19
 0.54428 5137.95
 0.5444 5138.72
 0.54452 5139.51
 0.54464 5140.32
 0.54476 5141.15
 0.54488 5142
 0.545 5142.87
 0.54512 5143.76
 0.54524 5144.66
 0.54536 5145.58
 0.54548 5146.53
 0.5456 5147.49
 0.54572 5148.47
 0.54584 5149.46
 0.54596 5150.48
 0.54608 5151.51
 0.5462 5152.56
 0.54632 5153.63
 0.54644 5154.72
 0.54656 5155.82
 0.54668 5156.95
 0.5468 5158.09
 0.54692 5159.24
 0.54704 5160.42
 0.54716 5161.61
 0.54728 5162.81
 0.5474 5164.04
 0.54752 5165.28
 0.54764 5166.54
 0.54776 5167.81
 0.54788 5169.1
 0.548 5170.41
 0.54812 5171.73
 0.54824 5173.07
 0.54836 5174.43
 0.54848 5175.8
 0.5486 5177.19
 0.54872 5178.59
 0.54884 5180.02
 0.54896 5181.45
 0.54908 5182.9
 0.5492 5184.37
 0.54932 5185.85
 0.54944 5187.34
 0.54956 5188.84
 0.54968 5190.36
 0.5498 5191.88
 0.54992 5193.41
 0.55004 5194.96
 0.55016 5196.51
 0.55028 5198.07
 0.5504 5199.63
 0.55052 5201.21
 0.55064 5202.79
 0.55076 5204.37
 0.55088 5205.96
 0.551 5207.56
 0.55112 5209.16
 0.55124 5210.76
 0.55136 5212.36
 0.55148 5213.97
 0.5516 5215.58
 0.55172 5217.19
 0.55184 5218.8
 0.55196 5220.41
 0.55208 5222.02
 0.5522 5223.63
 0.55232 5225.24
 0.55244 5226.85
 0.55256 5228.46
 0.55268 5230.06
 0.5528 5231.66
 0.55292 5233.25
 0.55304 5234.85
 0.55316 5236.43
 0.55328 5238.01
 0.5534 5239.59
 0.55352 5241.16
 0.55364 5242.72
 0.55376 5244.28
 0.55388 5245.83
 0.554 5247.37
 0.55412 5248.91
 0.55424 5250.43
 0.55436 5251.95
 0.55448 5253.46
 0.5546 5254.97
 0.55472 5256.46
 0.55484 5257.95
 0.55496 5259.43
 0.55508 5260.9
 0.5552 5262.36
 0.55532 5263.82
 0.55544 5265.26
 0.55556 5266.7
 0.55568 5268.13
 0.5558 5269.56
 0.55592 5270.97
 0.55604 5272.38
 0.55616 5273.77
 0.55628 5275.16
 0.5564 5276.54
 0.55652 5277.92
 0.55664 5279.28
 0.55676 5280.64
 0.55688 5281.99
 0.557 5283.33
 0.55712 5284.66
 0.55724 5285.98
 0.55736 5287.3
 0.55748 5288.6
 0.5576 5289.9
 0.55772 5291.19
 0.55784 5292.48
 0.55796 5293.75
 0.55808 5295.02
 0.5582 5296.27
 0.55832 5297.52
 0.55844 5298.77
 0.55856 5300
 0.55868 5301.23
 0.5588 5302.44
 0.55892 5303.65
 0.55904 5304.86
 0.55916 5306.05
 0.55928 5307.24
 0.5594 5308.42
 0.55952 5309.59
 0.55964 5310.75
 0.55976 5311.91
 0.55988 5313.06
 0.56 5314.2
 0.56012 5315.34
 0.56024 5316.47
 0.56036 5317.59
 0.56048 5318.7
 0.5606 5319.81
 0.56072 5320.91
 0.56084 5322.01
 0.56096 5323.1
 0.56108 5324.18
 0.5612 5325.26
 0.56132 5326.34
 0.56144 5327.41
 0.56156 5328.47
 0.56168 5329.53
 0.5618 5330.59
 0.56192 5331.64
 0.56204 5332.69
 0.56216 5333.73
 0.56228 5334.77
 0.5624 5335.8
 0.56252 5336.83
 0.56264 5337.86
 0.56276 5338.88
 0.56288 5339.89
 0.563 5340.91
 0.56312 5341.91
 0.56324 5342.91
 0.56336 5343.91
 0.56348 5344.9
 0.5636 5345.89
 0.56372 5346.87
 0.56384 5347.85
 0.56396 5348.82
 0.56408 5349.78
 0.5642 5350.74
 0.56432 5351.69
 0.56444 5352.63
 0.56456 5353.57
 0.56468 5354.5
 0.5648 5355.43
 0.56492 5356.34
 0.56504 5357.25
 0.56516 5358.15
 0.56528 5359.05
 0.5654 5359.93
 0.56552 5360.81
 0.56564 5361.67
 0.56576 5362.53
 0.56588 5363.38
 0.566 5364.22
 0.56612 5365.04
 0.56624 5365.86
 0.56636 5366.67
 0.56648 5367.46
 0.5666 5368.25
 0.56672 5369.03
 0.56684 5369.79
 0.56696 5370.54
 0.56708 5371.28
 0.5672 5372.01
 0.56732 5372.73
 0.56744 5373.44
 0.56756 5374.13
 0.56768 5374.81
 0.5678 5375.48
 0.56792 5376.13
 0.56804 5376.78
 0.56816 5377.4
 0.56828 5378.02
 0.5684 5378.62
 0.56852 5379.21
 0.56864 5379.79
 0.56876 5380.35
 0.56888 5380.89
 0.569 5381.42
 0.56912 5381.94
 0.56924 5382.44
 0.56936 5382.92
 0.56948 5383.39
 0.5696 5383.85
 0.56972 5384.28
 0.56984 5384.7
 0.56996 5385.1
 0.57008 5385.48
 0.5702 5385.85
 0.57032 5386.2
 0.57044 5386.53
 0.57056 5386.84
 0.57068 5387.13
 0.5708 5387.4
 0.57092 5387.65
 0.57104 5387.89
 0.57116 5388.1
 0.57128 5388.29
 0.5714 5388.46
 0.57152 5388.61
 0.57164 5388.74
 0.57176 5388.85
 0.57188 5388.94
 0.572 5389.01
 0.57212 5389.05
 0.57224 5389.07
 0.57236 5389.07
 0.57248 5389.05
 0.5726 5389.01
 0.57272 5388.95
 0.57284 5388.87
 0.57296 5388.76
 0.57308 5388.64
 0.5732 5388.49
 0.57332 5388.32
 0.57344 5388.13
 0.57356 5387.92
 0.57368 5387.69
 0.5738 5387.44
 0.57392 5387.16
 0.57404 5386.87
 0.57416 5386.56
 0.57428 5386.23
 0.5744 5385.88
 0.57452 5385.51
 0.57464 5385.12
 0.57476 5384.71
 0.57488 5384.28
 0.575 5383.84
 0.57512 5383.37
 0.57524 5382.89
 0.57536 5382.39
 0.57548 5381.88
 0.5756 5381.34
 0.57572 5380.79
 0.57584 5380.23
 0.57596 5379.65
 0.57608 5379.05
 0.5762 5378.44
 0.57632 5377.81
 0.57644 5377.17
 0.57656 5376.52
 0.57668 5375.85
 0.5768 5375.17
 0.57692 5374.47
 0.57704 5373.77
 0.57716 5373.05
 0.57728 5372.32
 0.5774 5371.58
 0.57752 5370.83
 0.57764 5370.07
 0.57776 5369.3
 0.57788 5368.51
 0.578 5367.71
 0.57812 5366.91
 0.57824 5366.09
 0.57836 5365.26
 0.57848 5364.42
 0.5786 5363.57
 0.57872 5362.71
 0.57884 5361.84
 0.57896 5360.96
 0.57908 5360.08
 0.5792 5359.18
 0.57932 5358.27
 0.57944 5357.36
 0.57956 5356.44
 0.57968 5355.51
 0.5798 5354.58
 0.57992 5353.64
 0.58004 5352.7
 0.58016 5351.76
 0.58028 5350.81
 0.5804 5349.86
 0.58052 5348.91
 0.58064 5347.95
 0.58076 5347
 0.58088 5346.04
 0.581 5345.08
 0.58112 5344.13
 0.58124 5343.17
 0.58136 5342.21
 0.58148 5341.26
 0.5816 5340.31
 0.58172 5339.36
 0.58184 5338.42
 0.58196 5337.47
 0.58208 5336.54
 0.5822 5335.6
 0.58232 5334.67
 0.58244 5333.75
 0.58256 5332.83
 0.58268 5331.92
 0.5828 5331.02
 0.58292 5330.12
 0.58304 5329.23
 0.58316 5328.35
 0.58328 5327.47
 0.5834 5326.61
 0.58352 5325.75
 0.58364 5324.9
 0.58376 5324.06
 0.58388 5323.23
 0.584 5322.41
 0.58412 5321.6
 0.58424 5320.8
 0.58436 5320
 0.58448 5319.22
 0.5846 5318.45
 0.58472 5317.69
 0.58484 5316.94
 0.58496 5316.2
 0.58508 5315.47
 0.5852 5314.76
 0.58532 5314.05
 0.58544 5313.35
 0.58556 5312.67
 0.58568 5311.99
 0.5858 5311.33
 0.58592 5310.67
 0.58604 5310.03
 0.58616 5309.4
 0.58628 5308.78
 0.5864 5308.17
 0.58652 5307.57
 0.58664 5306.99
 0.58676 5306.41
 0.58688 5305.85
 0.587 5305.29
 0.58712 5304.75
 0.58724 5304.22
 0.58736 5303.71
 0.58748 5303.2
 0.5876 5302.71
 0.58772 5302.22
 0.58784 5301.75
 0.58796 5301.29
 0.58808 5300.84
 0.5882 5300.4
 0.58832 5299.97
 0.58844 5299.55
 0.58856 5299.14
 0.58868 5298.75
 0.5888 5298.36
 0.58892 5297.98
 0.58904 5297.61
 0.58916 5297.26
 0.58928 5296.91
 0.5894 5296.57
 0.58952 5296.24
 0.58964 5295.92
 0.58976 5295.61
 0.58988 5295.31
 0.59 5295.02
 0.59012 5294.74
 0.59024 5294.46
 0.59036 5294.2
 0.59048 5293.94
 0.5906 5293.69
 0.59072 5293.45
 0.59084 5293.21
 0.59096 5292.99
 0.59108 5292.77
 0.5912 5292.55
 0.59132 5292.35
 0.59144 5292.15
 0.59156 5291.95
 0.59168 5291.77
 0.5918 5291.58
 0.59192 5291.41
 0.59204 5291.24
 0.59216 5291.07
 0.59228 5290.91
 0.5924 5290.76
 0.59252 5290.61
 0.59264 5290.47
 0.59276 5290.33
 0.59288 5290.2
 0.593 5290.08
 0.59312 5289.97
 0.59324 5289.86
 0.59336 5289.76
 0.59348 5289.67
 0.5936 5289.59
 0.59372 5289.51
 0.59384 5289.45
 0.59396 5289.39
 0.59408 5289.35
 0.5942 5289.31
 0.59432 5289.28
 0.59444 5289.27
 0.59456 5289.27
 0.59468 5289.28
 0.5948 5289.3
 0.59492 5289.33
 0.59504 5289.37
 0.59516 5289.43
 0.59528 5289.5
 0.5954 5289.59
 0.59552 5289.69
 0.59564 5289.8
 0.59576 5289.93
 0.59588 5290.08
 0.596 5290.24
 0.59612 5290.42
 0.59624 5290.61
 0.59636 5290.82
 0.59648 5291.05
 0.5966 5291.29
 0.59672 5291.56
 0.59684 5291.84
 0.59696 5292.13
 0.59708 5292.45
 0.5972 5292.78
 0.59732 5293.14
 0.59744 5293.51
 0.59756 5293.9
 0.59768 5294.31
 0.5978 5294.74
 0.59792 5295.19
 0.59804 5295.66
 0.59816 5296.15
 0.59828 5296.66
 0.5984 5297.18
 0.59852 5297.73
 0.59864 5298.29
 0.59876 5298.88
 0.59888 5299.48
 0.599 5300.1
 0.59912 5300.74
 0.59924 5301.4
 0.59936 5302.07
 0.59948 5302.77
 0.5996 5303.48
 0.59972 5304.21
 0.59984 5304.97
 0.59996 5305.73
 0.60008 5306.52
 0.6002 5307.32
 0.60032 5308.15
 0.60044 5308.99
 0.60056 5309.84
 0.60068 5310.72
 0.6008 5311.61
 0.60092 5312.52
 0.60104 5313.45
 0.60116 5314.39
 0.60128 5315.35
 0.6014 5316.33
 0.60152 5317.32
 0.60164 5318.33
 0.60176 5319.35
 0.60188 5320.39
 0.602 5321.45
 0.60212 5322.52
 0.60224 5323.6
 0.60236 5324.7
 0.60248 5325.82
 0.6026 5326.95
 0.60272 5328.09
 0.60284 5329.24
 0.60296 5330.41
 0.60308 5331.59
 0.6032 5332.79
 0.60332 5334
 0.60344 5335.22
 0.60356 5336.45
 0.60368 5337.69
 0.6038 5338.95
 0.60392 5340.22
 0.60404 5341.49
 0.60416 5342.78
 0.60428 5344.08
 0.6044 5345.39
 0.60452 5346.71
 0.60464 5348.03
 0.60476 5349.37
 0.60488 5350.71
 0.605 5352.06
 0.60512 5353.42
 0.60524 5354.79
 0.60536 5356.16
 0.60548 5357.54
 0.6056 5358.93
 0.60572 5360.32
 0.60584 5361.72
 0.60596 5363.12
 0.60608 5364.53
 0.6062 5365.94
 0.60632 5367.35
 0.60644 5368.77
 0.60656 5370.19
 0.60668 5371.61
 0.6068 5373.04
 0.60692 5374.46
 0.60704 5375.89
 0.60716 5377.32
 0.60728 5378.75
 0.6074 5380.18
 0.60752 5381.61
 0.60764 5383.04
 0.60776 5384.47
 0.60788 5385.91
 0.608 5387.34
 0.60812 5388.77
 0.60824 5390.21
 0.60836 5391.65
 0.60848 5393.08
 0.6086 5394.52
 0.60872 5395.96
 0.60884 5397.4
 0.60896 5398.84
 0.60908 5400.29
 0.6092 5401.73
 0.60932 5403.18
 0.60944 5404.62
 0.60956 5406.06
 0.60968 5407.51
 0.6098 5408.95
 0.60992 5410.39
 0.61004 5411.84
 0.61016 5413.28
 0.61028 5414.72
 0.6104 5416.16
 0.61052 5417.59
 0.61064 5419.03
 0.61076 5420.46
 0.61088 5421.89
 0.611 5423.32
 0.61112 5424.75
 0.61124 5426.18
 0.61136 5427.6
 0.61148 5429.02
 0.6116 5430.43
 0.61172 5431.85
 0.61184 5433.26
 0.61196 5434.66
 0.61208 5436.07
 0.6122 5437.47
 0.61232 5438.87
 0.61244 5440.26
 0.61256 5441.65
 0.61268 5443.03
 0.6128 5444.42
 0.61292 5445.79
 0.61304 5447.17
 0.61316 5448.54
 0.61328 5449.9
 0.6134 5451.26
 0.61352 5452.62
 0.61364 5453.97
 0.61376 5455.32
 0.61388 5456.66
 0.614 5458
 0.61412 5459.33
 0.61424 5460.66
 0.61436 5461.98
 0.61448 5463.3
 0.6146 5464.61
 0.61472 5465.91
 0.61484 5467.21
 0.61496 5468.5
 0.61508 5469.78
 0.6152 5471.06
 0.61532 5472.32
 0.61544 5473.58
 0.61556 5474.83
 0.61568 5476.07
 0.6158 5477.3
 0.61592 5478.52
 0.61604 5479.74
 0.61616 5480.94
 0.61628 5482.13
 0.6164 5483.31
 0.61652 5484.47
 0.61664 5485.63
 0.61676 5486.77
 0.61688 5487.9
 0.617 5489.02
 0.61712 5490.12
 0.61724 5491.21
 0.61736 5492.29
 0.61748 5493.35
 0.6176 5494.39
 0.61772 5495.43
 0.61784 5496.45
 0.61796 5497.45
 0.61808 5498.44
 0.6182 5499.41
 0.61832 5500.37
 0.61844 5501.32
 0.61856 5502.25
 0.61868 5503.16
 0.6188 5504.06
 0.61892 5504.95
 0.61904 5505.82
 0.61916 5506.68
 0.61928 5507.52
 0.6194 5508.34
 0.61952 5509.15
 0.61964 5509.94
 0.61976 5510.72
 0.61988 5511.48
 0.62 5512.23
 0.62012 5512.96
 0.62024 5513.67
 0.62036 5514.37
 0.62048 5515.05
 0.6206 5515.72
 0.62072 5516.37
 0.62084 5517
 0.62096 5517.62
 0.62108 5518.22
 0.6212 5518.8
 0.62132 5519.37
 0.62144 5519.92
 0.62156 5520.45
 0.62168 5520.97
 0.6218 5521.47
 0.62192 5521.96
 0.62204 5522.43
 0.62216 5522.88
 0.62228 5523.31
 0.6224 5523.73
 0.62252 5524.13
 0.62264 5524.52
 0.62276 5524.88
 0.62288 5525.23
 0.623 5525.55
 0.62312 5525.86
 0.62324 5526.15
 0.62336 5526.42
 0.62348 5526.66
 0.6236 5526.89
 0.62372 5527.09
 0.62384 5527.28
 0.62396 5527.44
 0.62408 5527.57
 0.6242 5527.68
 0.62432 5527.77
 0.62444 5527.84
 0.62456 5527.88
 0.62468 5527.89
 0.6248 5527.88
 0.62492 5527.84
 0.62504 5527.78
 0.62516 5527.68
 0.62528 5527.56
 0.6254 5527.42
 0.62552 5527.24
 0.62564 5527.04
 0.62576 5526.8
 0.62588 5526.54
 0.626 5526.24
 0.62612 5525.92
 0.62624 5525.57
 0.62636 5525.18
 0.62648 5524.77
 0.6266 5524.32
 0.62672 5523.84
 0.62684 5523.33
 0.62696 5522.79
 0.62708 5522.21
 0.6272 5521.61
 0.62732 5520.97
 0.62744 5520.3
 0.62756 5519.59
 0.62768 5518.85
 0.6278 5518.08
 0.62792 5517.28
 0.62804 5516.44
 0.62816 5515.57
 0.62828 5514.66
 0.6284 5513.73
 0.62852 5512.76
 0.62864 5511.76
 0.62876 5510.73
 0.62888 5509.67
 0.629 5508.58
 0.62912 5507.46
 0.62924 5506.31
 0.62936 5505.12
 0.62948 5503.91
 0.6296 5502.67
 0.62972 5501.41
 0.62984 5500.11
 0.62996 5498.78
 0.63008 5497.43
 0.6302 5496.06
 0.63032 5494.65
 0.63044 5493.22
 0.63056 5491.77
 0.63068 5490.28
 0.6308 5488.78
 0.63092 5487.25
 0.63104 5485.7
 0.63116 5484.12
 0.63128 5482.52
 0.6314 5480.89
 0.63152 5479.25
 0.63164 5477.58
 0.63176 5475.89
 0.63188 5474.19
 0.632 5472.46
 0.63212 5470.7
 0.63224 5468.93
 0.63236 5467.14
 0.63248 5465.33
 0.6326 5463.5
 0.63272 5461.65
 0.63284 5459.78
 0.63296 5457.89
 0.63308 5455.99
 0.6332 5454.06
 0.63332 5452.12
 0.63344 5450.16
 0.63356 5448.18
 0.63368 5446.18
 0.6338 5444.16
 0.63392 5442.13
 0.63404 5440.08
 0.63416 5438.02
 0.63428 5435.93
 0.6344 5433.83
 0.63452 5431.72
 0.63464 5429.59
 0.63476 5427.44
 0.63488 5425.28
 0.635 5423.1
 0.63512 5420.91
 0.63524 5418.7
 0.63536 5416.47
 0.63548 5414.24
 0.6356 5411.98
 0.63572 5409.72
 0.63584 5407.43
 0.63596 5405.14
 0.63608 5402.83
 0.6362 5400.5
 0.63632 5398.16
 0.63644 5395.81
 0.63656 5393.45
 0.63668 5391.07
 0.6368 5388.67
 0.63692 5386.27
 0.63704 5383.85
 0.63716 5381.42
 0.63728 5378.98
 0.6374 5376.52
 0.63752 5374.05
 0.63764 5371.57
 0.63776 5369.07
 0.63788 5366.57
 0.638 5364.04
 0.63812 5361.51
 0.63824 5358.96
 0.63836 5356.4
 0.63848 5353.82
 0.6386 5351.23
 0.63872 5348.63
 0.63884 5346.01
 0.63896 5343.38
 0.63908 5340.73
 0.6392 5338.07
 0.63932 5335.39
 0.63944 5332.7
 0.63956 5330
 0.63968 5327.28
 0.6398 5324.55
 0.63992 5321.8
 0.64004 5319.04
 0.64016 5316.26
 0.64028 5313.47
 0.6404 5310.66
 0.64052 5307.84
 0.64064 5305
 0.64076 5302.15
 0.64088 5299.28
 0.641 5296.4
 0.64112 5293.5
 0.64124 5290.59
 0.64136 5287.66
 0.64148 5284.72
 0.6416 5281.75
 0.64172 5278.77
 0.64184 5275.78
 0.64196 5272.77
 0.64208 5269.74
 0.6422 5266.69
 0.64232 5263.63
 0.64244 5260.55
 0.64256 5257.45
 0.64268 5254.34
 0.6428 5251.2
 0.64292 5248.05
 0.64304 5244.88
 0.64316 5241.69
 0.64328 5238.49
 0.6434 5235.26
 0.64352 5232.02
 0.64364 5228.76
 0.64376 5225.48
 0.64388 5222.18
 0.644 5218.86
 0.64412 5215.53
 0.64424 5212.17
 0.64436 5208.8
 0.64448 5205.41
 0.6446 5202
 0.64472 5198.58
 0.64484 5195.14
 0.64496 5191.68
 0.64508 5188.21
 0.6452 5184.72
 0.64532 5181.22
 0.64544 5177.71
 0.64556 5174.18
 0.64568 5170.64
 0.6458 5167.09
 0.64592 5163.53
 0.64604 5159.95
 0.64616 5156.37
 0.64628 5152.78
 0.6464 5149.18
 0.64652 5145.57
 0.64664 5141.95
 0.64676 5138.32
 0.64688 5134.7
 0.647 5131.06
 0.64712 5127.42
 0.64724 5123.78
 0.64736 5120.13
 0.64748 5116.47
 0.6476 5112.82
 0.64772 5109.16
 0.64784 5105.49
 0.64796 5101.83
 0.64808 5098.16
 0.6482 5094.49
 0.64832 5090.81
 0.64844 5087.14
 0.64856 5083.46
 0.64868 5079.78
 0.6488 5076.09
 0.64892 5072.41
 0.64904 5068.72
 0.64916 5065.04
 0.64928 5061.35
 0.6494 5057.66
 0.64952 5053.98
 0.64964 5050.29
 0.64976 5046.6
 0.64988 5042.91
 0.65 5039.23
 0.65012 5035.54
 0.65024 5031.86
 0.65036 5028.17
 0.65048 5024.49
 0.6506 5020.81
 0.65072 5017.13
 0.65084 5013.45
 0.65096 5009.77
 0.65108 5006.09
 0.6512 5002.41
 0.65132 4998.74
 0.65144 4995.06
 0.65156 4991.39
 0.65168 4987.72
 0.6518 4984.05
 0.65192 4980.38
 0.65204 4976.71
 0.65216 4973.05
 0.65228 4969.38
 0.6524 4965.72
 0.65252 4962.06
 0.65264 4958.4
 0.65276 4954.74
 0.65288 4951.09
 0.653 4947.44
 0.65312 4943.79
 0.65324 4940.15
 0.65336 4936.5
 0.65348 4932.87
 0.6536 4929.23
 0.65372 4925.61
 0.65384 4921.98
 0.65396 4918.37
 0.65408 4914.76
 0.6542 4911.15
 0.65432 4907.55
 0.65444 4903.96
 0.65456 4900.38
 0.65468 4896.8
 0.6548 4893.23
 0.65492 4889.67
 0.65504 4886.12
 0.65516 4882.57
 0.65528 4879.04
 0.6554 4875.52
 0.65552 4872
 0.65564 4868.5
 0.65576 4865
 0.65588 4861.52
 0.656 4858.05
 0.65612 4854.58
 0.65624 4851.13
 0.65636 4847.69
 0.65648 4844.26
 0.6566 4840.84
 0.65672 4837.44
 0.65684 4834.04
 0.65696 4830.66
 0.65708 4827.29
 0.6572 4823.94
 0.65732 4820.59
 0.65744 4817.26
 0.65756 4813.94
 0.65768 4810.64
 0.6578 4807.34
 0.65792 4804.06
 0.65804 4800.8
 0.65816 4797.54
 0.65828 4794.3
 0.6584 4791.07
 0.65852 4787.86
 0.65864 4784.65
 0.65876 4781.46
 0.65888 4778.28
 0.659 4775.11
 0.65912 4771.96
 0.65924 4768.81
 0.65936 4765.68
 0.65948 4762.56
 0.6596 4759.44
 0.65972 4756.34
 0.65984 4753.25
 0.65996 4750.17
 0.66008 4747.1
 0.6602 4744.04
 0.66032 4740.99
 0.66044 4737.95
 0.66056 4734.92
 0.66068 4731.89
 0.6608 4728.88
 0.66092 4725.87
 0.66104 4722.87
 0.66116 4719.88
 0.66128 4716.9
 0.6614 4713.92
 0.66152 4710.95
 0.66164 4707.99
 0.66176 4705.04
 0.66188 4702.09
 0.662 4699.15
 0.66212 4696.22
 0.66224 4693.29
 0.66236 4690.37
 0.66248 4687.46
 0.6626 4684.56
 0.66272 4681.66
 0.66284 4678.78
 0.66296 4675.9
 0.66308 4673.02
 0.6632 4670.16
 0.66332 4667.3
 0.66344 4664.45
 0.66356 4661.61
 0.66368 4658.78
 0.6638 4655.96
 0.66392 4653.15
 0.66404 4650.34
 0.66416 4647.54
 0.66428 4644.76
 0.6644 4641.98
 0.66452 4639.21
 0.66464 4636.45
 0.66476 4633.7
 0.66488 4630.96
 0.665 4628.23
 0.66512 4625.51
 0.66524 4622.8
 0.66536 4620.1
 0.66548 4617.41
 0.6656 4614.74
 0.66572 4612.08
 0.66584 4609.42
 0.66596 4606.78
 0.66608 4604.16
 0.6662 4601.54
 0.66632 4598.94
 0.66644 4596.36
 0.66656 4593.78
 0.66668 4591.23
 0.6668 4588.68
 0.66692 4586.15
 0.66704 4583.63
 0.66716 4581.13
 0.66728 4578.64
 0.6674 4576.17
 0.66752 4573.71
 0.66764 4571.27
 0.66776 4568.85
 0.66788 4566.43
 0.668 4564.04
 0.66812 4561.66
 0.66824 4559.3
 0.66836 4556.95
 0.66848 4554.62
 0.6686 4552.31
 0.66872 4550.01
 0.66884 4547.73
 0.66896 4545.47
 0.66908 4543.23
 0.6692 4541.01
 0.66932 4538.8
 0.66944 4536.61
 0.66956 4534.45
 0.66968 4532.3
 0.6698 4530.17
 0.66992 4528.06
 0.67004 4525.97
 0.67016 4523.9
 0.67028 4521.85
 0.6704 4519.83
 0.67052 4517.82
 0.67064 4515.83
 0.67076 4513.87
 0.67088 4511.93
 0.671 4510.01
 0.67112 4508.11
 0.67124 4506.24
 0.67136 4504.39
 0.67148 4502.57
 0.6716 4500.77
 0.67172 4499
 0.67184 4497.25
 0.67196 4495.52
 0.67208 4493.83
 0.6722 4492.16
 0.67232 4490.52
 0.67244 4488.9
 0.67256 4487.31
 0.67268 4485.75
 0.6728 4484.22
 0.67292 4482.72
 0.67304 4481.24
 0.67316 4479.79
 0.67328 4478.37
 0.6734 4476.99
 0.67352 4475.63
 0.67364 4474.3
 0.67376 4473
 0.67388 4471.73
 0.674 4470.5
 0.67412 4469.29
 0.67424 4468.11
 0.67436 4466.96
 0.67448 4465.84
 0.6746 4464.76
 0.67472 4463.7
 0.67484 4462.66
 0.67496 4461.66
 0.67508 4460.68
 0.6752 4459.74
 0.67532 4458.81
 0.67544 4457.92
 0.67556 4457.05
 0.67568 4456.21
 0.6758 4455.39
 0.67592 4454.59
 0.67604 4453.82
 0.67616 4453.08
 0.67628 4452.35
 0.6764 4451.65
 0.67652 4450.97
 0.67664 4450.31
 0.67676 4449.68
 0.67688 4449.06
 0.677 4448.46
 0.67712 4447.88
 0.67724 4447.32
 0.67736 4446.78
 0.67748 4446.26
 0.6776 4445.76
 0.67772 4445.27
 0.67784 4444.81
 0.67796 4444.36
 0.67808 4443.93
 0.6782 4443.52
 0.67832 4443.13
 0.67844 4442.75
 0.67856 4442.4
 0.67868 4442.06
 0.6788 4441.74
 0.67892 4441.44
 0.67904 4441.15
 0.67916 4440.88
 0.67928 4440.63
 0.6794 4440.4
 0.67952 4440.19
 0.67964 4439.99
 0.67976 4439.82
 0.67988 4439.65
 0.68 4439.51
 0.68012 4439.39
 0.68024 4439.28
 0.68036 4439.19
 0.68048 4439.12
 0.6806 4439.06
 0.68072 4439.03
 0.68084 4439.02
 0.68096 4439.02
 0.68108 4439.05
 0.6812 4439.09
 0.68132 4439.15
 0.68144 4439.24
 0.68156 4439.34
 0.68168 4439.47
 0.6818 4439.62
 0.68192 4439.79
 0.68204 4439.98
 0.68216 4440.19
 0.68228 4440.43
 0.6824 4440.68
 0.68252 4440.96
 0.68264 4441.27
 0.68276 4441.59
 0.68288 4441.94
 0.683 4442.32
 0.68312 4442.71
 0.68324 4443.13
 0.68336 4443.57
 0.68348 4444.03
 0.6836 4444.51
 0.68372 4445.01
 0.68384 4445.54
 0.68396 4446.09
 0.68408 4446.66
 0.6842 4447.25
 0.68432 4447.86
 0.68444 4448.5
 0.68456 4449.15
 0.68468 4449.82
 0.6848 4450.52
 0.68492 4451.24
 0.68504 4451.97
 0.68516 4452.73
 0.68528 4453.51
 0.6854 4454.3
 0.68552 4455.12
 0.68564 4455.96
 0.68576 4456.82
 0.68588 4457.7
 0.686 4458.59
 0.68612 4459.51
 0.68624 4460.45
 0.68636 4461.4
 0.68648 4462.38
 0.6866 4463.37
 0.68672 4464.39
 0.68684 4465.42
 0.68696 4466.48
 0.68708 4467.55
 0.6872 4468.64
 0.68732 4469.75
 0.68744 4470.88
 0.68756 4472.03
 0.68768 4473.19
 0.6878 4474.38
 0.68792 4475.58
 0.68804 4476.8
 0.68816 4478.05
 0.68828 4479.31
 0.6884 4480.59
 0.68852 4481.88
 0.68864 4483.2
 0.68876 4484.54
 0.68888 4485.89
 0.689 4487.27
 0.68912 4488.66
 0.68924 4490.07
 0.68936 4491.51
 0.68948 4492.96
 0.6896 4494.43
 0.68972 4495.91
 0.68984 4497.42
 0.68996 4498.95
 0.69008 4500.5
 0.6902 4502.06
 0.69032 4503.65
 0.69044 4505.25
 0.69056 4506.88
 0.69068 4508.52
 0.6908 4510.19
 0.69092 4511.87
 0.69104 4513.57
 0.69116 4515.29
 0.69128 4517.04
 0.6914 4518.8
 0.69152 4520.58
 0.69164 4522.38
 0.69176 4524.21
 0.69188 4526.05
 0.692 4527.91
 0.69212 4529.79
 0.69224 4531.69
 0.69236 4533.61
 0.69248 4535.55
 0.6926 4537.5
 0.69272 4539.48
 0.69284 4541.47
 0.69296 4543.48
 0.69308 4545.51
 0.6932 4547.56
 0.69332 4549.63
 0.69344 4551.71
 0.69356 4553.81
 0.69368 4555.92
 0.6938 4558.05
 0.69392 4560.2
 0.69404 4562.37
 0.69416 4564.55
 0.69428 4566.74
 0.6944 4568.95
 0.69452 4571.18
 0.69464 4573.42
 0.69476 4575.68
 0.69488 4577.95
 0.695 4580.23
 0.69512 4582.52
 0.69524 4584.83
 0.69536 4587.15
 0.69548 4589.48
 0.6956 4591.83
 0.69572 4594.18
 0.69584 4596.54
 0.69596 4598.92
 0.69608 4601.3
 0.6962 4603.69
 0.69632 4606.09
 0.69644 4608.5
 0.69656 4610.92
 0.69668 4613.34
 0.6968 4615.78
 0.69692 4618.21
 0.69704 4620.66
 0.69716 4623.11
 0.69728 4625.57
 0.6974 4628.04
 0.69752 4630.51
 0.69764 4632.98
 0.69776 4635.47
 0.69788 4637.95
 0.698 4640.45
 0.69812 4642.94
 0.69824 4645.44
 0.69836 4647.95
 0.69848 4650.46
 0.6986 4652.97
 0.69872 4655.48
 0.69884 4658
 0.69896 4660.51
 0.69908 4663.03
 0.6992 4665.55
 0.69932 4668.07
 0.69944 4670.59
 0.69956 4673.11
 0.69968 4675.63
 0.6998 4678.15
 0.69992 4680.67
 0.70004 4683.18
 0.70016 4685.69
 0.70028 4688.2
 0.7004 4690.7
 0.70052 4693.21
 0.70064 4695.7
 0.70076 4698.19
 0.70088 4700.68
 0.701 4703.16
 0.70112 4705.63
 0.70124 4708.1
 0.70136 4710.55
 0.70148 4713
 0.7016 4715.44
 0.70172 4717.88
 0.70184 4720.3
 0.70196 4722.71
 0.70208 4725.11
 0.7022 4727.5
 0.70232 4729.88
 0.70244 4732.25
 0.70256 4734.61
 0.70268 4736.95
 0.7028 4739.29
 0.70292 4741.61
 0.70304 4743.91
 0.70316 4746.21
 0.70328 4748.49
 0.7034 4750.75
 0.70352 4753
 0.70364 4755.23
 0.70376 4757.45
 0.70388 4759.66
 0.704 4761.84
 0.70412 4764.02
 0.70424 4766.17
 0.70436 4768.31
 0.70448 4770.44
 0.7046 4772.55
 0.70472 4774.64
 0.70484 4776.72
 0.70496 4778.79
 0.70508 4780.84
 0.7052 4782.87
 0.70532 4784.89
 0.70544 4786.9
 0.70556 4788.89
 0.70568 4790.87
 0.7058 4792.83
 0.70592 4794.79
 0.70604 4796.72
 0.70616 4798.65
 0.70628 4800.57
 0.7064 4802.47
 0.70652 4804.36
 0.70664 4806.24
 0.70676 4808.1
 0.70688 4809.96
 0.707 4811.8
 0.70712 4813.64
 0.70724 4815.46
 0.70736 4817.28
 0.70748 4819.08
 0.7076 4820.88
 0.70772 4822.66
 0.70784 4824.43
 0.70796 4826.2
 0.70808 4827.95
 0.7082 4829.7
 0.70832 4831.43
 0.70844 4833.15
 0.70856 4834.87
 0.70868 4836.57
 0.7088 4838.27
 0.70892 4839.95
 0.70904 4841.63
 0.70916 4843.29
 0.70928 4844.95
 0.7094 4846.6
 0.70952 4848.23
 0.70964 4849.86
 0.70976 4851.47
 0.70988 4853.08
 0.71 4854.67
 0.71012 4856.26
 0.71024 4857.83
 0.71036 4859.4
 0.71048 4860.95
 0.7106 4862.5
 0.71072 4864.03
 0.71084 4865.55
 0.71096 4867.06
 0.71108 4868.55
 0.7112 4870.04
 0.71132 4871.51
 0.71144 4872.97
 0.71156 4874.42
 0.71168 4875.85
 0.7118 4877.27
 0.71192 4878.68
 0.71204 4880.07
 0.71216 4881.45
 0.71228 4882.82
 0.7124 4884.17
 0.71252 4885.51
 0.71264 4886.83
 0.71276 4888.14
 0.71288 4889.43
 0.713 4890.71
 0.71312 4891.97
 0.71324 4893.23
 0.71336 4894.46
 0.71348 4895.69
 0.7136 4896.9
 0.71372 4898.1
 0.71384 4899.29
 0.71396 4900.47
 0.71408 4901.63
 0.7142 4902.78
 0.71432 4903.93
 0.71444 4905.06
 0.71456 4906.18
 0.71468 4907.28
 0.7148 4908.38
 0.71492 4909.47
 0.71504 4910.54
 0.71516 4911.61
 0.71528 4912.66
 0.7154 4913.7
 0.71552 4914.74
 0.71564 4915.76
 0.71576 4916.77
 0.71588 4917.77
 0.716 4918.77
 0.71612 4919.75
 0.71624 4920.72
 0.71636 4921.68
 0.71648 4922.64
 0.7166 4923.58
 0.71672 4924.51
 0.71684 4925.44
 0.71696 4926.35
 0.71708 4927.26
 0.7172 4928.15
 0.71732 4929.04
 0.71744 4929.92
 0.71756 4930.79
 0.71768 4931.64
 0.7178 4932.49
 0.71792 4933.33
 0.71804 4934.16
 0.71816 4934.98
 0.71828 4935.79
 0.7184 4936.59
 0.71852 4937.38
 0.71864 4938.15
 0.71876 4938.92
 0.71888 4939.68
 0.719 4940.43
 0.71912 4941.17
 0.71924 4941.9
 0.71936 4942.61
 0.71948 4943.32
 0.7196 4944.01
 0.71972 4944.7
 0.71984 4945.37
 0.71996 4946.03
 0.72008 4946.68
 0.7202 4947.32
 0.72032 4947.94
 0.72044 4948.56
 0.72056 4949.16
 0.72068 4949.75
 0.7208 4950.33
 0.72092 4950.9
 0.72104 4951.45
 0.72116 4951.99
 0.72128 4952.52
 0.7214 4953.04
 0.72152 4953.54
 0.72164 4954.03
 0.72176 4954.51
 0.72188 4954.97
 0.722 4955.42
 0.72212 4955.86
 0.72224 4956.29
 0.72236 4956.7
 0.72248 4957.1
 0.7226 4957.48
 0.72272 4957.85
 0.72284 4958.21
 0.72296 4958.56
 0.72308 4958.89
 0.7232 4959.21
 0.72332 4959.51
 0.72344 4959.8
 0.72356 4960.08
 0.72368 4960.35
 0.7238 4960.6
 0.72392 4960.84
 0.72404 4961.07
 0.72416 4961.29
 0.72428 4961.49
 0.7244 4961.68
 0.72452 4961.86
 0.72464 4962.02
 0.72476 4962.18
 0.72488 4962.32
 0.725 4962.45
 0.72512 4962.57
 0.72524 4962.68
 0.72536 4962.78
 0.72548 4962.86
 0.7256 4962.94
 0.72572 4963.01
 0.72584 4963.07
 0.72596 4963.12
 0.72608 4963.16
 0.7262 4963.19
 0.72632 4963.21
 0.72644 4963.23
 0.72656 4963.23
 0.72668 4963.23
 0.7268 4963.22
 0.72692 4963.21
 0.72704 4963.18
 0.72716 4963.15
 0.72728 4963.11
 0.7274 4963.06
 0.72752 4963.01
 0.72764 4962.95
 0.72776 4962.88
 0.72788 4962.8
 0.728 4962.72
 0.72812 4962.64
 0.72824 4962.55
 0.72836 4962.45
 0.72848 4962.35
 0.7286 4962.25
 0.72872 4962.14
 0.72884 4962.04
 0.72896 4961.92
 0.72908 4961.81
 0.7292 4961.7
 0.72932 4961.58
 0.72944 4961.46
 0.72956 4961.35
 0.72968 4961.23
 0.7298 4961.12
 0.72992 4961.01
 0.73004 4960.9
 0.73016 4960.79
 0.73028 4960.68
 0.7304 4960.58
 0.73052 4960.48
 0.73064 4960.38
 0.73076 4960.29
 0.73088 4960.2
 0.731 4960.12
 0.73112 4960.04
 0.73124 4959.97
 0.73136 4959.91
 0.73148 4959.85
 0.7316 4959.8
 0.73172 4959.75
 0.73184 4959.72
 0.73196 4959.69
 0.73208 4959.66
 0.7322 4959.65
 0.73232 4959.64
 0.73244 4959.65
 0.73256 4959.66
 0.73268 4959.68
 0.7328 4959.71
 0.73292 4959.75
 0.73304 4959.8
 0.73316 4959.86
 0.73328 4959.94
 0.7334 4960.02
 0.73352 4960.12
 0.73364 4960.23
 0.73376 4960.36
 0.73388 4960.5
 0.734 4960.65
 0.73412 4960.82
 0.73424 4961
 0.73436 4961.19
 0.73448 4961.4
 0.7346 4961.63
 0.73472 4961.86
 0.73484 4962.12
 0.73496 4962.38
 0.73508 4962.66
 0.7352 4962.96
 0.73532 4963.26
 0.73544 4963.59
 0.73556 4963.92
 0.73568 4964.27
 0.7358 4964.63
 0.73592 4965.01
 0.73604 4965.4
 0.73616 4965.8
 0.73628 4966.21
 0.7364 4966.64
 0.73652 4967.08
 0.73664 4967.53
 0.73676 4968
 0.73688 4968.48
 0.737 4968.97
 0.73712 4969.47
 0.73724 4969.98
 0.73736 4970.5
 0.73748 4971.04
 0.7376 4971.59
 0.73772 4972.15
 0.73784 4972.72
 0.73796 4973.3
 0.73808 4973.89
 0.7382 4974.5
 0.73832 4975.11
 0.73844 4975.74
 0.73856 4976.37
 0.73868 4977.02
 0.7388 4977.68
 0.73892 4978.34
 0.73904 4979.02
 0.73916 4979.71
 0.73928 4980.41
 0.7394 4981.12
 0.73952 4981.84
 0.73964 4982.57
 0.73976 4983.31
 0.73988 4984.06
 0.74 4984.81
 0.74012 4985.58
 0.74024 4986.36
 0.74036 4987.15
 0.74048 4987.95
 0.7406 4988.76
 0.74072 4989.58
 0.74084 4990.41
 0.74096 4991.25
 0.74108 4992.09
 0.7412 4992.95
 0.74132 4993.82
 0.74144 4994.7
 0.74156 4995.59
 0.74168 4996.49
 0.7418 4997.4
 0.74192 4998.32
 0.74204 4999.25
 0.74216 5000.19
 0.74228 5001.14
 0.7424 5002.1
 0.74252 5003.07
 0.74264 5004.05
 0.74276 5005.05
 0.74288 5006.05
 0.743 5007.06
 0.74312 5008.09
 0.74324 5009.12
 0.74336 5010.16
 0.74348 5011.21
 0.7436 5012.27
 0.74372 5013.34
 0.74384 5014.41
 0.74396 5015.49
 0.74408 5016.59
 0.7442 5017.68
 0.74432 5018.79
 0.74444 5019.9
 0.74456 5021.03
 0.74468 5022.16
 0.7448 5023.29
 0.74492 5024.44
 0.74504 5025.59
 0.74516 5026.74
 0.74528 5027.91
 0.7454 5029.08
 0.74552 5030.26
 0.74564 5031.44
 0.74576 5032.63
 0.74588 5033.83
 0.746 5035.03
 0.74612 5036.24
 0.74624 5037.46
 0.74636 5038.68
 0.74648 5039.91
 0.7466 5041.14
 0.74672 5042.38
 0.74684 5043.63
 0.74696 5044.88
 0.74708 5046.14
 0.7472 5047.4
 0.74732 5048.67
 0.74744 5049.95
 0.74756 5051.23
 0.74768 5052.52
 0.7478 5053.81
 0.74792 5055.11
 0.74804 5056.42
 0.74816 5057.73
 0.74828 5059.05
 0.7484 5060.38
 0.74852 5061.71
 0.74864 5063.05
 0.74876 5064.4
 0.74888 5065.75
 0.749 5067.1
 0.74912 5068.47
 0.74924 5069.84
 0.74936 5071.21
 0.74948 5072.59
 0.7496 5073.98
 0.74972 5075.37
 0.74984 5076.77
 0.74996 5078.18
 0.75008 5079.59
 0.7502 5081.01
 0.75032 5082.43
 0.75044 5083.86
 0.75056 5085.3
 0.75068 5086.74
 0.7508 5088.19
 0.75092 5089.64
 0.75104 5091.1
 0.75116 5092.57
 0.75128 5094.04
 0.7514 5095.52
 0.75152 5097
 0.75164 5098.49
 0.75176 5099.98
 0.75188 5101.49
 0.752 5102.99
 0.75212 5104.51
 0.75224 5106.03
 0.75236 5107.55
 0.75248 5109.08
 0.7526 5110.62
 0.75272 5112.16
 0.75284 5113.71
 0.75296 5115.26
 0.75308 5116.82
 0.7532 5118.39
 0.75332 5119.96
 0.75344 5121.54
 0.75356 5123.12
 0.75368 5124.7
 0.7538 5126.29
 0.75392 5127.89
 0.75404 5129.49
 0.75416 5131.1
 0.75428 5132.71
 0.7544 5134.32
 0.75452 5135.94
 0.75464 5137.56
 0.75476 5139.19
 0.75488 5140.82
 0.755 5142.45
 0.75512 5144.09
 0.75524 5145.73
 0.75536 5147.37
 0.75548 5149.02
 0.7556 5150.67
 0.75572 5152.32
 0.75584 5153.97
 0.75596 5155.63
 0.75608 5157.28
 0.7562 5158.94
 0.75632 5160.6
 0.75644 5162.26
 0.75656 5163.92
 0.75668 5165.58
 0.7568 5167.25
 0.75692 5168.91
 0.75704 5170.58
 0.75716 5172.24
 0.75728 5173.91
 0.7574 5175.58
 0.75752 5177.24
 0.75764 5178.91
 0.75776 5180.58
 0.75788 5182.24
 0.758 5183.91
 0.75812 5185.57
 0.75824 5187.24
 0.75836 5188.9
 0.75848 5190.55
 0.7586 5192.21
 0.75872 5193.86
 0.75884 5195.5
 0.75896 5197.14
 0.75908 5198.78
 0.7592 5200.41
 0.75932 5202.03
 0.75944 5203.65
 0.75956 5205.25
 0.75968 5206.85
 0.7598 5208.45
 0.75992 5210.03
 0.76004 5211.61
 0.76016 5213.17
 0.76028 5214.73
 0.7604 5216.28
 0.76052 5217.81
 0.76064 5219.34
 0.76076 5220.86
 0.76088 5222.37
 0.761 5223.86
 0.76112 5225.35
 0.76124 5226.82
 0.76136 5228.28
 0.76148 5229.73
 0.7616 5231.17
 0.76172 5232.6
 0.76184 5234.01
 0.76196 5235.41
 0.76208 5236.8
 0.7622 5238.17
 0.76232 5239.54
 0.76244 5240.88
 0.76256 5242.22
 0.76268 5243.54
 0.7628 5244.84
 0.76292 5246.13
 0.76304 5247.4
 0.76316 5248.66
 0.76328 5249.9
 0.7634 5251.12
 0.76352 5252.32
 0.76364 5253.5
 0.76376 5254.67
 0.76388 5255.81
 0.764 5256.93
 0.76412 5258.03
 0.76424 5259.11
 0.76436 5260.17
 0.76448 5261.2
 0.7646 5262.21
 0.76472 5263.2
 0.76484 5264.17
 0.76496 5265.12
 0.76508 5266.04
 0.7652 5266.94
 0.76532 5267.82
 0.76544 5268.67
 0.76556 5269.5
 0.76568 5270.31
 0.7658 5271.09
 0.76592 5271.85
 0.76604 5272.59
 0.76616 5273.3
 0.76628 5273.99
 0.7664 5274.66
 0.76652 5275.3
 0.76664 5275.92
 0.76676 5276.51
 0.76688 5277.08
 0.767 5277.63
 0.76712 5278.15
 0.76724 5278.65
 0.76736 5279.12
 0.76748 5279.57
 0.7676 5279.99
 0.76772 5280.39
 0.76784 5280.76
 0.76796 5281.11
 0.76808 5281.43
 0.7682 5281.73
 0.76832 5282
 0.76844 5282.25
 0.76856 5282.47
 0.76868 5282.67
 0.7688 5282.83
 0.76892 5282.97
 0.76904 5283.09
 0.76916 5283.18
 0.76928 5283.24
 0.7694 5283.27
 0.76952 5283.28
 0.76964 5283.26
 0.76976 5283.21
 0.76988 5283.13
 0.77 5283.03
 0.77012 5282.9
 0.77024 5282.74
 0.77036 5282.55
 0.77048 5282.33
 0.7706 5282.09
 0.77072 5281.81
 0.77084 5281.51
 0.77096 5281.18
 0.77108 5280.81
 0.7712 5280.42
 0.77132 5279.99
 0.77144 5279.54
 0.77156 5279.05
 0.77168 5278.53
 0.7718 5277.98
 0.77192 5277.39
 0.77204 5276.78
 0.77216 5276.13
 0.77228 5275.44
 0.7724 5274.72
 0.77252 5273.97
 0.77264 5273.18
 0.77276 5272.35
 0.77288 5271.49
 0.773 5270.6
 0.77312 5269.67
 0.77324 5268.7
 0.77336 5267.69
 0.77348 5266.65
 0.7736 5265.57
 0.77372 5264.45
 0.77384 5263.3
 0.77396 5262.1
 0.77408 5260.87
 0.7742 5259.6
 0.77432 5258.29
 0.77444 5256.94
 0.77456 5255.55
 0.77468 5254.12
 0.7748 5252.66
 0.77492 5251.15
 0.77504 5249.59
 0.77516 5248
 0.77528 5246.37
 0.7754 5244.7
 0.77552 5242.99
 0.77564 5241.23
 0.77576 5239.44
 0.77588 5237.6
 0.776 5235.72
 0.77612 5233.8
 0.77624 5231.84
 0.77636 5229.84
 0.77648 5227.8
 0.7766 5225.71
 0.77672 5223.58
 0.77684 5221.41
 0.77696 5219.2
 0.77708 5216.95
 0.7772 5214.65
 0.77732 5212.31
 0.77744 5209.92
 0.77756 5207.5
 0.77768 5205.03
 0.7778 5202.52
 0.77792 5199.96
 0.77804 5197.36
 0.77816 5194.72
 0.77828 5192.04
 0.7784 5189.31
 0.77852 5186.54
 0.77864 5183.73
 0.77876 5180.88
 0.77888 5177.98
 0.779 5175.05
 0.77912 5172.07
 0.77924 5169.05
 0.77936 5165.99
 0.77948 5162.89
 0.7796 5159.76
 0.77972 5156.58
 0.77984 5153.36
 0.77996 5150.1
 0.78008 5146.8
 0.7802 5143.46
 0.78032 5140.09
 0.78044 5136.67
 0.78056 5133.22
 0.78068 5129.73
 0.7808 5126.2
 0.78092 5122.64
 0.78104 5119.03
 0.78116 5115.39
 0.78128 5111.72
 0.7814 5108
 0.78152 5104.25
 0.78164 5100.47
 0.78176 5096.65
 0.78188 5092.79
 0.782 5088.9
 0.78212 5084.97
 0.78224 5081.01
 0.78236 5077.02
 0.78248 5072.99
 0.7826 5068.92
 0.78272 5064.83
 0.78284 5060.7
 0.78296 5056.53
 0.78308 5052.34
 0.7832 5048.11
 0.78332 5043.85
 0.78344 5039.55
 0.78356 5035.23
 0.78368 5030.87
 0.7838 5026.49
 0.78392 5022.07
 0.78404 5017.62
 0.78416 5013.14
 0.78428 5008.63
 0.7844 5004.09
 0.78452 4999.53
 0.78464 4994.93
 0.78476 4990.3
 0.78488 4985.65
 0.785 4980.97
 0.78512 4976.26
 0.78524 4971.52
 0.78536 4966.76
 0.78548 4961.97
 0.7856 4957.15
 0.78572 4952.31
 0.78584 4947.44
 0.78596 4942.54
 0.78608 4937.63
 0.7862 4932.68
 0.78632 4927.71
 0.78644 4922.72
 0.78656 4917.71
 0.78668 4912.66
 0.7868 4907.6
 0.78692 4902.51
 0.78704 4897.4
 0.78716 4892.26
 0.78728 4887.1
 0.7874 4881.91
 0.78752 4876.71
 0.78764 4871.48
 0.78776 4866.22
 0.78788 4860.95
 0.788 4855.65
 0.78812 4850.33
 0.78824 4844.99
 0.78836 4839.63
 0.78848 4834.24
 0.7886 4828.84
 0.78872 4823.42
 0.78884 4817.98
 0.78896 4812.52
 0.78908 4807.04
 0.7892 4801.55
 0.78932 4796.04
 0.78944 4790.51
 0.78956 4784.97
 0.78968 4779.41
 0.7898 4773.84
 0.78992 4768.25
 0.79004 4762.65
 0.79016 4757.03
 0.79028 4751.4
 0.7904 4745.76
 0.79052 4740.1
 0.79064 4734.43
 0.79076 4728.75
 0.79088 4723.05
 0.791 4717.35
 0.79112 4711.63
 0.79124 4705.9
 0.79136 4700.15
 0.79148 4694.4
 0.7916 4688.63
 0.79172 4682.86
 0.79184 4677.07
 0.79196 4671.27
 0.79208 4665.47
 0.7922 4659.65
 0.79232 4653.83
 0.79244 4648
 0.79256 4642.16
 0.79268 4636.32
 0.7928 4630.46
 0.79292 4624.61
 0.79304 4618.74
 0.79316 4612.88
 0.79328 4607.01
 0.7934 4601.13
 0.79352 4595.26
 0.79364 4589.38
 0.79376 4583.5
 0.79388 4577.63
 0.794 4571.75
 0.79412 4565.88
 0.79424 4560
 0.79436 4554.13
 0.79448 4548.27
 0.7946 4542.4
 0.79472 4536.54
 0.79484 4530.69
 0.79496 4524.84
 0.79508 4519
 0.7952 4513.16
 0.79532 4507.33
 0.79544 4501.5
 0.79556 4495.68
 0.79568 4489.87
 0.7958 4484.07
 0.79592 4478.28
 0.79604 4472.49
 0.79616 4466.72
 0.79628 4460.95
 0.7964 4455.2
 0.79652 4449.46
 0.79664 4443.72
 0.79676 4438
 0.79688 4432.29
 0.797 4426.6
 0.79712 4420.92
 0.79724 4415.25
 0.79736 4409.59
 0.79748 4403.95
 0.7976 4398.33
 0.79772 4392.72
 0.79784 4387.13
 0.79796 4381.55
 0.79808 4375.99
 0.7982 4370.45
 0.79832 4364.93
 0.79844 4359.43
 0.79856 4353.95
 0.79868 4348.49
 0.7988 4343.05
 0.79892 4337.63
 0.79904 4332.24
 0.79916 4326.87
 0.79928 4321.52
 0.7994 4316.2
 0.79952 4310.9
 0.79964 4305.62
 0.79976 4300.37
 0.79988 4295.15
