 0.2 97694
 0.20012 94396.8
 0.20024 90213.2
 0.20036 85337.3
 0.20048 80141.1
 0.2006 74956.2
 0.20072 70159.9
 0.20084 66143
 0.20096 63081
 0.20108 61004.4
 0.2012 59818.3
 0.20132 59435.4
 0.20144 59539.1
 0.20156 59839.2
 0.20168 60136.2
 0.2018 60162.4
 0.20192 59828.7
 0.20204 59280.7
 0.20216 58757.5
 0.20228 58389.4
 0.2024 58339.5
 0.20252 58781.5
 0.20264 59766.3
 0.20276 61372.2
 0.20288 63642.3
 0.203 66422.2
 0.20312 69380
 0.20324 72316.5
 0.20336 75210.2
 0.20348 78078.5
 0.2036 80977.1
 0.20372 83918.8
 0.20384 86799.1
 0.20396 89597.6
 0.20408 92504.5
 0.2042 95655.9
 0.20432 98944
 0.20444 102133
 0.20456 104977
 0.20468 107312
 0.2048 109154
 0.20492 110443
 0.20504 110958
 0.20516 110503
 0.20528 109178
 0.2054 107233
 0.20552 104973
 0.20564 102637
 0.20576 100326
 0.20588 98161.1
 0.206 96488.8
 0.20612 95573.4
 0.20624 95339.6
 0.20636 95571.6
 0.20648 96105.9
 0.2066 96820.3
 0.20672 97706.1
 0.20684 98889.3
 0.20696 100265
 0.20708 101660
 0.2072 103229
 0.20732 105262
 0.20744 107849
 0.20756 110997
 0.20768 114509
 0.2078 117955
 0.20792 120947
 0.20804 123404
 0.20816 125095
 0.20828 125579
 0.2084 124601
 0.20852 122007
 0.20864 117788
 0.20876 112243
 0.20888 105735
 0.209 98424.2
 0.20912 90353.5
 0.20924 81858.1
 0.20936 73259.7
 0.20948 64802.3
 0.2096 56793.3
 0.20972 49350
 0.20984 42512.5
 0.20996 36391.5
 0.21008 31269.1
 0.2102 27291.9
 0.21032 24438.2
 0.21044 22702
 0.21056 21998.2
 0.21068 22236.8
 0.2108 23369.3
 0.21092 25299.8
 0.21104 27740.9
 0.21116 30381.1
 0.21128 33101.8
 0.2114 35871.4
 0.21152 38686.6
 0.21164 41586.8
 0.21176 44631.8
 0.21188 47855.4
 0.212 51477
 0.21212 55722
 0.21224 60674.3
 0.21236 66168
 0.21248 71942.3
 0.2126 77693.5
 0.21272 82999.4
 0.21284 87440.3
 0.21296 90622.6
 0.21308 92248.1
 0.2132 92159.8
 0.21332 90479.7
 0.21344 87557.8
 0.21356 83787.1
 0.21368 79726
 0.2138 76033.6
 0.21392 73218.6
 0.21404 71501.4
 0.21416 70885.1
 0.21428 71234.4
 0.2144 72244.2
 0.21452 73589.3
 0.21464 74878.2
 0.21476 75617.9
 0.21488 75379.6
 0.215 74097
 0.21512 71958.3
 0.21524 69269
 0.21536 66308.7
 0.21548 63317.4
 0.2156 60513.6
 0.21572 58162.6
 0.21584 56571.9
 0.21596 55954.6
 0.21608 56373.1
 0.2162 57752.7
 0.21632 60030.6
 0.21644 63251.4
 0.21656 67429.3
 0.21668 72504.3
 0.2168 78310.7
 0.21692 84513.1
 0.21704 90709.5
 0.21716 96577.7
 0.21728 101909
 0.2174 106337
 0.21752 109506
 0.21764 111255
 0.21776 111499
 0.21788 110329
 0.218 108051
 0.21812 104914
 0.21824 101066
 0.21836 96782.2
 0.21848 92543.6
 0.2186 88636.6
 0.21872 85295.9
 0.21884 82744.1
 0.21896 80982.3
 0.21908 80072.7
 0.2192 80161.1
 0.21932 81274.3
 0.21944 83170.8
 0.21956 85641.2
 0.21968 88523.8
 0.2198 91542.5
 0.21992 94605.3
 0.22004 97609.7
 0.22016 100239
 0.22028 102245
 0.2204 103608
 0.22052 104376
 0.22064 104595
 0.22076 104461
 0.22088 104075
 0.221 103279
 0.22112 102205
 0.22124 101162
 0.22136 100400
 0.22148 100053
 0.2216 100241
 0.22172 101091
 0.22184 102799
 0.22196 105956
 0.22208 111216
 0.2222 118785
 0.22232 128566
 0.22244 140366
 0.22256 154027
 0.22268 169050
 0.2228 184700
 0.22292 199966
 0.22304 213460
 0.22316 224104
 0.22328 231321
 0.2234 234924
 0.22352 234814
 0.22364 231248
 0.22376 224824
 0.22388 216154
 0.224 206109
 0.22412 195646
 0.22424 185435
 0.22436 175837
 0.22448 167056
 0.2246 159081
 0.22472 151703
 0.22484 144979
 0.22496 139135
 0.22508 134169
 0.2252 130091
 0.22532 127092
 0.22544 125404
 0.22556 125351
 0.22568 127366
 0.2258 131719
 0.22592 138167
 0.22604 146346
 0.22616 155973
 0.22628 166407
 0.2264 176778
 0.22652 186282
 0.22664 194056
 0.22676 199208
 0.22688 201153
 0.227 199788
 0.22712 194977
 0.22724 186957
 0.22736 176537
 0.22748 164527
 0.2276 151606
 0.22772 138502
 0.22784 125907
 0.22796 114276
 0.22808 104014
 0.2282 95492.2
 0.22832 88540.1
 0.22844 82785.5
 0.22856 78124.4
 0.22868 74412.5
 0.2288 71434.4
 0.22892 68950.1
 0.22904 66698.2
 0.22916 64268.2
 0.22928 61417.5
 0.2294 58261.3
 0.22952 54800.7
 0.22964 51033.7
 0.22976 47142.7
 0.22988 43432.5
 0.23 40298.7
 0.23012 38287
 0.23024 38049.7
 0.23036 39959.2
 0.23048 44163.1
 0.2306 50803.4
 0.23072 59860.1
 0.23084 70961.7
 0.23096 83482
 0.23108 96547.2
 0.2312 109126
 0.23132 120288
 0.23144 129426
 0.23156 136000
 0.23168 139521
 0.2318 139943
 0.23192 137713
 0.23204 133628
 0.23216 128683
 0.23228 123806
 0.2324 119772
 0.23252 117303
 0.23264 117162
 0.23276 119789
 0.23288 125060
 0.233 132550
 0.23312 141591
 0.23324 151468
 0.23336 161344
 0.23348 170345
 0.2336 177462
 0.23372 181815
 0.23384 183116
 0.23396 181362
 0.23408 176697
 0.2342 169494
 0.23432 160430
 0.23444 150436
 0.23456 140600
 0.23468 132023
 0.2348 125309
 0.23492 120464
 0.23504 117395
 0.23516 115906
 0.23528 115596
 0.2354 115826
 0.23552 115776
 0.23564 114586
 0.23576 111680
 0.23588 107200
 0.236 101614
 0.23612 95343
 0.23624 88756.2
 0.23636 82132.2
 0.23648 75865.6
 0.2366 70386.7
 0.23672 65993.3
 0.23684 62648.5
 0.23696 59991.1
 0.23708 57674.8
 0.2372 55445.7
 0.23732 53346.9
 0.23744 51402.5
 0.23756 49633.1
 0.23768 48111.5
 0.2378 47019.8
 0.23792 46609.2
 0.23804 47039.7
 0.23816 48439.8
 0.23828 50763.4
 0.2384 53992.9
 0.23852 58221.7
 0.23864 63530.4
 0.23876 69898.7
 0.23888 77056.5
 0.239 84796.2
 0.23912 92968
 0.23924 101450
 0.23936 110026
 0.23948 118134
 0.2396 125139
 0.23972 130368
 0.23984 133517
 0.23996 134551
 0.24008 133409
 0.2402 130023
 0.24032 124394
 0.24044 116921
 0.24056 108132
 0.24068 98678.3
 0.2408 89096.7
 0.24092 79680
 0.24104 70661.7
 0.24116 62278.8
 0.24128 54757.4
 0.2414 48147.8
 0.24152 42452.9
 0.24164 37716.5
 0.24176 34011.4
 0.24188 31419.4
 0.242 29978.9
 0.24212 29724.7
 0.24224 30718.4
 0.24236 33083.9
 0.24248 36836.6
 0.2426 41750.8
 0.24272 47450.9
 0.24284 53525.3
 0.24296 59710.2
 0.24308 65793.2
 0.2432 71530.3
 0.24332 76483.3
 0.24344 80248.6
 0.24356 82695.7
 0.24368 83863.7
 0.2438 83893.5
 0.24392 82875.6
 0.24404 80843.9
 0.24416 77771.7
 0.24428 73854.5
 0.2444 69478.5
 0.24452 64901
 0.24464 60349.1
 0.24476 55998.7
 0.24488 51957.4
 0.245 48265.9
 0.24512 45016.3
 0.24524 42267
 0.24536 39886.2
 0.24548 37727.4
 0.2456 35634.5
 0.24572 33469.1
 0.24584 31196.7
 0.24596 28980.4
 0.24608 27094.5
 0.2462 25780.7
 0.24632 25323.9
 0.24644 26053.4
 0.24656 28377.7
 0.24668 32571.4
 0.2468 38772.7
 0.24692 46874.1
 0.24704 56572.4
 0.24716 67541.6
 0.24728 79461.9
 0.2474 91989.4
 0.24752 104475
 0.24764 116249
 0.24776 126811
 0.24788 135834
 0.248 143123
 0.24812 148456
 0.24824 151594
 0.24836 152302
 0.24848 150634
 0.2486 147017
 0.24872 141749
 0.24884 135109
 0.24896 127397
 0.24908 119032
 0.2492 110540
 0.24932 102453
 0.24944 95236.9
 0.24956 89069.4
 0.24968 84199.1
 0.2498 80835.6
 0.24992 79115.8
 0.25004 78998.3
 0.25016 80183.2
 0.25028 82317.5
 0.2504 85040.8
 0.25052 87940.4
 0.25064 90568.1
 0.25076 92508.5
 0.25088 93321.8
 0.251 92727.6
 0.25112 90773.7
 0.25124 87683.5
 0.25136 83602.6
 0.25148 78816
 0.2516 73692.7
 0.25172 68547.6
 0.25184 63773.7
 0.25196 59711.4
 0.25208 56428.3
 0.2522 53789.8
 0.25232 51903.7
 0.25244 50941
 0.25256 51012.2
 0.25268 52272.8
 0.2528 54793.6
 0.25292 58646.5
 0.25304 64084.6
 0.25316 71496.8
 0.25328 80805.5
 0.2534 91526.3
 0.25352 103057
 0.25364 114715
 0.25376 125806
 0.25388 135658
 0.254 143430
 0.25412 148196
 0.25424 149434
 0.25436 147293
 0.25448 142171
 0.2546 134578
 0.25472 125123
 0.25484 114434
 0.25496 103343
 0.25508 92814.4
 0.2552 83725.3
 0.25532 76496.6
 0.25544 71307.5
 0.25556 68174.7
 0.25568 67133.9
 0.2558 68173.2
 0.25592 71124.6
 0.25604 75555.5
 0.25616 80815.2
 0.25628 86325.3
 0.2564 91603.2
 0.25652 96332.2
 0.25664 100189
 0.25676 102875
 0.25688 104139
 0.257 103886
 0.25712 102370
 0.25724 99953.3
 0.25736 97020.3
 0.25748 93961.1
 0.2576 91069.3
 0.25772 88527.2
 0.25784 86449.5
 0.25796 84980.9
 0.25808 84129.9
 0.2582 83783.4
 0.25832 83811.2
 0.25844 83990.6
 0.25856 84178.3
 0.25868 84384.9
 0.2588 84782.6
 0.25892 85549.6
 0.25904 86871.1
 0.25916 88993.8
 0.25928 92045.5
 0.2594 96187.1
 0.25952 101396
 0.25964 107541
 0.25976 114367
 0.25988 121520
 0.26 128534
 0.26012 134907
 0.26024 140335
 0.26036 144532
 0.26048 147351
 0.2606 148756
 0.26072 148710
 0.26084 147223
 0.26096 144562
 0.26108 141052
 0.2612 136909
 0.26132 132340
 0.26144 127748
 0.26156 123582
 0.26168 120491
 0.2618 119234
 0.26192 120388
 0.26204 124283
 0.26216 131181
 0.26228 141249
 0.2624 154295
 0.26252 169900
 0.26264 187207
 0.26276 205017
 0.26288 222057
 0.263 237345
 0.26312 249927
 0.26324 259053
 0.26336 264246
 0.26348 265255
 0.2636 262243
 0.26372 255846
 0.26384 246970
 0.26396 236418
 0.26408 225129
 0.2642 214228
 0.26432 204697
 0.26444 197341
 0.26456 192714
 0.26468 191072
 0.2648 192335
 0.26492 196362
 0.26504 202910
 0.26516 211101
 0.26528 219849
 0.2654 228117
 0.26552 235079
 0.26564 240034
 0.26576 242327
 0.26588 241400
 0.266 236804
 0.26612 228548
 0.26624 217171
 0.26636 203379
 0.26648 187740
 0.2666 170734
 0.26672 153113
 0.26684 135803
 0.26696 119680
 0.26708 105487
 0.2672 93629.2
 0.26732 84271.6
 0.26744 77554.2
 0.26756 73677
 0.26768 72555.7
 0.2678 73777.1
 0.26792 76820.8
 0.26804 81116.4
 0.26816 86099.4
 0.26828 91374
 0.2684 96693.7
 0.26852 101802
 0.26864 106628
 0.26876 111187
 0.26888 115532
 0.269 119758
 0.26912 124208
 0.26924 129144
 0.26936 134642
 0.26948 140654
 0.2696 147056
 0.26972 153961
 0.26984 161680
 0.26996 170648
 0.27008 180756
 0.2702 191657
 0.27032 203059
 0.27044 214842
 0.27056 226963
 0.27068 238840
 0.2708 249405
 0.27092 257323
 0.27104 261800
 0.27116 262674
 0.27128 259910
 0.2714 253416
 0.27152 243002
 0.27164 228971
 0.27176 212348
 0.27188 194460
 0.272 176526
 0.27212 159194
 0.27224 142890
 0.27236 128064
 0.27248 115258
 0.2726 104838
 0.27272 96665.9
 0.27284 90352.1
 0.27296 85285.1
 0.27308 81029.9
 0.2732 77373
 0.27332 74175.7
 0.27344 71198.6
 0.27356 68223
 0.27368 65160.8
 0.2738 62142.5
 0.27392 59612.6
 0.27404 58084.2
 0.27416 57940.1
 0.27428 59359.5
 0.2744 62505.7
 0.27452 67524.5
 0.27464 74477.7
 0.27476 83216.9
 0.27488 93089.3
 0.275 103303
 0.27512 113092
 0.27524 121844
 0.27536 128973
 0.27548 133853
 0.2756 136023
 0.27572 135087
 0.27584 131245
 0.27596 124942
 0.27608 116627
 0.2762 106718
 0.27632 95714.4
 0.27644 84379.1
 0.27656 73388.1
 0.27668 63447.4
 0.2768 54997.3
 0.27692 48179.9
 0.27704 43151.1
 0.27716 40061
 0.27728 38944.3
 0.2774 39490.4
 0.27752 41291.5
 0.27764 43966.8
 0.27776 47188.9
 0.27788 50841.7
 0.278 54741.7
 0.27812 58664.5
 0.27824 62446
 0.27836 66139.5
 0.27848 70003.3
 0.2786 74288.8
 0.27872 79111.8
 0.27884 84405.8
 0.27896 90098.4
 0.27908 96215.4
 0.2792 102778
 0.27932 109660
 0.27944 116601
 0.27956 123144
 0.27968 128853
 0.2798 133415
 0.27992 136686
 0.28004 138476
 0.28016 138610
 0.28028 137114
 0.2804 134071
 0.28052 129691
 0.28064 124520
 0.28076 119153
 0.28088 114018
 0.281 109508
 0.28112 106001
 0.28124 103641
 0.28136 102431
 0.28148 102414
 0.2816 103266
 0.28172 104441
 0.28184 105522
 0.28196 106100
 0.28208 105694
 0.2822 103988
 0.28232 100856
 0.28244 96276.1
 0.28256 90452.4
 0.28268 83865.9
 0.2828 76891.7
 0.28292 69887.8
 0.28304 63374.9
 0.28316 57843.3
 0.28328 53646.8
 0.2834 50929.5
 0.28352 49572.1
 0.28364 49207.2
 0.28376 49498.8
 0.28388 50143.4
 0.284 50734.2
 0.28412 50824
 0.28424 50023.1
 0.28436 48108.3
 0.28448 45144.3
 0.2846 41390.2
 0.28472 37191.6
 0.28484 32901.1
 0.28496 28917.1
 0.28508 25661.9
 0.2852 23540.7
 0.28532 22881.2
 0.28544 23846.1
 0.28556 26433.8
 0.28568 30529.2
 0.2858 35974.6
 0.28592 42544.1
 0.28604 50001.9
 0.28616 58085.1
 0.28628 66439
 0.2864 74740.3
 0.28652 82690
 0.28664 90038.7
 0.28676 96549.7
 0.28688 101991
 0.287 106144
 0.28712 108830
 0.28724 110187
 0.28736 110487
 0.28748 110065
 0.2876 109376
 0.28772 108933
 0.28784 109381
 0.28796 111368
 0.28808 115476
 0.2882 121981
 0.28832 130704
 0.28844 141374
 0.28856 153504
 0.28868 166507
 0.2888 179481
 0.28892 191411
 0.28904 201428
 0.28916 208695
 0.28928 212876
 0.2894 213872
 0.28952 211762
 0.28964 206664
 0.28976 198997
 0.28988 189498
 0.29 178788
 0.29012 167541
 0.29024 156307
 0.29036 145370
 0.29048 134906
 0.2906 125081
 0.29072 115993
 0.29084 107469
 0.29096 99322
 0.29108 91493.4
 0.2912 83887.5
 0.29132 76571.6
 0.29144 69688.7
 0.29156 63432.8
 0.29168 57953.9
 0.2918 53515.7
 0.29192 50411.6
 0.29204 48726.7
 0.29216 48469.6
 0.29228 49470.2
 0.2924 51477.3
 0.29252 54120.9
 0.29264 57099.4
 0.29276 60087.2
 0.29288 62661.7
 0.293 64591.3
 0.29312 65796.7
 0.29324 66355.5
 0.29336 66471
 0.29348 66446.4
 0.2936 66589.3
 0.29372 67028.5
 0.29384 68002.4
 0.29396 69674
 0.29408 71932.3
 0.2942 74593.6
 0.29432 77401.9
 0.29444 80045.8
 0.29456 82123.3
 0.29468 83534.1
 0.2948 84309.4
 0.29492 84470.6
 0.29504 84300.4
 0.29516 84212.7
 0.29528 84559.1
 0.2954 85639.5
 0.29552 87873.2
 0.29564 91437.6
 0.29576 96129.5
 0.29588 101574
 0.296 107335
 0.29612 112808
 0.29624 117417
 0.29636 120772
 0.29648 122464
 0.2966 122189
 0.29672 120017
 0.29684 116360
 0.29696 111683
 0.29708 106442
 0.2972 101155
 0.29732 96154.2
 0.29744 91690.7
 0.29756 87874.5
 0.29768 84638.7
 0.2978 81708.2
 0.29792 78736
 0.29804 75547.2
 0.29816 71994.4
 0.29828 68123.8
 0.2984 64050.4
 0.29852 60080
 0.29864 56679.6
 0.29876 54363.1
 0.29888 53574.6
 0.299 54557.9
 0.29912 57390
 0.29924 61830.6
 0.29936 67556.3
 0.29948 74158.4
 0.2996 81074.1
 0.29972 87653.5
 0.29984 93251
 0.29996 97410.2
 0.30008 99789.6
 0.3002 100414
 0.30032 99485.2
 0.30044 97219.9
 0.30056 93875.3
 0.30068 89725.8
 0.3008 85216
 0.30092 80755.1
 0.30104 76745.4
 0.30116 73467.7
 0.30128 70968.7
 0.3014 69289.9
 0.30152 68498.4
 0.30164 68716.2
 0.30176 70048.4
 0.30188 72471.5
 0.302 75800.8
 0.30212 79663.4
 0.30224 83775.1
 0.30236 87835
 0.30248 91465.3
 0.3026 94195.6
 0.30272 95478.8
 0.30284 94806.7
 0.30296 91943.3
 0.30308 87030.6
 0.3032 80339.5
 0.30332 72275.1
 0.30344 63351.1
 0.30356 54241.2
 0.30368 45662.4
 0.3038 38347.3
 0.30392 32912.7
 0.30404 29733.4
 0.30416 28983
 0.30428 30610.2
 0.3044 34316.3
 0.30452 39672.8
 0.30464 46212.6
 0.30476 53500.5
 0.30488 61123
 0.305 68560.2
 0.30512 75263.6
 0.30524 80878.8
 0.30536 85423.2
 0.30548 89060.8
 0.3056 92004
 0.30572 94392.3
 0.30584 96342.3
 0.30596 98100.4
 0.30608 100262
 0.3062 103337
 0.30632 107493
 0.30644 112731
 0.30656 118945
 0.30668 126047
 0.3068 133861
 0.30692 142080
 0.30704 150171
 0.30716 157576
 0.30728 164079
 0.3074 169580
 0.30752 174048
 0.30764 177502
 0.30776 180121
 0.30788 182449
 0.308 185109
 0.30812 188268
 0.30824 191723
 0.30836 195150
 0.30848 198140
 0.3086 200335
 0.30872 201389
 0.30884 200609
 0.30896 197104
 0.30908 190734
 0.3092 182096
 0.30932 171868
 0.30944 160927
 0.30956 150142
 0.30968 140127
 0.3098 131429
 0.30992 124845
 0.31004 120855
 0.31016 119131
 0.31028 119280
 0.3104 120708
 0.31052 122667
 0.31064 124555
 0.31076 126104
 0.31088 126908
 0.311 126464
 0.31112 124663
 0.31124 121507
 0.31136 117079
 0.31148 111608
 0.3116 105404
 0.31172 98669
 0.31184 91683.8
 0.31196 84949.6
 0.31208 78894.9
 0.3122 73686.4
 0.31232 69530.5
 0.31244 66662.9
 0.31256 65246
 0.31268 65321.8
 0.3128 66908.1
 0.31292 69863.5
 0.31304 73935.7
 0.31316 79182.5
 0.31328 85693
 0.3134 93355.8
 0.31352 102077
 0.31364 111784
 0.31376 122198
 0.31388 132894
 0.314 143548
 0.31412 153713
 0.31424 162714
 0.31436 169926
 0.31448 174641
 0.3146 176153
 0.31472 174143
 0.31484 168703
 0.31496 160047
 0.31508 148401
 0.3152 134190
 0.31532 118152
 0.31544 101239
 0.31556 84524
 0.31568 68848.2
 0.3158 54749.9
 0.31592 42578
 0.31604 32649.9
 0.31616 25201
 0.31628 20222.3
 0.3164 17489
 0.31652 16668.9
 0.31664 17496.9
 0.31676 19811.3
 0.31688 23475.5
 0.317 28291.9
 0.31712 34096.6
 0.31724 40668.4
 0.31736 47761.6
 0.31748 55143.4
 0.3176 62479.1
 0.31772 69343.3
 0.31784 75351.9
 0.31796 80297.5
 0.31808 84020.1
 0.3182 86512.6
 0.31832 87970.3
 0.31844 88581.1
 0.31856 88583.3
 0.31868 88343.7
 0.3188 88235.8
 0.31892 88449
 0.31904 89082.4
 0.31916 90143.7
 0.31928 91497.5
 0.3194 93008.9
 0.31952 94627.6
 0.31964 96179.9
 0.31976 97333.1
 0.31988 97876.4
 0.32 97716.5
 0.32012 96796.6
 0.32024 95122.8
 0.32036 92786.9
 0.32048 89850
 0.3206 86551.3
 0.32072 83486.7
 0.32084 81332.4
 0.32096 80584.2
 0.32108 81630.2
 0.3212 84806.2
 0.32132 90178.7
 0.32144 97574.7
 0.32156 106681
 0.32168 116730
 0.3218 126715
 0.32192 135779
 0.32204 143296
 0.32216 148733
 0.32228 151892
 0.3224 153089
 0.32252 152716
 0.32264 151375
 0.32276 149823
 0.32288 148765
 0.323 148800
 0.32312 150360
 0.32324 153604
 0.32336 158143
 0.32348 163421
 0.3236 168982
 0.32372 174574
 0.32384 180044
 0.32396 184991
 0.32408 188992
 0.3242 191836
 0.32432 193745
 0.32444 195217
 0.32456 196614
 0.32468 197835
 0.3248 198365
 0.32492 197949
 0.32504 196765
 0.32516 194920
 0.32528 192315
 0.3254 188623
 0.32552 183504
 0.32564 177009
 0.32576 169797
 0.32588 162724
 0.326 156295
 0.32612 150838
 0.32624 146678
 0.32636 144107
 0.32648 143491
 0.3266 145002
 0.32672 148423
 0.32684 152968
 0.32696 157796
 0.32708 162251
 0.3272 165793
 0.32732 168041
 0.32744 168673
 0.32756 167545
 0.32768 164684
 0.3278 160622
 0.32792 156045
 0.32804 151562
 0.32816 147622
 0.32828 144614
 0.3284 142841
 0.32852 142384
 0.32864 143060
 0.32876 144349
 0.32888 145640
 0.329 146539
 0.32912 146755
 0.32924 146056
 0.32936 144181
 0.32948 140930
 0.3296 136407
 0.32972 131003
 0.32984 125265
 0.32996 119529
 0.33008 113963
 0.3302 108612
 0.33032 103559
 0.33044 98918.6
 0.33056 94745.6
 0.33068 90844.9
 0.3308 86862
 0.33092 82472.8
 0.33104 77528.2
 0.33116 72133.3
 0.33128 66421.3
 0.3314 60593.3
 0.33152 54781.9
 0.33164 49273.4
 0.33176 44539.5
 0.33188 41094.1
 0.332 39445.7
 0.33212 39833.9
 0.33224 42399.2
 0.33236 47195.6
 0.33248 54278.8
 0.3326 63661.7
 0.33272 75034.2
 0.33284 87854.5
 0.33296 101398
 0.33308 114922
 0.3332 127810
 0.33332 139491
 0.33344 149451
 0.33356 157136
 0.33368 162132
 0.3338 164481
 0.33392 164493
 0.33404 162729
 0.33416 159723
 0.33428 155961
 0.3344 151778
 0.33452 147416
 0.33464 143297
 0.33476 139593
 0.33488 136200
 0.335 132825
 0.33512 129089
 0.33524 124646
 0.33536 119393
 0.33548 113490
 0.3356 107052
 0.33572 100135
 0.33584 92984.6
 0.33596 86010
 0.33608 79805.1
 0.3362 74994.8
 0.33632 71942.4
 0.33644 70676.9
 0.33656 71118.7
 0.33668 73226
 0.3368 76905.1
 0.33692 81899.9
 0.33704 87553.1
 0.33716 93113.5
 0.33728 97932.1
 0.3374 101765
 0.33752 104480
 0.33764 106017
 0.33776 106331
 0.33788 105356
 0.338 103514
 0.33812 101398
 0.33824 99647
 0.33836 98634.3
 0.33848 98560.6
 0.3386 99515.8
 0.33872 101434
 0.33884 104376
 0.33896 108231
 0.33908 112628
 0.3392 117108
 0.33932 121249
 0.33944 124817
 0.33956 127513
 0.33968 129251
 0.3398 129922
 0.33992 129359
 0.34004 127511
 0.34016 124524
 0.34028 120589
 0.3404 115830
 0.34052 110536
 0.34064 105005
 0.34076 99466.5
 0.34088 94133.2
 0.341 89218.1
 0.34112 84816.9
 0.34124 80930.6
 0.34136 77446
 0.34148 74150.9
 0.3416 70752.3
 0.34172 67075
 0.34184 63099.2
 0.34196 58863.7
 0.34208 54439.3
 0.3422 49972.8
 0.34232 45824.2
 0.34244 42466.1
 0.34256 40371.3
 0.34268 39861.9
 0.3428 41076.9
 0.34292 43914.6
 0.34304 48201.3
 0.34316 53663.4
 0.34328 59865.6
 0.3434 66259.4
 0.34352 72294.6
 0.34364 77493.7
 0.34376 81376.2
 0.34388 83716.7
 0.344 84470.1
 0.34412 83652.1
 0.34424 81369.8
 0.34436 77771.5
 0.34448 73028.9
 0.3446 67333.2
 0.34472 61055.7
 0.34484 54614.9
 0.34496 48257.6
 0.34508 42269.9
 0.3452 36961.1
 0.34532 32637.5
 0.34544 29578.7
 0.34556 27995.5
 0.34568 27938.7
 0.3458 29247.4
 0.34592 31793.5
 0.34604 35377.2
 0.34616 39720.8
 0.34628 44574.1
 0.3464 49708.1
 0.34652 54940.4
 0.34664 60142.6
 0.34676 65327.3
 0.34688 70466.8
 0.347 75578.9
 0.34712 80634.6
 0.34724 85421.7
 0.34736 89651.8
 0.34748 93071.2
 0.3476 95514.5
 0.34772 96713.1
 0.34784 96502
 0.34796 94733.2
 0.34808 91375.2
 0.3482 86756.9
 0.34832 81415.2
 0.34844 75838
 0.34856 70334.7
 0.34868 65267.6
 0.3488 61005.5
 0.34892 57893.4
 0.34904 56226.2
 0.34916 56016.2
 0.34928 56994.4
 0.3494 58873.5
 0.34952 61475.8
 0.34964 64632.5
 0.34976 68088.3
 0.34988 71523.8
 0.35 74660.5
 0.35012 77313.3
 0.35024 79554.3
 0.35036 81591.2
 0.35048 83613.7
 0.3506 85847.1
 0.35072 88531.9
 0.35084 91949.4
 0.35096 96228.6
 0.35108 101394
 0.3512 107361
 0.35132 113740
 0.35144 120031
 0.35156 125701
 0.35168 130235
 0.3518 133262
 0.35192 134648
 0.35204 134615
 0.35216 133348
 0.35228 131186
 0.3524 128840
 0.35252 127072
 0.35264 126620
 0.35276 127997
 0.35288 131527
 0.353 136949
 0.35312 143812
 0.35324 151692
 0.35336 159816
 0.35348 167185
 0.3536 172788
 0.35372 175749
 0.35384 175296
 0.35396 171084
 0.35408 163283
 0.3542 152263
 0.35432 138701
 0.35444 123580
 0.35456 107995
 0.35468 93046.6
 0.3548 79794.9
 0.35492 69152.9
 0.35504 61651.7
 0.35516 57573.6
 0.35528 56823
 0.3554 59004.2
 0.35552 63558.4
 0.35564 69831.5
 0.35576 77147.8
 0.35588 84947.9
 0.356 92802.7
 0.35612 100382
 0.35624 107494
 0.35636 114117
 0.35648 120299
 0.3566 126150
 0.35672 131911
 0.35684 137655
 0.35696 143307
 0.35708 148680
 0.3572 153468
 0.35732 157419
 0.35744 160390
 0.35756 162268
 0.35768 162707
 0.3578 161418
 0.35792 158266
 0.35804 153354
 0.35816 147037
 0.35828 139777
 0.3584 131889
 0.35852 123579
 0.35864 115268
 0.35876 107437
 0.35888 100604
 0.359 95028.1
 0.35912 90704.5
 0.35924 87388.4
 0.35936 84871.8
 0.35948 83056.6
 0.3596 81848.6
 0.35972 81153.5
 0.35984 80708.5
 0.35996 80352.6
 0.36008 80191.2
 0.3602 80550.7
 0.36032 81767.2
 0.36044 84083
 0.36056 87605.9
 0.36068 92368.5
 0.3608 98405.9
 0.36092 105754
 0.36104 114269
 0.36116 123555
 0.36128 132985
 0.3614 141958
 0.36152 149881
 0.36164 156231
 0.36176 160626
 0.36188 162915
 0.362 163143
 0.36212 161553
 0.36224 158735
 0.36236 155519
 0.36248 152829
 0.3626 151534
 0.36272 152240
 0.36284 155192
 0.36296 160100
 0.36308 166428
 0.3632 173403
 0.36332 179992
 0.36344 185137
 0.36356 187819
 0.36368 187398
 0.3638 183490
 0.36392 176422
 0.36404 166862
 0.36416 155732
 0.36428 144045
 0.3644 132651
 0.36452 122269
 0.36464 113483
 0.36476 106742
 0.36488 101989
 0.365 98906.9
 0.36512 97143.8
 0.36524 96346.3
 0.36536 96383
 0.36548 97420.1
 0.3656 99543.4
 0.36572 102753
 0.36584 107288
 0.36596 113460
 0.36608 121279
 0.3662 130476
 0.36632 140497
 0.36644 150584
 0.36656 160009
 0.36668 168121
 0.3668 174316
 0.36692 178019
 0.36704 178984
 0.36716 177393
 0.36728 173931
 0.3674 169335
 0.36752 164204
 0.36764 159171
 0.36776 154763
 0.36788 151309
 0.368 148969
 0.36812 147672
 0.36824 146889
 0.36836 145871
 0.36848 144195
 0.3686 141471
 0.36872 137378
 0.36884 131885
 0.36896 125161
 0.36908 117437
 0.3692 109154
 0.36932 101072
 0.36944 93805.3
 0.36956 87819.4
 0.36968 83508.9
 0.3698 81012.2
 0.36992 80278.1
 0.37004 81110.5
 0.37016 83241.5
 0.37028 86179.2
 0.3704 89367.7
 0.37052 92323.5
 0.37064 94712.5
 0.37076 96410.8
 0.37088 97389.9
 0.371 97779.2
 0.37112 97824.4
 0.37124 97850.2
 0.37136 98231.1
 0.37148 99411.5
 0.3716 101591
 0.37172 104737
 0.37184 108683
 0.37196 113109
 0.37208 117469
 0.3722 121259
 0.37232 124045
 0.37244 125372
 0.37256 124867
 0.37268 122472
 0.3728 118315
 0.37292 112780
 0.37304 106603
 0.37316 100403
 0.37328 94585.6
 0.3734 89479.7
 0.37352 85472.6
 0.37364 82829.2
 0.37376 81588
 0.37388 81535.6
 0.374 82161.2
 0.37412 82966.6
 0.37424 83851.6
 0.37436 84834.7
 0.37448 85908.4
 0.3746 86999.1
 0.37472 88068.4
 0.37484 89270.6
 0.37496 90900.6
 0.37508 93303.2
 0.3752 96411.3
 0.37532 99842.8
 0.37544 103203
 0.37556 106126
 0.37568 108367
 0.3758 109731
 0.37592 109845
 0.37604 108321
 0.37616 105039
 0.37628 100361
 0.3764 94774.1
 0.37652 88844.7
 0.37664 83197.2
 0.37676 78326.1
 0.37688 74886.2
 0.377 73588.8
 0.37712 75073.8
 0.37724 79717.6
 0.37736 87688.3
 0.37748 98954.1
 0.3776 113131
 0.37772 129591
 0.37784 147523
 0.37796 166032
 0.37808 184129
 0.3782 200710
 0.37832 214729
 0.37844 225298
 0.37856 231835
 0.37868 234170
 0.3788 232531
 0.37892 227345
 0.37904 219065
 0.37916 208412
 0.37928 196277
 0.3794 183525
 0.37952 171104
 0.37964 159974
 0.37976 150827
 0.37988 144000
 0.38 139850
 0.38012 138637
 0.38024 140247
 0.38036 144362
 0.38048 150390
 0.3806 157343
 0.38072 164010
 0.38084 169492
 0.38096 173084
 0.38108 174086
 0.3812 172123
 0.38132 167357
 0.38144 160226
 0.38156 151496
 0.38168 142457
 0.3818 134410
 0.38192 128213
 0.38204 124427
 0.38216 123455
 0.38228 125264
 0.3824 129604
 0.38252 136129
 0.38264 144056
 0.38276 151995
 0.38288 158845
 0.383 164027
 0.38312 167219
 0.38324 168213
 0.38336 166865
 0.38348 162978
 0.3836 156457
 0.38372 148083
 0.38384 138915
 0.38396 129722
 0.38408 120968
 0.3842 113048
 0.38432 106408
 0.38444 101540
 0.38456 99002
 0.38468 98976.5
 0.3848 101216
 0.38492 105517
 0.38504 111750
 0.38516 119843
 0.38528 129603
 0.3854 140696
 0.38552 152706
 0.38564 165081
 0.38576 177295
 0.38588 188492
 0.386 197811
 0.38612 204519
 0.38624 208006
 0.38636 208035
 0.38648 204635
 0.3866 198204
 0.38672 189170
 0.38684 178541
 0.38696 167562
 0.38708 157235
 0.3872 148478
 0.38732 141836
 0.38744 137349
 0.38756 134604
 0.38768 133224
 0.3878 132730
 0.38792 132357
 0.38804 131536
 0.38816 129762
 0.38828 126637
 0.3884 122282
 0.38852 117202
 0.38864 111965
 0.38876 106897
 0.38888 102345
 0.389 98508.1
 0.38912 95524.8
 0.38924 93637.1
 0.38936 92766.2
 0.38948 92545.7
 0.3896 92522.3
 0.38972 92389.6
 0.38984 91846.7
 0.38996 90699.4
 0.39008 88797
 0.3902 85915.3
 0.39032 82016.7
 0.39044 77331
 0.39056 72154.3
 0.39068 66734.1
 0.3908 61424.5
 0.39092 56585.3
 0.39104 52546.6
 0.39116 49611.8
 0.39128 47867.6
 0.3914 47098.2
 0.39152 47016.3
 0.39164 47343
 0.39176 47750.8
 0.39188 47910.4
 0.392 47534
 0.39212 46472.4
 0.39224 44832.8
 0.39236 43117.4
 0.39248 41966.9
 0.3926 42058.5
 0.39272 44072.1
 0.39284 48584.9
 0.39296 56102.4
 0.39308 66924.8
 0.3932 80976.2
 0.39332 97716.7
 0.39344 116261
 0.39356 135570
 0.39368 154479
 0.3938 171811
 0.39392 186290
 0.39404 196746
 0.39416 202492
 0.39428 203335
 0.3944 199487
 0.39452 191424
 0.39464 179828
 0.39476 165552
 0.39488 149904
 0.395 134301
 0.39512 119804
 0.39524 106982
 0.39536 96100.5
 0.39548 87305.5
 0.3956 80662.8
 0.39572 76104.2
 0.39584 73197.9
 0.39596 71187.6
 0.39608 69446.4
 0.3962 67792.7
 0.39632 66299.4
 0.39644 65004.8
 0.39656 63833
 0.39668 62659.5
 0.3968 61439.9
 0.39692 60374
 0.39704 59711.5
 0.39716 59397.3
 0.39728 59078.2
 0.3974 58395.7
 0.39752 57208.1
 0.39764 55587.8
 0.39776 53700.8
 0.39788 51664.9
 0.398 49515.5
 0.39812 47402.6
 0.39824 45760.7
 0.39836 45142
 0.39848 45931.8
 0.3986 48219.9
 0.39872 51868.9
 0.39884 56630.1
 0.39896 62284.5
 0.39908 68595.5
 0.3992 75189.6
 0.39932 81562.6
 0.39944 87173.8
 0.39956 91693.8
 0.39968 94940.7
 0.3998 96881.2
 0.39992 97450.1
 0.40004 96581.7
 0.40016 94234.7
 0.40028 90409.3
 0.4004 85230.7
 0.40052 78897.8
 0.40064 71658.1
 0.40076 63800
 0.40088 55719.8
 0.401 47829.9
 0.40112 40542.3
 0.40124 34269.1
 0.40136 29355.1
 0.40148 25917.7
 0.4016 23888.2
 0.40172 23101.8
 0.40184 23299.7
 0.40196 24209.1
 0.40208 25579.2
 0.4022 27160.9
 0.40232 28735.3
 0.40244 30277.6
 0.40256 31978.5
 0.40268 34041.5
 0.4028 36523.6
 0.40292 39429.9
 0.40304 42661.6
 0.40316 46097.1
 0.40328 49616.4
 0.4034 52991
 0.40352 55885
 0.40364 57978.8
 0.40376 59268.4
 0.40388 59930.9
 0.404 60288
 0.40412 60743.5
 0.40424 61694.5
 0.40436 63506.5
 0.40448 66423.1
 0.4046 70577.6
 0.40472 75865.6
 0.40484 81921.3
 0.40496 88291.1
 0.40508 94471.3
 0.4052 99953.5
 0.40532 104264
 0.40544 107200
 0.40556 108790
 0.40568 109172
 0.4058 108646
 0.40592 107613
 0.40604 106403
 0.40616 105222
 0.40628 104316
 0.4064 103832
 0.40652 103723
 0.40664 103980
 0.40676 104579
 0.40688 105349
 0.407 106111
 0.40712 106893
 0.40724 107815
 0.40736 108918
 0.40748 110214
 0.4076 111593
 0.40772 112686
 0.40784 113243
 0.40796 113207
 0.40808 112513
 0.4082 110982
 0.40832 108438
 0.40844 104825
 0.40856 100173
 0.40868 94955.1
 0.4088 89801.6
 0.40892 85231.7
 0.40904 81521.8
 0.40916 78899
 0.40928 77595
 0.4094 77850.3
 0.40952 79891.4
 0.40964 83742.9
 0.40976 89076
 0.40988 95371.7
 0.41 102168
 0.41012 109173
 0.41024 116023
 0.41036 122292
 0.41048 127463
 0.4106 130950
 0.41072 132302
 0.41084 131311
 0.41096 128083
 0.41108 122670
 0.4112 115329
 0.41132 106501
 0.41144 96750.6
 0.41156 86818.3
 0.41168 77435.6
 0.4118 69299.5
 0.41192 62913
 0.41204 58663.3
 0.41216 56712.2
 0.41228 56914.1
 0.4124 58930.9
 0.41252 62299.6
 0.41264 66621.9
 0.41276 71514.1
 0.41288 76471.6
 0.413 80894.9
 0.41312 84368.8
 0.41324 86724.4
 0.41336 88016.8
 0.41348 88326
 0.4136 87653.4
 0.41372 85903
 0.41384 83132.3
 0.41396 79753.9
 0.41408 76209.1
 0.4142 72855.3
 0.41432 69924
 0.41444 67711.9
 0.41456 66586.5
 0.41468 66923.2
 0.4148 69081.3
 0.41492 73099.8
 0.41504 78793.1
 0.41516 85818.5
 0.41528 93834.9
 0.4154 102484
 0.41552 111350
 0.41564 120184
 0.41576 128552
 0.41588 136200
 0.416 143150
 0.41612 149742
 0.41624 156403
 0.41636 163522
 0.41648 171259
 0.4166 179453
 0.41672 188109
 0.41684 197278
 0.41696 206526
 0.41708 215073
 0.4172 221947
 0.41732 226047
 0.41744 226597
 0.41756 223353
 0.41768 216169
 0.4178 204764
 0.41792 189450
 0.41804 170969
 0.41816 150341
 0.41828 128864
 0.4184 107897
 0.41852 88406.3
 0.41864 71186.9
 0.41876 57064.3
 0.41888 46503.3
 0.419 39533.2
 0.41912 35917.6
 0.41924 35219.5
 0.41936 36837.1
 0.41948 40155.5
 0.4196 44568.8
 0.41972 49459.8
 0.41984 54365.4
 0.41996 59131.9
 0.42008 63879.1
 0.4202 68835.3
 0.42032 74137.8
 0.42044 79971.3
 0.42056 86609.3
 0.42068 94228.8
 0.4208 102893
 0.42092 112474
 0.42104 122543
 0.42116 132491
 0.42128 141875
 0.4214 150385
 0.42152 157618
 0.42164 163394
 0.42176 167722
 0.42188 170567
 0.422 171978
 0.42212 172082
 0.42224 171028
 0.42236 168871
 0.42248 165725
 0.4226 161619
 0.42272 156393
 0.42284 150051
 0.42296 142872
 0.42308 135395
 0.4232 128191
 0.42332 121715
 0.42344 116332
 0.42356 112392
 0.42368 110274
 0.4238 110264
 0.42392 112410
 0.42404 116436
 0.42416 121739
 0.42428 127666
 0.4244 133615
 0.42452 139044
 0.42464 143465
 0.42476 146429
 0.42488 147462
 0.425 146227
 0.42512 142750
 0.42524 137496
 0.42536 131190
 0.42548 124425
 0.4256 117754
 0.42572 111693
 0.42584 106924
 0.42596 104078
 0.42608 103483
 0.4262 104983
 0.42632 107947
 0.42644 111845
 0.42656 116166
 0.42668 120440
 0.4268 124103
 0.42692 126593
 0.42704 127638
 0.42716 127288
 0.42728 125961
 0.4274 124051
 0.42752 121935
 0.42764 119933
 0.42776 118307
 0.42788 117330
 0.428 117056
 0.42812 117305
 0.42824 117857
 0.42836 118515
 0.42848 119238
 0.4286 120074
 0.42872 121228
 0.42884 122845
 0.42896 125196
 0.42908 128630
 0.4292 133277
 0.42932 139115
 0.42944 145782
 0.42956 152650
 0.42968 158862
 0.4298 163677
 0.42992 166430
 0.43004 166588
 0.43016 164029
 0.43028 158818
 0.4304 151305
 0.43052 142281
 0.43064 132841
 0.43076 124087
 0.43088 116808
 0.431 111524
 0.43112 108297
 0.43124 107002
 0.43136 107488
 0.43148 109266
 0.4316 111516
 0.43172 113263
 0.43184 113813
 0.43196 112763
 0.43208 110020
 0.4322 105695
 0.43232 99837.5
 0.43244 92601.7
 0.43256 84431.8
 0.43268 75931.2
 0.4328 67615.2
 0.43292 59917.7
 0.43304 53134.1
 0.43316 47463
 0.43328 43159.1
 0.4334 40507.4
 0.43352 39612.5
 0.43364 40461.7
 0.43376 43069.5
 0.43388 47314.5
 0.434 53115.9
 0.43412 60376.7
 0.43424 68758.2
 0.43436 77785.2
 0.43448 86971
 0.4346 95867.7
 0.43472 103996
 0.43484 111057
 0.43496 116639
 0.43508 120241
 0.4352 121687
 0.43532 121049
 0.43544 118485
 0.43556 114224
 0.43568 108535
 0.4358 101520
 0.43592 93402.1
 0.43604 84683.6
 0.43616 75754
 0.43628 66793
 0.4364 58014.1
 0.43652 49607.7
 0.43664 41697
 0.43676 34554.5
 0.43688 28466.1
 0.437 23580.4
 0.43712 20095.8
 0.43724 18323.7
 0.43736 18487.3
 0.43748 20718.3
 0.4376 25221.5
 0.43772 32203.5
 0.43784 41853.1
 0.43796 54183.4
 0.43808 68876.6
 0.4382 85378.6
 0.43832 103105
 0.43844 121585
 0.43856 140193
 0.43868 158084
 0.4388 174195
 0.43892 187544
 0.43904 197617
 0.43916 204251
 0.43928 207340
 0.4394 206712
 0.43952 202412
 0.43964 194805
 0.43976 184619
 0.43988 172850
 0.44 160367
 0.44012 147894
 0.44024 136241
 0.44036 126395
 0.44048 119120
 0.4406 114864
 0.44072 113790
 0.44084 115736
 0.44096 120236
 0.44108 126686
 0.4412 134369
 0.44132 142200
 0.44144 149147
 0.44156 154465
 0.44168 157619
 0.4418 158304
 0.44192 156513
 0.44204 152486
 0.44216 146497
 0.44228 139015
 0.4424 130785
 0.44252 122408
 0.44264 114388
 0.44276 107012
 0.44288 100402
 0.443 94603.1
 0.44312 89728
 0.44324 85986.8
 0.44336 83392.7
 0.44348 81897
 0.4436 81421.6
 0.44372 81930.4
 0.44384 83619.9
 0.44396 86655.2
 0.44408 90971.8
 0.4442 96247.8
 0.44432 101952
 0.44444 107572
 0.44456 112597
 0.44468 116696
 0.4448 119420
 0.44492 120290
 0.44504 118986
 0.44516 115473
 0.44528 110112
 0.4454 103475
 0.44552 96258
 0.44564 88985.8
 0.44576 82098.2
 0.44588 76000.3
 0.446 71091.2
 0.44612 67735.8
 0.44624 66083
 0.44636 65968
 0.44648 67102.2
 0.4466 69256.8
 0.44672 72270.6
 0.44684 75976.7
 0.44696 80243.8
 0.44708 84761.4
 0.4472 89169.4
 0.44732 93271.5
 0.44744 96892
 0.44756 99809.8
 0.44768 101911
 0.4478 103310
 0.44792 104159
 0.44804 104731
 0.44816 105462
 0.44828 106745
 0.4484 108977
 0.44852 112713
 0.44864 118198
 0.44876 125304
 0.44888 133560
 0.449 142364
 0.44912 150992
 0.44924 158742
 0.44936 165047
 0.44948 169230
 0.4496 170747
 0.44972 169456
 0.44984 165611
 0.44996 159844
 0.45008 152872
 0.4502 145434
 0.45032 138071
 0.45044 131110
 0.45056 124918
 0.45068 119662
 0.4508 115354
 0.45092 111661
 0.45104 108133
 0.45116 104247
 0.45128 99603.1
 0.4514 94175.5
 0.45152 88147
 0.45164 81799.2
 0.45176 75467.3
 0.45188 69592.5
 0.452 64754
 0.45212 61614.6
 0.45224 60748.2
 0.45236 62404.5
 0.45248 66556.9
 0.4526 72929.9
 0.45272 81132.3
 0.45284 90734
 0.45296 101032
 0.45308 111095
 0.4532 120075
 0.45332 127308
 0.45344 132205
 0.45356 134382
 0.45368 133629
 0.4538 129776
 0.45392 122946
 0.45404 113701
 0.45416 102667
 0.45428 90409.9
 0.4544 77668.5
 0.45452 65154.1
 0.45464 53474.5
 0.45476 43202
 0.45488 34753.8
 0.455 28286.8
 0.45512 23832.3
 0.45524 21445.7
 0.45536 21012.2
 0.45548 22338.1
 0.4556 25216.2
 0.45572 29413.5
 0.45584 34872.6
 0.45596 41524.8
 0.45608 49224.5
 0.4562 57785.5
 0.45632 67063.9
 0.45644 77039.4
 0.45656 87739.1
 0.45668 99259.7
 0.4568 111477
 0.45692 124082
 0.45704 136943
 0.45716 149896
 0.45728 162667
 0.4574 174681
 0.45752 185245
 0.45764 193765
 0.45776 199826
 0.45788 203267
 0.458 204026
 0.45812 202108
 0.45824 197810
 0.45836 191821
 0.45848 185126
 0.4586 178317
 0.45872 171568
 0.45884 165071
 0.45896 158913
 0.45908 153150
 0.4592 147623
 0.45932 141931
 0.45944 135400
 0.45956 127719
 0.45968 119306
 0.4598 110657
 0.45992 102093
 0.46004 93836.2
 0.46016 86093
 0.46028 79161.3
 0.4604 73414.8
 0.46052 69106.8
 0.46064 66016.8
 0.46076 63717.6
 0.46088 61966.1
 0.461 60756.5
 0.46112 60223.1
 0.46124 60409.8
 0.46136 61325
 0.46148 63018.6
 0.4616 65714.9
 0.46172 69611
 0.46184 74665.6
 0.46196 80571.5
 0.46208 86883.4
 0.4622 93295.5
 0.46232 99647.4
 0.46244 105773
 0.46256 111260
 0.46268 115654
 0.4628 118839
 0.46292 120964
 0.46304 122277
 0.46316 122825
 0.46328 122389
 0.4634 120625
 0.46352 117404
 0.46364 112937
 0.46376 107334
 0.46388 100531
 0.464 92385.4
 0.46412 83007.8
 0.46424 72787.1
 0.46436 62339.9
 0.46448 52288.5
 0.4646 42987.3
 0.46472 34706.9
 0.46484 27828.8
 0.46496 22767.8
 0.46508 19766.9
 0.4652 18873.1
 0.46532 19980.5
 0.46544 22902.9
 0.46556 27532.6
 0.46568 33752.8
 0.4658 41182
 0.46592 49303.8
 0.46604 57638.5
 0.46616 65756.4
 0.46628 73266.1
 0.4664 79791.3
 0.46652 84860.1
 0.46664 88020.9
 0.46676 89115.4
 0.46688 88316.7
 0.467 85866.2
 0.46712 82129.2
 0.46724 77513.1
 0.46736 72467.3
 0.46748 67606.8
 0.4676 63590.2
 0.46772 60985.4
 0.46784 60119.2
 0.46796 61211.7
 0.46808 64305.7
 0.4682 69301.8
 0.46832 76011.5
 0.46844 84039.5
 0.46856 92839
 0.46868 101891
 0.4688 110642
 0.46892 118585
 0.46904 125312
 0.46916 130558
 0.46928 134107
 0.4694 135879
 0.46952 136026
 0.46964 134728
 0.46976 132238
 0.46988 128838
 0.47 124681
 0.47012 119880
 0.47024 114654
 0.47036 109298
 0.47048 104094
 0.4706 99232.4
 0.47072 94853.8
 0.47084 91125.4
 0.47096 88410.6
 0.47108 87161.7
 0.4712 87598.8
 0.47132 89698.3
 0.47144 93126.4
 0.47156 97492.2
 0.47168 102469
 0.4718 107698
 0.47192 112716
 0.47204 116883
 0.47216 119732
 0.47228 121033
 0.4724 120870
 0.47252 119473
 0.47264 117079
 0.47276 113936
 0.47288 110265
 0.473 106316
 0.47312 102298
 0.47324 98337.2
 0.47336 94535.4
 0.47348 90963.6
 0.4736 87781.8
 0.47372 85094.8
 0.47384 82887
 0.47396 81263.8
 0.47408 80444.3
 0.4742 80639.3
 0.47432 81806
 0.47444 83822.8
 0.47456 86388
 0.47468 89143.2
 0.4748 92037.1
 0.47492 95090.2
 0.47504 98119.3
 0.47516 100823
 0.47528 103244
 0.4754 105540
 0.47552 107967
 0.47564 110988
 0.47576 114830
 0.47588 119422
 0.476 124719
 0.47612 130797
 0.47624 137455
 0.47636 144276
 0.47648 150783
 0.4766 156118
 0.47672 159507
 0.47684 160419
 0.47696 158509
 0.47708 153483
 0.4772 145284
 0.47732 134213
 0.47744 120690
 0.47756 105600
 0.47768 89993.5
 0.4778 74798.7
 0.47792 60798.8
 0.47804 48676.7
 0.47816 38954.9
 0.47828 31858.7
 0.4784 27426.2
 0.47852 25470.6
 0.47864 25625.3
 0.47876 27558.9
 0.47888 30994.3
 0.479 35714.6
 0.47912 41549.3
 0.47924 48420.9
 0.47936 56345.3
 0.47948 65197.5
 0.4796 74710.2
 0.47972 84522.1
 0.47984 94243.3
 0.47996 103385
 0.48008 111432
 0.4802 117871
 0.48032 122250
 0.48044 124542
 0.48056 125016
 0.48068 124087
 0.4808 122156
 0.48092 119706
 0.48104 117354
 0.48116 115830
 0.48128 115816
 0.4814 117437
 0.48152 120560
 0.48164 125083
 0.48176 130999
 0.48188 138351
 0.482 146948
 0.48212 156180
 0.48224 165121
 0.48236 173185
 0.48248 180102
 0.4826 185386
 0.48272 188406
 0.48284 188430
 0.48296 184842
 0.48308 177602
 0.4832 167290
 0.48332 154700
 0.48344 140404
 0.48356 125129
 0.48368 109768
 0.4838 95221.1
 0.48392 82415.6
 0.48404 71913.1
 0.48416 63797
 0.48428 57750.8
 0.4844 53399.8
 0.48452 50328.8
 0.48464 48000.6
 0.48476 45904.3
 0.48488 43584.1
 0.485 40733.7
 0.48512 37248.5
 0.48524 33243.7
 0.48536 28960.6
 0.48548 24654.1
 0.4856 20612.3
 0.48572 17122.7
 0.48584 14385.5
 0.48596 12460.7
 0.48608 11300.2
 0.4862 10813.1
 0.48632 10844.8
 0.48644 11237.9
 0.48656 11861.3
 0.48668 12598.7
 0.4868 13356
 0.48692 14155.6
 0.48704 15120.4
 0.48716 16367.5
 0.48728 18069.5
 0.4874 20496.7
 0.48752 23903.6
 0.48764 28506
 0.48776 34521.2
 0.48788 42130
 0.488 51441.2
 0.48812 62558.9
 0.48824 75393.9
 0.48836 89424.1
 0.48848 103932
 0.4886 118123
 0.48872 131153
 0.48884 142184
 0.48896 150416
 0.48908 155063
 0.4892 155489
 0.48932 151704
 0.48944 144203
 0.48956 133764
 0.48968 121361
 0.4898 107982
 0.48992 94568.7
 0.49004 81989.8
 0.49016 71162.5
 0.49028 62765.6
 0.4904 57005.3
 0.49052 53804.2
 0.49064 52773.7
 0.49076 53467.1
 0.49088 55465.6
 0.491 58475.9
 0.49112 62101.4
 0.49124 65717.4
 0.49136 68739.9
 0.49148 70774.6
 0.4916 71661.3
 0.49172 71431.2
 0.49184 70139.5
 0.49196 67771.4
 0.49208 64382.7
 0.4922 60294.5
 0.49232 56115.8
 0.49244 52406.7
 0.49256 49635.7
 0.49268 47941.8
 0.4928 47255.4
 0.49292 47508.7
 0.49304 48607.2
 0.49316 50351.9
 0.49328 52438.4
 0.4934 54544.4
 0.49352 56383.6
 0.49364 57841.3
 0.49376 59243.9
 0.49388 60993.8
 0.494 63534.5
 0.49412 67361.7
 0.49424 72763.8
 0.49436 79924.8
 0.49448 88957.7
 0.4946 100003
 0.49472 112932
 0.49484 127456
 0.49496 143200
 0.49508 159573
 0.4952 176028
 0.49532 192061
 0.49544 207064
 0.49556 220425
 0.49568 231478
 0.4958 239568
 0.49592 244063
 0.49604 244633
 0.49616 241290
 0.49628 234280
 0.4964 224276
 0.49652 212106
 0.49664 198633
 0.49676 184959
 0.49688 172352
 0.497 161935
 0.49712 154412
 0.49724 150154
 0.49736 149117
 0.49748 150861
 0.4976 154856
 0.49772 160393
 0.49784 166456
 0.49796 172010
 0.49808 176215
 0.4982 178548
 0.49832 178597
 0.49844 176328
 0.49856 171930
 0.49868 165687
 0.4988 158099
 0.49892 149696
 0.49904 140935
 0.49916 132120
 0.49928 123559
 0.4994 115353
 0.49952 107486
 0.49964 99897.6
 0.49976 92460
 0.49988 85059.6
 0.5 77740.6
 0.50012 70533.7
 0.50024 63477.3
 0.50036 56710.8
 0.50048 50412.6
 0.5006 44704.3
 0.50072 39708.1
 0.50084 35482.3
 0.50096 31938.1
 0.50108 29007.9
 0.5012 26662.8
 0.50132 24823.8
 0.50144 23373.1
 0.50156 22261
 0.50168 21451.5
 0.5018 20963.8
 0.50192 20908.4
 0.50204 21435.1
 0.50216 22677
 0.50228 24813.6
 0.5024 28026.9
 0.50252 32369.7
 0.50264 37915.1
 0.50276 44802.7
 0.50288 53114.1
 0.503 62799.8
 0.50312 73726.5
 0.50324 85588.3
 0.50336 98013.4
 0.50348 110795
 0.5036 123691
 0.50372 136168
 0.50384 147623
 0.50396 157557
 0.50408 165518
 0.5042 171316
 0.50432 175030
 0.50444 176699
 0.50456 176407
 0.50468 174614
 0.5048 171982
 0.50492 169182
 0.50504 166983
 0.50516 165940
 0.50528 166115
 0.5054 167429
 0.50552 169732
 0.50564 172611
 0.50576 175454
 0.50588 177596
 0.506 178265
 0.50612 176932
 0.50624 173539
 0.50636 168340
 0.50648 161616
 0.5066 153741
 0.50672 145216
 0.50684 136707
 0.50696 128870
 0.50708 122025
 0.5072 116137
 0.50732 110966
 0.50744 106250
 0.50756 101837
 0.50768 97574.8
 0.5078 93071.6
 0.50792 87901
 0.50804 81954.1
 0.50816 75514.1
 0.50828 68904.4
 0.5084 62469.6
 0.50852 56452.2
 0.50864 50933.3
 0.50876 46118.8
 0.50888 42379.8
 0.509 39972.6
 0.50912 38874.4
 0.50924 38981.1
 0.50936 40202.4
 0.50948 42423.3
 0.5096 45711.7
 0.50972 50186.8
 0.50984 55851.8
 0.50996 62619
 0.51008 70426.3
 0.5102 79184.4
 0.51032 88716.7
 0.51044 98820.4
 0.51056 109207
 0.51068 119460
 0.5108 129080
 0.51092 137611
 0.51104 144615
 0.51116 149810
 0.51128 153103
 0.5114 154562
 0.51152 154209
 0.51164 152074
 0.51176 148350
 0.51188 143371
 0.512 137580
 0.51212 131413
 0.51224 125161
 0.51236 119032
 0.51248 113326
 0.5126 108544
 0.51272 105128
 0.51284 103250
 0.51296 102912
 0.51308 103965
 0.5132 106119
 0.51332 108915
 0.51344 111853
 0.51356 114240
 0.51368 115382
 0.5138 114890
 0.51392 112560
 0.51404 108303
 0.51416 102362
 0.51428 95353.7
 0.5144 87942.8
 0.51452 80771.3
 0.51464 74507.1
 0.51476 69561.3
 0.51488 66139.7
 0.515 64411.8
 0.51512 64366.3
 0.51524 65711.8
 0.51536 68010.1
 0.51548 70882.5
 0.5156 73805.6
 0.51572 76390
 0.51584 78466.9
 0.51596 79915.4
 0.51608 80605.5
 0.5162 80432.9
 0.51632 79434.8
 0.51644 77744.6
 0.51656 75773.5
 0.51668 73947
 0.5168 72450.4
 0.51692 71320
 0.51704 70583
 0.51716 70316.3
 0.51728 70513.1
 0.5174 71096.6
 0.51752 71829.3
 0.51764 72372.8
 0.51776 72586.3
 0.51788 72545.2
 0.518 72524
 0.51812 72961.8
 0.51824 74395.7
 0.51836 77231.5
 0.51848 81677.4
 0.5186 87973.7
 0.51872 96278.4
 0.51884 106636
 0.51896 118783
 0.51908 131833
 0.5192 144596
 0.51932 155983
 0.51944 165415
 0.51956 172426
 0.51968 176625
 0.5198 177638
 0.51992 175142
 0.52004 169576
 0.52016 161927
 0.52028 153314
 0.5204 144487
 0.52052 135998
 0.52064 128284
 0.52076 121676
 0.52088 116668
 0.521 113471
 0.52112 111918
 0.52124 111707
 0.52136 112594
 0.52148 114415
 0.5216 116874
 0.52172 119801
 0.52184 122899
 0.52196 125839
 0.52208 128376
 0.5222 130220
 0.52232 131049
 0.52244 130660
 0.52256 129156
 0.52268 126798
 0.5228 123888
 0.52292 120698
 0.52304 117392
 0.52316 114146
 0.52328 111205
 0.5234 108606
 0.52352 106179
 0.52364 103575
 0.52376 100476
 0.52388 96708.7
 0.524 92281.2
 0.52412 87350.3
 0.52424 82067.4
 0.52436 76766
 0.52448 71966.9
 0.5246 68148.8
 0.52472 65669.9
 0.52484 64680.5
 0.52496 65176.8
 0.52508 66960.8
 0.5252 69755.1
 0.52532 73233
 0.52544 76836.5
 0.52556 79974.8
 0.52568 82194.3
 0.5258 83235.9
 0.52592 82992.9
 0.52604 81459
 0.52616 78807.9
 0.52628 75172.6
 0.5264 70853.8
 0.52652 66349.2
 0.52664 62146.2
 0.52676 58580.3
 0.52688 55853.9
 0.527 54150.9
 0.52712 53479.4
 0.52724 53764.4
 0.52736 54837.1
 0.52748 56392.1
 0.5276 58063.1
 0.52772 59613.4
 0.52784 60906.1
 0.52796 61736.4
 0.52808 61971.3
 0.5282 61681.7
 0.52832 61073.2
 0.52844 60393.4
 0.52856 59822.6
 0.52868 59402.1
 0.5288 58972.5
 0.52892 58500.4
 0.52904 57967
 0.52916 57237.3
 0.52928 56094.4
 0.5294 54396.8
 0.52952 52238.7
 0.52964 49938.3
 0.52976 48125.1
 0.52988 47439.7
 0.53 48476.6
 0.53012 51848.4
 0.53024 58086.4
 0.53036 67363.8
 0.53048 79439.4
 0.5306 93849.3
 0.53072 109796
 0.53084 126333
 0.53096 142575
 0.53108 157697
 0.5312 170959
 0.53132 182087
 0.53144 191290
 0.53156 198519
 0.53168 203955
 0.5318 208022
 0.53192 211099
 0.53204 213286
 0.53216 214606
 0.53228 214854
 0.5324 213443
 0.53252 210444
 0.53264 206223
 0.53276 200682
 0.53288 193616
 0.533 185124
 0.53312 175549
 0.53324 165335
 0.53336 155173
 0.53348 145496
 0.5336 136161
 0.53372 127454
 0.53384 120008
 0.53396 114468
 0.53408 111177
 0.5342 110272
 0.53432 111539
 0.53444 114654
 0.53456 119537
 0.53468 125958
 0.5348 133278
 0.53492 140628
 0.53504 147239
 0.53516 152588
 0.53528 156614
 0.5354 159437
 0.53552 160910
 0.53564 160869
 0.53576 159340
 0.53588 156597
 0.536 152963
 0.53612 148583
 0.53624 143339
 0.53636 136908
 0.53648 129312
 0.5366 120807
 0.53672 111694
 0.53684 102124
 0.53696 92191.9
 0.53708 82138.6
 0.5372 72267.1
 0.53732 62985.5
 0.53744 54656.8
 0.53756 47428.9
 0.53768 41361.2
 0.5378 36513
 0.53792 32972.8
 0.53804 30747.4
 0.53816 29815.8
 0.53828 30138.8
 0.5384 31528.7
 0.53852 33719.9
 0.53864 36419.2
 0.53876 39381.9
 0.53888 42400.1
 0.539 45216
 0.53912 47561.7
 0.53924 49171.1
 0.53936 49885.7
 0.53948 49771.1
 0.5396 49055.5
 0.53972 47935.1
 0.53984 46601.5
 0.53996 45344.8
 0.54008 44545.9
 0.5402 44620.7
 0.54032 45973.4
 0.54044 48844.8
 0.54056 53342.5
 0.54068 59550.5
 0.5408 67426.7
 0.54092 76825.8
 0.54104 87530.8
 0.54116 99223.9
 0.54128 111479
 0.5414 123919
 0.54152 136077
 0.54164 147430
 0.54176 157563
 0.54188 166121
 0.542 172692
 0.54212 176982
 0.54224 178932
 0.54236 178491
 0.54248 175768
 0.5426 171167
 0.54272 165135
 0.54284 158326
 0.54296 151636
 0.54308 145774
 0.5432 141271
 0.54332 138596
 0.54344 138293
 0.54356 140592
 0.54368 145640
 0.5438 153134
 0.54392 162314
 0.54404 172609
 0.54416 183585
 0.54428 194698
 0.5444 205092
 0.54452 213980
 0.54464 220673
 0.54476 224716
 0.54488 226178
 0.545 225003
 0.54512 220934
 0.54524 213911
 0.54536 204379
 0.54548 192934
 0.5456 180037
 0.54572 166235
 0.54584 151793
 0.54596 137098
 0.54608 122784
 0.5462 109473
 0.54632 97435.5
 0.54644 86726.3
 0.54656 77457.4
 0.54668 69594.6
 0.5468 63055.3
 0.54692 57744.1
 0.54704 53375.8
 0.54716 49585.8
 0.54728 46091.1
 0.5474 42694.6
 0.54752 39200.2
 0.54764 35552
 0.54776 31922.2
 0.54788 28439.9
 0.548 25266.1
 0.54812 22564.5
 0.54824 20437.1
 0.54836 18980.7
 0.54848 18315.3
 0.5486 18528
 0.54872 19471.3
 0.54884 20948.9
 0.54896 22782.4
 0.54908 24841.1
 0.5492 27214.5
 0.54932 30094.7
 0.54944 33639.1
 0.54956 37911
 0.54968 42998.5
 0.5498 49089.7
 0.54992 56379
 0.55004 65033.7
 0.55016 74864.3
 0.55028 85322.3
 0.5504 95843.3
 0.55052 105953
 0.55064 115263
 0.55076 123418
 0.55088 130086
 0.551 134975
 0.55112 138032
 0.55124 139661
 0.55136 140236
 0.55148 140053
 0.5516 139433
 0.55172 138512
 0.55184 137319
 0.55196 135763
 0.55208 133651
 0.5522 130622
 0.55232 126490
 0.55244 121278
 0.55256 114978
 0.55268 107775
 0.5528 99975.9
 0.55292 91986.1
 0.55304 84344.5
 0.55316 77599.9
 0.55328 72122.8
 0.5534 68082.3
 0.55352 65607.5
 0.55364 64682.1
 0.55376 65218.7
 0.55388 67141.5
 0.554 70297.2
 0.55412 74442.9
 0.55424 79424.7
 0.55436 85119.9
 0.55448 91240.7
 0.5546 97558.9
 0.55472 103907
 0.55484 110107
 0.55496 115931
 0.55508 121136
 0.5552 125305
 0.55532 128002
 0.55544 129139
 0.55556 128839
 0.55568 127165
 0.5558 124127
 0.55592 119766
 0.55604 114410
 0.55616 108683
 0.55628 103371
 0.5564 98920.2
 0.55652 95421.3
 0.55664 92863.6
 0.55676 91259.6
 0.55688 90650.7
 0.557 90850.5
 0.55712 91388.8
 0.55724 91655.6
 0.55736 91384.8
 0.55748 90748.6
 0.5576 90163
 0.55772 90226
 0.55784 91523
 0.55796 94519.8
 0.55808 99886.1
 0.5582 108215
 0.55832 119700
 0.55844 133857
 0.55856 149746
 0.55868 166154
 0.5588 181769
 0.55892 195509
 0.55904 206182
 0.55916 212604
 0.55928 214016
 0.5594 210327
 0.55952 202175
 0.55964 190402
 0.55976 175931
 0.55988 159632
 0.56 142491
 0.56012 125688
 0.56024 110211
 0.56036 96718
 0.56048 85362.1
 0.5606 76142.7
 0.56072 69146.3
 0.56084 64401
 0.56096 61845
 0.56108 61308
 0.5612 62619.3
 0.56132 65669.7
 0.56144 70406.7
 0.56156 76777.6
 0.56168 84569.4
 0.5618 93634.7
 0.56192 103766
 0.56204 114595
 0.56216 125581
 0.56228 136161
 0.5624 145710
 0.56252 153642
 0.56264 159497
 0.56276 162732
 0.56288 162969
 0.563 160061
 0.56312 154256
 0.56324 145882
 0.56336 135443
 0.56348 123643
 0.5636 111165
 0.56372 98800.5
 0.56384 87190.8
 0.56396 76845.1
 0.56408 68003.6
 0.5642 60793
 0.56432 55255
 0.56444 51213
 0.56456 48416.4
 0.56468 46569.1
 0.5648 45444.7
 0.56492 44864.4
 0.56504 44731.5
 0.56516 45031.9
 0.56528 45827.7
 0.5654 47248.5
 0.56552 49444.7
 0.56564 52436.1
 0.56576 56159.7
 0.56588 60589.7
 0.566 65633.7
 0.56612 71113.1
 0.56624 76621.1
 0.56636 81654.7
 0.56648 85723.7
 0.5666 88557.9
 0.56672 90116.1
 0.56684 90328.8
 0.56696 89148.3
 0.56708 86617.2
 0.5672 83012.9
 0.56732 78815.7
 0.56744 74508.6
 0.56756 70462.2
 0.56768 66833
 0.5678 63679.1
 0.56792 61075.3
 0.56804 59108.6
 0.56816 57783.2
 0.56828 57013.5
 0.5684 56716.4
 0.56852 56840.8
 0.56864 57379.8
 0.56876 58484.2
 0.56888 60335.9
 0.569 63003.9
 0.56912 66497
 0.56924 70743.7
 0.56936 75748.2
 0.56948 81592.4
 0.5696 88290.6
 0.56972 95672.6
 0.56984 103411
 0.56996 111266
 0.57008 119184
 0.5702 127270
 0.57032 135351
 0.57044 142754
 0.57056 148861
 0.57068 153334
 0.5708 156141
 0.57092 157254
 0.57104 156505
 0.57116 153577
 0.57128 148483
 0.5714 142022
 0.57152 135222
 0.57164 128837
 0.57176 123357
 0.57188 119223
 0.572 116877
 0.57212 116693
 0.57224 118667
 0.57236 122207
 0.57248 126425
 0.5726 130522
 0.57272 133835
 0.57284 135694
 0.57296 135463
 0.57308 132756
 0.5732 127665
 0.57332 120752
 0.57344 112708
 0.57356 104352
 0.57368 96384.2
 0.5738 89505
 0.57392 84405.2
 0.57404 81557.7
 0.57416 81070.5
 0.57428 82621.8
 0.5744 85760
 0.57452 89798
 0.57464 93980.5
 0.57476 97740.1
 0.57488 100527
 0.575 101893
 0.57512 101584
 0.57524 99613.9
 0.57536 96168.8
 0.57548 91680.8
 0.5756 86849.9
 0.57572 82271.8
 0.57584 78303.6
 0.57596 75310.9
 0.57608 73518.1
 0.5762 72996.6
 0.57632 73668.1
 0.57644 75247.5
 0.57656 77157.9
 0.57668 78721.4
 0.5768 79559.8
 0.57692 79447.6
 0.57704 78207.3
 0.57716 75815.2
 0.57728 72270.7
 0.5774 67772.3
 0.57752 62748.4
 0.57764 57801.5
 0.57776 53423.3
 0.57788 49870.6
 0.578 47384.6
 0.57812 46122
 0.57824 46331.6
 0.57836 48145
 0.57848 51532.1
 0.5786 56238.4
 0.57872 61950.4
 0.57884 68354.4
 0.57896 75091.5
 0.57908 81829.5
 0.5792 88125.6
 0.57932 93489.6
 0.57944 97540
 0.57956 100069
 0.57968 101033
 0.5798 100617
 0.57992 99218
 0.58004 97206.2
 0.58016 94856.1
 0.58028 92503.4
 0.5804 90467.6
 0.58052 89038.8
 0.58064 88389.2
 0.58076 88456.1
 0.58088 88961.7
 0.581 89633.5
 0.58112 90469
 0.58124 91743.2
 0.58136 93748.4
 0.58148 96750.8
 0.5816 101002
 0.58172 106782
 0.58184 114275
 0.58196 123512
 0.58208 134339
 0.5822 146074
 0.58232 157823
 0.58244 168521
 0.58256 177050
 0.58268 182342
 0.5828 183722
 0.58292 180942
 0.58304 173883
 0.58316 162834
 0.58328 148432
 0.5834 131602
 0.58352 113641
 0.58364 95989
 0.58376 79836.3
 0.58388 65979.1
 0.584 55000.9
 0.58412 47289
 0.58424 42969.9
 0.58436 42067.5
 0.58448 44171.7
 0.5846 48501.6
 0.58472 54242.7
 0.58484 60692
 0.58496 67313.1
 0.58508 73731.3
 0.5852 79645.5
 0.58532 84673.5
 0.58544 88461.2
 0.58556 91038.4
 0.58568 92467.7
 0.5858 92793.2
 0.58592 92020.3
 0.58604 90034.3
 0.58616 86697.6
 0.58628 81965.4
 0.5864 76056.8
 0.58652 69099.2
 0.58664 61314.6
 0.58676 53065.6
 0.58688 44723.5
 0.587 36710.5
 0.58712 29522.5
 0.58724 23668.8
 0.58736 19497.2
 0.58748 17243.3
 0.5876 16989.7
 0.58772 18601
 0.58784 21935
 0.58796 26861
 0.58808 33055.9
 0.5882 40020.1
 0.58832 47214.2
 0.58844 54164
 0.58856 60533.6
 0.58868 66180.4
 0.5888 70986.6
 0.58892 74693.6
 0.58904 77119
 0.58916 78375.8
 0.58928 78741.5
 0.5894 78475.5
 0.58952 77705.5
 0.58964 76402.8
 0.58976 74411.3
 0.58988 71710.6
 0.59 68490.1
 0.59012 64834.6
 0.59024 60705.5
 0.59036 56092
 0.59048 51161.1
 0.5906 46204.7
 0.59072 41745.6
 0.59084 38404.3
 0.59096 36626.4
 0.59108 36695.8
 0.5912 38884.4
 0.59132 43371.8
 0.59144 50112.3
 0.59156 58924
 0.59168 69399.2
 0.5918 80732.3
 0.59192 92033.6
 0.59204 102574
 0.59216 111687
 0.59228 118697
 0.5924 123130
 0.59252 124670
 0.59264 123142
 0.59276 118820
 0.59288 112323
 0.593 104151
 0.59312 94734.1
 0.59324 84680.3
 0.59336 74607.5
 0.59348 65018.2
 0.5936 56364
 0.59372 48888.8
 0.59384 42554.4
 0.59396 37396.1
 0.59408 33565.6
 0.5942 31092.6
 0.59432 29884.4
 0.59444 29882.5
 0.59456 31068.9
 0.59468 33455.7
 0.5948 37006.2
 0.59492 41619.8
 0.59504 47106.2
 0.59516 53287.6
 0.59528 60037.1
 0.5954 67215
 0.59552 74576.5
 0.59564 81904.1
 0.59576 89067.4
 0.59588 95998.7
 0.596 102571
 0.59612 108685
 0.59624 114262
 0.59636 119154
 0.59648 123292
 0.5966 126467
 0.59672 128414
 0.59684 128976
 0.59696 128192
 0.59708 126068
 0.5972 122527
 0.59732 117565
 0.59744 111284
 0.59756 103995
 0.59768 96241.6
 0.5978 88455.3
 0.59792 80881.9
 0.59804 73771.2
 0.59816 67459.2
 0.59828 62265.7
 0.5984 58408.8
 0.59852 56040.2
 0.59864 55086.8
 0.59876 55476.5
 0.59888 57236
 0.599 60430
 0.59912 65101.1
 0.59924 71309.7
 0.59936 79133.5
 0.59948 88421.7
 0.5996 98889.8
 0.59972 110224
 0.59984 122004
 0.59996 133719
 0.60008 144763
 0.6002 154634
 0.60032 162863
 0.60044 169290
 0.60056 174189
 0.60068 177912
 0.6008 180742
 0.60092 182973
 0.60104 185073
 0.60116 187290
 0.60128 189577
 0.6014 191699
 0.60152 193025
 0.60164 192891
 0.60176 190884
 0.60188 186902
 0.602 180790
 0.60212 172544
 0.60224 162632
 0.60236 151636
 0.60248 140282
 0.6026 129322
 0.60272 119345
 0.60284 110611
 0.60296 103313
 0.60308 97657.3
 0.6032 93682.7
 0.60332 91455.3
 0.60344 91252.2
 0.60356 93441.6
 0.60368 98489.5
 0.6038 106952
 0.60392 119285
 0.60404 135699
 0.60416 156073
 0.60428 179840
 0.6044 206040
 0.60452 233334
 0.60464 260121
 0.60476 284692
 0.60488 305443
 0.605 321180
 0.60512 331141
 0.60524 335313
 0.60536 334112
 0.60548 328204
 0.6056 318455
 0.60572 305973
 0.60584 292057
 0.60596 277752
 0.60608 263896
 0.6062 250864
 0.60632 238705
 0.60644 227576
 0.60656 217847
 0.60668 209756
 0.6068 203062
 0.60692 197547
 0.60704 193143
 0.60716 189774
 0.60728 187386
 0.6074 185650
 0.60752 183828
 0.60764 181176
 0.60776 177577
 0.60788 172906
 0.608 166832
 0.60812 159091
 0.60824 149659
 0.60836 138732
 0.60848 126930
 0.6086 114846
 0.60872 102636
 0.60884 90468
 0.60896 78701.5
 0.60908 67812.4
 0.6092 58075.4
 0.60932 49691
 0.60944 42620.8
 0.60956 36818.4
 0.60968 32417.8
 0.6098 29587.4
 0.60992 28381.9
 0.61004 28753.8
 0.61016 30683.6
 0.61028 34110.1
 0.6104 38951.2
 0.61052 45057
 0.61064 52146.8
 0.61076 59785.4
 0.61088 67495.7
 0.611 74836
 0.61112 81360.6
 0.61124 86684.2
 0.61136 90636.4
 0.61148 93187
 0.6116 94504.8
 0.61172 95061.2
 0.61184 95513
 0.61196 96502.7
 0.61208 98744.9
 0.6122 102852
 0.61232 109046
 0.61244 117338
 0.61256 127602
 0.61268 139371
 0.6128 151819
 0.61292 164163
 0.61304 175277
 0.61316 184116
 0.61328 189991
 0.6134 192591
 0.61352 191691
 0.61364 187244
 0.61376 179683
 0.61388 169481
 0.614 157447
 0.61412 144625
 0.61424 131946
 0.61436 120126
 0.61448 109749
 0.6146 101331
 0.61472 95153.5
 0.61484 91330.4
 0.61496 89824.6
 0.61508 90334.9
 0.6152 92492.2
 0.61532 95819
 0.61544 99764
 0.61556 103807
 0.61568 107352
 0.6158 109802
 0.61592 110714
 0.61604 109777
 0.61616 106817
 0.61628 101812
 0.6164 95059.1
 0.61652 86978.1
 0.61664 78161.7
 0.61676 69384.5
 0.61688 61374.6
 0.617 54776.5
 0.61712 50104.6
 0.61724 47719.9
 0.61736 47668.8
 0.61748 49801.5
 0.6176 53844.8
 0.61772 59422.2
 0.61784 66110.6
 0.61796 73402.3
 0.61808 80678.6
 0.6182 87299.6
 0.61832 92926.8
 0.61844 97409.7
 0.61856 100638
 0.61868 102457
 0.6188 102689
 0.61892 101274
 0.61904 98478.1
 0.61916 94897.3
 0.61928 91005.5
 0.6194 86971.2
 0.61952 82920.5
 0.61964 79079
 0.61976 75747.9
 0.61988 73182.3
 0.62 71433.6
 0.62012 70259.9
 0.62024 69328.2
 0.62036 68575.2
 0.62048 68031.5
 0.6206 67577.2
 0.62072 66981.9
 0.62084 66084.6
 0.62096 64767
 0.62108 62988.7
 0.6212 60776.8
 0.62132 58104.9
 0.62144 54944.8
 0.62156 51432.5
 0.62168 47907.8
 0.6218 44618.3
 0.62192 41762.2
 0.62204 39557.8
 0.62216 38239.9
 0.62228 37977.1
 0.6224 38790.6
 0.62252 40578.7
 0.62264 43089.3
 0.62276 46135.2
 0.62288 49730.6
 0.623 53882.8
 0.62312 58476.6
 0.62324 63384.5
 0.62336 68660.5
 0.62348 74447.9
 0.6236 80881.5
 0.62372 88033.3
 0.62384 95550.3
 0.62396 102880
 0.62408 109652
 0.6242 115644
 0.62432 120548
 0.62444 123920
 0.62456 125437
 0.62468 124850
 0.6248 122321
 0.62492 118469
 0.62504 113787
 0.62516 108624
 0.62528 103323
 0.6254 98405
 0.62552 94253.8
 0.62564 91115.2
 0.62576 88990.8
 0.62588 87527.2
 0.626 86411.6
 0.62612 85475.2
 0.62624 84558.2
 0.62636 83360.5
 0.62648 81707.8
 0.6266 79561.9
 0.62672 77113.2
 0.62684 74715.5
 0.62696 72766.9
 0.62708 71556.2
 0.6272 71257.7
 0.62732 72076.3
 0.62744 74080.8
 0.62756 77255.1
 0.62768 81430.6
 0.6278 86233.1
 0.62792 91057.2
 0.62804 95196
 0.62816 98115.1
 0.62828 99438.9
 0.6284 99003.1
 0.62852 96727.8
 0.62864 92566.6
 0.62876 86658.9
 0.62888 79519.5
 0.629 71950.9
 0.62912 64727.4
 0.62924 58354.6
 0.62936 53100.8
 0.62948 49127.1
 0.6296 46590.1
 0.62972 45539.7
 0.62984 45707.8
 0.62996 46599.8
 0.63008 47671.2
 0.6302 48565.9
 0.63032 49132.9
 0.63044 49301.3
 0.63056 49010.8
 0.63068 48289.6
 0.6308 47437.8
 0.63092 46907.1
 0.63104 47150
 0.63116 48481.4
 0.63128 51102.4
 0.6314 55113.8
 0.63152 60620.3
 0.63164 67639
 0.63176 75876
 0.63188 84801.5
 0.632 93719.6
 0.63212 102076
 0.63224 109360
 0.63236 115134
 0.63248 118922
 0.6326 120215
 0.63272 118786
 0.63284 114687
 0.63296 108292
 0.63308 100039
 0.6332 90318.6
 0.63332 79546.4
 0.63344 68256.8
 0.63356 57121.9
 0.63368 46782.7
 0.6338 37695.4
 0.63392 30126.8
 0.63404 24176
 0.63416 19961.5
 0.63428 17531.8
 0.6344 16780.7
 0.63452 17517.9
 0.63464 19411.4
 0.63476 22128.9
 0.63488 25406.1
 0.635 29072.7
 0.63512 32953.3
 0.63524 36874.5
 0.63536 40830
 0.63548 44821.8
 0.6356 48865.1
 0.63572 53113.3
 0.63584 57726.8
 0.63596 62739.2
 0.63608 68102.8
 0.6362 73864.9
 0.63632 79912
 0.63644 86054.3
 0.63656 92260.7
 0.63668 98449.8
 0.6368 104335
 0.63692 109793
 0.63704 114867
 0.63716 119584
 0.63728 123957
 0.6374 128241
 0.63752 132590
 0.63764 136970
 0.63776 141521
 0.63788 146296
 0.638 151022
 0.63812 155319
 0.63824 158972
 0.63836 161577
 0.63848 162583
 0.6386 161745
 0.63872 158938
 0.63884 154124
 0.63896 147775
 0.63908 140678
 0.6392 133592
 0.63932 127273
 0.63944 122734
 0.63956 120674
 0.63968 121481
 0.6398 125411
 0.63992 132310
 0.64004 141514
 0.64016 152101
 0.64028 163052
 0.6404 173155
 0.64052 181378
 0.64064 187130
 0.64076 189936
 0.64088 189511
 0.641 185983
 0.64112 179914
 0.64124 172100
 0.64136 163442
 0.64148 154863
 0.6416 146969
 0.64172 140153
 0.64184 134773
 0.64196 131002
 0.64208 128531
 0.6422 126775
 0.64232 125153
 0.64244 123162
 0.64256 120351
 0.64268 116499
 0.6428 111424
 0.64292 104884
 0.64304 96963.3
 0.64316 88190
 0.64328 79093
 0.6434 70030.1
 0.64352 61361.1
 0.64364 53342.9
 0.64376 46108.1
 0.64388 39973
 0.644 35232.9
 0.64412 31859.1
 0.64424 29812
 0.64436 29149.5
 0.64448 29972.3
 0.6446 32409.2
 0.64472 36817.3
 0.64484 43502.7
 0.64496 52598.1
 0.64508 64279.3
 0.6452 78481.2
 0.64532 94979.3
 0.64544 113342
 0.64556 132961
 0.64568 152844
 0.6458 171726
 0.64592 188521
 0.64604 202138
 0.64616 211765
 0.64628 216910
 0.6464 217292
 0.64652 213042
 0.64664 204758
 0.64676 193505
 0.64688 180318
 0.647 166193
 0.64712 152184
 0.64724 139099
 0.64736 127758
 0.64748 118629
 0.6476 111886
 0.64772 107387
 0.64784 104957
 0.64796 104545
 0.64808 105897
 0.6482 108701
 0.64832 112467
 0.64844 116860
 0.64856 121629
 0.64868 126487
 0.6488 131160
 0.64892 135084
 0.64904 137743
 0.64916 138896
 0.64928 138603
 0.6494 136974
 0.64952 134025
 0.64964 130004
 0.64976 125205
 0.64988 120287
 0.65 116190
 0.65012 113596
 0.65024 112747
 0.65036 113613
 0.65048 116149
 0.6506 120142
 0.65072 125276
 0.65084 130951
 0.65096 136166
 0.65108 139839
 0.6512 141357
 0.65132 140413
 0.65144 136916
 0.65156 130943
 0.65168 122641
 0.6518 112316
 0.65192 100579
 0.65204 88305.1
 0.65216 76252.7
 0.65228 64975
 0.6524 54926.6
 0.65252 46477.6
 0.65264 39986.7
 0.65276 35786.9
 0.65288 34078.7
 0.653 34958
 0.65312 38387.9
 0.65324 44383
 0.65336 52890.5
 0.65348 63544.6
 0.6536 75801
 0.65372 89028
 0.65384 102589
 0.65396 115755
 0.65408 127746
 0.6542 137756
 0.65432 145030
 0.65444 149356
 0.65456 150934
 0.65468 150167
 0.6548 147441
 0.65492 143134
 0.65504 137789
 0.65516 132061
 0.65528 126633
 0.6554 121776
 0.65552 117322
 0.65564 112981
 0.65576 108520
 0.65588 103994
 0.656 99577
 0.65612 95429.9
 0.65624 91648.6
 0.65636 88467.2
 0.65648 86443.9
 0.6566 86111.8
 0.65672 87713.8
 0.65684 91192.6
 0.65696 95990.3
 0.65708 101378
 0.6572 106627
 0.65732 111116
 0.65744 114110
 0.65756 114879
 0.65768 113140
 0.6578 108941
 0.65792 102797
 0.65804 95522.2
 0.65816 87973.7
 0.65828 80825.5
 0.6584 74678.7
 0.65852 70168.8
 0.65864 67711.1
 0.65876 67343.8
 0.65888 68828.3
 0.659 71753.3
 0.65912 75612.2
 0.65924 80055.9
 0.65936 84934.9
 0.65948 90044.7
 0.6596 95185.5
 0.65972 100275
 0.65984 105438
 0.65996 110772
 0.66008 116445
 0.6602 122600
 0.66032 128979
 0.66044 135311
 0.66056 141260
 0.66068 146630
 0.6608 151193
 0.66092 154775
 0.66104 157154
 0.66116 157992
 0.66128 157264
 0.6614 155096
 0.66152 151730
 0.66164 147367
 0.66176 142011
 0.66188 135631
 0.662 128311
 0.66212 120318
 0.66224 111916
 0.66236 103303
 0.66248 94731.7
 0.6626 86400.3
 0.66272 78756.8
 0.66284 72364.6
 0.66296 67612.4
 0.66308 64720.3
 0.6632 63743.9
 0.66332 64723.1
 0.66344 67501.6
 0.66356 71836.7
 0.66368 77252
 0.6638 82997.4
 0.66392 88498.1
 0.66404 93277.4
 0.66416 97028.4
 0.66428 99518.4
 0.6644 100611
 0.66452 100365
 0.66464 99009.2
 0.66476 97160
 0.66488 95282
 0.665 93743.9
 0.66512 92813
 0.66524 92581
 0.66536 93088.1
 0.66548 94289.7
 0.6656 96088.8
 0.66572 98138.1
 0.66584 100065
 0.66596 101626
 0.66608 102676
 0.6662 103166
 0.66632 103164
 0.66644 102737
 0.66656 101896
 0.66668 100731
 0.6668 99526.4
 0.66692 98585.9
 0.66704 98156.2
 0.66716 98513.4
 0.66728 99898.6
 0.6674 102429
 0.66752 106303
 0.66764 111494
 0.66776 117724
 0.66788 124586
 0.668 131639
 0.66812 138314
 0.66824 143983
 0.66836 148224
 0.66848 150598
 0.6686 150878
 0.66872 149271
 0.66884 145981
 0.66896 141248
 0.66908 135473
 0.6692 129085
 0.66932 122318
 0.66944 115358
 0.66956 108439
 0.66968 101595
 0.6698 94916
 0.66992 88487.9
 0.67004 82290
 0.67016 76349.8
 0.67028 70953.9
 0.6704 66572.4
 0.67052 63601.2
 0.67064 62198.2
 0.67076 62373.6
 0.67088 64159.2
 0.671 67764.4
 0.67112 73306.2
 0.67124 80495.2
 0.67136 88686.5
 0.67148 97122.5
 0.6716 105298
 0.67172 113035
 0.67184 120136
 0.67196 126067
 0.67208 130228
 0.6722 132449
 0.67232 133059
 0.67244 132587
 0.67256 131373
 0.67268 129360
 0.6728 126434
 0.67292 122788
 0.67304 118944
 0.67316 115232
 0.67328 111490
 0.6734 107340
 0.67352 102703
 0.67364 97982.8
 0.67376 93745.4
 0.67388 90471.2
 0.674 88285.2
 0.67412 87248.1
 0.67424 87715
 0.67436 90224.7
 0.67448 95032.4
 0.6746 101728
 0.67472 109598
 0.67484 117828
 0.67496 125673
 0.67508 132523
 0.6752 137726
 0.67532 140493
 0.67544 140176
 0.67556 136755
 0.67568 130625
 0.6758 122410
 0.67592 112841
 0.67604 102682
 0.67616 92509.4
 0.67628 82924.8
 0.6764 74518.7
 0.67652 67610.4
 0.67664 62184.4
 0.67676 57999.7
 0.67688 54712.8
 0.677 51863
 0.67712 49196.1
 0.67724 46749.1
 0.67736 44570.9
 0.67748 42818
 0.6776 41737.6
 0.67772 41660.3
 0.67784 43000.5
 0.67796 46250.6
 0.67808 51853.3
 0.6782 59803
 0.67832 69861.5
 0.67844 81643.5
 0.67856 94586.3
 0.67868 108234
 0.6788 122115
 0.67892 135671
 0.67904 148248
 0.67916 159418
 0.67928 169058
 0.6794 176963
 0.67952 183300
 0.67964 188178
 0.67976 191635
 0.67988 193656
 0.68 194383
 0.68012 193905
 0.68024 192196
 0.68036 189540
 0.68048 186118
 0.6806 181915
 0.68072 176930
 0.68084 171356
 0.68096 165397
 0.68108 159227
 0.6812 153036
 0.68132 146882
 0.68144 140655
 0.68156 134515
 0.68168 128709
 0.6818 123370
 0.68192 118455
 0.68204 114008
 0.68216 110137
 0.68228 106896
 0.6824 104356
 0.68252 102460
 0.68264 101045
 0.68276 99949.8
 0.68288 99059.5
 0.683 98206.1
 0.68312 97141.3
 0.68324 95640.4
 0.68336 93531
 0.68348 90765.2
 0.6836 87367.5
 0.68372 83353.7
 0.68384 78927.9
 0.68396 74389.5
 0.68408 69965.2
 0.6842 65847.7
 0.68432 62221.6
 0.68444 59186.7
 0.68456 56759.7
 0.68468 54960
 0.6848 53607.2
 0.68492 52350.9
 0.68504 50999.4
 0.68516 49504.4
 0.68528 47824.7
 0.6854 45957.6
 0.68552 43951.6
 0.68564 41917.1
 0.68576 40108.4
 0.68588 38929.3
 0.686 38598.7
 0.68612 39109.7
 0.68624 40430.9
 0.68636 42472.2
 0.68648 45056
 0.6866 47990.6
 0.68672 50966.3
 0.68684 53585.8
 0.68696 55623
 0.68708 57146.4
 0.6872 58349.5
 0.68732 59493.8
 0.68744 61067.2
 0.68756 63527.8
 0.68768 67298.6
 0.6878 72828.9
 0.68792 80431.7
 0.68804 90187.3
 0.68816 101802
 0.68828 114859
 0.6884 128635
 0.68852 142252
 0.68864 154976
 0.68876 165909
 0.68888 174216
 0.689 179151
 0.68912 180363
 0.68924 177787
 0.68936 171490
 0.68948 161899
 0.6896 149388
 0.68972 134646
 0.68984 118647
 0.68996 102390
 0.69008 86801.7
 0.6902 72562.1
 0.69032 60445.6
 0.69044 51083.1
 0.69056 45112.5
 0.69068 43016.2
 0.6908 44778
 0.69092 50137.6
 0.69104 58652.3
 0.69116 69752.3
 0.69128 82762.4
 0.6914 96815.2
 0.69152 110900
 0.69164 123932
 0.69176 135123
 0.69188 144075
 0.692 150538
 0.69212 154599
 0.69224 156520
 0.69236 156832
 0.69248 156170
 0.6926 155242
 0.69272 154572
 0.69284 154427
 0.69296 155064
 0.69308 156700
 0.6932 159306
 0.69332 162479
 0.69344 165703
 0.69356 168623
 0.69368 171113
 0.6938 173180
 0.69392 174751
 0.69404 175532
 0.69416 175251
 0.69428 173943
 0.6944 171985
 0.69452 169698
 0.69464 167231
 0.69476 164599
 0.69488 161876
 0.695 159225
 0.69512 156976
 0.69524 155493
 0.69536 154850
 0.69548 154928
 0.6956 155527
 0.69572 156497
 0.69584 157793
 0.69596 159464
 0.69608 161313
 0.6962 162899
 0.69632 163816
 0.69644 163786
 0.69656 162679
 0.69668 160454
 0.6968 156949
 0.69692 151774
 0.69704 144790
 0.69716 136276
 0.69728 126625
 0.6974 116207
 0.69752 105447
 0.69764 94671.2
 0.69776 84230.1
 0.69788 74667.2
 0.698 66492.8
 0.69812 59839.5
 0.69824 54675.1
 0.69836 51000.3
 0.69848 48772.5
 0.6986 47983.5
 0.69872 48633.2
 0.69884 50645.9
 0.69896 53837.3
 0.69908 58101.3
 0.6992 63369.5
 0.69932 69446.2
 0.69944 75955.7
 0.69956 82371.4
 0.69968 88137.8
 0.6998 92721.7
 0.69992 95722.2
 0.70004 96831.9
 0.70016 95902.2
 0.70028 92959
 0.7004 88289.6
 0.70052 82410.8
 0.70064 75937.4
 0.70076 69482.4
 0.70088 63554.1
 0.701 58494.5
 0.70112 54436.2
 0.70124 51328.5
 0.70136 48985.1
 0.70148 47209.1
 0.7016 45737.5
 0.70172 44298.8
 0.70184 42656.4
 0.70196 40739.9
 0.70208 38621.9
 0.7022 36569.1
 0.70232 34881.2
 0.70244 33645.4
 0.70256 32895.1
 0.70268 32749.5
 0.7028 33358.1
 0.70292 34800.4
 0.70304 37077.2
 0.70316 40080.1
 0.70328 43662.9
 0.7034 47881.2
 0.70352 52895.4
 0.70364 58565.5
 0.70376 64561.3
 0.70388 70576.3
 0.704 76353.5
 0.70412 81687.7
 0.70424 86403.7
 0.70436 90284.7
 0.70448 93002.7
 0.7046 94559.7
 0.70472 95293.1
 0.70484 95502.9
 0.70496 95366.6
 0.70508 94953.8
 0.7052 94290.7
 0.70532 93408.6
 0.70544 92351.1
 0.70556 91158.6
 0.70568 89677.8
 0.7058 87815.4
 0.70592 85671.4
 0.70604 83497.6
 0.70616 81653.4
 0.70628 80321
 0.7064 79646.5
 0.70652 79553.7
 0.70664 79890.2
 0.70676 80494.2
 0.70688 81103.1
 0.707 81373.9
 0.70712 80878.1
 0.70724 79456.5
 0.70736 77193.2
 0.70748 74415.3
 0.7076 71654.8
 0.70772 69293.4
 0.70784 67711
 0.70796 67305.7
 0.70808 68471.6
 0.7082 71408.7
 0.70832 76074.4
 0.70844 82340.8
 0.70856 89992.4
 0.70868 98983.4
 0.7088 109284
 0.70892 120523
 0.70904 132323
 0.70916 144405
 0.70928 156531
 0.7094 168201
 0.70952 178637
 0.70964 186884
 0.70976 192034
 0.70988 193843
 0.71 192339
 0.71012 187452
 0.71024 179204
 0.71036 168041
 0.71048 154941
 0.7106 141286
 0.71072 128378
 0.71084 116983
 0.71096 107460
 0.71108 100266
 0.7112 95815.9
 0.71132 94283.6
 0.71144 95414.5
 0.71156 98430.7
 0.71168 102474
 0.7118 106995
 0.71192 111641
 0.71204 116001
 0.71216 119634
 0.71228 122261
 0.7124 123798
 0.71252 124585
 0.71264 125221
 0.71276 126132
 0.71288 127728
 0.713 130464
 0.71312 134776
 0.71324 140599
 0.71336 147629
 0.71348 155269
 0.7136 162590
 0.71372 168783
 0.71384 173131
 0.71396 174952
 0.71408 173636
 0.7142 169373
 0.71432 162870
 0.71444 155008
 0.71456 146936
 0.71468 139813
 0.7148 134505
 0.71492 131585
 0.71504 131446
 0.71516 133900
 0.71528 138101
 0.7154 143207
 0.71552 148252
 0.71564 152189
 0.71576 154144
 0.71588 153650
 0.716 150555
 0.71612 145011
 0.71624 137686
 0.71636 129174
 0.71648 120033
 0.7166 110804
 0.71672 102066
 0.71684 94286.3
 0.71696 87756.7
 0.71708 82490.7
 0.7172 78140.7
 0.71732 74390.9
 0.71744 71041.2
 0.71756 67993.8
 0.71768 65175.1
 0.7178 62414.6
 0.71792 59464.9
 0.71804 56276.1
 0.71816 53146
 0.71828 50395.8
 0.7184 48235.2
 0.71852 46762.7
 0.71864 46007.4
 0.71876 46045.6
 0.71888 47043.6
 0.719 49107.5
 0.71912 52079.2
 0.71924 55737.4
 0.71936 59900.7
 0.71948 64496.9
 0.7196 69473.6
 0.71972 74695.4
 0.71984 80089.2
 0.71996 85580.9
 0.72008 91161.2
 0.7202 96843.7
 0.72032 102645
 0.72044 108546
 0.72056 114407
 0.72068 120162
 0.7208 125576
 0.72092 130229
 0.72104 133774
 0.72116 135964
 0.72128 136593
 0.7214 135430
 0.72152 132379
 0.72164 127495
 0.72176 121001
 0.72188 113565
 0.722 105911
 0.72212 98553.8
 0.72224 91885.8
 0.72236 86180.9
 0.72248 81712.3
 0.7226 78581.3
 0.72272 76818.4
 0.72284 76087.5
 0.72296 75862.6
 0.72308 75792.6
 0.7232 75702.6
 0.72332 75680
 0.72344 75913.2
 0.72356 76556.7
 0.72368 77645.6
 0.7238 79273.7
 0.72392 81679.9
 0.72404 84973.4
 0.72416 89127.3
 0.72428 93924.4
 0.7244 98880.6
 0.72452 103522
 0.72464 107563
 0.72476 110976
 0.72488 113591
 0.725 115275
 0.72512 115966
 0.72524 115593
 0.72536 114284
 0.72548 112323
 0.7256 109913
 0.72572 106872
 0.72584 103137
 0.72596 98805
 0.72608 94066.7
 0.7262 89263.1
 0.72632 84827.5
 0.72644 81062.6
 0.72656 78233.1
 0.72668 76888.7
 0.7268 77578.3
 0.72692 80486.7
 0.72704 85556.4
 0.72716 92534
 0.72728 100774
 0.7274 109584
 0.72752 118311
 0.72764 126307
 0.72776 132957
 0.72788 138110
 0.728 141875
 0.72812 144356
 0.72824 146026
 0.72836 147587
 0.72848 149733
 0.7286 152914
 0.72872 157136
 0.72884 162033
 0.72896 166979
 0.72908 171565
 0.7292 175409
 0.72932 177875
 0.72944 178312
 0.72956 176262
 0.72968 171954
 0.7298 165921
 0.72992 158798
 0.73004 151077
 0.73016 142961
 0.73028 134824
 0.7304 127122
 0.73052 120271
 0.73064 114312
 0.73076 109059
 0.73088 104429
 0.731 100397
 0.73112 97217.3
 0.73124 95036.6
 0.73136 93741.8
 0.73148 93149.2
 0.7316 93153.3
 0.73172 93754
 0.73184 94805.3
 0.73196 96106.2
 0.73208 97295.8
 0.7322 97984.8
 0.73232 98083.2
 0.73244 97687.8
 0.73256 96823
 0.73268 95413.6
 0.7328 93403.4
 0.73292 90761.6
 0.73304 87470.3
 0.73316 83626.2
 0.73328 79230.2
 0.7334 74110.8
 0.73352 68219.6
 0.73364 61619.8
 0.73376 54491.8
 0.73388 47049
 0.734 39603.9
 0.73412 32401.4
 0.73424 25672.9
 0.73436 19696.8
 0.73448 14668.7
 0.7346 10714.5
 0.73472 7857.28
 0.73484 6070.07
 0.73496 5234.44
 0.73508 5262.54
 0.7352 6031.27
 0.73532 7398.22
 0.73544 9240.91
 0.73556 11459.3
 0.73568 13976.6
 0.7358 16737.9
 0.73592 19702.7
 0.73604 22706.7
 0.73616 25558.5
 0.73628 28155.4
 0.7364 30415
 0.73652 32279.6
 0.73664 33709
 0.73676 34664
 0.73688 35133.6
 0.737 35319.3
 0.73712 35676
 0.73724 36578.9
 0.73736 38325.6
 0.73748 41166.5
 0.7376 45298.2
 0.73772 50942.5
 0.73784 58284.9
 0.73796 67223.3
 0.73808 77222.2
 0.7382 87704.1
 0.73832 98147.8
 0.73844 108030
 0.73856 116834
 0.73868 123922
 0.7388 128718
 0.73892 130944
 0.73904 130855
 0.73916 128840
 0.73928 125265
 0.7394 120594
 0.73952 115412
 0.73964 110517
 0.73976 106597
 0.73988 103998
 0.74 102661
 0.74012 102283
 0.74024 102667
 0.74036 103555
 0.74048 104539
 0.7406 105009
 0.74072 104444
 0.74084 102700
 0.74096 99822.2
 0.74108 96098.8
 0.7412 91768
 0.74132 86968
 0.74144 81830.8
 0.74156 76636.5
 0.74168 71701.3
 0.7418 67165.2
 0.74192 63139.9
 0.74204 59635.1
 0.74216 56618.3
 0.74228 54150.2
 0.7424 52491
 0.74252 51868.7
 0.74264 52207.4
 0.74276 53358.6
 0.74288 55140.2
 0.743 57384.7
 0.74312 60000.9
 0.74324 62894.5
 0.74336 65749.5
 0.74348 68111.8
 0.7436 69906.4
 0.74372 71353.8
 0.74384 72597.9
 0.74396 73712.2
 0.74408 74589.8
 0.7442 75021.6
 0.74432 74936.7
 0.74444 74509.3
 0.74456 73789.6
 0.74468 72581.6
 0.7448 70780.9
 0.74492 68474.5
 0.74504 65973.2
 0.74516 63795.2
 0.74528 62425.5
 0.7454 62154.2
 0.74552 63182.9
 0.74564 65655.8
 0.74576 69626.2
 0.74588 75002.9
 0.746 81527.1
 0.74612 88772.8
 0.74624 96267.9
 0.74636 103439
 0.74648 109772
 0.7466 114940
 0.74672 118853
 0.74684 121442
 0.74696 122650
 0.74708 122462
 0.7472 120925
 0.74732 118442
 0.74744 115620
 0.74756 112917
 0.74768 110431
 0.7478 108221
 0.74792 106409
 0.74804 105172
 0.74816 104676
 0.74828 104756
 0.7484 104859
 0.74852 104462
 0.74864 103400
 0.74876 101572
 0.74888 98869.9
 0.749 95230.9
 0.74912 90589.7
 0.74924 84991.7
 0.74936 78810.8
 0.74948 72538.5
 0.7496 66546.3
 0.74972 61175.7
 0.74984 56838.5
 0.74996 53756.5
 0.75008 52046.5
 0.7502 51823.4
 0.75032 53173.2
 0.75044 56067.4
 0.75056 60213
 0.75068 65222.5
 0.7508 70643.4
 0.75092 76125.8
 0.75104 81527.4
 0.75116 86728.7
 0.75128 91488.1
 0.7514 95322.5
 0.75152 98078.5
 0.75164 99872.4
 0.75176 100738
 0.75188 100680
 0.752 99597.5
 0.75212 97338.3
 0.75224 93802
 0.75236 89246.1
 0.75248 83970.8
 0.7526 78040.1
 0.75272 71678.2
 0.75284 65199.1
 0.75296 58854.8
 0.75308 52909.4
 0.7532 47648.5
 0.75332 43252.6
 0.75344 39758.1
 0.75356 37259.4
 0.75368 35723.2
 0.7538 34948.8
 0.75392 34906.7
 0.75404 35653.6
 0.75416 37161.5
 0.75428 39341.5
 0.7544 42091.5
 0.75452 45279.3
 0.75464 48761.2
 0.75476 52560.4
 0.75488 56502.9
 0.755 60141.5
 0.75512 63131.8
 0.75524 65319.9
 0.75536 66589.5
 0.75548 66853.5
 0.7556 66148
 0.75572 64504.2
 0.75584 62147
 0.75596 59790.8
 0.75608 58173.5
 0.7562 57695.5
 0.75632 58676.1
 0.75644 61434.9
 0.75656 66255.4
 0.75668 73341.1
 0.7568 82615.9
 0.75692 93391.2
 0.75704 104702
 0.75716 115827
 0.75728 126237
 0.7574 135437
 0.75752 142951
 0.75764 148209
 0.75776 150874
 0.75788 151175
 0.758 149726
 0.75812 147292
 0.75824 144482
 0.75836 141845
 0.75848 139673
 0.7586 138329
 0.75872 138126
 0.75884 138988
 0.75896 140689
 0.75908 142631
 0.7592 144212
 0.75932 144948
 0.75944 144720
 0.75956 143711
 0.75968 142173
 0.7598 140747
 0.75992 139874
 0.76004 140218
 0.76016 142459
 0.76028 146903
 0.7604 153494
 0.76052 161754
 0.76064 170872
 0.76076 179605
 0.76088 186882
 0.761 191756
 0.76112 193274
 0.76124 191032
 0.76136 185092
 0.76148 175788
 0.7616 163852
 0.76172 150513
 0.76184 137008
 0.76196 124345
 0.76208 113505
 0.7622 105159
 0.76232 99686.4
 0.76244 97296.5
 0.76256 98019.3
 0.76268 101394
 0.7628 106664
 0.76292 113142
 0.76304 120168
 0.76316 127173
 0.76328 133406
 0.7634 138149
 0.76352 140779
 0.76364 140938
 0.76376 138812
 0.76388 134761
 0.764 129250
 0.76412 122636
 0.76424 115652
 0.76436 109212
 0.76448 104003
 0.7646 100510
 0.76472 98864.6
 0.76484 98930.8
 0.76496 100356
 0.76508 102812
 0.7652 105828
 0.76532 108534
 0.76544 110234
 0.76556 110506
 0.76568 109087
 0.7658 105814
 0.76592 100685
 0.76604 93830.2
 0.76616 85358.9
 0.76628 75724.2
 0.7664 65526.1
 0.76652 55238
 0.76664 45221.6
 0.76676 35837.8
 0.76688 27433.6
 0.767 20240.6
 0.76712 14484
 0.76724 10275.9
 0.76736 7547.74
 0.76748 6185.14
 0.7676 6119.97
 0.76772 7283.68
 0.76784 9515.85
 0.76796 12626.9
 0.76808 16442
 0.7682 20768.2
 0.76832 25353.4
 0.76844 29948.5
 0.76856 34253.3
 0.76868 37957.6
 0.7688 40846.7
 0.76892 42873.5
 0.76904 44055.1
 0.76916 44459.5
 0.76928 44346.3
 0.7694 44058.1
 0.76952 43946.9
 0.76964 44376.1
 0.76976 45728.2
 0.76988 48281.2
 0.77 52102
 0.77012 57118.3
 0.77024 63085.4
 0.77036 69664.4
 0.77048 76638.9
 0.7706 83897.7
 0.77072 91221.4
 0.77084 98171.2
 0.77096 104422
 0.77108 109933
 0.7712 114821
 0.77132 119218
 0.77144 123056
 0.77156 125955
 0.77168 127630
 0.7718 128276
 0.77192 128371
 0.77204 128240
 0.77216 127964
 0.77228 127631
 0.7724 127494
 0.77252 128213
 0.77264 130427
 0.77276 134187
 0.77288 138996
 0.773 144210
 0.77312 149376
 0.77324 154175
 0.77336 158229
 0.77348 160929
 0.7736 161593
 0.77372 160052
 0.77384 156717
 0.77396 152074
 0.77408 146473
 0.7742 140096
 0.77432 133088
 0.77444 125661
 0.77456 118099
 0.77468 110481
 0.7748 102505
 0.77492 93966.6
 0.77504 85014.3
 0.77516 75972.5
 0.77528 67202.1
 0.7754 58991.8
 0.77552 51509.2
 0.77564 44899.2
 0.77576 39424.9
 0.77588 35336.8
 0.776 32602.5
 0.77612 30995.8
 0.77624 30260.3
 0.77636 30216.7
 0.77648 30891.9
 0.7766 32441.4
 0.77672 35002.9
 0.77684 38562
 0.77696 42944.3
 0.77708 47975.5
 0.7772 53505.1
 0.77732 59391.6
 0.77744 65331
 0.77756 70892
 0.77768 75644.6
 0.7778 79320.2
 0.77792 82026.6
 0.77804 84093
 0.77816 85861
 0.77828 87581
 0.7784 89388.4
 0.77852 91474.4
 0.77864 93923.8
 0.77876 96658.3
 0.77888 99339.1
 0.779 101479
 0.77912 102621
 0.77924 102375
 0.77936 100684
 0.77948 97588.3
 0.7796 93335.9
 0.77972 88464.7
 0.77984 83782.2
 0.77996 80000.7
 0.78008 77559.8
 0.7802 76794.3
 0.78032 77896.8
 0.78044 80909
 0.78056 85714.6
 0.78068 91827.5
 0.7808 98433.8
 0.78092 104750
 0.78104 110451
 0.78116 115502
 0.78128 119781
 0.7814 123100
 0.78152 125269
 0.78164 126424
 0.78176 126950
 0.78188 127298
 0.782 127666
 0.78212 127855
 0.78224 127702
 0.78236 127267
 0.78248 126704
 0.7826 125959
 0.78272 124750
 0.78284 122844
 0.78296 120089
 0.78308 116601
 0.7832 112659
 0.78332 108392
 0.78344 103866
 0.78356 99269.1
 0.78368 95024.9
 0.7838 91483.4
 0.78392 88835.2
 0.78404 87143.1
 0.78416 86267.5
 0.78428 86113.8
 0.7844 86634.9
 0.78452 87744.9
 0.78464 89225.4
 0.78476 90736.8
 0.78488 92183.9
 0.785 93558.5
 0.78512 94934.5
 0.78524 96247.6
 0.78536 97307.8
 0.78548 97863.6
 0.7856 97659.6
 0.78572 96716.7
 0.78584 94934.8
 0.78596 92059.8
 0.78608 87854.3
 0.7862 82346.7
 0.78632 75781.2
 0.78644 68573.7
 0.78656 61168.4
 0.78668 53858.5
 0.7868 46859.6
 0.78692 40586.5
 0.78704 35447.8
 0.78716 31629.8
 0.78728 29132.3
 0.7874 27746
 0.78752 27215.3
 0.78764 27309.9
 0.78776 27850.6
 0.78788 28564.6
 0.788 29137.3
 0.78812 29360.1
 0.78824 29069.2
 0.78836 28252.3
 0.78848 26972.5
 0.7886 25293.7
 0.78872 23280.2
 0.78884 21011.9
 0.78896 18600.2
 0.78908 16154.8
 0.7892 13850.9
 0.78932 11846.5
 0.78944 10240.3
 0.78956 9142.46
 0.78968 8685.14
 0.7898 9006.47
 0.78992 10255
 0.79004 12495.7
 0.79016 15698.1
 0.79028 19728.8
 0.7904 24412.9
 0.79052 29568.3
 0.79064 34933.2
 0.79076 40220.1
 0.79088 45067.7
 0.791 49153.5
 0.79112 52274
 0.79124 54355.2
 0.79136 55493.6
 0.79148 55838.7
 0.7916 55586.1
 0.79172 55030.4
 0.79184 54549.3
 0.79196 54623.7
 0.79208 55663.8
 0.7922 58000.6
 0.79232 61804
 0.79244 67079.2
 0.79256 73789.7
 0.79268 81799.8
 0.7928 90919.6
 0.79292 100900
 0.79304 111571
 0.79316 122732
 0.79328 134156
 0.7934 145635
 0.79352 157131
 0.79364 168689
 0.79376 180321
 0.79388 191952
 0.794 203251
 0.79412 213721
 0.79424 223095
 0.79436 231231
 0.79448 238055
 0.7946 243276
 0.79472 246631
 0.79484 248002
 0.79496 247493
 0.79508 245645
 0.7952 242907
 0.79532 239680
 0.79544 235970
 0.79556 231787
 0.79568 227177
 0.7958 222199
 0.79592 216813
 0.79604 210661
 0.79616 203323
 0.79628 194358
 0.7964 183668
 0.79652 171598
 0.79664 158704
 0.79676 145382
 0.79688 132041
 0.797 119340
 0.79712 107886
 0.79724 98290
 0.79736 90955.4
 0.79748 85859.9
 0.7976 82554.6
 0.79772 80653.2
 0.79784 79851
 0.79796 79673.9
 0.79808 79742.1
 0.7982 79736.8
 0.79832 79466.9
 0.79844 78892.7
 0.79856 78216.7
 0.79868 77664.8
 0.7988 77282.8
 0.79892 77152
 0.79904 77310.1
 0.79916 77654.2
 0.79928 78021.3
 0.7994 78244.5
 0.79952 78194.6
 0.79964 77721.7
 0.79976 76921.2
 0.79988 75949.8
