 0.2 134164
 0.20012 130477
 0.20024 126784
 0.20036 123253
 0.20048 119883
 0.2006 116619
 0.20072 113435
 0.20084 110296
 0.20096 107212
 0.20108 104241
 0.2012 101431
 0.20132 98778.7
 0.20144 96349.2
 0.20156 94269.5
 0.20168 92646.1
 0.2018 91588.6
 0.20192 91138.8
 0.20204 91189.1
 0.20216 91530.2
 0.20228 91875.5
 0.2024 91913
 0.20252 91414.5
 0.20264 90285.2
 0.20276 88438.2
 0.20288 85836.2
 0.203 82556.7
 0.20312 78869.2
 0.20324 75166.3
 0.20336 71882.5
 0.20348 69319.7
 0.2036 67609.1
 0.20372 66810.2
 0.20384 66872.8
 0.20396 67620.8
 0.20408 68727.2
 0.2042 69796.3
 0.20432 70465.3
 0.20444 70496.7
 0.20456 69756.5
 0.20468 68154.8
 0.2048 65832.4
 0.20492 63187.9
 0.20504 60780.6
 0.20516 59259.2
 0.20528 59180.4
 0.2054 61014.5
 0.20552 65300.6
 0.20564 72513.4
 0.20576 82903.1
 0.20588 96178.4
 0.206 111807
 0.20612 129015
 0.20624 146901
 0.20636 164574
 0.20648 180820
 0.2066 194310
 0.20672 203852
 0.20684 208870
 0.20696 209210
 0.20708 204936
 0.2072 196505
 0.20732 184400
 0.20744 169445
 0.20756 152905
 0.20768 136052
 0.2078 119869
 0.20792 104888
 0.20804 91558.2
 0.20816 80084.3
 0.20828 70687.5
 0.2084 63527.3
 0.20852 58338.2
 0.20864 54707
 0.20876 52288.2
 0.20888 50901.3
 0.209 50410.4
 0.20912 50644.9
 0.20924 51365.2
 0.20936 52241.3
 0.20948 53145.1
 0.2096 54121
 0.20972 55225.5
 0.20984 56592.7
 0.20996 58392.1
 0.21008 60835.3
 0.2102 64221.2
 0.21032 68909.5
 0.21044 75155.3
 0.21056 83071.9
 0.21068 92604.2
 0.2108 103327
 0.21092 114599
 0.21104 125843
 0.21116 136517
 0.21128 146045
 0.2114 153809
 0.21152 159239
 0.21164 161946
 0.21176 162229
 0.21188 160785
 0.212 158269
 0.21212 154999
 0.21224 151227
 0.21236 147351
 0.21248 143941
 0.2126 141558
 0.21272 140164
 0.21284 139251
 0.21296 138342
 0.21308 137465
 0.2132 136822
 0.21332 136611
 0.21344 136736
 0.21356 136970
 0.21368 137342
 0.2138 138311
 0.21392 140351
 0.21404 143487
 0.21416 147511
 0.21428 152091
 0.2144 156988
 0.21452 162114
 0.21464 167277
 0.21476 171955
 0.21488 175344
 0.215 176907
 0.21512 176425
 0.21524 173804
 0.21536 169158
 0.21548 162506
 0.2156 154106
 0.21572 144448
 0.21584 134442
 0.21596 125044
 0.21608 116903
 0.2162 110507
 0.21632 106138
 0.21644 104092
 0.21656 104262
 0.21668 106239
 0.2168 109389
 0.21692 112920
 0.21704 116114
 0.21716 118438
 0.21728 119426
 0.2174 118696
 0.21752 116346
 0.21764 113019
 0.21776 109498
 0.21788 106621
 0.218 105234
 0.21812 106213
 0.21824 110458
 0.21836 118719
 0.21848 131112
 0.2186 147020
 0.21872 165499
 0.21884 185439
 0.21896 205808
 0.21908 225332
 0.2192 242485
 0.21932 255643
 0.21944 263842
 0.21956 266785
 0.21968 264525
 0.2198 257451
 0.21992 245956
 0.22004 230655
 0.22016 212598
 0.22028 193175
 0.2204 173649
 0.22052 154886
 0.22064 137649
 0.22076 122503
 0.22088 109843
 0.221 99983
 0.22112 92899.7
 0.22124 88342.7
 0.22136 85837.8
 0.22148 84830.8
 0.2216 84752.1
 0.22172 85066.4
 0.22184 85424.5
 0.22196 85511
 0.22208 85108.3
 0.2222 83994.6
 0.22232 82007.7
 0.22244 79270.1
 0.22256 76045
 0.22268 72519.1
 0.2228 68840.5
 0.22292 65176.3
 0.22304 61838.5
 0.22316 59306.4
 0.22328 58228
 0.2234 59196
 0.22352 62682
 0.22364 69132.1
 0.22376 78901.8
 0.22388 92060.6
 0.224 108345
 0.22412 127038
 0.22424 147159
 0.22436 167480
 0.22448 186519
 0.2246 202875
 0.22472 215242
 0.22484 222732
 0.22496 224808
 0.22508 221529
 0.2252 213343
 0.22532 201024
 0.22544 185865
 0.22556 169360
 0.22568 152973
 0.2258 137998
 0.22592 125517
 0.22604 116335
 0.22616 110869
 0.22628 109290
 0.2264 111361
 0.22652 116380
 0.22664 123555
 0.22676 131986
 0.22688 140877
 0.227 149313
 0.22712 156479
 0.22724 161614
 0.22736 164243
 0.22748 164256
 0.2276 161782
 0.22772 157120
 0.22784 150486
 0.22796 142304
 0.22808 133247
 0.2282 124173
 0.22832 115860
 0.22844 108768
 0.22856 103227
 0.22868 99469.5
 0.2288 97828
 0.22892 98569.7
 0.22904 101568
 0.22916 106399
 0.22928 112318
 0.2294 118787
 0.22952 125313
 0.22964 131332
 0.22976 136177
 0.22988 139058
 0.23 139476
 0.23012 137251
 0.23024 132643
 0.23036 126191
 0.23048 118423
 0.2306 110091
 0.23072 102086
 0.23084 95543
 0.23096 91509.2
 0.23108 90689.9
 0.2312 93470.7
 0.23132 99657.2
 0.23144 108854
 0.23156 120326
 0.23168 133026
 0.2318 145576
 0.23192 156471
 0.23204 164531
 0.23216 168856
 0.23228 169014
 0.2324 164905
 0.23252 156783
 0.23264 145281
 0.23276 131468
 0.23288 116570
 0.233 101671
 0.23312 87557
 0.23324 74812
 0.23336 63772.1
 0.23348 54591.8
 0.2336 47240.3
 0.23372 41435.2
 0.23384 36867.4
 0.23396 33308.9
 0.23408 30749.8
 0.2342 29245.1
 0.23432 28920.1
 0.23444 29936.8
 0.23456 32382.4
 0.23468 36228.2
 0.2348 41287.2
 0.23492 47169.5
 0.23504 53379.9
 0.23516 59428
 0.23528 64851.2
 0.2354 69194.8
 0.23552 72151.7
 0.23564 73751.2
 0.23576 74213.2
 0.23588 73989.5
 0.236 73587.8
 0.23612 73391.9
 0.23624 73609.9
 0.23636 74426.7
 0.23648 75888.4
 0.2366 77693.6
 0.23672 79417.3
 0.23684 80607.2
 0.23696 80780
 0.23708 79594.6
 0.2372 77109.3
 0.23732 73526.9
 0.23744 69151.9
 0.23756 64576.3
 0.23768 60444.8
 0.2378 57303.3
 0.23792 55665.6
 0.23804 55994
 0.23816 58311.4
 0.23828 62201.1
 0.2384 67132.8
 0.23852 72424.8
 0.23864 77393.6
 0.23876 81462.2
 0.23888 84083.6
 0.239 84691.8
 0.23912 83004.7
 0.23924 79343.3
 0.23936 74284.5
 0.23948 68458.3
 0.2396 62510.7
 0.23972 57019.1
 0.23984 52574.9
 0.23996 49792.5
 0.24008 49105.2
 0.2402 50420.7
 0.24032 53389.1
 0.24044 57624.1
 0.24056 62632.6
 0.24068 67880.8
 0.2408 72731.4
 0.24092 76516.5
 0.24104 78697.8
 0.24116 79205.5
 0.24128 78093.8
 0.2414 75352.7
 0.24152 71094.8
 0.24164 65562
 0.24176 59143.2
 0.24188 52320.7
 0.242 45529.4
 0.24212 38926.2
 0.24224 32558.8
 0.24236 26627.7
 0.24248 21327
 0.2426 16752.4
 0.24272 12943.6
 0.24284 9846.14
 0.24296 7409.61
 0.24308 5664.9
 0.2432 4700.96
 0.24332 4530.5
 0.24344 5133.38
 0.24356 6502.58
 0.24368 8561.34
 0.2438 11236.5
 0.24392 14452.2
 0.24404 18049.8
 0.24416 21848.4
 0.24428 25683.5
 0.2444 29331.3
 0.24452 32527.3
 0.24464 35116.7
 0.24476 37046.3
 0.24488 38285.1
 0.245 38899.4
 0.24512 39089.8
 0.24524 39038
 0.24536 39003.2
 0.24548 39365
 0.2456 40504.1
 0.24572 42730
 0.24584 46250.1
 0.24596 51257.4
 0.24608 57696.2
 0.2462 65351.7
 0.24632 73988.3
 0.24644 83276.2
 0.24656 92807.7
 0.24668 101982
 0.2468 110330
 0.24692 117386
 0.24704 122790
 0.24716 126566
 0.24728 128807
 0.2474 129672
 0.24752 129408
 0.24764 128549
 0.24776 127643
 0.24788 127108
 0.248 127342
 0.24812 128449
 0.24824 130420
 0.24836 133118
 0.24848 136169
 0.2486 139031
 0.24872 141179
 0.24884 142317
 0.24896 142278
 0.24908 141143
 0.2492 139066
 0.24932 136302
 0.24944 133500
 0.24956 131492
 0.24968 130897
 0.2498 131934
 0.24992 134586
 0.25004 138547
 0.25016 143471
 0.25028 149021
 0.2504 154572
 0.25052 159247
 0.25064 162334
 0.25076 163539
 0.25088 162934
 0.251 160866
 0.25112 157633
 0.25124 153352
 0.25136 148164
 0.25148 142421
 0.2516 136460
 0.25172 130496
 0.25184 124491
 0.25196 118236
 0.25208 111559
 0.2522 104558
 0.25232 97483.5
 0.25244 90551.6
 0.25256 83902.8
 0.25268 77683.4
 0.2528 72074
 0.25292 67287.3
 0.25304 63478.5
 0.25316 60691.4
 0.25328 58888
 0.2534 57870.8
 0.25352 57533.4
 0.25364 57768.6
 0.25376 58417.7
 0.25388 59211.6
 0.254 59948.7
 0.25412 60441.1
 0.25424 60463.3
 0.25436 59923.9
 0.25448 58782.2
 0.2546 56950.3
 0.25472 54341.5
 0.25484 51075.6
 0.25496 47375.7
 0.25508 43477.2
 0.2552 39678.1
 0.25532 36255.6
 0.25544 33394.6
 0.25556 31242.8
 0.25568 29985
 0.2558 29738.8
 0.25592 30473.3
 0.25604 32068.9
 0.25616 34288.1
 0.25628 36865.6
 0.2564 39575.5
 0.25652 42248.8
 0.25664 44814.5
 0.25676 47197.1
 0.25688 49361.3
 0.257 51334.2
 0.25712 53254.2
 0.25724 55233
 0.25736 57268.5
 0.25748 59339.6
 0.2576 61308.1
 0.25772 62918.6
 0.25784 63916.4
 0.25796 64060.4
 0.25808 63099.5
 0.2582 60910.3
 0.25832 57654.4
 0.25844 53573.7
 0.25856 48961.7
 0.25868 44275.7
 0.2588 40041.4
 0.25892 36715.9
 0.25904 34750.4
 0.25916 34539.5
 0.25928 36211.9
 0.2594 39683.8
 0.25952 44768.8
 0.25964 51201.6
 0.25976 58592
 0.25988 66522
 0.26 74564.7
 0.26012 82097
 0.26024 88476.1
 0.26036 93270.7
 0.26048 96243.1
 0.2606 97204.2
 0.26072 96021.8
 0.26084 92737
 0.26096 87439.8
 0.26108 80504.7
 0.2612 72568.5
 0.26132 64207.5
 0.26144 55858.1
 0.26156 47896.7
 0.26168 40693.5
 0.2618 34514.8
 0.26192 29538.6
 0.26204 25836.4
 0.26216 23287.8
 0.26228 21760.2
 0.2624 21172.6
 0.26252 21491.6
 0.26264 22721
 0.26276 24891.5
 0.26288 28103.1
 0.263 32429.2
 0.26312 37909.2
 0.26324 44483
 0.26336 52000.5
 0.26348 60270.4
 0.2636 68987.4
 0.26372 77889
 0.26384 86648.7
 0.26396 94856.7
 0.26408 102214
 0.2642 108601
 0.26432 114085
 0.26444 118808
 0.26456 123008
 0.26468 126781
 0.2648 130020
 0.26492 132802
 0.26504 135207
 0.26516 137181
 0.26528 138564
 0.2654 139097
 0.26552 138497
 0.26564 136530
 0.26576 133446
 0.26588 129510
 0.266 124950
 0.26612 120081
 0.26624 115167
 0.26636 110522
 0.26648 106453
 0.2666 103333
 0.26672 101309
 0.26684 100370
 0.26696 100489
 0.26708 101542
 0.2672 103432
 0.26732 105899
 0.26744 108772
 0.26756 111954
 0.26768 115385
 0.2678 119085
 0.26792 123028
 0.26804 127289
 0.26816 132029
 0.26828 137793
 0.2684 145003
 0.26852 153855
 0.26864 164302
 0.26876 176108
 0.26888 189061
 0.269 202751
 0.26912 216552
 0.26924 229476
 0.26936 240598
 0.26948 249064
 0.2696 254178
 0.26972 255617
 0.26984 253139
 0.26996 246857
 0.27008 237345
 0.2702 225378
 0.27032 211679
 0.27044 197128
 0.27056 182866
 0.27068 169862
 0.2708 158912
 0.27092 150573
 0.27104 144895
 0.27116 141642
 0.27128 140644
 0.2714 141586
 0.27152 143772
 0.27164 146378
 0.27176 148663
 0.27188 149973
 0.272 149769
 0.27212 147922
 0.27224 144414
 0.27236 139337
 0.27248 132899
 0.2726 125426
 0.27272 117268
 0.27284 108832
 0.27296 100681
 0.27308 93199
 0.2732 86556.9
 0.27332 80688.4
 0.27344 75554.8
 0.27356 71168.1
 0.27368 67587.9
 0.2738 64772.8
 0.27392 62619.8
 0.27404 61080
 0.27416 60145.2
 0.27428 59976.5
 0.2744 60843.1
 0.27452 62955.6
 0.27464 66445.9
 0.27476 71463.5
 0.27488 78047.4
 0.275 85928.2
 0.27512 94729.9
 0.27524 104141
 0.27536 113696
 0.27548 122851
 0.2756 131095
 0.27572 137936
 0.27584 142936
 0.27596 146048
 0.27608 147524
 0.2762 147647
 0.27632 146717
 0.27644 145084
 0.27656 142995
 0.27668 140613
 0.2768 138076
 0.27692 135417
 0.27704 132381
 0.27716 128585
 0.27728 123677
 0.2774 117404
 0.27752 109715
 0.27764 100801
 0.27776 90887.8
 0.27788 80271.4
 0.278 69430.7
 0.27812 58968
 0.27824 49425.4
 0.27836 41223.5
 0.27848 34637.1
 0.2786 29717.3
 0.27872 26470.7
 0.27884 24829.9
 0.27896 24547.9
 0.27908 25195.2
 0.2792 26360.8
 0.27932 27735.9
 0.27944 29055.9
 0.27956 30133.2
 0.27968 30822.3
 0.2798 30993.6
 0.27992 30614.9
 0.28004 29836.4
 0.28016 28906.6
 0.28028 27983.5
 0.2804 27175.4
 0.28052 26566.4
 0.28064 26164.9
 0.28076 26010.4
 0.28088 26145
 0.281 26532.6
 0.28112 27080
 0.28124 27729.6
 0.28136 28529.4
 0.28148 29547.1
 0.2816 30970.6
 0.28172 32917
 0.28184 35378.5
 0.28196 38372.2
 0.28208 41827.2
 0.2822 45612.1
 0.28232 49517.1
 0.28244 53315.4
 0.28256 56753.2
 0.28268 59638.9
 0.2828 62049.7
 0.28292 64015.9
 0.28304 65618.8
 0.28316 67091.9
 0.28328 68695.3
 0.2834 70697.2
 0.28352 73279.7
 0.28364 76365.6
 0.28376 79589.8
 0.28388 82591.4
 0.284 85128.7
 0.28412 86852.1
 0.28424 87388.7
 0.28436 86365.5
 0.28448 83472.4
 0.2846 78783.9
 0.28472 72756
 0.28484 65887.2
 0.28496 58611
 0.28508 51415
 0.2852 44831.9
 0.28532 39401.9
 0.28544 35684.7
 0.28556 34079.7
 0.28568 34656.3
 0.2858 37404.2
 0.28592 42254.6
 0.28604 48921.7
 0.28616 57008.2
 0.28628 66126.4
 0.2864 75791.1
 0.28652 85453
 0.28664 94650.7
 0.28676 102958
 0.28688 109985
 0.287 115584
 0.28712 119765
 0.28724 122429
 0.28736 123542
 0.28748 123254
 0.2876 121675
 0.28772 118938
 0.28784 115199
 0.28796 110562
 0.28808 105076
 0.2882 98951.3
 0.28832 92422.9
 0.28844 85592
 0.28856 78585.2
 0.28868 71611.4
 0.2888 64868.4
 0.28892 58546.2
 0.28904 52776.1
 0.28916 47625.5
 0.28928 43130.5
 0.2894 39437.2
 0.28952 36787.7
 0.28964 35348.9
 0.28976 35185.5
 0.28988 36315.6
 0.29 38849.2
 0.29012 42953.9
 0.29024 48827.8
 0.29036 56495.2
 0.29048 65574.3
 0.2906 75508.4
 0.29072 85832.6
 0.29084 96230.4
 0.29096 106218
 0.29108 115038
 0.2912 121824
 0.29132 125804
 0.29144 126789
 0.29156 125041
 0.29168 120867
 0.2918 114453
 0.29192 106048
 0.29204 96334.6
 0.29216 86240.2
 0.29228 76710.9
 0.2924 68323.9
 0.29252 61241
 0.29264 55540.1
 0.29276 51286.2
 0.29288 48568.8
 0.293 47264.2
 0.29312 46994.3
 0.29324 47256.4
 0.29336 47663.4
 0.29348 48039.3
 0.2936 48205.3
 0.29372 48064.2
 0.29384 47717.3
 0.29396 47335.7
 0.29408 47229
 0.2942 47870.7
 0.29432 49772
 0.29444 53349.8
 0.29456 59022.1
 0.29468 67072.1
 0.2948 77232.1
 0.29492 88949.5
 0.29504 101440
 0.29516 113792
 0.29528 125019
 0.2954 134152
 0.29552 140253
 0.29564 142553
 0.29576 140898
 0.29588 135651
 0.296 127537
 0.29612 117446
 0.29624 106294
 0.29636 94999
 0.29648 84474.4
 0.2966 75536.1
 0.29672 68727.5
 0.29684 64188.4
 0.29696 61704
 0.29708 60892
 0.2972 61396.6
 0.29732 62863.9
 0.29744 64942.3
 0.29756 67319.6
 0.29768 69692.1
 0.2978 71876.9
 0.29792 74012.3
 0.29804 76337.3
 0.29816 78986.2
 0.29828 82099.1
 0.2984 85824.4
 0.29852 90253.2
 0.29864 95447.5
 0.29876 101439
 0.29888 107886
 0.299 114380
 0.29912 120705
 0.29924 126696
 0.29936 132202
 0.29948 137191
 0.2996 141838
 0.29972 146325
 0.29984 151193
 0.29996 157176
 0.30008 164845
 0.3002 174572
 0.30032 186543
 0.30044 200637
 0.30056 216226
 0.30068 232369
 0.3008 247922
 0.30092 261411
 0.30104 271352
 0.30116 276447
 0.30128 275669
 0.3014 268458
 0.30152 254859
 0.30164 235644
 0.30176 211960
 0.30188 185237
 0.302 157088
 0.30212 129078
 0.30224 102696
 0.30236 79141
 0.30248 59275
 0.3026 43425.8
 0.30272 31539.1
 0.30284 23499
 0.30296 19038.6
 0.30308 17853.9
 0.3032 19598.1
 0.30332 23934.7
 0.30344 30604.2
 0.30356 39463.8
 0.30368 50385.9
 0.3038 62846.9
 0.30392 75972.2
 0.30404 88930.5
 0.30416 100912
 0.30428 111137
 0.3044 118830
 0.30452 123216
 0.30464 123629
 0.30476 119917
 0.30488 112821
 0.305 103209
 0.30512 91904.7
 0.30524 79761
 0.30536 67670.5
 0.30548 56528.3
 0.3056 47198.3
 0.30572 40313.5
 0.30584 35819.9
 0.30596 33377.5
 0.30608 32736.8
 0.3062 33612.4
 0.30632 35541.7
 0.30644 38024.1
 0.30656 40585.7
 0.30668 42804.4
 0.3068 44488.9
 0.30692 45671.9
 0.30704 46345.4
 0.30716 46472.4
 0.30728 46245.7
 0.3074 46023.6
 0.30752 46112.2
 0.30764 46733.3
 0.30776 48102.9
 0.30788 50380.3
 0.308 53630.8
 0.30812 57924.8
 0.30824 63192.8
 0.30836 69118.3
 0.30848 75327
 0.3086 81598.6
 0.30872 87661.5
 0.30884 92993
 0.30896 97132
 0.30908 99700.4
 0.3092 100438
 0.30932 99281
 0.30944 96366.2
 0.30956 91795.8
 0.30968 85700.7
 0.3098 78600.1
 0.30992 71216.2
 0.31004 64155.7
 0.31016 57954.5
 0.31028 53025.1
 0.3104 49642.6
 0.31052 47940.3
 0.31064 47948.6
 0.31076 49486.6
 0.31088 52125.6
 0.311 55557.3
 0.31112 59529.4
 0.31124 63829.3
 0.31136 68242.9
 0.31148 72664.5
 0.3116 77174
 0.31172 81958.7
 0.31184 87156
 0.31196 92720.7
 0.31208 98446.5
 0.3122 104118
 0.31232 109539
 0.31244 114496
 0.31256 118652
 0.31268 121534
 0.3128 122930
 0.31292 122956
 0.31304 121941
 0.31316 120286
 0.31328 118314
 0.3134 116422
 0.31352 115060
 0.31364 114744
 0.31376 115786
 0.31388 118028
 0.314 121090
 0.31412 124447
 0.31424 127690
 0.31436 130432
 0.31448 132288
 0.3146 132923
 0.31472 132137
 0.31484 130139
 0.31496 127494
 0.31508 124843
 0.3152 122900
 0.31532 122240
 0.31544 123135
 0.31556 125646
 0.31568 129666
 0.3158 134868
 0.31592 140538
 0.31604 145934
 0.31616 150103
 0.31628 152062
 0.3164 151304
 0.31652 147715
 0.31664 141476
 0.31676 132854
 0.31688 122375
 0.317 110677
 0.31712 98527.6
 0.31724 86909.2
 0.31736 76549.4
 0.31748 67866.2
 0.3176 61032.6
 0.31772 56160.6
 0.31784 53289.3
 0.31796 52247.3
 0.31808 52781.8
 0.3182 54524.1
 0.31832 57138.6
 0.31844 60367.6
 0.31856 63968.3
 0.31868 67748.2
 0.3188 71452.3
 0.31892 74955.6
 0.31904 78300.1
 0.31916 81524.9
 0.31928 84699.3
 0.3194 87918
 0.31952 91402.8
 0.31964 95271.5
 0.31976 99609.5
 0.31988 104567
 0.32 110216
 0.32012 116609
 0.32024 123674
 0.32036 131211
 0.32048 138882
 0.3206 146437
 0.32072 153873
 0.32084 161064
 0.32096 167677
 0.32108 173299
 0.3212 177709
 0.32132 180847
 0.32144 182717
 0.32156 183338
 0.32168 182555
 0.3218 180219
 0.32192 176527
 0.32204 171839
 0.32216 166419
 0.32228 160466
 0.3224 154407
 0.32252 148637
 0.32264 143566
 0.32276 139685
 0.32288 137335
 0.323 136787
 0.32312 138206
 0.32324 141771
 0.32336 147228
 0.32348 154157
 0.3236 162162
 0.32372 170593
 0.32384 178717
 0.32396 185765
 0.32408 191224
 0.3242 194715
 0.32432 196059
 0.32444 195356
 0.32456 192660
 0.32468 188378
 0.3248 183046
 0.32492 177178
 0.32504 171047
 0.32516 164567
 0.32528 157771
 0.3254 150656
 0.32552 143254
 0.32564 135509
 0.32576 127260
 0.32588 118501
 0.326 109356
 0.32612 100323
 0.32624 91756.5
 0.32636 83753
 0.32648 76399.5
 0.3266 69786.4
 0.32672 64106
 0.32684 59465.7
 0.32696 56006.6
 0.32708 53700.7
 0.3272 52588.4
 0.32732 53044.4
 0.32744 55497.6
 0.32756 60133.9
 0.32768 66792.3
 0.3278 75216.8
 0.32792 85027
 0.32804 95804.4
 0.32816 107021
 0.32828 117865
 0.3284 127346
 0.32852 134681
 0.32864 139660
 0.32876 142263
 0.32888 142437
 0.329 140162
 0.32912 135545
 0.32924 128930
 0.32936 120870
 0.32948 112011
 0.3296 102675
 0.32972 93064.5
 0.32984 83573.6
 0.32996 74816.1
 0.33008 67340.2
 0.3302 61573.8
 0.33032 57799.8
 0.33044 56072.5
 0.33056 56422.1
 0.33068 58864.7
 0.3308 63289.6
 0.33092 69241.8
 0.33104 76172.5
 0.33116 83541.2
 0.33128 90814.5
 0.3314 97673.8
 0.33152 103932
 0.33164 109452
 0.33176 114104
 0.33188 117973
 0.332 121390
 0.33212 124560
 0.33224 127797
 0.33236 131345
 0.33248 135256
 0.3326 139511
 0.33272 144085
 0.33284 148662
 0.33296 152720
 0.33308 155995
 0.3332 158318
 0.33332 159449
 0.33344 159287
 0.33356 157879
 0.33368 155281
 0.3338 151993
 0.33392 148810
 0.33404 146370
 0.33416 144948
 0.33428 144724
 0.3344 145856
 0.33452 148384
 0.33464 152341
 0.33476 157496
 0.33488 163160
 0.335 168503
 0.33512 172975
 0.33524 176306
 0.33536 178162
 0.33548 178251
 0.3356 176288
 0.33572 172121
 0.33584 165882
 0.33596 158013
 0.33608 148934
 0.3362 138888
 0.33632 128281
 0.33644 117677
 0.33656 107613
 0.33668 98498.8
 0.3368 90727.1
 0.33692 84596.1
 0.33704 80335
 0.33716 78242.4
 0.33728 78487.5
 0.3374 80923.8
 0.33752 85246.4
 0.33764 91265.9
 0.33776 98630.4
 0.33788 106882
 0.338 115623
 0.33812 124427
 0.33824 132886
 0.33836 140734
 0.33848 148026
 0.3386 154819
 0.33872 161258
 0.33884 167563
 0.33896 173740
 0.33908 179521
 0.3392 184542
 0.33932 188400
 0.33944 190649
 0.33956 190736
 0.33968 188222
 0.3398 182781
 0.33992 174406
 0.34004 163651
 0.34016 151475
 0.34028 138988
 0.3404 127166
 0.34052 116964
 0.34064 109161
 0.34076 104231
 0.34088 102370
 0.341 103422
 0.34112 106693
 0.34124 111214
 0.34136 116072
 0.34148 120398
 0.3416 123448
 0.34172 124848
 0.34184 124462
 0.34196 122211
 0.34208 118325
 0.3422 113332
 0.34232 107820
 0.34244 102405
 0.34256 97716.3
 0.34268 94191.5
 0.3428 92084.3
 0.34292 91680
 0.34304 93022.1
 0.34316 95895.8
 0.34328 100039
 0.3434 105174
 0.34352 110892
 0.34364 116740
 0.34376 122358
 0.34388 127375
 0.344 131692
 0.34412 135575
 0.34424 139269
 0.34436 142784
 0.34448 146152
 0.3446 149461
 0.34472 152606
 0.34484 155466
 0.34496 157698
 0.34508 158637
 0.3452 157593
 0.34532 154243
 0.34544 148596
 0.34556 140736
 0.34568 131141
 0.3458 120322
 0.34592 108935
 0.34604 97793.5
 0.34616 87697.6
 0.34628 79274.3
 0.3464 72779.5
 0.34652 68271.9
 0.34664 65516.9
 0.34676 64213.7
 0.34688 64001.2
 0.347 64410.6
 0.34712 65034.7
 0.34724 65506.7
 0.34736 65572.3
 0.34748 65120
 0.3476 64122
 0.34772 62601.3
 0.34784 60688.3
 0.34796 58610.9
 0.34808 56592.5
 0.3482 54819.5
 0.34832 53486.5
 0.34844 52837.2
 0.34856 53154.7
 0.34868 54714.4
 0.3488 57661.7
 0.34892 61974.9
 0.34904 67539.9
 0.34916 74296.7
 0.34928 82177.2
 0.3494 90941
 0.34952 100120
 0.34964 109153
 0.34976 117540
 0.34988 124973
 0.35 131381
 0.35012 136718
 0.35024 140980
 0.35036 144299
 0.35048 147164
 0.3506 150369
 0.35072 154631
 0.35084 160425
 0.35096 167853
 0.35108 176817
 0.3512 187062
 0.35132 198109
 0.35144 209241
 0.35156 219184
 0.35168 226591
 0.3518 230445
 0.35192 230186
 0.35204 225600
 0.35216 216660
 0.35228 203716
 0.3524 187264
 0.35252 168258
 0.35264 148150
 0.35276 128295
 0.35288 109767
 0.353 93324
 0.35312 79521.1
 0.35324 68704.2
 0.35336 61087.3
 0.35348 56779.3
 0.3536 55453.2
 0.35372 56480.3
 0.35384 59085.1
 0.35396 62594.7
 0.35408 66547.2
 0.3542 70475.2
 0.35432 73964
 0.35444 76572.6
 0.35456 77935
 0.35468 77905.1
 0.3548 76729.8
 0.35492 74763
 0.35504 72257.8
 0.35516 69500.6
 0.35528 66743.4
 0.3554 64141.5
 0.35552 61899
 0.35564 60240
 0.35576 59220.3
 0.35588 58690.1
 0.356 58534.9
 0.35612 58640.9
 0.35624 58926.4
 0.35636 59547.3
 0.35648 60564.7
 0.3566 61895.5
 0.35672 63392.2
 0.35684 65029.8
 0.35696 66725.1
 0.35708 68353.8
 0.3572 69837.4
 0.35732 70964.4
 0.35744 71614.4
 0.35756 71890.3
 0.35768 72020.3
 0.3578 72238
 0.35792 72826.5
 0.35804 74120.3
 0.35816 76237
 0.35828 79138.5
 0.3584 82711
 0.35852 86750
 0.35864 90961.6
 0.35876 94960.4
 0.35888 98292.6
 0.359 100523
 0.35912 101474
 0.35924 101318
 0.35936 100407
 0.35948 98955.3
 0.3596 97106.5
 0.35972 95142.8
 0.35984 93488.8
 0.35996 92455.5
 0.36008 92279.4
 0.3602 92921
 0.36032 94049
 0.36044 95476.8
 0.36056 97241.8
 0.36068 99113.1
 0.3608 100687
 0.36092 101717
 0.36104 101995
 0.36116 101388
 0.36128 100052
 0.3614 98133.2
 0.36152 95550.9
 0.36164 92549.7
 0.36176 89569.6
 0.36188 86887.2
 0.362 84622.9
 0.36212 82854.2
 0.36224 81440
 0.36236 80149.5
 0.36248 78853.8
 0.3626 77273.8
 0.36272 74982.1
 0.36284 71702.7
 0.36296 67362.1
 0.36308 61948.7
 0.3632 55630.4
 0.36332 48670.3
 0.36344 41370.9
 0.36356 34078.2
 0.36368 27172.9
 0.3638 20935.7
 0.36392 15524.6
 0.36404 11067.8
 0.36416 7628.63
 0.36428 5221.85
 0.3644 3816.04
 0.36452 3328.37
 0.36464 3703.84
 0.36476 4929.07
 0.36488 7046.63
 0.365 10068.2
 0.36512 13930.5
 0.36524 18499.4
 0.36536 23640.8
 0.36548 29262.4
 0.3656 35221.9
 0.36572 41302.6
 0.36584 47209.4
 0.36596 52625.2
 0.36608 57408.1
 0.3662 61559
 0.36632 65191.2
 0.36644 68444.5
 0.36656 71457.7
 0.36668 74505.8
 0.3668 77944.1
 0.36692 82292.4
 0.36704 87954.8
 0.36716 95263
 0.36728 104348
 0.3674 115010
 0.36752 127006
 0.36764 139981
 0.36776 153519
 0.36788 167054
 0.368 179886
 0.36812 191262
 0.36824 200378
 0.36836 207003
 0.36848 211054
 0.3686 212557
 0.36872 211709
 0.36884 208850
 0.36896 204582
 0.36908 199662
 0.3692 195059
 0.36932 191386
 0.36944 189118
 0.36956 188752
 0.36968 190358
 0.3698 193600
 0.36992 197794
 0.37004 202043
 0.37016 205373
 0.37028 206970
 0.3704 206168
 0.37052 202183
 0.37064 194688
 0.37076 183934
 0.37088 170634
 0.371 155797
 0.37112 140540
 0.37124 125846
 0.37136 112582
 0.37148 101610
 0.3716 93449.6
 0.37172 88210.8
 0.37184 85761
 0.37196 85684.7
 0.37208 87304.5
 0.3722 89967.3
 0.37232 92987.3
 0.37244 95704.9
 0.37256 97721.1
 0.37268 98862.3
 0.3728 98916.3
 0.37292 97785.5
 0.37304 95633.3
 0.37316 92686.6
 0.37328 89236.4
 0.3734 85606.8
 0.37352 81984.2
 0.37364 78471.3
 0.37376 75314.3
 0.37388 72718.5
 0.374 70764
 0.37412 69502
 0.37424 69030.6
 0.37436 69402.6
 0.37448 70713.6
 0.3746 72987.1
 0.37472 76053
 0.37484 79654.3
 0.37496 83540
 0.37508 87357.3
 0.3752 90644
 0.37532 92959.5
 0.37544 93938.4
 0.37556 93334.2
 0.37568 91032.7
 0.3758 87104.4
 0.37592 81745.4
 0.37604 75327
 0.37616 68406.6
 0.37628 61527.2
 0.3764 55084.4
 0.37652 49413.2
 0.37664 44836.4
 0.37676 41672
 0.37688 40094.3
 0.377 40158.7
 0.37712 41623.4
 0.37724 44177.1
 0.37736 47665.6
 0.37748 51896.4
 0.3776 56572.6
 0.37772 61224.8
 0.37784 65374.8
 0.37796 68600.4
 0.37808 70750.3
 0.3782 71881
 0.37832 71896.2
 0.37844 70752.2
 0.37856 68621.3
 0.37868 65843.4
 0.3788 62881.5
 0.37892 60165.4
 0.37904 57898.6
 0.37916 56064.8
 0.37928 54826.8
 0.3794 54368.3
 0.37952 54659.1
 0.37964 55588.2
 0.37976 57003.4
 0.37988 58849.5
 0.38 61306.6
 0.38012 64717.9
 0.38024 69269.4
 0.38036 75015.7
 0.38048 82146.4
 0.3806 90843.1
 0.38072 101176
 0.38084 112824
 0.38096 125159
 0.38108 137402
 0.3812 148811
 0.38132 158844
 0.38144 166864
 0.38156 172215
 0.38168 174316
 0.3818 173099
 0.38192 168964
 0.38204 162452
 0.38216 154114
 0.38228 144361
 0.3824 133555
 0.38252 122205
 0.38264 110914
 0.38276 100073
 0.38288 89699.9
 0.383 79718.1
 0.38312 70121.5
 0.38324 61020.4
 0.38336 52698.4
 0.38348 45372
 0.3836 39073.9
 0.38372 33778.4
 0.38384 29581.9
 0.38396 26616.1
 0.38408 24927.9
 0.3842 24423
 0.38432 24859.1
 0.38444 25950.8
 0.38456 27526.7
 0.38468 29547.1
 0.3848 31902.4
 0.38492 34431.4
 0.38504 36975.3
 0.38516 39392.8
 0.38528 41646.4
 0.3854 43720.1
 0.38552 45495.2
 0.38564 46748.6
 0.38576 47312.6
 0.38588 47145.4
 0.386 46229.3
 0.38612 44659.1
 0.38624 42514.7
 0.38636 39831.8
 0.38648 36764.9
 0.3866 33586
 0.38672 30574.3
 0.38684 27919.6
 0.38696 25819.6
 0.38708 24418.2
 0.3872 23795.3
 0.38732 24071.1
 0.38744 25325
 0.38756 27515.2
 0.38768 30497.9
 0.3878 34143.4
 0.38792 38261
 0.38804 42648.6
 0.38816 47172.2
 0.38828 51722.2
 0.3884 56248
 0.38852 60796.3
 0.38864 65602.6
 0.38876 70937.3
 0.38888 77052
 0.389 84242.7
 0.38912 92624.6
 0.38924 102280
 0.38936 113210
 0.38948 125175
 0.3896 137710
 0.38972 150289
 0.38984 162518
 0.38996 173956
 0.39008 184288
 0.3902 193269
 0.39032 200491
 0.39044 205695
 0.39056 208810
 0.39068 209756
 0.3908 208301
 0.39092 204185
 0.39104 197308
 0.39116 187573
 0.39128 175110
 0.3914 160394
 0.39152 143942
 0.39164 126452
 0.39176 108741
 0.39188 91763.4
 0.392 76258.7
 0.39212 62850.8
 0.39224 52112.3
 0.39236 44260.7
 0.39248 39251.1
 0.3926 36800.1
 0.39272 36569
 0.39284 38068.9
 0.39296 40874.7
 0.39308 44666
 0.3932 49063.1
 0.39332 53655
 0.39344 58202.9
 0.39356 62586.8
 0.39368 66633.2
 0.3938 70190.4
 0.39392 73143.8
 0.39404 75267.8
 0.39416 76375.3
 0.39428 76510
 0.3944 75763.5
 0.39452 74245.7
 0.39464 72247.8
 0.39476 70186.7
 0.39488 68545.7
 0.395 67840.3
 0.39512 68641.4
 0.39524 71272.2
 0.39536 75929
 0.39548 82587.9
 0.3956 90965
 0.39572 100558
 0.39584 110591
 0.39596 120306
 0.39608 128857
 0.3962 135600
 0.39632 139967
 0.39644 141593
 0.39656 140470
 0.39668 136764
 0.3968 130936
 0.39692 123544
 0.39704 115196
 0.39716 106490
 0.39728 97963.2
 0.3974 90217.9
 0.39752 83620.8
 0.39764 78340.9
 0.39776 74473.7
 0.39788 72000.7
 0.398 70879
 0.39812 70929.7
 0.39824 71902.1
 0.39836 73402.8
 0.39848 75048.7
 0.3986 76649
 0.39872 78052
 0.39884 79107.3
 0.39896 79694.3
 0.39908 79739.8
 0.3992 79394
 0.39932 78882.9
 0.39944 78355.9
 0.39956 77887
 0.39968 77471
 0.3998 77126
 0.39992 76807.6
 0.40004 76440.1
 0.40016 75818.2
 0.40028 74642.3
 0.4004 72864.2
 0.40052 70504
 0.40064 67564.8
 0.40076 63986
 0.40088 59748.3
 0.401 54970.1
 0.40112 49807.1
 0.40124 44590.6
 0.40136 39508.2
 0.40148 34677
 0.4016 30269.1
 0.40172 26593.5
 0.40184 24007.8
 0.40196 22784.1
 0.40208 23141.2
 0.4022 25105.4
 0.40232 28532.3
 0.40244 33285.6
 0.40256 39127.8
 0.40268 45726.5
 0.4028 52614.4
 0.40292 59265
 0.40304 65200.1
 0.40316 70117.6
 0.40328 74114.4
 0.4034 77318.4
 0.40352 79889.2
 0.40364 82045.7
 0.40376 84102.6
 0.40388 86545
 0.404 89861.4
 0.40412 94258
 0.40424 99452.8
 0.40436 104939
 0.40448 110384
 0.4046 115453
 0.40472 119791
 0.40484 122942
 0.40496 124338
 0.40508 123644
 0.4052 121018
 0.40532 116962
 0.40544 111897
 0.40556 106119
 0.40568 99955.4
 0.4058 93738.2
 0.40592 87837.3
 0.40604 82653.3
 0.40616 78299.8
 0.40628 74720.6
 0.4064 71749.3
 0.40652 69345
 0.40664 67425.9
 0.40676 65772.3
 0.40688 64222.5
 0.407 62559.9
 0.40712 60619.4
 0.40724 58244.4
 0.40736 55375.5
 0.40748 51947.7
 0.4076 47904.2
 0.40772 43407.2
 0.40784 38714.1
 0.40796 34041.7
 0.40808 29554.7
 0.4082 25413.9
 0.40832 21763.9
 0.40844 18708.2
 0.40856 16372.6
 0.40868 14819.5
 0.4088 13987.2
 0.40892 13836.2
 0.40904 14435.5
 0.40916 15913.4
 0.40928 18400.7
 0.4094 21967.4
 0.40952 26626.9
 0.40964 32264.4
 0.40976 38675.4
 0.40988 45619.2
 0.41 52768.6
 0.41012 59750.1
 0.41024 66177.4
 0.41036 71741.2
 0.41048 76284
 0.4106 79833.3
 0.41072 82642.8
 0.41084 85087.1
 0.41096 87552.6
 0.41108 90385
 0.4112 93855.2
 0.41132 98222.6
 0.41144 103485
 0.41156 109463
 0.41168 115821
 0.4118 122095
 0.41192 127764
 0.41204 132431
 0.41216 135734
 0.41228 137409
 0.4124 137367
 0.41252 135753
 0.41264 132760
 0.41276 128603
 0.41288 123590
 0.413 118016
 0.41312 112231
 0.41324 106554
 0.41336 101242
 0.41348 96454.6
 0.4136 92316.1
 0.41372 88972.3
 0.41384 86587.7
 0.41396 85165.6
 0.41408 84690.1
 0.4142 85088.7
 0.41432 86274.6
 0.41444 88053
 0.41456 90247.1
 0.41468 92711.7
 0.4148 95322.5
 0.41492 98179.7
 0.41504 101437
 0.41516 105120
 0.41528 109202
 0.4154 113817
 0.41552 119053
 0.41564 124896
 0.41576 131117
 0.41588 137151
 0.416 142246
 0.41612 145774
 0.41624 147412
 0.41636 146802
 0.41648 143700
 0.4166 138022
 0.41672 129983
 0.41684 120185
 0.41696 109516
 0.41708 98953.7
 0.4172 89254.3
 0.41732 81026.8
 0.41744 74743.5
 0.41756 70670.2
 0.41768 68884.9
 0.4178 69155.6
 0.41792 71055.5
 0.41804 73939.4
 0.41816 77155.8
 0.41828 80122.5
 0.4184 82345
 0.41852 83479
 0.41864 83254.5
 0.41876 81627.2
 0.41888 78654.8
 0.419 74586.8
 0.41912 69780.8
 0.41924 64651.4
 0.41936 59730
 0.41948 55525.1
 0.4196 52503.3
 0.41972 50970.1
 0.41984 51056.1
 0.41996 52799.1
 0.42008 56071.7
 0.4202 60617.1
 0.42032 65852.8
 0.42044 71042.8
 0.42056 75502.3
 0.42068 78697.7
 0.4208 80303.3
 0.42092 80051.5
 0.42104 77799.1
 0.42116 73602.8
 0.42128 67844.9
 0.4214 61222
 0.42152 54394.2
 0.42164 47865.5
 0.42176 42100.3
 0.42188 37543.2
 0.422 34595.2
 0.42212 33469.3
 0.42224 34213.3
 0.42236 36623.8
 0.42248 40488.8
 0.4226 45780.2
 0.42272 52280
 0.42284 59522.3
 0.42296 67025.9
 0.42308 74358.3
 0.4232 81147
 0.42332 87085.2
 0.42344 91897.8
 0.42356 95110
 0.42368 96281.2
 0.4238 95507
 0.42392 92998.9
 0.42404 89042.4
 0.42416 83963.2
 0.42428 78084.6
 0.4244 71678.4
 0.42452 65083.4
 0.42464 58897.3
 0.42476 53424.2
 0.42488 48729
 0.425 44798.4
 0.42512 41531.6
 0.42524 38835.4
 0.42536 36702.4
 0.42548 35252.1
 0.4256 34412.9
 0.42572 34018.4
 0.42584 34062.7
 0.42596 34640.2
 0.42608 35878.2
 0.4262 37886.5
 0.42632 40600.8
 0.42644 43729.6
 0.42656 46922.7
 0.42668 49983.5
 0.4268 52708.2
 0.42692 54810.3
 0.42704 56011.8
 0.42716 56087.8
 0.42728 55012
 0.4274 53037.9
 0.42752 50572.2
 0.42764 47957.6
 0.42776 45491.5
 0.42788 43582.5
 0.428 42666.3
 0.42812 43035.7
 0.42824 44832.9
 0.42836 48031.8
 0.42848 52565.5
 0.4286 58444.6
 0.42872 65830.7
 0.42884 74682
 0.42896 84732.3
 0.42908 95874.5
 0.4292 108122
 0.42932 121501
 0.42944 135888
 0.42956 150932
 0.42968 165918
 0.4298 180123
 0.42992 193092
 0.43004 204247
 0.43016 212921
 0.43028 218515
 0.4304 220430
 0.43052 218423
 0.43064 212697
 0.43076 203876
 0.43088 192601
 0.431 179672
 0.43112 166020
 0.43124 152486
 0.43136 140143
 0.43148 129958
 0.4316 122463
 0.43172 117551
 0.43184 114845
 0.43196 113816
 0.43208 113815
 0.4322 114213
 0.43232 114229
 0.43244 112872
 0.43256 109477
 0.43268 103947
 0.4328 96566.7
 0.43292 87762.4
 0.43304 77986
 0.43316 67698.4
 0.43328 57397.9
 0.4334 47769
 0.43352 39394.4
 0.43364 32550.3
 0.43376 27224.9
 0.43388 23289.9
 0.434 20622
 0.43412 19112.8
 0.43424 18710
 0.43436 19395.3
 0.43448 21181.3
 0.4346 24175.2
 0.43472 28580.8
 0.43484 34677.4
 0.43496 42696
 0.43508 52883.7
 0.4352 65472.7
 0.43532 80347.9
 0.43544 97144.1
 0.43556 115405
 0.43568 134663
 0.4358 154301
 0.43592 173694
 0.43604 192108
 0.43616 208461
 0.43628 221853
 0.4364 231832
 0.43652 238148
 0.43664 240554
 0.43676 238962
 0.43688 233451
 0.437 224205
 0.43712 211922
 0.43724 197708
 0.43736 182524
 0.43748 167132
 0.4376 152138
 0.43772 138088
 0.43784 125401
 0.43796 114476
 0.43808 105522
 0.4382 98273.2
 0.43832 92239.2
 0.43844 86943.4
 0.43856 82257.8
 0.43868 78148.9
 0.4388 74509.5
 0.43892 71188.6
 0.43904 68032
 0.43916 65016.9
 0.43928 62384
 0.4394 60464
 0.43952 59360.8
 0.43964 58987.5
 0.43976 59441.8
 0.43988 60924.4
 0.44 63507.4
 0.44012 67209.8
 0.44024 71918.1
 0.44036 77318.3
 0.44048 83075.7
 0.4406 88937
 0.44072 94464.4
 0.44084 99141.1
 0.44096 102632
 0.44108 104739
 0.4412 105304
 0.44132 104380
 0.44144 102219
 0.44156 99223.1
 0.44168 95976.8
 0.4418 93005.6
 0.44192 90665.5
 0.44204 89194.9
 0.44216 88775.4
 0.44228 89537
 0.4424 91436.8
 0.44252 94145.6
 0.44264 97062.6
 0.44276 99696.7
 0.44288 101824
 0.443 103285
 0.44312 104033
 0.44324 104001
 0.44336 103113
 0.44348 101559
 0.4436 99912.3
 0.44372 98805.8
 0.44384 98657.4
 0.44396 99876
 0.44408 102815
 0.4442 107840
 0.44432 115340
 0.44444 125504
 0.44456 138081
 0.44468 152444
 0.4448 167985
 0.44492 184014
 0.44504 199708
 0.44516 214121
 0.44528 226338
 0.4454 235601
 0.44552 241407
 0.44564 243818
 0.44576 243011
 0.44588 239080
 0.446 232351
 0.44612 223394
 0.44624 212729
 0.44636 200791
 0.44648 188009
 0.4466 174520
 0.44672 160313
 0.44684 145761
 0.44696 131171
 0.44708 116744
 0.4472 102709
 0.44732 89526.7
 0.44744 77620.3
 0.44756 67532.2
 0.44768 59830.9
 0.4478 54758.5
 0.44792 52458.8
 0.44804 52956.4
 0.44816 56114.4
 0.44828 61604.9
 0.4484 68924.7
 0.44852 77375.2
 0.44864 86164.9
 0.44876 94638
 0.44888 102139
 0.449 108090
 0.44912 112294
 0.44924 114620
 0.44936 115082
 0.44948 113966
 0.4496 111852
 0.44972 109359
 0.44984 107168
 0.44996 106019
 0.45008 106307
 0.4502 108189
 0.45032 111855
 0.45044 117244
 0.45056 123873
 0.45068 130971
 0.4508 137684
 0.45092 143202
 0.45104 146779
 0.45116 148084
 0.45128 146778
 0.4514 142641
 0.45152 135814
 0.45164 126913
 0.45176 116758
 0.45188 106049
 0.452 95495.5
 0.45212 85609.5
 0.45224 76842.8
 0.45236 69645.9
 0.45248 64332.4
 0.4526 60966.6
 0.45272 59368.4
 0.45284 59373.6
 0.45296 60925.5
 0.45308 63985.5
 0.4532 68523.8
 0.45332 74463.5
 0.45344 81797.7
 0.45356 90292.7
 0.45368 99600.5
 0.4538 109441
 0.45392 119481
 0.45404 129303
 0.45416 138401
 0.45428 146238
 0.4544 152083
 0.45452 155464
 0.45464 156458
 0.45476 155121
 0.45488 151472
 0.455 145599
 0.45512 137811
 0.45524 128549
 0.45536 118625
 0.45548 108902
 0.4556 99884.3
 0.45572 92125.1
 0.45584 86225.7
 0.45596 82739.2
 0.45608 82037.8
 0.4562 84373.6
 0.45632 89722.3
 0.45644 97755.3
 0.45656 108013
 0.45668 119817
 0.4568 132270
 0.45692 144456
 0.45704 155392
 0.45716 164162
 0.45728 169929
 0.4574 172093
 0.45752 170434
 0.45764 164981
 0.45776 156125
 0.45788 144400
 0.458 130695
 0.45812 115950
 0.45824 101019
 0.45836 86681.9
 0.45848 73465.2
 0.4586 61738.4
 0.45872 51656.9
 0.45884 43244.4
 0.45896 36329.8
 0.45908 30600.3
 0.4592 25868.5
 0.45932 22016
 0.45944 18974.5
 0.45956 16727.6
 0.45968 15303.5
 0.4598 14770.8
 0.45992 15125.9
 0.46004 16341.2
 0.46016 18274.4
 0.46028 20720.1
 0.4604 23489.1
 0.46052 26394.7
 0.46064 29250.9
 0.46076 31864.7
 0.46088 34080.7
 0.461 35855.1
 0.46112 37282.5
 0.46124 38484.8
 0.46136 39499.5
 0.46148 40363.9
 0.4616 41149.3
 0.46172 41911
 0.46184 42701.4
 0.46196 43549.9
 0.46208 44402.3
 0.4622 45197.3
 0.46232 45995.8
 0.46244 46868.5
 0.46256 47755.6
 0.46268 48571.8
 0.4628 49376.2
 0.46292 50278.6
 0.46304 51405.9
 0.46316 52852.9
 0.46328 54640.4
 0.4634 56791.4
 0.46352 59508.6
 0.46364 63051.3
 0.46376 67508.1
 0.46388 72700.6
 0.464 78399.3
 0.46412 84386.2
 0.46424 90454.1
 0.46436 96314.1
 0.46448 101596
 0.4646 105924
 0.46472 109044
 0.46484 110977
 0.46496 111922
 0.46508 112132
 0.4652 111878
 0.46532 111482
 0.46544 111209
 0.46556 111251
 0.46568 111709
 0.4658 112574
 0.46592 113685
 0.46604 114772
 0.46616 115549
 0.46628 115861
 0.4664 115624
 0.46652 114915
 0.46664 113763
 0.46676 112277
 0.46688 110623
 0.467 108959
 0.46712 107438
 0.46724 105986
 0.46736 104521
 0.46748 102907
 0.4676 101091
 0.46772 99041.6
 0.46784 96601.1
 0.46796 93797.7
 0.46808 90787.6
 0.4682 87913
 0.46832 85599.5
 0.46844 84176.7
 0.46856 83944.2
 0.46868 85195.6
 0.4688 88418.9
 0.46892 93867.8
 0.46904 101492
 0.46916 111189
 0.46928 122632
 0.4694 135338
 0.46952 148847
 0.46964 162539
 0.46976 175433
 0.46988 186581
 0.47 195376
 0.47012 201221
 0.47024 203636
 0.47036 202514
 0.47048 197866
 0.4706 189777
 0.47072 178843
 0.47084 165892
 0.47096 151738
 0.47108 137169
 0.4712 123006
 0.47132 110028
 0.47144 98920.3
 0.47156 90406.8
 0.47168 84943.2
 0.4718 82774.5
 0.47192 83935.7
 0.47204 88348
 0.47216 95894.3
 0.47228 106162
 0.4724 118444
 0.47252 131885
 0.47264 145660
 0.47276 158921
 0.47288 170834
 0.473 180679
 0.47312 187753
 0.47324 191563
 0.47336 192010
 0.47348 189393
 0.4736 184055
 0.47372 176515
 0.47384 167375
 0.47396 157400
 0.47408 147290
 0.4742 137831
 0.47432 129714
 0.47444 123285
 0.47456 118774
 0.47468 116150
 0.4748 115355
 0.47492 116133
 0.47504 118231
 0.47516 121308
 0.47528 124763
 0.4754 128065
 0.47552 130752
 0.47564 132513
 0.47576 133127
 0.47588 132421
 0.476 130297
 0.47612 126594
 0.47624 121427
 0.47636 115111
 0.47648 107936
 0.4766 100251
 0.47672 92402.7
 0.47684 84637.6
 0.47696 77119.5
 0.47708 70114
 0.4772 63825.1
 0.47732 58248
 0.47744 53344.1
 0.47756 49018.3
 0.47768 45015.2
 0.4778 41213.6
 0.47792 37677.8
 0.47804 34454.5
 0.47816 31553.5
 0.47828 29039.7
 0.4784 27007.7
 0.47852 25578.7
 0.47864 25051.9
 0.47876 25775.2
 0.47888 27870.4
 0.479 31364.3
 0.47912 36263.1
 0.47924 42597.9
 0.47936 50401.1
 0.47948 59682.5
 0.4796 70259.7
 0.47972 81678.6
 0.47984 93504.5
 0.47996 105327
 0.48008 116789
 0.4802 127460
 0.48032 136924
 0.48044 144783
 0.48056 150858
 0.48068 155246
 0.4808 158314
 0.48092 160562
 0.48104 162496
 0.48116 164628
 0.48128 167405
 0.4814 171294
 0.48152 176615
 0.48164 183419
 0.48176 191427
 0.48188 199930
 0.482 208248
 0.48212 215874
 0.48224 222421
 0.48236 227429
 0.48248 230242
 0.4826 230387
 0.48272 227612
 0.48284 222326
 0.48296 214923
 0.48308 205571
 0.4832 194343
 0.48332 181404
 0.48344 167356
 0.48356 153061
 0.48368 139375
 0.4838 126774
 0.48392 115592
 0.48404 106277
 0.48416 99252.2
 0.48428 94813.5
 0.4844 92989.3
 0.48452 93369.9
 0.48464 95293.5
 0.48476 98035
 0.48488 100970
 0.485 103587
 0.48512 105445
 0.48524 106283
 0.48536 105867
 0.48548 104113
 0.4856 101123
 0.48572 97193.5
 0.48584 92679.1
 0.48596 87771.7
 0.48608 82591
 0.4862 77144.7
 0.48632 71432
 0.48644 65548.1
 0.48656 59649.8
 0.48668 53907.8
 0.4868 48444.9
 0.48692 43427.2
 0.48704 39059.1
 0.48716 35566.3
 0.48728 33198.9
 0.4874 32108.6
 0.48752 32315.1
 0.48764 33663.8
 0.48776 35808.4
 0.48788 38379.7
 0.488 41026.3
 0.48812 43398.4
 0.48824 45143.7
 0.48836 45970.8
 0.48848 45683.3
 0.4886 44176.2
 0.48872 41658.8
 0.48884 38471.7
 0.48896 34922.8
 0.48908 31344.6
 0.4892 28087.2
 0.48932 25537.6
 0.48944 24058.4
 0.48956 24049.3
 0.48968 25838.5
 0.4898 29639.1
 0.48992 35681.7
 0.49004 44131.2
 0.49016 55088.2
 0.49028 68476.7
 0.4904 83970.2
 0.49052 101119
 0.49064 119149
 0.49076 137140
 0.49088 154143
 0.491 169238
 0.49112 181608
 0.49124 190568
 0.49136 195931
 0.49148 197752
 0.4916 196598
 0.49172 193467
 0.49184 189367
 0.49196 185175
 0.49208 181606
 0.4922 179274
 0.49232 178492
 0.49244 179167
 0.49256 180747
 0.49268 182169
 0.4928 182348
 0.49292 180605
 0.49304 176582
 0.49316 170142
 0.49328 161233
 0.4934 150074
 0.49352 137336
 0.49364 124071
 0.49376 111392
 0.49388 100008
 0.494 90339.2
 0.49412 82599.8
 0.49424 76953.8
 0.49436 73536.5
 0.49448 72204.7
 0.4946 72613.9
 0.49472 74369.2
 0.49484 77236.8
 0.49496 80991
 0.49508 85373.7
 0.4952 90093.8
 0.49532 94745
 0.49544 98960.7
 0.49556 102444
 0.49568 104850
 0.4958 105853
 0.49592 105363
 0.49604 103403
 0.49616 100144
 0.49628 95941.8
 0.4964 91238.4
 0.49652 86423.8
 0.49664 81977.9
 0.49676 78445.9
 0.49688 76128.6
 0.497 75263.9
 0.49712 75957.4
 0.49724 78122.9
 0.49736 81510.8
 0.49748 85919.2
 0.4976 91066.2
 0.49772 96526.2
 0.49784 101829
 0.49796 106513
 0.49808 110143
 0.4982 112470
 0.49832 113344
 0.49844 112548
 0.49856 109973
 0.49868 105582
 0.4988 99544.4
 0.49892 92196.3
 0.49904 83915.8
 0.49916 74971.7
 0.49928 65642.8
 0.4994 56346.6
 0.49952 47510.3
 0.49964 39528
 0.49976 32724.7
 0.49988 27223.2
 0.5 23074.8
 0.50012 20389.7
 0.50024 19298.4
 0.50036 19844.2
 0.50048 22001.6
 0.5006 25746.9
 0.50072 31049.8
 0.50084 37960.2
 0.50096 46509.5
 0.50108 56583.2
 0.5012 67925.3
 0.50132 80263.6
 0.50144 93258.7
 0.50156 106538
 0.50168 119604
 0.5018 131722
 0.50192 142232
 0.50204 150699
 0.50216 156894
 0.50228 160572
 0.5024 161477
 0.50252 159533
 0.50264 154857
 0.50276 148094
 0.50288 139987
 0.503 131132
 0.50312 121997
 0.50324 113113
 0.50336 105259
 0.50348 98972.6
 0.5036 94504.1
 0.50372 91694.1
 0.50384 90155.5
 0.50396 89527.3
 0.50408 89459.6
 0.5042 89488.1
 0.50432 88971.9
 0.50444 87347.8
 0.50456 84458.7
 0.50468 80381.9
 0.5048 75304.3
 0.50492 69453.3
 0.50504 63098.4
 0.50516 56666.4
 0.50528 50648.4
 0.5054 45520.6
 0.50552 41517.4
 0.50564 38709.4
 0.50576 37196.2
 0.50588 37021.1
 0.506 38150.7
 0.50612 40449.7
 0.50624 43745.1
 0.50636 47936.5
 0.50648 53060
 0.5066 59230
 0.50672 66393
 0.50684 74381.9
 0.50696 83091.9
 0.50708 92473.5
 0.5072 102348
 0.50732 112451
 0.50744 122284
 0.50756 131178
 0.50768 138602
 0.5078 144378
 0.50792 148350
 0.50804 150280
 0.50816 150001
 0.50828 147475
 0.5084 142846
 0.50852 136531
 0.50864 129017
 0.50876 120580
 0.50888 111421
 0.509 101877
 0.50912 92531.3
 0.50924 83932.9
 0.50936 76570.6
 0.50948 70803.7
 0.5096 66797.4
 0.50972 64604.9
 0.50984 64213.6
 0.50996 65469
 0.51008 67929.9
 0.5102 71042.8
 0.51032 74282.9
 0.51044 77125.5
 0.51056 79126.2
 0.51068 80122.2
 0.5108 80184.2
 0.51092 79502.1
 0.51104 78422.4
 0.51116 77315.3
 0.51128 76535.8
 0.5114 76373
 0.51152 77203.2
 0.51164 79187.7
 0.51176 82165.9
 0.51188 85866.8
 0.512 89956.5
 0.51212 94116.1
 0.51224 97994.5
 0.51236 101276
 0.51248 103587
 0.5126 104526
 0.51272 104053
 0.51284 102289
 0.51296 99322.5
 0.51308 95263.4
 0.5132 90292.8
 0.51332 84723.6
 0.51344 78887.9
 0.51356 73262.5
 0.51368 68091.3
 0.5138 63324.1
 0.51392 58926.2
 0.51404 54951.9
 0.51416 51421.6
 0.51428 48282.1
 0.5144 45467.6
 0.51452 42845.6
 0.51464 40336.1
 0.51476 38271.9
 0.51488 37132.6
 0.515 37304.7
 0.51512 39048.4
 0.51524 42564.3
 0.51536 47901.4
 0.51548 55091.5
 0.5156 64215.5
 0.51572 75032.2
 0.51584 86901
 0.51596 99274.9
 0.51608 111792
 0.5162 124208
 0.51632 136421
 0.51644 148387
 0.51656 159960
 0.51668 170927
 0.5168 181524
 0.51692 191689
 0.51704 201008
 0.51716 208957
 0.51728 215010
 0.5174 218626
 0.51752 219389
 0.51764 217150
 0.51776 211685
 0.51788 203111
 0.518 192284
 0.51812 180194
 0.51824 167825
 0.51836 156189
 0.51848 146027
 0.5186 137848
 0.51872 132008
 0.51884 128671
 0.51896 127330
 0.51908 127224
 0.5192 127571
 0.51932 127524
 0.51944 126502
 0.51956 124345
 0.51968 120960
 0.5198 116320
 0.51992 110619
 0.52004 104232
 0.52016 97579.2
 0.52028 91103.5
 0.5204 85160.4
 0.52052 79732.7
 0.52064 74758.5
 0.52076 70205.5
 0.52088 66014.7
 0.521 62172.6
 0.52112 58620.1
 0.52124 55277.5
 0.52136 52076.1
 0.52148 49041.2
 0.5216 46225.2
 0.52172 43660.3
 0.52184 41467.3
 0.52196 39723.6
 0.52208 38534.5
 0.5222 38098.6
 0.52232 38636
 0.52244 40367.5
 0.52256 43555.5
 0.52268 48433.1
 0.5228 55003.9
 0.52292 63106.8
 0.52304 72525.3
 0.52316 82898.5
 0.52328 93739.4
 0.5234 104551
 0.52352 114764
 0.52364 123597
 0.52376 130466
 0.52388 135051
 0.524 137170
 0.52412 136727
 0.52424 133840
 0.52436 128675
 0.52448 121431
 0.5246 112685
 0.52472 103215
 0.52484 93691.9
 0.52496 84700.6
 0.52508 76904.6
 0.5252 70945.5
 0.52532 67447
 0.52544 67050.4
 0.52556 70243.6
 0.52568 77126.4
 0.5258 87741.8
 0.52592 102077
 0.52604 119644
 0.52616 139527
 0.52628 160580
 0.5264 181524
 0.52652 201025
 0.52664 217881
 0.52676 230933
 0.52688 238927
 0.527 241239
 0.52712 238032
 0.52724 229876
 0.52736 217653
 0.52748 202343
 0.5276 185029
 0.52772 166776
 0.52784 149011
 0.52796 132960
 0.52808 119318
 0.5282 108623
 0.52832 101104
 0.52844 96908.1
 0.52856 96090.5
 0.52868 98662.9
 0.5288 104342
 0.52892 112557
 0.52904 122821
 0.52916 134351
 0.52928 146385
 0.5294 158177
 0.52952 169002
 0.52964 178238
 0.52976 185407
 0.52988 190309
 0.53 192734
 0.53012 192660
 0.53024 190399
 0.53036 186293
 0.53048 180654
 0.5306 173683
 0.53072 165481
 0.53084 156137
 0.53096 145864
 0.53108 135230
 0.5312 124478
 0.53132 113770
 0.53144 103296
 0.53156 93402.5
 0.53168 84489
 0.5318 76942.9
 0.53192 70976.8
 0.53204 66388.8
 0.53216 62968.1
 0.53228 60718.7
 0.5324 59737.6
 0.53252 60097.2
 0.53264 61860.6
 0.53276 64998.5
 0.53288 69484.2
 0.533 75451.6
 0.53312 83088.1
 0.53324 92327.4
 0.53336 102898
 0.53348 114228
 0.5336 125609
 0.53372 136444
 0.53384 146337
 0.53396 154895
 0.53408 161834
 0.5342 167186
 0.53432 171131
 0.53444 174064
 0.53456 176647
 0.53468 179423
 0.5348 182693
 0.53492 186596
 0.53504 191072
 0.53516 195531
 0.53528 199183
 0.5354 201337
 0.53552 201251
 0.53564 198330
 0.53576 192174
 0.53588 182658
 0.536 169914
 0.53612 154661
 0.53624 137953
 0.53636 120849
 0.53648 104319
 0.5366 89242.5
 0.53672 76373.9
 0.53684 66268.6
 0.53696 59158
 0.53708 54895.1
 0.5372 53083.1
 0.53732 53216.4
 0.53744 54677.5
 0.53756 56770.3
 0.53768 58780.9
 0.5378 60057.9
 0.53792 60218.2
 0.53804 59142.9
 0.53816 56779.6
 0.53828 53129.6
 0.5384 48341.8
 0.53852 42755.6
 0.53864 36845.7
 0.53876 31106.7
 0.53888 25950.1
 0.539 21633.1
 0.53912 18395.4
 0.53924 16430.7
 0.53936 15854.6
 0.53948 16662.3
 0.5396 18736.1
 0.53972 21912
 0.53984 25959.6
 0.53996 30648.9
 0.54008 35654.9
 0.5402 40609.2
 0.54032 45223.6
 0.54044 49264.4
 0.54056 52532.8
 0.54068 54851.1
 0.5408 56105.1
 0.54092 56215.4
 0.54104 55266.6
 0.54116 53539.1
 0.54128 51329.6
 0.5414 48864.3
 0.54152 46332
 0.54164 43921.8
 0.54176 41842.3
 0.54188 40378
 0.542 39734.4
 0.54212 39925.3
 0.54224 40917.3
 0.54236 42704.4
 0.54248 45345.7
 0.5426 48910.2
 0.54272 53441.2
 0.54284 58801.5
 0.54296 64741.7
 0.54308 71097.5
 0.5432 77617.3
 0.54332 83947
 0.54344 89716.1
 0.54356 94540.6
 0.54368 98004.3
 0.5438 99830
 0.54392 99954
 0.54404 98445.3
 0.54416 95521.1
 0.54428 91654.5
 0.5444 87354.1
 0.54452 83126.7
 0.54464 79497.3
 0.54476 76924.8
 0.54488 75752.3
 0.545 76115.4
 0.54512 77925.7
 0.54524 80895.1
 0.54536 84739.9
 0.54548 89220.9
 0.5456 94113.6
 0.54572 99321.5
 0.54584 104807
 0.54596 110448
 0.54608 116332
 0.5462 122705
 0.54632 129526
 0.54644 136530
 0.54656 143379
 0.54668 149600
 0.5468 154530
 0.54692 157773
 0.54704 159030
 0.54716 157770
 0.54728 153797
 0.5474 147405
 0.54752 139072
 0.54764 129363
 0.54776 119116
 0.54788 109120
 0.548 99886.1
 0.54812 91998.8
 0.54824 86088.6
 0.54836 82244.2
 0.54848 80358.1
 0.5486 80262.3
 0.54872 81521.4
 0.54884 83500.3
 0.54896 85670.3
 0.54908 87643.9
 0.5492 88884.4
 0.54932 89136.9
 0.54944 88272.2
 0.54956 86098.9
 0.54968 82690.2
 0.5498 78510.8
 0.54992 74197.5
 0.55004 70349.5
 0.55016 67623.9
 0.55028 66709.7
 0.5504 68318.2
 0.55052 73396.8
 0.55064 82639.7
 0.55076 96186
 0.55088 113576
 0.551 134064
 0.55112 156705
 0.55124 180190
 0.55136 202853
 0.55148 222610
 0.5516 237588
 0.55172 246417
 0.55184 248556
 0.55196 244032
 0.55208 233273
 0.5522 217195
 0.55232 197321
 0.55244 175748
 0.55256 154530
 0.55268 135436
 0.5528 119779
 0.55292 108383
 0.55304 101650
 0.55316 99637
 0.55328 101979
 0.5534 107823
 0.55352 116102
 0.55364 125692
 0.55376 135511
 0.55388 144562
 0.554 152110
 0.55412 157639
 0.55424 160748
 0.55436 161231
 0.55448 159149
 0.5546 154945
 0.55472 149202
 0.55484 142549
 0.55496 135518
 0.55508 128524
 0.5552 121896
 0.55532 115979
 0.55544 111028
 0.55556 107006
 0.55568 103669
 0.5558 100833
 0.55592 98377.3
 0.55604 96281.1
 0.55616 94479.3
 0.55628 92924.6
 0.5564 91502.1
 0.55652 90165.4
 0.55664 88994.8
 0.55676 88137.4
 0.55688 87727.7
 0.557 87907.8
 0.55712 89037.2
 0.55724 91534.1
 0.55736 95795
 0.55748 102120
 0.5576 110665
 0.55772 121276
 0.55784 133461
 0.55796 146501
 0.55808 159416
 0.5582 171082
 0.55832 180489
 0.55844 186843
 0.55856 189559
 0.55868 188351
 0.5588 183594
 0.55892 176001
 0.55904 166481
 0.55916 155947
 0.55928 145251
 0.5594 135081
 0.55952 126025
 0.55964 118600
 0.55976 112803
 0.55988 108296
 0.56 104726
 0.56012 101951
 0.56024 99857.7
 0.56036 98357.3
 0.56048 97264.3
 0.5606 96330.7
 0.56072 95592.5
 0.56084 95274.1
 0.56096 95509.3
 0.56108 96115.4
 0.5612 96869.2
 0.56132 97582.7
 0.56144 98238
 0.56156 98915
 0.56168 99438.4
 0.5618 99510.3
 0.56192 99022.6
 0.56204 98200.6
 0.56216 97326.3
 0.56228 96639.8
 0.5624 96214.7
 0.56252 96057.2
 0.56264 96409.2
 0.56276 97756.7
 0.56288 100453
 0.563 104537
 0.56312 109871
 0.56324 116264
 0.56336 123705
 0.56348 132179
 0.5636 141536
 0.56372 151320
 0.56384 160963
 0.56396 169940
 0.56408 178110
 0.5642 185566
 0.56432 192418
 0.56444 198841
 0.56456 205046
 0.56468 211277
 0.5648 218033
 0.56492 225901
 0.56504 235040
 0.56516 245230
 0.56528 255912
 0.5654 266214
 0.56552 275235
 0.56564 282451
 0.56576 287162
 0.56588 288780
 0.566 287107
 0.56612 282310
 0.56624 274809
 0.56636 265493
 0.56648 255337
 0.5666 244807
 0.56672 234255
 0.56684 224010
 0.56696 214019
 0.56708 203988
 0.5672 193699
 0.56732 182812
 0.56744 170962
 0.56756 158169
 0.56768 144810
 0.5678 131149
 0.56792 117687
 0.56804 105035
 0.56816 93747.9
 0.56828 84243.8
 0.5684 76904.9
 0.56852 71961.8
 0.56864 69391.4
 0.56876 69154.3
 0.56888 71077.7
 0.569 74858.3
 0.56912 80212
 0.56924 86832.9
 0.56936 94359.2
 0.56948 102300
 0.5696 110080
 0.56972 117150
 0.56984 123142
 0.56996 127892
 0.57008 131224
 0.5702 132839
 0.57032 132575
 0.57044 130544
 0.57056 127157
 0.57068 122919
 0.5708 118149
 0.57092 112937
 0.57104 107313
 0.57116 101657
 0.57128 96414.4
 0.5714 91763.8
 0.57152 87577.9
 0.57164 83640.6
 0.57176 79863.2
 0.57188 76430.2
 0.572 73577.6
 0.57212 71328.2
 0.57224 69397.9
 0.57236 67625.6
 0.57248 66078
 0.5726 64812.8
 0.57272 63832.8
 0.57284 62976.2
 0.57296 62052
 0.57308 60919.7
 0.5732 59707.1
 0.57332 58631.8
 0.57344 57837
 0.57356 57531.1
 0.57368 57920
 0.5738 59155.8
 0.57392 61299.4
 0.57404 64406.2
 0.57416 68444.7
 0.57428 73187.1
 0.5744 78401.3
 0.57452 83841.2
 0.57464 89294.1
 0.57476 94613.4
 0.57488 99799.8
 0.575 104900
 0.57512 109884
 0.57524 114858
 0.57536 119901
 0.57548 124916
 0.5756 129661
 0.57572 133933
 0.57584 137589
 0.57596 140448
 0.57608 142436
 0.5762 143386
 0.57632 143234
 0.57644 142137
 0.57656 140488
 0.57668 138715
 0.5768 137035
 0.57692 135535
 0.57704 134231
 0.57716 133301
 0.57728 132883
 0.5774 132861
 0.57752 133105
 0.57764 133302
 0.57776 133221
 0.57788 132811
 0.578 132164
 0.57812 131238
 0.57824 129916
 0.57836 128297
 0.57848 126362
 0.5786 124229
 0.57872 122173
 0.57884 120522
 0.57896 119465
 0.57908 119099
 0.5792 119552
 0.57932 120827
 0.57944 123067
 0.57956 126395
 0.57968 130871
 0.5798 136239
 0.57992 142201
 0.58004 148671
 0.58016 155664
 0.58028 163253
 0.5804 171438
 0.58052 180190
 0.58064 189126
 0.58076 197848
 0.58088 206186
 0.581 213759
 0.58112 220063
 0.58124 224708
 0.58136 227245
 0.58148 227190
 0.5816 224410
 0.58172 219376
 0.58184 212464
 0.58196 204298
 0.58208 195713
 0.5822 187258
 0.58232 179482
 0.58244 172999
 0.58256 168367
 0.58268 165681
 0.5828 164942
 0.58292 165954
 0.58304 168039
 0.58316 170690
 0.58328 173641
 0.5834 176568
 0.58352 179129
 0.58364 181127
 0.58376 182375
 0.58388 182591
 0.584 181906
 0.58412 180634
 0.58424 178740
 0.58436 176299
 0.58448 173456
 0.5846 170312
 0.58472 166937
 0.58484 163714
 0.58496 161010
 0.58508 158947
 0.5852 157715
 0.58532 157347
 0.58544 157591
 0.58556 158120
 0.58568 158664
 0.5858 158812
 0.58592 157978
 0.58604 155636
 0.58616 151497
 0.58628 145511
 0.5864 137971
 0.58652 129410
 0.58664 120317
 0.58676 111131
 0.58688 102337
 0.587 94438.7
 0.58712 87770.5
 0.58724 82403.8
 0.58736 78238.2
 0.58748 74955.7
 0.5876 72187
 0.58772 69690.3
 0.58784 67325.1
 0.58796 64982.6
 0.58808 62579.4
 0.5882 60136.9
 0.58832 57769
 0.58844 55754.6
 0.58856 54544.9
 0.58868 54569.8
 0.5888 56000.4
 0.58892 58891.9
 0.58904 63341.6
 0.58916 69434.9
 0.58928 77199.2
 0.5894 86336.2
 0.58952 96116.5
 0.58964 105685
 0.58976 114515
 0.58988 122342
 0.59 128864
 0.59012 133758
 0.59024 136701
 0.59036 137583
 0.59048 136887
 0.5906 135333
 0.59072 133330
 0.59084 130935
 0.59096 128154
 0.59108 125012
 0.5912 121496
 0.59132 117652
 0.59144 113336
 0.59156 108175
 0.59168 102118
 0.5918 95411.6
 0.59192 88425.7
 0.59204 81570
 0.59216 75355.1
 0.59228 70317.4
 0.5924 66817.8
 0.59252 65238.9
 0.59264 65708.1
 0.59276 68059
 0.59288 71998.6
 0.593 77135.8
 0.59312 82853.2
 0.59324 88390.3
 0.59336 93052
 0.59348 96201.5
 0.5936 97324
 0.59372 96212.1
 0.59384 92842.8
 0.59396 87296.3
 0.59408 79958.4
 0.5942 71407.1
 0.59432 62272.3
 0.59444 53229.8
 0.59456 44936.7
 0.59468 37886.8
 0.5948 32355.5
 0.59492 28424.2
 0.59504 25989.6
 0.59516 24786.5
 0.59528 24533.7
 0.5954 24884
 0.59552 25520.2
 0.59564 26167.5
 0.59576 26636.8
 0.59588 26982
 0.596 27404.7
 0.59612 28163.1
 0.59624 29438.1
 0.59636 31395.5
 0.59648 34041.4
 0.5966 37299.9
 0.59672 41106.3
 0.59684 45291.6
 0.59696 49606.9
 0.59708 53819.2
 0.5972 57849
 0.59732 61717.2
 0.59744 65616.5
 0.59756 69932.9
 0.59768 74986
 0.5978 81104.4
 0.59792 88543.4
 0.59804 97237.4
 0.59816 106850
 0.59828 116809
 0.5984 126483
 0.59852 135065
 0.59864 141796
 0.59876 145946
 0.59888 146846
 0.599 144329
 0.59912 138673
 0.59924 130508
 0.59936 120514
 0.59948 109416
 0.5996 98004.2
 0.59972 87026.9
 0.59984 77203.6
 0.59996 69034.9
 0.60008 62649.3
 0.6002 57959.5
 0.60032 54832.9
 0.60044 53163.5
 0.60056 52869.3
 0.60068 53912.6
 0.6008 56381.1
 0.60092 60389.8
 0.60104 66088.6
 0.60116 73649.1
 0.60128 83167.9
 0.6014 94716.3
 0.60152 108125
 0.60164 122920
 0.60176 138400
 0.60188 153641
 0.602 167854
 0.60212 180297
 0.60224 190311
 0.60236 197267
 0.60248 200647
 0.6026 200567
 0.60272 197508
 0.60284 192302
 0.60296 185854
 0.60308 178980
 0.6032 172548
 0.60332 167444
 0.60344 164542
 0.60356 164256
 0.60368 166318
 0.6038 170123
 0.60392 174879
 0.60404 179870
 0.60416 184287
 0.60428 187129
 0.6044 187469
 0.60452 184584
 0.60464 178448
 0.60476 169549
 0.60488 158548
 0.605 145968
 0.60512 132303
 0.60524 118335
 0.60536 104922
 0.60548 92925.9
 0.6056 82881.5
 0.60572 74929.5
 0.60584 69029.1
 0.60596 65218.3
 0.60608 63757.4
 0.6062 64719.9
 0.60632 68113.4
 0.60644 73736.7
 0.60656 81303.1
 0.60668 90586
 0.6068 101351
 0.60692 113385
 0.60704 126227
 0.60716 139419
 0.60728 152405
 0.6074 164539
 0.60752 175430
 0.60764 184723
 0.60776 192206
 0.60788 197713
 0.608 201313
 0.60812 203212
 0.60824 203630
 0.60836 203082
 0.60848 201976
 0.6086 200664
 0.60872 199348
 0.60884 198050
 0.60896 196452
 0.60908 193969
 0.6092 190161
 0.60932 184631
 0.60944 177081
 0.60956 167443
 0.60968 155920
 0.6098 143115
 0.60992 130036
 0.61004 118075
 0.61016 108499
 0.61028 102348
 0.6104 100521
 0.61052 103593
 0.61064 111547
 0.61076 123698
 0.61088 138872
 0.611 155609
 0.61112 172444
 0.61124 188096
 0.61136 201069
 0.61148 209904
 0.6116 213697
 0.61172 212358
 0.61184 206412
 0.61196 196551
 0.61208 183500
 0.6122 167944
 0.61232 150965
 0.61244 134048
 0.61256 118543
 0.61268 105383
 0.6128 95053.4
 0.61292 87865.6
 0.61304 84156.6
 0.61316 84140.4
 0.61328 87643
 0.6134 94048.1
 0.61352 102744
 0.61364 113000
 0.61376 123899
 0.61388 134587
 0.614 144150
 0.61412 151695
 0.61424 156761
 0.61436 159168
 0.61448 158676
 0.6146 155143
 0.61472 148983
 0.61484 140900
 0.61496 131575
 0.61508 121841
 0.6152 112283
 0.61532 103275
 0.61544 95209.8
 0.61556 88502.3
 0.61568 83272.9
 0.6158 79255
 0.61592 76185
 0.61604 73700.4
 0.61616 71471.5
 0.61628 69284.4
 0.6164 67020.3
 0.61652 64656.1
 0.61664 62261.8
 0.61676 60068.5
 0.61688 58418.3
 0.617 57725.6
 0.61712 58442.3
 0.61724 60944.9
 0.61736 65370.4
 0.61748 71536.3
 0.6176 79141.5
 0.61772 87761.1
 0.61784 96913.3
 0.61796 105942
 0.61808 114156
 0.6182 120885
 0.61832 125687
 0.61844 128624
 0.61856 129937
 0.61868 129940
 0.6188 128854
 0.61892 126920
 0.61904 124460
 0.61916 121776
 0.61928 119171
 0.6194 116651
 0.61952 114006
 0.61964 111089
 0.61976 107961
 0.61988 105001
 0.62 102537
 0.62012 100891
 0.62024 100256
 0.62036 100648
 0.62048 102077
 0.6206 104420
 0.62072 107347
 0.62084 110158
 0.62096 112100
 0.62108 112485
 0.6212 110749
 0.62132 106676
 0.62144 100374
 0.62156 92153.4
 0.62168 82482.6
 0.6218 72125.4
 0.62192 61871.5
 0.62204 52495.9
 0.62216 44770.7
 0.62228 39366
 0.6224 36661.1
 0.62252 36871.7
 0.62264 40214.2
 0.62276 46675.2
 0.62288 56160.2
 0.623 68598.5
 0.62312 83603.4
 0.62324 100523
 0.62336 118701
 0.62348 137553
 0.6236 156275
 0.62372 173760
 0.62384 189170
 0.62396 201699
 0.62408 210932
 0.6242 217015
 0.62432 220291
 0.62444 221032
 0.62456 219615
 0.62468 217150
 0.6248 214627
 0.62492 212689
 0.62504 211615
 0.62516 211088
 0.62528 210550
 0.6254 209516
 0.62552 207491
 0.62564 203733
 0.62576 197384
 0.62588 188121
 0.626 176049
 0.62612 161762
 0.62624 146138
 0.62636 130043
 0.62648 114477
 0.6266 100364
 0.62672 88565.1
 0.62684 79524.8
 0.62696 73399.8
 0.62708 70123.5
 0.6272 69335.8
 0.62732 70576.5
 0.62744 73228.6
 0.62756 76543.8
 0.62768 79937.5
 0.6278 83049.1
 0.62792 85624.3
 0.62804 87351.9
 0.62816 88031.1
 0.62828 87663.6
 0.6284 86329.7
 0.62852 84278.2
 0.62864 81683.3
 0.62876 78623.4
 0.62888 75211.4
 0.629 71738.6
 0.62912 68569.1
 0.62924 65973.4
 0.62936 64076
 0.62948 63021.2
 0.6296 63059.2
 0.62972 64555.2
 0.62984 67713
 0.62996 72473.3
 0.63008 78618.6
 0.6302 85722.8
 0.63032 93493.4
 0.63044 101685
 0.63056 109842
 0.63068 117290
 0.6308 123401
 0.63092 127809
 0.63104 130201
 0.63116 130595
 0.63128 129077
 0.6314 125586
 0.63152 120150
 0.63164 113076
 0.63176 104846
 0.63188 95862.8
 0.632 86622
 0.63212 77577.5
 0.63224 69087.1
 0.63236 61602.7
 0.63248 55623
 0.6326 51439
 0.63272 49127.6
 0.63284 48698.5
 0.63296 50064.2
 0.63308 53014.7
 0.6332 57205.4
 0.63332 62128.2
 0.63344 67232.3
 0.63356 71982.8
 0.63368 75952.3
 0.6338 78763.6
 0.63392 80072
 0.63404 79615.2
 0.63416 77368
 0.63428 73645.3
 0.6344 68871.9
 0.63452 63594.2
 0.63464 58511
 0.63476 54395.6
 0.63488 52073.2
 0.635 52356.6
 0.63512 55736.6
 0.63524 62300.5
 0.63536 71895.9
 0.63548 84149.4
 0.6356 98367.2
 0.63572 113543
 0.63584 128437
 0.63596 141596
 0.63608 151822
 0.6362 158329
 0.63632 160615
 0.63644 158467
 0.63656 152009
 0.63668 141719
 0.6368 128504
 0.63692 113629
 0.63704 98502.1
 0.63716 84280.7
 0.63728 71922.9
 0.6374 62127.4
 0.63752 55302
 0.63764 51664.4
 0.63776 51145.1
 0.63788 53391.7
 0.638 57797.9
 0.63812 63676.9
 0.63824 70387.3
 0.63836 77441.1
 0.63848 84523.1
 0.6386 91433.3
 0.63872 97934.2
 0.63884 103874
 0.63896 109112
 0.63908 113705
 0.6392 117787
 0.63932 121458
 0.63944 124777
 0.63956 127608
 0.63968 129910
 0.6398 131748
 0.63992 133324
 0.64004 134710
 0.64016 135836
 0.64028 136616
 0.6404 136859
 0.64052 136570
 0.64064 135827
 0.64076 134513
 0.64088 132391
 0.641 129347
 0.64112 125368
 0.64124 120447
 0.64136 114726
 0.64148 108366
 0.6416 101404
 0.64172 94070.6
 0.64184 86639.2
 0.64196 79235.3
 0.64208 71974
 0.6422 65049.2
 0.64232 58634.2
 0.64244 52833.2
 0.64256 47791.4
 0.64268 43587.9
 0.6428 40342.5
 0.64292 38359.4
 0.64304 37961.8
 0.64316 39301
 0.64328 42387.3
 0.6434 47104.4
 0.64352 53326.2
 0.64364 60892.1
 0.64376 69496.7
 0.64388 78628.5
 0.644 87710.3
 0.64412 96270.9
 0.64424 104091
 0.64436 111201
 0.64448 117537
 0.6446 122873
 0.64472 127110
 0.64484 130330
 0.64496 132647
 0.64508 134152
 0.6452 134755
 0.64532 134019
 0.64544 131632
 0.64556 127764
 0.64568 122667
 0.6458 116505
 0.64592 109400
 0.64604 101491
 0.64616 92968.9
 0.64628 84356.8
 0.6464 76290.2
 0.64652 68963.1
 0.64664 62417.6
 0.64676 56757.9
 0.64688 52217.9
 0.647 49125.5
 0.64712 47791.3
 0.64724 48304.7
 0.64736 50527.8
 0.64748 54494.6
 0.6476 60225.3
 0.64772 67534
 0.64784 75917.1
 0.64796 84596.6
 0.64808 92771.3
 0.6482 99827.4
 0.64832 105332
 0.64844 108822
 0.64856 109901
 0.64868 108420
 0.6488 104628
 0.64892 99161.8
 0.64904 92754.7
 0.64916 85954.6
 0.64928 79104
 0.6494 72529.9
 0.64952 66537.8
 0.64964 61348.3
 0.64976 57051.6
 0.64988 53478.8
 0.65 50293.5
 0.65012 47299.4
 0.65024 44513.8
 0.65036 42013
 0.65048 39877.3
 0.6506 38179.4
 0.65072 36881.7
 0.65084 35906.5
 0.65096 35256.9
 0.65108 34950.9
 0.6512 34896.2
 0.65132 34951.1
 0.65144 34972.1
 0.65156 34820.3
 0.65168 34445.5
 0.6518 33989.4
 0.65192 33653.4
 0.65204 33578.1
 0.65216 33891.2
 0.65228 34713.1
 0.6524 36194.5
 0.65252 38487.6
 0.65264 41729.7
 0.65276 45930.4
 0.65288 51039.2
 0.653 57020.5
 0.65312 63884.2
 0.65324 71668.4
 0.65336 80233.1
 0.65348 89411
 0.6536 99036.1
 0.65372 108938
 0.65384 118845
 0.65396 128379
 0.65408 137099
 0.6542 144359
 0.65432 149803
 0.65444 153208
 0.65456 154360
 0.65468 153035
 0.6548 149200
 0.65492 143074
 0.65504 134912
 0.65516 125352
 0.65528 115008
 0.6554 104269
 0.65552 93472.3
 0.65564 82984.6
 0.65576 73171.3
 0.65588 64206.4
 0.656 56281.6
 0.65612 49400.4
 0.65624 43334.2
 0.65636 37967.5
 0.65648 33307.8
 0.6566 29361.6
 0.65672 26064.7
 0.65684 23356.5
 0.65696 21151.7
 0.65708 19365.8
 0.6572 18051.1
 0.65732 17280.3
 0.65744 17004.9
 0.65756 17170
 0.65768 17736.5
 0.6578 18690.9
 0.65792 20021.7
 0.65804 21658.2
 0.65816 23477
 0.65828 25327.5
 0.6584 27119.5
 0.65852 28707.8
 0.65864 29941.6
 0.65876 30670.1
 0.65888 30747.5
 0.659 30140.6
 0.65912 28927.9
 0.65924 27216.4
 0.65936 25110
 0.65948 22854.3
 0.6596 20754.4
 0.65972 19117.3
 0.65984 18249.8
 0.65996 18384.6
 0.66008 19585.2
 0.6602 21881.2
 0.66032 25222.6
 0.66044 29457
 0.66056 34316
 0.66068 39570.6
 0.6608 45023.3
 0.66092 50535.7
 0.66104 56154.4
 0.66116 61950.5
 0.66128 68050.5
 0.6614 74638
 0.66152 81977.5
 0.66164 90241.5
 0.66176 99525.2
 0.66188 109782
 0.662 120797
 0.66212 132210
 0.66224 143746
 0.66236 155074
 0.66248 165706
 0.6626 175010
 0.66272 182309
 0.66284 187031
 0.66296 188775
 0.66308 187361
 0.6632 182600
 0.66332 174312
 0.66344 162574
 0.66356 148001
 0.66368 131569
 0.6638 114419
 0.66392 97614
 0.66404 82145.4
 0.66416 68923.4
 0.66428 58809.7
 0.6644 52480.4
 0.66452 50086.6
 0.66464 51276.5
 0.66476 55417.5
 0.66488 61776.9
 0.665 69444.8
 0.66512 77490.1
 0.66524 85051.2
 0.66536 91325.8
 0.66548 95768.6
 0.6656 98190.3
 0.66572 98613.8
 0.66584 97157.2
 0.66596 94183.9
 0.66608 90219.9
 0.6662 85716.6
 0.66632 81119.1
 0.66644 76874.7
 0.66656 73244
 0.66668 70312.5
 0.6668 68148.4
 0.66692 66730.2
 0.66704 65870.6
 0.66716 65399.6
 0.66728 65290.2
 0.6674 65378.8
 0.66752 65511.6
 0.66764 65720.4
 0.66776 66044.9
 0.66788 66542.3
 0.668 67396.3
 0.66812 68889.2
 0.66824 71098.8
 0.66836 74098.9
 0.66848 78095.1
 0.6686 83090
 0.66872 88865.7
 0.66884 95178.6
 0.66896 101564
 0.66908 107348
 0.6692 111979
 0.66932 115083
 0.66944 116209
 0.66956 115037
 0.66968 111733
 0.6698 106643
 0.66992 100279
 0.67004 93490.2
 0.67016 87102
 0.67028 81718.9
 0.6704 77902
 0.67052 76096.4
 0.67064 76431.3
 0.67076 78593.3
 0.67088 82223.8
 0.671 86727.3
 0.67112 91372
 0.67124 95662.5
 0.67136 99200.7
 0.67148 101742
 0.6716 103109
 0.67172 103434
 0.67184 103092
 0.67196 102390
 0.67208 101856
 0.6722 101821
 0.67232 102444
 0.67244 103819
 0.67256 105976
 0.67268 109003
 0.6728 112674
 0.67292 116926
 0.67304 121657
 0.67316 126872
 0.67328 132810
 0.6734 139531
 0.67352 147160
 0.67364 155587
 0.67376 164692
 0.67388 174243
 0.674 183721
 0.67412 192379
 0.67424 199258
 0.67436 203615
 0.67448 204870
 0.6746 202608
 0.67472 196713
 0.67484 187173
 0.67496 174411
 0.67508 159350
 0.6752 143142
 0.67532 126945
 0.67544 111726
 0.67556 98283.3
 0.67568 87191.6
 0.6758 78936
 0.67592 73654
 0.67604 71022.1
 0.67616 70411.7
 0.67628 71107.4
 0.6764 72383.2
 0.67652 73682.6
 0.67664 74553.4
 0.67676 74522.8
 0.67688 73337.5
 0.677 71021.8
 0.67712 67770.7
 0.67724 63847.7
 0.67736 59568.3
 0.67748 55194.8
 0.6776 50908.5
 0.67772 46979.5
 0.67784 43576
 0.67796 40677.6
 0.67808 38234.3
 0.6782 36215.9
 0.67832 34534.1
 0.67844 33052.2
 0.67856 31671.1
 0.67868 30312.2
 0.6788 28944.9
 0.67892 27700.1
 0.67904 26724.2
 0.67916 26115.7
 0.67928 26036.7
 0.6794 26771.4
 0.67952 28660.4
 0.67964 31917
 0.67976 36576.6
 0.67988 42542.8
 0.68 49718.1
 0.68012 57999.4
 0.68024 67171.1
 0.68036 76936
 0.68048 86884.2
 0.6806 96611.5
 0.68072 106067
 0.68084 115280
 0.68096 124214
 0.68108 132890
 0.6812 141527
 0.68132 150375
 0.68144 159684
 0.68156 169742
 0.68168 180356
 0.6818 191211
 0.68192 202050
 0.68204 212429
 0.68216 221589
 0.68228 228635
 0.6824 232739
 0.68252 233192
 0.68264 229821
 0.68276 222806
 0.68288 212463
 0.683 199476
 0.68312 184985
 0.68324 170440
 0.68336 157315
 0.68348 146923
 0.6836 140169
 0.68372 137546
 0.68384 139191
 0.68396 144676
 0.68408 153062
 0.6842 163090
 0.68432 173250
 0.68444 182118
 0.68456 188491
 0.68468 191340
 0.6848 189982
 0.68492 184237
 0.68504 174449
 0.68516 161150
 0.68528 145230
 0.6854 127697
 0.68552 109528
 0.68564 91694.8
 0.68576 75029.2
 0.68588 60146.7
 0.686 47393.1
 0.68612 36994.9
 0.68624 29029
 0.68636 23361.8
 0.68648 19764.7
 0.6866 17974.7
 0.68672 17756.8
 0.68684 18938.7
 0.68696 21356.4
 0.68708 24908.5
 0.6872 29445.8
 0.68732 34825.3
 0.68744 40955.9
 0.68756 47667.8
 0.68768 54806.2
 0.6878 62109
 0.68792 69275.1
 0.68804 75906.1
 0.68816 81644
 0.68828 86334.2
 0.6884 89860.6
 0.68852 92293.9
 0.68864 93578.9
 0.68876 93723.4
 0.68888 92895.5
 0.689 91444.8
 0.68912 89799.2
 0.68924 88108
 0.68936 86381.1
 0.68948 84518.3
 0.6896 82694.2
 0.68972 81422.1
 0.68984 81160.3
 0.68996 82179.7
 0.69008 84564.5
 0.6902 88658.7
 0.69032 95052.1
 0.69044 104418
 0.69056 117148
 0.69068 132753
 0.6908 150227
 0.69092 168552
 0.69104 186823
 0.69116 203965
 0.69128 218631
 0.6914 229328
 0.69152 234641
 0.69164 234018
 0.69176 227987
 0.69188 217385
 0.692 203252
 0.69212 186741
 0.69224 169280
 0.69236 152409
 0.69248 137651
 0.6926 126151
 0.69272 118300
 0.69284 113981
 0.69296 112691
 0.69308 113756
 0.6932 116289
 0.69332 119332
 0.69344 122046
 0.69356 123787
 0.69368 123992
 0.6938 122483
 0.69392 119533
 0.69404 115665
 0.69416 111460
 0.69428 107525
 0.6944 104391
 0.69452 102395
 0.69464 101928
 0.69476 103246
 0.69488 106129
 0.695 110134
 0.69512 114848
 0.69524 119920
 0.69536 124970
 0.69548 129684
 0.6956 133820
 0.69572 137208
 0.69584 140008
 0.69596 142491
 0.69608 144775
 0.6962 146764
 0.69632 148371
 0.69644 149521
 0.69656 150066
 0.69668 149689
 0.6968 147972
 0.69692 144508
 0.69704 139139
 0.69716 132093
 0.69728 123848
 0.6974 114899
 0.69752 105810
 0.69764 97365.6
 0.69776 90338.6
 0.69788 85334.8
 0.698 82760.1
 0.69812 82725.4
 0.69824 84959.9
 0.69836 89067.7
 0.69848 94524.5
 0.6986 100539
 0.69872 106319
 0.69884 111331
 0.69896 115186
 0.69908 117580
 0.6992 118287
 0.69932 117179
 0.69944 114258
 0.69956 109878
 0.69968 104513
 0.6998 98556.8
 0.69992 92305.6
 0.70004 86056.2
 0.70016 80273.5
 0.70028 75499
 0.7004 72207.4
 0.70052 70573.2
 0.70064 70555.7
 0.70076 71861.8
 0.70088 74044.7
 0.701 76677.1
 0.70112 79300.1
 0.70124 81396.6
 0.70136 82485.8
 0.70148 82280.7
 0.7016 80692.7
 0.70172 77965.7
 0.70184 74794.9
 0.70196 71901
 0.70208 69793.6
 0.7022 68816.1
 0.70232 69274.1
 0.70244 71420.5
 0.70256 75324.8
 0.70268 80912.4
 0.7028 87684
 0.70292 95084.2
 0.70304 102756
 0.70316 110605
 0.70328 118530
 0.7034 126304
 0.70352 133748
 0.70364 140569
 0.70376 146623
 0.70388 151696
 0.704 155398
 0.70412 157241
 0.70424 156751
 0.70436 153665
 0.70448 147868
 0.7046 139523
 0.70472 128979
 0.70484 116728
 0.70496 103578
 0.70508 90348.3
 0.7052 77894.2
 0.70532 66962.9
 0.70544 58063.3
 0.70556 51446.5
 0.70568 47082.3
 0.7058 44779
 0.70592 44076.3
 0.70604 44444.7
 0.70616 45321.5
 0.70628 46141.3
 0.7064 46517.3
 0.70652 46262.3
 0.70664 45356.7
 0.70676 43864.2
 0.70688 41956
 0.707 39845.4
 0.70712 37737.9
 0.70724 35784
 0.70736 34063.4
 0.70748 32620.8
 0.7076 31461.9
 0.70772 30620.9
 0.70784 30220
 0.70796 30431.2
 0.70808 31470.8
 0.7082 33667.4
 0.70832 37416.2
 0.70844 42985.7
 0.70856 50414.3
 0.70868 59651.5
 0.7088 70395.7
 0.70892 82151.5
 0.70904 94326
 0.70916 106253
 0.70928 117206
 0.7094 126519
 0.70952 133828
 0.70964 138950
 0.70976 141957
 0.70988 143198
 0.71 143048
 0.71012 141870
 0.71024 140028
 0.71036 137783
 0.71048 135304
 0.7106 132640
 0.71072 129625
 0.71084 125900
 0.71096 121200
 0.71108 115455
 0.7112 108641
 0.71132 100872
 0.71144 92460.4
 0.71156 83640.8
 0.71168 74788.3
 0.7118 66394.7
 0.71192 58801.5
 0.71204 52118.5
 0.71216 46376.9
 0.71228 41581.4
 0.7124 37543
 0.71252 34153.3
 0.71264 31338.9
 0.71276 28957.2
 0.71288 27068.6
 0.713 25938.3
 0.71312 25904.5
 0.71324 27283.1
 0.71336 30326.6
 0.71348 35167.4
 0.7136 41762.8
 0.71372 50053.8
 0.71384 59714.7
 0.71396 70028.6
 0.71408 80136.2
 0.7142 89120
 0.71432 96238.7
 0.71444 100931
 0.71456 102873
 0.71468 101807
 0.7148 97724.6
 0.71492 91158.1
 0.71504 82915.3
 0.71516 73988.4
 0.71528 65319.2
 0.7154 57686.3
 0.71552 51745.4
 0.71564 48131.2
 0.71576 47292.5
 0.71588 49275.7
 0.716 53791.5
 0.71612 60392.8
 0.71624 68491.4
 0.71636 77555.2
 0.71648 87067.9
 0.7166 96296.2
 0.71672 104562
 0.71684 111411
 0.71696 116647
 0.71708 120163
 0.7172 121924
 0.71732 121908
 0.71744 120020
 0.71756 116454
 0.71768 111609
 0.7178 105775
 0.71792 99145
 0.71804 91865.3
 0.71816 84086.1
 0.71828 76103.4
 0.7184 68390
 0.71852 61363.8
 0.71864 55208.9
 0.71876 50106.3
 0.71888 46202.1
 0.719 43558.9
 0.71912 42243.4
 0.71924 42197.5
 0.71936 43103
 0.71948 44517
 0.7196 46053.4
 0.71972 47348.3
 0.71984 48077.6
 0.71996 48110.4
 0.72008 47384.1
 0.7202 45842
 0.72032 43609.5
 0.72044 40967
 0.72056 38224.2
 0.72068 35697.6
 0.7208 33726.9
 0.72092 32544.5
 0.72104 32216.2
 0.72116 32781
 0.72128 34244.3
 0.7214 36531.4
 0.72152 39582.3
 0.72164 43420.8
 0.72176 48037
 0.72188 53515.8
 0.722 60162.3
 0.72212 68419.5
 0.72224 78725.1
 0.72236 91451.1
 0.72248 106837
 0.7226 124752
 0.72272 144939
 0.72284 166843
 0.72296 189365
 0.72308 211203
 0.7232 230887
 0.72332 247015
 0.72344 258354
 0.72356 264161
 0.72368 263979
 0.7238 257661
 0.72392 245950
 0.72404 229876
 0.72416 210650
 0.72428 189674
 0.7244 168288
 0.72452 147590
 0.72464 128455
 0.72476 111688
 0.72488 97546.1
 0.725 85948.5
 0.72512 76772.8
 0.72524 69668.2
 0.72536 64136.9
 0.72548 59715.9
 0.7256 56066.2
 0.72572 52870.5
 0.72584 49887.2
 0.72596 47005.3
 0.72608 44174.2
 0.7262 41471.3
 0.72632 39218.9
 0.72644 37862.2
 0.72656 37751.9
 0.72668 39054
 0.7268 41984.1
 0.72692 46843.4
 0.72704 53880
 0.72716 63140.3
 0.72728 74478.4
 0.7274 87433.4
 0.72752 101367
 0.72764 115790
 0.72776 130168
 0.72788 143593
 0.728 155108
 0.72812 164071
 0.72824 170116
 0.72836 173176
 0.72848 173625
 0.7286 172004
 0.72872 168939
 0.72884 165573
 0.72896 163279
 0.72908 162951
 0.7292 164899
 0.72932 168976
 0.72944 174741
 0.72956 181420
 0.72968 188031
 0.7298 193225
 0.72992 195388
 0.73004 193465
 0.73016 187145
 0.73028 176918
 0.7304 163560
 0.73052 148047
 0.73064 131632
 0.73076 115819
 0.73088 102253
 0.731 92150.2
 0.73112 86041
 0.73124 83763.1
 0.73136 84741.1
 0.73148 88250.7
 0.7316 93410.2
 0.73172 99151.3
 0.73184 104325
 0.73196 108039
 0.73208 109912
 0.7322 109971
 0.73232 108586
 0.73244 106223
 0.73256 103336
 0.73268 100383
 0.7328 97784.5
 0.73292 95853.7
 0.73304 94657.3
 0.73316 94050.6
 0.73328 93692.2
 0.7334 93192.6
 0.73352 92262.7
 0.73364 90700.3
 0.73376 88496.4
 0.73388 85715.4
 0.734 82471.9
 0.73412 78920.3
 0.73424 75154.7
 0.73436 71303.6
 0.73448 67443.4
 0.7346 63689.4
 0.73472 60034.6
 0.73484 56383
 0.73496 52636.3
 0.73508 48721
 0.7352 44783.5
 0.73532 41148.1
 0.73544 38087.8
 0.73556 35778.3
 0.73568 34365.6
 0.7358 34081.5
 0.73592 35208.1
 0.73604 38033.5
 0.73616 42632.5
 0.73628 48776.2
 0.7364 56272.9
 0.73652 64974.8
 0.73664 74703.3
 0.73676 85170.5
 0.73688 95882.3
 0.737 106296
 0.73712 115935
 0.73724 124561
 0.73736 131824
 0.73748 137327
 0.7376 140836
 0.73772 142202
 0.73784 141548
 0.73796 138995
 0.73808 134703
 0.7382 128720
 0.73832 121314
 0.73844 112920
 0.73856 103858
 0.73868 94417.5
 0.7388 84777.4
 0.73892 75213
 0.73904 66078.1
 0.73916 57780.7
 0.73928 50559.4
 0.7394 44518.7
 0.73952 39791.8
 0.73964 36455.8
 0.73976 34597.2
 0.73988 34249.2
 0.74 35346
 0.74012 37789.7
 0.74024 41576.6
 0.74036 46688
 0.74048 52909
 0.7406 60077.9
 0.74072 68010.3
 0.74084 76414.4
 0.74096 84943.8
 0.74108 93200.1
 0.7412 100721
 0.74132 106999
 0.74144 111877
 0.74156 115286
 0.74168 117226
 0.7418 117885
 0.74192 117502
 0.74204 116322
 0.74216 114636
 0.74228 112783
 0.7424 110940
 0.74252 109194
 0.74264 107645
 0.74276 106194
 0.74288 104805
 0.743 103604
 0.74312 102684
 0.74324 102213
 0.74336 102457
 0.74348 103615
 0.7436 105538
 0.74372 108047
 0.74384 110956
 0.74396 113945
 0.74408 116734
 0.7442 118993
 0.74432 120174
 0.74444 119759
 0.74456 117706
 0.74468 114428
 0.7448 110375
 0.74492 105959
 0.74504 101567
 0.74516 97623.6
 0.74528 94686.3
 0.7454 93335.3
 0.74552 94047.8
 0.74564 96952.1
 0.74576 101961
 0.74588 108986
 0.746 117962
 0.74612 128570
 0.74624 140433
 0.74636 153356
 0.74648 166834
 0.7466 180102
 0.74672 192435
 0.74684 203235
 0.74696 211852
 0.74708 217918
 0.7472 221220
 0.74732 221223
 0.74744 217603
 0.74756 210660
 0.74768 200962
 0.7478 189067
 0.74792 175542
 0.74804 160948
 0.74816 145710
 0.74828 130545
 0.7484 116248
 0.74852 103234
 0.74864 91645.2
 0.74876 81500.4
 0.74888 72886.9
 0.749 65799.9
 0.74912 60244.7
 0.74924 56017.9
 0.74936 52748.8
 0.74948 50232.4
 0.7496 48427.2
 0.74972 47413.1
 0.74984 47239.7
 0.74996 47996.5
 0.75008 49839.4
 0.7502 53118.4
 0.75032 58438.9
 0.75044 66234.5
 0.75056 76547.8
 0.75068 89276.8
 0.7508 104196
 0.75092 120883
 0.75104 138769
 0.75116 156922
 0.75128 173870
 0.7514 188100
 0.75152 198568
 0.75164 204528
 0.75176 205380
 0.75188 200962
 0.752 191310
 0.75212 176869
 0.75224 158832
 0.75236 138724
 0.75248 117974
 0.7526 97817.5
 0.75272 79416.9
 0.75284 63581.6
 0.75296 50897.6
 0.75308 41743.1
 0.7532 36067.2
 0.75332 33437.6
 0.75344 33322.1
 0.75356 35061.9
 0.75368 37987.1
 0.7538 41547.5
 0.75392 45380.4
 0.75404 49177.2
 0.75416 52706
 0.75428 55802.2
 0.7544 58342.2
 0.75452 60377.4
 0.75464 62059
 0.75476 63501.3
 0.75488 64752.1
 0.755 65855.5
 0.75512 66864.2
 0.75524 67883.6
 0.75536 69126
 0.75548 70738.7
 0.7556 72687
 0.75572 74946.9
 0.75584 77433.7
 0.75596 80009.4
 0.75608 82475.2
 0.7562 84642.8
 0.75632 86216.1
 0.75644 86860.3
 0.75656 86462.2
 0.75668 84993
 0.7568 82585.2
 0.75692 79387
 0.75704 75642.7
 0.75716 71629
 0.75728 67707.7
 0.7574 64360.4
 0.75752 61865.8
 0.75764 60345.6
 0.75776 59739.8
 0.75788 59978.8
 0.758 61035.2
 0.75812 62773.4
 0.75824 64907.7
 0.75836 66930.1
 0.75848 68462.5
 0.7586 69291.7
 0.75872 69332
 0.75884 68596.5
 0.75896 66969.8
 0.75908 64439.3
 0.7592 61207.1
 0.75932 57740.3
 0.75944 54530.3
 0.75956 51948.1
 0.75968 50293.6
 0.7598 49722.4
 0.75992 50432.6
 0.76004 52488.3
 0.76016 55747.2
 0.76028 59831.4
 0.7604 64253.5
 0.76052 68555.5
 0.76064 72296
 0.76076 75105
 0.76088 76659.3
 0.761 76825.4
 0.76112 75624.3
 0.76124 73191.1
 0.76136 69774.2
 0.76148 65627.1
 0.7616 61016.6
 0.76172 56295.7
 0.76184 51792.2
 0.76196 47725.6
 0.76208 44280.8
 0.7622 41730.5
 0.76232 40320.9
 0.76244 40295.8
 0.76256 41892.5
 0.76268 45211.2
 0.7628 50253.5
 0.76292 57031.4
 0.76304 65334.8
 0.76316 74772.7
 0.76328 84838.8
 0.7634 95020
 0.76352 104806
 0.76364 113730
 0.76376 121428
 0.76388 127524
 0.764 131855
 0.76412 134440
 0.76424 135343
 0.76436 134593
 0.76448 132205
 0.7646 128236
 0.76472 122813
 0.76484 116094
 0.76496 108299
 0.76508 99651.3
 0.7652 90447.3
 0.76532 81173.6
 0.76544 72401.3
 0.76556 64667.9
 0.76568 58328.4
 0.7658 53697.3
 0.76592 51041.6
 0.76604 50484.9
 0.76616 52075.1
 0.76628 55608.4
 0.7664 60666.6
 0.76652 66688.5
 0.76664 73247.8
 0.76676 79947.7
 0.76688 86253.6
 0.767 91603.2
 0.76712 95486.5
 0.76724 97558.4
 0.76736 97743.8
 0.76748 96336.1
 0.7676 93721.8
 0.76772 90264.3
 0.76784 86499.2
 0.76796 83168.3
 0.76808 80937.3
 0.7682 80402.5
 0.76832 81916.3
 0.76844 85486.3
 0.76856 90791.6
 0.76868 97434.8
 0.7688 104920
 0.76892 112503
 0.76904 119504
 0.76916 125252
 0.76928 129180
 0.7694 130860
 0.76952 130161
 0.76964 127161
 0.76976 122014
 0.76988 115051
 0.77 106682
 0.77012 97358.5
 0.77024 87674.9
 0.77036 78286.1
 0.77048 69804.3
 0.7706 62674.1
 0.77072 57250.2
 0.77084 53914.9
 0.77096 53022.9
 0.77108 54817.9
 0.7712 59247.3
 0.77132 66105.2
 0.77144 74990.2
 0.77156 85501.4
 0.77168 97269.4
 0.7718 109732
 0.77192 122092
 0.77204 133621
 0.77216 143939
 0.77228 152803
 0.7724 160273
 0.77252 166589
 0.77264 172036
 0.77276 177159
 0.77288 182689
 0.773 189309
 0.77312 197140
 0.77324 206171
 0.77336 216047
 0.77348 225994
 0.7736 235185
 0.77372 242504
 0.77384 246763
 0.77396 246940
 0.77408 242701
 0.7742 234066
 0.77432 221289
 0.77444 205125
 0.77456 186370
 0.77468 166008
 0.7748 145274
 0.77492 125359
 0.77504 107138
 0.77516 91123.7
 0.77528 77740.7
 0.7754 67179.3
 0.77552 59662.5
 0.77564 55407.6
 0.77576 54286
 0.77588 55878.2
 0.776 59616.3
 0.77612 64898.9
 0.77624 71051
 0.77636 77375.3
 0.77648 83087.6
 0.7766 87332.9
 0.77672 89424.7
 0.77684 89113.6
 0.77696 86430.7
 0.77708 81671.8
 0.7772 75353.6
 0.77732 68180.6
 0.77744 60935
 0.77756 54485.9
 0.77768 49704.3
 0.7778 47238.1
 0.77792 47518.9
 0.77804 50740.3
 0.77816 56885.2
 0.77828 65538.7
 0.7784 76130.2
 0.77852 87877.6
 0.77864 99842.3
 0.77876 111066
 0.77888 120594
 0.779 127668
 0.77912 131659
 0.77924 132336
 0.77936 129748
 0.77948 124212
 0.7796 116348
 0.77972 106937
 0.77984 96931.5
 0.77996 87169.1
 0.78008 78399.1
 0.7802 71253.9
 0.78032 66169.7
 0.78044 63436.1
 0.78056 63122.8
 0.78068 65054.5
 0.7808 68719.1
 0.78092 73635.9
 0.78104 79397.8
 0.78116 85467.4
 0.78128 91177.8
 0.7814 95858.2
 0.78152 98886.7
 0.78164 99787.3
 0.78176 98549.1
 0.78188 95276.7
 0.782 90029.7
 0.78212 83073.5
 0.78224 75090.2
 0.78236 66948.7
 0.78248 59556.2
 0.7826 53799.8
 0.78272 50281.4
 0.78284 49410.1
 0.78296 51583.5
 0.78308 56928.4
 0.7832 65052.2
 0.78332 75231.5
 0.78344 86625.8
 0.78356 98326
 0.78368 109437
 0.7838 119172
 0.78392 126817
 0.78404 131880
 0.78416 134346
 0.78428 134542
 0.7844 133033
 0.78452 130462
 0.78464 127563
 0.78476 124995
 0.78488 123111
 0.785 122141
 0.78512 122109
 0.78524 122817
 0.78536 123691
 0.78548 124071
 0.7856 123314
 0.78572 120921
 0.78584 116920
 0.78596 111599
 0.78608 105327
 0.7862 98517.6
 0.78632 91961.3
 0.78644 86646.4
 0.78656 83494.5
 0.78668 83217.9
 0.7868 86100.5
 0.78692 92043.5
 0.78704 100629
 0.78716 111379
 0.78728 123566
 0.7874 136165
 0.78752 148041
 0.78764 158181
 0.78776 165707
 0.78788 169930
 0.788 170636
 0.78812 167828
 0.78824 161624
 0.78836 152447
 0.78848 141056
 0.7886 128253
 0.78872 114950
 0.78884 102138
 0.78896 90611.3
 0.78908 80830.7
 0.7892 73267.8
 0.78932 68149.6
 0.78944 65329.2
 0.78956 64636.9
 0.78968 65827
 0.7898 68518.9
 0.78992 72217.8
 0.79004 76619
 0.79016 81466.7
 0.79028 86647.6
 0.7904 92423.5
 0.79052 98841.7
 0.79064 105740
 0.79076 112973
 0.79088 120516
 0.791 128368
 0.79112 136447
 0.79124 144544
 0.79136 152013
 0.79148 158305
 0.7916 163389
 0.79172 167204
 0.79184 169663
 0.79196 170605
 0.79208 169887
 0.7922 167444
 0.79232 163605
 0.79244 158956
 0.79256 153691
 0.79268 147962
 0.7928 142014
 0.79292 136112
 0.79304 130556
 0.79316 125644
 0.79328 121493
 0.7934 117886
 0.79352 114623
 0.79364 111653
 0.79376 108855
 0.79388 106162
 0.794 103432
 0.79412 100442
 0.79424 96992.9
 0.79436 93052.4
 0.79448 88781.1
 0.7946 84339.2
 0.79472 79914.8
 0.79484 75553.7
 0.79496 71356.6
 0.79508 67605.5
 0.7952 64606.1
 0.79532 62634.5
 0.79544 61818
 0.79556 62125.5
 0.79568 63392.4
 0.7958 65518.7
 0.79592 68360.5
 0.79604 71551.1
 0.79616 74715.6
 0.79628 77510.3
 0.7964 79623.3
 0.79652 80828.8
 0.79664 81066.2
 0.79676 80361.5
 0.79688 78842.5
 0.797 76890.8
 0.79712 74924.8
 0.79724 73227.6
 0.79736 72093.8
 0.79748 71831.5
 0.7976 72712.3
 0.79772 74891.6
 0.79784 78427.5
 0.79796 83195.7
 0.79808 88813.3
 0.7982 94962.5
 0.79832 101318
 0.79844 107446
 0.79856 112837
 0.79868 117006
 0.7988 119589
 0.79892 120295
 0.79904 119097
 0.79916 116223
 0.79928 111883
 0.7994 106472
 0.79952 100484
 0.79964 94527.2
 0.79976 88943.2
 0.79988 83898.8
