 0.2 5452.73
 0.20012 5452.73
 0.20024 5452.74
 0.20036 5452.74
 0.20048 5452.74
 0.2006 5452.75
 0.20072 5452.75
 0.20084 5452.75
 0.20096 5452.75
 0.20108 5452.76
 0.2012 5452.76
 0.20132 5452.76
 0.20144 5452.76
 0.20156 5452.76
 0.20168 5452.76
 0.2018 5452.76
 0.20192 5452.76
 0.20204 5452.77
 0.20216 5452.77
 0.20228 5452.77
 0.2024 5452.77
 0.20252 5452.76
 0.20264 5452.76
 0.20276 5452.76
 0.20288 5452.76
 0.203 5452.76
 0.20312 5452.76
 0.20324 5452.76
 0.20336 5452.76
 0.20348 5452.75
 0.2036 5452.75
 0.20372 5452.75
 0.20384 5452.75
 0.20396 5452.74
 0.20408 5452.74
 0.2042 5452.74
 0.20432 5452.73
 0.20444 5452.73
 0.20456 5452.73
 0.20468 5452.72
 0.2048 5452.72
 0.20492 5452.71
 0.20504 5452.71
 0.20516 5452.7
 0.20528 5452.7
 0.2054 5452.69
 0.20552 5452.69
 0.20564 5452.68
 0.20576 5452.68
 0.20588 5452.67
 0.206 5452.67
 0.20612 5452.66
 0.20624 5452.65
 0.20636 5452.65
 0.20648 5452.64
 0.2066 5452.64
 0.20672 5452.63
 0.20684 5452.62
 0.20696 5452.62
 0.20708 5452.61
 0.2072 5452.6
 0.20732 5452.59
 0.20744 5452.59
 0.20756 5452.58
 0.20768 5452.57
 0.2078 5452.56
 0.20792 5452.56
 0.20804 5452.55
 0.20816 5452.54
 0.20828 5452.53
 0.2084 5452.52
 0.20852 5452.52
 0.20864 5452.51
 0.20876 5452.5
 0.20888 5452.49
 0.209 5452.48
 0.20912 5452.47
 0.20924 5452.46
 0.20936 5452.45
 0.20948 5452.44
 0.2096 5452.43
 0.20972 5452.42
 0.20984 5452.41
 0.20996 5452.4
 0.21008 5452.39
 0.2102 5452.38
 0.21032 5452.37
 0.21044 5452.36
 0.21056 5452.35
 0.21068 5452.34
 0.2108 5452.33
 0.21092 5452.32
 0.21104 5452.31
 0.21116 5452.3
 0.21128 5452.29
 0.2114 5452.28
 0.21152 5452.27
 0.21164 5452.25
 0.21176 5452.24
 0.21188 5452.23
 0.212 5452.22
 0.21212 5452.21
 0.21224 5452.2
 0.21236 5452.19
 0.21248 5452.17
 0.2126 5452.16
 0.21272 5452.15
 0.21284 5452.14
 0.21296 5452.13
 0.21308 5452.12
 0.2132 5452.11
 0.21332 5452.09
 0.21344 5452.08
 0.21356 5452.07
 0.21368 5452.06
 0.2138 5452.05
 0.21392 5452.04
 0.21404 5452.02
 0.21416 5452.01
 0.21428 5452
 0.2144 5451.99
 0.21452 5451.98
 0.21464 5451.97
 0.21476 5451.95
 0.21488 5451.94
 0.215 5451.93
 0.21512 5451.92
 0.21524 5451.91
 0.21536 5451.9
 0.21548 5451.89
 0.2156 5451.87
 0.21572 5451.86
 0.21584 5451.85
 0.21596 5451.84
 0.21608 5451.83
 0.2162 5451.82
 0.21632 5451.81
 0.21644 5451.79
 0.21656 5451.78
 0.21668 5451.77
 0.2168 5451.76
 0.21692 5451.75
 0.21704 5451.74
 0.21716 5451.73
 0.21728 5451.71
 0.2174 5451.7
 0.21752 5451.69
 0.21764 5451.68
 0.21776 5451.67
 0.21788 5451.66
 0.218 5451.65
 0.21812 5451.64
 0.21824 5451.63
 0.21836 5451.62
 0.21848 5451.6
 0.2186 5451.59
 0.21872 5451.58
 0.21884 5451.57
 0.21896 5451.56
 0.21908 5451.55
 0.2192 5451.54
 0.21932 5451.53
 0.21944 5451.52
 0.21956 5451.51
 0.21968 5451.5
 0.2198 5451.49
 0.21992 5451.48
 0.22004 5451.47
 0.22016 5451.46
 0.22028 5451.45
 0.2204 5451.44
 0.22052 5451.43
 0.22064 5451.42
 0.22076 5451.41
 0.22088 5451.41
 0.221 5451.4
 0.22112 5451.39
 0.22124 5451.38
 0.22136 5451.38
 0.22148 5451.37
 0.2216 5451.36
 0.22172 5451.36
 0.22184 5451.35
 0.22196 5451.35
 0.22208 5451.34
 0.2222 5451.34
 0.22232 5451.33
 0.22244 5451.33
 0.22256 5451.32
 0.22268 5451.32
 0.2228 5451.32
 0.22292 5451.32
 0.22304 5451.31
 0.22316 5451.31
 0.22328 5451.31
 0.2234 5451.31
 0.22352 5451.31
 0.22364 5451.31
 0.22376 5451.3
 0.22388 5451.3
 0.224 5451.3
 0.22412 5451.3
 0.22424 5451.3
 0.22436 5451.31
 0.22448 5451.31
 0.2246 5451.31
 0.22472 5451.31
 0.22484 5451.31
 0.22496 5451.31
 0.22508 5451.32
 0.2252 5451.32
 0.22532 5451.32
 0.22544 5451.33
 0.22556 5451.33
 0.22568 5451.33
 0.2258 5451.34
 0.22592 5451.34
 0.22604 5451.35
 0.22616 5451.35
 0.22628 5451.35
 0.2264 5451.36
 0.22652 5451.37
 0.22664 5451.37
 0.22676 5451.38
 0.22688 5451.38
 0.227 5451.39
 0.22712 5451.39
 0.22724 5451.4
 0.22736 5451.41
 0.22748 5451.42
 0.2276 5451.42
 0.22772 5451.43
 0.22784 5451.44
 0.22796 5451.45
 0.22808 5451.45
 0.2282 5451.46
 0.22832 5451.47
 0.22844 5451.48
 0.22856 5451.49
 0.22868 5451.49
 0.2288 5451.5
 0.22892 5451.51
 0.22904 5451.52
 0.22916 5451.53
 0.22928 5451.54
 0.2294 5451.55
 0.22952 5451.56
 0.22964 5451.57
 0.22976 5451.58
 0.22988 5451.59
 0.23 5451.6
 0.23012 5451.61
 0.23024 5451.62
 0.23036 5451.63
 0.23048 5451.64
 0.2306 5451.65
 0.23072 5451.66
 0.23084 5451.67
 0.23096 5451.68
 0.23108 5451.69
 0.2312 5451.7
 0.23132 5451.71
 0.23144 5451.71
 0.23156 5451.72
 0.23168 5451.73
 0.2318 5451.74
 0.23192 5451.75
 0.23204 5451.76
 0.23216 5451.77
 0.23228 5451.77
 0.2324 5451.78
 0.23252 5451.79
 0.23264 5451.8
 0.23276 5451.8
 0.23288 5451.81
 0.233 5451.82
 0.23312 5451.82
 0.23324 5451.83
 0.23336 5451.84
 0.23348 5451.84
 0.2336 5451.85
 0.23372 5451.85
 0.23384 5451.86
 0.23396 5451.86
 0.23408 5451.87
 0.2342 5451.87
 0.23432 5451.87
 0.23444 5451.88
 0.23456 5451.88
 0.23468 5451.88
 0.2348 5451.88
 0.23492 5451.88
 0.23504 5451.89
 0.23516 5451.89
 0.23528 5451.89
 0.2354 5451.89
 0.23552 5451.89
 0.23564 5451.89
 0.23576 5451.89
 0.23588 5451.89
 0.236 5451.89
 0.23612 5451.88
 0.23624 5451.88
 0.23636 5451.88
 0.23648 5451.88
 0.2366 5451.87
 0.23672 5451.87
 0.23684 5451.87
 0.23696 5451.86
 0.23708 5451.86
 0.2372 5451.85
 0.23732 5451.85
 0.23744 5451.84
 0.23756 5451.84
 0.23768 5451.83
 0.2378 5451.82
 0.23792 5451.82
 0.23804 5451.81
 0.23816 5451.8
 0.23828 5451.79
 0.2384 5451.79
 0.23852 5451.78
 0.23864 5451.77
 0.23876 5451.76
 0.23888 5451.75
 0.239 5451.74
 0.23912 5451.73
 0.23924 5451.72
 0.23936 5451.71
 0.23948 5451.7
 0.2396 5451.68
 0.23972 5451.67
 0.23984 5451.66
 0.23996 5451.65
 0.24008 5451.63
 0.2402 5451.62
 0.24032 5451.61
 0.24044 5451.59
 0.24056 5451.58
 0.24068 5451.56
 0.2408 5451.55
 0.24092 5451.53
 0.24104 5451.52
 0.24116 5451.5
 0.24128 5451.49
 0.2414 5451.47
 0.24152 5451.45
 0.24164 5451.44
 0.24176 5451.42
 0.24188 5451.4
 0.242 5451.38
 0.24212 5451.36
 0.24224 5451.35
 0.24236 5451.33
 0.24248 5451.31
 0.2426 5451.29
 0.24272 5451.27
 0.24284 5451.25
 0.24296 5451.23
 0.24308 5451.21
 0.2432 5451.19
 0.24332 5451.17
 0.24344 5451.15
 0.24356 5451.13
 0.24368 5451.1
 0.2438 5451.08
 0.24392 5451.06
 0.24404 5451.04
 0.24416 5451.02
 0.24428 5451
 0.2444 5450.98
 0.24452 5450.95
 0.24464 5450.93
 0.24476 5450.91
 0.24488 5450.89
 0.245 5450.86
 0.24512 5450.84
 0.24524 5450.82
 0.24536 5450.8
 0.24548 5450.77
 0.2456 5450.75
 0.24572 5450.73
 0.24584 5450.7
 0.24596 5450.68
 0.24608 5450.66
 0.2462 5450.64
 0.24632 5450.61
 0.24644 5450.59
 0.24656 5450.57
 0.24668 5450.54
 0.2468 5450.52
 0.24692 5450.5
 0.24704 5450.47
 0.24716 5450.45
 0.24728 5450.43
 0.2474 5450.4
 0.24752 5450.38
 0.24764 5450.36
 0.24776 5450.33
 0.24788 5450.31
 0.248 5450.29
 0.24812 5450.26
 0.24824 5450.24
 0.24836 5450.22
 0.24848 5450.19
 0.2486 5450.17
 0.24872 5450.15
 0.24884 5450.13
 0.24896 5450.1
 0.24908 5450.08
 0.2492 5450.06
 0.24932 5450.04
 0.24944 5450.01
 0.24956 5449.99
 0.24968 5449.97
 0.2498 5449.95
 0.24992 5449.93
 0.25004 5449.91
 0.25016 5449.88
 0.25028 5449.86
 0.2504 5449.84
 0.25052 5449.82
 0.25064 5449.8
 0.25076 5449.78
 0.25088 5449.76
 0.251 5449.74
 0.25112 5449.72
 0.25124 5449.7
 0.25136 5449.68
 0.25148 5449.66
 0.2516 5449.64
 0.25172 5449.62
 0.25184 5449.6
 0.25196 5449.58
 0.25208 5449.56
 0.2522 5449.55
 0.25232 5449.53
 0.25244 5449.51
 0.25256 5449.49
 0.25268 5449.47
 0.2528 5449.46
 0.25292 5449.44
 0.25304 5449.42
 0.25316 5449.4
 0.25328 5449.39
 0.2534 5449.37
 0.25352 5449.35
 0.25364 5449.34
 0.25376 5449.32
 0.25388 5449.3
 0.254 5449.29
 0.25412 5449.27
 0.25424 5449.26
 0.25436 5449.24
 0.25448 5449.23
 0.2546 5449.21
 0.25472 5449.2
 0.25484 5449.18
 0.25496 5449.17
 0.25508 5449.15
 0.2552 5449.14
 0.25532 5449.13
 0.25544 5449.11
 0.25556 5449.1
 0.25568 5449.08
 0.2558 5449.07
 0.25592 5449.06
 0.25604 5449.05
 0.25616 5449.03
 0.25628 5449.02
 0.2564 5449.01
 0.25652 5449
 0.25664 5448.99
 0.25676 5448.97
 0.25688 5448.96
 0.257 5448.95
 0.25712 5448.94
 0.25724 5448.93
 0.25736 5448.92
 0.25748 5448.91
 0.2576 5448.9
 0.25772 5448.89
 0.25784 5448.88
 0.25796 5448.87
 0.25808 5448.86
 0.2582 5448.86
 0.25832 5448.85
 0.25844 5448.84
 0.25856 5448.83
 0.25868 5448.83
 0.2588 5448.82
 0.25892 5448.81
 0.25904 5448.8
 0.25916 5448.8
 0.25928 5448.79
 0.2594 5448.79
 0.25952 5448.78
 0.25964 5448.78
 0.25976 5448.77
 0.25988 5448.77
 0.26 5448.76
 0.26012 5448.76
 0.26024 5448.76
 0.26036 5448.75
 0.26048 5448.75
 0.2606 5448.75
 0.26072 5448.74
 0.26084 5448.74
 0.26096 5448.74
 0.26108 5448.74
 0.2612 5448.74
 0.26132 5448.74
 0.26144 5448.74
 0.26156 5448.74
 0.26168 5448.74
 0.2618 5448.74
 0.26192 5448.74
 0.26204 5448.74
 0.26216 5448.75
 0.26228 5448.75
 0.2624 5448.75
 0.26252 5448.76
 0.26264 5448.76
 0.26276 5448.76
 0.26288 5448.77
 0.263 5448.78
 0.26312 5448.78
 0.26324 5448.79
 0.26336 5448.8
 0.26348 5448.8
 0.2636 5448.81
 0.26372 5448.82
 0.26384 5448.83
 0.26396 5448.84
 0.26408 5448.85
 0.2642 5448.86
 0.26432 5448.87
 0.26444 5448.89
 0.26456 5448.9
 0.26468 5448.91
 0.2648 5448.93
 0.26492 5448.94
 0.26504 5448.96
 0.26516 5448.97
 0.26528 5448.99
 0.2654 5449.01
 0.26552 5449.03
 0.26564 5449.04
 0.26576 5449.06
 0.26588 5449.08
 0.266 5449.1
 0.26612 5449.12
 0.26624 5449.14
 0.26636 5449.17
 0.26648 5449.19
 0.2666 5449.21
 0.26672 5449.24
 0.26684 5449.26
 0.26696 5449.28
 0.26708 5449.31
 0.2672 5449.34
 0.26732 5449.36
 0.26744 5449.39
 0.26756 5449.42
 0.26768 5449.44
 0.2678 5449.47
 0.26792 5449.5
 0.26804 5449.53
 0.26816 5449.56
 0.26828 5449.59
 0.2684 5449.63
 0.26852 5449.66
 0.26864 5449.69
 0.26876 5449.72
 0.26888 5449.76
 0.269 5449.79
 0.26912 5449.83
 0.26924 5449.86
 0.26936 5449.9
 0.26948 5449.94
 0.2696 5449.97
 0.26972 5450.01
 0.26984 5450.05
 0.26996 5450.09
 0.27008 5450.13
 0.2702 5450.17
 0.27032 5450.21
 0.27044 5450.25
 0.27056 5450.29
 0.27068 5450.33
 0.2708 5450.38
 0.27092 5450.42
 0.27104 5450.46
 0.27116 5450.51
 0.27128 5450.55
 0.2714 5450.6
 0.27152 5450.64
 0.27164 5450.69
 0.27176 5450.73
 0.27188 5450.78
 0.272 5450.83
 0.27212 5450.87
 0.27224 5450.92
 0.27236 5450.97
 0.27248 5451.02
 0.2726 5451.07
 0.27272 5451.12
 0.27284 5451.17
 0.27296 5451.22
 0.27308 5451.27
 0.2732 5451.32
 0.27332 5451.37
 0.27344 5451.42
 0.27356 5451.47
 0.27368 5451.52
 0.2738 5451.57
 0.27392 5451.63
 0.27404 5451.68
 0.27416 5451.73
 0.27428 5451.78
 0.2744 5451.83
 0.27452 5451.89
 0.27464 5451.94
 0.27476 5451.99
 0.27488 5452.04
 0.275 5452.1
 0.27512 5452.15
 0.27524 5452.2
 0.27536 5452.26
 0.27548 5452.31
 0.2756 5452.36
 0.27572 5452.41
 0.27584 5452.47
 0.27596 5452.52
 0.27608 5452.57
 0.2762 5452.63
 0.27632 5452.68
 0.27644 5452.73
 0.27656 5452.78
 0.27668 5452.84
 0.2768 5452.89
 0.27692 5452.94
 0.27704 5452.99
 0.27716 5453.04
 0.27728 5453.1
 0.2774 5453.15
 0.27752 5453.2
 0.27764 5453.25
 0.27776 5453.3
 0.27788 5453.35
 0.278 5453.41
 0.27812 5453.46
 0.27824 5453.51
 0.27836 5453.56
 0.27848 5453.61
 0.2786 5453.66
 0.27872 5453.71
 0.27884 5453.75
 0.27896 5453.8
 0.27908 5453.85
 0.2792 5453.9
 0.27932 5453.95
 0.27944 5453.99
 0.27956 5454.04
 0.27968 5454.09
 0.2798 5454.13
 0.27992 5454.18
 0.28004 5454.22
 0.28016 5454.27
 0.28028 5454.31
 0.2804 5454.36
 0.28052 5454.4
 0.28064 5454.44
 0.28076 5454.49
 0.28088 5454.53
 0.281 5454.57
 0.28112 5454.61
 0.28124 5454.65
 0.28136 5454.69
 0.28148 5454.73
 0.2816 5454.77
 0.28172 5454.8
 0.28184 5454.84
 0.28196 5454.88
 0.28208 5454.91
 0.2822 5454.95
 0.28232 5454.98
 0.28244 5455.02
 0.28256 5455.05
 0.28268 5455.08
 0.2828 5455.12
 0.28292 5455.15
 0.28304 5455.18
 0.28316 5455.21
 0.28328 5455.24
 0.2834 5455.27
 0.28352 5455.3
 0.28364 5455.33
 0.28376 5455.36
 0.28388 5455.38
 0.284 5455.41
 0.28412 5455.44
 0.28424 5455.46
 0.28436 5455.49
 0.28448 5455.51
 0.2846 5455.53
 0.28472 5455.56
 0.28484 5455.58
 0.28496 5455.6
 0.28508 5455.62
 0.2852 5455.64
 0.28532 5455.66
 0.28544 5455.68
 0.28556 5455.7
 0.28568 5455.72
 0.2858 5455.74
 0.28592 5455.76
 0.28604 5455.78
 0.28616 5455.79
 0.28628 5455.81
 0.2864 5455.83
 0.28652 5455.84
 0.28664 5455.86
 0.28676 5455.87
 0.28688 5455.88
 0.287 5455.9
 0.28712 5455.91
 0.28724 5455.92
 0.28736 5455.93
 0.28748 5455.94
 0.2876 5455.95
 0.28772 5455.96
 0.28784 5455.97
 0.28796 5455.98
 0.28808 5455.99
 0.2882 5456
 0.28832 5456.01
 0.28844 5456.01
 0.28856 5456.02
 0.28868 5456.03
 0.2888 5456.03
 0.28892 5456.04
 0.28904 5456.04
 0.28916 5456.05
 0.28928 5456.05
 0.2894 5456.06
 0.28952 5456.06
 0.28964 5456.06
 0.28976 5456.06
 0.28988 5456.06
 0.29 5456.07
 0.29012 5456.07
 0.29024 5456.07
 0.29036 5456.07
 0.29048 5456.07
 0.2906 5456.07
 0.29072 5456.06
 0.29084 5456.06
 0.29096 5456.06
 0.29108 5456.06
 0.2912 5456.06
 0.29132 5456.05
 0.29144 5456.05
 0.29156 5456.05
 0.29168 5456.04
 0.2918 5456.04
 0.29192 5456.03
 0.29204 5456.03
 0.29216 5456.02
 0.29228 5456.01
 0.2924 5456.01
 0.29252 5456
 0.29264 5455.99
 0.29276 5455.98
 0.29288 5455.97
 0.293 5455.97
 0.29312 5455.96
 0.29324 5455.95
 0.29336 5455.93
 0.29348 5455.92
 0.2936 5455.91
 0.29372 5455.9
 0.29384 5455.89
 0.29396 5455.87
 0.29408 5455.86
 0.2942 5455.85
 0.29432 5455.83
 0.29444 5455.82
 0.29456 5455.8
 0.29468 5455.79
 0.2948 5455.77
 0.29492 5455.75
 0.29504 5455.73
 0.29516 5455.72
 0.29528 5455.7
 0.2954 5455.68
 0.29552 5455.66
 0.29564 5455.64
 0.29576 5455.62
 0.29588 5455.6
 0.296 5455.57
 0.29612 5455.55
 0.29624 5455.53
 0.29636 5455.51
 0.29648 5455.48
 0.2966 5455.46
 0.29672 5455.43
 0.29684 5455.41
 0.29696 5455.38
 0.29708 5455.36
 0.2972 5455.33
 0.29732 5455.3
 0.29744 5455.27
 0.29756 5455.24
 0.29768 5455.21
 0.2978 5455.18
 0.29792 5455.15
 0.29804 5455.12
 0.29816 5455.09
 0.29828 5455.06
 0.2984 5455.03
 0.29852 5454.99
 0.29864 5454.96
 0.29876 5454.93
 0.29888 5454.89
 0.299 5454.86
 0.29912 5454.82
 0.29924 5454.79
 0.29936 5454.75
 0.29948 5454.71
 0.2996 5454.67
 0.29972 5454.64
 0.29984 5454.6
 0.29996 5454.56
 0.30008 5454.52
 0.3002 5454.48
 0.30032 5454.44
 0.30044 5454.39
 0.30056 5454.35
 0.30068 5454.31
 0.3008 5454.27
 0.30092 5454.22
 0.30104 5454.18
 0.30116 5454.14
 0.30128 5454.09
 0.3014 5454.05
 0.30152 5454
 0.30164 5453.95
 0.30176 5453.91
 0.30188 5453.86
 0.302 5453.81
 0.30212 5453.76
 0.30224 5453.72
 0.30236 5453.67
 0.30248 5453.62
 0.3026 5453.57
 0.30272 5453.52
 0.30284 5453.47
 0.30296 5453.42
 0.30308 5453.36
 0.3032 5453.31
 0.30332 5453.26
 0.30344 5453.21
 0.30356 5453.16
 0.30368 5453.11
 0.3038 5453.05
 0.30392 5453
 0.30404 5452.95
 0.30416 5452.89
 0.30428 5452.84
 0.3044 5452.79
 0.30452 5452.73
 0.30464 5452.68
 0.30476 5452.62
 0.30488 5452.57
 0.305 5452.51
 0.30512 5452.46
 0.30524 5452.4
 0.30536 5452.35
 0.30548 5452.29
 0.3056 5452.24
 0.30572 5452.18
 0.30584 5452.13
 0.30596 5452.07
 0.30608 5452.01
 0.3062 5451.96
 0.30632 5451.9
 0.30644 5451.85
 0.30656 5451.79
 0.30668 5451.74
 0.3068 5451.68
 0.30692 5451.63
 0.30704 5451.57
 0.30716 5451.52
 0.30728 5451.46
 0.3074 5451.41
 0.30752 5451.35
 0.30764 5451.3
 0.30776 5451.24
 0.30788 5451.19
 0.308 5451.14
 0.30812 5451.08
 0.30824 5451.03
 0.30836 5450.98
 0.30848 5450.92
 0.3086 5450.87
 0.30872 5450.82
 0.30884 5450.77
 0.30896 5450.71
 0.30908 5450.66
 0.3092 5450.61
 0.30932 5450.56
 0.30944 5450.51
 0.30956 5450.46
 0.30968 5450.41
 0.3098 5450.36
 0.30992 5450.31
 0.31004 5450.26
 0.31016 5450.22
 0.31028 5450.17
 0.3104 5450.12
 0.31052 5450.07
 0.31064 5450.03
 0.31076 5449.98
 0.31088 5449.94
 0.311 5449.89
 0.31112 5449.85
 0.31124 5449.81
 0.31136 5449.77
 0.31148 5449.72
 0.3116 5449.68
 0.31172 5449.64
 0.31184 5449.6
 0.31196 5449.56
 0.31208 5449.53
 0.3122 5449.49
 0.31232 5449.45
 0.31244 5449.42
 0.31256 5449.38
 0.31268 5449.34
 0.3128 5449.31
 0.31292 5449.28
 0.31304 5449.24
 0.31316 5449.21
 0.31328 5449.18
 0.3134 5449.15
 0.31352 5449.12
 0.31364 5449.09
 0.31376 5449.06
 0.31388 5449.03
 0.314 5449.01
 0.31412 5448.98
 0.31424 5448.95
 0.31436 5448.93
 0.31448 5448.91
 0.3146 5448.88
 0.31472 5448.86
 0.31484 5448.84
 0.31496 5448.82
 0.31508 5448.8
 0.3152 5448.78
 0.31532 5448.76
 0.31544 5448.74
 0.31556 5448.72
 0.31568 5448.71
 0.3158 5448.69
 0.31592 5448.67
 0.31604 5448.66
 0.31616 5448.64
 0.31628 5448.63
 0.3164 5448.62
 0.31652 5448.61
 0.31664 5448.59
 0.31676 5448.58
 0.31688 5448.57
 0.317 5448.56
 0.31712 5448.55
 0.31724 5448.55
 0.31736 5448.54
 0.31748 5448.53
 0.3176 5448.52
 0.31772 5448.52
 0.31784 5448.51
 0.31796 5448.51
 0.31808 5448.5
 0.3182 5448.5
 0.31832 5448.5
 0.31844 5448.49
 0.31856 5448.49
 0.31868 5448.49
 0.3188 5448.49
 0.31892 5448.49
 0.31904 5448.49
 0.31916 5448.49
 0.31928 5448.49
 0.3194 5448.49
 0.31952 5448.5
 0.31964 5448.5
 0.31976 5448.5
 0.31988 5448.51
 0.32 5448.51
 0.32012 5448.52
 0.32024 5448.52
 0.32036 5448.53
 0.32048 5448.53
 0.3206 5448.54
 0.32072 5448.55
 0.32084 5448.55
 0.32096 5448.56
 0.32108 5448.57
 0.3212 5448.58
 0.32132 5448.59
 0.32144 5448.6
 0.32156 5448.61
 0.32168 5448.62
 0.3218 5448.63
 0.32192 5448.64
 0.32204 5448.65
 0.32216 5448.66
 0.32228 5448.68
 0.3224 5448.69
 0.32252 5448.7
 0.32264 5448.72
 0.32276 5448.73
 0.32288 5448.75
 0.323 5448.76
 0.32312 5448.78
 0.32324 5448.79
 0.32336 5448.81
 0.32348 5448.83
 0.3236 5448.84
 0.32372 5448.86
 0.32384 5448.88
 0.32396 5448.9
 0.32408 5448.92
 0.3242 5448.94
 0.32432 5448.96
 0.32444 5448.98
 0.32456 5449
 0.32468 5449.02
 0.3248 5449.04
 0.32492 5449.06
 0.32504 5449.08
 0.32516 5449.1
 0.32528 5449.13
 0.3254 5449.15
 0.32552 5449.18
 0.32564 5449.2
 0.32576 5449.22
 0.32588 5449.25
 0.326 5449.28
 0.32612 5449.3
 0.32624 5449.33
 0.32636 5449.36
 0.32648 5449.38
 0.3266 5449.41
 0.32672 5449.44
 0.32684 5449.47
 0.32696 5449.5
 0.32708 5449.53
 0.3272 5449.56
 0.32732 5449.59
 0.32744 5449.62
 0.32756 5449.65
 0.32768 5449.68
 0.3278 5449.72
 0.32792 5449.75
 0.32804 5449.78
 0.32816 5449.82
 0.32828 5449.85
 0.3284 5449.89
 0.32852 5449.92
 0.32864 5449.96
 0.32876 5450
 0.32888 5450.03
 0.329 5450.07
 0.32912 5450.11
 0.32924 5450.15
 0.32936 5450.19
 0.32948 5450.23
 0.3296 5450.27
 0.32972 5450.31
 0.32984 5450.35
 0.32996 5450.39
 0.33008 5450.43
 0.3302 5450.48
 0.33032 5450.52
 0.33044 5450.56
 0.33056 5450.61
 0.33068 5450.65
 0.3308 5450.7
 0.33092 5450.74
 0.33104 5450.79
 0.33116 5450.83
 0.33128 5450.88
 0.3314 5450.93
 0.33152 5450.98
 0.33164 5451.02
 0.33176 5451.07
 0.33188 5451.12
 0.332 5451.17
 0.33212 5451.22
 0.33224 5451.27
 0.33236 5451.32
 0.33248 5451.37
 0.3326 5451.42
 0.33272 5451.48
 0.33284 5451.53
 0.33296 5451.58
 0.33308 5451.63
 0.3332 5451.69
 0.33332 5451.74
 0.33344 5451.8
 0.33356 5451.85
 0.33368 5451.91
 0.3338 5451.96
 0.33392 5452.02
 0.33404 5452.07
 0.33416 5452.13
 0.33428 5452.19
 0.3344 5452.24
 0.33452 5452.3
 0.33464 5452.36
 0.33476 5452.41
 0.33488 5452.47
 0.335 5452.53
 0.33512 5452.59
 0.33524 5452.65
 0.33536 5452.71
 0.33548 5452.77
 0.3356 5452.83
 0.33572 5452.89
 0.33584 5452.95
 0.33596 5453.01
 0.33608 5453.07
 0.3362 5453.13
 0.33632 5453.19
 0.33644 5453.25
 0.33656 5453.31
 0.33668 5453.37
 0.3368 5453.43
 0.33692 5453.49
 0.33704 5453.55
 0.33716 5453.61
 0.33728 5453.67
 0.3374 5453.73
 0.33752 5453.79
 0.33764 5453.85
 0.33776 5453.91
 0.33788 5453.97
 0.338 5454.03
 0.33812 5454.09
 0.33824 5454.15
 0.33836 5454.21
 0.33848 5454.27
 0.3386 5454.33
 0.33872 5454.39
 0.33884 5454.45
 0.33896 5454.51
 0.33908 5454.57
 0.3392 5454.62
 0.33932 5454.68
 0.33944 5454.74
 0.33956 5454.8
 0.33968 5454.86
 0.3398 5454.91
 0.33992 5454.97
 0.34004 5455.03
 0.34016 5455.08
 0.34028 5455.14
 0.3404 5455.19
 0.34052 5455.25
 0.34064 5455.3
 0.34076 5455.36
 0.34088 5455.41
 0.341 5455.46
 0.34112 5455.52
 0.34124 5455.57
 0.34136 5455.62
 0.34148 5455.67
 0.3416 5455.72
 0.34172 5455.77
 0.34184 5455.82
 0.34196 5455.87
 0.34208 5455.92
 0.3422 5455.96
 0.34232 5456.01
 0.34244 5456.06
 0.34256 5456.1
 0.34268 5456.15
 0.3428 5456.19
 0.34292 5456.24
 0.34304 5456.28
 0.34316 5456.32
 0.34328 5456.36
 0.3434 5456.4
 0.34352 5456.44
 0.34364 5456.48
 0.34376 5456.52
 0.34388 5456.56
 0.344 5456.6
 0.34412 5456.63
 0.34424 5456.67
 0.34436 5456.7
 0.34448 5456.73
 0.3446 5456.77
 0.34472 5456.8
 0.34484 5456.83
 0.34496 5456.86
 0.34508 5456.89
 0.3452 5456.92
 0.34532 5456.94
 0.34544 5456.97
 0.34556 5457
 0.34568 5457.02
 0.3458 5457.05
 0.34592 5457.07
 0.34604 5457.09
 0.34616 5457.12
 0.34628 5457.14
 0.3464 5457.16
 0.34652 5457.18
 0.34664 5457.2
 0.34676 5457.22
 0.34688 5457.23
 0.347 5457.25
 0.34712 5457.27
 0.34724 5457.28
 0.34736 5457.3
 0.34748 5457.31
 0.3476 5457.32
 0.34772 5457.33
 0.34784 5457.35
 0.34796 5457.36
 0.34808 5457.37
 0.3482 5457.38
 0.34832 5457.38
 0.34844 5457.39
 0.34856 5457.4
 0.34868 5457.41
 0.3488 5457.41
 0.34892 5457.42
 0.34904 5457.42
 0.34916 5457.43
 0.34928 5457.43
 0.3494 5457.43
 0.34952 5457.44
 0.34964 5457.44
 0.34976 5457.44
 0.34988 5457.44
 0.35 5457.44
 0.35012 5457.44
 0.35024 5457.44
 0.35036 5457.43
 0.35048 5457.43
 0.3506 5457.43
 0.35072 5457.42
 0.35084 5457.42
 0.35096 5457.42
 0.35108 5457.41
 0.3512 5457.4
 0.35132 5457.4
 0.35144 5457.39
 0.35156 5457.38
 0.35168 5457.38
 0.3518 5457.37
 0.35192 5457.36
 0.35204 5457.35
 0.35216 5457.34
 0.35228 5457.33
 0.3524 5457.31
 0.35252 5457.3
 0.35264 5457.29
 0.35276 5457.28
 0.35288 5457.26
 0.353 5457.25
 0.35312 5457.23
 0.35324 5457.22
 0.35336 5457.2
 0.35348 5457.19
 0.3536 5457.17
 0.35372 5457.16
 0.35384 5457.14
 0.35396 5457.12
 0.35408 5457.1
 0.3542 5457.09
 0.35432 5457.07
 0.35444 5457.05
 0.35456 5457.03
 0.35468 5457.01
 0.3548 5456.99
 0.35492 5456.97
 0.35504 5456.94
 0.35516 5456.92
 0.35528 5456.9
 0.3554 5456.88
 0.35552 5456.85
 0.35564 5456.83
 0.35576 5456.8
 0.35588 5456.78
 0.356 5456.75
 0.35612 5456.73
 0.35624 5456.7
 0.35636 5456.68
 0.35648 5456.65
 0.3566 5456.62
 0.35672 5456.59
 0.35684 5456.56
 0.35696 5456.53
 0.35708 5456.5
 0.3572 5456.47
 0.35732 5456.44
 0.35744 5456.41
 0.35756 5456.38
 0.35768 5456.35
 0.3578 5456.32
 0.35792 5456.28
 0.35804 5456.25
 0.35816 5456.22
 0.35828 5456.18
 0.3584 5456.15
 0.35852 5456.11
 0.35864 5456.07
 0.35876 5456.04
 0.35888 5456
 0.359 5455.96
 0.35912 5455.92
 0.35924 5455.89
 0.35936 5455.85
 0.35948 5455.81
 0.3596 5455.77
 0.35972 5455.73
 0.35984 5455.69
 0.35996 5455.64
 0.36008 5455.6
 0.3602 5455.56
 0.36032 5455.52
 0.36044 5455.47
 0.36056 5455.43
 0.36068 5455.38
 0.3608 5455.34
 0.36092 5455.29
 0.36104 5455.25
 0.36116 5455.2
 0.36128 5455.15
 0.3614 5455.11
 0.36152 5455.06
 0.36164 5455.01
 0.36176 5454.96
 0.36188 5454.91
 0.362 5454.86
 0.36212 5454.81
 0.36224 5454.76
 0.36236 5454.71
 0.36248 5454.66
 0.3626 5454.61
 0.36272 5454.55
 0.36284 5454.5
 0.36296 5454.45
 0.36308 5454.39
 0.3632 5454.34
 0.36332 5454.28
 0.36344 5454.23
 0.36356 5454.17
 0.36368 5454.12
 0.3638 5454.06
 0.36392 5454.01
 0.36404 5453.95
 0.36416 5453.89
 0.36428 5453.83
 0.3644 5453.78
 0.36452 5453.72
 0.36464 5453.66
 0.36476 5453.6
 0.36488 5453.54
 0.365 5453.48
 0.36512 5453.42
 0.36524 5453.36
 0.36536 5453.3
 0.36548 5453.24
 0.3656 5453.18
 0.36572 5453.12
 0.36584 5453.06
 0.36596 5452.99
 0.36608 5452.93
 0.3662 5452.87
 0.36632 5452.81
 0.36644 5452.74
 0.36656 5452.68
 0.36668 5452.62
 0.3668 5452.56
 0.36692 5452.49
 0.36704 5452.43
 0.36716 5452.36
 0.36728 5452.3
 0.3674 5452.24
 0.36752 5452.17
 0.36764 5452.11
 0.36776 5452.04
 0.36788 5451.98
 0.368 5451.91
 0.36812 5451.85
 0.36824 5451.79
 0.36836 5451.72
 0.36848 5451.66
 0.3686 5451.59
 0.36872 5451.53
 0.36884 5451.47
 0.36896 5451.4
 0.36908 5451.34
 0.3692 5451.27
 0.36932 5451.21
 0.36944 5451.15
 0.36956 5451.08
 0.36968 5451.02
 0.3698 5450.96
 0.36992 5450.89
 0.37004 5450.83
 0.37016 5450.77
 0.37028 5450.71
 0.3704 5450.64
 0.37052 5450.58
 0.37064 5450.52
 0.37076 5450.46
 0.37088 5450.4
 0.371 5450.34
 0.37112 5450.28
 0.37124 5450.22
 0.37136 5450.16
 0.37148 5450.1
 0.3716 5450.05
 0.37172 5449.99
 0.37184 5449.93
 0.37196 5449.87
 0.37208 5449.82
 0.3722 5449.76
 0.37232 5449.71
 0.37244 5449.65
 0.37256 5449.6
 0.37268 5449.54
 0.3728 5449.49
 0.37292 5449.44
 0.37304 5449.39
 0.37316 5449.34
 0.37328 5449.29
 0.3734 5449.24
 0.37352 5449.19
 0.37364 5449.14
 0.37376 5449.09
 0.37388 5449.05
 0.374 5449
 0.37412 5448.96
 0.37424 5448.91
 0.37436 5448.87
 0.37448 5448.83
 0.3746 5448.78
 0.37472 5448.74
 0.37484 5448.7
 0.37496 5448.66
 0.37508 5448.63
 0.3752 5448.59
 0.37532 5448.55
 0.37544 5448.51
 0.37556 5448.48
 0.37568 5448.45
 0.3758 5448.41
 0.37592 5448.38
 0.37604 5448.35
 0.37616 5448.32
 0.37628 5448.29
 0.3764 5448.26
 0.37652 5448.23
 0.37664 5448.2
 0.37676 5448.18
 0.37688 5448.15
 0.377 5448.13
 0.37712 5448.1
 0.37724 5448.08
 0.37736 5448.06
 0.37748 5448.04
 0.3776 5448.02
 0.37772 5448
 0.37784 5447.98
 0.37796 5447.96
 0.37808 5447.94
 0.3782 5447.93
 0.37832 5447.91
 0.37844 5447.9
 0.37856 5447.88
 0.37868 5447.87
 0.3788 5447.86
 0.37892 5447.85
 0.37904 5447.84
 0.37916 5447.83
 0.37928 5447.82
 0.3794 5447.81
 0.37952 5447.8
 0.37964 5447.79
 0.37976 5447.79
 0.37988 5447.78
 0.38 5447.78
 0.38012 5447.78
 0.38024 5447.77
 0.38036 5447.77
 0.38048 5447.77
 0.3806 5447.77
 0.38072 5447.77
 0.38084 5447.77
 0.38096 5447.77
 0.38108 5447.77
 0.3812 5447.77
 0.38132 5447.77
 0.38144 5447.78
 0.38156 5447.78
 0.38168 5447.79
 0.3818 5447.79
 0.38192 5447.8
 0.38204 5447.81
 0.38216 5447.81
 0.38228 5447.82
 0.3824 5447.83
 0.38252 5447.84
 0.38264 5447.85
 0.38276 5447.86
 0.38288 5447.87
 0.383 5447.89
 0.38312 5447.9
 0.38324 5447.91
 0.38336 5447.93
 0.38348 5447.94
 0.3836 5447.95
 0.38372 5447.97
 0.38384 5447.99
 0.38396 5448
 0.38408 5448.02
 0.3842 5448.04
 0.38432 5448.05
 0.38444 5448.07
 0.38456 5448.09
 0.38468 5448.11
 0.3848 5448.13
 0.38492 5448.15
 0.38504 5448.17
 0.38516 5448.2
 0.38528 5448.22
 0.3854 5448.24
 0.38552 5448.26
 0.38564 5448.29
 0.38576 5448.31
 0.38588 5448.34
 0.386 5448.36
 0.38612 5448.39
 0.38624 5448.41
 0.38636 5448.44
 0.38648 5448.47
 0.3866 5448.49
 0.38672 5448.52
 0.38684 5448.55
 0.38696 5448.58
 0.38708 5448.61
 0.3872 5448.64
 0.38732 5448.67
 0.38744 5448.7
 0.38756 5448.73
 0.38768 5448.77
 0.3878 5448.8
 0.38792 5448.83
 0.38804 5448.87
 0.38816 5448.9
 0.38828 5448.93
 0.3884 5448.97
 0.38852 5449.01
 0.38864 5449.04
 0.38876 5449.08
 0.38888 5449.12
 0.389 5449.15
 0.38912 5449.19
 0.38924 5449.23
 0.38936 5449.27
 0.38948 5449.31
 0.3896 5449.35
 0.38972 5449.39
 0.38984 5449.43
 0.38996 5449.47
 0.39008 5449.52
 0.3902 5449.56
 0.39032 5449.6
 0.39044 5449.65
 0.39056 5449.69
 0.39068 5449.74
 0.3908 5449.78
 0.39092 5449.83
 0.39104 5449.88
 0.39116 5449.92
 0.39128 5449.97
 0.3914 5450.02
 0.39152 5450.07
 0.39164 5450.11
 0.39176 5450.16
 0.39188 5450.21
 0.392 5450.26
 0.39212 5450.31
 0.39224 5450.37
 0.39236 5450.42
 0.39248 5450.47
 0.3926 5450.52
 0.39272 5450.58
 0.39284 5450.63
 0.39296 5450.68
 0.39308 5450.74
 0.3932 5450.79
 0.39332 5450.85
 0.39344 5450.9
 0.39356 5450.96
 0.39368 5451.01
 0.3938 5451.07
 0.39392 5451.13
 0.39404 5451.19
 0.39416 5451.24
 0.39428 5451.3
 0.3944 5451.36
 0.39452 5451.42
 0.39464 5451.48
 0.39476 5451.54
 0.39488 5451.6
 0.395 5451.66
 0.39512 5451.72
 0.39524 5451.78
 0.39536 5451.85
 0.39548 5451.91
 0.3956 5451.97
 0.39572 5452.03
 0.39584 5452.1
 0.39596 5452.16
 0.39608 5452.22
 0.3962 5452.29
 0.39632 5452.35
 0.39644 5452.42
 0.39656 5452.48
 0.39668 5452.55
 0.3968 5452.61
 0.39692 5452.68
 0.39704 5452.74
 0.39716 5452.81
 0.39728 5452.88
 0.3974 5452.94
 0.39752 5453.01
 0.39764 5453.08
 0.39776 5453.14
 0.39788 5453.21
 0.398 5453.28
 0.39812 5453.35
 0.39824 5453.41
 0.39836 5453.48
 0.39848 5453.55
 0.3986 5453.62
 0.39872 5453.69
 0.39884 5453.75
 0.39896 5453.82
 0.39908 5453.89
 0.3992 5453.96
 0.39932 5454.03
 0.39944 5454.09
 0.39956 5454.16
 0.39968 5454.23
 0.3998 5454.3
 0.39992 5454.37
 0.40004 5454.44
 0.40016 5454.5
 0.40028 5454.57
 0.4004 5454.64
 0.40052 5454.71
 0.40064 5454.77
 0.40076 5454.84
 0.40088 5454.91
 0.401 5454.97
 0.40112 5455.04
 0.40124 5455.1
 0.40136 5455.17
 0.40148 5455.23
 0.4016 5455.3
 0.40172 5455.36
 0.40184 5455.43
 0.40196 5455.49
 0.40208 5455.56
 0.4022 5455.62
 0.40232 5455.68
 0.40244 5455.74
 0.40256 5455.81
 0.40268 5455.87
 0.4028 5455.93
 0.40292 5455.99
 0.40304 5456.05
 0.40316 5456.11
 0.40328 5456.17
 0.4034 5456.22
 0.40352 5456.28
 0.40364 5456.34
 0.40376 5456.39
 0.40388 5456.45
 0.404 5456.5
 0.40412 5456.56
 0.40424 5456.61
 0.40436 5456.66
 0.40448 5456.72
 0.4046 5456.77
 0.40472 5456.82
 0.40484 5456.87
 0.40496 5456.92
 0.40508 5456.96
 0.4052 5457.01
 0.40532 5457.06
 0.40544 5457.11
 0.40556 5457.15
 0.40568 5457.19
 0.4058 5457.24
 0.40592 5457.28
 0.40604 5457.32
 0.40616 5457.36
 0.40628 5457.4
 0.4064 5457.44
 0.40652 5457.48
 0.40664 5457.51
 0.40676 5457.55
 0.40688 5457.58
 0.407 5457.62
 0.40712 5457.65
 0.40724 5457.68
 0.40736 5457.71
 0.40748 5457.74
 0.4076 5457.77
 0.40772 5457.8
 0.40784 5457.83
 0.40796 5457.85
 0.40808 5457.88
 0.4082 5457.9
 0.40832 5457.93
 0.40844 5457.95
 0.40856 5457.97
 0.40868 5457.99
 0.4088 5458.01
 0.40892 5458.03
 0.40904 5458.05
 0.40916 5458.07
 0.40928 5458.08
 0.4094 5458.1
 0.40952 5458.11
 0.40964 5458.13
 0.40976 5458.14
 0.40988 5458.15
 0.41 5458.16
 0.41012 5458.17
 0.41024 5458.18
 0.41036 5458.19
 0.41048 5458.2
 0.4106 5458.2
 0.41072 5458.21
 0.41084 5458.22
 0.41096 5458.22
 0.41108 5458.22
 0.4112 5458.23
 0.41132 5458.23
 0.41144 5458.23
 0.41156 5458.23
 0.41168 5458.23
 0.4118 5458.23
 0.41192 5458.23
 0.41204 5458.23
 0.41216 5458.22
 0.41228 5458.22
 0.4124 5458.21
 0.41252 5458.21
 0.41264 5458.2
 0.41276 5458.19
 0.41288 5458.19
 0.413 5458.18
 0.41312 5458.17
 0.41324 5458.16
 0.41336 5458.15
 0.41348 5458.14
 0.4136 5458.13
 0.41372 5458.11
 0.41384 5458.1
 0.41396 5458.09
 0.41408 5458.07
 0.4142 5458.06
 0.41432 5458.04
 0.41444 5458.03
 0.41456 5458.01
 0.41468 5457.99
 0.4148 5457.97
 0.41492 5457.95
 0.41504 5457.93
 0.41516 5457.91
 0.41528 5457.89
 0.4154 5457.87
 0.41552 5457.85
 0.41564 5457.83
 0.41576 5457.8
 0.41588 5457.78
 0.416 5457.76
 0.41612 5457.73
 0.41624 5457.71
 0.41636 5457.68
 0.41648 5457.65
 0.4166 5457.63
 0.41672 5457.6
 0.41684 5457.57
 0.41696 5457.54
 0.41708 5457.52
 0.4172 5457.49
 0.41732 5457.46
 0.41744 5457.43
 0.41756 5457.39
 0.41768 5457.36
 0.4178 5457.33
 0.41792 5457.3
 0.41804 5457.26
 0.41816 5457.23
 0.41828 5457.2
 0.4184 5457.16
 0.41852 5457.13
 0.41864 5457.09
 0.41876 5457.05
 0.41888 5457.02
 0.419 5456.98
 0.41912 5456.94
 0.41924 5456.9
 0.41936 5456.86
 0.41948 5456.82
 0.4196 5456.78
 0.41972 5456.74
 0.41984 5456.7
 0.41996 5456.66
 0.42008 5456.62
 0.4202 5456.58
 0.42032 5456.53
 0.42044 5456.49
 0.42056 5456.44
 0.42068 5456.4
 0.4208 5456.35
 0.42092 5456.31
 0.42104 5456.26
 0.42116 5456.22
 0.42128 5456.17
 0.4214 5456.12
 0.42152 5456.07
 0.42164 5456.02
 0.42176 5455.97
 0.42188 5455.92
 0.422 5455.87
 0.42212 5455.82
 0.42224 5455.77
 0.42236 5455.72
 0.42248 5455.67
 0.4226 5455.61
 0.42272 5455.56
 0.42284 5455.51
 0.42296 5455.45
 0.42308 5455.4
 0.4232 5455.34
 0.42332 5455.29
 0.42344 5455.23
 0.42356 5455.18
 0.42368 5455.12
 0.4238 5455.06
 0.42392 5455.01
 0.42404 5454.95
 0.42416 5454.89
 0.42428 5454.83
 0.4244 5454.77
 0.42452 5454.71
 0.42464 5454.65
 0.42476 5454.59
 0.42488 5454.53
 0.425 5454.47
 0.42512 5454.41
 0.42524 5454.35
 0.42536 5454.29
 0.42548 5454.22
 0.4256 5454.16
 0.42572 5454.1
 0.42584 5454.03
 0.42596 5453.97
 0.42608 5453.91
 0.4262 5453.84
 0.42632 5453.78
 0.42644 5453.71
 0.42656 5453.64
 0.42668 5453.58
 0.4268 5453.51
 0.42692 5453.45
 0.42704 5453.38
 0.42716 5453.31
 0.42728 5453.24
 0.4274 5453.17
 0.42752 5453.11
 0.42764 5453.04
 0.42776 5452.97
 0.42788 5452.9
 0.428 5452.83
 0.42812 5452.76
 0.42824 5452.69
 0.42836 5452.62
 0.42848 5452.55
 0.4286 5452.48
 0.42872 5452.41
 0.42884 5452.34
 0.42896 5452.27
 0.42908 5452.2
 0.4292 5452.13
 0.42932 5452.06
 0.42944 5451.99
 0.42956 5451.91
 0.42968 5451.84
 0.4298 5451.77
 0.42992 5451.7
 0.43004 5451.63
 0.43016 5451.56
 0.43028 5451.48
 0.4304 5451.41
 0.43052 5451.34
 0.43064 5451.27
 0.43076 5451.2
 0.43088 5451.13
 0.431 5451.06
 0.43112 5450.99
 0.43124 5450.91
 0.43136 5450.84
 0.43148 5450.77
 0.4316 5450.7
 0.43172 5450.63
 0.43184 5450.56
 0.43196 5450.49
 0.43208 5450.43
 0.4322 5450.36
 0.43232 5450.29
 0.43244 5450.22
 0.43256 5450.15
 0.43268 5450.08
 0.4328 5450.01
 0.43292 5449.95
 0.43304 5449.88
 0.43316 5449.81
 0.43328 5449.75
 0.4334 5449.68
 0.43352 5449.62
 0.43364 5449.55
 0.43376 5449.49
 0.43388 5449.43
 0.434 5449.36
 0.43412 5449.3
 0.43424 5449.24
 0.43436 5449.18
 0.43448 5449.12
 0.4346 5449.06
 0.43472 5449
 0.43484 5448.94
 0.43496 5448.88
 0.43508 5448.82
 0.4352 5448.77
 0.43532 5448.71
 0.43544 5448.65
 0.43556 5448.6
 0.43568 5448.54
 0.4358 5448.49
 0.43592 5448.44
 0.43604 5448.39
 0.43616 5448.34
 0.43628 5448.29
 0.4364 5448.24
 0.43652 5448.19
 0.43664 5448.14
 0.43676 5448.1
 0.43688 5448.05
 0.437 5448.01
 0.43712 5447.96
 0.43724 5447.92
 0.43736 5447.88
 0.43748 5447.84
 0.4376 5447.8
 0.43772 5447.76
 0.43784 5447.72
 0.43796 5447.68
 0.43808 5447.65
 0.4382 5447.61
 0.43832 5447.57
 0.43844 5447.54
 0.43856 5447.51
 0.43868 5447.48
 0.4388 5447.45
 0.43892 5447.42
 0.43904 5447.39
 0.43916 5447.36
 0.43928 5447.33
 0.4394 5447.31
 0.43952 5447.28
 0.43964 5447.26
 0.43976 5447.23
 0.43988 5447.21
 0.44 5447.19
 0.44012 5447.17
 0.44024 5447.15
 0.44036 5447.13
 0.44048 5447.11
 0.4406 5447.1
 0.44072 5447.08
 0.44084 5447.06
 0.44096 5447.05
 0.44108 5447.04
 0.4412 5447.02
 0.44132 5447.01
 0.44144 5447
 0.44156 5446.99
 0.44168 5446.98
 0.4418 5446.97
 0.44192 5446.96
 0.44204 5446.96
 0.44216 5446.95
 0.44228 5446.94
 0.4424 5446.94
 0.44252 5446.94
 0.44264 5446.93
 0.44276 5446.93
 0.44288 5446.93
 0.443 5446.93
 0.44312 5446.93
 0.44324 5446.93
 0.44336 5446.93
 0.44348 5446.94
 0.4436 5446.94
 0.44372 5446.94
 0.44384 5446.95
 0.44396 5446.95
 0.44408 5446.96
 0.4442 5446.97
 0.44432 5446.98
 0.44444 5446.98
 0.44456 5446.99
 0.44468 5447
 0.4448 5447.01
 0.44492 5447.03
 0.44504 5447.04
 0.44516 5447.05
 0.44528 5447.07
 0.4454 5447.08
 0.44552 5447.09
 0.44564 5447.11
 0.44576 5447.13
 0.44588 5447.14
 0.446 5447.16
 0.44612 5447.18
 0.44624 5447.2
 0.44636 5447.21
 0.44648 5447.23
 0.4466 5447.25
 0.44672 5447.27
 0.44684 5447.3
 0.44696 5447.32
 0.44708 5447.34
 0.4472 5447.36
 0.44732 5447.39
 0.44744 5447.41
 0.44756 5447.44
 0.44768 5447.46
 0.4478 5447.49
 0.44792 5447.52
 0.44804 5447.54
 0.44816 5447.57
 0.44828 5447.6
 0.4484 5447.63
 0.44852 5447.66
 0.44864 5447.69
 0.44876 5447.72
 0.44888 5447.75
 0.449 5447.78
 0.44912 5447.81
 0.44924 5447.85
 0.44936 5447.88
 0.44948 5447.91
 0.4496 5447.95
 0.44972 5447.98
 0.44984 5448.02
 0.44996 5448.05
 0.45008 5448.09
 0.4502 5448.13
 0.45032 5448.16
 0.45044 5448.2
 0.45056 5448.24
 0.45068 5448.28
 0.4508 5448.32
 0.45092 5448.36
 0.45104 5448.4
 0.45116 5448.44
 0.45128 5448.49
 0.4514 5448.53
 0.45152 5448.57
 0.45164 5448.61
 0.45176 5448.66
 0.45188 5448.7
 0.452 5448.75
 0.45212 5448.79
 0.45224 5448.84
 0.45236 5448.89
 0.45248 5448.93
 0.4526 5448.98
 0.45272 5449.03
 0.45284 5449.08
 0.45296 5449.13
 0.45308 5449.18
 0.4532 5449.23
 0.45332 5449.28
 0.45344 5449.33
 0.45356 5449.38
 0.45368 5449.43
 0.4538 5449.48
 0.45392 5449.54
 0.45404 5449.59
 0.45416 5449.64
 0.45428 5449.7
 0.4544 5449.75
 0.45452 5449.81
 0.45464 5449.86
 0.45476 5449.92
 0.45488 5449.97
 0.455 5450.03
 0.45512 5450.09
 0.45524 5450.15
 0.45536 5450.2
 0.45548 5450.26
 0.4556 5450.32
 0.45572 5450.38
 0.45584 5450.44
 0.45596 5450.5
 0.45608 5450.56
 0.4562 5450.62
 0.45632 5450.69
 0.45644 5450.75
 0.45656 5450.81
 0.45668 5450.87
 0.4568 5450.94
 0.45692 5451
 0.45704 5451.06
 0.45716 5451.13
 0.45728 5451.19
 0.4574 5451.26
 0.45752 5451.32
 0.45764 5451.39
 0.45776 5451.46
 0.45788 5451.52
 0.458 5451.59
 0.45812 5451.66
 0.45824 5451.73
 0.45836 5451.79
 0.45848 5451.86
 0.4586 5451.93
 0.45872 5452
 0.45884 5452.07
 0.45896 5452.14
 0.45908 5452.21
 0.4592 5452.28
 0.45932 5452.35
 0.45944 5452.42
 0.45956 5452.49
 0.45968 5452.57
 0.4598 5452.64
 0.45992 5452.71
 0.46004 5452.78
 0.46016 5452.86
 0.46028 5452.93
 0.4604 5453
 0.46052 5453.07
 0.46064 5453.15
 0.46076 5453.22
 0.46088 5453.29
 0.461 5453.37
 0.46112 5453.44
 0.46124 5453.51
 0.46136 5453.59
 0.46148 5453.66
 0.4616 5453.74
 0.46172 5453.81
 0.46184 5453.88
 0.46196 5453.96
 0.46208 5454.03
 0.4622 5454.11
 0.46232 5454.18
 0.46244 5454.25
 0.46256 5454.33
 0.46268 5454.4
 0.4628 5454.48
 0.46292 5454.55
 0.46304 5454.62
 0.46316 5454.7
 0.46328 5454.77
 0.4634 5454.84
 0.46352 5454.92
 0.46364 5454.99
 0.46376 5455.06
 0.46388 5455.14
 0.464 5455.21
 0.46412 5455.28
 0.46424 5455.35
 0.46436 5455.43
 0.46448 5455.5
 0.4646 5455.57
 0.46472 5455.64
 0.46484 5455.71
 0.46496 5455.78
 0.46508 5455.86
 0.4652 5455.93
 0.46532 5456
 0.46544 5456.07
 0.46556 5456.14
 0.46568 5456.21
 0.4658 5456.28
 0.46592 5456.34
 0.46604 5456.41
 0.46616 5456.48
 0.46628 5456.55
 0.4664 5456.61
 0.46652 5456.68
 0.46664 5456.75
 0.46676 5456.81
 0.46688 5456.88
 0.467 5456.94
 0.46712 5457.01
 0.46724 5457.07
 0.46736 5457.13
 0.46748 5457.2
 0.4676 5457.26
 0.46772 5457.32
 0.46784 5457.38
 0.46796 5457.44
 0.46808 5457.5
 0.4682 5457.56
 0.46832 5457.62
 0.46844 5457.68
 0.46856 5457.74
 0.46868 5457.8
 0.4688 5457.86
 0.46892 5457.91
 0.46904 5457.97
 0.46916 5458.02
 0.46928 5458.08
 0.4694 5458.13
 0.46952 5458.19
 0.46964 5458.24
 0.46976 5458.29
 0.46988 5458.35
 0.47 5458.4
 0.47012 5458.45
 0.47024 5458.5
 0.47036 5458.55
 0.47048 5458.6
 0.4706 5458.65
 0.47072 5458.7
 0.47084 5458.75
 0.47096 5458.8
 0.47108 5458.85
 0.4712 5458.89
 0.47132 5458.94
 0.47144 5458.99
 0.47156 5459.03
 0.47168 5459.08
 0.4718 5459.12
 0.47192 5459.17
 0.47204 5459.21
 0.47216 5459.26
 0.47228 5459.3
 0.4724 5459.34
 0.47252 5459.38
 0.47264 5459.43
 0.47276 5459.47
 0.47288 5459.51
 0.473 5459.55
 0.47312 5459.59
 0.47324 5459.63
 0.47336 5459.67
 0.47348 5459.71
 0.4736 5459.74
 0.47372 5459.78
 0.47384 5459.82
 0.47396 5459.86
 0.47408 5459.89
 0.4742 5459.93
 0.47432 5459.96
 0.47444 5460
 0.47456 5460.03
 0.47468 5460.07
 0.4748 5460.1
 0.47492 5460.13
 0.47504 5460.16
 0.47516 5460.2
 0.47528 5460.23
 0.4754 5460.26
 0.47552 5460.29
 0.47564 5460.32
 0.47576 5460.35
 0.47588 5460.38
 0.476 5460.41
 0.47612 5460.44
 0.47624 5460.47
 0.47636 5460.5
 0.47648 5460.53
 0.4766 5460.56
 0.47672 5460.58
 0.47684 5460.61
 0.47696 5460.64
 0.47708 5460.66
 0.4772 5460.69
 0.47732 5460.72
 0.47744 5460.74
 0.47756 5460.77
 0.47768 5460.79
 0.4778 5460.82
 0.47792 5460.84
 0.47804 5460.86
 0.47816 5460.89
 0.47828 5460.91
 0.4784 5460.93
 0.47852 5460.96
 0.47864 5460.98
 0.47876 5461
 0.47888 5461.02
 0.479 5461.04
 0.47912 5461.06
 0.47924 5461.08
 0.47936 5461.1
 0.47948 5461.12
 0.4796 5461.14
 0.47972 5461.16
 0.47984 5461.18
 0.47996 5461.2
 0.48008 5461.22
 0.4802 5461.24
 0.48032 5461.25
 0.48044 5461.27
 0.48056 5461.29
 0.48068 5461.3
 0.4808 5461.32
 0.48092 5461.33
 0.48104 5461.35
 0.48116 5461.36
 0.48128 5461.38
 0.4814 5461.39
 0.48152 5461.4
 0.48164 5461.41
 0.48176 5461.43
 0.48188 5461.44
 0.482 5461.45
 0.48212 5461.46
 0.48224 5461.47
 0.48236 5461.48
 0.48248 5461.49
 0.4826 5461.5
 0.48272 5461.51
 0.48284 5461.52
 0.48296 5461.52
 0.48308 5461.53
 0.4832 5461.54
 0.48332 5461.54
 0.48344 5461.55
 0.48356 5461.56
 0.48368 5461.56
 0.4838 5461.56
 0.48392 5461.57
 0.48404 5461.57
 0.48416 5461.58
 0.48428 5461.58
 0.4844 5461.58
 0.48452 5461.58
 0.48464 5461.58
 0.48476 5461.59
 0.48488 5461.59
 0.485 5461.59
 0.48512 5461.59
 0.48524 5461.59
 0.48536 5461.58
 0.48548 5461.58
 0.4856 5461.58
 0.48572 5461.58
 0.48584 5461.58
 0.48596 5461.57
 0.48608 5461.57
 0.4862 5461.56
 0.48632 5461.56
 0.48644 5461.55
 0.48656 5461.55
 0.48668 5461.54
 0.4868 5461.54
 0.48692 5461.53
 0.48704 5461.52
 0.48716 5461.51
 0.48728 5461.51
 0.4874 5461.5
 0.48752 5461.49
 0.48764 5461.48
 0.48776 5461.47
 0.48788 5461.46
 0.488 5461.45
 0.48812 5461.43
 0.48824 5461.42
 0.48836 5461.41
 0.48848 5461.4
 0.4886 5461.38
 0.48872 5461.37
 0.48884 5461.35
 0.48896 5461.34
 0.48908 5461.32
 0.4892 5461.31
 0.48932 5461.29
 0.48944 5461.27
 0.48956 5461.26
 0.48968 5461.24
 0.4898 5461.22
 0.48992 5461.2
 0.49004 5461.18
 0.49016 5461.16
 0.49028 5461.14
 0.4904 5461.12
 0.49052 5461.1
 0.49064 5461.08
 0.49076 5461.06
 0.49088 5461.04
 0.491 5461.02
 0.49112 5461
 0.49124 5460.97
 0.49136 5460.95
 0.49148 5460.93
 0.4916 5460.9
 0.49172 5460.88
 0.49184 5460.85
 0.49196 5460.83
 0.49208 5460.8
 0.4922 5460.78
 0.49232 5460.75
 0.49244 5460.73
 0.49256 5460.7
 0.49268 5460.67
 0.4928 5460.65
 0.49292 5460.62
 0.49304 5460.59
 0.49316 5460.56
 0.49328 5460.53
 0.4934 5460.5
 0.49352 5460.47
 0.49364 5460.44
 0.49376 5460.41
 0.49388 5460.38
 0.494 5460.35
 0.49412 5460.32
 0.49424 5460.29
 0.49436 5460.26
 0.49448 5460.22
 0.4946 5460.19
 0.49472 5460.16
 0.49484 5460.12
 0.49496 5460.09
 0.49508 5460.06
 0.4952 5460.02
 0.49532 5459.98
 0.49544 5459.95
 0.49556 5459.91
 0.49568 5459.88
 0.4958 5459.84
 0.49592 5459.8
 0.49604 5459.77
 0.49616 5459.73
 0.49628 5459.69
 0.4964 5459.65
 0.49652 5459.61
 0.49664 5459.58
 0.49676 5459.54
 0.49688 5459.5
 0.497 5459.46
 0.49712 5459.42
 0.49724 5459.38
 0.49736 5459.34
 0.49748 5459.3
 0.4976 5459.25
 0.49772 5459.21
 0.49784 5459.17
 0.49796 5459.13
 0.49808 5459.09
 0.4982 5459.04
 0.49832 5459
 0.49844 5458.95
 0.49856 5458.91
 0.49868 5458.86
 0.4988 5458.82
 0.49892 5458.77
 0.49904 5458.73
 0.49916 5458.68
 0.49928 5458.63
 0.4994 5458.59
 0.49952 5458.54
 0.49964 5458.49
 0.49976 5458.44
 0.49988 5458.39
 0.5 5458.34
 0.50012 5458.29
 0.50024 5458.24
 0.50036 5458.19
 0.50048 5458.14
 0.5006 5458.09
 0.50072 5458.03
 0.50084 5457.98
 0.50096 5457.93
 0.50108 5457.87
 0.5012 5457.82
 0.50132 5457.76
 0.50144 5457.71
 0.50156 5457.65
 0.50168 5457.6
 0.5018 5457.54
 0.50192 5457.48
 0.50204 5457.42
 0.50216 5457.36
 0.50228 5457.3
 0.5024 5457.25
 0.50252 5457.19
 0.50264 5457.13
 0.50276 5457.06
 0.50288 5457
 0.503 5456.94
 0.50312 5456.88
 0.50324 5456.82
 0.50336 5456.75
 0.50348 5456.69
 0.5036 5456.63
 0.50372 5456.56
 0.50384 5456.5
 0.50396 5456.43
 0.50408 5456.37
 0.5042 5456.3
 0.50432 5456.24
 0.50444 5456.17
 0.50456 5456.1
 0.50468 5456.04
 0.5048 5455.97
 0.50492 5455.9
 0.50504 5455.83
 0.50516 5455.76
 0.50528 5455.69
 0.5054 5455.63
 0.50552 5455.56
 0.50564 5455.48
 0.50576 5455.41
 0.50588 5455.34
 0.506 5455.27
 0.50612 5455.2
 0.50624 5455.13
 0.50636 5455.05
 0.50648 5454.98
 0.5066 5454.9
 0.50672 5454.83
 0.50684 5454.76
 0.50696 5454.68
 0.50708 5454.6
 0.5072 5454.53
 0.50732 5454.45
 0.50744 5454.37
 0.50756 5454.3
 0.50768 5454.22
 0.5078 5454.14
 0.50792 5454.06
 0.50804 5453.98
 0.50816 5453.91
 0.50828 5453.83
 0.5084 5453.75
 0.50852 5453.67
 0.50864 5453.59
 0.50876 5453.51
 0.50888 5453.42
 0.509 5453.34
 0.50912 5453.26
 0.50924 5453.18
 0.50936 5453.1
 0.50948 5453.01
 0.5096 5452.93
 0.50972 5452.85
 0.50984 5452.76
 0.50996 5452.68
 0.51008 5452.6
 0.5102 5452.51
 0.51032 5452.43
 0.51044 5452.34
 0.51056 5452.26
 0.51068 5452.17
 0.5108 5452.09
 0.51092 5452.01
 0.51104 5451.92
 0.51116 5451.84
 0.51128 5451.75
 0.5114 5451.67
 0.51152 5451.59
 0.51164 5451.5
 0.51176 5451.42
 0.51188 5451.33
 0.512 5451.25
 0.51212 5451.17
 0.51224 5451.08
 0.51236 5451
 0.51248 5450.91
 0.5126 5450.83
 0.51272 5450.75
 0.51284 5450.66
 0.51296 5450.58
 0.51308 5450.5
 0.5132 5450.41
 0.51332 5450.33
 0.51344 5450.25
 0.51356 5450.17
 0.51368 5450.08
 0.5138 5450
 0.51392 5449.92
 0.51404 5449.84
 0.51416 5449.75
 0.51428 5449.67
 0.5144 5449.59
 0.51452 5449.51
 0.51464 5449.43
 0.51476 5449.34
 0.51488 5449.26
 0.515 5449.18
 0.51512 5449.1
 0.51524 5449.02
 0.51536 5448.94
 0.51548 5448.86
 0.5156 5448.78
 0.51572 5448.7
 0.51584 5448.62
 0.51596 5448.54
 0.51608 5448.46
 0.5162 5448.38
 0.51632 5448.3
 0.51644 5448.22
 0.51656 5448.14
 0.51668 5448.06
 0.5168 5447.98
 0.51692 5447.9
 0.51704 5447.83
 0.51716 5447.75
 0.51728 5447.67
 0.5174 5447.59
 0.51752 5447.51
 0.51764 5447.44
 0.51776 5447.36
 0.51788 5447.28
 0.518 5447.21
 0.51812 5447.13
 0.51824 5447.06
 0.51836 5446.98
 0.51848 5446.9
 0.5186 5446.83
 0.51872 5446.75
 0.51884 5446.68
 0.51896 5446.61
 0.51908 5446.53
 0.5192 5446.46
 0.51932 5446.38
 0.51944 5446.31
 0.51956 5446.24
 0.51968 5446.16
 0.5198 5446.09
 0.51992 5446.02
 0.52004 5445.95
 0.52016 5445.88
 0.52028 5445.81
 0.5204 5445.73
 0.52052 5445.66
 0.52064 5445.59
 0.52076 5445.52
 0.52088 5445.45
 0.521 5445.38
 0.52112 5445.31
 0.52124 5445.24
 0.52136 5445.17
 0.52148 5445.1
 0.5216 5445.03
 0.52172 5444.97
 0.52184 5444.9
 0.52196 5444.83
 0.52208 5444.76
 0.5222 5444.69
 0.52232 5444.63
 0.52244 5444.56
 0.52256 5444.49
 0.52268 5444.43
 0.5228 5444.36
 0.52292 5444.3
 0.52304 5444.23
 0.52316 5444.17
 0.52328 5444.1
 0.5234 5444.04
 0.52352 5443.97
 0.52364 5443.91
 0.52376 5443.85
 0.52388 5443.78
 0.524 5443.72
 0.52412 5443.66
 0.52424 5443.6
 0.52436 5443.54
 0.52448 5443.48
 0.5246 5443.42
 0.52472 5443.36
 0.52484 5443.3
 0.52496 5443.24
 0.52508 5443.18
 0.5252 5443.12
 0.52532 5443.07
 0.52544 5443.01
 0.52556 5442.95
 0.52568 5442.9
 0.5258 5442.84
 0.52592 5442.79
 0.52604 5442.73
 0.52616 5442.68
 0.52628 5442.63
 0.5264 5442.58
 0.52652 5442.52
 0.52664 5442.47
 0.52676 5442.42
 0.52688 5442.37
 0.527 5442.32
 0.52712 5442.28
 0.52724 5442.23
 0.52736 5442.18
 0.52748 5442.13
 0.5276 5442.09
 0.52772 5442.04
 0.52784 5442
 0.52796 5441.96
 0.52808 5441.91
 0.5282 5441.87
 0.52832 5441.83
 0.52844 5441.79
 0.52856 5441.75
 0.52868 5441.71
 0.5288 5441.67
 0.52892 5441.63
 0.52904 5441.6
 0.52916 5441.56
 0.52928 5441.53
 0.5294 5441.49
 0.52952 5441.46
 0.52964 5441.43
 0.52976 5441.4
 0.52988 5441.37
 0.53 5441.34
 0.53012 5441.31
 0.53024 5441.28
 0.53036 5441.26
 0.53048 5441.23
 0.5306 5441.21
 0.53072 5441.18
 0.53084 5441.16
 0.53096 5441.14
 0.53108 5441.12
 0.5312 5441.1
 0.53132 5441.08
 0.53144 5441.06
 0.53156 5441.05
 0.53168 5441.03
 0.5318 5441.02
 0.53192 5441
 0.53204 5440.99
 0.53216 5440.98
 0.53228 5440.97
 0.5324 5440.96
 0.53252 5440.95
 0.53264 5440.94
 0.53276 5440.94
 0.53288 5440.93
 0.533 5440.93
 0.53312 5440.92
 0.53324 5440.92
 0.53336 5440.92
 0.53348 5440.92
 0.5336 5440.92
 0.53372 5440.92
 0.53384 5440.92
 0.53396 5440.92
 0.53408 5440.93
 0.5342 5440.93
 0.53432 5440.94
 0.53444 5440.95
 0.53456 5440.95
 0.53468 5440.96
 0.5348 5440.97
 0.53492 5440.98
 0.53504 5441
 0.53516 5441.01
 0.53528 5441.02
 0.5354 5441.04
 0.53552 5441.05
 0.53564 5441.07
 0.53576 5441.09
 0.53588 5441.11
 0.536 5441.12
 0.53612 5441.14
 0.53624 5441.17
 0.53636 5441.19
 0.53648 5441.21
 0.5366 5441.23
 0.53672 5441.26
 0.53684 5441.28
 0.53696 5441.31
 0.53708 5441.34
 0.5372 5441.37
 0.53732 5441.4
 0.53744 5441.43
 0.53756 5441.46
 0.53768 5441.49
 0.5378 5441.52
 0.53792 5441.56
 0.53804 5441.59
 0.53816 5441.63
 0.53828 5441.66
 0.5384 5441.7
 0.53852 5441.74
 0.53864 5441.78
 0.53876 5441.82
 0.53888 5441.86
 0.539 5441.9
 0.53912 5441.94
 0.53924 5441.98
 0.53936 5442.03
 0.53948 5442.07
 0.5396 5442.12
 0.53972 5442.16
 0.53984 5442.21
 0.53996 5442.26
 0.54008 5442.31
 0.5402 5442.36
 0.54032 5442.41
 0.54044 5442.46
 0.54056 5442.51
 0.54068 5442.56
 0.5408 5442.61
 0.54092 5442.66
 0.54104 5442.71
 0.54116 5442.76
 0.54128 5442.82
 0.5414 5442.87
 0.54152 5442.92
 0.54164 5442.97
 0.54176 5443.03
 0.54188 5443.08
 0.542 5443.13
 0.54212 5443.19
 0.54224 5443.24
 0.54236 5443.3
 0.54248 5443.35
 0.5426 5443.41
 0.54272 5443.46
 0.54284 5443.52
 0.54296 5443.58
 0.54308 5443.63
 0.5432 5443.69
 0.54332 5443.75
 0.54344 5443.8
 0.54356 5443.86
 0.54368 5443.92
 0.5438 5443.98
 0.54392 5444.04
 0.54404 5444.09
 0.54416 5444.15
 0.54428 5444.21
 0.5444 5444.27
 0.54452 5444.33
 0.54464 5444.39
 0.54476 5444.45
 0.54488 5444.51
 0.545 5444.57
 0.54512 5444.63
 0.54524 5444.69
 0.54536 5444.75
 0.54548 5444.82
 0.5456 5444.88
 0.54572 5444.94
 0.54584 5445
 0.54596 5445.06
 0.54608 5445.13
 0.5462 5445.19
 0.54632 5445.25
 0.54644 5445.32
 0.54656 5445.38
 0.54668 5445.44
 0.5468 5445.51
 0.54692 5445.57
 0.54704 5445.63
 0.54716 5445.7
 0.54728 5445.76
 0.5474 5445.83
 0.54752 5445.89
 0.54764 5445.96
 0.54776 5446.02
 0.54788 5446.09
 0.548 5446.16
 0.54812 5446.22
 0.54824 5446.29
 0.54836 5446.35
 0.54848 5446.42
 0.5486 5446.49
 0.54872 5446.55
 0.54884 5446.62
 0.54896 5446.69
 0.54908 5446.76
 0.5492 5446.82
 0.54932 5446.89
 0.54944 5446.96
 0.54956 5447.03
 0.54968 5447.09
 0.5498 5447.16
 0.54992 5447.23
 0.55004 5447.3
 0.55016 5447.37
 0.55028 5447.44
 0.5504 5447.51
 0.55052 5447.58
 0.55064 5447.65
 0.55076 5447.72
 0.55088 5447.79
 0.551 5447.86
 0.55112 5447.93
 0.55124 5448
 0.55136 5448.07
 0.55148 5448.14
 0.5516 5448.21
 0.55172 5448.28
 0.55184 5448.36
 0.55196 5448.43
 0.55208 5448.5
 0.5522 5448.57
 0.55232 5448.65
 0.55244 5448.72
 0.55256 5448.79
 0.55268 5448.86
 0.5528 5448.94
 0.55292 5449.01
 0.55304 5449.08
 0.55316 5449.16
 0.55328 5449.23
 0.5534 5449.31
 0.55352 5449.38
 0.55364 5449.45
 0.55376 5449.53
 0.55388 5449.6
 0.554 5449.68
 0.55412 5449.75
 0.55424 5449.83
 0.55436 5449.9
 0.55448 5449.98
 0.5546 5450.05
 0.55472 5450.13
 0.55484 5450.2
 0.55496 5450.28
 0.55508 5450.36
 0.5552 5450.43
 0.55532 5450.51
 0.55544 5450.58
 0.55556 5450.66
 0.55568 5450.73
 0.5558 5450.81
 0.55592 5450.88
 0.55604 5450.96
 0.55616 5451.03
 0.55628 5451.11
 0.5564 5451.18
 0.55652 5451.25
 0.55664 5451.33
 0.55676 5451.4
 0.55688 5451.48
 0.557 5451.55
 0.55712 5451.62
 0.55724 5451.7
 0.55736 5451.77
 0.55748 5451.84
 0.5576 5451.92
 0.55772 5451.99
 0.55784 5452.06
 0.55796 5452.13
 0.55808 5452.2
 0.5582 5452.27
 0.55832 5452.35
 0.55844 5452.42
 0.55856 5452.49
 0.55868 5452.56
 0.5588 5452.63
 0.55892 5452.7
 0.55904 5452.76
 0.55916 5452.83
 0.55928 5452.9
 0.5594 5452.97
 0.55952 5453.04
 0.55964 5453.1
 0.55976 5453.17
 0.55988 5453.24
 0.56 5453.3
 0.56012 5453.37
 0.56024 5453.43
 0.56036 5453.5
 0.56048 5453.56
 0.5606 5453.62
 0.56072 5453.69
 0.56084 5453.75
 0.56096 5453.81
 0.56108 5453.87
 0.5612 5453.93
 0.56132 5453.99
 0.56144 5454.05
 0.56156 5454.11
 0.56168 5454.16
 0.5618 5454.22
 0.56192 5454.27
 0.56204 5454.33
 0.56216 5454.38
 0.56228 5454.44
 0.5624 5454.49
 0.56252 5454.54
 0.56264 5454.59
 0.56276 5454.64
 0.56288 5454.69
 0.563 5454.74
 0.56312 5454.79
 0.56324 5454.84
 0.56336 5454.89
 0.56348 5454.93
 0.5636 5454.98
 0.56372 5455.02
 0.56384 5455.07
 0.56396 5455.11
 0.56408 5455.15
 0.5642 5455.19
 0.56432 5455.24
 0.56444 5455.28
 0.56456 5455.31
 0.56468 5455.35
 0.5648 5455.39
 0.56492 5455.43
 0.56504 5455.46
 0.56516 5455.5
 0.56528 5455.53
 0.5654 5455.57
 0.56552 5455.6
 0.56564 5455.63
 0.56576 5455.66
 0.56588 5455.69
 0.566 5455.72
 0.56612 5455.75
 0.56624 5455.78
 0.56636 5455.81
 0.56648 5455.84
 0.5666 5455.87
 0.56672 5455.89
 0.56684 5455.92
 0.56696 5455.94
 0.56708 5455.96
 0.5672 5455.99
 0.56732 5456.01
 0.56744 5456.03
 0.56756 5456.05
 0.56768 5456.07
 0.5678 5456.09
 0.56792 5456.11
 0.56804 5456.13
 0.56816 5456.14
 0.56828 5456.16
 0.5684 5456.18
 0.56852 5456.19
 0.56864 5456.21
 0.56876 5456.22
 0.56888 5456.23
 0.569 5456.24
 0.56912 5456.25
 0.56924 5456.26
 0.56936 5456.27
 0.56948 5456.28
 0.5696 5456.29
 0.56972 5456.3
 0.56984 5456.3
 0.56996 5456.31
 0.57008 5456.32
 0.5702 5456.32
 0.57032 5456.32
 0.57044 5456.33
 0.57056 5456.33
 0.57068 5456.34
 0.5708 5456.34
 0.57092 5456.34
 0.57104 5456.34
 0.57116 5456.34
 0.57128 5456.35
 0.5714 5456.35
 0.57152 5456.35
 0.57164 5456.35
 0.57176 5456.35
 0.57188 5456.35
 0.572 5456.35
 0.57212 5456.35
 0.57224 5456.35
 0.57236 5456.34
 0.57248 5456.34
 0.5726 5456.34
 0.57272 5456.34
 0.57284 5456.33
 0.57296 5456.33
 0.57308 5456.33
 0.5732 5456.32
 0.57332 5456.32
 0.57344 5456.31
 0.57356 5456.31
 0.57368 5456.3
 0.5738 5456.3
 0.57392 5456.29
 0.57404 5456.28
 0.57416 5456.28
 0.57428 5456.27
 0.5744 5456.26
 0.57452 5456.26
 0.57464 5456.25
 0.57476 5456.24
 0.57488 5456.23
 0.575 5456.22
 0.57512 5456.21
 0.57524 5456.2
 0.57536 5456.19
 0.57548 5456.18
 0.5756 5456.17
 0.57572 5456.16
 0.57584 5456.14
 0.57596 5456.13
 0.57608 5456.12
 0.5762 5456.11
 0.57632 5456.09
 0.57644 5456.08
 0.57656 5456.06
 0.57668 5456.05
 0.5768 5456.03
 0.57692 5456.02
 0.57704 5456
 0.57716 5455.99
 0.57728 5455.97
 0.5774 5455.95
 0.57752 5455.93
 0.57764 5455.92
 0.57776 5455.9
 0.57788 5455.88
 0.578 5455.86
 0.57812 5455.84
 0.57824 5455.82
 0.57836 5455.8
 0.57848 5455.78
 0.5786 5455.76
 0.57872 5455.74
 0.57884 5455.71
 0.57896 5455.69
 0.57908 5455.67
 0.5792 5455.64
 0.57932 5455.62
 0.57944 5455.59
 0.57956 5455.57
 0.57968 5455.54
 0.5798 5455.52
 0.57992 5455.49
 0.58004 5455.47
 0.58016 5455.44
 0.58028 5455.41
 0.5804 5455.38
 0.58052 5455.35
 0.58064 5455.32
 0.58076 5455.29
 0.58088 5455.26
 0.581 5455.23
 0.58112 5455.2
 0.58124 5455.17
 0.58136 5455.14
 0.58148 5455.1
 0.5816 5455.07
 0.58172 5455.03
 0.58184 5455
 0.58196 5454.97
 0.58208 5454.93
 0.5822 5454.89
 0.58232 5454.86
 0.58244 5454.82
 0.58256 5454.78
 0.58268 5454.75
 0.5828 5454.71
 0.58292 5454.67
 0.58304 5454.63
 0.58316 5454.59
 0.58328 5454.55
 0.5834 5454.51
 0.58352 5454.47
 0.58364 5454.43
 0.58376 5454.39
 0.58388 5454.34
 0.584 5454.3
 0.58412 5454.26
 0.58424 5454.21
 0.58436 5454.17
 0.58448 5454.12
 0.5846 5454.08
 0.58472 5454.03
 0.58484 5453.99
 0.58496 5453.94
 0.58508 5453.89
 0.5852 5453.85
 0.58532 5453.8
 0.58544 5453.75
 0.58556 5453.7
 0.58568 5453.65
 0.5858 5453.61
 0.58592 5453.56
 0.58604 5453.51
 0.58616 5453.46
 0.58628 5453.41
 0.5864 5453.36
 0.58652 5453.31
 0.58664 5453.26
 0.58676 5453.2
 0.58688 5453.15
 0.587 5453.1
 0.58712 5453.05
 0.58724 5453
 0.58736 5452.94
 0.58748 5452.89
 0.5876 5452.84
 0.58772 5452.79
 0.58784 5452.73
 0.58796 5452.68
 0.58808 5452.63
 0.5882 5452.57
 0.58832 5452.52
 0.58844 5452.46
 0.58856 5452.41
 0.58868 5452.36
 0.5888 5452.3
 0.58892 5452.25
 0.58904 5452.19
 0.58916 5452.14
 0.58928 5452.08
 0.5894 5452.03
 0.58952 5451.97
 0.58964 5451.92
 0.58976 5451.86
 0.58988 5451.81
 0.59 5451.76
 0.59012 5451.7
 0.59024 5451.65
 0.59036 5451.59
 0.59048 5451.54
 0.5906 5451.48
 0.59072 5451.43
 0.59084 5451.38
 0.59096 5451.33
 0.59108 5451.27
 0.5912 5451.22
 0.59132 5451.17
 0.59144 5451.12
 0.59156 5451.07
 0.59168 5451.02
 0.5918 5450.97
 0.59192 5450.92
 0.59204 5450.87
 0.59216 5450.83
 0.59228 5450.78
 0.5924 5450.73
 0.59252 5450.68
 0.59264 5450.64
 0.59276 5450.59
 0.59288 5450.55
 0.593 5450.5
 0.59312 5450.46
 0.59324 5450.42
 0.59336 5450.37
 0.59348 5450.33
 0.5936 5450.29
 0.59372 5450.25
 0.59384 5450.21
 0.59396 5450.17
 0.59408 5450.13
 0.5942 5450.1
 0.59432 5450.06
 0.59444 5450.02
 0.59456 5449.99
 0.59468 5449.95
 0.5948 5449.92
 0.59492 5449.88
 0.59504 5449.85
 0.59516 5449.82
 0.59528 5449.79
 0.5954 5449.75
 0.59552 5449.72
 0.59564 5449.69
 0.59576 5449.66
 0.59588 5449.64
 0.596 5449.61
 0.59612 5449.58
 0.59624 5449.55
 0.59636 5449.53
 0.59648 5449.5
 0.5966 5449.48
 0.59672 5449.45
 0.59684 5449.43
 0.59696 5449.41
 0.59708 5449.39
 0.5972 5449.37
 0.59732 5449.35
 0.59744 5449.33
 0.59756 5449.31
 0.59768 5449.29
 0.5978 5449.27
 0.59792 5449.25
 0.59804 5449.24
 0.59816 5449.22
 0.59828 5449.21
 0.5984 5449.19
 0.59852 5449.18
 0.59864 5449.17
 0.59876 5449.15
 0.59888 5449.14
 0.599 5449.13
 0.59912 5449.12
 0.59924 5449.11
 0.59936 5449.1
 0.59948 5449.09
 0.5996 5449.09
 0.59972 5449.08
 0.59984 5449.07
 0.59996 5449.07
 0.60008 5449.06
 0.6002 5449.06
 0.60032 5449.06
 0.60044 5449.05
 0.60056 5449.05
 0.60068 5449.05
 0.6008 5449.04
 0.60092 5449.04
 0.60104 5449.04
 0.60116 5449.04
 0.60128 5449.04
 0.6014 5449.04
 0.60152 5449.04
 0.60164 5449.04
 0.60176 5449.05
 0.60188 5449.05
 0.602 5449.05
 0.60212 5449.05
 0.60224 5449.06
 0.60236 5449.06
 0.60248 5449.07
 0.6026 5449.07
 0.60272 5449.08
 0.60284 5449.08
 0.60296 5449.09
 0.60308 5449.1
 0.6032 5449.11
 0.60332 5449.11
 0.60344 5449.12
 0.60356 5449.13
 0.60368 5449.14
 0.6038 5449.15
 0.60392 5449.16
 0.60404 5449.17
 0.60416 5449.18
 0.60428 5449.19
 0.6044 5449.2
 0.60452 5449.21
 0.60464 5449.22
 0.60476 5449.24
 0.60488 5449.25
 0.605 5449.26
 0.60512 5449.28
 0.60524 5449.29
 0.60536 5449.31
 0.60548 5449.32
 0.6056 5449.34
 0.60572 5449.35
 0.60584 5449.37
 0.60596 5449.39
 0.60608 5449.41
 0.6062 5449.42
 0.60632 5449.44
 0.60644 5449.46
 0.60656 5449.48
 0.60668 5449.5
 0.6068 5449.52
 0.60692 5449.54
 0.60704 5449.57
 0.60716 5449.59
 0.60728 5449.61
 0.6074 5449.63
 0.60752 5449.66
 0.60764 5449.68
 0.60776 5449.7
 0.60788 5449.73
 0.608 5449.76
 0.60812 5449.78
 0.60824 5449.81
 0.60836 5449.84
 0.60848 5449.86
 0.6086 5449.89
 0.60872 5449.92
 0.60884 5449.95
 0.60896 5449.98
 0.60908 5450.01
 0.6092 5450.04
 0.60932 5450.08
 0.60944 5450.11
 0.60956 5450.14
 0.60968 5450.18
 0.6098 5450.21
 0.60992 5450.25
 0.61004 5450.28
 0.61016 5450.32
 0.61028 5450.35
 0.6104 5450.39
 0.61052 5450.43
 0.61064 5450.47
 0.61076 5450.51
 0.61088 5450.55
 0.611 5450.59
 0.61112 5450.63
 0.61124 5450.67
 0.61136 5450.71
 0.61148 5450.76
 0.6116 5450.8
 0.61172 5450.84
 0.61184 5450.89
 0.61196 5450.93
 0.61208 5450.98
 0.6122 5451.03
 0.61232 5451.07
 0.61244 5451.12
 0.61256 5451.17
 0.61268 5451.22
 0.6128 5451.26
 0.61292 5451.31
 0.61304 5451.36
 0.61316 5451.41
 0.61328 5451.47
 0.6134 5451.52
 0.61352 5451.57
 0.61364 5451.62
 0.61376 5451.68
 0.61388 5451.73
 0.614 5451.78
 0.61412 5451.84
 0.61424 5451.89
 0.61436 5451.95
 0.61448 5452.01
 0.6146 5452.06
 0.61472 5452.12
 0.61484 5452.18
 0.61496 5452.24
 0.61508 5452.3
 0.6152 5452.35
 0.61532 5452.41
 0.61544 5452.47
 0.61556 5452.53
 0.61568 5452.6
 0.6158 5452.66
 0.61592 5452.72
 0.61604 5452.78
 0.61616 5452.84
 0.61628 5452.91
 0.6164 5452.97
 0.61652 5453.04
 0.61664 5453.1
 0.61676 5453.17
 0.61688 5453.23
 0.617 5453.3
 0.61712 5453.36
 0.61724 5453.43
 0.61736 5453.5
 0.61748 5453.56
 0.6176 5453.63
 0.61772 5453.7
 0.61784 5453.77
 0.61796 5453.84
 0.61808 5453.9
 0.6182 5453.97
 0.61832 5454.04
 0.61844 5454.11
 0.61856 5454.18
 0.61868 5454.25
 0.6188 5454.32
 0.61892 5454.39
 0.61904 5454.46
 0.61916 5454.53
 0.61928 5454.6
 0.6194 5454.67
 0.61952 5454.74
 0.61964 5454.82
 0.61976 5454.89
 0.61988 5454.96
 0.62 5455.03
 0.62012 5455.1
 0.62024 5455.17
 0.62036 5455.24
 0.62048 5455.31
 0.6206 5455.38
 0.62072 5455.45
 0.62084 5455.52
 0.62096 5455.59
 0.62108 5455.66
 0.6212 5455.73
 0.62132 5455.8
 0.62144 5455.86
 0.62156 5455.93
 0.62168 5456
 0.6218 5456.06
 0.62192 5456.13
 0.62204 5456.19
 0.62216 5456.26
 0.62228 5456.32
 0.6224 5456.39
 0.62252 5456.45
 0.62264 5456.51
 0.62276 5456.57
 0.62288 5456.64
 0.623 5456.7
 0.62312 5456.76
 0.62324 5456.82
 0.62336 5456.87
 0.62348 5456.93
 0.6236 5456.99
 0.62372 5457.05
 0.62384 5457.1
 0.62396 5457.16
 0.62408 5457.21
 0.6242 5457.27
 0.62432 5457.32
 0.62444 5457.37
 0.62456 5457.42
 0.62468 5457.47
 0.6248 5457.52
 0.62492 5457.57
 0.62504 5457.62
 0.62516 5457.67
 0.62528 5457.71
 0.6254 5457.76
 0.62552 5457.8
 0.62564 5457.85
 0.62576 5457.89
 0.62588 5457.94
 0.626 5457.98
 0.62612 5458.02
 0.62624 5458.06
 0.62636 5458.1
 0.62648 5458.14
 0.6266 5458.17
 0.62672 5458.21
 0.62684 5458.25
 0.62696 5458.28
 0.62708 5458.32
 0.6272 5458.35
 0.62732 5458.38
 0.62744 5458.41
 0.62756 5458.44
 0.62768 5458.47
 0.6278 5458.5
 0.62792 5458.53
 0.62804 5458.56
 0.62816 5458.59
 0.62828 5458.61
 0.6284 5458.64
 0.62852 5458.66
 0.62864 5458.68
 0.62876 5458.71
 0.62888 5458.73
 0.629 5458.75
 0.62912 5458.77
 0.62924 5458.79
 0.62936 5458.81
 0.62948 5458.83
 0.6296 5458.85
 0.62972 5458.86
 0.62984 5458.88
 0.62996 5458.89
 0.63008 5458.91
 0.6302 5458.92
 0.63032 5458.93
 0.63044 5458.95
 0.63056 5458.96
 0.63068 5458.97
 0.6308 5458.98
 0.63092 5458.99
 0.63104 5459
 0.63116 5459.01
 0.63128 5459.02
 0.6314 5459.02
 0.63152 5459.03
 0.63164 5459.03
 0.63176 5459.04
 0.63188 5459.04
 0.632 5459.05
 0.63212 5459.05
 0.63224 5459.05
 0.63236 5459.05
 0.63248 5459.05
 0.6326 5459.06
 0.63272 5459.05
 0.63284 5459.05
 0.63296 5459.05
 0.63308 5459.05
 0.6332 5459.05
 0.63332 5459.05
 0.63344 5459.04
 0.63356 5459.04
 0.63368 5459.03
 0.6338 5459.03
 0.63392 5459.02
 0.63404 5459.02
 0.63416 5459.01
 0.63428 5459
 0.6344 5459
 0.63452 5458.99
 0.63464 5458.98
 0.63476 5458.97
 0.63488 5458.96
 0.635 5458.95
 0.63512 5458.94
 0.63524 5458.93
 0.63536 5458.92
 0.63548 5458.9
 0.6356 5458.89
 0.63572 5458.88
 0.63584 5458.86
 0.63596 5458.85
 0.63608 5458.83
 0.6362 5458.82
 0.63632 5458.8
 0.63644 5458.78
 0.63656 5458.76
 0.63668 5458.75
 0.6368 5458.73
 0.63692 5458.71
 0.63704 5458.69
 0.63716 5458.67
 0.63728 5458.65
 0.6374 5458.62
 0.63752 5458.6
 0.63764 5458.58
 0.63776 5458.56
 0.63788 5458.53
 0.638 5458.51
 0.63812 5458.48
 0.63824 5458.46
 0.63836 5458.43
 0.63848 5458.4
 0.6386 5458.37
 0.63872 5458.34
 0.63884 5458.32
 0.63896 5458.29
 0.63908 5458.25
 0.6392 5458.22
 0.63932 5458.19
 0.63944 5458.16
 0.63956 5458.13
 0.63968 5458.09
 0.6398 5458.06
 0.63992 5458.02
 0.64004 5457.99
 0.64016 5457.95
 0.64028 5457.91
 0.6404 5457.87
 0.64052 5457.83
 0.64064 5457.8
 0.64076 5457.75
 0.64088 5457.71
 0.641 5457.67
 0.64112 5457.63
 0.64124 5457.59
 0.64136 5457.54
 0.64148 5457.5
 0.6416 5457.45
 0.64172 5457.41
 0.64184 5457.36
 0.64196 5457.31
 0.64208 5457.26
 0.6422 5457.21
 0.64232 5457.17
 0.64244 5457.11
 0.64256 5457.06
 0.64268 5457.01
 0.6428 5456.96
 0.64292 5456.91
 0.64304 5456.85
 0.64316 5456.8
 0.64328 5456.74
 0.6434 5456.69
 0.64352 5456.63
 0.64364 5456.57
 0.64376 5456.52
 0.64388 5456.46
 0.644 5456.4
 0.64412 5456.34
 0.64424 5456.28
 0.64436 5456.22
 0.64448 5456.15
 0.6446 5456.09
 0.64472 5456.03
 0.64484 5455.96
 0.64496 5455.9
 0.64508 5455.83
 0.6452 5455.77
 0.64532 5455.7
 0.64544 5455.63
 0.64556 5455.57
 0.64568 5455.5
 0.6458 5455.43
 0.64592 5455.36
 0.64604 5455.29
 0.64616 5455.22
 0.64628 5455.15
 0.6464 5455.07
 0.64652 5455
 0.64664 5454.93
 0.64676 5454.85
 0.64688 5454.78
 0.647 5454.7
 0.64712 5454.63
 0.64724 5454.55
 0.64736 5454.47
 0.64748 5454.4
 0.6476 5454.32
 0.64772 5454.24
 0.64784 5454.16
 0.64796 5454.08
 0.64808 5454
 0.6482 5453.92
 0.64832 5453.84
 0.64844 5453.76
 0.64856 5453.67
 0.64868 5453.59
 0.6488 5453.51
 0.64892 5453.42
 0.64904 5453.34
 0.64916 5453.26
 0.64928 5453.17
 0.6494 5453.08
 0.64952 5453
 0.64964 5452.91
 0.64976 5452.83
 0.64988 5452.74
 0.65 5452.65
 0.65012 5452.56
 0.65024 5452.48
 0.65036 5452.39
 0.65048 5452.3
 0.6506 5452.21
 0.65072 5452.12
 0.65084 5452.04
 0.65096 5451.95
 0.65108 5451.86
 0.6512 5451.77
 0.65132 5451.68
 0.65144 5451.6
 0.65156 5451.51
 0.65168 5451.42
 0.6518 5451.33
 0.65192 5451.25
 0.65204 5451.16
 0.65216 5451.07
 0.65228 5450.98
 0.6524 5450.9
 0.65252 5450.81
 0.65264 5450.72
 0.65276 5450.64
 0.65288 5450.55
 0.653 5450.46
 0.65312 5450.38
 0.65324 5450.29
 0.65336 5450.21
 0.65348 5450.12
 0.6536 5450.04
 0.65372 5449.95
 0.65384 5449.87
 0.65396 5449.78
 0.65408 5449.7
 0.6542 5449.62
 0.65432 5449.54
 0.65444 5449.45
 0.65456 5449.37
 0.65468 5449.29
 0.6548 5449.21
 0.65492 5449.13
 0.65504 5449.04
 0.65516 5448.96
 0.65528 5448.88
 0.6554 5448.8
 0.65552 5448.72
 0.65564 5448.65
 0.65576 5448.57
 0.65588 5448.49
 0.656 5448.41
 0.65612 5448.34
 0.65624 5448.26
 0.65636 5448.18
 0.65648 5448.11
 0.6566 5448.03
 0.65672 5447.96
 0.65684 5447.88
 0.65696 5447.81
 0.65708 5447.74
 0.6572 5447.67
 0.65732 5447.59
 0.65744 5447.52
 0.65756 5447.45
 0.65768 5447.38
 0.6578 5447.31
 0.65792 5447.24
 0.65804 5447.17
 0.65816 5447.1
 0.65828 5447.04
 0.6584 5446.97
 0.65852 5446.9
 0.65864 5446.83
 0.65876 5446.77
 0.65888 5446.7
 0.659 5446.64
 0.65912 5446.57
 0.65924 5446.51
 0.65936 5446.44
 0.65948 5446.38
 0.6596 5446.31
 0.65972 5446.25
 0.65984 5446.19
 0.65996 5446.13
 0.66008 5446.07
 0.6602 5446.01
 0.66032 5445.94
 0.66044 5445.88
 0.66056 5445.82
 0.66068 5445.76
 0.6608 5445.7
 0.66092 5445.64
 0.66104 5445.59
 0.66116 5445.53
 0.66128 5445.47
 0.6614 5445.41
 0.66152 5445.35
 0.66164 5445.3
 0.66176 5445.24
 0.66188 5445.18
 0.662 5445.13
 0.66212 5445.07
 0.66224 5445.02
 0.66236 5444.96
 0.66248 5444.91
 0.6626 5444.85
 0.66272 5444.8
 0.66284 5444.75
 0.66296 5444.69
 0.66308 5444.64
 0.6632 5444.59
 0.66332 5444.54
 0.66344 5444.48
 0.66356 5444.43
 0.66368 5444.38
 0.6638 5444.33
 0.66392 5444.28
 0.66404 5444.23
 0.66416 5444.18
 0.66428 5444.13
 0.6644 5444.08
 0.66452 5444.03
 0.66464 5443.98
 0.66476 5443.94
 0.66488 5443.89
 0.665 5443.84
 0.66512 5443.79
 0.66524 5443.75
 0.66536 5443.7
 0.66548 5443.65
 0.6656 5443.61
 0.66572 5443.56
 0.66584 5443.52
 0.66596 5443.47
 0.66608 5443.43
 0.6662 5443.38
 0.66632 5443.34
 0.66644 5443.3
 0.66656 5443.25
 0.66668 5443.21
 0.6668 5443.17
 0.66692 5443.12
 0.66704 5443.08
 0.66716 5443.04
 0.66728 5443
 0.6674 5442.96
 0.66752 5442.92
 0.66764 5442.88
 0.66776 5442.84
 0.66788 5442.8
 0.668 5442.76
 0.66812 5442.72
 0.66824 5442.68
 0.66836 5442.64
 0.66848 5442.61
 0.6686 5442.57
 0.66872 5442.53
 0.66884 5442.5
 0.66896 5442.46
 0.66908 5442.42
 0.6692 5442.39
 0.66932 5442.36
 0.66944 5442.32
 0.66956 5442.29
 0.66968 5442.25
 0.6698 5442.22
 0.66992 5442.19
 0.67004 5442.16
 0.67016 5442.13
 0.67028 5442.1
 0.6704 5442.07
 0.67052 5442.04
 0.67064 5442.01
 0.67076 5441.98
 0.67088 5441.95
 0.671 5441.93
 0.67112 5441.9
 0.67124 5441.88
 0.67136 5441.85
 0.67148 5441.83
 0.6716 5441.81
 0.67172 5441.79
 0.67184 5441.77
 0.67196 5441.75
 0.67208 5441.73
 0.6722 5441.71
 0.67232 5441.69
 0.67244 5441.67
 0.67256 5441.66
 0.67268 5441.64
 0.6728 5441.63
 0.67292 5441.61
 0.67304 5441.6
 0.67316 5441.59
 0.67328 5441.58
 0.6734 5441.57
 0.67352 5441.56
 0.67364 5441.55
 0.67376 5441.54
 0.67388 5441.53
 0.674 5441.52
 0.67412 5441.52
 0.67424 5441.51
 0.67436 5441.51
 0.67448 5441.51
 0.6746 5441.5
 0.67472 5441.5
 0.67484 5441.5
 0.67496 5441.5
 0.67508 5441.5
 0.6752 5441.5
 0.67532 5441.51
 0.67544 5441.51
 0.67556 5441.51
 0.67568 5441.52
 0.6758 5441.52
 0.67592 5441.53
 0.67604 5441.54
 0.67616 5441.54
 0.67628 5441.55
 0.6764 5441.56
 0.67652 5441.57
 0.67664 5441.59
 0.67676 5441.6
 0.67688 5441.61
 0.677 5441.63
 0.67712 5441.64
 0.67724 5441.66
 0.67736 5441.67
 0.67748 5441.69
 0.6776 5441.71
 0.67772 5441.73
 0.67784 5441.75
 0.67796 5441.77
 0.67808 5441.79
 0.6782 5441.81
 0.67832 5441.83
 0.67844 5441.86
 0.67856 5441.88
 0.67868 5441.91
 0.6788 5441.94
 0.67892 5441.96
 0.67904 5441.99
 0.67916 5442.02
 0.67928 5442.05
 0.6794 5442.08
 0.67952 5442.11
 0.67964 5442.14
 0.67976 5442.18
 0.67988 5442.21
 0.68 5442.25
 0.68012 5442.28
 0.68024 5442.32
 0.68036 5442.35
 0.68048 5442.39
 0.6806 5442.43
 0.68072 5442.47
 0.68084 5442.51
 0.68096 5442.54
 0.68108 5442.58
 0.6812 5442.62
 0.68132 5442.66
 0.68144 5442.7
 0.68156 5442.75
 0.68168 5442.79
 0.6818 5442.83
 0.68192 5442.87
 0.68204 5442.92
 0.68216 5442.96
 0.68228 5443
 0.6824 5443.05
 0.68252 5443.09
 0.68264 5443.14
 0.68276 5443.19
 0.68288 5443.23
 0.683 5443.28
 0.68312 5443.33
 0.68324 5443.37
 0.68336 5443.42
 0.68348 5443.47
 0.6836 5443.52
 0.68372 5443.57
 0.68384 5443.61
 0.68396 5443.66
 0.68408 5443.71
 0.6842 5443.76
 0.68432 5443.81
 0.68444 5443.86
 0.68456 5443.92
 0.68468 5443.97
 0.6848 5444.02
 0.68492 5444.07
 0.68504 5444.12
 0.68516 5444.17
 0.68528 5444.23
 0.6854 5444.28
 0.68552 5444.33
 0.68564 5444.38
 0.68576 5444.44
 0.68588 5444.49
 0.686 5444.54
 0.68612 5444.6
 0.68624 5444.65
 0.68636 5444.7
 0.68648 5444.76
 0.6866 5444.81
 0.68672 5444.87
 0.68684 5444.92
 0.68696 5444.98
 0.68708 5445.03
 0.6872 5445.08
 0.68732 5445.14
 0.68744 5445.19
 0.68756 5445.25
 0.68768 5445.3
 0.6878 5445.36
 0.68792 5445.41
 0.68804 5445.47
 0.68816 5445.52
 0.68828 5445.58
 0.6884 5445.64
 0.68852 5445.69
 0.68864 5445.75
 0.68876 5445.8
 0.68888 5445.86
 0.689 5445.92
 0.68912 5445.97
 0.68924 5446.03
 0.68936 5446.09
 0.68948 5446.14
 0.6896 5446.2
 0.68972 5446.26
 0.68984 5446.32
 0.68996 5446.37
 0.69008 5446.43
 0.6902 5446.49
 0.69032 5446.55
 0.69044 5446.61
 0.69056 5446.67
 0.69068 5446.72
 0.6908 5446.78
 0.69092 5446.84
 0.69104 5446.9
 0.69116 5446.96
 0.69128 5447.02
 0.6914 5447.08
 0.69152 5447.15
 0.69164 5447.21
 0.69176 5447.27
 0.69188 5447.33
 0.692 5447.39
 0.69212 5447.45
 0.69224 5447.51
 0.69236 5447.57
 0.69248 5447.64
 0.6926 5447.7
 0.69272 5447.76
 0.69284 5447.82
 0.69296 5447.89
 0.69308 5447.95
 0.6932 5448.01
 0.69332 5448.08
 0.69344 5448.14
 0.69356 5448.21
 0.69368 5448.27
 0.6938 5448.33
 0.69392 5448.4
 0.69404 5448.46
 0.69416 5448.53
 0.69428 5448.59
 0.6944 5448.66
 0.69452 5448.72
 0.69464 5448.79
 0.69476 5448.85
 0.69488 5448.92
 0.695 5448.98
 0.69512 5449.05
 0.69524 5449.12
 0.69536 5449.18
 0.69548 5449.25
 0.6956 5449.32
 0.69572 5449.38
 0.69584 5449.45
 0.69596 5449.52
 0.69608 5449.59
 0.6962 5449.65
 0.69632 5449.72
 0.69644 5449.79
 0.69656 5449.86
 0.69668 5449.93
 0.6968 5450
 0.69692 5450.07
 0.69704 5450.14
 0.69716 5450.21
 0.69728 5450.28
 0.6974 5450.35
 0.69752 5450.42
 0.69764 5450.49
 0.69776 5450.56
 0.69788 5450.63
 0.698 5450.7
 0.69812 5450.77
 0.69824 5450.85
 0.69836 5450.92
 0.69848 5450.99
 0.6986 5451.06
 0.69872 5451.13
 0.69884 5451.21
 0.69896 5451.28
 0.69908 5451.35
 0.6992 5451.43
 0.69932 5451.5
 0.69944 5451.57
 0.69956 5451.65
 0.69968 5451.72
 0.6998 5451.79
 0.69992 5451.87
 0.70004 5451.94
 0.70016 5452.01
 0.70028 5452.09
 0.7004 5452.16
 0.70052 5452.24
 0.70064 5452.31
 0.70076 5452.38
 0.70088 5452.45
 0.701 5452.52
 0.70112 5452.6
 0.70124 5452.67
 0.70136 5452.74
 0.70148 5452.81
 0.7016 5452.88
 0.70172 5452.95
 0.70184 5453.02
 0.70196 5453.09
 0.70208 5453.16
 0.7022 5453.22
 0.70232 5453.29
 0.70244 5453.36
 0.70256 5453.43
 0.70268 5453.49
 0.7028 5453.56
 0.70292 5453.63
 0.70304 5453.69
 0.70316 5453.76
 0.70328 5453.82
 0.7034 5453.89
 0.70352 5453.95
 0.70364 5454.01
 0.70376 5454.08
 0.70388 5454.14
 0.704 5454.2
 0.70412 5454.26
 0.70424 5454.33
 0.70436 5454.39
 0.70448 5454.45
 0.7046 5454.51
 0.70472 5454.57
 0.70484 5454.63
 0.70496 5454.68
 0.70508 5454.74
 0.7052 5454.8
 0.70532 5454.86
 0.70544 5454.91
 0.70556 5454.97
 0.70568 5455.03
 0.7058 5455.08
 0.70592 5455.14
 0.70604 5455.19
 0.70616 5455.24
 0.70628 5455.3
 0.7064 5455.35
 0.70652 5455.4
 0.70664 5455.45
 0.70676 5455.51
 0.70688 5455.56
 0.707 5455.61
 0.70712 5455.66
 0.70724 5455.71
 0.70736 5455.75
 0.70748 5455.8
 0.7076 5455.85
 0.70772 5455.9
 0.70784 5455.94
 0.70796 5455.99
 0.70808 5456.03
 0.7082 5456.08
 0.70832 5456.12
 0.70844 5456.17
 0.70856 5456.21
 0.70868 5456.25
 0.7088 5456.29
 0.70892 5456.34
 0.70904 5456.38
 0.70916 5456.42
 0.70928 5456.46
 0.7094 5456.5
 0.70952 5456.54
 0.70964 5456.57
 0.70976 5456.61
 0.70988 5456.65
 0.71 5456.68
 0.71012 5456.72
 0.71024 5456.76
 0.71036 5456.79
 0.71048 5456.83
 0.7106 5456.86
 0.71072 5456.89
 0.71084 5456.93
 0.71096 5456.96
 0.71108 5457
 0.7112 5457.03
 0.71132 5457.06
 0.71144 5457.09
 0.71156 5457.13
 0.71168 5457.16
 0.7118 5457.19
 0.71192 5457.22
 0.71204 5457.25
 0.71216 5457.28
 0.71228 5457.31
 0.7124 5457.34
 0.71252 5457.37
 0.71264 5457.4
 0.71276 5457.42
 0.71288 5457.45
 0.713 5457.48
 0.71312 5457.51
 0.71324 5457.54
 0.71336 5457.56
 0.71348 5457.59
 0.7136 5457.62
 0.71372 5457.65
 0.71384 5457.67
 0.71396 5457.7
 0.71408 5457.73
 0.7142 5457.75
 0.71432 5457.78
 0.71444 5457.81
 0.71456 5457.83
 0.71468 5457.86
 0.7148 5457.88
 0.71492 5457.91
 0.71504 5457.93
 0.71516 5457.96
 0.71528 5457.98
 0.7154 5458.01
 0.71552 5458.03
 0.71564 5458.06
 0.71576 5458.08
 0.71588 5458.1
 0.716 5458.13
 0.71612 5458.15
 0.71624 5458.18
 0.71636 5458.2
 0.71648 5458.23
 0.7166 5458.25
 0.71672 5458.27
 0.71684 5458.3
 0.71696 5458.32
 0.71708 5458.34
 0.7172 5458.37
 0.71732 5458.39
 0.71744 5458.41
 0.71756 5458.44
 0.71768 5458.46
 0.7178 5458.48
 0.71792 5458.51
 0.71804 5458.53
 0.71816 5458.55
 0.71828 5458.58
 0.7184 5458.6
 0.71852 5458.62
 0.71864 5458.65
 0.71876 5458.67
 0.71888 5458.69
 0.719 5458.71
 0.71912 5458.74
 0.71924 5458.76
 0.71936 5458.78
 0.71948 5458.81
 0.7196 5458.83
 0.71972 5458.85
 0.71984 5458.87
 0.71996 5458.9
 0.72008 5458.92
 0.7202 5458.94
 0.72032 5458.96
 0.72044 5458.99
 0.72056 5459.01
 0.72068 5459.03
 0.7208 5459.05
 0.72092 5459.07
 0.72104 5459.09
 0.72116 5459.11
 0.72128 5459.13
 0.7214 5459.15
 0.72152 5459.17
 0.72164 5459.19
 0.72176 5459.21
 0.72188 5459.23
 0.722 5459.25
 0.72212 5459.27
 0.72224 5459.29
 0.72236 5459.31
 0.72248 5459.33
 0.7226 5459.35
 0.72272 5459.36
 0.72284 5459.38
 0.72296 5459.4
 0.72308 5459.42
 0.7232 5459.43
 0.72332 5459.45
 0.72344 5459.47
 0.72356 5459.48
 0.72368 5459.5
 0.7238 5459.51
 0.72392 5459.53
 0.72404 5459.54
 0.72416 5459.56
 0.72428 5459.57
 0.7244 5459.59
 0.72452 5459.6
 0.72464 5459.61
 0.72476 5459.63
 0.72488 5459.64
 0.725 5459.65
 0.72512 5459.67
 0.72524 5459.68
 0.72536 5459.69
 0.72548 5459.7
 0.7256 5459.71
 0.72572 5459.72
 0.72584 5459.73
 0.72596 5459.74
 0.72608 5459.75
 0.7262 5459.76
 0.72632 5459.77
 0.72644 5459.77
 0.72656 5459.78
 0.72668 5459.79
 0.7268 5459.8
 0.72692 5459.8
 0.72704 5459.81
 0.72716 5459.81
 0.72728 5459.82
 0.7274 5459.82
 0.72752 5459.83
 0.72764 5459.83
 0.72776 5459.84
 0.72788 5459.84
 0.728 5459.84
 0.72812 5459.84
 0.72824 5459.84
 0.72836 5459.85
 0.72848 5459.85
 0.7286 5459.85
 0.72872 5459.84
 0.72884 5459.84
 0.72896 5459.84
 0.72908 5459.84
 0.7292 5459.84
 0.72932 5459.83
 0.72944 5459.83
 0.72956 5459.83
 0.72968 5459.82
 0.7298 5459.82
 0.72992 5459.81
 0.73004 5459.81
 0.73016 5459.8
 0.73028 5459.79
 0.7304 5459.79
 0.73052 5459.78
 0.73064 5459.77
 0.73076 5459.76
 0.73088 5459.76
 0.731 5459.75
 0.73112 5459.74
 0.73124 5459.73
 0.73136 5459.73
 0.73148 5459.72
 0.7316 5459.71
 0.73172 5459.7
 0.73184 5459.69
 0.73196 5459.68
 0.73208 5459.67
 0.7322 5459.66
 0.73232 5459.65
 0.73244 5459.64
 0.73256 5459.63
 0.73268 5459.62
 0.7328 5459.61
 0.73292 5459.6
 0.73304 5459.59
 0.73316 5459.58
 0.73328 5459.57
 0.7334 5459.56
 0.73352 5459.55
 0.73364 5459.54
 0.73376 5459.52
 0.73388 5459.51
 0.734 5459.5
 0.73412 5459.49
 0.73424 5459.48
 0.73436 5459.46
 0.73448 5459.45
 0.7346 5459.44
 0.73472 5459.43
 0.73484 5459.41
 0.73496 5459.4
 0.73508 5459.39
 0.7352 5459.37
 0.73532 5459.36
 0.73544 5459.35
 0.73556 5459.33
 0.73568 5459.32
 0.7358 5459.3
 0.73592 5459.29
 0.73604 5459.28
 0.73616 5459.26
 0.73628 5459.25
 0.7364 5459.23
 0.73652 5459.22
 0.73664 5459.2
 0.73676 5459.19
 0.73688 5459.17
 0.737 5459.15
 0.73712 5459.14
 0.73724 5459.12
 0.73736 5459.11
 0.73748 5459.09
 0.7376 5459.07
 0.73772 5459.06
 0.73784 5459.04
 0.73796 5459.02
 0.73808 5459.01
 0.7382 5458.99
 0.73832 5458.97
 0.73844 5458.95
 0.73856 5458.94
 0.73868 5458.92
 0.7388 5458.9
 0.73892 5458.88
 0.73904 5458.86
 0.73916 5458.84
 0.73928 5458.83
 0.7394 5458.81
 0.73952 5458.79
 0.73964 5458.77
 0.73976 5458.75
 0.73988 5458.73
 0.74 5458.71
 0.74012 5458.69
 0.74024 5458.67
 0.74036 5458.65
 0.74048 5458.62
 0.7406 5458.6
 0.74072 5458.58
 0.74084 5458.56
 0.74096 5458.54
 0.74108 5458.51
 0.7412 5458.49
 0.74132 5458.47
 0.74144 5458.44
 0.74156 5458.42
 0.74168 5458.4
 0.7418 5458.37
 0.74192 5458.35
 0.74204 5458.32
 0.74216 5458.3
 0.74228 5458.27
 0.7424 5458.24
 0.74252 5458.22
 0.74264 5458.19
 0.74276 5458.16
 0.74288 5458.14
 0.743 5458.11
 0.74312 5458.08
 0.74324 5458.05
 0.74336 5458.02
 0.74348 5457.99
 0.7436 5457.96
 0.74372 5457.93
 0.74384 5457.9
 0.74396 5457.87
 0.74408 5457.84
 0.7442 5457.8
 0.74432 5457.77
 0.74444 5457.74
 0.74456 5457.7
 0.74468 5457.67
 0.7448 5457.63
 0.74492 5457.6
 0.74504 5457.56
 0.74516 5457.52
 0.74528 5457.49
 0.7454 5457.45
 0.74552 5457.41
 0.74564 5457.37
 0.74576 5457.33
 0.74588 5457.3
 0.746 5457.26
 0.74612 5457.21
 0.74624 5457.17
 0.74636 5457.13
 0.74648 5457.09
 0.7466 5457.05
 0.74672 5457
 0.74684 5456.96
 0.74696 5456.92
 0.74708 5456.87
 0.7472 5456.83
 0.74732 5456.78
 0.74744 5456.74
 0.74756 5456.69
 0.74768 5456.64
 0.7478 5456.59
 0.74792 5456.55
 0.74804 5456.5
 0.74816 5456.45
 0.74828 5456.4
 0.7484 5456.35
 0.74852 5456.29
 0.74864 5456.24
 0.74876 5456.19
 0.74888 5456.14
 0.749 5456.08
 0.74912 5456.03
 0.74924 5455.97
 0.74936 5455.92
 0.74948 5455.86
 0.7496 5455.8
 0.74972 5455.75
 0.74984 5455.69
 0.74996 5455.63
 0.75008 5455.57
 0.7502 5455.51
 0.75032 5455.45
 0.75044 5455.39
 0.75056 5455.33
 0.75068 5455.27
 0.7508 5455.21
 0.75092 5455.14
 0.75104 5455.08
 0.75116 5455.02
 0.75128 5454.96
 0.7514 5454.89
 0.75152 5454.83
 0.75164 5454.77
 0.75176 5454.7
 0.75188 5454.64
 0.752 5454.58
 0.75212 5454.51
 0.75224 5454.45
 0.75236 5454.38
 0.75248 5454.32
 0.7526 5454.25
 0.75272 5454.19
 0.75284 5454.12
 0.75296 5454.06
 0.75308 5453.99
 0.7532 5453.92
 0.75332 5453.86
 0.75344 5453.79
 0.75356 5453.73
 0.75368 5453.66
 0.7538 5453.59
 0.75392 5453.53
 0.75404 5453.46
 0.75416 5453.4
 0.75428 5453.33
 0.7544 5453.26
 0.75452 5453.2
 0.75464 5453.13
 0.75476 5453.06
 0.75488 5453
 0.755 5452.93
 0.75512 5452.86
 0.75524 5452.8
 0.75536 5452.73
 0.75548 5452.67
 0.7556 5452.6
 0.75572 5452.53
 0.75584 5452.47
 0.75596 5452.4
 0.75608 5452.33
 0.7562 5452.27
 0.75632 5452.2
 0.75644 5452.14
 0.75656 5452.07
 0.75668 5452
 0.7568 5451.94
 0.75692 5451.87
 0.75704 5451.81
 0.75716 5451.74
 0.75728 5451.68
 0.7574 5451.61
 0.75752 5451.55
 0.75764 5451.48
 0.75776 5451.42
 0.75788 5451.35
 0.758 5451.29
 0.75812 5451.22
 0.75824 5451.16
 0.75836 5451.1
 0.75848 5451.03
 0.7586 5450.97
 0.75872 5450.91
 0.75884 5450.84
 0.75896 5450.78
 0.75908 5450.72
 0.7592 5450.66
 0.75932 5450.6
 0.75944 5450.54
 0.75956 5450.48
 0.75968 5450.42
 0.7598 5450.36
 0.75992 5450.3
 0.76004 5450.24
 0.76016 5450.18
 0.76028 5450.12
 0.7604 5450.06
 0.76052 5450
 0.76064 5449.94
 0.76076 5449.88
 0.76088 5449.83
 0.761 5449.77
 0.76112 5449.71
 0.76124 5449.65
 0.76136 5449.6
 0.76148 5449.54
 0.7616 5449.48
 0.76172 5449.43
 0.76184 5449.37
 0.76196 5449.31
 0.76208 5449.26
 0.7622 5449.2
 0.76232 5449.15
 0.76244 5449.09
 0.76256 5449.04
 0.76268 5448.98
 0.7628 5448.93
 0.76292 5448.87
 0.76304 5448.82
 0.76316 5448.76
 0.76328 5448.71
 0.7634 5448.65
 0.76352 5448.6
 0.76364 5448.55
 0.76376 5448.49
 0.76388 5448.44
 0.764 5448.39
 0.76412 5448.33
 0.76424 5448.28
 0.76436 5448.23
 0.76448 5448.18
 0.7646 5448.13
 0.76472 5448.07
 0.76484 5448.02
 0.76496 5447.97
 0.76508 5447.92
 0.7652 5447.87
 0.76532 5447.82
 0.76544 5447.77
 0.76556 5447.72
 0.76568 5447.67
 0.7658 5447.62
 0.76592 5447.57
 0.76604 5447.52
 0.76616 5447.47
 0.76628 5447.42
 0.7664 5447.37
 0.76652 5447.32
 0.76664 5447.28
 0.76676 5447.23
 0.76688 5447.18
 0.767 5447.13
 0.76712 5447.09
 0.76724 5447.04
 0.76736 5446.99
 0.76748 5446.95
 0.7676 5446.9
 0.76772 5446.86
 0.76784 5446.81
 0.76796 5446.77
 0.76808 5446.72
 0.7682 5446.68
 0.76832 5446.63
 0.76844 5446.59
 0.76856 5446.55
 0.76868 5446.5
 0.7688 5446.46
 0.76892 5446.42
 0.76904 5446.38
 0.76916 5446.34
 0.76928 5446.3
 0.7694 5446.26
 0.76952 5446.22
 0.76964 5446.18
 0.76976 5446.14
 0.76988 5446.1
 0.77 5446.06
 0.77012 5446.02
 0.77024 5445.98
 0.77036 5445.94
 0.77048 5445.91
 0.7706 5445.87
 0.77072 5445.83
 0.77084 5445.8
 0.77096 5445.76
 0.77108 5445.73
 0.7712 5445.69
 0.77132 5445.66
 0.77144 5445.63
 0.77156 5445.59
 0.77168 5445.56
 0.7718 5445.53
 0.77192 5445.5
 0.77204 5445.46
 0.77216 5445.43
 0.77228 5445.4
 0.7724 5445.37
 0.77252 5445.34
 0.77264 5445.31
 0.77276 5445.28
 0.77288 5445.25
 0.773 5445.23
 0.77312 5445.2
 0.77324 5445.17
 0.77336 5445.15
 0.77348 5445.12
 0.7736 5445.1
 0.77372 5445.07
 0.77384 5445.05
 0.77396 5445.02
 0.77408 5445
 0.7742 5444.98
 0.77432 5444.96
 0.77444 5444.94
 0.77456 5444.91
 0.77468 5444.89
 0.7748 5444.87
 0.77492 5444.86
 0.77504 5444.84
 0.77516 5444.82
 0.77528 5444.8
 0.7754 5444.79
 0.77552 5444.77
 0.77564 5444.75
 0.77576 5444.74
 0.77588 5444.73
 0.776 5444.71
 0.77612 5444.7
 0.77624 5444.69
 0.77636 5444.68
 0.77648 5444.67
 0.7766 5444.66
 0.77672 5444.65
 0.77684 5444.64
 0.77696 5444.63
 0.77708 5444.62
 0.7772 5444.62
 0.77732 5444.61
 0.77744 5444.61
 0.77756 5444.6
 0.77768 5444.6
 0.7778 5444.59
 0.77792 5444.59
 0.77804 5444.59
 0.77816 5444.59
 0.77828 5444.59
 0.7784 5444.59
 0.77852 5444.59
 0.77864 5444.59
 0.77876 5444.6
 0.77888 5444.6
 0.779 5444.61
 0.77912 5444.61
 0.77924 5444.62
 0.77936 5444.62
 0.77948 5444.63
 0.7796 5444.64
 0.77972 5444.65
 0.77984 5444.66
 0.77996 5444.67
 0.78008 5444.68
 0.7802 5444.69
 0.78032 5444.71
 0.78044 5444.72
 0.78056 5444.73
 0.78068 5444.75
 0.7808 5444.76
 0.78092 5444.78
 0.78104 5444.79
 0.78116 5444.81
 0.78128 5444.82
 0.7814 5444.84
 0.78152 5444.86
 0.78164 5444.87
 0.78176 5444.89
 0.78188 5444.91
 0.782 5444.93
 0.78212 5444.95
 0.78224 5444.97
 0.78236 5444.99
 0.78248 5445.01
 0.7826 5445.03
 0.78272 5445.05
 0.78284 5445.07
 0.78296 5445.09
 0.78308 5445.11
 0.7832 5445.14
 0.78332 5445.16
 0.78344 5445.18
 0.78356 5445.21
 0.78368 5445.23
 0.7838 5445.25
 0.78392 5445.28
 0.78404 5445.3
 0.78416 5445.33
 0.78428 5445.35
 0.7844 5445.38
 0.78452 5445.4
 0.78464 5445.43
 0.78476 5445.45
 0.78488 5445.48
 0.785 5445.51
 0.78512 5445.53
 0.78524 5445.56
 0.78536 5445.59
 0.78548 5445.62
 0.7856 5445.64
 0.78572 5445.67
 0.78584 5445.7
 0.78596 5445.73
 0.78608 5445.76
 0.7862 5445.79
 0.78632 5445.81
 0.78644 5445.84
 0.78656 5445.87
 0.78668 5445.9
 0.7868 5445.93
 0.78692 5445.96
 0.78704 5445.99
 0.78716 5446.02
 0.78728 5446.05
 0.7874 5446.08
 0.78752 5446.11
 0.78764 5446.14
 0.78776 5446.17
 0.78788 5446.21
 0.788 5446.24
 0.78812 5446.27
 0.78824 5446.3
 0.78836 5446.33
 0.78848 5446.36
 0.7886 5446.39
 0.78872 5446.42
 0.78884 5446.46
 0.78896 5446.49
 0.78908 5446.52
 0.7892 5446.55
 0.78932 5446.58
 0.78944 5446.61
 0.78956 5446.65
 0.78968 5446.68
 0.7898 5446.71
 0.78992 5446.74
 0.79004 5446.78
 0.79016 5446.81
 0.79028 5446.84
 0.7904 5446.87
 0.79052 5446.91
 0.79064 5446.94
 0.79076 5446.97
 0.79088 5447
 0.791 5447.04
 0.79112 5447.07
 0.79124 5447.1
 0.79136 5447.14
 0.79148 5447.17
 0.7916 5447.2
 0.79172 5447.24
 0.79184 5447.27
 0.79196 5447.31
 0.79208 5447.34
 0.7922 5447.37
 0.79232 5447.41
 0.79244 5447.44
 0.79256 5447.48
 0.79268 5447.51
 0.7928 5447.54
 0.79292 5447.58
 0.79304 5447.61
 0.79316 5447.65
 0.79328 5447.69
 0.7934 5447.72
 0.79352 5447.76
 0.79364 5447.79
 0.79376 5447.83
 0.79388 5447.86
 0.794 5447.9
 0.79412 5447.94
 0.79424 5447.97
 0.79436 5448.01
 0.79448 5448.05
 0.7946 5448.08
 0.79472 5448.12
 0.79484 5448.16
 0.79496 5448.2
 0.79508 5448.23
 0.7952 5448.27
 0.79532 5448.31
 0.79544 5448.35
 0.79556 5448.39
 0.79568 5448.43
 0.7958 5448.46
 0.79592 5448.5
 0.79604 5448.54
 0.79616 5448.58
 0.79628 5448.62
 0.7964 5448.66
 0.79652 5448.7
 0.79664 5448.74
 0.79676 5448.78
 0.79688 5448.82
 0.797 5448.86
 0.79712 5448.9
 0.79724 5448.94
 0.79736 5448.98
 0.79748 5449.02
 0.7976 5449.06
 0.79772 5449.1
 0.79784 5449.14
 0.79796 5449.18
 0.79808 5449.23
 0.7982 5449.27
 0.79832 5449.31
 0.79844 5449.35
 0.79856 5449.39
 0.79868 5449.43
 0.7988 5449.48
 0.79892 5449.52
 0.79904 5449.56
 0.79916 5449.6
 0.79928 5449.64
 0.7994 5449.69
 0.79952 5449.73
 0.79964 5449.77
 0.79976 5449.81
 0.79988 5449.86
