 0.2 4994.77
 0.20012 4991.47
 0.20024 4988.17
 0.20036 4984.87
 0.20048 4981.57
 0.2006 4978.27
 0.20072 4974.97
 0.20084 4971.66
 0.20096 4968.36
 0.20108 4965.06
 0.2012 4961.75
 0.20132 4958.45
 0.20144 4955.14
 0.20156 4951.83
 0.20168 4948.53
 0.2018 4945.22
 0.20192 4941.91
 0.20204 4938.6
 0.20216 4935.29
 0.20228 4931.98
 0.2024 4928.67
 0.20252 4925.35
 0.20264 4922.04
 0.20276 4918.72
 0.20288 4915.41
 0.203 4912.1
 0.20312 4908.78
 0.20324 4905.47
 0.20336 4902.16
 0.20348 4898.85
 0.2036 4895.54
 0.20372 4892.23
 0.20384 4888.92
 0.20396 4885.61
 0.20408 4882.31
 0.2042 4879
 0.20432 4875.7
 0.20444 4872.4
 0.20456 4869.09
 0.20468 4865.8
 0.2048 4862.5
 0.20492 4859.2
 0.20504 4855.9
 0.20516 4852.61
 0.20528 4849.32
 0.2054 4846.02
 0.20552 4842.73
 0.20564 4839.44
 0.20576 4836.15
 0.20588 4832.87
 0.206 4829.58
 0.20612 4826.29
 0.20624 4823.01
 0.20636 4819.73
 0.20648 4816.44
 0.2066 4813.16
 0.20672 4809.88
 0.20684 4806.61
 0.20696 4803.33
 0.20708 4800.05
 0.2072 4796.78
 0.20732 4793.51
 0.20744 4790.25
 0.20756 4786.98
 0.20768 4783.72
 0.2078 4780.46
 0.20792 4777.21
 0.20804 4773.96
 0.20816 4770.71
 0.20828 4767.46
 0.2084 4764.22
 0.20852 4760.99
 0.20864 4757.76
 0.20876 4754.53
 0.20888 4751.31
 0.209 4748.09
 0.20912 4744.88
 0.20924 4741.67
 0.20936 4738.47
 0.20948 4735.27
 0.2096 4732.08
 0.20972 4728.9
 0.20984 4725.72
 0.20996 4722.55
 0.21008 4719.39
 0.2102 4716.23
 0.21032 4713.08
 0.21044 4709.93
 0.21056 4706.79
 0.21068 4703.66
 0.2108 4700.54
 0.21092 4697.42
 0.21104 4694.31
 0.21116 4691.21
 0.21128 4688.12
 0.2114 4685.03
 0.21152 4681.96
 0.21164 4678.89
 0.21176 4675.83
 0.21188 4672.77
 0.212 4669.73
 0.21212 4666.69
 0.21224 4663.67
 0.21236 4660.65
 0.21248 4657.64
 0.2126 4654.64
 0.21272 4651.65
 0.21284 4648.67
 0.21296 4645.7
 0.21308 4642.74
 0.2132 4639.79
 0.21332 4636.85
 0.21344 4633.92
 0.21356 4631.01
 0.21368 4628.1
 0.2138 4625.2
 0.21392 4622.32
 0.21404 4619.45
 0.21416 4616.59
 0.21428 4613.74
 0.2144 4610.91
 0.21452 4608.09
 0.21464 4605.28
 0.21476 4602.48
 0.21488 4599.7
 0.215 4596.93
 0.21512 4594.18
 0.21524 4591.44
 0.21536 4588.71
 0.21548 4586
 0.2156 4583.3
 0.21572 4580.61
 0.21584 4577.93
 0.21596 4575.27
 0.21608 4572.63
 0.2162 4569.99
 0.21632 4567.37
 0.21644 4564.77
 0.21656 4562.17
 0.21668 4559.59
 0.2168 4557.03
 0.21692 4554.47
 0.21704 4551.93
 0.21716 4549.4
 0.21728 4546.89
 0.2174 4544.38
 0.21752 4541.89
 0.21764 4539.42
 0.21776 4536.95
 0.21788 4534.49
 0.218 4532.05
 0.21812 4529.62
 0.21824 4527.2
 0.21836 4524.79
 0.21848 4522.4
 0.2186 4520.01
 0.21872 4517.64
 0.21884 4515.28
 0.21896 4512.93
 0.21908 4510.59
 0.2192 4508.26
 0.21932 4505.94
 0.21944 4503.64
 0.21956 4501.35
 0.21968 4499.06
 0.2198 4496.79
 0.21992 4494.53
 0.22004 4492.28
 0.22016 4490.05
 0.22028 4487.82
 0.2204 4485.61
 0.22052 4483.41
 0.22064 4481.22
 0.22076 4479.04
 0.22088 4476.88
 0.221 4474.72
 0.22112 4472.58
 0.22124 4470.46
 0.22136 4468.34
 0.22148 4466.24
 0.2216 4464.15
 0.22172 4462.08
 0.22184 4460.01
 0.22196 4457.96
 0.22208 4455.93
 0.2222 4453.9
 0.22232 4451.9
 0.22244 4449.9
 0.22256 4447.92
 0.22268 4445.95
 0.2228 4444
 0.22292 4442.06
 0.22304 4440.13
 0.22316 4438.22
 0.22328 4436.33
 0.2234 4434.44
 0.22352 4432.58
 0.22364 4430.72
 0.22376 4428.89
 0.22388 4427.06
 0.224 4425.26
 0.22412 4423.47
 0.22424 4421.69
 0.22436 4419.93
 0.22448 4418.19
 0.2246 4416.46
 0.22472 4414.75
 0.22484 4413.05
 0.22496 4411.37
 0.22508 4409.71
 0.2252 4408.06
 0.22532 4406.42
 0.22544 4404.81
 0.22556 4403.21
 0.22568 4401.62
 0.2258 4400.05
 0.22592 4398.5
 0.22604 4396.96
 0.22616 4395.44
 0.22628 4393.94
 0.2264 4392.45
 0.22652 4390.97
 0.22664 4389.51
 0.22676 4388.07
 0.22688 4386.65
 0.227 4385.24
 0.22712 4383.84
 0.22724 4382.47
 0.22736 4381.1
 0.22748 4379.76
 0.2276 4378.43
 0.22772 4377.11
 0.22784 4375.81
 0.22796 4374.53
 0.22808 4373.27
 0.2282 4372.02
 0.22832 4370.78
 0.22844 4369.56
 0.22856 4368.36
 0.22868 4367.17
 0.2288 4366
 0.22892 4364.85
 0.22904 4363.71
 0.22916 4362.59
 0.22928 4361.49
 0.2294 4360.4
 0.22952 4359.33
 0.22964 4358.27
 0.22976 4357.23
 0.22988 4356.21
 0.23 4355.2
 0.23012 4354.21
 0.23024 4353.24
 0.23036 4352.29
 0.23048 4351.35
 0.2306 4350.43
 0.23072 4349.53
 0.23084 4348.64
 0.23096 4347.77
 0.23108 4346.92
 0.2312 4346.09
 0.23132 4345.27
 0.23144 4344.47
 0.23156 4343.69
 0.23168 4342.92
 0.2318 4342.17
 0.23192 4341.44
 0.23204 4340.72
 0.23216 4340.02
 0.23228 4339.34
 0.2324 4338.67
 0.23252 4338.02
 0.23264 4337.39
 0.23276 4336.77
 0.23288 4336.17
 0.233 4335.58
 0.23312 4335.01
 0.23324 4334.46
 0.23336 4333.91
 0.23348 4333.39
 0.2336 4332.88
 0.23372 4332.38
 0.23384 4331.9
 0.23396 4331.44
 0.23408 4330.99
 0.2342 4330.56
 0.23432 4330.14
 0.23444 4329.75
 0.23456 4329.36
 0.23468 4329
 0.2348 4328.65
 0.23492 4328.32
 0.23504 4328
 0.23516 4327.7
 0.23528 4327.42
 0.2354 4327.16
 0.23552 4326.91
 0.23564 4326.69
 0.23576 4326.48
 0.23588 4326.29
 0.236 4326.11
 0.23612 4325.96
 0.23624 4325.82
 0.23636 4325.71
 0.23648 4325.61
 0.2366 4325.53
 0.23672 4325.47
 0.23684 4325.43
 0.23696 4325.41
 0.23708 4325.41
 0.2372 4325.43
 0.23732 4325.47
 0.23744 4325.53
 0.23756 4325.62
 0.23768 4325.72
 0.2378 4325.84
 0.23792 4325.98
 0.23804 4326.15
 0.23816 4326.33
 0.23828 4326.54
 0.2384 4326.77
 0.23852 4327.02
 0.23864 4327.29
 0.23876 4327.59
 0.23888 4327.9
 0.239 4328.24
 0.23912 4328.6
 0.23924 4328.98
 0.23936 4329.38
 0.23948 4329.81
 0.2396 4330.26
 0.23972 4330.73
 0.23984 4331.23
 0.23996 4331.75
 0.24008 4332.29
 0.2402 4332.85
 0.24032 4333.44
 0.24044 4334.05
 0.24056 4334.69
 0.24068 4335.34
 0.2408 4336.02
 0.24092 4336.73
 0.24104 4337.46
 0.24116 4338.21
 0.24128 4338.98
 0.2414 4339.77
 0.24152 4340.59
 0.24164 4341.44
 0.24176 4342.3
 0.24188 4343.19
 0.242 4344.1
 0.24212 4345.03
 0.24224 4345.99
 0.24236 4346.97
 0.24248 4347.97
 0.2426 4348.99
 0.24272 4350.04
 0.24284 4351.11
 0.24296 4352.2
 0.24308 4353.32
 0.2432 4354.45
 0.24332 4355.61
 0.24344 4356.8
 0.24356 4358
 0.24368 4359.23
 0.2438 4360.48
 0.24392 4361.75
 0.24404 4363.04
 0.24416 4364.35
 0.24428 4365.69
 0.2444 4367.05
 0.24452 4368.43
 0.24464 4369.82
 0.24476 4371.25
 0.24488 4372.69
 0.245 4374.15
 0.24512 4375.63
 0.24524 4377.13
 0.24536 4378.66
 0.24548 4380.2
 0.2456 4381.77
 0.24572 4383.35
 0.24584 4384.95
 0.24596 4386.58
 0.24608 4388.22
 0.2462 4389.89
 0.24632 4391.57
 0.24644 4393.27
 0.24656 4394.99
 0.24668 4396.74
 0.2468 4398.5
 0.24692 4400.27
 0.24704 4402.07
 0.24716 4403.88
 0.24728 4405.72
 0.2474 4407.57
 0.24752 4409.44
 0.24764 4411.32
 0.24776 4413.23
 0.24788 4415.15
 0.248 4417.09
 0.24812 4419.04
 0.24824 4421.01
 0.24836 4423
 0.24848 4425.01
 0.2486 4427.03
 0.24872 4429.06
 0.24884 4431.11
 0.24896 4433.18
 0.24908 4435.26
 0.2492 4437.36
 0.24932 4439.47
 0.24944 4441.6
 0.24956 4443.74
 0.24968 4445.89
 0.2498 4448.06
 0.24992 4450.24
 0.25004 4452.44
 0.25016 4454.65
 0.25028 4456.87
 0.2504 4459.1
 0.25052 4461.35
 0.25064 4463.6
 0.25076 4465.87
 0.25088 4468.15
 0.251 4470.44
 0.25112 4472.74
 0.25124 4475.05
 0.25136 4477.37
 0.25148 4479.7
 0.2516 4482.04
 0.25172 4484.39
 0.25184 4486.75
 0.25196 4489.12
 0.25208 4491.5
 0.2522 4493.88
 0.25232 4496.27
 0.25244 4498.67
 0.25256 4501.08
 0.25268 4503.49
 0.2528 4505.91
 0.25292 4508.34
 0.25304 4510.77
 0.25316 4513.21
 0.25328 4515.66
 0.2534 4518.11
 0.25352 4520.57
 0.25364 4523.04
 0.25376 4525.51
 0.25388 4527.98
 0.254 4530.46
 0.25412 4532.94
 0.25424 4535.43
 0.25436 4537.92
 0.25448 4540.42
 0.2546 4542.92
 0.25472 4545.42
 0.25484 4547.92
 0.25496 4550.43
 0.25508 4552.95
 0.2552 4555.46
 0.25532 4557.98
 0.25544 4560.5
 0.25556 4563.03
 0.25568 4565.55
 0.2558 4568.08
 0.25592 4570.62
 0.25604 4573.15
 0.25616 4575.69
 0.25628 4578.23
 0.2564 4580.78
 0.25652 4583.33
 0.25664 4585.88
 0.25676 4588.43
 0.25688 4590.98
 0.257 4593.54
 0.25712 4596.1
 0.25724 4598.66
 0.25736 4601.22
 0.25748 4603.79
 0.2576 4606.36
 0.25772 4608.93
 0.25784 4611.5
 0.25796 4614.08
 0.25808 4616.65
 0.2582 4619.23
 0.25832 4621.82
 0.25844 4624.4
 0.25856 4626.98
 0.25868 4629.57
 0.2588 4632.16
 0.25892 4634.75
 0.25904 4637.34
 0.25916 4639.94
 0.25928 4642.53
 0.2594 4645.13
 0.25952 4647.73
 0.25964 4650.33
 0.25976 4652.93
 0.25988 4655.53
 0.26 4658.14
 0.26012 4660.74
 0.26024 4663.35
 0.26036 4665.96
 0.26048 4668.57
 0.2606 4671.18
 0.26072 4673.8
 0.26084 4676.41
 0.26096 4679.02
 0.26108 4681.64
 0.2612 4684.26
 0.26132 4686.88
 0.26144 4689.5
 0.26156 4692.12
 0.26168 4694.74
 0.2618 4697.37
 0.26192 4699.99
 0.26204 4702.62
 0.26216 4705.25
 0.26228 4707.88
 0.2624 4710.51
 0.26252 4713.14
 0.26264 4715.78
 0.26276 4718.41
 0.26288 4721.05
 0.263 4723.69
 0.26312 4726.33
 0.26324 4728.97
 0.26336 4731.62
 0.26348 4734.26
 0.2636 4736.91
 0.26372 4739.56
 0.26384 4742.2
 0.26396 4744.85
 0.26408 4747.5
 0.2642 4750.14
 0.26432 4752.79
 0.26444 4755.43
 0.26456 4758.07
 0.26468 4760.71
 0.2648 4763.35
 0.26492 4765.99
 0.26504 4768.62
 0.26516 4771.25
 0.26528 4773.88
 0.2654 4776.51
 0.26552 4779.13
 0.26564 4781.75
 0.26576 4784.37
 0.26588 4786.98
 0.266 4789.59
 0.26612 4792.2
 0.26624 4794.8
 0.26636 4797.39
 0.26648 4799.98
 0.2666 4802.56
 0.26672 4805.14
 0.26684 4807.71
 0.26696 4810.27
 0.26708 4812.82
 0.2672 4815.37
 0.26732 4817.9
 0.26744 4820.42
 0.26756 4822.94
 0.26768 4825.44
 0.2678 4827.93
 0.26792 4830.41
 0.26804 4832.88
 0.26816 4835.33
 0.26828 4837.78
 0.2684 4840.2
 0.26852 4842.61
 0.26864 4845.01
 0.26876 4847.39
 0.26888 4849.76
 0.269 4852.11
 0.26912 4854.44
 0.26924 4856.76
 0.26936 4859.05
 0.26948 4861.33
 0.2696 4863.59
 0.26972 4865.83
 0.26984 4868.05
 0.26996 4870.26
 0.27008 4872.44
 0.2702 4874.6
 0.27032 4876.73
 0.27044 4878.85
 0.27056 4880.94
 0.27068 4883.02
 0.2708 4885.07
 0.27092 4887.09
 0.27104 4889.1
 0.27116 4891.08
 0.27128 4893.03
 0.2714 4894.97
 0.27152 4896.88
 0.27164 4898.76
 0.27176 4900.62
 0.27188 4902.45
 0.272 4904.26
 0.27212 4906.04
 0.27224 4907.8
 0.27236 4909.53
 0.27248 4911.24
 0.2726 4912.91
 0.27272 4914.57
 0.27284 4916.19
 0.27296 4917.78
 0.27308 4919.35
 0.2732 4920.89
 0.27332 4922.41
 0.27344 4923.89
 0.27356 4925.34
 0.27368 4926.77
 0.2738 4928.17
 0.27392 4929.53
 0.27404 4930.87
 0.27416 4932.18
 0.27428 4933.46
 0.2744 4934.71
 0.27452 4935.93
 0.27464 4937.11
 0.27476 4938.27
 0.27488 4939.4
 0.275 4940.5
 0.27512 4941.57
 0.27524 4942.61
 0.27536 4943.62
 0.27548 4944.6
 0.2756 4945.55
 0.27572 4946.47
 0.27584 4947.35
 0.27596 4948.21
 0.27608 4949.04
 0.2762 4949.84
 0.27632 4950.61
 0.27644 4951.34
 0.27656 4952.05
 0.27668 4952.73
 0.2768 4953.38
 0.27692 4954
 0.27704 4954.59
 0.27716 4955.15
 0.27728 4955.68
 0.2774 4956.18
 0.27752 4956.65
 0.27764 4957.1
 0.27776 4957.51
 0.27788 4957.9
 0.278 4958.26
 0.27812 4958.59
 0.27824 4958.9
 0.27836 4959.17
 0.27848 4959.42
 0.2786 4959.64
 0.27872 4959.84
 0.27884 4960
 0.27896 4960.14
 0.27908 4960.26
 0.2792 4960.34
 0.27932 4960.4
 0.27944 4960.43
 0.27956 4960.44
 0.27968 4960.42
 0.2798 4960.37
 0.27992 4960.3
 0.28004 4960.2
 0.28016 4960.08
 0.28028 4959.93
 0.2804 4959.76
 0.28052 4959.56
 0.28064 4959.33
 0.28076 4959.08
 0.28088 4958.81
 0.281 4958.51
 0.28112 4958.18
 0.28124 4957.84
 0.28136 4957.46
 0.28148 4957.06
 0.2816 4956.64
 0.28172 4956.19
 0.28184 4955.72
 0.28196 4955.22
 0.28208 4954.7
 0.2822 4954.16
 0.28232 4953.59
 0.28244 4952.99
 0.28256 4952.37
 0.28268 4951.73
 0.2828 4951.06
 0.28292 4950.36
 0.28304 4949.65
 0.28316 4948.9
 0.28328 4948.13
 0.2834 4947.34
 0.28352 4946.52
 0.28364 4945.67
 0.28376 4944.8
 0.28388 4943.9
 0.284 4942.98
 0.28412 4942.04
 0.28424 4941.06
 0.28436 4940.07
 0.28448 4939.04
 0.2846 4938
 0.28472 4936.92
 0.28484 4935.83
 0.28496 4934.7
 0.28508 4933.55
 0.2852 4932.38
 0.28532 4931.18
 0.28544 4929.95
 0.28556 4928.7
 0.28568 4927.42
 0.2858 4926.12
 0.28592 4924.79
 0.28604 4923.44
 0.28616 4922.05
 0.28628 4920.65
 0.2864 4919.21
 0.28652 4917.75
 0.28664 4916.26
 0.28676 4914.74
 0.28688 4913.2
 0.287 4911.62
 0.28712 4910.02
 0.28724 4908.4
 0.28736 4906.74
 0.28748 4905.05
 0.2876 4903.34
 0.28772 4901.6
 0.28784 4899.82
 0.28796 4898.02
 0.28808 4896.19
 0.2882 4894.33
 0.28832 4892.44
 0.28844 4890.53
 0.28856 4888.58
 0.28868 4886.6
 0.2888 4884.59
 0.28892 4882.55
 0.28904 4880.48
 0.28916 4878.38
 0.28928 4876.25
 0.2894 4874.09
 0.28952 4871.89
 0.28964 4869.67
 0.28976 4867.41
 0.28988 4865.13
 0.29 4862.81
 0.29012 4860.47
 0.29024 4858.09
 0.29036 4855.68
 0.29048 4853.23
 0.2906 4850.76
 0.29072 4848.26
 0.29084 4845.72
 0.29096 4843.15
 0.29108 4840.55
 0.2912 4837.92
 0.29132 4835.26
 0.29144 4832.56
 0.29156 4829.84
 0.29168 4827.08
 0.2918 4824.29
 0.29192 4821.46
 0.29204 4818.61
 0.29216 4815.72
 0.29228 4812.8
 0.2924 4809.85
 0.29252 4806.86
 0.29264 4803.85
 0.29276 4800.8
 0.29288 4797.72
 0.293 4794.6
 0.29312 4791.45
 0.29324 4788.27
 0.29336 4785.06
 0.29348 4781.82
 0.2936 4778.54
 0.29372 4775.23
 0.29384 4771.89
 0.29396 4768.52
 0.29408 4765.12
 0.2942 4761.68
 0.29432 4758.22
 0.29444 4754.72
 0.29456 4751.19
 0.29468 4747.63
 0.2948 4744.04
 0.29492 4740.42
 0.29504 4736.77
 0.29516 4733.09
 0.29528 4729.38
 0.2954 4725.64
 0.29552 4721.87
 0.29564 4718.07
 0.29576 4714.24
 0.29588 4710.38
 0.296 4706.49
 0.29612 4702.58
 0.29624 4698.63
 0.29636 4694.66
 0.29648 4690.66
 0.2966 4686.64
 0.29672 4682.59
 0.29684 4678.52
 0.29696 4674.42
 0.29708 4670.3
 0.2972 4666.16
 0.29732 4661.99
 0.29744 4657.81
 0.29756 4653.6
 0.29768 4649.37
 0.2978 4645.13
 0.29792 4640.87
 0.29804 4636.58
 0.29816 4632.29
 0.29828 4627.97
 0.2984 4623.64
 0.29852 4619.29
 0.29864 4614.93
 0.29876 4610.55
 0.29888 4606.16
 0.299 4601.76
 0.29912 4597.34
 0.29924 4592.92
 0.29936 4588.48
 0.29948 4584.03
 0.2996 4579.57
 0.29972 4575.1
 0.29984 4570.62
 0.29996 4566.14
 0.30008 4561.64
 0.3002 4557.14
 0.30032 4552.63
 0.30044 4548.12
 0.30056 4543.6
 0.30068 4539.07
 0.3008 4534.54
 0.30092 4530.01
 0.30104 4525.47
 0.30116 4520.93
 0.30128 4516.39
 0.3014 4511.85
 0.30152 4507.3
 0.30164 4502.76
 0.30176 4498.21
 0.30188 4493.67
 0.302 4489.12
 0.30212 4484.58
 0.30224 4480.04
 0.30236 4475.5
 0.30248 4470.97
 0.3026 4466.44
 0.30272 4461.91
 0.30284 4457.39
 0.30296 4452.87
 0.30308 4448.36
 0.3032 4443.86
 0.30332 4439.36
 0.30344 4434.87
 0.30356 4430.39
 0.30368 4425.92
 0.3038 4421.45
 0.30392 4417
 0.30404 4412.55
 0.30416 4408.11
 0.30428 4403.69
 0.3044 4399.27
 0.30452 4394.86
 0.30464 4390.47
 0.30476 4386.08
 0.30488 4381.71
 0.305 4377.35
 0.30512 4373
 0.30524 4368.66
 0.30536 4364.33
 0.30548 4360.01
 0.3056 4355.71
 0.30572 4351.42
 0.30584 4347.14
 0.30596 4342.88
 0.30608 4338.62
 0.3062 4334.38
 0.30632 4330.15
 0.30644 4325.94
 0.30656 4321.73
 0.30668 4317.54
 0.3068 4313.36
 0.30692 4309.2
 0.30704 4305.05
 0.30716 4300.91
 0.30728 4296.78
 0.3074 4292.67
 0.30752 4288.57
 0.30764 4284.48
 0.30776 4280.41
 0.30788 4276.35
 0.308 4272.3
 0.30812 4268.26
 0.30824 4264.24
 0.30836 4260.23
 0.30848 4256.24
 0.3086 4252.26
 0.30872 4248.29
 0.30884 4244.34
 0.30896 4240.4
 0.30908 4236.48
 0.3092 4232.56
 0.30932 4228.67
 0.30944 4224.78
 0.30956 4220.92
 0.30968 4217.06
 0.3098 4213.23
 0.30992 4209.4
 0.31004 4205.59
 0.31016 4201.8
 0.31028 4198.02
 0.3104 4194.26
 0.31052 4190.51
 0.31064 4186.78
 0.31076 4183.06
 0.31088 4179.36
 0.311 4175.68
 0.31112 4172.01
 0.31124 4168.36
 0.31136 4164.72
 0.31148 4161.11
 0.3116 4157.51
 0.31172 4153.92
 0.31184 4150.36
 0.31196 4146.82
 0.31208 4143.29
 0.3122 4139.78
 0.31232 4136.29
 0.31244 4132.83
 0.31256 4129.38
 0.31268 4125.95
 0.3128 4122.55
 0.31292 4119.16
 0.31304 4115.8
 0.31316 4112.46
 0.31328 4109.14
 0.3134 4105.85
 0.31352 4102.58
 0.31364 4099.33
 0.31376 4096.11
 0.31388 4092.91
 0.314 4089.74
 0.31412 4086.59
 0.31424 4083.47
 0.31436 4080.37
 0.31448 4077.3
 0.3146 4074.26
 0.31472 4071.24
 0.31484 4068.26
 0.31496 4065.29
 0.31508 4062.36
 0.3152 4059.45
 0.31532 4056.57
 0.31544 4053.72
 0.31556 4050.9
 0.31568 4048.11
 0.3158 4045.35
 0.31592 4042.61
 0.31604 4039.91
 0.31616 4037.24
 0.31628 4034.6
 0.3164 4031.99
 0.31652 4029.41
 0.31664 4026.87
 0.31676 4024.36
 0.31688 4021.88
 0.317 4019.43
 0.31712 4017.02
 0.31724 4014.65
 0.31736 4012.31
 0.31748 4010.01
 0.3176 4007.74
 0.31772 4005.51
 0.31784 4003.31
 0.31796 4001.16
 0.31808 3999.04
 0.3182 3996.96
 0.31832 3994.91
 0.31844 3992.91
 0.31856 3990.94
 0.31868 3989.02
 0.3188 3987.13
 0.31892 3985.29
 0.31904 3983.48
 0.31916 3981.71
 0.31928 3979.99
 0.3194 3978.3
 0.31952 3976.66
 0.31964 3975.06
 0.31976 3973.49
 0.31988 3971.97
 0.32 3970.49
 0.32012 3969.05
 0.32024 3967.65
 0.32036 3966.3
 0.32048 3964.98
 0.3206 3963.71
 0.32072 3962.47
 0.32084 3961.28
 0.32096 3960.13
 0.32108 3959.02
 0.3212 3957.96
 0.32132 3956.93
 0.32144 3955.95
 0.32156 3955.01
 0.32168 3954.1
 0.3218 3953.25
 0.32192 3952.43
 0.32204 3951.65
 0.32216 3950.92
 0.32228 3950.23
 0.3224 3949.58
 0.32252 3948.98
 0.32264 3948.41
 0.32276 3947.89
 0.32288 3947.41
 0.323 3946.98
 0.32312 3946.58
 0.32324 3946.23
 0.32336 3945.92
 0.32348 3945.66
 0.3236 3945.43
 0.32372 3945.25
 0.32384 3945.12
 0.32396 3945.02
 0.32408 3944.97
 0.3242 3944.96
 0.32432 3944.99
 0.32444 3945.07
 0.32456 3945.18
 0.32468 3945.34
 0.3248 3945.55
 0.32492 3945.79
 0.32504 3946.08
 0.32516 3946.41
 0.32528 3946.78
 0.3254 3947.19
 0.32552 3947.65
 0.32564 3948.14
 0.32576 3948.68
 0.32588 3949.26
 0.326 3949.88
 0.32612 3950.54
 0.32624 3951.24
 0.32636 3951.97
 0.32648 3952.75
 0.3266 3953.57
 0.32672 3954.43
 0.32684 3955.32
 0.32696 3956.25
 0.32708 3957.22
 0.3272 3958.23
 0.32732 3959.27
 0.32744 3960.34
 0.32756 3961.46
 0.32768 3962.6
 0.3278 3963.78
 0.32792 3965
 0.32804 3966.25
 0.32816 3967.53
 0.32828 3968.84
 0.3284 3970.19
 0.32852 3971.57
 0.32864 3972.98
 0.32876 3974.42
 0.32888 3975.89
 0.329 3977.4
 0.32912 3978.93
 0.32924 3980.5
 0.32936 3982.09
 0.32948 3983.72
 0.3296 3985.37
 0.32972 3987.06
 0.32984 3988.77
 0.32996 3990.51
 0.33008 3992.27
 0.3302 3994.07
 0.33032 3995.89
 0.33044 3997.74
 0.33056 3999.62
 0.33068 4001.52
 0.3308 4003.45
 0.33092 4005.4
 0.33104 4007.38
 0.33116 4009.38
 0.33128 4011.41
 0.3314 4013.46
 0.33152 4015.53
 0.33164 4017.63
 0.33176 4019.75
 0.33188 4021.9
 0.332 4024.06
 0.33212 4026.25
 0.33224 4028.46
 0.33236 4030.7
 0.33248 4032.95
 0.3326 4035.23
 0.33272 4037.53
 0.33284 4039.85
 0.33296 4042.18
 0.33308 4044.54
 0.3332 4046.92
 0.33332 4049.32
 0.33344 4051.73
 0.33356 4054.17
 0.33368 4056.62
 0.3338 4059.09
 0.33392 4061.58
 0.33404 4064.09
 0.33416 4066.61
 0.33428 4069.16
 0.3344 4071.72
 0.33452 4074.3
 0.33464 4076.9
 0.33476 4079.51
 0.33488 4082.14
 0.335 4084.79
 0.33512 4087.45
 0.33524 4090.13
 0.33536 4092.83
 0.33548 4095.54
 0.3356 4098.27
 0.33572 4101.02
 0.33584 4103.78
 0.33596 4106.56
 0.33608 4109.35
 0.3362 4112.17
 0.33632 4114.99
 0.33644 4117.84
 0.33656 4120.7
 0.33668 4123.57
 0.3368 4126.47
 0.33692 4129.38
 0.33704 4132.3
 0.33716 4135.25
 0.33728 4138.2
 0.3374 4141.18
 0.33752 4144.17
 0.33764 4147.17
 0.33776 4150.19
 0.33788 4153.23
 0.338 4156.28
 0.33812 4159.35
 0.33824 4162.43
 0.33836 4165.53
 0.33848 4168.64
 0.3386 4171.76
 0.33872 4174.91
 0.33884 4178.06
 0.33896 4181.23
 0.33908 4184.41
 0.3392 4187.61
 0.33932 4190.82
 0.33944 4194.04
 0.33956 4197.28
 0.33968 4200.53
 0.3398 4203.79
 0.33992 4207.06
 0.34004 4210.35
 0.34016 4213.65
 0.34028 4216.96
 0.3404 4220.28
 0.34052 4223.62
 0.34064 4226.97
 0.34076 4230.32
 0.34088 4233.69
 0.341 4237.07
 0.34112 4240.46
 0.34124 4243.86
 0.34136 4247.27
 0.34148 4250.69
 0.3416 4254.12
 0.34172 4257.56
 0.34184 4261.01
 0.34196 4264.47
 0.34208 4267.93
 0.3422 4271.4
 0.34232 4274.88
 0.34244 4278.37
 0.34256 4281.86
 0.34268 4285.36
 0.3428 4288.87
 0.34292 4292.38
 0.34304 4295.9
 0.34316 4299.42
 0.34328 4302.95
 0.3434 4306.48
 0.34352 4310.01
 0.34364 4313.55
 0.34376 4317.09
 0.34388 4320.64
 0.344 4324.19
 0.34412 4327.74
 0.34424 4331.29
 0.34436 4334.84
 0.34448 4338.4
 0.3446 4341.95
 0.34472 4345.51
 0.34484 4349.07
 0.34496 4352.63
 0.34508 4356.18
 0.3452 4359.74
 0.34532 4363.3
 0.34544 4366.86
 0.34556 4370.42
 0.34568 4373.97
 0.3458 4377.53
 0.34592 4381.08
 0.34604 4384.63
 0.34616 4388.18
 0.34628 4391.73
 0.3464 4395.28
 0.34652 4398.82
 0.34664 4402.36
 0.34676 4405.9
 0.34688 4409.44
 0.347 4412.97
 0.34712 4416.5
 0.34724 4420.02
 0.34736 4423.54
 0.34748 4427.05
 0.3476 4430.56
 0.34772 4434.06
 0.34784 4437.55
 0.34796 4441.04
 0.34808 4444.53
 0.3482 4448
 0.34832 4451.47
 0.34844 4454.93
 0.34856 4458.39
 0.34868 4461.84
 0.3488 4465.28
 0.34892 4468.71
 0.34904 4472.14
 0.34916 4475.56
 0.34928 4478.97
 0.3494 4482.37
 0.34952 4485.77
 0.34964 4489.16
 0.34976 4492.55
 0.34988 4495.93
 0.35 4499.3
 0.35012 4502.67
 0.35024 4506.03
 0.35036 4509.38
 0.35048 4512.73
 0.3506 4516.07
 0.35072 4519.41
 0.35084 4522.74
 0.35096 4526.07
 0.35108 4529.39
 0.3512 4532.71
 0.35132 4536.03
 0.35144 4539.34
 0.35156 4542.64
 0.35168 4545.95
 0.3518 4549.25
 0.35192 4552.54
 0.35204 4555.83
 0.35216 4559.12
 0.35228 4562.4
 0.3524 4565.68
 0.35252 4568.96
 0.35264 4572.23
 0.35276 4575.5
 0.35288 4578.77
 0.353 4582.03
 0.35312 4585.29
 0.35324 4588.55
 0.35336 4591.8
 0.35348 4595.05
 0.3536 4598.3
 0.35372 4601.54
 0.35384 4604.79
 0.35396 4608.03
 0.35408 4611.27
 0.3542 4614.5
 0.35432 4617.74
 0.35444 4620.97
 0.35456 4624.2
 0.35468 4627.43
 0.3548 4630.65
 0.35492 4633.88
 0.35504 4637.11
 0.35516 4640.33
 0.35528 4643.56
 0.3554 4646.78
 0.35552 4650
 0.35564 4653.23
 0.35576 4656.45
 0.35588 4659.68
 0.356 4662.9
 0.35612 4666.13
 0.35624 4669.35
 0.35636 4672.58
 0.35648 4675.81
 0.3566 4679.05
 0.35672 4682.28
 0.35684 4685.52
 0.35696 4688.76
 0.35708 4692
 0.3572 4695.25
 0.35732 4698.5
 0.35744 4701.75
 0.35756 4705.01
 0.35768 4708.27
 0.3578 4711.54
 0.35792 4714.8
 0.35804 4718.08
 0.35816 4721.36
 0.35828 4724.64
 0.3584 4727.92
 0.35852 4731.22
 0.35864 4734.51
 0.35876 4737.81
 0.35888 4741.12
 0.359 4744.43
 0.35912 4747.75
 0.35924 4751.07
 0.35936 4754.4
 0.35948 4757.73
 0.3596 4761.07
 0.35972 4764.42
 0.35984 4767.77
 0.35996 4771.13
 0.36008 4774.49
 0.3602 4777.86
 0.36032 4781.23
 0.36044 4784.62
 0.36056 4788.01
 0.36068 4791.4
 0.3608 4794.8
 0.36092 4798.21
 0.36104 4801.62
 0.36116 4805.04
 0.36128 4808.47
 0.3614 4811.9
 0.36152 4815.34
 0.36164 4818.78
 0.36176 4822.23
 0.36188 4825.68
 0.362 4829.14
 0.36212 4832.6
 0.36224 4836.06
 0.36236 4839.53
 0.36248 4843
 0.3626 4846.47
 0.36272 4849.95
 0.36284 4853.42
 0.36296 4856.9
 0.36308 4860.38
 0.3632 4863.86
 0.36332 4867.35
 0.36344 4870.83
 0.36356 4874.32
 0.36368 4877.8
 0.3638 4881.29
 0.36392 4884.78
 0.36404 4888.26
 0.36416 4891.75
 0.36428 4895.23
 0.3644 4898.72
 0.36452 4902.2
 0.36464 4905.69
 0.36476 4909.17
 0.36488 4912.65
 0.365 4916.13
 0.36512 4919.61
 0.36524 4923.09
 0.36536 4926.58
 0.36548 4930.05
 0.3656 4933.53
 0.36572 4937.01
 0.36584 4940.49
 0.36596 4943.97
 0.36608 4947.44
 0.3662 4950.92
 0.36632 4954.39
 0.36644 4957.86
 0.36656 4961.34
 0.36668 4964.81
 0.3668 4968.27
 0.36692 4971.74
 0.36704 4975.21
 0.36716 4978.67
 0.36728 4982.14
 0.3674 4985.6
 0.36752 4989.06
 0.36764 4992.52
 0.36776 4995.98
 0.36788 4999.44
 0.368 5002.9
 0.36812 5006.36
 0.36824 5009.82
 0.36836 5013.27
 0.36848 5016.73
 0.3686 5020.19
 0.36872 5023.64
 0.36884 5027.1
 0.36896 5030.56
 0.36908 5034.02
 0.3692 5037.47
 0.36932 5040.93
 0.36944 5044.39
 0.36956 5047.85
 0.36968 5051.31
 0.3698 5054.77
 0.36992 5058.24
 0.37004 5061.7
 0.37016 5065.17
 0.37028 5068.63
 0.3704 5072.1
 0.37052 5075.57
 0.37064 5079.04
 0.37076 5082.52
 0.37088 5085.99
 0.371 5089.47
 0.37112 5092.95
 0.37124 5096.43
 0.37136 5099.92
 0.37148 5103.41
 0.3716 5106.9
 0.37172 5110.39
 0.37184 5113.89
 0.37196 5117.39
 0.37208 5120.9
 0.3722 5124.41
 0.37232 5127.93
 0.37244 5131.45
 0.37256 5134.97
 0.37268 5138.5
 0.3728 5142.04
 0.37292 5145.58
 0.37304 5149.12
 0.37316 5152.68
 0.37328 5156.23
 0.3734 5159.8
 0.37352 5163.37
 0.37364 5166.95
 0.37376 5170.53
 0.37388 5174.12
 0.374 5177.72
 0.37412 5181.33
 0.37424 5184.94
 0.37436 5188.56
 0.37448 5192.18
 0.3746 5195.82
 0.37472 5199.46
 0.37484 5203.1
 0.37496 5206.76
 0.37508 5210.42
 0.3752 5214.09
 0.37532 5217.76
 0.37544 5221.45
 0.37556 5225.14
 0.37568 5228.83
 0.3758 5232.53
 0.37592 5236.24
 0.37604 5239.96
 0.37616 5243.68
 0.37628 5247.4
 0.3764 5251.14
 0.37652 5254.87
 0.37664 5258.62
 0.37676 5262.36
 0.37688 5266.12
 0.377 5269.88
 0.37712 5273.64
 0.37724 5277.41
 0.37736 5281.18
 0.37748 5284.96
 0.3776 5288.75
 0.37772 5292.54
 0.37784 5296.33
 0.37796 5300.13
 0.37808 5303.94
 0.3782 5307.75
 0.37832 5311.56
 0.37844 5315.38
 0.37856 5319.21
 0.37868 5323.03
 0.3788 5326.86
 0.37892 5330.69
 0.37904 5334.53
 0.37916 5338.36
 0.37928 5342.2
 0.3794 5346.04
 0.37952 5349.88
 0.37964 5353.72
 0.37976 5357.56
 0.37988 5361.4
 0.38 5365.24
 0.38012 5369.07
 0.38024 5372.91
 0.38036 5376.74
 0.38048 5380.57
 0.3806 5384.4
 0.38072 5388.23
 0.38084 5392.05
 0.38096 5395.87
 0.38108 5399.68
 0.3812 5403.49
 0.38132 5407.29
 0.38144 5411.09
 0.38156 5414.89
 0.38168 5418.68
 0.3818 5422.46
 0.38192 5426.24
 0.38204 5430.01
 0.38216 5433.77
 0.38228 5437.53
 0.3824 5441.28
 0.38252 5445.03
 0.38264 5448.77
 0.38276 5452.5
 0.38288 5456.22
 0.383 5459.94
 0.38312 5463.64
 0.38324 5467.34
 0.38336 5471.03
 0.38348 5474.72
 0.3836 5478.39
 0.38372 5482.05
 0.38384 5485.71
 0.38396 5489.35
 0.38408 5492.98
 0.3842 5496.6
 0.38432 5500.21
 0.38444 5503.81
 0.38456 5507.39
 0.38468 5510.96
 0.3848 5514.52
 0.38492 5518.06
 0.38504 5521.59
 0.38516 5525.11
 0.38528 5528.61
 0.3854 5532.09
 0.38552 5535.56
 0.38564 5539.01
 0.38576 5542.45
 0.38588 5545.86
 0.386 5549.26
 0.38612 5552.64
 0.38624 5556.01
 0.38636 5559.35
 0.38648 5562.67
 0.3866 5565.98
 0.38672 5569.26
 0.38684 5572.52
 0.38696 5575.77
 0.38708 5578.99
 0.3872 5582.19
 0.38732 5585.36
 0.38744 5588.52
 0.38756 5591.65
 0.38768 5594.77
 0.3878 5597.85
 0.38792 5600.92
 0.38804 5603.96
 0.38816 5606.98
 0.38828 5609.97
 0.3884 5612.94
 0.38852 5615.89
 0.38864 5618.81
 0.38876 5621.71
 0.38888 5624.58
 0.389 5627.43
 0.38912 5630.25
 0.38924 5633.04
 0.38936 5635.81
 0.38948 5638.56
 0.3896 5641.27
 0.38972 5643.96
 0.38984 5646.63
 0.38996 5649.26
 0.39008 5651.87
 0.3902 5654.45
 0.39032 5657
 0.39044 5659.53
 0.39056 5662.03
 0.39068 5664.5
 0.3908 5666.94
 0.39092 5669.35
 0.39104 5671.74
 0.39116 5674.09
 0.39128 5676.42
 0.3914 5678.73
 0.39152 5681
 0.39164 5683.25
 0.39176 5685.48
 0.39188 5687.67
 0.392 5689.84
 0.39212 5691.99
 0.39224 5694.11
 0.39236 5696.21
 0.39248 5698.29
 0.3926 5700.34
 0.39272 5702.37
 0.39284 5704.38
 0.39296 5706.37
 0.39308 5708.34
 0.3932 5710.28
 0.39332 5712.21
 0.39344 5714.11
 0.39356 5716
 0.39368 5717.87
 0.3938 5719.71
 0.39392 5721.54
 0.39404 5723.35
 0.39416 5725.15
 0.39428 5726.92
 0.3944 5728.68
 0.39452 5730.42
 0.39464 5732.14
 0.39476 5733.84
 0.39488 5735.53
 0.395 5737.19
 0.39512 5738.84
 0.39524 5740.47
 0.39536 5742.08
 0.39548 5743.68
 0.3956 5745.25
 0.39572 5746.81
 0.39584 5748.34
 0.39596 5749.86
 0.39608 5751.36
 0.3962 5752.84
 0.39632 5754.3
 0.39644 5755.74
 0.39656 5757.16
 0.39668 5758.56
 0.3968 5759.94
 0.39692 5761.3
 0.39704 5762.64
 0.39716 5763.96
 0.39728 5765.26
 0.3974 5766.54
 0.39752 5767.8
 0.39764 5769.03
 0.39776 5770.25
 0.39788 5771.44
 0.398 5772.62
 0.39812 5773.77
 0.39824 5774.9
 0.39836 5776
 0.39848 5777.09
 0.3986 5778.15
 0.39872 5779.19
 0.39884 5780.2
 0.39896 5781.19
 0.39908 5782.16
 0.3992 5783.11
 0.39932 5784.03
 0.39944 5784.92
 0.39956 5785.79
 0.39968 5786.64
 0.3998 5787.46
 0.39992 5788.26
 0.40004 5789.04
 0.40016 5789.78
 0.40028 5790.5
 0.4004 5791.2
 0.40052 5791.87
 0.40064 5792.52
 0.40076 5793.13
 0.40088 5793.72
 0.401 5794.29
 0.40112 5794.82
 0.40124 5795.33
 0.40136 5795.81
 0.40148 5796.26
 0.4016 5796.68
 0.40172 5797.07
 0.40184 5797.44
 0.40196 5797.77
 0.40208 5798.07
 0.4022 5798.34
 0.40232 5798.58
 0.40244 5798.78
 0.40256 5798.95
 0.40268 5799.09
 0.4028 5799.2
 0.40292 5799.27
 0.40304 5799.31
 0.40316 5799.32
 0.40328 5799.28
 0.4034 5799.22
 0.40352 5799.12
 0.40364 5798.98
 0.40376 5798.81
 0.40388 5798.6
 0.404 5798.36
 0.40412 5798.07
 0.40424 5797.76
 0.40436 5797.4
 0.40448 5797.01
 0.4046 5796.58
 0.40472 5796.12
 0.40484 5795.62
 0.40496 5795.08
 0.40508 5794.5
 0.4052 5793.89
 0.40532 5793.24
 0.40544 5792.56
 0.40556 5791.83
 0.40568 5791.07
 0.4058 5790.27
 0.40592 5789.44
 0.40604 5788.56
 0.40616 5787.65
 0.40628 5786.71
 0.4064 5785.73
 0.40652 5784.71
 0.40664 5783.66
 0.40676 5782.57
 0.40688 5781.44
 0.407 5780.28
 0.40712 5779.08
 0.40724 5777.85
 0.40736 5776.57
 0.40748 5775.27
 0.4076 5773.92
 0.40772 5772.54
 0.40784 5771.13
 0.40796 5769.67
 0.40808 5768.19
 0.4082 5766.66
 0.40832 5765.1
 0.40844 5763.51
 0.40856 5761.88
 0.40868 5760.21
 0.4088 5758.52
 0.40892 5756.78
 0.40904 5755.02
 0.40916 5753.22
 0.40928 5751.4
 0.4094 5749.53
 0.40952 5747.64
 0.40964 5745.72
 0.40976 5743.76
 0.40988 5741.78
 0.41 5739.76
 0.41012 5737.72
 0.41024 5735.64
 0.41036 5733.54
 0.41048 5731.4
 0.4106 5729.24
 0.41072 5727.05
 0.41084 5724.83
 0.41096 5722.58
 0.41108 5720.3
 0.4112 5717.99
 0.41132 5715.66
 0.41144 5713.29
 0.41156 5710.9
 0.41168 5708.48
 0.4118 5706.03
 0.41192 5703.55
 0.41204 5701.04
 0.41216 5698.5
 0.41228 5695.94
 0.4124 5693.34
 0.41252 5690.72
 0.41264 5688.06
 0.41276 5685.38
 0.41288 5682.67
 0.413 5679.93
 0.41312 5677.16
 0.41324 5674.37
 0.41336 5671.54
 0.41348 5668.69
 0.4136 5665.81
 0.41372 5662.9
 0.41384 5659.96
 0.41396 5657
 0.41408 5654.01
 0.4142 5651
 0.41432 5647.95
 0.41444 5644.89
 0.41456 5641.8
 0.41468 5638.68
 0.4148 5635.54
 0.41492 5632.37
 0.41504 5629.19
 0.41516 5625.98
 0.41528 5622.74
 0.4154 5619.49
 0.41552 5616.21
 0.41564 5612.91
 0.41576 5609.59
 0.41588 5606.25
 0.416 5602.89
 0.41612 5599.5
 0.41624 5596.1
 0.41636 5592.68
 0.41648 5589.24
 0.4166 5585.79
 0.41672 5582.31
 0.41684 5578.82
 0.41696 5575.31
 0.41708 5571.78
 0.4172 5568.23
 0.41732 5564.67
 0.41744 5561.09
 0.41756 5557.49
 0.41768 5553.88
 0.4178 5550.25
 0.41792 5546.6
 0.41804 5542.94
 0.41816 5539.27
 0.41828 5535.57
 0.4184 5531.87
 0.41852 5528.14
 0.41864 5524.41
 0.41876 5520.65
 0.41888 5516.89
 0.419 5513.11
 0.41912 5509.31
 0.41924 5505.5
 0.41936 5501.68
 0.41948 5497.84
 0.4196 5493.99
 0.41972 5490.13
 0.41984 5486.26
 0.41996 5482.37
 0.42008 5478.47
 0.4202 5474.55
 0.42032 5470.63
 0.42044 5466.69
 0.42056 5462.74
 0.42068 5458.78
 0.4208 5454.81
 0.42092 5450.82
 0.42104 5446.83
 0.42116 5442.82
 0.42128 5438.79
 0.4214 5434.76
 0.42152 5430.71
 0.42164 5426.65
 0.42176 5422.58
 0.42188 5418.5
 0.422 5414.4
 0.42212 5410.29
 0.42224 5406.16
 0.42236 5402.02
 0.42248 5397.87
 0.4226 5393.7
 0.42272 5389.52
 0.42284 5385.32
 0.42296 5381.1
 0.42308 5376.87
 0.4232 5372.63
 0.42332 5368.36
 0.42344 5364.08
 0.42356 5359.78
 0.42368 5355.47
 0.4238 5351.14
 0.42392 5346.79
 0.42404 5342.42
 0.42416 5338.04
 0.42428 5333.64
 0.4244 5329.22
 0.42452 5324.79
 0.42464 5320.33
 0.42476 5315.86
 0.42488 5311.38
 0.425 5306.87
 0.42512 5302.35
 0.42524 5297.81
 0.42536 5293.26
 0.42548 5288.69
 0.4256 5284.11
 0.42572 5279.51
 0.42584 5274.9
 0.42596 5270.27
 0.42608 5265.63
 0.4262 5260.97
 0.42632 5256.3
 0.42644 5251.62
 0.42656 5246.92
 0.42668 5242.21
 0.4268 5237.48
 0.42692 5232.75
 0.42704 5228
 0.42716 5223.24
 0.42728 5218.46
 0.4274 5213.68
 0.42752 5208.88
 0.42764 5204.08
 0.42776 5199.26
 0.42788 5194.43
 0.428 5189.59
 0.42812 5184.75
 0.42824 5179.89
 0.42836 5175.02
 0.42848 5170.15
 0.4286 5165.26
 0.42872 5160.37
 0.42884 5155.47
 0.42896 5150.56
 0.42908 5145.65
 0.4292 5140.72
 0.42932 5135.79
 0.42944 5130.86
 0.42956 5125.92
 0.42968 5120.97
 0.4298 5116.02
 0.42992 5111.06
 0.43004 5106.1
 0.43016 5101.14
 0.43028 5096.17
 0.4304 5091.19
 0.43052 5086.22
 0.43064 5081.24
 0.43076 5076.26
 0.43088 5071.28
 0.431 5066.29
 0.43112 5061.31
 0.43124 5056.33
 0.43136 5051.34
 0.43148 5046.36
 0.4316 5041.38
 0.43172 5036.41
 0.43184 5031.44
 0.43196 5026.47
 0.43208 5021.5
 0.4322 5016.55
 0.43232 5011.59
 0.43244 5006.65
 0.43256 5001.71
 0.43268 4996.78
 0.4328 4991.85
 0.43292 4986.94
 0.43304 4982.03
 0.43316 4977.14
 0.43328 4972.25
 0.4334 4967.38
 0.43352 4962.51
 0.43364 4957.66
 0.43376 4952.81
 0.43388 4947.98
 0.434 4943.16
 0.43412 4938.36
 0.43424 4933.57
 0.43436 4928.79
 0.43448 4924.02
 0.4346 4919.27
 0.43472 4914.53
 0.43484 4909.8
 0.43496 4905.09
 0.43508 4900.4
 0.4352 4895.72
 0.43532 4891.05
 0.43544 4886.41
 0.43556 4881.77
 0.43568 4877.16
 0.4358 4872.56
 0.43592 4867.97
 0.43604 4863.41
 0.43616 4858.85
 0.43628 4854.32
 0.4364 4849.81
 0.43652 4845.31
 0.43664 4840.82
 0.43676 4836.36
 0.43688 4831.91
 0.437 4827.48
 0.43712 4823.07
 0.43724 4818.68
 0.43736 4814.31
 0.43748 4809.95
 0.4376 4805.61
 0.43772 4801.3
 0.43784 4797
 0.43796 4792.72
 0.43808 4788.46
 0.4382 4784.22
 0.43832 4780
 0.43844 4775.8
 0.43856 4771.62
 0.43868 4767.45
 0.4388 4763.31
 0.43892 4759.19
 0.43904 4755.08
 0.43916 4750.99
 0.43928 4746.92
 0.4394 4742.87
 0.43952 4738.84
 0.43964 4734.83
 0.43976 4730.84
 0.43988 4726.86
 0.44 4722.91
 0.44012 4718.97
 0.44024 4715.05
 0.44036 4711.15
 0.44048 4707.26
 0.4406 4703.4
 0.44072 4699.56
 0.44084 4695.73
 0.44096 4691.93
 0.44108 4688.14
 0.4412 4684.37
 0.44132 4680.63
 0.44144 4676.91
 0.44156 4673.2
 0.44168 4669.52
 0.4418 4665.87
 0.44192 4662.23
 0.44204 4658.62
 0.44216 4655.03
 0.44228 4651.47
 0.4424 4647.93
 0.44252 4644.41
 0.44264 4640.92
 0.44276 4637.46
 0.44288 4634.02
 0.443 4630.61
 0.44312 4627.23
 0.44324 4623.87
 0.44336 4620.54
 0.44348 4617.24
 0.4436 4613.96
 0.44372 4610.72
 0.44384 4607.5
 0.44396 4604.31
 0.44408 4601.14
 0.4442 4598.01
 0.44432 4594.9
 0.44444 4591.82
 0.44456 4588.76
 0.44468 4585.74
 0.4448 4582.74
 0.44492 4579.77
 0.44504 4576.82
 0.44516 4573.9
 0.44528 4571.01
 0.4454 4568.14
 0.44552 4565.3
 0.44564 4562.49
 0.44576 4559.7
 0.44588 4556.94
 0.446 4554.21
 0.44612 4551.5
 0.44624 4548.81
 0.44636 4546.16
 0.44648 4543.53
 0.4466 4540.92
 0.44672 4538.34
 0.44684 4535.79
 0.44696 4533.26
 0.44708 4530.76
 0.4472 4528.28
 0.44732 4525.84
 0.44744 4523.41
 0.44756 4521.02
 0.44768 4518.65
 0.4478 4516.3
 0.44792 4513.99
 0.44804 4511.7
 0.44816 4509.44
 0.44828 4507.21
 0.4484 4505
 0.44852 4502.82
 0.44864 4500.67
 0.44876 4498.55
 0.44888 4496.45
 0.449 4494.38
 0.44912 4492.34
 0.44924 4490.33
 0.44936 4488.35
 0.44948 4486.4
 0.4496 4484.47
 0.44972 4482.57
 0.44984 4480.71
 0.44996 4478.87
 0.45008 4477.06
 0.4502 4475.28
 0.45032 4473.53
 0.45044 4471.81
 0.45056 4470.12
 0.45068 4468.46
 0.4508 4466.82
 0.45092 4465.22
 0.45104 4463.65
 0.45116 4462.11
 0.45128 4460.61
 0.4514 4459.13
 0.45152 4457.68
 0.45164 4456.27
 0.45176 4454.88
 0.45188 4453.53
 0.452 4452.21
 0.45212 4450.92
 0.45224 4449.67
 0.45236 4448.44
 0.45248 4447.25
 0.4526 4446.09
 0.45272 4444.96
 0.45284 4443.87
 0.45296 4442.81
 0.45308 4441.78
 0.4532 4440.79
 0.45332 4439.83
 0.45344 4438.9
 0.45356 4438.01
 0.45368 4437.15
 0.4538 4436.33
 0.45392 4435.54
 0.45404 4434.78
 0.45416 4434.06
 0.45428 4433.37
 0.4544 4432.72
 0.45452 4432.1
 0.45464 4431.52
 0.45476 4430.97
 0.45488 4430.45
 0.455 4429.97
 0.45512 4429.52
 0.45524 4429.1
 0.45536 4428.72
 0.45548 4428.37
 0.4556 4428.06
 0.45572 4427.77
 0.45584 4427.53
 0.45596 4427.31
 0.45608 4427.13
 0.4562 4426.98
 0.45632 4426.86
 0.45644 4426.77
 0.45656 4426.72
 0.45668 4426.7
 0.4568 4426.72
 0.45692 4426.76
 0.45704 4426.84
 0.45716 4426.95
 0.45728 4427.09
 0.4574 4427.26
 0.45752 4427.46
 0.45764 4427.7
 0.45776 4427.97
 0.45788 4428.27
 0.458 4428.6
 0.45812 4428.96
 0.45824 4429.35
 0.45836 4429.77
 0.45848 4430.23
 0.4586 4430.71
 0.45872 4431.23
 0.45884 4431.77
 0.45896 4432.34
 0.45908 4432.95
 0.4592 4433.58
 0.45932 4434.24
 0.45944 4434.93
 0.45956 4435.65
 0.45968 4436.4
 0.4598 4437.17
 0.45992 4437.97
 0.46004 4438.79
 0.46016 4439.65
 0.46028 4440.53
 0.4604 4441.43
 0.46052 4442.36
 0.46064 4443.31
 0.46076 4444.29
 0.46088 4445.3
 0.461 4446.32
 0.46112 4447.37
 0.46124 4448.44
 0.46136 4449.54
 0.46148 4450.65
 0.4616 4451.79
 0.46172 4452.95
 0.46184 4454.12
 0.46196 4455.32
 0.46208 4456.53
 0.4622 4457.76
 0.46232 4459.02
 0.46244 4460.28
 0.46256 4461.57
 0.46268 4462.87
 0.4628 4464.19
 0.46292 4465.53
 0.46304 4466.88
 0.46316 4468.24
 0.46328 4469.63
 0.4634 4471.03
 0.46352 4472.44
 0.46364 4473.87
 0.46376 4475.31
 0.46388 4476.77
 0.464 4478.24
 0.46412 4479.73
 0.46424 4481.23
 0.46436 4482.74
 0.46448 4484.27
 0.4646 4485.81
 0.46472 4487.36
 0.46484 4488.92
 0.46496 4490.5
 0.46508 4492.09
 0.4652 4493.69
 0.46532 4495.31
 0.46544 4496.93
 0.46556 4498.57
 0.46568 4500.22
 0.4658 4501.88
 0.46592 4503.55
 0.46604 4505.23
 0.46616 4506.92
 0.46628 4508.62
 0.4664 4510.33
 0.46652 4512.05
 0.46664 4513.78
 0.46676 4515.52
 0.46688 4517.27
 0.467 4519.03
 0.46712 4520.81
 0.46724 4522.58
 0.46736 4524.37
 0.46748 4526.17
 0.4676 4527.98
 0.46772 4529.8
 0.46784 4531.62
 0.46796 4533.45
 0.46808 4535.3
 0.4682 4537.15
 0.46832 4539.01
 0.46844 4540.87
 0.46856 4542.75
 0.46868 4544.64
 0.4688 4546.53
 0.46892 4548.43
 0.46904 4550.34
 0.46916 4552.26
 0.46928 4554.18
 0.4694 4556.12
 0.46952 4558.06
 0.46964 4560.01
 0.46976 4561.97
 0.46988 4563.93
 0.47 4565.91
 0.47012 4567.89
 0.47024 4569.88
 0.47036 4571.87
 0.47048 4573.88
 0.4706 4575.89
 0.47072 4577.91
 0.47084 4579.94
 0.47096 4581.97
 0.47108 4584.01
 0.4712 4586.05
 0.47132 4588.1
 0.47144 4590.15
 0.47156 4592.21
 0.47168 4594.28
 0.4718 4596.35
 0.47192 4598.42
 0.47204 4600.5
 0.47216 4602.58
 0.47228 4604.66
 0.4724 4606.74
 0.47252 4608.83
 0.47264 4610.92
 0.47276 4613
 0.47288 4615.09
 0.473 4617.18
 0.47312 4619.27
 0.47324 4621.35
 0.47336 4623.44
 0.47348 4625.52
 0.4736 4627.61
 0.47372 4629.69
 0.47384 4631.77
 0.47396 4633.85
 0.47408 4635.93
 0.4742 4638.01
 0.47432 4640.09
 0.47444 4642.16
 0.47456 4644.24
 0.47468 4646.31
 0.4748 4648.39
 0.47492 4650.46
 0.47504 4652.54
 0.47516 4654.61
 0.47528 4656.69
 0.4754 4658.77
 0.47552 4660.84
 0.47564 4662.92
 0.47576 4665
 0.47588 4667.08
 0.476 4669.16
 0.47612 4671.24
 0.47624 4673.32
 0.47636 4675.4
 0.47648 4677.48
 0.4766 4679.56
 0.47672 4681.65
 0.47684 4683.73
 0.47696 4685.82
 0.47708 4687.9
 0.4772 4689.99
 0.47732 4692.07
 0.47744 4694.16
 0.47756 4696.24
 0.47768 4698.32
 0.4778 4700.41
 0.47792 4702.49
 0.47804 4704.57
 0.47816 4706.65
 0.47828 4708.72
 0.4784 4710.8
 0.47852 4712.87
 0.47864 4714.94
 0.47876 4717.01
 0.47888 4719.08
 0.479 4721.14
 0.47912 4723.2
 0.47924 4725.26
 0.47936 4727.31
 0.47948 4729.37
 0.4796 4731.42
 0.47972 4733.46
 0.47984 4735.5
 0.47996 4737.54
 0.48008 4739.58
 0.4802 4741.61
 0.48032 4743.63
 0.48044 4745.66
 0.48056 4747.67
 0.48068 4749.69
 0.4808 4751.7
 0.48092 4753.7
 0.48104 4755.7
 0.48116 4757.7
 0.48128 4759.69
 0.4814 4761.68
 0.48152 4763.66
 0.48164 4765.63
 0.48176 4767.6
 0.48188 4769.57
 0.482 4771.53
 0.48212 4773.48
 0.48224 4775.43
 0.48236 4777.38
 0.48248 4779.32
 0.4826 4781.26
 0.48272 4783.19
 0.48284 4785.11
 0.48296 4787.03
 0.48308 4788.95
 0.4832 4790.86
 0.48332 4792.77
 0.48344 4794.67
 0.48356 4796.57
 0.48368 4798.46
 0.4838 4800.35
 0.48392 4802.23
 0.48404 4804.11
 0.48416 4805.98
 0.48428 4807.85
 0.4844 4809.72
 0.48452 4811.58
 0.48464 4813.43
 0.48476 4815.29
 0.48488 4817.13
 0.485 4818.98
 0.48512 4820.82
 0.48524 4822.65
 0.48536 4824.49
 0.48548 4826.32
 0.4856 4828.14
 0.48572 4829.96
 0.48584 4831.78
 0.48596 4833.59
 0.48608 4835.4
 0.4862 4837.2
 0.48632 4839
 0.48644 4840.8
 0.48656 4842.59
 0.48668 4844.38
 0.4868 4846.17
 0.48692 4847.95
 0.48704 4849.72
 0.48716 4851.49
 0.48728 4853.26
 0.4874 4855.02
 0.48752 4856.78
 0.48764 4858.53
 0.48776 4860.28
 0.48788 4862.03
 0.488 4863.76
 0.48812 4865.5
 0.48824 4867.23
 0.48836 4868.95
 0.48848 4870.67
 0.4886 4872.38
 0.48872 4874.08
 0.48884 4875.79
 0.48896 4877.48
 0.48908 4879.17
 0.4892 4880.86
 0.48932 4882.54
 0.48944 4884.22
 0.48956 4885.89
 0.48968 4887.55
 0.4898 4889.22
 0.48992 4890.88
 0.49004 4892.53
 0.49016 4894.19
 0.49028 4895.83
 0.4904 4897.48
 0.49052 4899.12
 0.49064 4900.75
 0.49076 4902.39
 0.49088 4904.02
 0.491 4905.64
 0.49112 4907.26
 0.49124 4908.88
 0.49136 4910.5
 0.49148 4912.11
 0.4916 4913.72
 0.49172 4915.32
 0.49184 4916.92
 0.49196 4918.52
 0.49208 4920.12
 0.4922 4921.71
 0.49232 4923.3
 0.49244 4924.89
 0.49256 4926.48
 0.49268 4928.06
 0.4928 4929.63
 0.49292 4931.21
 0.49304 4932.78
 0.49316 4934.35
 0.49328 4935.91
 0.4934 4937.47
 0.49352 4939.03
 0.49364 4940.58
 0.49376 4942.13
 0.49388 4943.67
 0.494 4945.21
 0.49412 4946.75
 0.49424 4948.28
 0.49436 4949.8
 0.49448 4951.32
 0.4946 4952.84
 0.49472 4954.35
 0.49484 4955.86
 0.49496 4957.36
 0.49508 4958.86
 0.4952 4960.35
 0.49532 4961.84
 0.49544 4963.33
 0.49556 4964.8
 0.49568 4966.28
 0.4958 4967.75
 0.49592 4969.21
 0.49604 4970.67
 0.49616 4972.12
 0.49628 4973.57
 0.4964 4975.02
 0.49652 4976.45
 0.49664 4977.89
 0.49676 4979.32
 0.49688 4980.74
 0.497 4982.15
 0.49712 4983.56
 0.49724 4984.97
 0.49736 4986.37
 0.49748 4987.76
 0.4976 4989.15
 0.49772 4990.53
 0.49784 4991.9
 0.49796 4993.27
 0.49808 4994.63
 0.4982 4995.99
 0.49832 4997.33
 0.49844 4998.68
 0.49856 5000.01
 0.49868 5001.34
 0.4988 5002.66
 0.49892 5003.97
 0.49904 5005.28
 0.49916 5006.58
 0.49928 5007.87
 0.4994 5009.16
 0.49952 5010.43
 0.49964 5011.7
 0.49976 5012.97
 0.49988 5014.22
 0.5 5015.47
 0.50012 5016.71
 0.50024 5017.95
 0.50036 5019.17
 0.50048 5020.39
 0.5006 5021.61
 0.50072 5022.81
 0.50084 5024
 0.50096 5025.19
 0.50108 5026.37
 0.5012 5027.55
 0.50132 5028.71
 0.50144 5029.87
 0.50156 5031.02
 0.50168 5032.16
 0.5018 5033.3
 0.50192 5034.43
 0.50204 5035.55
 0.50216 5036.66
 0.50228 5037.76
 0.5024 5038.86
 0.50252 5039.95
 0.50264 5041.03
 0.50276 5042.11
 0.50288 5043.18
 0.503 5044.24
 0.50312 5045.29
 0.50324 5046.34
 0.50336 5047.38
 0.50348 5048.41
 0.5036 5049.43
 0.50372 5050.45
 0.50384 5051.46
 0.50396 5052.46
 0.50408 5053.45
 0.5042 5054.44
 0.50432 5055.41
 0.50444 5056.38
 0.50456 5057.34
 0.50468 5058.28
 0.5048 5059.22
 0.50492 5060.15
 0.50504 5061.06
 0.50516 5061.97
 0.50528 5062.86
 0.5054 5063.75
 0.50552 5064.62
 0.50564 5065.47
 0.50576 5066.32
 0.50588 5067.16
 0.506 5067.98
 0.50612 5068.79
 0.50624 5069.58
 0.50636 5070.37
 0.50648 5071.14
 0.5066 5071.89
 0.50672 5072.64
 0.50684 5073.37
 0.50696 5074.09
 0.50708 5074.79
 0.5072 5075.49
 0.50732 5076.17
 0.50744 5076.83
 0.50756 5077.49
 0.50768 5078.13
 0.5078 5078.75
 0.50792 5079.37
 0.50804 5079.97
 0.50816 5080.56
 0.50828 5081.13
 0.5084 5081.7
 0.50852 5082.25
 0.50864 5082.79
 0.50876 5083.31
 0.50888 5083.82
 0.509 5084.32
 0.50912 5084.8
 0.50924 5085.27
 0.50936 5085.73
 0.50948 5086.17
 0.5096 5086.6
 0.50972 5087.01
 0.50984 5087.41
 0.50996 5087.8
 0.51008 5088.17
 0.5102 5088.52
 0.51032 5088.86
 0.51044 5089.18
 0.51056 5089.49
 0.51068 5089.78
 0.5108 5090.05
 0.51092 5090.31
 0.51104 5090.55
 0.51116 5090.77
 0.51128 5090.97
 0.5114 5091.16
 0.51152 5091.33
 0.51164 5091.48
 0.51176 5091.61
 0.51188 5091.73
 0.512 5091.82
 0.51212 5091.9
 0.51224 5091.95
 0.51236 5091.98
 0.51248 5092
 0.5126 5091.99
 0.51272 5091.96
 0.51284 5091.91
 0.51296 5091.84
 0.51308 5091.74
 0.5132 5091.63
 0.51332 5091.48
 0.51344 5091.32
 0.51356 5091.13
 0.51368 5090.92
 0.5138 5090.69
 0.51392 5090.42
 0.51404 5090.14
 0.51416 5089.83
 0.51428 5089.49
 0.5144 5089.13
 0.51452 5088.74
 0.51464 5088.33
 0.51476 5087.89
 0.51488 5087.42
 0.515 5086.93
 0.51512 5086.4
 0.51524 5085.85
 0.51536 5085.28
 0.51548 5084.67
 0.5156 5084.04
 0.51572 5083.38
 0.51584 5082.7
 0.51596 5081.98
 0.51608 5081.24
 0.5162 5080.47
 0.51632 5079.67
 0.51644 5078.84
 0.51656 5077.99
 0.51668 5077.11
 0.5168 5076.19
 0.51692 5075.26
 0.51704 5074.29
 0.51716 5073.29
 0.51728 5072.27
 0.5174 5071.22
 0.51752 5070.14
 0.51764 5069.03
 0.51776 5067.9
 0.51788 5066.74
 0.518 5065.55
 0.51812 5064.34
 0.51824 5063.1
 0.51836 5061.83
 0.51848 5060.54
 0.5186 5059.22
 0.51872 5057.88
 0.51884 5056.51
 0.51896 5055.11
 0.51908 5053.69
 0.5192 5052.25
 0.51932 5050.78
 0.51944 5049.28
 0.51956 5047.76
 0.51968 5046.22
 0.5198 5044.65
 0.51992 5043.06
 0.52004 5041.45
 0.52016 5039.81
 0.52028 5038.15
 0.5204 5036.47
 0.52052 5034.76
 0.52064 5033.04
 0.52076 5031.29
 0.52088 5029.53
 0.521 5027.75
 0.52112 5025.94
 0.52124 5024.12
 0.52136 5022.29
 0.52148 5020.43
 0.5216 5018.56
 0.52172 5016.67
 0.52184 5014.77
 0.52196 5012.85
 0.52208 5010.92
 0.5222 5008.97
 0.52232 5007.02
 0.52244 5005.04
 0.52256 5003.06
 0.52268 5001.06
 0.5228 4999.06
 0.52292 4997.04
 0.52304 4995.01
 0.52316 4992.98
 0.52328 4990.93
 0.5234 4988.88
 0.52352 4986.82
 0.52364 4984.75
 0.52376 4982.68
 0.52388 4980.6
 0.524 4978.52
 0.52412 4976.43
 0.52424 4974.33
 0.52436 4972.23
 0.52448 4970.13
 0.5246 4968.02
 0.52472 4965.91
 0.52484 4963.8
 0.52496 4961.69
 0.52508 4959.57
 0.5252 4957.45
 0.52532 4955.32
 0.52544 4953.2
 0.52556 4951.07
 0.52568 4948.95
 0.5258 4946.82
 0.52592 4944.69
 0.52604 4942.56
 0.52616 4940.43
 0.52628 4938.29
 0.5264 4936.16
 0.52652 4934.03
 0.52664 4931.9
 0.52676 4929.77
 0.52688 4927.64
 0.527 4925.51
 0.52712 4923.39
 0.52724 4921.26
 0.52736 4919.14
 0.52748 4917.02
 0.5276 4914.9
 0.52772 4912.79
 0.52784 4910.67
 0.52796 4908.57
 0.52808 4906.46
 0.5282 4904.36
 0.52832 4902.26
 0.52844 4900.16
 0.52856 4898.07
 0.52868 4895.98
 0.5288 4893.9
 0.52892 4891.82
 0.52904 4889.74
 0.52916 4887.67
 0.52928 4885.6
 0.5294 4883.53
 0.52952 4881.47
 0.52964 4879.42
 0.52976 4877.36
 0.52988 4875.32
 0.53 4873.27
 0.53012 4871.24
 0.53024 4869.2
 0.53036 4867.18
 0.53048 4865.16
 0.5306 4863.14
 0.53072 4861.13
 0.53084 4859.12
 0.53096 4857.12
 0.53108 4855.13
 0.5312 4853.15
 0.53132 4851.17
 0.53144 4849.19
 0.53156 4847.23
 0.53168 4845.27
 0.5318 4843.32
 0.53192 4841.38
 0.53204 4839.44
 0.53216 4837.52
 0.53228 4835.6
 0.5324 4833.69
 0.53252 4831.79
 0.53264 4829.9
 0.53276 4828.02
 0.53288 4826.16
 0.533 4824.3
 0.53312 4822.45
 0.53324 4820.61
 0.53336 4818.79
 0.53348 4816.97
 0.5336 4815.17
 0.53372 4813.38
 0.53384 4811.6
 0.53396 4809.83
 0.53408 4808.08
 0.5342 4806.34
 0.53432 4804.62
 0.53444 4802.9
 0.53456 4801.21
 0.53468 4799.52
 0.5348 4797.86
 0.53492 4796.21
 0.53504 4794.57
 0.53516 4792.95
 0.53528 4791.35
 0.5354 4789.76
 0.53552 4788.19
 0.53564 4786.64
 0.53576 4785.11
 0.53588 4783.6
 0.536 4782.1
 0.53612 4780.63
 0.53624 4779.17
 0.53636 4777.73
 0.53648 4776.31
 0.5366 4774.92
 0.53672 4773.54
 0.53684 4772.18
 0.53696 4770.85
 0.53708 4769.53
 0.5372 4768.24
 0.53732 4766.96
 0.53744 4765.71
 0.53756 4764.48
 0.53768 4763.28
 0.5378 4762.09
 0.53792 4760.93
 0.53804 4759.79
 0.53816 4758.67
 0.53828 4757.58
 0.5384 4756.51
 0.53852 4755.46
 0.53864 4754.44
 0.53876 4753.44
 0.53888 4752.47
 0.539 4751.52
 0.53912 4750.6
 0.53924 4749.7
 0.53936 4748.84
 0.53948 4748
 0.5396 4747.18
 0.53972 4746.4
 0.53984 4745.64
 0.53996 4744.92
 0.54008 4744.22
 0.5402 4743.56
 0.54032 4742.93
 0.54044 4742.33
 0.54056 4741.76
 0.54068 4741.23
 0.5408 4740.73
 0.54092 4740.26
 0.54104 4739.83
 0.54116 4739.44
 0.54128 4739.08
 0.5414 4738.76
 0.54152 4738.48
 0.54164 4738.24
 0.54176 4738.03
 0.54188 4737.87
 0.542 4737.75
 0.54212 4737.66
 0.54224 4737.62
 0.54236 4737.62
 0.54248 4737.67
 0.5426 4737.76
 0.54272 4737.89
 0.54284 4738.07
 0.54296 4738.29
 0.54308 4738.57
 0.5432 4738.88
 0.54332 4739.25
 0.54344 4739.66
 0.54356 4740.13
 0.54368 4740.64
 0.5438 4741.21
 0.54392 4741.82
 0.54404 4742.49
 0.54416 4743.21
 0.54428 4743.98
 0.5444 4744.81
 0.54452 4745.69
 0.54464 4746.63
 0.54476 4747.61
 0.54488 4748.66
 0.545 4749.76
 0.54512 4750.91
 0.54524 4752.12
 0.54536 4753.38
 0.54548 4754.71
 0.5456 4756.08
 0.54572 4757.52
 0.54584 4759.01
 0.54596 4760.55
 0.54608 4762.16
 0.5462 4763.82
 0.54632 4765.54
 0.54644 4767.32
 0.54656 4769.15
 0.54668 4771.04
 0.5468 4772.99
 0.54692 4775
 0.54704 4777.07
 0.54716 4779.19
 0.54728 4781.37
 0.5474 4783.61
 0.54752 4785.91
 0.54764 4788.26
 0.54776 4790.68
 0.54788 4793.15
 0.548 4795.68
 0.54812 4798.26
 0.54824 4800.91
 0.54836 4803.61
 0.54848 4806.36
 0.5486 4809.18
 0.54872 4812.05
 0.54884 4814.98
 0.54896 4817.96
 0.54908 4821
 0.5492 4824.09
 0.54932 4827.24
 0.54944 4830.44
 0.54956 4833.7
 0.54968 4837.01
 0.5498 4840.38
 0.54992 4843.8
 0.55004 4847.27
 0.55016 4850.79
 0.55028 4854.36
 0.5504 4857.98
 0.55052 4861.65
 0.55064 4865.37
 0.55076 4869.13
 0.55088 4872.94
 0.551 4876.8
 0.55112 4880.7
 0.55124 4884.65
 0.55136 4888.63
 0.55148 4892.67
 0.5516 4896.74
 0.55172 4900.85
 0.55184 4905
 0.55196 4909.19
 0.55208 4913.42
 0.5522 4917.69
 0.55232 4921.99
 0.55244 4926.32
 0.55256 4930.7
 0.55268 4935.1
 0.5528 4939.54
 0.55292 4944.01
 0.55304 4948.51
 0.55316 4953.05
 0.55328 4957.61
 0.5534 4962.2
 0.55352 4966.82
 0.55364 4971.47
 0.55376 4976.14
 0.55388 4980.84
 0.554 4985.57
 0.55412 4990.32
 0.55424 4995.1
 0.55436 4999.9
 0.55448 5004.72
 0.5546 5009.57
 0.55472 5014.44
 0.55484 5019.34
 0.55496 5024.26
 0.55508 5029.2
 0.5552 5034.16
 0.55532 5039.15
 0.55544 5044.15
 0.55556 5049.18
 0.55568 5054.23
 0.5558 5059.31
 0.55592 5064.4
 0.55604 5069.52
 0.55616 5074.65
 0.55628 5079.81
 0.5564 5084.98
 0.55652 5090.18
 0.55664 5095.4
 0.55676 5100.64
 0.55688 5105.89
 0.557 5111.17
 0.55712 5116.46
 0.55724 5121.78
 0.55736 5127.11
 0.55748 5132.46
 0.5576 5137.83
 0.55772 5143.22
 0.55784 5148.63
 0.55796 5154.05
 0.55808 5159.5
 0.5582 5164.96
 0.55832 5170.43
 0.55844 5175.93
 0.55856 5181.44
 0.55868 5186.98
 0.5588 5192.53
 0.55892 5198.1
 0.55904 5203.68
 0.55916 5209.29
 0.55928 5214.91
 0.5594 5220.55
 0.55952 5226.21
 0.55964 5231.88
 0.55976 5237.58
 0.55988 5243.28
 0.56 5249.01
 0.56012 5254.75
 0.56024 5260.51
 0.56036 5266.28
 0.56048 5272.07
 0.5606 5277.88
 0.56072 5283.69
 0.56084 5289.53
 0.56096 5295.37
 0.56108 5301.23
 0.5612 5307.11
 0.56132 5313
 0.56144 5318.89
 0.56156 5324.8
 0.56168 5330.73
 0.5618 5336.66
 0.56192 5342.6
 0.56204 5348.55
 0.56216 5354.51
 0.56228 5360.48
 0.5624 5366.45
 0.56252 5372.43
 0.56264 5378.42
 0.56276 5384.41
 0.56288 5390.41
 0.563 5396.42
 0.56312 5402.42
 0.56324 5408.44
 0.56336 5414.45
 0.56348 5420.46
 0.5636 5426.48
 0.56372 5432.5
 0.56384 5438.52
 0.56396 5444.54
 0.56408 5450.56
 0.5642 5456.58
 0.56432 5462.59
 0.56444 5468.61
 0.56456 5474.62
 0.56468 5480.63
 0.5648 5486.63
 0.56492 5492.63
 0.56504 5498.62
 0.56516 5504.61
 0.56528 5510.59
 0.5654 5516.57
 0.56552 5522.54
 0.56564 5528.49
 0.56576 5534.44
 0.56588 5540.38
 0.566 5546.32
 0.56612 5552.24
 0.56624 5558.14
 0.56636 5564.04
 0.56648 5569.93
 0.5666 5575.8
 0.56672 5581.66
 0.56684 5587.5
 0.56696 5593.33
 0.56708 5599.15
 0.5672 5604.95
 0.56732 5610.74
 0.56744 5616.51
 0.56756 5622.26
 0.56768 5627.99
 0.5678 5633.71
 0.56792 5639.41
 0.56804 5645.09
 0.56816 5650.75
 0.56828 5656.4
 0.5684 5662.02
 0.56852 5667.62
 0.56864 5673.2
 0.56876 5678.76
 0.56888 5684.29
 0.569 5689.81
 0.56912 5695.3
 0.56924 5700.76
 0.56936 5706.2
 0.56948 5711.62
 0.5696 5717
 0.56972 5722.37
 0.56984 5727.7
 0.56996 5733.01
 0.57008 5738.29
 0.5702 5743.54
 0.57032 5748.75
 0.57044 5753.94
 0.57056 5759.1
 0.57068 5764.22
 0.5708 5769.31
 0.57092 5774.37
 0.57104 5779.39
 0.57116 5784.38
 0.57128 5789.33
 0.5714 5794.25
 0.57152 5799.12
 0.57164 5803.96
 0.57176 5808.76
 0.57188 5813.52
 0.572 5818.24
 0.57212 5822.92
 0.57224 5827.55
 0.57236 5832.14
 0.57248 5836.69
 0.5726 5841.19
 0.57272 5845.65
 0.57284 5850.06
 0.57296 5854.43
 0.57308 5858.74
 0.5732 5863.01
 0.57332 5867.23
 0.57344 5871.39
 0.57356 5875.51
 0.57368 5879.57
 0.5738 5883.58
 0.57392 5887.53
 0.57404 5891.43
 0.57416 5895.27
 0.57428 5899.06
 0.5744 5902.8
 0.57452 5906.47
 0.57464 5910.09
 0.57476 5913.65
 0.57488 5917.15
 0.575 5920.6
 0.57512 5923.98
 0.57524 5927.31
 0.57536 5930.58
 0.57548 5933.79
 0.5756 5936.94
 0.57572 5940.03
 0.57584 5943.06
 0.57596 5946.03
 0.57608 5948.93
 0.5762 5951.78
 0.57632 5954.57
 0.57644 5957.29
 0.57656 5959.95
 0.57668 5962.55
 0.5768 5965.09
 0.57692 5967.57
 0.57704 5969.98
 0.57716 5972.33
 0.57728 5974.62
 0.5774 5976.85
 0.57752 5979.01
 0.57764 5981.11
 0.57776 5983.14
 0.57788 5985.11
 0.578 5987.02
 0.57812 5988.86
 0.57824 5990.64
 0.57836 5992.36
 0.57848 5994.01
 0.5786 5995.6
 0.57872 5997.12
 0.57884 5998.58
 0.57896 5999.97
 0.57908 6001.3
 0.5792 6002.57
 0.57932 6003.77
 0.57944 6004.91
 0.57956 6005.98
 0.57968 6007
 0.5798 6007.95
 0.57992 6008.83
 0.58004 6009.66
 0.58016 6010.42
 0.58028 6011.12
 0.5804 6011.76
 0.58052 6012.34
 0.58064 6012.86
 0.58076 6013.32
 0.58088 6013.72
 0.581 6014.06
 0.58112 6014.34
 0.58124 6014.57
 0.58136 6014.74
 0.58148 6014.85
 0.5816 6014.91
 0.58172 6014.91
 0.58184 6014.86
 0.58196 6014.75
 0.58208 6014.59
 0.5822 6014.38
 0.58232 6014.11
 0.58244 6013.79
 0.58256 6013.42
 0.58268 6012.99
 0.5828 6012.52
 0.58292 6011.99
 0.58304 6011.42
 0.58316 6010.79
 0.58328 6010.12
 0.5834 6009.39
 0.58352 6008.62
 0.58364 6007.8
 0.58376 6006.93
 0.58388 6006.01
 0.584 6005.05
 0.58412 6004.03
 0.58424 6002.97
 0.58436 6001.86
 0.58448 6000.7
 0.5846 5999.5
 0.58472 5998.24
 0.58484 5996.94
 0.58496 5995.59
 0.58508 5994.19
 0.5852 5992.74
 0.58532 5991.25
 0.58544 5989.71
 0.58556 5988.12
 0.58568 5986.48
 0.5858 5984.79
 0.58592 5983.05
 0.58604 5981.27
 0.58616 5979.44
 0.58628 5977.55
 0.5864 5975.62
 0.58652 5973.65
 0.58664 5971.62
 0.58676 5969.54
 0.58688 5967.42
 0.587 5965.25
 0.58712 5963.03
 0.58724 5960.76
 0.58736 5958.44
 0.58748 5956.07
 0.5876 5953.66
 0.58772 5951.19
 0.58784 5948.68
 0.58796 5946.11
 0.58808 5943.5
 0.5882 5940.84
 0.58832 5938.13
 0.58844 5935.37
 0.58856 5932.56
 0.58868 5929.7
 0.5888 5926.79
 0.58892 5923.84
 0.58904 5920.83
 0.58916 5917.77
 0.58928 5914.66
 0.5894 5911.5
 0.58952 5908.3
 0.58964 5905.04
 0.58976 5901.74
 0.58988 5898.39
 0.59 5894.99
 0.59012 5891.55
 0.59024 5888.05
 0.59036 5884.51
 0.59048 5880.93
 0.5906 5877.3
 0.59072 5873.62
 0.59084 5869.9
 0.59096 5866.14
 0.59108 5862.33
 0.5912 5858.48
 0.59132 5854.58
 0.59144 5850.65
 0.59156 5846.68
 0.59168 5842.66
 0.5918 5838.61
 0.59192 5834.51
 0.59204 5830.38
 0.59216 5826.22
 0.59228 5822.01
 0.5924 5817.78
 0.59252 5813.5
 0.59264 5809.2
 0.59276 5804.86
 0.59288 5800.48
 0.593 5796.08
 0.59312 5791.64
 0.59324 5787.18
 0.59336 5782.68
 0.59348 5778.16
 0.5936 5773.61
 0.59372 5769.03
 0.59384 5764.42
 0.59396 5759.79
 0.59408 5755.14
 0.5942 5750.46
 0.59432 5745.75
 0.59444 5741.02
 0.59456 5736.27
 0.59468 5731.5
 0.5948 5726.7
 0.59492 5721.89
 0.59504 5717.05
 0.59516 5712.2
 0.59528 5707.33
 0.5954 5702.44
 0.59552 5697.53
 0.59564 5692.6
 0.59576 5687.66
 0.59588 5682.71
 0.596 5677.74
 0.59612 5672.76
 0.59624 5667.76
 0.59636 5662.75
 0.59648 5657.73
 0.5966 5652.7
 0.59672 5647.65
 0.59684 5642.6
 0.59696 5637.54
 0.59708 5632.47
 0.5972 5627.38
 0.59732 5622.3
 0.59744 5617.2
 0.59756 5612.1
 0.59768 5606.99
 0.5978 5601.87
 0.59792 5596.75
 0.59804 5591.62
 0.59816 5586.49
 0.59828 5581.36
 0.5984 5576.22
 0.59852 5571.07
 0.59864 5565.93
 0.59876 5560.77
 0.59888 5555.62
 0.599 5550.46
 0.59912 5545.3
 0.59924 5540.14
 0.59936 5534.98
 0.59948 5529.81
 0.5996 5524.64
 0.59972 5519.48
 0.59984 5514.31
 0.59996 5509.14
 0.60008 5503.97
 0.6002 5498.8
 0.60032 5493.64
 0.60044 5488.47
 0.60056 5483.31
 0.60068 5478.14
 0.6008 5472.98
 0.60092 5467.82
 0.60104 5462.67
 0.60116 5457.52
 0.60128 5452.37
 0.6014 5447.22
 0.60152 5442.08
 0.60164 5436.95
 0.60176 5431.82
 0.60188 5426.7
 0.602 5421.59
 0.60212 5416.48
 0.60224 5411.38
 0.60236 5406.29
 0.60248 5401.2
 0.6026 5396.13
 0.60272 5391.06
 0.60284 5386.01
 0.60296 5380.96
 0.60308 5375.93
 0.6032 5370.9
 0.60332 5365.89
 0.60344 5360.89
 0.60356 5355.91
 0.60368 5350.93
 0.6038 5345.97
 0.60392 5341.03
 0.60404 5336.1
 0.60416 5331.19
 0.60428 5326.29
 0.6044 5321.41
 0.60452 5316.54
 0.60464 5311.7
 0.60476 5306.86
 0.60488 5302.05
 0.605 5297.25
 0.60512 5292.47
 0.60524 5287.7
 0.60536 5282.96
 0.60548 5278.23
 0.6056 5273.51
 0.60572 5268.82
 0.60584 5264.15
 0.60596 5259.49
 0.60608 5254.85
 0.6062 5250.23
 0.60632 5245.63
 0.60644 5241.05
 0.60656 5236.49
 0.60668 5231.95
 0.6068 5227.42
 0.60692 5222.92
 0.60704 5218.44
 0.60716 5213.98
 0.60728 5209.54
 0.6074 5205.12
 0.60752 5200.72
 0.60764 5196.34
 0.60776 5191.99
 0.60788 5187.65
 0.608 5183.34
 0.60812 5179.05
 0.60824 5174.78
 0.60836 5170.54
 0.60848 5166.32
 0.6086 5162.12
 0.60872 5157.95
 0.60884 5153.79
 0.60896 5149.67
 0.60908 5145.56
 0.6092 5141.48
 0.60932 5137.43
 0.60944 5133.4
 0.60956 5129.39
 0.60968 5125.41
 0.6098 5121.45
 0.60992 5117.52
 0.61004 5113.61
 0.61016 5109.72
 0.61028 5105.86
 0.6104 5102.03
 0.61052 5098.22
 0.61064 5094.43
 0.61076 5090.67
 0.61088 5086.94
 0.611 5083.22
 0.61112 5079.54
 0.61124 5075.88
 0.61136 5072.24
 0.61148 5068.63
 0.6116 5065.04
 0.61172 5061.47
 0.61184 5057.94
 0.61196 5054.42
 0.61208 5050.93
 0.6122 5047.47
 0.61232 5044.02
 0.61244 5040.61
 0.61256 5037.22
 0.61268 5033.85
 0.6128 5030.51
 0.61292 5027.19
 0.61304 5023.9
 0.61316 5020.63
 0.61328 5017.39
 0.6134 5014.17
 0.61352 5010.98
 0.61364 5007.82
 0.61376 5004.68
 0.61388 5001.57
 0.614 4998.48
 0.61412 4995.43
 0.61424 4992.4
 0.61436 4989.4
 0.61448 4986.43
 0.6146 4983.48
 0.61472 4980.57
 0.61484 4977.68
 0.61496 4974.83
 0.61508 4972
 0.6152 4969.21
 0.61532 4966.44
 0.61544 4963.71
 0.61556 4961
 0.61568 4958.33
 0.6158 4955.69
 0.61592 4953.07
 0.61604 4950.49
 0.61616 4947.94
 0.61628 4945.43
 0.6164 4942.94
 0.61652 4940.49
 0.61664 4938.07
 0.61676 4935.68
 0.61688 4933.32
 0.617 4931
 0.61712 4928.71
 0.61724 4926.45
 0.61736 4924.23
 0.61748 4922.04
 0.6176 4919.88
 0.61772 4917.76
 0.61784 4915.67
 0.61796 4913.62
 0.61808 4911.6
 0.6182 4909.62
 0.61832 4907.67
 0.61844 4905.76
 0.61856 4903.88
 0.61868 4902.04
 0.6188 4900.23
 0.61892 4898.46
 0.61904 4896.73
 0.61916 4895.03
 0.61928 4893.36
 0.6194 4891.73
 0.61952 4890.14
 0.61964 4888.58
 0.61976 4887.06
 0.61988 4885.57
 0.62 4884.11
 0.62012 4882.69
 0.62024 4881.3
 0.62036 4879.95
 0.62048 4878.63
 0.6206 4877.34
 0.62072 4876.08
 0.62084 4874.85
 0.62096 4873.66
 0.62108 4872.5
 0.6212 4871.36
 0.62132 4870.26
 0.62144 4869.18
 0.62156 4868.14
 0.62168 4867.12
 0.6218 4866.13
 0.62192 4865.17
 0.62204 4864.23
 0.62216 4863.33
 0.62228 4862.44
 0.6224 4861.59
 0.62252 4860.75
 0.62264 4859.95
 0.62276 4859.16
 0.62288 4858.4
 0.623 4857.66
 0.62312 4856.95
 0.62324 4856.25
 0.62336 4855.58
 0.62348 4854.93
 0.6236 4854.3
 0.62372 4853.69
 0.62384 4853.1
 0.62396 4852.53
 0.62408 4851.98
 0.6242 4851.44
 0.62432 4850.93
 0.62444 4850.43
 0.62456 4849.95
 0.62468 4849.49
 0.6248 4849.05
 0.62492 4848.62
 0.62504 4848.2
 0.62516 4847.81
 0.62528 4847.43
 0.6254 4847.06
 0.62552 4846.71
 0.62564 4846.37
 0.62576 4846.04
 0.62588 4845.73
 0.626 4845.43
 0.62612 4845.15
 0.62624 4844.87
 0.62636 4844.61
 0.62648 4844.35
 0.6266 4844.11
 0.62672 4843.88
 0.62684 4843.66
 0.62696 4843.45
 0.62708 4843.24
 0.6272 4843.05
 0.62732 4842.86
 0.62744 4842.69
 0.62756 4842.52
 0.62768 4842.35
 0.6278 4842.2
 0.62792 4842.05
 0.62804 4841.91
 0.62816 4841.78
 0.62828 4841.66
 0.6284 4841.54
 0.62852 4841.43
 0.62864 4841.33
 0.62876 4841.24
 0.62888 4841.15
 0.629 4841.08
 0.62912 4841.01
 0.62924 4840.95
 0.62936 4840.89
 0.62948 4840.85
 0.6296 4840.81
 0.62972 4840.78
 0.62984 4840.76
 0.62996 4840.74
 0.63008 4840.74
 0.6302 4840.74
 0.63032 4840.75
 0.63044 4840.76
 0.63056 4840.79
 0.63068 4840.82
 0.6308 4840.86
 0.63092 4840.91
 0.63104 4840.96
 0.63116 4841.03
 0.63128 4841.1
 0.6314 4841.17
 0.63152 4841.26
 0.63164 4841.35
 0.63176 4841.44
 0.63188 4841.55
 0.632 4841.66
 0.63212 4841.78
 0.63224 4841.9
 0.63236 4842.03
 0.63248 4842.17
 0.6326 4842.32
 0.63272 4842.47
 0.63284 4842.63
 0.63296 4842.79
 0.63308 4842.97
 0.6332 4843.14
 0.63332 4843.33
 0.63344 4843.52
 0.63356 4843.72
 0.63368 4843.92
 0.6338 4844.13
 0.63392 4844.34
 0.63404 4844.56
 0.63416 4844.78
 0.63428 4845.02
 0.6344 4845.25
 0.63452 4845.49
 0.63464 4845.74
 0.63476 4845.99
 0.63488 4846.24
 0.635 4846.51
 0.63512 4846.77
 0.63524 4847.04
 0.63536 4847.32
 0.63548 4847.6
 0.6356 4847.88
 0.63572 4848.17
 0.63584 4848.47
 0.63596 4848.77
 0.63608 4849.07
 0.6362 4849.38
 0.63632 4849.7
 0.63644 4850.01
 0.63656 4850.34
 0.63668 4850.66
 0.6368 4850.99
 0.63692 4851.33
 0.63704 4851.66
 0.63716 4852.01
 0.63728 4852.35
 0.6374 4852.7
 0.63752 4853.05
 0.63764 4853.41
 0.63776 4853.76
 0.63788 4854.13
 0.638 4854.49
 0.63812 4854.86
 0.63824 4855.23
 0.63836 4855.6
 0.63848 4855.97
 0.6386 4856.35
 0.63872 4856.73
 0.63884 4857.11
 0.63896 4857.49
 0.63908 4857.88
 0.6392 4858.26
 0.63932 4858.65
 0.63944 4859.04
 0.63956 4859.44
 0.63968 4859.83
 0.6398 4860.23
 0.63992 4860.62
 0.64004 4861.02
 0.64016 4861.42
 0.64028 4861.83
 0.6404 4862.23
 0.64052 4862.63
 0.64064 4863.04
 0.64076 4863.44
 0.64088 4863.85
 0.641 4864.26
 0.64112 4864.66
 0.64124 4865.07
 0.64136 4865.48
 0.64148 4865.89
 0.6416 4866.3
 0.64172 4866.71
 0.64184 4867.12
 0.64196 4867.53
 0.64208 4867.93
 0.6422 4868.34
 0.64232 4868.75
 0.64244 4869.16
 0.64256 4869.57
 0.64268 4869.97
 0.6428 4870.38
 0.64292 4870.78
 0.64304 4871.18
 0.64316 4871.58
 0.64328 4871.98
 0.6434 4872.38
 0.64352 4872.78
 0.64364 4873.17
 0.64376 4873.56
 0.64388 4873.94
 0.644 4874.32
 0.64412 4874.7
 0.64424 4875.07
 0.64436 4875.44
 0.64448 4875.8
 0.6446 4876.16
 0.64472 4876.51
 0.64484 4876.85
 0.64496 4877.19
 0.64508 4877.53
 0.6452 4877.85
 0.64532 4878.17
 0.64544 4878.49
 0.64556 4878.79
 0.64568 4879.09
 0.6458 4879.39
 0.64592 4879.67
 0.64604 4879.95
 0.64616 4880.22
 0.64628 4880.49
 0.6464 4880.74
 0.64652 4880.99
 0.64664 4881.23
 0.64676 4881.46
 0.64688 4881.69
 0.647 4881.9
 0.64712 4882.1
 0.64724 4882.3
 0.64736 4882.48
 0.64748 4882.66
 0.6476 4882.82
 0.64772 4882.97
 0.64784 4883.12
 0.64796 4883.25
 0.64808 4883.37
 0.6482 4883.48
 0.64832 4883.57
 0.64844 4883.66
 0.64856 4883.73
 0.64868 4883.79
 0.6488 4883.83
 0.64892 4883.87
 0.64904 4883.89
 0.64916 4883.9
 0.64928 4883.89
 0.6494 4883.88
 0.64952 4883.85
 0.64964 4883.81
 0.64976 4883.75
 0.64988 4883.68
 0.65 4883.61
 0.65012 4883.51
 0.65024 4883.41
 0.65036 4883.29
 0.65048 4883.17
 0.6506 4883.03
 0.65072 4882.88
 0.65084 4882.72
 0.65096 4882.54
 0.65108 4882.36
 0.6512 4882.16
 0.65132 4881.96
 0.65144 4881.74
 0.65156 4881.52
 0.65168 4881.28
 0.6518 4881.04
 0.65192 4880.78
 0.65204 4880.52
 0.65216 4880.24
 0.65228 4879.95
 0.6524 4879.66
 0.65252 4879.35
 0.65264 4879.03
 0.65276 4878.71
 0.65288 4878.37
 0.653 4878.03
 0.65312 4877.67
 0.65324 4877.31
 0.65336 4876.94
 0.65348 4876.55
 0.6536 4876.16
 0.65372 4875.76
 0.65384 4875.35
 0.65396 4874.93
 0.65408 4874.5
 0.6542 4874.06
 0.65432 4873.61
 0.65444 4873.15
 0.65456 4872.68
 0.65468 4872.2
 0.6548 4871.71
 0.65492 4871.22
 0.65504 4870.71
 0.65516 4870.19
 0.65528 4869.67
 0.6554 4869.13
 0.65552 4868.59
 0.65564 4868.03
 0.65576 4867.47
 0.65588 4866.9
 0.656 4866.31
 0.65612 4865.72
 0.65624 4865.12
 0.65636 4864.51
 0.65648 4863.9
 0.6566 4863.27
 0.65672 4862.63
 0.65684 4861.99
 0.65696 4861.34
 0.65708 4860.68
 0.6572 4860.01
 0.65732 4859.33
 0.65744 4858.64
 0.65756 4857.95
 0.65768 4857.25
 0.6578 4856.54
 0.65792 4855.82
 0.65804 4855.09
 0.65816 4854.35
 0.65828 4853.6
 0.6584 4852.84
 0.65852 4852.08
 0.65864 4851.3
 0.65876 4850.51
 0.65888 4849.71
 0.659 4848.9
 0.65912 4848.08
 0.65924 4847.25
 0.65936 4846.41
 0.65948 4845.56
 0.6596 4844.7
 0.65972 4843.83
 0.65984 4842.94
 0.65996 4842.05
 0.66008 4841.14
 0.6602 4840.23
 0.66032 4839.3
 0.66044 4838.37
 0.66056 4837.42
 0.66068 4836.46
 0.6608 4835.49
 0.66092 4834.51
 0.66104 4833.52
 0.66116 4832.52
 0.66128 4831.51
 0.6614 4830.49
 0.66152 4829.46
 0.66164 4828.41
 0.66176 4827.36
 0.66188 4826.3
 0.662 4825.22
 0.66212 4824.14
 0.66224 4823.04
 0.66236 4821.94
 0.66248 4820.82
 0.6626 4819.7
 0.66272 4818.56
 0.66284 4817.41
 0.66296 4816.25
 0.66308 4815.08
 0.6632 4813.9
 0.66332 4812.71
 0.66344 4811.51
 0.66356 4810.3
 0.66368 4809.08
 0.6638 4807.85
 0.66392 4806.61
 0.66404 4805.37
 0.66416 4804.11
 0.66428 4802.84
 0.6644 4801.56
 0.66452 4800.28
 0.66464 4798.98
 0.66476 4797.68
 0.66488 4796.37
 0.665 4795.05
 0.66512 4793.73
 0.66524 4792.39
 0.66536 4791.05
 0.66548 4789.7
 0.6656 4788.34
 0.66572 4786.97
 0.66584 4785.6
 0.66596 4784.22
 0.66608 4782.83
 0.6662 4781.44
 0.66632 4780.03
 0.66644 4778.62
 0.66656 4777.21
 0.66668 4775.79
 0.6668 4774.36
 0.66692 4772.92
 0.66704 4771.48
 0.66716 4770.03
 0.66728 4768.57
 0.6674 4767.11
 0.66752 4765.65
 0.66764 4764.17
 0.66776 4762.7
 0.66788 4761.21
 0.668 4759.72
 0.66812 4758.23
 0.66824 4756.73
 0.66836 4755.23
 0.66848 4753.72
 0.6686 4752.2
 0.66872 4750.68
 0.66884 4749.16
 0.66896 4747.63
 0.66908 4746.09
 0.6692 4744.55
 0.66932 4743.01
 0.66944 4741.46
 0.66956 4739.9
 0.66968 4738.34
 0.6698 4736.77
 0.66992 4735.2
 0.67004 4733.63
 0.67016 4732.05
 0.67028 4730.46
 0.6704 4728.87
 0.67052 4727.27
 0.67064 4725.67
 0.67076 4724.07
 0.67088 4722.46
 0.671 4720.85
 0.67112 4719.23
 0.67124 4717.6
 0.67136 4715.98
 0.67148 4714.34
 0.6716 4712.71
 0.67172 4711.07
 0.67184 4709.42
 0.67196 4707.77
 0.67208 4706.12
 0.6722 4704.47
 0.67232 4702.81
 0.67244 4701.14
 0.67256 4699.48
 0.67268 4697.8
 0.6728 4696.13
 0.67292 4694.45
 0.67304 4692.77
 0.67316 4691.09
 0.67328 4689.4
 0.6734 4687.72
 0.67352 4686.02
 0.67364 4684.33
 0.67376 4682.64
 0.67388 4680.94
 0.674 4679.24
 0.67412 4677.54
 0.67424 4675.85
 0.67436 4674.15
 0.67448 4672.45
 0.6746 4670.75
 0.67472 4669.05
 0.67484 4667.35
 0.67496 4665.65
 0.67508 4663.95
 0.6752 4662.25
 0.67532 4660.55
 0.67544 4658.85
 0.67556 4657.15
 0.67568 4655.46
 0.6758 4653.76
 0.67592 4652.07
 0.67604 4650.38
 0.67616 4648.69
 0.67628 4647
 0.6764 4645.31
 0.67652 4643.62
 0.67664 4641.94
 0.67676 4640.26
 0.67688 4638.58
 0.677 4636.91
 0.67712 4635.23
 0.67724 4633.57
 0.67736 4631.9
 0.67748 4630.24
 0.6776 4628.59
 0.67772 4626.94
 0.67784 4625.29
 0.67796 4623.65
 0.67808 4622.01
 0.6782 4620.38
 0.67832 4618.76
 0.67844 4617.14
 0.67856 4615.53
 0.67868 4613.92
 0.6788 4612.32
 0.67892 4610.73
 0.67904 4609.14
 0.67916 4607.56
 0.67928 4605.98
 0.6794 4604.41
 0.67952 4602.85
 0.67964 4601.29
 0.67976 4599.74
 0.67988 4598.2
 0.68 4596.66
 0.68012 4595.13
 0.68024 4593.6
 0.68036 4592.08
 0.68048 4590.56
 0.6806 4589.05
 0.68072 4587.55
 0.68084 4586.05
 0.68096 4584.55
 0.68108 4583.06
 0.6812 4581.57
 0.68132 4580.08
 0.68144 4578.6
 0.68156 4577.13
 0.68168 4575.66
 0.6818 4574.19
 0.68192 4572.73
 0.68204 4571.27
 0.68216 4569.81
 0.68228 4568.36
 0.6824 4566.92
 0.68252 4565.48
 0.68264 4564.05
 0.68276 4562.62
 0.68288 4561.19
 0.683 4559.77
 0.68312 4558.36
 0.68324 4556.95
 0.68336 4555.55
 0.68348 4554.16
 0.6836 4552.77
 0.68372 4551.39
 0.68384 4550.01
 0.68396 4548.64
 0.68408 4547.28
 0.6842 4545.93
 0.68432 4544.58
 0.68444 4543.24
 0.68456 4541.91
 0.68468 4540.59
 0.6848 4539.27
 0.68492 4537.97
 0.68504 4536.67
 0.68516 4535.38
 0.68528 4534.11
 0.6854 4532.84
 0.68552 4531.58
 0.68564 4530.33
 0.68576 4529.1
 0.68588 4527.87
 0.686 4526.66
 0.68612 4525.45
 0.68624 4524.26
 0.68636 4523.08
 0.68648 4521.92
 0.6866 4520.76
 0.68672 4519.62
 0.68684 4518.49
 0.68696 4517.37
 0.68708 4516.27
 0.6872 4515.18
 0.68732 4514.1
 0.68744 4513.04
 0.68756 4511.99
 0.68768 4510.96
 0.6878 4509.94
 0.68792 4508.94
 0.68804 4507.96
 0.68816 4506.99
 0.68828 4506.04
 0.6884 4505.1
 0.68852 4504.19
 0.68864 4503.29
 0.68876 4502.41
 0.68888 4501.55
 0.689 4500.71
 0.68912 4499.89
 0.68924 4499.08
 0.68936 4498.3
 0.68948 4497.54
 0.6896 4496.8
 0.68972 4496.07
 0.68984 4495.37
 0.68996 4494.69
 0.69008 4494.03
 0.6902 4493.39
 0.69032 4492.77
 0.69044 4492.17
 0.69056 4491.59
 0.69068 4491.03
 0.6908 4490.5
 0.69092 4489.98
 0.69104 4489.49
 0.69116 4489.02
 0.69128 4488.57
 0.6914 4488.14
 0.69152 4487.73
 0.69164 4487.35
 0.69176 4486.99
 0.69188 4486.64
 0.692 4486.32
 0.69212 4486.03
 0.69224 4485.75
 0.69236 4485.5
 0.69248 4485.26
 0.6926 4485.05
 0.69272 4484.86
 0.69284 4484.7
 0.69296 4484.55
 0.69308 4484.43
 0.6932 4484.32
 0.69332 4484.24
 0.69344 4484.18
 0.69356 4484.14
 0.69368 4484.12
 0.6938 4484.12
 0.69392 4484.14
 0.69404 4484.17
 0.69416 4484.23
 0.69428 4484.31
 0.6944 4484.4
 0.69452 4484.52
 0.69464 4484.65
 0.69476 4484.79
 0.69488 4484.96
 0.695 4485.14
 0.69512 4485.34
 0.69524 4485.56
 0.69536 4485.79
 0.69548 4486.04
 0.6956 4486.3
 0.69572 4486.59
 0.69584 4486.88
 0.69596 4487.19
 0.69608 4487.52
 0.6962 4487.86
 0.69632 4488.22
 0.69644 4488.59
 0.69656 4488.97
 0.69668 4489.37
 0.6968 4489.79
 0.69692 4490.21
 0.69704 4490.65
 0.69716 4491.11
 0.69728 4491.57
 0.6974 4492.05
 0.69752 4492.55
 0.69764 4493.05
 0.69776 4493.57
 0.69788 4494.1
 0.698 4494.64
 0.69812 4495.19
 0.69824 4495.75
 0.69836 4496.33
 0.69848 4496.92
 0.6986 4497.51
 0.69872 4498.12
 0.69884 4498.74
 0.69896 4499.38
 0.69908 4500.02
 0.6992 4500.67
 0.69932 4501.33
 0.69944 4502.01
 0.69956 4502.69
 0.69968 4503.38
 0.6998 4504.09
 0.69992 4504.8
 0.70004 4505.53
 0.70016 4506.26
 0.70028 4507
 0.7004 4507.76
 0.70052 4508.52
 0.70064 4509.29
 0.70076 4510.07
 0.70088 4510.86
 0.701 4511.66
 0.70112 4512.47
 0.70124 4513.28
 0.70136 4514.11
 0.70148 4514.94
 0.7016 4515.78
 0.70172 4516.63
 0.70184 4517.48
 0.70196 4518.35
 0.70208 4519.22
 0.7022 4520.09
 0.70232 4520.98
 0.70244 4521.86
 0.70256 4522.76
 0.70268 4523.66
 0.7028 4524.57
 0.70292 4525.48
 0.70304 4526.39
 0.70316 4527.32
 0.70328 4528.24
 0.7034 4529.17
 0.70352 4530.11
 0.70364 4531.04
 0.70376 4531.99
 0.70388 4532.93
 0.704 4533.88
 0.70412 4534.83
 0.70424 4535.78
 0.70436 4536.73
 0.70448 4537.68
 0.7046 4538.64
 0.70472 4539.59
 0.70484 4540.55
 0.70496 4541.51
 0.70508 4542.47
 0.7052 4543.42
 0.70532 4544.38
 0.70544 4545.34
 0.70556 4546.29
 0.70568 4547.25
 0.7058 4548.21
 0.70592 4549.16
 0.70604 4550.11
 0.70616 4551.07
 0.70628 4552.02
 0.7064 4552.97
 0.70652 4553.92
 0.70664 4554.87
 0.70676 4555.81
 0.70688 4556.76
 0.707 4557.7
 0.70712 4558.64
 0.70724 4559.57
 0.70736 4560.51
 0.70748 4561.44
 0.7076 4562.37
 0.70772 4563.3
 0.70784 4564.23
 0.70796 4565.15
 0.70808 4566.07
 0.7082 4566.99
 0.70832 4567.9
 0.70844 4568.81
 0.70856 4569.72
 0.70868 4570.63
 0.7088 4571.53
 0.70892 4572.43
 0.70904 4573.33
 0.70916 4574.23
 0.70928 4575.13
 0.7094 4576.02
 0.70952 4576.92
 0.70964 4577.81
 0.70976 4578.7
 0.70988 4579.6
 0.71 4580.49
 0.71012 4581.38
 0.71024 4582.27
 0.71036 4583.17
 0.71048 4584.07
 0.7106 4584.96
 0.71072 4585.86
 0.71084 4586.77
 0.71096 4587.67
 0.71108 4588.58
 0.7112 4589.49
 0.71132 4590.41
 0.71144 4591.33
 0.71156 4592.26
 0.71168 4593.19
 0.7118 4594.12
 0.71192 4595.06
 0.71204 4596.01
 0.71216 4596.96
 0.71228 4597.92
 0.7124 4598.88
 0.71252 4599.84
 0.71264 4600.81
 0.71276 4601.79
 0.71288 4602.77
 0.713 4603.76
 0.71312 4604.75
 0.71324 4605.75
 0.71336 4606.75
 0.71348 4607.76
 0.7136 4608.77
 0.71372 4609.78
 0.71384 4610.8
 0.71396 4611.82
 0.71408 4612.85
 0.7142 4613.88
 0.71432 4614.91
 0.71444 4615.95
 0.71456 4616.98
 0.71468 4618.02
 0.7148 4619.07
 0.71492 4620.11
 0.71504 4621.15
 0.71516 4622.19
 0.71528 4623.24
 0.7154 4624.28
 0.71552 4625.32
 0.71564 4626.36
 0.71576 4627.4
 0.71588 4628.43
 0.716 4629.46
 0.71612 4630.49
 0.71624 4631.51
 0.71636 4632.53
 0.71648 4633.55
 0.7166 4634.55
 0.71672 4635.55
 0.71684 4636.55
 0.71696 4637.53
 0.71708 4638.51
 0.7172 4639.48
 0.71732 4640.44
 0.71744 4641.39
 0.71756 4642.33
 0.71768 4643.25
 0.7178 4644.17
 0.71792 4645.07
 0.71804 4645.95
 0.71816 4646.83
 0.71828 4647.69
 0.7184 4648.53
 0.71852 4649.36
 0.71864 4650.17
 0.71876 4650.96
 0.71888 4651.73
 0.719 4652.49
 0.71912 4653.23
 0.71924 4653.95
 0.71936 4654.64
 0.71948 4655.32
 0.7196 4655.98
 0.71972 4656.61
 0.71984 4657.22
 0.71996 4657.81
 0.72008 4658.38
 0.7202 4658.93
 0.72032 4659.45
 0.72044 4659.95
 0.72056 4660.42
 0.72068 4660.87
 0.7208 4661.29
 0.72092 4661.69
 0.72104 4662.07
 0.72116 4662.41
 0.72128 4662.73
 0.7214 4663.03
 0.72152 4663.3
 0.72164 4663.54
 0.72176 4663.75
 0.72188 4663.94
 0.722 4664.1
 0.72212 4664.23
 0.72224 4664.34
 0.72236 4664.41
 0.72248 4664.46
 0.7226 4664.48
 0.72272 4664.47
 0.72284 4664.44
 0.72296 4664.37
 0.72308 4664.28
 0.7232 4664.16
 0.72332 4664.01
 0.72344 4663.84
 0.72356 4663.64
 0.72368 4663.41
 0.7238 4663.15
 0.72392 4662.87
 0.72404 4662.56
 0.72416 4662.22
 0.72428 4661.85
 0.7244 4661.46
 0.72452 4661.05
 0.72464 4660.61
 0.72476 4660.14
 0.72488 4659.65
 0.725 4659.13
 0.72512 4658.59
 0.72524 4658.03
 0.72536 4657.44
 0.72548 4656.83
 0.7256 4656.19
 0.72572 4655.54
 0.72584 4654.86
 0.72596 4654.15
 0.72608 4653.43
 0.7262 4652.68
 0.72632 4651.91
 0.72644 4651.12
 0.72656 4650.3
 0.72668 4649.47
 0.7268 4648.62
 0.72692 4647.74
 0.72704 4646.85
 0.72716 4645.93
 0.72728 4645
 0.7274 4644.04
 0.72752 4643.07
 0.72764 4642.08
 0.72776 4641.06
 0.72788 4640.03
 0.728 4638.99
 0.72812 4637.92
 0.72824 4636.83
 0.72836 4635.73
 0.72848 4634.61
 0.7286 4633.47
 0.72872 4632.31
 0.72884 4631.14
 0.72896 4629.95
 0.72908 4628.74
 0.7292 4627.51
 0.72932 4626.27
 0.72944 4625.01
 0.72956 4623.74
 0.72968 4622.45
 0.7298 4621.15
 0.72992 4619.83
 0.73004 4618.49
 0.73016 4617.14
 0.73028 4615.77
 0.7304 4614.39
 0.73052 4612.99
 0.73064 4611.58
 0.73076 4610.15
 0.73088 4608.7
 0.731 4607.24
 0.73112 4605.77
 0.73124 4604.28
 0.73136 4602.78
 0.73148 4601.26
 0.7316 4599.72
 0.73172 4598.18
 0.73184 4596.62
 0.73196 4595.04
 0.73208 4593.45
 0.7322 4591.85
 0.73232 4590.24
 0.73244 4588.61
 0.73256 4586.97
 0.73268 4585.32
 0.7328 4583.65
 0.73292 4581.97
 0.73304 4580.28
 0.73316 4578.58
 0.73328 4576.86
 0.7334 4575.14
 0.73352 4573.4
 0.73364 4571.65
 0.73376 4569.89
 0.73388 4568.11
 0.734 4566.33
 0.73412 4564.54
 0.73424 4562.73
 0.73436 4560.92
 0.73448 4559.09
 0.7346 4557.26
 0.73472 4555.41
 0.73484 4553.56
 0.73496 4551.69
 0.73508 4549.82
 0.7352 4547.94
 0.73532 4546.05
 0.73544 4544.14
 0.73556 4542.23
 0.73568 4540.31
 0.7358 4538.38
 0.73592 4536.44
 0.73604 4534.49
 0.73616 4532.54
 0.73628 4530.57
 0.7364 4528.59
 0.73652 4526.61
 0.73664 4524.61
 0.73676 4522.61
 0.73688 4520.6
 0.737 4518.57
 0.73712 4516.54
 0.73724 4514.5
 0.73736 4512.45
 0.73748 4510.38
 0.7376 4508.31
 0.73772 4506.23
 0.73784 4504.13
 0.73796 4502.03
 0.73808 4499.91
 0.7382 4497.79
 0.73832 4495.65
 0.73844 4493.5
 0.73856 4491.34
 0.73868 4489.17
 0.7388 4486.98
 0.73892 4484.79
 0.73904 4482.58
 0.73916 4480.35
 0.73928 4478.12
 0.7394 4475.87
 0.73952 4473.6
 0.73964 4471.32
 0.73976 4469.03
 0.73988 4466.72
 0.74 4464.4
 0.74012 4462.06
 0.74024 4459.7
 0.74036 4457.33
 0.74048 4454.94
 0.7406 4452.53
 0.74072 4450.11
 0.74084 4447.67
 0.74096 4445.21
 0.74108 4442.73
 0.7412 4440.23
 0.74132 4437.72
 0.74144 4435.18
 0.74156 4432.63
 0.74168 4430.05
 0.7418 4427.46
 0.74192 4424.84
 0.74204 4422.2
 0.74216 4419.55
 0.74228 4416.87
 0.7424 4414.18
 0.74252 4411.46
 0.74264 4408.72
 0.74276 4405.96
 0.74288 4403.18
 0.743 4400.38
 0.74312 4397.56
 0.74324 4394.72
 0.74336 4391.86
 0.74348 4388.99
 0.7436 4386.09
 0.74372 4383.17
 0.74384 4380.24
 0.74396 4377.29
 0.74408 4374.32
 0.7442 4371.33
 0.74432 4368.33
 0.74444 4365.31
 0.74456 4362.28
 0.74468 4359.23
 0.7448 4356.17
 0.74492 4353.09
 0.74504 4350
 0.74516 4346.9
 0.74528 4343.79
 0.7454 4340.67
 0.74552 4337.54
 0.74564 4334.4
 0.74576 4331.25
 0.74588 4328.09
 0.746 4324.93
 0.74612 4321.77
 0.74624 4318.59
 0.74636 4315.42
 0.74648 4312.24
 0.7466 4309.06
 0.74672 4305.88
 0.74684 4302.7
 0.74696 4299.52
 0.74708 4296.34
 0.7472 4293.16
 0.74732 4289.99
 0.74744 4286.82
 0.74756 4283.66
 0.74768 4280.5
 0.7478 4277.35
 0.74792 4274.21
 0.74804 4271.08
 0.74816 4267.96
 0.74828 4264.85
 0.7484 4261.75
 0.74852 4258.67
 0.74864 4255.59
 0.74876 4252.54
 0.74888 4249.5
 0.749 4246.47
 0.74912 4243.47
 0.74924 4240.48
 0.74936 4237.5
 0.74948 4234.55
 0.7496 4231.62
 0.74972 4228.71
 0.74984 4225.82
 0.74996 4222.95
 0.75008 4220.1
 0.7502 4217.27
 0.75032 4214.47
 0.75044 4211.69
 0.75056 4208.94
 0.75068 4206.22
 0.7508 4203.51
 0.75092 4200.84
 0.75104 4198.19
 0.75116 4195.57
 0.75128 4192.98
 0.7514 4190.41
 0.75152 4187.88
 0.75164 4185.37
 0.75176 4182.9
 0.75188 4180.45
 0.752 4178.03
 0.75212 4175.64
 0.75224 4173.29
 0.75236 4170.96
 0.75248 4168.67
 0.7526 4166.41
 0.75272 4164.18
 0.75284 4161.98
 0.75296 4159.82
 0.75308 4157.68
 0.7532 4155.58
 0.75332 4153.51
 0.75344 4151.48
 0.75356 4149.47
 0.75368 4147.5
 0.7538 4145.57
 0.75392 4143.67
 0.75404 4141.8
 0.75416 4139.96
 0.75428 4138.16
 0.7544 4136.4
 0.75452 4134.66
 0.75464 4132.96
 0.75476 4131.3
 0.75488 4129.67
 0.755 4128.07
 0.75512 4126.5
 0.75524 4124.97
 0.75536 4123.47
 0.75548 4122
 0.7556 4120.56
 0.75572 4119.16
 0.75584 4117.79
 0.75596 4116.45
 0.75608 4115.14
 0.7562 4113.87
 0.75632 4112.62
 0.75644 4111.41
 0.75656 4110.23
 0.75668 4109.07
 0.7568 4107.95
 0.75692 4106.86
 0.75704 4105.8
 0.75716 4104.77
 0.75728 4103.77
 0.7574 4102.8
 0.75752 4101.86
 0.75764 4100.94
 0.75776 4100.06
 0.75788 4099.21
 0.758 4098.38
 0.75812 4097.59
 0.75824 4096.82
 0.75836 4096.09
 0.75848 4095.38
 0.7586 4094.7
 0.75872 4094.06
 0.75884 4093.44
 0.75896 4092.85
 0.75908 4092.28
 0.7592 4091.75
 0.75932 4091.25
 0.75944 4090.77
 0.75956 4090.32
 0.75968 4089.9
 0.7598 4089.51
 0.75992 4089.15
 0.76004 4088.82
 0.76016 4088.52
 0.76028 4088.25
 0.7604 4088
 0.76052 4087.79
 0.76064 4087.6
 0.76076 4087.45
 0.76088 4087.33
 0.761 4087.23
 0.76112 4087.17
 0.76124 4087.14
 0.76136 4087.14
 0.76148 4087.17
 0.7616 4087.23
 0.76172 4087.32
 0.76184 4087.45
 0.76196 4087.61
 0.76208 4087.8
 0.7622 4088.02
 0.76232 4088.27
 0.76244 4088.56
 0.76256 4088.88
 0.76268 4089.24
 0.7628 4089.63
 0.76292 4090.05
 0.76304 4090.51
 0.76316 4091
 0.76328 4091.53
 0.7634 4092.09
 0.76352 4092.68
 0.76364 4093.32
 0.76376 4093.98
 0.76388 4094.69
 0.764 4095.42
 0.76412 4096.2
 0.76424 4097.01
 0.76436 4097.86
 0.76448 4098.75
 0.7646 4099.67
 0.76472 4100.63
 0.76484 4101.63
 0.76496 4102.67
 0.76508 4103.74
 0.7652 4104.86
 0.76532 4106.01
 0.76544 4107.2
 0.76556 4108.43
 0.76568 4109.7
 0.7658 4111
 0.76592 4112.35
 0.76604 4113.74
 0.76616 4115.17
 0.76628 4116.63
 0.7664 4118.14
 0.76652 4119.69
 0.76664 4121.28
 0.76676 4122.92
 0.76688 4124.59
 0.767 4126.31
 0.76712 4128.07
 0.76724 4129.87
 0.76736 4131.71
 0.76748 4133.6
 0.7676 4135.53
 0.76772 4137.51
 0.76784 4139.53
 0.76796 4141.6
 0.76808 4143.71
 0.7682 4145.87
 0.76832 4148.07
 0.76844 4150.32
 0.76856 4152.62
 0.76868 4154.96
 0.7688 4157.36
 0.76892 4159.8
 0.76904 4162.29
 0.76916 4164.82
 0.76928 4167.41
 0.7694 4170.04
 0.76952 4172.73
 0.76964 4175.46
 0.76976 4178.25
 0.76988 4181.08
 0.77 4183.96
 0.77012 4186.9
 0.77024 4189.89
 0.77036 4192.92
 0.77048 4196.01
 0.7706 4199.15
 0.77072 4202.34
 0.77084 4205.58
 0.77096 4208.87
 0.77108 4212.22
 0.7712 4215.61
 0.77132 4219.06
 0.77144 4222.55
 0.77156 4226.1
 0.77168 4229.7
 0.7718 4233.35
 0.77192 4237.05
 0.77204 4240.81
 0.77216 4244.61
 0.77228 4248.46
 0.7724 4252.37
 0.77252 4256.32
 0.77264 4260.33
 0.77276 4264.39
 0.77288 4268.49
 0.773 4272.65
 0.77312 4276.85
 0.77324 4281.1
 0.77336 4285.4
 0.77348 4289.75
 0.7736 4294.15
 0.77372 4298.59
 0.77384 4303.08
 0.77396 4307.61
 0.77408 4312.18
 0.7742 4316.8
 0.77432 4321.47
 0.77444 4326.17
 0.77456 4330.91
 0.77468 4335.7
 0.7748 4340.52
 0.77492 4345.38
 0.77504 4350.28
 0.77516 4355.22
 0.77528 4360.19
 0.7754 4365.2
 0.77552 4370.24
 0.77564 4375.31
 0.77576 4380.42
 0.77588 4385.55
 0.776 4390.72
 0.77612 4395.91
 0.77624 4401.13
 0.77636 4406.38
 0.77648 4411.66
 0.7766 4416.96
 0.77672 4422.28
 0.77684 4427.62
 0.77696 4432.99
 0.77708 4438.38
 0.7772 4443.79
 0.77732 4449.21
 0.77744 4454.66
 0.77756 4460.12
 0.77768 4465.59
 0.7778 4471.08
 0.77792 4476.58
 0.77804 4482.1
 0.77816 4487.62
 0.77828 4493.16
 0.7784 4498.71
 0.77852 4504.26
 0.77864 4509.82
 0.77876 4515.39
 0.77888 4520.96
 0.779 4526.54
 0.77912 4532.12
 0.77924 4537.71
 0.77936 4543.29
 0.77948 4548.88
 0.7796 4554.47
 0.77972 4560.07
 0.77984 4565.66
 0.77996 4571.25
 0.78008 4576.84
 0.7802 4582.43
 0.78032 4588.01
 0.78044 4593.59
 0.78056 4599.17
 0.78068 4604.74
 0.7808 4610.31
 0.78092 4615.87
 0.78104 4621.42
 0.78116 4626.97
 0.78128 4632.51
 0.7814 4638.04
 0.78152 4643.56
 0.78164 4649.07
 0.78176 4654.57
 0.78188 4660.07
 0.782 4665.55
 0.78212 4671.02
 0.78224 4676.48
 0.78236 4681.93
 0.78248 4687.37
 0.7826 4692.8
 0.78272 4698.21
 0.78284 4703.61
 0.78296 4708.99
 0.78308 4714.37
 0.7832 4719.73
 0.78332 4725.07
 0.78344 4730.4
 0.78356 4735.71
 0.78368 4741.01
 0.7838 4746.29
 0.78392 4751.55
 0.78404 4756.8
 0.78416 4762.03
 0.78428 4767.23
 0.7844 4772.42
 0.78452 4777.59
 0.78464 4782.74
 0.78476 4787.87
 0.78488 4792.97
 0.785 4798.06
 0.78512 4803.13
 0.78524 4808.18
 0.78536 4813.2
 0.78548 4818.21
 0.7856 4823.2
 0.78572 4828.16
 0.78584 4833.11
 0.78596 4838.03
 0.78608 4842.94
 0.7862 4847.82
 0.78632 4852.68
 0.78644 4857.52
 0.78656 4862.34
 0.78668 4867.14
 0.7868 4871.92
 0.78692 4876.68
 0.78704 4881.42
 0.78716 4886.13
 0.78728 4890.83
 0.7874 4895.5
 0.78752 4900.15
 0.78764 4904.79
 0.78776 4909.4
 0.78788 4913.98
 0.788 4918.55
 0.78812 4923.1
 0.78824 4927.62
 0.78836 4932.12
 0.78848 4936.6
 0.7886 4941.05
 0.78872 4945.49
 0.78884 4949.9
 0.78896 4954.28
 0.78908 4958.65
 0.7892 4962.99
 0.78932 4967.31
 0.78944 4971.6
 0.78956 4975.87
 0.78968 4980.12
 0.7898 4984.34
 0.78992 4988.54
 0.79004 4992.71
 0.79016 4996.86
 0.79028 5000.98
 0.7904 5005.07
 0.79052 5009.14
 0.79064 5013.19
 0.79076 5017.2
 0.79088 5021.19
 0.791 5025.15
 0.79112 5029.08
 0.79124 5032.99
 0.79136 5036.86
 0.79148 5040.71
 0.7916 5044.53
 0.79172 5048.31
 0.79184 5052.07
 0.79196 5055.8
 0.79208 5059.49
 0.7922 5063.16
 0.79232 5066.79
 0.79244 5070.39
 0.79256 5073.96
 0.79268 5077.5
 0.7928 5081
 0.79292 5084.47
 0.79304 5087.9
 0.79316 5091.3
 0.79328 5094.67
 0.7934 5098
 0.79352 5101.3
 0.79364 5104.56
 0.79376 5107.78
 0.79388 5110.96
 0.794 5114.11
 0.79412 5117.22
 0.79424 5120.3
 0.79436 5123.33
 0.79448 5126.33
 0.7946 5129.28
 0.79472 5132.2
 0.79484 5135.08
 0.79496 5137.92
 0.79508 5140.71
 0.7952 5143.47
 0.79532 5146.19
 0.79544 5148.86
 0.79556 5151.49
 0.79568 5154.08
 0.7958 5156.63
 0.79592 5159.13
 0.79604 5161.59
 0.79616 5164.01
 0.79628 5166.38
 0.7964 5168.71
 0.79652 5171
 0.79664 5173.23
 0.79676 5175.43
 0.79688 5177.57
 0.797 5179.67
 0.79712 5181.72
 0.79724 5183.73
 0.79736 5185.68
 0.79748 5187.59
 0.7976 5189.45
 0.79772 5191.26
 0.79784 5193.01
 0.79796 5194.72
 0.79808 5196.37
 0.7982 5197.97
 0.79832 5199.51
 0.79844 5201
 0.79856 5202.44
 0.79868 5203.82
 0.7988 5205.15
 0.79892 5206.42
 0.79904 5207.64
 0.79916 5208.79
 0.79928 5209.89
 0.7994 5210.93
 0.79952 5211.92
 0.79964 5212.84
 0.79976 5213.71
 0.79988 5214.51
