 0.2 197070
 0.20012 191247
 0.20024 185830
 0.20036 180654
 0.20048 175690
 0.2006 171266
 0.20072 167499
 0.20084 164306
 0.20096 161989
 0.20108 161281
 0.2012 162891
 0.20132 167155
 0.20144 173958
 0.20156 182730
 0.20168 192763
 0.2018 203519
 0.20192 214375
 0.20204 224464
 0.20216 232816
 0.20228 238749
 0.2024 242207
 0.20252 243344
 0.20264 242514
 0.20276 240019
 0.20288 236104
 0.203 230966
 0.20312 224884
 0.20324 218174
 0.20336 210780
 0.20348 202620
 0.2036 193688
 0.20372 184093
 0.20384 174092
 0.20396 164287
 0.20408 155383
 0.2042 148051
 0.20432 143009
 0.20444 140896
 0.20456 142026
 0.20468 146537
 0.2048 154369
 0.20492 165035
 0.20504 177711
 0.20516 191399
 0.20528 205089
 0.2054 217839
 0.20552 228942
 0.20564 237892
 0.20576 244173
 0.20588 247470
 0.206 247859
 0.20612 245657
 0.20624 241222
 0.20636 234870
 0.20648 226951
 0.2066 217754
 0.20672 207700
 0.20684 197327
 0.20696 186942
 0.20708 176691
 0.2072 166773
 0.20732 157483
 0.20744 149027
 0.20756 141459
 0.20768 134658
 0.2078 128370
 0.20792 122444
 0.20804 116806
 0.20816 111285
 0.20828 105626
 0.2084 99650.7
 0.20852 93377.7
 0.20864 87052.3
 0.20876 80983.4
 0.20888 75398.8
 0.209 70523.3
 0.20912 66727.5
 0.20924 64412.9
 0.20936 63813
 0.20948 64981.3
 0.2096 67757
 0.20972 72025.9
 0.20984 77795.2
 0.20996 85021.9
 0.21008 93438.4
 0.2102 102688
 0.21032 112548
 0.21044 122882
 0.21056 133745
 0.21068 145034
 0.2108 156216
 0.21092 166822
 0.21104 176562
 0.21116 185155
 0.21128 192179
 0.2114 197248
 0.21152 199941
 0.21164 199901
 0.21176 197422
 0.21188 192790
 0.212 186112
 0.21212 177664
 0.21224 168024
 0.21236 157941
 0.21248 148138
 0.2126 139272
 0.21272 131676
 0.21284 125648
 0.21296 121673
 0.21308 120168
 0.2132 121333
 0.21332 124979
 0.21344 130667
 0.21356 137985
 0.21368 146483
 0.2138 155603
 0.21392 164608
 0.21404 172794
 0.21416 179319
 0.21428 183488
 0.2144 184982
 0.21452 183774
 0.21464 180037
 0.21476 174165
 0.21488 166837
 0.215 158679
 0.21512 150494
 0.21524 143310
 0.21536 138116
 0.21548 135406
 0.2156 135321
 0.21572 137867
 0.21584 142807
 0.21596 149796
 0.21608 158451
 0.2162 168061
 0.21632 177613
 0.21644 186283
 0.21656 193722
 0.21668 199589
 0.2168 203427
 0.21692 204877
 0.21704 203731
 0.21716 200068
 0.21728 194389
 0.2174 187519
 0.21752 180102
 0.21764 172719
 0.21776 166373
 0.21788 162173
 0.218 161091
 0.21812 163791
 0.21824 170595
 0.21836 181206
 0.21848 194773
 0.2186 210394
 0.21872 226845
 0.21884 242739
 0.21896 256684
 0.21908 267551
 0.2192 274389
 0.21932 276717
 0.21944 274927
 0.21956 269984
 0.21968 263050
 0.2198 255330
 0.21992 247900
 0.22004 241626
 0.22016 237161
 0.22028 234926
 0.2204 234904
 0.22052 236372
 0.22064 238119
 0.22076 238902
 0.22088 237711
 0.221 233881
 0.22112 227076
 0.22124 217333
 0.22136 204984
 0.22148 190769
 0.2216 176124
 0.22172 162778
 0.22184 152448
 0.22196 146583
 0.22208 146216
 0.2222 151686
 0.22232 162790
 0.22244 178614
 0.22256 197647
 0.22268 218041
 0.2228 237715
 0.22292 254519
 0.22304 266519
 0.22316 272618
 0.22328 272397
 0.2234 266241
 0.22352 255301
 0.22364 240734
 0.22376 223829
 0.22388 206074
 0.224 189006
 0.22412 173728
 0.22424 160657
 0.22436 149904
 0.22448 141002
 0.2246 133554
 0.22472 127286
 0.22484 121825
 0.22496 116877
 0.22508 112201
 0.2252 107943
 0.22532 104434
 0.22544 101940
 0.22556 100792
 0.22568 101219
 0.2258 103486
 0.22592 107711
 0.22604 113802
 0.22616 121476
 0.22628 130236
 0.2264 139823
 0.22652 150019
 0.22664 160553
 0.22676 171128
 0.22688 181432
 0.227 191435
 0.22712 201545
 0.22724 212359
 0.22736 224287
 0.22748 237597
 0.2276 252425
 0.22772 268719
 0.22784 286349
 0.22796 304923
 0.22808 323471
 0.2282 340408
 0.22832 354305
 0.22844 363865
 0.22856 368098
 0.22868 366403
 0.2288 358642
 0.22892 344966
 0.22904 325951
 0.22916 303052
 0.22928 278000
 0.2294 252418
 0.22952 227792
 0.22964 205349
 0.22976 185827
 0.22988 169776
 0.23 157523
 0.23012 148987
 0.23024 143616
 0.23036 140779
 0.23048 139894
 0.2306 140360
 0.23072 141845
 0.23084 144070
 0.23096 146854
 0.23108 150154
 0.2312 153964
 0.23132 158444
 0.23144 163580
 0.23156 169357
 0.23168 175587
 0.2318 181927
 0.23192 187971
 0.23204 193070
 0.23216 196759
 0.23228 198570
 0.2324 198224
 0.23252 195702
 0.23264 191183
 0.23276 185213
 0.23288 178385
 0.233 171475
 0.23312 165165
 0.23324 159992
 0.23336 156391
 0.23348 154527
 0.2336 154383
 0.23372 155665
 0.23384 157955
 0.23396 160804
 0.23408 163897
 0.2342 166955
 0.23432 169827
 0.23444 172462
 0.23456 174796
 0.23468 176681
 0.2348 178130
 0.23492 179318
 0.23504 180287
 0.23516 181127
 0.23528 181973
 0.2354 183009
 0.23552 184580
 0.23564 187420
 0.23576 192144
 0.23588 199059
 0.236 208262
 0.23612 219753
 0.23624 233360
 0.23636 248496
 0.23648 264369
 0.2366 279749
 0.23672 293450
 0.23684 304547
 0.23696 312380
 0.23708 316596
 0.2372 316774
 0.23732 313067
 0.23744 305970
 0.23756 296299
 0.23768 285050
 0.2378 273128
 0.23792 261436
 0.23804 250740
 0.23816 241965
 0.23828 235851
 0.2384 232651
 0.23852 232405
 0.23864 234716
 0.23876 238995
 0.23888 244509
 0.239 250379
 0.23912 255551
 0.23924 258972
 0.23936 259992
 0.23948 258148
 0.2396 253301
 0.23972 245730
 0.23984 235894
 0.23996 224326
 0.24008 211794
 0.2402 199075
 0.24032 186770
 0.24044 175331
 0.24056 165295
 0.24068 156850
 0.2408 149885
 0.24092 144432
 0.24104 140449
 0.24116 137867
 0.24128 136626
 0.2414 136690
 0.24152 137832
 0.24164 140016
 0.24176 143822
 0.24188 149668
 0.242 157882
 0.24212 168598
 0.24224 181856
 0.24236 197616
 0.24248 215987
 0.2426 236671
 0.24272 258498
 0.24284 280248
 0.24296 300723
 0.24308 318852
 0.2432 333830
 0.24332 345164
 0.24344 352247
 0.24356 354795
 0.24368 353443
 0.2438 348839
 0.24392 341656
 0.24404 332788
 0.24416 323044
 0.24428 312920
 0.2444 302811
 0.24452 293203
 0.24464 284184
 0.24476 275993
 0.24488 269084
 0.245 263718
 0.24512 260046
 0.24524 258164
 0.24536 258323
 0.24548 260594
 0.2456 264836
 0.24572 270641
 0.24584 277167
 0.24596 283409
 0.24608 288319
 0.2462 291066
 0.24632 291023
 0.24644 287749
 0.24656 281116
 0.24668 271368
 0.2468 259194
 0.24692 245543
 0.24704 231484
 0.24716 218037
 0.24728 205885
 0.2474 195468
 0.24752 187039
 0.24764 180497
 0.24776 175404
 0.24788 171289
 0.248 167823
 0.24812 164815
 0.24824 162162
 0.24836 159818
 0.24848 157795
 0.2486 156359
 0.24872 156028
 0.24884 157172
 0.24896 159819
 0.24908 163660
 0.2492 168274
 0.24932 173468
 0.24944 179132
 0.24956 184988
 0.24968 190547
 0.2498 195338
 0.24992 199105
 0.25004 201883
 0.25016 204066
 0.25028 205922
 0.2504 207525
 0.25052 209049
 0.25064 210678
 0.25076 212717
 0.25088 215668
 0.251 219868
 0.25112 225289
 0.25124 231736
 0.25136 239084
 0.25148 247253
 0.2516 256323
 0.25172 266276
 0.25184 276596
 0.25196 286763
 0.25208 296516
 0.2522 305498
 0.25232 313333
 0.25244 319465
 0.25256 323024
 0.25268 323251
 0.2528 319965
 0.25292 313151
 0.25304 302498
 0.25316 288054
 0.25328 270273
 0.2534 249885
 0.25352 228153
 0.25364 206182
 0.25376 184675
 0.25388 164140
 0.254 145332
 0.25412 128969
 0.25424 115321
 0.25436 104423
 0.25448 95887.9
 0.2546 89377.5
 0.25472 84813.8
 0.25484 82152.5
 0.25496 81267.7
 0.25508 81871.9
 0.2552 83837.1
 0.25532 87046.9
 0.25544 91399.4
 0.25556 96948.8
 0.25568 103626
 0.2558 111321
 0.25592 119927
 0.25604 129389
 0.25616 139441
 0.25628 149845
 0.2564 160526
 0.25652 171202
 0.25664 181349
 0.25676 190586
 0.25688 198719
 0.257 205726
 0.25712 211912
 0.25724 217737
 0.25736 223490
 0.25748 229560
 0.2576 236739
 0.25772 245832
 0.25784 257134
 0.25796 270333
 0.25808 284701
 0.2582 299131
 0.25832 312679
 0.25844 324363
 0.25856 333081
 0.25868 337360
 0.2588 336088
 0.25892 329162
 0.25904 317076
 0.25916 300820
 0.25928 281483
 0.2594 260191
 0.25952 238068
 0.25964 216581
 0.25976 197468
 0.25988 181653
 0.26 169460
 0.26012 160722
 0.26024 154937
 0.26036 151576
 0.26048 149928
 0.2606 149196
 0.26072 148259
 0.26084 146270
 0.26096 142746
 0.26108 137523
 0.2612 130838
 0.26132 122977
 0.26144 114410
 0.26156 105772
 0.26168 97693.4
 0.2618 90707.5
 0.26192 85227.5
 0.26204 81683.2
 0.26216 80223.5
 0.26228 80907.6
 0.2624 83693.7
 0.26252 88328.2
 0.26264 94414.3
 0.26276 101772
 0.26288 110322
 0.263 119782
 0.26312 129704
 0.26324 139659
 0.26336 149215
 0.26348 158054
 0.2636 166209
 0.26372 173482
 0.26384 179294
 0.26396 183041
 0.26408 184538
 0.2642 183773
 0.26432 180912
 0.26444 176145
 0.26456 169416
 0.26468 160712
 0.2648 150649
 0.26492 140118
 0.26504 130005
 0.26516 121076
 0.26528 114000
 0.2654 109344
 0.26552 107806
 0.26564 110295
 0.26576 117363
 0.26588 129273
 0.266 145989
 0.26612 167173
 0.26624 192172
 0.26636 220157
 0.26648 250002
 0.2666 280192
 0.26672 308971
 0.26684 334739
 0.26696 356195
 0.26708 372330
 0.2672 382612
 0.26732 387078
 0.26744 386216
 0.26756 380873
 0.26768 372271
 0.2678 361534
 0.26792 349315
 0.26804 336226
 0.26816 322822
 0.26828 309143
 0.2684 294789
 0.26852 279366
 0.26864 262420
 0.26876 243713
 0.26888 223712
 0.269 203067
 0.26912 182289
 0.26924 162005
 0.26936 143361
 0.26948 127343
 0.2696 114770
 0.26972 106508
 0.26984 102869
 0.26996 103945
 0.27008 109768
 0.2702 120387
 0.27032 135461
 0.27044 154372
 0.27056 176666
 0.27068 201206
 0.2708 226688
 0.27092 251728
 0.27104 274928
 0.27116 294894
 0.27128 310273
 0.2714 320118
 0.27152 323470
 0.27164 320166
 0.27176 310977
 0.27188 297004
 0.272 279664
 0.27212 260290
 0.27224 240370
 0.27236 221370
 0.27248 204807
 0.2726 191934
 0.27272 183137
 0.27284 178341
 0.27296 177057
 0.27308 178981
 0.2732 183740
 0.27332 190864
 0.27344 199654
 0.27356 209081
 0.27368 218214
 0.2738 226450
 0.27392 233490
 0.27404 238867
 0.27416 242056
 0.27428 242394
 0.2744 239315
 0.27452 232791
 0.27464 223340
 0.27476 211439
 0.27488 197428
 0.275 181770
 0.27512 165072
 0.27524 148342
 0.27536 132819
 0.27548 119434
 0.2756 108588
 0.27572 100604
 0.27584 95942.4
 0.27596 95088.6
 0.27608 98376.3
 0.2762 105547
 0.27632 115803
 0.27644 128394
 0.27656 142710
 0.27668 158079
 0.2768 173583
 0.27692 187997
 0.27704 200132
 0.27716 209271
 0.27728 215421
 0.2774 218732
 0.27752 219358
 0.27764 217513
 0.27776 213619
 0.27788 208576
 0.278 203268
 0.27812 198392
 0.27824 194147
 0.27836 190435
 0.27848 187198
 0.2786 184678
 0.27872 183110
 0.27884 182367
 0.27896 182102
 0.27908 182161
 0.2792 182540
 0.27932 183447
 0.27944 185100
 0.27956 187102
 0.27968 188797
 0.2798 189701
 0.27992 189846
 0.28004 189229
 0.28016 187637
 0.28028 184753
 0.2804 180198
 0.28052 174150
 0.28064 167304
 0.28076 160297
 0.28088 153354
 0.281 146553
 0.28112 140256
 0.28124 135212
 0.28136 132117
 0.28148 131396
 0.2816 132835
 0.28172 136248
 0.28184 141754
 0.28196 149547
 0.28208 159541
 0.2822 171098
 0.28232 183525
 0.28244 196337
 0.28256 209560
 0.28268 223221
 0.2828 236700
 0.28292 249119
 0.28304 259781
 0.28316 268371
 0.28328 274678
 0.2834 278307
 0.28352 278598
 0.28364 274750
 0.28376 266799
 0.28388 255409
 0.284 241305
 0.28412 225050
 0.28424 207284
 0.28436 188847
 0.28448 170634
 0.2846 153677
 0.28472 138638
 0.28484 125733
 0.28496 115161
 0.28508 107200
 0.2852 102050
 0.28532 99810.6
 0.28544 100627
 0.28556 104656
 0.28568 112054
 0.2858 122865
 0.28592 136794
 0.28604 153313
 0.28616 171933
 0.28628 192121
 0.2864 213012
 0.28652 233590
 0.28664 252760
 0.28676 269667
 0.28688 283779
 0.287 294942
 0.28712 302890
 0.28724 307216
 0.28736 307885
 0.28748 305199
 0.2876 299678
 0.28772 291791
 0.28784 282104
 0.28796 270961
 0.28808 258763
 0.2882 246213
 0.28832 233945
 0.28844 222279
 0.28856 211326
 0.28868 201137
 0.2888 191617
 0.28892 182625
 0.28904 174146
 0.28916 166038
 0.28928 158089
 0.2894 150355
 0.28952 143167
 0.28964 136959
 0.28976 132242
 0.28988 129586
 0.29 129501
 0.29012 132512
 0.29024 139254
 0.29036 150102
 0.29048 164930
 0.2906 183487
 0.29072 205384
 0.29084 230046
 0.29096 256771
 0.29108 284625
 0.2912 312346
 0.29132 338733
 0.29144 363095
 0.29156 384877
 0.29168 403345
 0.2918 417803
 0.29192 427802
 0.29204 433197
 0.29216 434157
 0.29228 430990
 0.2924 423814
 0.29252 412474
 0.29264 397147
 0.29276 378551
 0.29288 357311
 0.293 333916
 0.29312 308893
 0.29324 282972
 0.29336 256873
 0.29348 231631
 0.2936 208392
 0.29372 187792
 0.29384 170430
 0.29396 156935
 0.29408 147876
 0.2942 143321
 0.29432 143180
 0.29444 147213
 0.29456 154783
 0.29468 165509
 0.2948 179017
 0.29492 194807
 0.29504 212123
 0.29516 230316
 0.29528 248854
 0.2954 267224
 0.29552 285071
 0.29564 301633
 0.29576 315850
 0.29588 326745
 0.296 333881
 0.29612 337137
 0.29624 336553
 0.29636 332183
 0.29648 324123
 0.2966 313047
 0.29672 300363
 0.29684 287684
 0.29696 276141
 0.29708 266481
 0.2972 259133
 0.29732 254685
 0.29744 253804
 0.29756 256846
 0.29768 263244
 0.2978 271848
 0.29792 281553
 0.29804 291532
 0.29816 301295
 0.29828 310087
 0.2984 316836
 0.29852 320465
 0.29864 320472
 0.29876 317271
 0.29888 311697
 0.299 304499
 0.29912 296091
 0.29924 287076
 0.29936 278490
 0.29948 271457
 0.2996 266805
 0.29972 264540
 0.29984 264066
 0.29996 264649
 0.30008 265859
 0.3002 267205
 0.30032 267733
 0.30044 266341
 0.30056 262152
 0.30068 254871
 0.3008 244813
 0.30092 232739
 0.30104 219317
 0.30116 205263
 0.30128 191570
 0.3014 179561
 0.30152 170509
 0.30164 165456
 0.30176 164945
 0.30188 168696
 0.302 175970
 0.30212 185924
 0.30224 197582
 0.30236 209655
 0.30248 220657
 0.3026 229043
 0.30272 233405
 0.30284 233066
 0.30296 228356
 0.30308 219881
 0.3032 208523
 0.30332 195477
 0.30344 182163
 0.30356 170103
 0.30368 160924
 0.3038 155987
 0.30392 155781
 0.30404 160330
 0.30416 169112
 0.30428 180998
 0.3044 194665
 0.30452 208683
 0.30464 221574
 0.30476 231800
 0.30488 238209
 0.305 239944
 0.30512 236659
 0.30524 228789
 0.30536 217048
 0.30548 202343
 0.3056 185628
 0.30572 167933
 0.30584 150329
 0.30596 133883
 0.30608 119591
 0.3062 108056
 0.30632 99635.3
 0.30644 94472.4
 0.30656 92582.9
 0.30668 93944.2
 0.3068 98387.4
 0.30692 105537
 0.30704 114877
 0.30716 125789
 0.30728 137633
 0.3074 149875
 0.30752 162212
 0.30764 174299
 0.30776 185855
 0.30788 196703
 0.308 206701
 0.30812 215678
 0.30824 223619
 0.30836 230432
 0.30848 235653
 0.3086 238889
 0.30872 239872
 0.30884 238331
 0.30896 234038
 0.30908 227139
 0.3092 217938
 0.30932 206885
 0.30944 194882
 0.30956 182828
 0.30968 171218
 0.3098 160563
 0.30992 151584
 0.31004 144720
 0.31016 139897
 0.31028 136900
 0.3104 135391
 0.31052 135176
 0.31064 136640
 0.31076 140273
 0.31088 146108
 0.311 154124
 0.31112 164820
 0.31124 178808
 0.31136 196232
 0.31148 216518
 0.3116 238395
 0.31172 260410
 0.31184 281492
 0.31196 300741
 0.31208 316754
 0.3122 327905
 0.31232 333066
 0.31244 332046
 0.31256 325473
 0.31268 314175
 0.3128 298822
 0.31292 280003
 0.31304 258846
 0.31316 236997
 0.31328 216154
 0.3134 197690
 0.31352 182593
 0.31364 171623
 0.31376 165353
 0.31388 164353
 0.314 168819
 0.31412 178303
 0.31424 191787
 0.31436 207991
 0.31448 225306
 0.3146 242080
 0.31472 257031
 0.31484 268900
 0.31496 276520
 0.31508 279147
 0.3152 276789
 0.31532 269909
 0.31544 259515
 0.31556 246967
 0.31568 233520
 0.3158 220519
 0.31592 209335
 0.31604 201064
 0.31616 196287
 0.31628 195041
 0.3164 196997
 0.31652 201437
 0.31664 207452
 0.31676 213848
 0.31688 219400
 0.317 223190
 0.31712 224725
 0.31724 223810
 0.31736 220558
 0.31748 215311
 0.3176 208799
 0.31772 202312
 0.31784 197423
 0.31796 195543
 0.31808 197442
 0.3182 203663
 0.31832 214675
 0.31844 230678
 0.31856 251460
 0.31868 275785
 0.3188 301430
 0.31892 326014
 0.31904 347675
 0.31916 365187
 0.31928 377143
 0.3194 382158
 0.31952 379271
 0.31964 368413
 0.31976 351109
 0.31988 329333
 0.32 304875
 0.32012 278882
 0.32024 252455
 0.32036 227063
 0.32048 204040
 0.3206 184327
 0.32072 167745
 0.32084 153600
 0.32096 141236
 0.32108 130230
 0.3212 120505
 0.32132 111802
 0.32144 103700
 0.32156 95898.1
 0.32168 88520.7
 0.3218 81995.1
 0.32192 76826.9
 0.32204 73617.2
 0.32216 72613.8
 0.32228 73905.2
 0.3224 77656.2
 0.32252 83930.4
 0.32264 92577.4
 0.32276 103160
 0.32288 114964
 0.323 127030
 0.32312 138465
 0.32324 148614
 0.32336 156862
 0.32348 162754
 0.3236 165992
 0.32372 166590
 0.32384 164992
 0.32396 161799
 0.32408 157696
 0.3242 153238
 0.32432 148891
 0.32444 144960
 0.32456 141682
 0.32468 139117
 0.3248 136981
 0.32492 134951
 0.32504 132781
 0.32516 130379
 0.32528 127717
 0.3254 124958
 0.32552 122211
 0.32564 119627
 0.32576 117589
 0.32588 116452
 0.326 116403
 0.32612 117430
 0.32624 119416
 0.32636 122086
 0.32648 125226
 0.3266 128672
 0.32672 132084
 0.32684 135100
 0.32696 137610
 0.32708 139657
 0.3272 141480
 0.32732 143402
 0.32744 145882
 0.32756 149292
 0.32768 153948
 0.3278 160209
 0.32792 168202
 0.32804 177902
 0.32816 189189
 0.32828 201917
 0.3284 215601
 0.32852 229442
 0.32864 242961
 0.32876 255878
 0.32888 267963
 0.329 278911
 0.32912 288103
 0.32924 294677
 0.32936 297994
 0.32948 298127
 0.3296 295076
 0.32972 288486
 0.32984 277934
 0.32996 263349
 0.33008 245312
 0.3302 225075
 0.33032 204035
 0.33044 183221
 0.33056 163445
 0.33068 145738
 0.3308 131347
 0.33092 121289
 0.33104 116136
 0.33116 115895
 0.33128 120095
 0.3314 128085
 0.33152 139341
 0.33164 153245
 0.33176 168878
 0.33188 185263
 0.332 201380
 0.33212 216154
 0.33224 228822
 0.33236 239038
 0.33248 246472
 0.3326 250707
 0.33272 251570
 0.33284 249089
 0.33296 243670
 0.33308 236173
 0.3332 227602
 0.33332 218705
 0.33344 210149
 0.33356 202744
 0.33368 197270
 0.3338 194370
 0.33392 194217
 0.33404 196352
 0.33416 200042
 0.33428 204496
 0.3344 208940
 0.33452 212599
 0.33464 214730
 0.33476 214552
 0.33488 211613
 0.335 206069
 0.33512 198427
 0.33524 189291
 0.33536 179413
 0.33548 169595
 0.3356 160607
 0.33572 153262
 0.33584 148312
 0.33596 146163
 0.33608 146781
 0.3362 150206
 0.33632 156315
 0.33644 164724
 0.33656 174818
 0.33668 185821
 0.3368 196948
 0.33692 207520
 0.33704 217249
 0.33716 225682
 0.33728 232204
 0.3374 236414
 0.33752 238345
 0.33764 238350
 0.33776 236892
 0.33788 234412
 0.338 231225
 0.33812 227776
 0.33824 225059
 0.33836 224075
 0.33848 225447
 0.3386 229637
 0.33872 236755
 0.33884 246741
 0.33896 259345
 0.33908 274030
 0.3392 289513
 0.33932 304354
 0.33944 317366
 0.33956 327318
 0.33968 333145
 0.3398 334269
 0.33992 330424
 0.34004 321805
 0.34016 309297
 0.34028 294157
 0.3404 277576
 0.34052 260793
 0.34064 245351
 0.34076 232553
 0.34088 223360
 0.341 218191
 0.34112 216939
 0.34124 219134
 0.34136 224077
 0.34148 231041
 0.3416 239029
 0.34172 246679
 0.34184 252694
 0.34196 256307
 0.34208 257391
 0.3422 255968
 0.34232 252462
 0.34244 247299
 0.34256 240814
 0.34268 233702
 0.3428 227051
 0.34292 221751
 0.34304 218138
 0.34316 216278
 0.34328 215770
 0.3434 216208
 0.34352 217317
 0.34364 218804
 0.34376 220009
 0.34388 220133
 0.344 218441
 0.34412 214515
 0.34424 208519
 0.34436 200760
 0.34448 191554
 0.3446 181304
 0.34472 170636
 0.34484 160224
 0.34496 150968
 0.34508 143639
 0.3452 138655
 0.34532 136217
 0.34544 136544
 0.34556 139777
 0.34568 145710
 0.3458 154035
 0.34592 164269
 0.34604 175868
 0.34616 188408
 0.34628 201431
 0.3464 214327
 0.34652 226096
 0.34664 235812
 0.34676 242823
 0.34688 246726
 0.347 247310
 0.34712 244355
 0.34724 237729
 0.34736 227566
 0.34748 214680
 0.3476 200325
 0.34772 185738
 0.34784 171894
 0.34796 159592
 0.34808 149484
 0.3482 142205
 0.34832 138206
 0.34844 137402
 0.34856 139191
 0.34868 142712
 0.3488 147171
 0.34892 151794
 0.34904 155825
 0.34916 158550
 0.34928 159218
 0.3494 157348
 0.34952 152810
 0.34964 145734
 0.34976 136310
 0.34988 124832
 0.35 111794
 0.35012 97919.3
 0.35024 84106.7
 0.35036 71310.5
 0.35048 60398.7
 0.3506 52106.1
 0.35072 47105.8
 0.35084 45993.5
 0.35096 49085.9
 0.35108 56247.3
 0.3512 66999.1
 0.35132 80673
 0.35144 96358.6
 0.35156 113028
 0.35168 129713
 0.3518 145428
 0.35192 159450
 0.35204 171548
 0.35216 181921
 0.35228 190839
 0.3524 198804
 0.35252 206620
 0.35264 214925
 0.35276 224151
 0.35288 234551
 0.353 245812
 0.35312 257115
 0.35324 267588
 0.35336 276328
 0.35348 282096
 0.3536 283868
 0.35372 281122
 0.35384 273603
 0.35396 261427
 0.35408 245328
 0.3542 226296
 0.35432 205437
 0.35444 184239
 0.35456 164029
 0.35468 145823
 0.3548 130334
 0.35492 118213
 0.35504 109773
 0.35516 104934
 0.35528 103223
 0.3554 103788
 0.35552 105911
 0.35564 108959
 0.35576 112377
 0.35588 115596
 0.356 118061
 0.35612 119505
 0.35624 120155
 0.35636 120639
 0.35648 121506
 0.3566 123150
 0.35672 125978
 0.35684 130411
 0.35696 136873
 0.35708 145493
 0.3572 155921
 0.35732 167400
 0.35744 179027
 0.35756 189916
 0.35768 199243
 0.3578 206129
 0.35792 209745
 0.35804 209577
 0.35816 205644
 0.35828 198251
 0.3584 188012
 0.35852 175890
 0.35864 162959
 0.35876 150534
 0.35888 139887
 0.359 131960
 0.35912 127295
 0.35924 126290
 0.35936 129084
 0.35948 135389
 0.3596 144614
 0.35972 155607
 0.35984 167001
 0.35996 177783
 0.36008 187241
 0.3602 194734
 0.36032 199846
 0.36044 202409
 0.36056 202304
 0.36068 199933
 0.3608 196196
 0.36092 191953
 0.36104 187815
 0.36116 184376
 0.36128 181880
 0.3614 180339
 0.36152 180020
 0.36164 181147
 0.36176 183658
 0.36188 187152
 0.362 191207
 0.36212 195261
 0.36224 198982
 0.36236 202535
 0.36248 205971
 0.3626 209192
 0.36272 211986
 0.36284 214418
 0.36296 216724
 0.36308 219242
 0.3632 222398
 0.36332 226072
 0.36344 229931
 0.36356 233442
 0.36368 236235
 0.3638 237836
 0.36392 237801
 0.36404 235779
 0.36416 231276
 0.36428 224091
 0.3644 214270
 0.36452 202277
 0.36464 188694
 0.36476 174117
 0.36488 159101
 0.365 144055
 0.36512 129642
 0.36524 116527
 0.36536 105277
 0.36548 96279.4
 0.3656 89716.8
 0.36572 85787
 0.36584 84603.5
 0.36596 86229.5
 0.36608 90214.8
 0.3662 95868.7
 0.36632 102475
 0.36644 109327
 0.36656 115738
 0.36668 121073
 0.3668 124740
 0.36692 126375
 0.36704 126129
 0.36716 124628
 0.36728 122561
 0.3674 120525
 0.36752 119125
 0.36764 118716
 0.36776 119582
 0.36788 121878
 0.368 125447
 0.36812 129681
 0.36824 133750
 0.36836 136945
 0.36848 138667
 0.3686 138681
 0.36872 137085
 0.36884 134060
 0.36896 130002
 0.36908 125446
 0.3692 121204
 0.36932 118198
 0.36944 117184
 0.36956 118765
 0.36968 123075
 0.3698 130036
 0.36992 139388
 0.37004 150871
 0.37016 164242
 0.37028 179030
 0.3704 194755
 0.37052 210945
 0.37064 227250
 0.37076 243433
 0.37088 259237
 0.371 274369
 0.37112 288236
 0.37124 300201
 0.37136 309740
 0.37148 316343
 0.3716 319598
 0.37172 319293
 0.37184 315392
 0.37196 307959
 0.37208 297355
 0.3722 284180
 0.37232 269132
 0.37244 252899
 0.37256 236150
 0.37268 219312
 0.3728 202703
 0.37292 186701
 0.37304 171558
 0.37316 157420
 0.37328 144342
 0.3734 132346
 0.37352 121459
 0.37364 111840
 0.37376 103742
 0.37388 97336.4
 0.374 92798.2
 0.37412 90226.5
 0.37424 89642.9
 0.37436 91016.8
 0.37448 94359.8
 0.3746 99688
 0.37472 106908
 0.37484 115808
 0.37496 126102
 0.37508 137620
 0.3752 150312
 0.37532 164074
 0.37544 178777
 0.37556 193920
 0.37568 208902
 0.3758 223209
 0.37592 236376
 0.37604 247895
 0.37616 257040
 0.37628 263437
 0.3764 266583
 0.37652 266472
 0.37664 263565
 0.37676 258576
 0.37688 252364
 0.377 245826
 0.37712 240122
 0.37724 236145
 0.37736 234855
 0.37748 237177
 0.3776 243371
 0.37772 253235
 0.37784 266151
 0.37796 281303
 0.37808 297692
 0.3782 314243
 0.37832 329894
 0.37844 343350
 0.37856 353744
 0.37868 360401
 0.3788 362919
 0.37892 361261
 0.37904 355575
 0.37916 346348
 0.37928 334310
 0.3794 320177
 0.37952 304594
 0.37964 288298
 0.37976 272345
 0.37988 257696
 0.38 245050
 0.38012 234576
 0.38024 225887
 0.38036 218672
 0.38048 212713
 0.3806 207713
 0.38072 202956
 0.38084 197491
 0.38096 190475
 0.38108 181673
 0.3812 171413
 0.38132 160151
 0.38144 148083
 0.38156 135405
 0.38168 122468
 0.3818 109850
 0.38192 98151.9
 0.38204 87656.6
 0.38216 78278.4
 0.38228 69891.5
 0.3824 62615.9
 0.38252 56595
 0.38264 51889.2
 0.38276 48387.2
 0.38288 46018.2
 0.383 44808.6
 0.38312 44955.6
 0.38324 46628.2
 0.38336 49827
 0.38348 54579.7
 0.3836 61079.1
 0.38372 69663.5
 0.38384 80527.8
 0.38396 93664.4
 0.38408 108895
 0.3842 125769
 0.38432 143831
 0.38444 162591
 0.38456 181291
 0.38468 198980
 0.3848 214784
 0.38492 227996
 0.38504 238158
 0.38516 245285
 0.38528 249596
 0.3854 251205
 0.38552 250410
 0.38564 247697
 0.38576 243629
 0.38588 238956
 0.386 234257
 0.38612 229668
 0.38624 225060
 0.38636 220522
 0.38648 216114
 0.3866 211916
 0.38672 207997
 0.38684 204092
 0.38696 199907
 0.38708 195683
 0.3872 192030
 0.38732 189313
 0.38744 187912
 0.38756 188161
 0.38768 190215
 0.3878 194445
 0.38792 201382
 0.38804 210864
 0.38816 222229
 0.38828 234963
 0.3884 248693
 0.38852 262702
 0.38864 276266
 0.38876 288584
 0.38888 298636
 0.389 305885
 0.38912 310298
 0.38924 311688
 0.38936 309715
 0.38948 304605
 0.3896 297058
 0.38972 287843
 0.38984 277857
 0.38996 267798
 0.39008 258131
 0.3902 249576
 0.39032 242761
 0.39044 237809
 0.39056 234272
 0.39068 231671
 0.3908 229370
 0.39092 226849
 0.39104 223665
 0.39116 219213
 0.39128 213052
 0.3914 205134
 0.39152 195741
 0.39164 185216
 0.39176 174102
 0.39188 163148
 0.392 153066
 0.39212 144408
 0.39224 137637
 0.39236 133156
 0.39248 131266
 0.3926 132044
 0.39272 135233
 0.39284 140338
 0.39296 146781
 0.39308 154271
 0.3932 162640
 0.39332 171439
 0.39344 180144
 0.39356 188453
 0.39368 196543
 0.3938 204582
 0.39392 212663
 0.39404 220514
 0.39416 227646
 0.39428 233915
 0.3944 239294
 0.39452 243689
 0.39464 246635
 0.39476 247874
 0.39488 247408
 0.395 245728
 0.39512 243674
 0.39524 241932
 0.39536 240978
 0.39548 241215
 0.3956 243195
 0.39572 247343
 0.39584 253463
 0.39596 260998
 0.39608 268952
 0.3962 276334
 0.39632 282516
 0.39644 287006
 0.39656 289398
 0.39668 289094
 0.3968 286169
 0.39692 281294
 0.39704 275449
 0.39716 269735
 0.39728 264700
 0.3974 260689
 0.39752 257991
 0.39764 256974
 0.39776 257850
 0.39788 260056
 0.398 262625
 0.39812 264439
 0.39824 264941
 0.39836 263890
 0.39848 260806
 0.3986 255413
 0.39872 247406
 0.39884 236972
 0.39896 224811
 0.39908 211705
 0.3992 198127
 0.39932 184362
 0.39944 171196
 0.39956 159515
 0.39968 150161
 0.3998 143736
 0.39992 140469
 0.40004 140502
 0.40016 144077
 0.40028 151275
 0.4004 161591
 0.40052 173946
 0.40064 187101
 0.40076 199870
 0.40088 211281
 0.401 220558
 0.40112 227059
 0.40124 230385
 0.40136 230561
 0.40148 228032
 0.4016 223620
 0.40172 218243
 0.40184 212716
 0.40196 207487
 0.40208 202755
 0.4022 198571
 0.40232 194752
 0.40244 191242
 0.40256 187792
 0.40268 183871
 0.4028 178952
 0.40292 172963
 0.40304 166077
 0.40316 158459
 0.40328 150455
 0.4034 142259
 0.40352 133972
 0.40364 125955
 0.40376 118781
 0.40388 112793
 0.404 108140
 0.40412 105124
 0.40424 103997
 0.40436 104967
 0.40448 108369
 0.4046 114564
 0.40472 123793
 0.40484 136192
 0.40496 151741
 0.40508 170230
 0.4052 191297
 0.40532 214343
 0.40544 238524
 0.40556 262682
 0.40568 285318
 0.4058 304952
 0.40592 320328
 0.40604 330474
 0.40616 334738
 0.40628 333106
 0.4064 326094
 0.40652 314716
 0.40664 300531
 0.40676 285383
 0.40688 271287
 0.407 260091
 0.40712 252997
 0.40724 250374
 0.40736 251999
 0.40748 257118
 0.4076 264569
 0.40772 272890
 0.40784 280274
 0.40796 284890
 0.40808 285571
 0.4082 282099
 0.40832 274532
 0.40844 263324
 0.40856 249138
 0.40868 232825
 0.4088 215547
 0.40892 198559
 0.40904 182911
 0.40916 169076
 0.40928 157607
 0.4094 149090
 0.40952 143904
 0.40964 142227
 0.40976 143953
 0.40988 148824
 0.41 156251
 0.41012 165603
 0.41024 175993
 0.41036 186125
 0.41048 194839
 0.4106 201293
 0.41072 205014
 0.41084 205604
 0.41096 203086
 0.41108 197952
 0.4112 190770
 0.41132 182396
 0.41144 173817
 0.41156 165838
 0.41168 158985
 0.4118 153654
 0.41192 150127
 0.41204 148197
 0.41216 147706
 0.41228 148707
 0.4124 151219
 0.41252 155044
 0.41264 159887
 0.41276 165459
 0.41288 171576
 0.413 178287
 0.41312 185650
 0.41324 193246
 0.41336 200334
 0.41348 206387
 0.4136 211163
 0.41372 214684
 0.41384 216859
 0.41396 217487
 0.41408 216392
 0.4142 213960
 0.41432 210936
 0.41444 208165
 0.41456 206126
 0.41468 205141
 0.4148 205580
 0.41492 207906
 0.41504 212430
 0.41516 218842
 0.41528 226407
 0.4154 234301
 0.41552 242135
 0.41564 249855
 0.41576 257280
 0.41588 263916
 0.416 269516
 0.41612 274145
 0.41624 278517
 0.41636 283402
 0.41648 289219
 0.4166 295737
 0.41672 302668
 0.41684 310156
 0.41696 318188
 0.41708 326636
 0.4172 334883
 0.41732 341883
 0.41744 346670
 0.41756 348706
 0.41768 347572
 0.4178 342775
 0.41792 333920
 0.41804 320999
 0.41816 304257
 0.41828 284660
 0.4184 263394
 0.41852 241631
 0.41864 220616
 0.41876 201521
 0.41888 185160
 0.419 171936
 0.41912 161954
 0.41924 154881
 0.41936 150123
 0.41948 146971
 0.4196 144661
 0.41972 142458
 0.41984 140055
 0.41996 137296
 0.42008 134288
 0.4202 131214
 0.42032 128270
 0.42044 125739
 0.42056 123790
 0.42068 122505
 0.4208 121781
 0.42092 121585
 0.42104 121771
 0.42116 122155
 0.42128 122653
 0.4214 123164
 0.42152 123775
 0.42164 124764
 0.42176 126377
 0.42188 128717
 0.422 131963
 0.42212 136467
 0.42224 142477
 0.42236 150147
 0.42248 159377
 0.4226 169772
 0.42272 180959
 0.42284 192728
 0.42296 204676
 0.42308 216062
 0.4232 226237
 0.42332 234703
 0.42344 241253
 0.42356 245894
 0.42368 248655
 0.4238 249348
 0.42392 248011
 0.42404 245024
 0.42416 240725
 0.42428 235351
 0.4244 229029
 0.42452 221980
 0.42464 214592
 0.42476 207568
 0.42488 201573
 0.425 197066
 0.42512 194505
 0.42524 194404
 0.42536 197118
 0.42548 202670
 0.4256 210552
 0.42572 219905
 0.42584 229634
 0.42596 238670
 0.42608 246060
 0.4262 250968
 0.42632 252835
 0.42644 251449
 0.42656 247167
 0.42668 240538
 0.4268 232413
 0.42692 223655
 0.42704 215000
 0.42716 206819
 0.42728 199160
 0.4274 191843
 0.42752 184461
 0.42764 176631
 0.42776 168014
 0.42788 158337
 0.428 147593
 0.42812 136099
 0.42824 124627
 0.42836 114144
 0.42848 105674
 0.4286 100130
 0.42872 98182.1
 0.42884 100418
 0.42896 106915
 0.42908 117409
 0.4292 131204
 0.42932 147148
 0.42944 163863
 0.42956 179999
 0.42968 194301
 0.4298 205579
 0.42992 213037
 0.43004 216399
 0.43016 215587
 0.43028 210955
 0.4304 203380
 0.43052 193805
 0.43064 183183
 0.43076 172501
 0.43088 162513
 0.431 153488
 0.43112 145610
 0.43124 139100
 0.43136 133800
 0.43148 129474
 0.4316 125913
 0.43172 122773
 0.43184 119828
 0.43196 117208
 0.43208 115234
 0.4322 113952
 0.43232 113404
 0.43244 113572
 0.43256 114290
 0.43268 115449
 0.4328 117022
 0.43292 118710
 0.43304 120055
 0.43316 120760
 0.43328 120679
 0.4334 119775
 0.43352 118226
 0.43364 116217
 0.43376 113888
 0.43388 111614
 0.434 109926
 0.43412 109369
 0.43424 110372
 0.43436 113322
 0.43448 118472
 0.4346 126158
 0.43472 136554
 0.43484 149402
 0.43496 164022
 0.43508 179260
 0.4352 193936
 0.43532 206887
 0.43544 216987
 0.43556 223107
 0.43568 224353
 0.4358 220551
 0.43592 212070
 0.43604 200084
 0.43616 186089
 0.43628 171603
 0.4364 158185
 0.43652 147246
 0.43664 139753
 0.43676 135982
 0.43688 135789
 0.437 138630
 0.43712 143596
 0.43724 149565
 0.43736 155219
 0.43748 159286
 0.4376 161050
 0.43772 160368
 0.43784 157414
 0.43796 152515
 0.43808 145997
 0.4382 138480
 0.43832 130872
 0.43844 124242
 0.43856 119441
 0.43868 116998
 0.4388 117211
 0.43892 119878
 0.43904 124781
 0.43916 131689
 0.43928 140244
 0.4394 149996
 0.43952 160428
 0.43964 170953
 0.43976 180866
 0.43988 190022
 0.44 198638
 0.44012 206535
 0.44024 213410
 0.44036 218825
 0.44048 222244
 0.4406 223262
 0.44072 221885
 0.44084 218108
 0.44096 211669
 0.44108 202945
 0.4412 192726
 0.44132 181955
 0.44144 171857
 0.44156 163783
 0.44168 158711
 0.4418 157240
 0.44192 159690
 0.44204 165664
 0.44216 174247
 0.44228 184384
 0.4424 194834
 0.44252 204182
 0.44264 211122
 0.44276 214747
 0.44288 214562
 0.443 210825
 0.44312 204146
 0.44324 195219
 0.44336 184879
 0.44348 173858
 0.4436 162822
 0.44372 152255
 0.44384 142453
 0.44396 133286
 0.44408 124492
 0.4442 115881
 0.44432 107205
 0.44444 98345.2
 0.44456 89599.9
 0.44468 81405.3
 0.4448 74217.4
 0.44492 68565.9
 0.44504 64974.4
 0.44516 63741.9
 0.44528 65105.1
 0.4454 69321.1
 0.44552 76374
 0.44564 85942.2
 0.44576 97581.9
 0.44588 110769
 0.446 124950
 0.44612 139614
 0.44624 154317
 0.44636 168443
 0.44648 181160
 0.4466 191665
 0.44672 199313
 0.44684 203665
 0.44696 204392
 0.44708 201350
 0.4472 194563
 0.44732 184305
 0.44744 171211
 0.44756 156193
 0.44768 140209
 0.4478 124134
 0.44792 108783
 0.44804 94901.9
 0.44816 82995
 0.44828 73347.8
 0.4484 66090.8
 0.44852 61216.3
 0.44864 58655.1
 0.44876 58375.4
 0.44888 60300.4
 0.449 64180.3
 0.44912 69807.6
 0.44924 77033.5
 0.44936 85596.9
 0.44948 95128.6
 0.4496 105159
 0.44972 115027
 0.44984 123942
 0.44996 131259
 0.45008 136426
 0.4502 138932
 0.45032 138551
 0.45044 135377
 0.45056 129647
 0.45068 121841
 0.4508 112702
 0.45092 103112
 0.45104 93947.9
 0.45116 86119.4
 0.45128 80408.2
 0.4514 77110.4
 0.45152 76269.3
 0.45164 77808.9
 0.45176 81540.7
 0.45188 87176.1
 0.452 94363.5
 0.45212 102582
 0.45224 111252
 0.45236 120023
 0.45248 129094
 0.4526 138716
 0.45272 149054
 0.45284 160169
 0.45296 172014
 0.45308 184661
 0.4532 198028
 0.45332 211959
 0.45344 225807
 0.45356 238716
 0.45368 249958
 0.4538 258908
 0.45392 265074
 0.45404 267971
 0.45416 267485
 0.45428 263970
 0.4544 257935
 0.45452 250004
 0.45464 240761
 0.45476 230698
 0.45488 220245
 0.455 209914
 0.45512 199976
 0.45524 190190
 0.45536 180160
 0.45548 169800
 0.4556 159111
 0.45572 148272
 0.45584 137700
 0.45596 127729
 0.45608 118635
 0.4562 110934
 0.45632 105384
 0.45644 102400
 0.45656 102250
 0.45668 104981
 0.4568 110209
 0.45692 117326
 0.45704 125947
 0.45716 135523
 0.45728 145134
 0.4574 154019
 0.45752 161449
 0.45764 166822
 0.45776 169909
 0.45788 170941
 0.458 170150
 0.45812 167925
 0.45824 165149
 0.45836 162701
 0.45848 161186
 0.4586 161186
 0.45872 163091
 0.45884 167058
 0.45896 173014
 0.45908 180533
 0.4592 188813
 0.45932 196978
 0.45944 204594
 0.45956 211396
 0.45968 217114
 0.4598 221336
 0.45992 223481
 0.46004 223395
 0.46016 221289
 0.46028 217362
 0.4604 211573
 0.46052 203837
 0.46064 194276
 0.46076 183295
 0.46088 171918
 0.461 161195
 0.46112 151831
 0.46124 144451
 0.46136 139831
 0.46148 138414
 0.4616 140140
 0.46172 144667
 0.46184 151187
 0.46196 158526
 0.46208 165629
 0.4622 171617
 0.46232 175513
 0.46244 176692
 0.46256 175173
 0.46268 171175
 0.4628 164997
 0.46292 157223
 0.46304 148433
 0.46316 139079
 0.46328 129732
 0.4634 120865
 0.46352 112590
 0.46364 104990
 0.46376 98391.4
 0.46388 92989.2
 0.464 88958.6
 0.46412 86559.1
 0.46424 85918.9
 0.46436 87018.6
 0.46448 89823.2
 0.4646 94093.2
 0.46472 99288.8
 0.46484 104849
 0.46496 110248
 0.46508 114877
 0.4652 118234
 0.46532 119982
 0.46544 119968
 0.46556 118281
 0.46568 115151
 0.4658 110871
 0.46592 105802
 0.46604 100429
 0.46616 95251.9
 0.46628 90717.8
 0.4664 87181.2
 0.46652 84888
 0.46664 84095
 0.46676 85179.8
 0.46688 88368.9
 0.467 93698.8
 0.46712 101014
 0.46724 109978
 0.46736 120113
 0.46748 130957
 0.4676 142005
 0.46772 152508
 0.46784 161657
 0.46796 168707
 0.46808 173140
 0.4682 174778
 0.46832 173750
 0.46844 170202
 0.46856 164302
 0.46868 156352
 0.4688 146894
 0.46892 136670
 0.46904 126378
 0.46916 116508
 0.46928 107310
 0.4694 99097.1
 0.46952 92128.6
 0.46964 86645.2
 0.46976 82791.6
 0.46988 80538.5
 0.47 79716.2
 0.47012 80181.6
 0.47024 81847.8
 0.47036 84491.8
 0.47048 87933.1
 0.4706 92029.6
 0.47072 96495.6
 0.47084 100977
 0.47096 105259
 0.47108 109374
 0.4712 113435
 0.47132 117656
 0.47144 122248
 0.47156 127267
 0.47168 132984
 0.4718 139913
 0.47192 148664
 0.47204 159239
 0.47216 171101
 0.47228 183635
 0.4724 196179
 0.47252 208269
 0.47264 219348
 0.47276 228651
 0.47288 235009
 0.473 237567
 0.47312 236604
 0.47324 232659
 0.47336 226378
 0.47348 218312
 0.4736 209044
 0.47372 199329
 0.47384 190292
 0.47396 183318
 0.47408 178912
 0.4742 176977
 0.47432 177241
 0.47444 179483
 0.47456 183296
 0.47468 187984
 0.4748 192570
 0.47492 195805
 0.47504 196736
 0.47516 195032
 0.47528 190710
 0.4754 183791
 0.47552 174483
 0.47564 163430
 0.47576 151656
 0.47588 140282
 0.476 130318
 0.47612 122353
 0.47624 116571
 0.47636 112985
 0.47648 111465
 0.4766 111562
 0.47672 112426
 0.47684 113087
 0.47696 112686
 0.47708 110627
 0.4772 106593
 0.47732 100527
 0.47744 92580.8
 0.47756 83093.5
 0.47768 72673.2
 0.4778 62113.9
 0.47792 52135.1
 0.47804 43337.3
 0.47816 36181.3
 0.47828 30911.7
 0.4784 27559.5
 0.47852 25974.1
 0.47864 25833
 0.47876 26688.5
 0.47888 28082.4
 0.479 29586.1
 0.47912 30805.8
 0.47924 31449.7
 0.47936 31427.5
 0.47948 30831
 0.4796 29854.7
 0.47972 28696.5
 0.47984 27572.8
 0.47996 26703.5
 0.48008 26335.3
 0.4802 26733.9
 0.48032 28049.3
 0.48044 30168.2
 0.48056 32887.4
 0.48068 36108.9
 0.4808 39766.1
 0.48092 43809.5
 0.48104 48120.6
 0.48116 52436.9
 0.48128 56418.1
 0.4814 59975.9
 0.48152 63265.9
 0.48164 66293.6
 0.48176 69001.7
 0.48188 71238.8
 0.482 72890.6
 0.48212 74044.1
 0.48224 75014.2
 0.48236 76087.9
 0.48248 77165.8
 0.4826 78159.9
 0.48272 79095.2
 0.48284 80136.8
 0.48296 81544
 0.48308 83532.7
 0.4832 86165.7
 0.48332 89393.1
 0.48344 93425.6
 0.48356 98771.5
 0.48368 105685
 0.4838 114250
 0.48392 124360
 0.48404 135660
 0.48416 147724
 0.48428 160102
 0.4844 172231
 0.48452 183148
 0.48464 192091
 0.48476 198550
 0.48488 202179
 0.485 202896
 0.48512 200911
 0.48524 196556
 0.48536 190250
 0.48548 182675
 0.4856 174455
 0.48572 166010
 0.48584 157732
 0.48596 150044
 0.48608 143090
 0.4862 136819
 0.48632 131203
 0.48644 126121
 0.48656 121568
 0.48668 117844
 0.4868 115209
 0.48692 113781
 0.48704 113621
 0.48716 115075
 0.48728 118476
 0.4874 124179
 0.48752 132372
 0.48764 142529
 0.48776 153905
 0.48788 165727
 0.488 177353
 0.48812 188067
 0.48824 197086
 0.48836 203515
 0.48848 206511
 0.4886 206035
 0.48872 202597
 0.48884 196847
 0.48896 189587
 0.48908 181553
 0.4892 173434
 0.48932 165981
 0.48944 159976
 0.48956 155629
 0.48968 152665
 0.4898 150774
 0.48992 149366
 0.49004 147834
 0.49016 145651
 0.49028 142441
 0.4904 137922
 0.49052 132222
 0.49064 125815
 0.49076 119058
 0.49088 112506
 0.491 106787
 0.49112 102432
 0.49124 99902.5
 0.49136 99418
 0.49148 100937
 0.4916 104050
 0.49172 108434
 0.49184 113627
 0.49196 119120
 0.49208 124574
 0.4922 129510
 0.49232 133483
 0.49244 136234
 0.49256 137748
 0.49268 138082
 0.4928 137405
 0.49292 135788
 0.49304 133117
 0.49316 129379
 0.49328 124797
 0.4934 119505
 0.49352 113546
 0.49364 106857
 0.49376 99315
 0.49388 91006.6
 0.494 82254.8
 0.49412 73349.2
 0.49424 64500
 0.49436 55951.5
 0.49448 47970
 0.4946 40854.8
 0.49472 34924.9
 0.49484 30391.4
 0.49496 27262.5
 0.49508 25608.9
 0.4952 25388.7
 0.49532 26377.1
 0.49544 28330.5
 0.49556 31005.1
 0.49568 34157
 0.4958 37537.5
 0.49592 40875.2
 0.49604 43850.4
 0.49616 46220.7
 0.49628 47997.3
 0.4964 49224.5
 0.49652 49975.4
 0.49664 50346.6
 0.49676 50448.1
 0.49688 50536.5
 0.497 50912.2
 0.49712 51832.8
 0.49724 53388.1
 0.49736 55690.4
 0.49748 58834.5
 0.4976 62828.3
 0.49772 67700.5
 0.49784 73394.2
 0.49796 79726.6
 0.49808 86541.8
 0.4982 93740.5
 0.49832 101167
 0.49844 108575
 0.49856 115744
 0.49868 122371
 0.4988 128093
 0.49892 132728
 0.49904 136080
 0.49916 137978
 0.49928 138327
 0.4994 137088
 0.49952 134342
 0.49964 130346
 0.49976 125434
 0.49988 119802
 0.5 113634
 0.50012 107143
 0.50024 100468
 0.50036 93806.8
 0.50048 87331.3
 0.5006 81087
 0.50072 75156.1
 0.50084 69816.9
 0.50096 65455.7
 0.50108 62363.6
 0.5012 60836.9
 0.50132 61065.5
 0.50144 63147.3
 0.50156 67122.9
 0.50168 72823
 0.5018 79755.7
 0.50192 87220.2
 0.50204 94542.5
 0.50216 101104
 0.50228 106280
 0.5024 109514
 0.50252 110374
 0.50264 108782
 0.50276 105008
 0.50288 99599.4
 0.503 93194.7
 0.50312 86503
 0.50324 80420.1
 0.50336 75914.6
 0.50348 73819.6
 0.5036 74568.2
 0.50372 78331.8
 0.50384 85122.1
 0.50396 94772.9
 0.50408 106781
 0.5042 120255
 0.50432 134121
 0.50444 147369
 0.50456 159272
 0.50468 169353
 0.5048 177035
 0.50492 181840
 0.50504 183513
 0.50516 182352
 0.50528 178826
 0.5054 173436
 0.50552 166710
 0.50564 158963
 0.50576 150543
 0.50588 141793
 0.506 133158
 0.50612 124905
 0.50624 117150
 0.50636 109985
 0.50648 103352
 0.5066 97147.1
 0.50672 91496.6
 0.50684 86707.9
 0.50696 82953.6
 0.50708 80220.6
 0.5072 78474.1
 0.50732 77715.6
 0.50744 78008.4
 0.50756 79580.9
 0.50768 82468.3
 0.5078 86303.1
 0.50792 90757.2
 0.50804 95573.8
 0.50816 100640
 0.50828 105799
 0.5084 110848
 0.50852 115538
 0.50864 119697
 0.50876 123446
 0.50888 126876
 0.509 130041
 0.50912 132908
 0.50924 135369
 0.50936 137418
 0.50948 139087
 0.5096 140344
 0.50972 141106
 0.50984 141489
 0.50996 141732
 0.51008 142178
 0.5102 143305
 0.51032 145567
 0.51044 149092
 0.51056 153883
 0.51068 159795
 0.5108 166412
 0.51092 173143
 0.51104 179302
 0.51116 184102
 0.51128 186625
 0.5114 186342
 0.51152 183179
 0.51164 177374
 0.51176 169305
 0.51188 159481
 0.512 148447
 0.51212 136816
 0.51224 125372
 0.51236 114867
 0.51248 105587
 0.5126 97506.8
 0.51272 90592.3
 0.51284 84730
 0.51296 79770.4
 0.51308 75542.3
 0.5132 71758
 0.51332 68010
 0.51344 64109
 0.51356 60074.9
 0.51368 55926.6
 0.5138 51728.8
 0.51392 47639.4
 0.51404 43821.7
 0.51416 40467.8
 0.51428 37811.6
 0.5144 35984.7
 0.51452 34958.9
 0.51464 34657.8
 0.51476 34953
 0.51488 35645.4
 0.515 36545.9
 0.51512 37466.6
 0.51524 38220.1
 0.51536 38677.3
 0.51548 38793.8
 0.5156 38571.1
 0.51572 38107.3
 0.51584 37516.6
 0.51596 36837.2
 0.51608 36087.4
 0.5162 35285.4
 0.51632 34437.4
 0.51644 33583
 0.51656 32873.1
 0.51668 32410.2
 0.5168 32295.4
 0.51692 32687.5
 0.51704 33807.9
 0.51716 35911.9
 0.51728 39276
 0.5174 44116.6
 0.51752 50325.5
 0.51764 57663.8
 0.51776 65820
 0.51788 74520.6
 0.518 83499.6
 0.51812 92391.6
 0.51824 100761
 0.51836 108100
 0.51848 114209
 0.5186 119126
 0.51872 122937
 0.51884 125670
 0.51896 127123
 0.51908 127183
 0.5192 125831
 0.51932 123143
 0.51944 119203
 0.51956 113980
 0.51968 107549
 0.5198 100085
 0.51992 92158.1
 0.52004 84349.4
 0.52016 77147.8
 0.52028 71119.2
 0.5204 66732.4
 0.52052 64267.3
 0.52064 63770.4
 0.52076 65171.6
 0.52088 68052.4
 0.521 71862.6
 0.52112 76159.9
 0.52124 80315.3
 0.52136 83594.6
 0.52148 85498.1
 0.5216 85880.3
 0.52172 84668.6
 0.52184 81964.1
 0.52196 78042.2
 0.52208 73121.3
 0.5222 67543.3
 0.52232 61837.2
 0.52244 56435.3
 0.52256 51530
 0.52268 47286.5
 0.5228 43852.5
 0.52292 41265.7
 0.52304 39566.4
 0.52316 38781.3
 0.52328 38869.1
 0.5234 39910
 0.52352 41979.8
 0.52364 45027.4
 0.52376 48875.5
 0.52388 53365.7
 0.524 58367.6
 0.52412 63681.8
 0.52424 69043.2
 0.52436 73966.6
 0.52448 77978.7
 0.5246 80863.3
 0.52472 82619.8
 0.52484 83288.1
 0.52496 82827.1
 0.52508 81184.9
 0.5252 78423.4
 0.52532 74793.1
 0.52544 70669.1
 0.52556 66268.8
 0.52568 61705.6
 0.5258 57079.6
 0.52592 52612.8
 0.52604 48631.3
 0.52616 45457.6
 0.52628 43341
 0.5264 42461.7
 0.52652 43085.9
 0.52664 45445.1
 0.52676 49588.7
 0.52688 55438.6
 0.527 62826.5
 0.52712 71512.2
 0.52724 81270.5
 0.52736 91792.9
 0.52748 102493
 0.5276 112686
 0.52772 121947
 0.52784 129963
 0.52796 136496
 0.52808 141294
 0.5282 144099
 0.52832 144655
 0.52844 143100
 0.52856 139824
 0.52868 135160
 0.5288 129368
 0.52892 122719
 0.52904 115590
 0.52916 108406
 0.52928 101680
 0.5294 95738.2
 0.52952 90727.1
 0.52964 86749.3
 0.52976 84014.6
 0.52988 82618.8
 0.53 82537.7
 0.53012 83667.9
 0.53024 85766.5
 0.53036 88631.4
 0.53048 92107
 0.5306 95956.1
 0.53072 99721.6
 0.53084 102986
 0.53096 105440
 0.53108 106730
 0.5312 106674
 0.53132 105126
 0.53144 101931
 0.53156 97176.5
 0.53168 91193.2
 0.5318 84454.7
 0.53192 77378.9
 0.53204 70576
 0.53216 64686.6
 0.53228 60321.1
 0.5324 58085.7
 0.53252 58278.8
 0.53264 60967.9
 0.53276 66037.4
 0.53288 73308.6
 0.533 82392.4
 0.53312 92607.3
 0.53324 103077
 0.53336 112855
 0.53348 121205
 0.5336 127657
 0.53372 131866
 0.53384 133658
 0.53396 132944
 0.53408 129959
 0.5342 125291
 0.53432 119574
 0.53444 113435
 0.53456 107309
 0.53468 101540
 0.5348 96248.6
 0.53492 91563.3
 0.53504 87433.2
 0.53516 83631.7
 0.53528 80021.1
 0.5354 76506.2
 0.53552 73025.6
 0.53564 69558.3
 0.53576 66215.4
 0.53588 63127.7
 0.536 60501.7
 0.53612 58483.8
 0.53624 57026.6
 0.53636 55973
 0.53648 55209.4
 0.5366 54655.8
 0.53672 54215.9
 0.53684 53834.8
 0.53696 53459.5
 0.53708 53114.7
 0.5372 53070.1
 0.53732 53578.3
 0.53744 54772.3
 0.53756 56578.1
 0.53768 58904.1
 0.5378 61607.5
 0.53792 64410
 0.53804 66959.1
 0.53816 68750.6
 0.53828 69393.2
 0.5384 68619.3
 0.53852 66514
 0.53864 63249.5
 0.53876 58931.4
 0.53888 53760.4
 0.539 48095.2
 0.53912 42333.6
 0.53924 36794.1
 0.53936 31718.8
 0.53948 27148.9
 0.5396 22991.6
 0.53972 19242.7
 0.53984 15969.4
 0.53996 13118.8
 0.54008 10612.4
 0.5402 8392.73
 0.54032 6450.58
 0.54044 4860.98
 0.54056 3803.97
 0.54068 3464.5
 0.5408 3942.09
 0.54092 5347.78
 0.54104 7808.26
 0.54116 11450.1
 0.54128 16351.5
 0.5414 22420.7
 0.54152 29336.3
 0.54164 36626
 0.54176 43821
 0.54188 50484.6
 0.542 56181.7
 0.54212 60501
 0.54224 63116.7
 0.54236 63935.4
 0.54248 63214
 0.5426 61500.2
 0.54272 59427.8
 0.54284 57513.7
 0.54296 56260.4
 0.54308 56130.9
 0.5432 57363.1
 0.54332 59939.3
 0.54344 63557.7
 0.54356 67675.3
 0.54368 71558.5
 0.5438 74631.1
 0.54392 76409.5
 0.54404 76457.2
 0.54416 74597.5
 0.54428 70966.9
 0.5444 65918.9
 0.54452 59913.7
 0.54464 53595.5
 0.54476 47604.7
 0.54488 42423.5
 0.545 38390.5
 0.54512 35687.3
 0.54524 34265.9
 0.54536 33937.3
 0.54548 34436.7
 0.5456 35368
 0.54572 36268.9
 0.54584 36760.8
 0.54596 36669.5
 0.54608 35983.7
 0.5462 34798.1
 0.54632 33283.4
 0.54644 31656.7
 0.54656 30249.2
 0.54668 29366
 0.5468 29282.6
 0.54692 30185.8
 0.54704 32136.6
 0.54716 35106.2
 0.54728 38948.5
 0.5474 43442.1
 0.54752 48309.2
 0.54764 53331.3
 0.54776 58377.3
 0.54788 63255.7
 0.548 67798.8
 0.54812 71826.6
 0.54824 75212
 0.54836 77979.1
 0.54848 80180.2
 0.5486 81842.1
 0.54872 82889.9
 0.54884 83287
 0.54896 83015
 0.54908 82092.5
 0.5492 80691.4
 0.54932 78886.6
 0.54944 76710.3
 0.54956 74199.7
 0.54968 71440.9
 0.5498 68643.4
 0.54992 66077.8
 0.55004 64071.5
 0.55016 62839.1
 0.55028 62587
 0.5504 63580.5
 0.55052 66108.4
 0.55064 70435.2
 0.55076 76578.4
 0.55088 84315.8
 0.551 93321
 0.55112 102998
 0.55124 112740
 0.55136 121868
 0.55148 129585
 0.5516 135102
 0.55172 137859
 0.55184 137607
 0.55196 134159
 0.55208 127808
 0.5522 119136
 0.55232 108752
 0.55244 97456.8
 0.55256 86102.7
 0.55268 75363
 0.5528 65721.3
 0.55292 57686.3
 0.55304 51521.5
 0.55316 47045.5
 0.55328 44031.3
 0.5534 42143
 0.55352 40890.6
 0.55364 39925
 0.55376 39000.8
 0.55388 37811.1
 0.554 36069.6
 0.55412 33730.8
 0.55424 30843.6
 0.55436 27485.5
 0.55448 23884.9
 0.5546 20273.2
 0.55472 16797
 0.55484 13621.4
 0.55496 10924.9
 0.55508 8825.05
 0.5552 7368.63
 0.55532 6587.1
 0.55544 6402.55
 0.55556 6648.63
 0.55568 7190.53
 0.5558 7928.87
 0.55592 8803.73
 0.55604 9803.09
 0.55616 10968.5
 0.55628 12361
 0.5564 14120.1
 0.55652 16474.1
 0.55664 19645
 0.55676 23748
 0.55688 28765.2
 0.557 34527.9
 0.55712 40750.7
 0.55724 47081.6
 0.55736 53161.1
 0.55748 58594.2
 0.5576 62997.1
 0.55772 66113.2
 0.55784 67910.2
 0.55796 68569
 0.55808 68403.1
 0.5582 67857.9
 0.55832 67298.9
 0.55844 67019.8
 0.55856 67224.5
 0.55868 68048.5
 0.5588 69403.6
 0.55892 71002.6
 0.55904 72539.6
 0.55916 73626.3
 0.55928 73976.2
 0.5594 73430.8
 0.55952 72027
 0.55964 69890.6
 0.55976 67270
 0.55988 64515.9
 0.56 61919.1
 0.56012 59735.9
 0.56024 58185.1
 0.56036 57440.3
 0.56048 57527.7
 0.5606 58263.3
 0.56072 59342.4
 0.56084 60506.1
 0.56096 61592.4
 0.56108 62531.7
 0.5612 63255.1
 0.56132 63554.7
 0.56144 63139.7
 0.56156 61937
 0.56168 60090.4
 0.5618 57781.1
 0.56192 55125.4
 0.56204 52159.5
 0.56216 48913
 0.56228 45561.1
 0.5624 42575.4
 0.56252 40367.5
 0.56264 39178.9
 0.56276 39005.1
 0.56288 39649.5
 0.563 40915.2
 0.56312 42611.6
 0.56324 44509.3
 0.56336 46166.6
 0.56348 47080.8
 0.5636 46793.6
 0.56372 45055.1
 0.56384 42018.3
 0.56396 37955.9
 0.56408 33141.6
 0.5642 27863.6
 0.56432 22473.4
 0.56444 17361.2
 0.56456 12919.3
 0.56468 9502.56
 0.5648 7254.21
 0.56492 6192
 0.56504 6351.37
 0.56516 7761.52
 0.56528 10356.3
 0.5654 14049.8
 0.56552 18779.6
 0.56564 24445.1
 0.56576 30840.2
 0.56588 37669.3
 0.566 44561.3
 0.56612 51062.2
 0.56624 56829.4
 0.56636 61596.3
 0.56648 65010
 0.5666 66700.3
 0.56672 66485.6
 0.56684 64452
 0.56696 60863.6
 0.56708 56175
 0.5672 50831.5
 0.56732 45216
 0.56744 39846.1
 0.56756 35356.9
 0.56768 32303.4
 0.5678 31049.9
 0.56792 31677.6
 0.56804 33994.7
 0.56816 37735.7
 0.56828 42626.6
 0.5684 48182.3
 0.56852 53765.7
 0.56864 58737.2
 0.56876 62522.3
 0.56888 64768.6
 0.569 65463.8
 0.56912 64716.4
 0.56924 62673.6
 0.56936 59693.4
 0.56948 56281.6
 0.5696 52950.3
 0.56972 50171
 0.56984 48261.6
 0.56996 47337.2
 0.57008 47441.2
 0.5702 48536.3
 0.57032 50505.9
 0.57044 53152.3
 0.57056 56250.8
 0.57068 59585.4
 0.5708 63149.2
 0.57092 67023.9
 0.57104 71127.7
 0.57116 75348.4
 0.57128 79559.7
 0.5714 83570.3
 0.57152 87245.2
 0.57164 90540.6
 0.57176 93185.8
 0.57188 94678.3
 0.572 94728.3
 0.57212 93314
 0.57224 90479.6
 0.57236 86443.9
 0.57248 81406.5
 0.5726 75419.6
 0.57272 68596.8
 0.57284 61404.6
 0.57296 54316.6
 0.57308 47591.4
 0.5732 41398.7
 0.57332 35772.7
 0.57344 30720.2
 0.57356 26319.2
 0.57368 22766.3
 0.5738 20074.4
 0.57392 18136.8
 0.57404 16827.7
 0.57416 16054.5
 0.57428 15798.6
 0.5744 16101.2
 0.57452 16998.3
 0.57464 18439.2
 0.57476 20360.8
 0.57488 22706.6
 0.575 25482.1
 0.57512 28726.7
 0.57524 32379.7
 0.57536 36177.7
 0.57548 39811.3
 0.5756 42986.2
 0.57572 45429.1
 0.57584 46912.6
 0.57596 47279.1
 0.57608 46340.6
 0.5762 43977.3
 0.57632 40374.9
 0.57644 35868.1
 0.57656 30814.2
 0.57668 25586.6
 0.5768 20562.7
 0.57692 16072.3
 0.57704 12427.2
 0.57716 9926.39
 0.57728 8725.97
 0.5774 8853.97
 0.57752 10313.1
 0.57764 13068.7
 0.57776 17058.8
 0.57788 22113.5
 0.578 28062.8
 0.57812 34745.5
 0.57824 41993.2
 0.57836 49545.1
 0.57848 57108.5
 0.5786 64324.5
 0.57872 70817.4
 0.57884 76355.8
 0.57896 80747.8
 0.57908 83744.6
 0.5792 85109.5
 0.57932 84785.5
 0.57944 82814.3
 0.57956 79336
 0.57968 74634.7
 0.5798 68943.4
 0.57992 62461.4
 0.58004 55513.9
 0.58016 48438
 0.58028 41496.4
 0.5804 34848.3
 0.58052 28703
 0.58064 23141.4
 0.58076 18225.8
 0.58088 14024.4
 0.581 10507.2
 0.58112 7616.22
 0.58124 5301.52
 0.58136 3545.04
 0.58148 2267.15
 0.5816 1368.54
 0.58172 766.47
 0.58184 390.204
 0.58196 211.747
 0.58208 220.679
 0.5822 406.847
 0.58232 760.157
 0.58244 1282.37
 0.58256 2001.48
 0.58268 2948.97
 0.5828 4141.05
 0.58292 5528.6
 0.58304 7051.84
 0.58316 8661.46
 0.58328 10337.5
 0.5834 12077.6
 0.58352 13899.9
 0.58364 15824.5
 0.58376 17877.6
 0.58388 20144.6
 0.584 22703
 0.58412 25607.1
 0.58424 28801.4
 0.58436 32155.3
 0.58448 35444.5
 0.5846 38424.9
 0.58472 40872
 0.58484 42549.8
 0.58496 43283.5
 0.58508 42942.7
 0.5852 41514.5
 0.58532 39150.2
 0.58544 36152.4
 0.58556 32900.2
 0.58568 29705.4
 0.5858 26838.1
 0.58592 24538.1
 0.58604 23018.2
 0.58616 22492.2
 0.58628 23060.4
 0.5864 24634.5
 0.58652 27018
 0.58664 30074.4
 0.58676 33767.9
 0.58688 38038.4
 0.587 42715.8
 0.58712 47506
 0.58724 51964.5
 0.58736 55788.5
 0.58748 58794.3
 0.5876 60784.7
 0.58772 61483.9
 0.58784 60644.8
 0.58796 58269.9
 0.58808 54541.6
 0.5882 49968.5
 0.58832 45188.6
 0.58844 40782.7
 0.58856 37327
 0.58868 35415.1
 0.5888 35610.9
 0.58892 38125.1
 0.58904 42932.6
 0.58916 49792.5
 0.58928 58112.2
 0.5894 67077.6
 0.58952 75850.4
 0.58964 83591.9
 0.58976 89475.3
 0.58988 92979.8
 0.59 93938.3
 0.59012 92269.6
 0.59024 88108.1
 0.59036 81979.3
 0.59048 74544.1
 0.5906 66489
 0.59072 58505.7
 0.59084 51181
 0.59096 44815.7
 0.59108 39583.6
 0.5912 35614.4
 0.59132 32887.6
 0.59144 31218.4
 0.59156 30324.2
 0.59168 29872.4
 0.5918 29539.7
 0.59192 29098.8
 0.59204 28489.1
 0.59216 27731.8
 0.59228 26802.6
 0.5924 25719.3
 0.59252 24628.7
 0.59264 23811.6
 0.59276 23557.5
 0.59288 24113.4
 0.593 25489.3
 0.59312 27549.4
 0.59324 30169.6
 0.59336 33256
 0.59348 36620.1
 0.5936 39898.1
 0.59372 42723.4
 0.59384 44750.2
 0.59396 45883.4
 0.59408 46247
 0.5942 45979.6
 0.59432 45181.2
 0.59444 43920.9
 0.59456 42453.2
 0.59468 40994.8
 0.5948 39724.2
 0.59492 38719.8
 0.59504 37870.8
 0.59516 37043.4
 0.59528 36124
 0.5954 35133.7
 0.59552 33985.1
 0.59564 32573.9
 0.59576 30892.4
 0.59588 28948
 0.596 26800.1
 0.59612 24540
 0.59624 22269
 0.59636 20015.4
 0.59648 17804.3
 0.5966 15775.5
 0.59672 14001.1
 0.59684 12547.7
 0.59696 11512.7
 0.59708 10988.4
 0.5972 11035.1
 0.59732 11767.6
 0.59744 13359.5
 0.59756 15934
 0.59768 19611
 0.5978 24544.5
 0.59792 30798.7
 0.59804 38366.2
 0.59816 47231.9
 0.59828 57228.7
 0.5984 67981.7
 0.59852 78979.2
 0.59864 89676.9
 0.59876 99432.1
 0.59888 107617
 0.599 113759
 0.59912 117411
 0.59924 118307
 0.59936 116509
 0.59948 112336
 0.5996 106237
 0.59972 98743.8
 0.59984 90521.6
 0.59996 82052.7
 0.60008 73805.1
 0.6002 66177.8
 0.60032 59362.9
 0.60044 53385.6
 0.60056 48158.1
 0.60068 43577.1
 0.6008 39453.8
 0.60092 35735.1
 0.60104 32456.2
 0.60116 29664.1
 0.60128 27448.1
 0.6014 25890
 0.60152 25026.2
 0.60164 24857.8
 0.60176 25308.1
 0.60188 26220.7
 0.602 27344.4
 0.60212 28392.8
 0.60224 29125.9
 0.60236 29358.5
 0.60248 29056.2
 0.6026 28241.2
 0.60272 27082.9
 0.60284 25824.5
 0.60296 24756.5
 0.60308 24188.9
 0.6032 24265.5
 0.60332 25010.5
 0.60344 26356.8
 0.60356 28181.7
 0.60368 30287.8
 0.6038 32405.3
 0.60392 34213.8
 0.60404 35328.5
 0.60416 35528.2
 0.60428 34850.8
 0.6044 33371.2
 0.60452 31185.1
 0.60464 28400.3
 0.60476 25148.7
 0.60488 21608.6
 0.605 18106.6
 0.60512 14950.2
 0.60524 12246.3
 0.60536 10052.9
 0.60548 8454.39
 0.6056 7589.38
 0.60572 7618.51
 0.60584 8682.92
 0.60596 10756.4
 0.60608 13754
 0.6062 17649.1
 0.60632 22501.8
 0.60644 28354.5
 0.60656 35046.4
 0.60668 42271.1
 0.6068 49713.1
 0.60692 57171.1
 0.60704 64502.5
 0.60716 71520.6
 0.60728 77870.6
 0.6074 83008.5
 0.60752 86609.6
 0.60764 88649
 0.60776 89180.9
 0.60788 88226.2
 0.608 85764.5
 0.60812 81811.9
 0.60824 76515.7
 0.60836 70404.4
 0.60848 64005.5
 0.6086 57620.5
 0.60872 51388.7
 0.60884 45419.5
 0.60896 39834
 0.60908 34781.3
 0.6092 30412.3
 0.60932 26641.5
 0.60944 23254.6
 0.60956 20086.4
 0.60968 17090.1
 0.6098 14306
 0.60992 11778.6
 0.61004 9515.97
 0.61016 7470.63
 0.61028 5633.3
 0.6104 4049.24
 0.61052 2769.64
 0.61064 1816.26
 0.61076 1142.5
 0.61088 713.684
 0.611 514.845
 0.61112 587.919
 0.61124 1018.17
 0.61136 1905.61
 0.61148 3350.35
 0.6116 5455.2
 0.61172 8334.33
 0.61184 12028.7
 0.61196 16521.1
 0.61208 21696.9
 0.6122 27326.8
 0.61232 33116.7
 0.61244 38795
 0.61256 44103.3
 0.61268 48810.8
 0.6128 52772.5
 0.61292 55965
 0.61304 58461.1
 0.61316 60448.8
 0.61328 62127.8
 0.6134 63622.4
 0.61352 64985.3
 0.61364 66182.1
 0.61376 67107
 0.61388 67569
 0.614 67329.6
 0.61412 66094.2
 0.61424 63730.8
 0.61436 60227.2
 0.61448 55716.7
 0.6146 50428.3
 0.61472 44695.1
 0.61484 38824.8
 0.61496 33134.2
 0.61508 27949.2
 0.6152 23456.6
 0.61532 19715.8
 0.61544 16676.2
 0.61556 14232.5
 0.61568 12199.9
 0.6158 10466.5
 0.61592 8946.89
 0.61604 7556.48
 0.61616 6239.27
 0.61628 4988.36
 0.6164 3824.61
 0.61652 2786.74
 0.61664 1931.76
 0.61676 1292.82
 0.61688 881.937
 0.617 712.278
 0.61712 818.757
 0.61724 1255.33
 0.61736 2078.34
 0.61748 3383.81
 0.6176 5338.1
 0.61772 8097.9
 0.61784 11740.1
 0.61796 16332.1
 0.61808 21920.8
 0.6182 28466.8
 0.61832 35916.4
 0.61844 44142.3
 0.61856 52765.2
 0.61868 61276.6
 0.6188 69302.2
 0.61892 76521.5
 0.61904 82567.4
 0.61916 87145.1
 0.61928 90053.4
 0.6194 91132.2
 0.61952 90465.4
 0.61964 88409.8
 0.61976 85306
 0.61988 81425.2
 0.62 77082.5
 0.62012 72669.3
 0.62024 68352.8
 0.62036 64232
 0.62048 60354.2
 0.6206 56654.8
 0.62072 53004
 0.62084 49301
 0.62096 45452.6
 0.62108 41280.3
 0.6212 36806.4
 0.62132 32239.8
 0.62144 27783.3
 0.62156 23580.8
 0.62168 19782.5
 0.6218 16529.6
 0.62192 13901.4
 0.62204 11975.8
 0.62216 10755.1
 0.62228 10062.9
 0.6224 9705.91
 0.62252 9534.61
 0.62264 9439.54
 0.62276 9317.91
 0.62288 9142.15
 0.623 8949.36
 0.62312 8814.27
 0.62324 8868.04
 0.62336 9260.22
 0.62348 10132.5
 0.6236 11532.4
 0.62372 13503.9
 0.62384 16076.5
 0.62396 19216.1
 0.62408 22798.4
 0.6242 26645.2
 0.62432 30574.7
 0.62444 34350.7
 0.62456 37809.9
 0.62468 40842.7
 0.6248 43265.7
 0.62492 44900.9
 0.62504 45657.1
 0.62516 45568.4
 0.62528 44679.7
 0.6254 43090.2
 0.62552 40976.1
 0.62564 38419
 0.62576 35559.8
 0.62588 32584
 0.626 29674.3
 0.62612 26946.9
 0.62624 24521.8
 0.62636 22511.2
 0.62648 20950.9
 0.6266 19936.3
 0.62672 19666.2
 0.62684 20320.5
 0.62696 22033.1
 0.62708 24835.8
 0.6272 28695.5
 0.62732 33553.5
 0.62744 39371.7
 0.62756 45996.1
 0.62768 53058.6
 0.6278 60068.6
 0.62792 66555.9
 0.62804 72242.7
 0.62816 76918.3
 0.62828 80379.1
 0.6284 82341.7
 0.62852 82636.4
 0.62864 81334.7
 0.62876 78714.3
 0.62888 75091
 0.629 70639.4
 0.62912 65440.9
 0.62924 59667
 0.62936 53633
 0.62948 47659.9
 0.6296 41918.9
 0.62972 36463.2
 0.62984 31293.5
 0.62996 26458.6
 0.63008 22157.3
 0.6302 18511.6
 0.63032 15550
 0.63044 13258.7
 0.63056 11654.3
 0.63068 10742.4
 0.6308 10493.6
 0.63092 10868.9
 0.63104 11744.7
 0.63116 12970.7
 0.63128 14409.4
 0.6314 15871.5
 0.63152 17151.6
 0.63164 18078.4
 0.63176 18591.4
 0.63188 18652.9
 0.632 18238.9
 0.63212 17347.6
 0.63224 15987
 0.63236 14261
 0.63248 12336.1
 0.6326 10372
 0.63272 8461.1
 0.63284 6659.38
 0.63296 5022.73
 0.63308 3606.95
 0.6332 2467.22
 0.63332 1617.68
 0.63344 1010.12
 0.63356 609.547
 0.63368 402.887
 0.6338 392.121
 0.63392 580.203
 0.63404 970.087
 0.63416 1564.73
 0.63428 2371.67
 0.6344 3415.81
 0.63452 4676.33
 0.63464 6077.32
 0.63476 7564.4
 0.63488 9086.67
 0.635 10593.2
 0.63512 12033.1
 0.63524 13364.9
 0.63536 14578.9
 0.63548 15723.2
 0.6356 16999.1
 0.63572 18552.8
 0.63584 20492.6
 0.63596 22926.8
 0.63608 25963.5
 0.6362 29698.8
 0.63632 34113.8
 0.63644 39096.5
 0.63656 44303.7
 0.63668 49313.8
 0.6368 53794.9
 0.63692 57419
 0.63704 59858.4
 0.63716 60788
 0.63728 60000.5
 0.6374 57451.8
 0.63752 53286.3
 0.63764 47911.4
 0.63776 41720.6
 0.63788 35094.3
 0.638 28412.8
 0.63812 22056.6
 0.63824 16368.1
 0.63836 11574.1
 0.63848 7832.31
 0.6386 5110.67
 0.63872 3293.1
 0.63884 2269.55
 0.63896 1947.56
 0.63908 2243.57
 0.6392 3077.17
 0.63932 4377.45
 0.63944 6018.51
 0.63956 7896.51
 0.63968 9948.45
 0.6398 12115.7
 0.63992 14290.5
 0.64004 16304.9
 0.64016 17987.4
 0.64028 19180.3
 0.6404 19844.2
 0.64052 20007.3
 0.64064 19699
 0.64076 18948.5
 0.64088 17821.9
 0.641 16498.6
 0.64112 15179.3
 0.64124 14057.4
 0.64136 13214.4
 0.64148 12625.8
 0.6416 12261
 0.64172 12089.4
 0.64184 12073
 0.64196 12121.3
 0.64208 12125.5
 0.6422 11978.5
 0.64232 11647.5
 0.64244 11216.2
 0.64256 10780.8
 0.64268 10455.7
 0.6428 10376.9
 0.64292 10664.3
 0.64304 11379.3
 0.64316 12573.2
 0.64328 14275.7
 0.6434 16438.3
 0.64352 18995.3
 0.64364 21844.5
 0.64376 24774.7
 0.64388 27561.6
 0.644 30038.4
 0.64412 32066.2
 0.64424 33507.8
 0.64436 34255.7
 0.64448 34234.7
 0.6446 33391.1
 0.64472 31835.6
 0.64484 29780.1
 0.64496 27468
 0.64508 25156.4
 0.6452 23102.3
 0.64532 21542.3
 0.64544 20615.1
 0.64556 20426.6
 0.64568 20993.3
 0.6458 22147.5
 0.64592 23654.6
 0.64604 25224.8
 0.64616 26562.3
 0.64628 27379.3
 0.6464 27507.8
 0.64652 26876
 0.64664 25446.8
 0.64676 23331
 0.64688 20745.9
 0.647 17933.2
 0.64712 15141.1
 0.64724 12617.6
 0.64736 10562.2
 0.64748 9083.61
 0.6476 8241.94
 0.64772 8016.61
 0.64784 8293.83
 0.64796 8948.45
 0.64808 9855.31
 0.6482 10889.3
 0.64832 11930.2
 0.64844 12880.8
 0.64856 13650.8
 0.64868 14198.2
 0.6488 14513.7
 0.64892 14600.8
 0.64904 14483
 0.64916 14188.8
 0.64928 13746.6
 0.6494 13185.2
 0.64952 12560.9
 0.64964 11961.9
 0.64976 11470.4
 0.64988 11162.7
 0.65 11047.9
 0.65012 11090.1
 0.65024 11252.8
 0.65036 11499.5
 0.65048 11784.3
 0.6506 12021.1
 0.65072 12130.4
 0.65084 12036.1
 0.65096 11734.1
 0.65108 11344.2
 0.6512 10999.4
 0.65132 10833
 0.65144 10978.5
 0.65156 11560.6
 0.65168 12615.4
 0.6518 14162.4
 0.65192 16213.1
 0.65204 18622.9
 0.65216 21186.9
 0.65228 23699.3
 0.6524 25954.8
 0.65252 27756.8
 0.65264 29033.3
 0.65276 29783.4
 0.65288 29919.5
 0.653 29428.8
 0.65312 28411.3
 0.65324 26974
 0.65336 25240.1
 0.65348 23359.2
 0.6536 21451.2
 0.65372 19558.1
 0.65384 17829
 0.65396 16466.1
 0.65408 15588.1
 0.6542 15297.3
 0.65432 15664.5
 0.65444 16650.1
 0.65456 18124.4
 0.65468 19945.2
 0.6548 21928.4
 0.65492 23811
 0.65504 25342.3
 0.65516 26281.4
 0.65528 26403.6
 0.6554 25625.8
 0.65552 24018.5
 0.65564 21747.6
 0.65576 18990
 0.65588 15945.3
 0.656 12819.7
 0.65612 9819.04
 0.65624 7147.65
 0.65636 4945.44
 0.65648 3243.82
 0.6566 1988.79
 0.65672 1111.7
 0.65684 543.889
 0.65696 216.688
 0.65708 62.8337
 0.6572 28.9288
 0.65732 77.4297
 0.65744 198.42
 0.65756 405.899
 0.65768 723.092
 0.6578 1173.29
 0.65792 1779.77
 0.65804 2564.98
 0.65816 3514.1
 0.65828 4561
 0.6584 5635.83
 0.65852 6668.71
 0.65864 7589.79
 0.65876 8329.22
 0.65888 8817.12
 0.659 8983.65
 0.65912 8790.23
 0.65924 8313.67
 0.65936 7669.99
 0.65948 7002.95
 0.6596 6460.14
 0.65972 6191.36
 0.65984 6371.41
 0.65996 7190.66
 0.66008 8829.03
 0.6602 11337.3
 0.66032 14660.6
 0.66044 18628.3
 0.66056 23027.3
 0.66068 27644.8
 0.6608 32224.9
 0.66092 36428.3
 0.66104 39908.9
 0.66116 42397.2
 0.66128 43765.4
 0.6614 44029.8
 0.66152 43331.7
 0.66164 41845.1
 0.66176 39766
 0.66188 37400
 0.662 35088
 0.66212 33154.3
 0.66224 31860.7
 0.66236 31412.1
 0.66248 31900.2
 0.6626 33321.4
 0.66272 35579.1
 0.66284 38538.2
 0.66296 42039.2
 0.66308 45924.5
 0.6632 49985.1
 0.66332 53916.7
 0.66344 57433.3
 0.66356 60319.8
 0.66368 62536.4
 0.6638 64040.8
 0.66392 64715.5
 0.66404 64415.1
 0.66416 63039.8
 0.66428 60691.6
 0.6644 57555.2
 0.66452 53833.8
 0.66464 49630.1
 0.66476 45069.4
 0.66488 40433.2
 0.665 36092.4
 0.66512 32412.1
 0.66524 29639.1
 0.66536 27850.2
 0.66548 26983
 0.6656 26937.9
 0.66572 27613.7
 0.66584 28783.9
 0.66596 30126.6
 0.66608 31310.1
 0.6662 32021.8
 0.66632 32066.3
 0.66644 31455.6
 0.66656 30336.8
 0.66668 28791.8
 0.6668 26920.9
 0.66692 24886.3
 0.66704 22866
 0.66716 21038.8
 0.66728 19579.4
 0.6674 18560.8
 0.66752 17937.9
 0.66764 17744.5
 0.66776 18086.7
 0.66788 19029.3
 0.668 20598
 0.66812 22817.1
 0.66824 25662.4
 0.66836 29017.3
 0.66848 32782.9
 0.6686 36828.7
 0.66872 40945.5
 0.66884 44880.6
 0.66896 48368.3
 0.66908 51143
 0.6692 52968.1
 0.66932 53784.9
 0.66944 53602.6
 0.66956 52435.8
 0.66968 50321.6
 0.6698 47359.2
 0.66992 43800.5
 0.67004 39936.8
 0.67016 36055.1
 0.67028 32351.5
 0.6704 28937.7
 0.67052 25921.8
 0.67064 23411.9
 0.67076 21506.1
 0.67088 20188.5
 0.671 19350.8
 0.67112 18881.5
 0.67124 18681.6
 0.67136 18681.1
 0.67148 18814.1
 0.6716 19014.7
 0.67172 19214.7
 0.67184 19334.5
 0.67196 19340.5
 0.67208 19210.1
 0.6722 18920.6
 0.67232 18449.6
 0.67244 17774.5
 0.67256 16872.6
 0.67268 15724.1
 0.6728 14374.8
 0.67292 12962.1
 0.67304 11625.9
 0.67316 10506.3
 0.67328 9743.24
 0.6734 9476.67
 0.67352 9846.58
 0.67364 10991.3
 0.67376 12966.7
 0.67388 15590.3
 0.674 18599.6
 0.67412 21755.2
 0.67424 24827.2
 0.67436 27585.8
 0.67448 29801.2
 0.6746 31244.5
 0.67472 31751.1
 0.67484 31429.5
 0.67496 30566.4
 0.67508 29389.5
 0.6752 28056.4
 0.67532 26721.1
 0.67544 25538
 0.67556 24661.1
 0.67568 24203.9
 0.6758 24105
 0.67592 24142.4
 0.67604 24130.7
 0.67616 24049.8
 0.67628 23910.5
 0.6764 23723.6
 0.67652 23499.7
 0.67664 23264.5
 0.67676 23106.5
 0.67688 23154.7
 0.677 23535.7
 0.67712 24209.9
 0.67724 25050
 0.67736 25938.3
 0.67748 26757.3
 0.6776 27387.3
 0.67772 27742.5
 0.67784 27851.1
 0.67796 27765.6
 0.67808 27647.1
 0.6782 27774
 0.67832 28367
 0.67844 29640.4
 0.67856 31808.3
 0.67868 35039.6
 0.6788 39197.8
 0.67892 44010.8
 0.67904 49095.6
 0.67916 53926.6
 0.67928 58089.6
 0.6794 61214.3
 0.67952 62930.3
 0.67964 62879.1
 0.67976 60979.9
 0.67988 57458.9
 0.68 52641.2
 0.68012 47037.3
 0.68024 41088.3
 0.68036 35126.4
 0.68048 29475.4
 0.6806 24465.8
 0.68072 20357.1
 0.68084 17160.4
 0.68096 14820.5
 0.68108 13160.6
 0.6812 11990.9
 0.68132 11234.3
 0.68144 10848.7
 0.68156 10782.5
 0.68168 10917.2
 0.6818 11159.9
 0.68192 11447.2
 0.68204 11739.8
 0.68216 12016.4
 0.68228 12208
 0.6824 12202.8
 0.68252 11890.3
 0.68264 11240.4
 0.68276 10314
 0.68288 9176.57
 0.683 7893.77
 0.68312 6531.23
 0.68324 5161.55
 0.68336 3872.26
 0.68348 2753
 0.6836 1878.62
 0.68372 1268.05
 0.68384 954.675
 0.68396 1014.42
 0.68408 1541.23
 0.6842 2629.42
 0.68432 4373.32
 0.68444 6867.25
 0.68456 10184.4
 0.68468 14322.1
 0.6848 19202
 0.68492 24578.2
 0.68504 30088.8
 0.68516 35362.1
 0.68528 40045.1
 0.6854 43803.7
 0.68552 46314.8
 0.68564 47384
 0.68576 46955.7
 0.68588 45197.5
 0.686 42504.8
 0.68612 39323.3
 0.68624 36067.9
 0.68636 33081.8
 0.68648 30697
 0.6866 29183.6
 0.68672 28647
 0.68684 29064.5
 0.68696 30249.8
 0.68708 31944.8
 0.6872 33898.1
 0.68732 35899.4
 0.68744 37750.6
 0.68756 39269.5
 0.68768 40399
 0.6878 41124.8
 0.68792 41417.9
 0.68804 41277.4
 0.68816 40705.6
 0.68828 39748
 0.6884 38505.4
 0.68852 37071.6
 0.68864 35428.2
 0.68876 33512.7
 0.68888 31388.4
 0.689 29132
 0.68912 26820.3
 0.68924 24499.2
 0.68936 22127.4
 0.68948 19650.9
 0.6896 17108.9
 0.68972 14647.1
 0.68984 12342.7
 0.68996 10249.4
 0.69008 8420.67
 0.6902 6913.83
 0.69032 5820.8
 0.69044 5264.02
 0.69056 5337.66
 0.69068 6040.91
 0.6908 7297.34
 0.69092 8995.26
 0.69104 11022.6
 0.69116 13267.2
 0.69128 15605.6
 0.6914 17841
 0.69152 19750.2
 0.69164 21133
 0.69176 21880.3
 0.69188 22003.6
 0.692 21524.3
 0.69212 20476.3
 0.69224 18912.6
 0.69236 16970.4
 0.69248 14867.3
 0.6926 12824.2
 0.69272 11037
 0.69284 9607.05
 0.69296 8613.36
 0.69308 8111.06
 0.6932 8078.06
 0.69332 8446.18
 0.69344 9086.27
 0.69356 9874.88
 0.69368 10691.7
 0.6938 11437
 0.69392 12023.9
 0.69404 12377.2
 0.69416 12527.8
 0.69428 12566.2
 0.6944 12580.1
 0.69452 12587.2
 0.69464 12587.5
 0.69476 12581.1
 0.69488 12568.3
 0.695 12547.7
 0.69512 12469.8
 0.69524 12222.1
 0.69536 11698.4
 0.69548 10895.2
 0.6956 9871.32
 0.69572 8703.39
 0.69584 7478.99
 0.69596 6285.92
 0.69608 5217.91
 0.6962 4387.98
 0.69632 3912.1
 0.69644 3860.51
 0.69656 4237.92
 0.69668 5000.6
 0.6968 6036.57
 0.69692 7227.86
 0.69704 8458.22
 0.69716 9630.62
 0.69728 10660.1
 0.6974 11467.4
 0.69752 11992.4
 0.69764 12208.8
 0.69776 12208.6
 0.69788 12114.1
 0.698 12059.3
 0.69812 12148.1
 0.69824 12410.5
 0.69836 12869.9
 0.69848 13550.2
 0.6986 14469
 0.69872 15576.6
 0.69884 16779
 0.69896 17958.6
 0.69908 18950
 0.6992 19738.6
 0.69932 20380.1
 0.69944 20936.1
 0.69956 21487.7
 0.69968 22154.6
 0.6998 23075.6
 0.69992 24414.6
 0.70004 26463.7
 0.70016 29391.4
 0.70028 33141.3
 0.7004 37596.4
 0.70052 42615.3
 0.70064 47949.7
 0.70076 53322.8
 0.70088 58437
 0.701 62824.4
 0.70112 66026.1
 0.70124 67869.2
 0.70136 68343
 0.70148 67443.7
 0.7016 65240.2
 0.70172 61871.9
 0.70184 57487.3
 0.70196 52381.5
 0.70208 46964.8
 0.7022 41492.2
 0.70232 36071.7
 0.70244 30814.8
 0.70256 25884.8
 0.70268 21434.9
 0.7028 17612.7
 0.70292 14512.4
 0.70304 12112
 0.70316 10405.2
 0.70328 9443.77
 0.7034 9279.2
 0.70352 9871.08
 0.70364 11114.1
 0.70376 12898.9
 0.70388 15121.2
 0.704 17707.3
 0.70412 20595.1
 0.70424 23700.2
 0.70436 26799.2
 0.70448 29700.9
 0.7046 32257.2
 0.70472 34328.6
 0.70484 35787
 0.70496 36532.2
 0.70508 36492.7
 0.7052 35616.2
 0.70532 34039.7
 0.70544 32071.3
 0.70556 30002.4
 0.70568 28124.3
 0.7058 26711.2
 0.70592 25932.2
 0.70604 25871.6
 0.70616 26566.5
 0.70628 28008.2
 0.7064 29993.1
 0.70652 32304.7
 0.70664 34755.9
 0.70676 37168.3
 0.70688 39483
 0.707 41754.4
 0.70712 44064.4
 0.70724 46415.3
 0.70736 48835
 0.70748 51359.3
 0.7076 53922.7
 0.70772 56428.1
 0.70784 58733.1
 0.70796 60609.8
 0.70808 61880.5
 0.7082 62441
 0.70832 62252.9
 0.70844 61277.2
 0.70856 59534.9
 0.70868 57116.5
 0.7088 54118.9
 0.70892 50661.7
 0.70904 46816.8
 0.70916 42668.8
 0.70928 38289.5
 0.7094 33747.9
 0.70952 29154
 0.70964 24622.3
 0.70976 20262.1
 0.70988 16182.8
 0.71 12504
 0.71012 9313.65
 0.71024 6637.08
 0.71036 4498.96
 0.71048 2893.94
 0.7106 1746.64
 0.71072 973.411
 0.71084 490.564
 0.71096 214.428
 0.71108 69.8694
 0.7112 11.4219
 0.71132 8.20728
 0.71144 73.3686
 0.71156 279.135
 0.71168 713.021
 0.7118 1472.26
 0.71192 2681.96
 0.71204 4472.18
 0.71216 6973.04
 0.71228 10304.4
 0.7124 14465.6
 0.71252 19282.1
 0.71264 24533.8
 0.71276 29987.4
 0.71288 35303.4
 0.713 40091.9
 0.71312 43962.7
 0.71324 46527.7
 0.71336 47508.1
 0.71348 46898.2
 0.7136 44828.2
 0.71372 41453.9
 0.71384 37084.4
 0.71396 32192.9
 0.71408 27278.2
 0.7142 22869.5
 0.71432 19467.1
 0.71444 17409.8
 0.71456 16923.2
 0.71468 18204.1
 0.7148 21267.6
 0.71492 25861
 0.71504 31641.2
 0.71516 38138.6
 0.71528 44842
 0.7154 51270.1
 0.71552 56923.4
 0.71564 61221.8
 0.71576 63746
 0.71588 64377
 0.716 63164.7
 0.71612 60321.9
 0.71624 56218.5
 0.71636 51234
 0.71648 45789.6
 0.7166 40505
 0.71672 35995.4
 0.71684 32639.6
 0.71696 30601.1
 0.71708 29952.4
 0.7172 30540.7
 0.71732 32143
 0.71744 34527.5
 0.71756 37305.5
 0.71768 39931.5
 0.7178 41945.5
 0.71792 43089
 0.71804 43151.9
 0.71816 42064.9
 0.71828 39913
 0.7184 36811.5
 0.71852 32935.6
 0.71864 28648.7
 0.71876 24344.8
 0.71888 20313.3
 0.719 16795.9
 0.71912 13998.2
 0.71924 12009
 0.71936 10842.4
 0.71948 10464.4
 0.7196 10748
 0.71972 11505.9
 0.71984 12568.2
 0.71996 13786.3
 0.72008 15015.5
 0.7202 16134.8
 0.72032 17041.4
 0.72044 17686.8
 0.72056 18045
 0.72068 18113.7
 0.7208 17892.6
 0.72092 17391.3
 0.72104 16640.3
 0.72116 15672.9
 0.72128 14559.6
 0.7214 13404.8
 0.72152 12306.4
 0.72164 11362.2
 0.72176 10681.7
 0.72188 10378.1
 0.722 10479.1
 0.72212 10982.4
 0.72224 11871.9
 0.72236 13065.1
 0.72248 14462.9
 0.7226 15966.4
 0.72272 17457.1
 0.72284 18733.9
 0.72296 19673.6
 0.72308 20241.7
 0.7232 20407.2
 0.72332 20155.8
 0.72344 19487.5
 0.72356 18402.6
 0.72368 16909.6
 0.7238 15130.3
 0.72392 13252.1
 0.72404 11393.3
 0.72416 9661.91
 0.72428 8168.79
 0.7244 7054.39
 0.72452 6495.97
 0.72464 6696.33
 0.72476 7811.66
 0.72488 9847.7
 0.725 12745.8
 0.72512 16481.2
 0.72524 21041.4
 0.72536 26358.5
 0.72548 32226.6
 0.7256 38303.3
 0.72572 44226
 0.72584 49713
 0.72596 54646.3
 0.72608 58839.6
 0.7262 62020.4
 0.72632 63900
 0.72644 64338.4
 0.72656 63414.5
 0.72668 61319.1
 0.7268 58251.5
 0.72692 54308.5
 0.72704 49631.2
 0.72716 44591.4
 0.72728 39652.4
 0.7274 35291.4
 0.72752 31855.2
 0.72764 29545.7
 0.72776 28447.3
 0.72788 28644.7
 0.728 30212.9
 0.72812 32935.8
 0.72824 36375.4
 0.72836 40014.9
 0.72848 43341.3
 0.7286 45897.2
 0.72872 47393
 0.72884 47616.6
 0.72896 46381.5
 0.72908 43674.6
 0.7292 39837.8
 0.72932 35281
 0.72944 30430.7
 0.72956 25730.3
 0.72968 21561.7
 0.7298 18216.8
 0.72992 15910.4
 0.73004 14760.4
 0.73016 14658.8
 0.73028 15407.4
 0.7304 16807.9
 0.73052 18625
 0.73064 20563
 0.73076 22346.9
 0.73088 23770.8
 0.731 24760
 0.73112 25298.1
 0.73124 25409.7
 0.73136 25121.2
 0.73148 24475.5
 0.7316 23581.1
 0.73172 22556.5
 0.73184 21510.2
 0.73196 20478.1
 0.73208 19468.6
 0.7322 18490.1
 0.73232 17551.2
 0.73244 16658.3
 0.73256 15825.5
 0.73268 15104.3
 0.7328 14540.2
 0.73292 14120.6
 0.73304 13815.6
 0.73316 13595.9
 0.73328 13431.8
 0.7334 13293.8
 0.73352 13145.3
 0.73364 12911.1
 0.73376 12512.3
 0.73388 11978.3
 0.734 11438.5
 0.73412 11026.8
 0.73424 10876.9
 0.73436 11122.6
 0.73448 11887.1
 0.7346 13217.9
 0.73472 15128.7
 0.73484 17539.4
 0.73496 20209.3
 0.73508 22892.7
 0.7352 25363.7
 0.73532 27398.4
 0.73544 28776.4
 0.73556 29381.5
 0.73568 29210.4
 0.7358 28315
 0.73592 26936.4
 0.73604 25353.9
 0.73616 23756.4
 0.73628 22309.3
 0.7364 21177.8
 0.73652 20490.9
 0.73664 20286.8
 0.73676 20631.9
 0.73688 21488
 0.737 22670.2
 0.73712 24090.9
 0.73724 25740.1
 0.73736 27609
 0.73748 29692.2
 0.7376 32001.5
 0.73772 34400.6
 0.73784 36626.4
 0.73796 38598.1
 0.73808 40265.4
 0.7382 41499.1
 0.73832 42162.9
 0.73844 42120.8
 0.73856 41236.6
 0.73868 39502.8
 0.7388 37230.6
 0.73892 34637
 0.73904 31817
 0.73916 28890.6
 0.73928 26011.4
 0.7394 23357.6
 0.73952 21129.4
 0.73964 19496.7
 0.73976 18415.6
 0.73988 17836.3
 0.74 17846.8
 0.74012 18564.1
 0.74024 20015.8
 0.74036 22135.4
 0.74048 24745.5
 0.7406 27650.3
 0.74072 30694.4
 0.74084 33739.4
 0.74096 36577
 0.74108 38912.9
 0.7412 40485.7
 0.74132 41186.8
 0.74144 41075.7
 0.74156 40287
 0.74168 38974.2
 0.7418 37313.2
 0.74192 35458.5
 0.74204 33576.7
 0.74216 31954.1
 0.74228 30782
 0.7424 30152.8
 0.74252 30072.7
 0.74264 30504.8
 0.74276 31305.5
 0.74288 32337.6
 0.743 33549.9
 0.74312 34744.4
 0.74324 35712.1
 0.74336 36299
 0.74348 36410.5
 0.7436 35991
 0.74372 35139
 0.74384 34031.2
 0.74396 32822.1
 0.74408 31772.4
 0.7442 31199.3
 0.74432 31310.3
 0.74444 32188.5
 0.74456 33824.2
 0.74468 36151.8
 0.7448 39014.3
 0.74492 42144.9
 0.74504 45175.4
 0.74516 47673
 0.74528 49319.4
 0.7454 49981.9
 0.74552 49706.2
 0.74564 48505.3
 0.74576 46363.6
 0.74588 43392.7
 0.746 39846.2
 0.74612 36009
 0.74624 32137.3
 0.74636 28399.6
 0.74648 24877
 0.7466 21709.9
 0.74672 19197.8
 0.74684 17613.2
 0.74696 17138.1
 0.74708 17967.3
 0.7472 20315.7
 0.74732 24368.6
 0.74744 30258.6
 0.74756 37956.6
 0.74768 47180.1
 0.7478 57595.2
 0.74792 68847.7
 0.74804 80441.6
 0.74816 91804.6
 0.74828 102280
 0.7484 111191
 0.74852 118017
 0.74864 122530
 0.74876 124612
 0.74888 124172
 0.749 121332
 0.74912 116348
 0.74924 109668
 0.74936 101867
 0.74948 93510.9
 0.7496 84991.4
 0.74972 76583.2
 0.74984 68551.7
 0.74996 61064.4
 0.75008 54161.9
 0.7502 47782.4
 0.75032 41791.1
 0.75044 36158.1
 0.75056 30933.8
 0.75068 26209
 0.7508 22081
 0.75092 18659.2
 0.75104 16091.4
 0.75116 14545.1
 0.75128 14186.9
 0.7514 14928.2
 0.75152 16486.7
 0.75164 18569.2
 0.75176 20882.8
 0.75188 23134.4
 0.752 25030.8
 0.75212 26279
 0.75224 26592.5
 0.75236 25845.3
 0.75248 24196.9
 0.7526 21854.5
 0.75272 19025.4
 0.75284 15916.8
 0.75296 12735.9
 0.75308 9689.84
 0.7532 6985.84
 0.75332 4793.76
 0.75344 3115.96
 0.75356 1884.57
 0.75368 1046.06
 0.7538 590.559
 0.75392 528.293
 0.75404 870.071
 0.75416 1626.71
 0.75428 2811.91
 0.7544 4472.85
 0.75452 6687.46
 0.75464 9510.39
 0.75476 12853.2
 0.75488 16521.2
 0.755 20309.7
 0.75512 24014.1
 0.75524 27429.7
 0.75536 30351.9
 0.75548 32576
 0.7556 33908.3
 0.75572 34301.5
 0.75584 33867.6
 0.75596 32764.9
 0.75608 31169.8
 0.7562 29260.1
 0.75632 27237.6
 0.75644 25324.9
 0.75656 23748.1
 0.75668 22707.9
 0.7568 22349.8
 0.75692 22780.9
 0.75704 24006.5
 0.75716 26024.9
 0.75728 28813.5
 0.7574 32271.9
 0.75752 36293.5
 0.75764 40691.1
 0.75776 45177.4
 0.75788 49436.6
 0.758 53311.2
 0.75812 56691.9
 0.75824 59407.8
 0.75836 61302.9
 0.75848 62201.5
 0.7586 61990.8
 0.75872 60754.6
 0.75884 58651.2
 0.75896 55769.8
 0.75908 52128.7
 0.7592 47819.3
 0.75932 43104.9
 0.75944 38367.6
 0.75956 33994.7
 0.75968 30259.3
 0.7598 27336.1
 0.75992 25336.7
 0.76004 24393.2
 0.76016 24619.1
 0.76028 25932.5
 0.7604 28037.5
 0.76052 30594.5
 0.76064 33274.3
 0.76076 35728.4
 0.76088 37729.8
 0.761 39092.4
 0.76112 39631.5
 0.76124 39242.8
 0.76136 38029.9
 0.76148 36147.7
 0.7616 33754.2
 0.76172 31095.8
 0.76184 28406.9
 0.76196 25807.3
 0.76208 23412.1
 0.7622 21343.5
 0.76232 19625.7
 0.76244 18232.3
 0.76256 17136.4
 0.76268 16279.2
 0.7628 15541
 0.76292 14928.9
 0.76304 14483.2
 0.76316 14183.1
 0.76328 13972.8
 0.7634 13816.6
 0.76352 13680.1
 0.76364 13531.4
 0.76376 13357.9
 0.76388 13088.6
 0.764 12602.5
 0.76412 11831.4
 0.76424 10827.8
 0.76436 9676.9
 0.76448 8466
 0.7646 7282.62
 0.76472 6214.38
 0.76484 5359.97
 0.76496 4837.04
 0.76508 4750.94
 0.7652 5115.29
 0.76532 5840.49
 0.76544 6809.05
 0.76556 7903.44
 0.76568 9006.13
 0.7658 9999.58
 0.76592 10766.4
 0.76604 11200.5
 0.76616 11235.1
 0.76628 10906.4
 0.7664 10330.6
 0.76652 9626.93
 0.76664 8914.68
 0.76676 8313.05
 0.76688 7941.27
 0.767 7906.04
 0.76712 8256.72
 0.76724 8993.31
 0.76736 10045
 0.76748 11356.9
 0.7676 12889
 0.76772 14601.3
 0.76784 16454.7
 0.76796 18432.3
 0.76808 20554.8
 0.7682 22853.9
 0.76832 25378.8
 0.76844 28116.4
 0.76856 30972.7
 0.76868 33869.7
 0.7688 36732.1
 0.76892 39440.5
 0.76904 41800.3
 0.76916 43675.1
 0.76928 44941.5
 0.7694 45549.9
 0.76952 45611.2
 0.76964 45167
 0.76976 44230.4
 0.76988 42837.9
 0.77 41174.9
 0.77012 39424.7
 0.77024 37771.6
 0.77036 36348.6
 0.77048 35118.4
 0.7706 34114.4
 0.77072 33462.9
 0.77084 33288.5
 0.77096 33636.2
 0.77108 34456.8
 0.7712 35591.9
 0.77132 36813.9
 0.77144 38043.1
 0.77156 39208.1
 0.77168 40145.3
 0.7718 40682.2
 0.77192 40661.8
 0.77204 40001.3
 0.77216 38811.1
 0.77228 37392.3
 0.7724 36007.6
 0.77252 34800.7
 0.77264 33937.3
 0.77276 33589.9
 0.77288 33926.9
 0.773 35026.3
 0.77312 36748.9
 0.77324 38738.2
 0.77336 40588.7
 0.77348 42054.9
 0.7736 42921.7
 0.77372 42973.7
 0.77384 41996.4
 0.77396 39848.6
 0.77408 36613.5
 0.7742 32601
 0.77432 28193
 0.77444 23686.7
 0.77456 19330
 0.77468 15370.9
 0.7748 12057.2
 0.77492 9620.82
 0.77504 8195.74
 0.77516 7770.76
 0.77528 8193.72
 0.7754 9296.41
 0.77552 10947.8
 0.77564 13042.6
 0.77576 15484
 0.77588 18201.1
 0.776 21079.9
 0.77612 23959.7
 0.77624 26800.7
 0.77636 29660.1
 0.77648 32569.4
 0.7766 35444.8
 0.77672 38167.5
 0.77684 40527
 0.77696 42304.5
 0.77708 43447.1
 0.7772 43895.5
 0.77732 43502.1
 0.77744 42121
 0.77756 39756.1
 0.77768 36506.4
 0.7778 32559.7
 0.77792 28234.6
 0.77804 23760.1
 0.77816 19332.1
 0.77828 15180.5
 0.7784 11542.5
 0.77852 8590.44
 0.77864 6398.39
 0.77876 5006.88
 0.77888 4348.27
 0.779 4343.67
 0.77912 4896.86
 0.77924 5847
 0.77936 7045.3
 0.77948 8357.16
 0.7796 9676.7
 0.77972 10906.8
 0.77984 11973.5
 0.77996 12818.2
 0.78008 13408.1
 0.7802 13823.3
 0.78032 14117.4
 0.78044 14291.7
 0.78056 14346.1
 0.78068 14280.2
 0.7808 14093.7
 0.78092 13790.3
 0.78104 13394.3
 0.78116 12893
 0.78128 12297.7
 0.7814 11729.2
 0.78152 11322.4
 0.78164 11212.1
 0.78176 11533.1
 0.78188 12416.5
 0.782 13918.1
 0.78212 15997.3
 0.78224 18515.1
 0.78236 21240.3
 0.78248 23915
 0.7826 26281.1
 0.78272 28080.4
 0.78284 29055.3
 0.78296 29011.3
 0.78308 27918.2
 0.7832 25927.1
 0.78332 23290.5
 0.78344 20275.4
 0.78356 17149
 0.78368 14179
 0.7838 11632.5
 0.78392 9774.72
 0.78404 8826.97
 0.78416 8892.37
 0.78428 9899.06
 0.7844 11781.9
 0.78452 14491.2
 0.78464 17977.5
 0.78476 22191.1
 0.78488 27066.2
 0.785 32368.4
 0.78512 37761.8
 0.78524 43092.2
 0.78536 48201
 0.78548 52828.3
 0.7856 56707
 0.78572 59583.3
 0.78584 61256.4
 0.78596 61724.3
 0.78608 61280.9
 0.7862 60090.6
 0.78632 58271.6
 0.78644 56125.4
 0.78656 53992.3
 0.78668 52194.1
 0.7868 50893.8
 0.78692 50050.3
 0.78704 49394.3
 0.78716 48732.1
 0.78728 47970.4
 0.7874 46907.1
 0.78752 45278.1
 0.78764 42828.4
 0.78776 39498.3
 0.78788 35548.7
 0.788 31353
 0.78812 27253.2
 0.78824 23497.2
 0.78836 20346.1
 0.78848 18086.2
 0.7886 17003.7
 0.78872 17232.1
 0.78884 18529.7
 0.78896 20539
 0.78908 22909.9
 0.7892 25343.3
 0.78932 27563.3
 0.78944 29306.4
 0.78956 30336.7
 0.78968 30492.7
 0.7898 29949.9
 0.78992 29018.1
 0.79004 28010.4
 0.79016 27199.4
 0.79028 26787.5
 0.7904 26965.2
 0.79052 27837.3
 0.79064 29456.4
 0.79076 31712.4
 0.79088 34368.4
 0.791 37182.7
 0.79112 39930.9
 0.79124 42439.4
 0.79136 44521.1
 0.79148 46007.8
 0.7916 46826.6
 0.79172 46957
 0.79184 46425.8
 0.79196 45266.7
 0.79208 43530.2
 0.7922 41316.6
 0.79232 38798.2
 0.79244 36233.3
 0.79256 33858.7
 0.79268 31798
 0.7928 30147
 0.79292 29001.6
 0.79304 28420.6
 0.79316 28367
 0.79328 28739.7
 0.7934 29392.6
 0.79352 30122
 0.79364 30880.4
 0.79376 31717.1
 0.79388 32683.4
 0.794 33850.6
 0.79412 35360.8
 0.79424 37293.1
 0.79436 39657.1
 0.79448 42475.1
 0.7946 45619.1
 0.79472 48803.2
 0.79484 51732
 0.79496 54106.6
 0.79508 55615.2
 0.7952 56081.7
 0.79532 55450.6
 0.79544 53694.3
 0.79556 50907.3
 0.79568 47374
 0.7958 43428.3
 0.79592 39413.6
 0.79604 35669.3
 0.79616 32442.4
 0.79628 29928
 0.7964 28334
 0.79652 27765.1
 0.79664 28191
 0.79676 29462.8
 0.79688 31391.5
 0.797 33824.7
 0.79712 36645.7
 0.79724 39740.5
 0.79736 42882.4
 0.79748 45902.1
 0.7976 48697.7
 0.79772 51289.6
 0.79784 53763.3
 0.79796 56065.2
 0.79808 58037.7
 0.7982 59519.1
 0.79832 60431.7
 0.79844 60794.9
 0.79856 60599.4
 0.79868 59738.8
 0.7988 58032
 0.79892 55494.5
 0.79904 52377.4
 0.79916 48982
 0.79928 45593
 0.7994 42391.8
 0.79952 39525.2
 0.79964 37174.2
 0.79976 35626.9
 0.79988 35086.1
