 0.2 5532.63
 0.20012 5530.29
 0.20024 5527.92
 0.20036 5525.53
 0.20048 5523.12
 0.2006 5520.68
 0.20072 5518.22
 0.20084 5515.74
 0.20096 5513.23
 0.20108 5510.71
 0.2012 5508.16
 0.20132 5505.59
 0.20144 5503
 0.20156 5500.4
 0.20168 5497.77
 0.2018 5495.12
 0.20192 5492.45
 0.20204 5489.77
 0.20216 5487.07
 0.20228 5484.35
 0.2024 5481.61
 0.20252 5478.85
 0.20264 5476.08
 0.20276 5473.29
 0.20288 5470.48
 0.203 5467.66
 0.20312 5464.82
 0.20324 5461.96
 0.20336 5459.09
 0.20348 5456.2
 0.2036 5453.29
 0.20372 5450.37
 0.20384 5447.44
 0.20396 5444.49
 0.20408 5441.52
 0.2042 5438.55
 0.20432 5435.56
 0.20444 5432.55
 0.20456 5429.53
 0.20468 5426.5
 0.2048 5423.46
 0.20492 5420.4
 0.20504 5417.33
 0.20516 5414.24
 0.20528 5411.14
 0.2054 5408.03
 0.20552 5404.9
 0.20564 5401.76
 0.20576 5398.61
 0.20588 5395.45
 0.206 5392.27
 0.20612 5389.08
 0.20624 5385.87
 0.20636 5382.66
 0.20648 5379.43
 0.2066 5376.19
 0.20672 5372.94
 0.20684 5369.68
 0.20696 5366.41
 0.20708 5363.13
 0.2072 5359.84
 0.20732 5356.54
 0.20744 5353.23
 0.20756 5349.91
 0.20768 5346.58
 0.2078 5343.24
 0.20792 5339.89
 0.20804 5336.53
 0.20816 5333.16
 0.20828 5329.79
 0.2084 5326.41
 0.20852 5323.01
 0.20864 5319.61
 0.20876 5316.21
 0.20888 5312.79
 0.209 5309.37
 0.20912 5305.94
 0.20924 5302.5
 0.20936 5299.05
 0.20948 5295.6
 0.2096 5292.14
 0.20972 5288.67
 0.20984 5285.2
 0.20996 5281.72
 0.21008 5278.24
 0.2102 5274.74
 0.21032 5271.25
 0.21044 5267.74
 0.21056 5264.24
 0.21068 5260.72
 0.2108 5257.21
 0.21092 5253.68
 0.21104 5250.16
 0.21116 5246.62
 0.21128 5243.09
 0.2114 5239.55
 0.21152 5236.01
 0.21164 5232.46
 0.21176 5228.91
 0.21188 5225.36
 0.212 5221.81
 0.21212 5218.25
 0.21224 5214.69
 0.21236 5211.13
 0.21248 5207.57
 0.2126 5204.01
 0.21272 5200.45
 0.21284 5196.89
 0.21296 5193.32
 0.21308 5189.76
 0.2132 5186.2
 0.21332 5182.64
 0.21344 5179.08
 0.21356 5175.52
 0.21368 5171.96
 0.2138 5168.41
 0.21392 5164.85
 0.21404 5161.3
 0.21416 5157.75
 0.21428 5154.21
 0.2144 5150.66
 0.21452 5147.12
 0.21464 5143.59
 0.21476 5140.05
 0.21488 5136.52
 0.215 5133
 0.21512 5129.48
 0.21524 5125.96
 0.21536 5122.45
 0.21548 5118.95
 0.2156 5115.45
 0.21572 5111.95
 0.21584 5108.46
 0.21596 5104.98
 0.21608 5101.5
 0.2162 5098.03
 0.21632 5094.57
 0.21644 5091.11
 0.21656 5087.66
 0.21668 5084.22
 0.2168 5080.79
 0.21692 5077.36
 0.21704 5073.94
 0.21716 5070.53
 0.21728 5067.13
 0.2174 5063.73
 0.21752 5060.34
 0.21764 5056.96
 0.21776 5053.58
 0.21788 5050.22
 0.218 5046.86
 0.21812 5043.51
 0.21824 5040.17
 0.21836 5036.84
 0.21848 5033.52
 0.2186 5030.2
 0.21872 5026.9
 0.21884 5023.6
 0.21896 5020.31
 0.21908 5017.04
 0.2192 5013.77
 0.21932 5010.51
 0.21944 5007.27
 0.21956 5004.03
 0.21968 5000.8
 0.2198 4997.58
 0.21992 4994.38
 0.22004 4991.18
 0.22016 4987.99
 0.22028 4984.82
 0.2204 4981.65
 0.22052 4978.5
 0.22064 4975.36
 0.22076 4972.23
 0.22088 4969.11
 0.221 4966
 0.22112 4962.9
 0.22124 4959.82
 0.22136 4956.74
 0.22148 4953.68
 0.2216 4950.63
 0.22172 4947.6
 0.22184 4944.57
 0.22196 4941.56
 0.22208 4938.56
 0.2222 4935.58
 0.22232 4932.6
 0.22244 4929.64
 0.22256 4926.7
 0.22268 4923.76
 0.2228 4920.84
 0.22292 4917.94
 0.22304 4915.05
 0.22316 4912.18
 0.22328 4909.32
 0.2234 4906.47
 0.22352 4903.65
 0.22364 4900.84
 0.22376 4898.05
 0.22388 4895.27
 0.224 4892.51
 0.22412 4889.77
 0.22424 4887.05
 0.22436 4884.34
 0.22448 4881.65
 0.2246 4878.98
 0.22472 4876.33
 0.22484 4873.69
 0.22496 4871.07
 0.22508 4868.47
 0.2252 4865.89
 0.22532 4863.32
 0.22544 4860.78
 0.22556 4858.25
 0.22568 4855.74
 0.2258 4853.24
 0.22592 4850.77
 0.22604 4848.31
 0.22616 4845.88
 0.22628 4843.46
 0.2264 4841.06
 0.22652 4838.67
 0.22664 4836.31
 0.22676 4833.96
 0.22688 4831.64
 0.227 4829.33
 0.22712 4827.04
 0.22724 4824.77
 0.22736 4822.52
 0.22748 4820.29
 0.2276 4818.08
 0.22772 4815.89
 0.22784 4813.71
 0.22796 4811.56
 0.22808 4809.43
 0.2282 4807.31
 0.22832 4805.22
 0.22844 4803.15
 0.22856 4801.1
 0.22868 4799.06
 0.2288 4797.05
 0.22892 4795.06
 0.22904 4793.09
 0.22916 4791.15
 0.22928 4789.22
 0.2294 4787.31
 0.22952 4785.43
 0.22964 4783.56
 0.22976 4781.72
 0.22988 4779.9
 0.23 4778.09
 0.23012 4776.31
 0.23024 4774.55
 0.23036 4772.82
 0.23048 4771.1
 0.2306 4769.4
 0.23072 4767.72
 0.23084 4766.07
 0.23096 4764.43
 0.23108 4762.81
 0.2312 4761.22
 0.23132 4759.64
 0.23144 4758.08
 0.23156 4756.54
 0.23168 4755.02
 0.2318 4753.52
 0.23192 4752.04
 0.23204 4750.57
 0.23216 4749.12
 0.23228 4747.69
 0.2324 4746.28
 0.23252 4744.88
 0.23264 4743.51
 0.23276 4742.15
 0.23288 4740.8
 0.233 4739.48
 0.23312 4738.17
 0.23324 4736.87
 0.23336 4735.6
 0.23348 4734.34
 0.2336 4733.1
 0.23372 4731.87
 0.23384 4730.66
 0.23396 4729.46
 0.23408 4728.29
 0.2342 4727.12
 0.23432 4725.98
 0.23444 4724.85
 0.23456 4723.73
 0.23468 4722.63
 0.2348 4721.55
 0.23492 4720.49
 0.23504 4719.44
 0.23516 4718.4
 0.23528 4717.39
 0.2354 4716.39
 0.23552 4715.4
 0.23564 4714.44
 0.23576 4713.49
 0.23588 4712.56
 0.236 4711.65
 0.23612 4710.76
 0.23624 4709.88
 0.23636 4709.02
 0.23648 4708.18
 0.2366 4707.35
 0.23672 4706.54
 0.23684 4705.75
 0.23696 4704.98
 0.23708 4704.22
 0.2372 4703.48
 0.23732 4702.76
 0.23744 4702.06
 0.23756 4701.37
 0.23768 4700.7
 0.2378 4700.05
 0.23792 4699.42
 0.23804 4698.81
 0.23816 4698.21
 0.23828 4697.63
 0.2384 4697.07
 0.23852 4696.53
 0.23864 4696.01
 0.23876 4695.5
 0.23888 4695.01
 0.239 4694.54
 0.23912 4694.09
 0.23924 4693.66
 0.23936 4693.25
 0.23948 4692.85
 0.2396 4692.47
 0.23972 4692.11
 0.23984 4691.77
 0.23996 4691.44
 0.24008 4691.13
 0.2402 4690.84
 0.24032 4690.57
 0.24044 4690.32
 0.24056 4690.08
 0.24068 4689.86
 0.2408 4689.66
 0.24092 4689.47
 0.24104 4689.3
 0.24116 4689.15
 0.24128 4689.01
 0.2414 4688.89
 0.24152 4688.79
 0.24164 4688.7
 0.24176 4688.63
 0.24188 4688.57
 0.242 4688.54
 0.24212 4688.51
 0.24224 4688.51
 0.24236 4688.52
 0.24248 4688.54
 0.2426 4688.58
 0.24272 4688.64
 0.24284 4688.71
 0.24296 4688.8
 0.24308 4688.91
 0.2432 4689.03
 0.24332 4689.16
 0.24344 4689.31
 0.24356 4689.48
 0.24368 4689.66
 0.2438 4689.86
 0.24392 4690.07
 0.24404 4690.3
 0.24416 4690.55
 0.24428 4690.81
 0.2444 4691.08
 0.24452 4691.37
 0.24464 4691.68
 0.24476 4692
 0.24488 4692.33
 0.245 4692.68
 0.24512 4693.05
 0.24524 4693.43
 0.24536 4693.83
 0.24548 4694.24
 0.2456 4694.67
 0.24572 4695.11
 0.24584 4695.57
 0.24596 4696.04
 0.24608 4696.53
 0.2462 4697.03
 0.24632 4697.55
 0.24644 4698.08
 0.24656 4698.63
 0.24668 4699.19
 0.2468 4699.77
 0.24692 4700.36
 0.24704 4700.97
 0.24716 4701.6
 0.24728 4702.24
 0.2474 4702.89
 0.24752 4703.56
 0.24764 4704.25
 0.24776 4704.95
 0.24788 4705.67
 0.248 4706.4
 0.24812 4707.15
 0.24824 4707.92
 0.24836 4708.7
 0.24848 4709.5
 0.2486 4710.31
 0.24872 4711.14
 0.24884 4711.99
 0.24896 4712.85
 0.24908 4713.72
 0.2492 4714.61
 0.24932 4715.52
 0.24944 4716.44
 0.24956 4717.38
 0.24968 4718.34
 0.2498 4719.31
 0.24992 4720.29
 0.25004 4721.29
 0.25016 4722.3
 0.25028 4723.33
 0.2504 4724.38
 0.25052 4725.44
 0.25064 4726.51
 0.25076 4727.6
 0.25088 4728.71
 0.251 4729.83
 0.25112 4730.97
 0.25124 4732.12
 0.25136 4733.28
 0.25148 4734.46
 0.2516 4735.66
 0.25172 4736.87
 0.25184 4738.09
 0.25196 4739.33
 0.25208 4740.58
 0.2522 4741.85
 0.25232 4743.13
 0.25244 4744.42
 0.25256 4745.73
 0.25268 4747.05
 0.2528 4748.38
 0.25292 4749.73
 0.25304 4751.09
 0.25316 4752.45
 0.25328 4753.83
 0.2534 4755.22
 0.25352 4756.62
 0.25364 4758.03
 0.25376 4759.45
 0.25388 4760.88
 0.254 4762.32
 0.25412 4763.77
 0.25424 4765.23
 0.25436 4766.7
 0.25448 4768.17
 0.2546 4769.66
 0.25472 4771.15
 0.25484 4772.65
 0.25496 4774.16
 0.25508 4775.68
 0.2552 4777.21
 0.25532 4778.74
 0.25544 4780.29
 0.25556 4781.84
 0.25568 4783.4
 0.2558 4784.97
 0.25592 4786.55
 0.25604 4788.13
 0.25616 4789.72
 0.25628 4791.32
 0.2564 4792.93
 0.25652 4794.55
 0.25664 4796.17
 0.25676 4797.8
 0.25688 4799.44
 0.257 4801.09
 0.25712 4802.74
 0.25724 4804.4
 0.25736 4806.07
 0.25748 4807.75
 0.2576 4809.43
 0.25772 4811.12
 0.25784 4812.82
 0.25796 4814.52
 0.25808 4816.24
 0.2582 4817.96
 0.25832 4819.68
 0.25844 4821.41
 0.25856 4823.15
 0.25868 4824.9
 0.2588 4826.65
 0.25892 4828.41
 0.25904 4830.18
 0.25916 4831.95
 0.25928 4833.73
 0.2594 4835.52
 0.25952 4837.31
 0.25964 4839.11
 0.25976 4840.91
 0.25988 4842.72
 0.26 4844.54
 0.26012 4846.36
 0.26024 4848.19
 0.26036 4850.03
 0.26048 4851.87
 0.2606 4853.72
 0.26072 4855.58
 0.26084 4857.44
 0.26096 4859.31
 0.26108 4861.18
 0.2612 4863.06
 0.26132 4864.95
 0.26144 4866.84
 0.26156 4868.74
 0.26168 4870.65
 0.2618 4872.57
 0.26192 4874.49
 0.26204 4876.41
 0.26216 4878.35
 0.26228 4880.29
 0.2624 4882.24
 0.26252 4884.19
 0.26264 4886.15
 0.26276 4888.12
 0.26288 4890.1
 0.263 4892.08
 0.26312 4894.06
 0.26324 4896.05
 0.26336 4898.05
 0.26348 4900.05
 0.2636 4902.06
 0.26372 4904.07
 0.26384 4906.09
 0.26396 4908.11
 0.26408 4910.14
 0.2642 4912.17
 0.26432 4914.21
 0.26444 4916.24
 0.26456 4918.28
 0.26468 4920.33
 0.2648 4922.38
 0.26492 4924.43
 0.26504 4926.48
 0.26516 4928.54
 0.26528 4930.6
 0.2654 4932.65
 0.26552 4934.71
 0.26564 4936.77
 0.26576 4938.84
 0.26588 4940.9
 0.266 4942.96
 0.26612 4945.02
 0.26624 4947.08
 0.26636 4949.14
 0.26648 4951.19
 0.2666 4953.25
 0.26672 4955.31
 0.26684 4957.36
 0.26696 4959.41
 0.26708 4961.46
 0.2672 4963.5
 0.26732 4965.55
 0.26744 4967.59
 0.26756 4969.62
 0.26768 4971.65
 0.2678 4973.68
 0.26792 4975.71
 0.26804 4977.73
 0.26816 4979.74
 0.26828 4981.75
 0.2684 4983.76
 0.26852 4985.76
 0.26864 4987.75
 0.26876 4989.74
 0.26888 4991.73
 0.269 4993.71
 0.26912 4995.68
 0.26924 4997.65
 0.26936 4999.62
 0.26948 5001.58
 0.2696 5003.53
 0.26972 5005.48
 0.26984 5007.43
 0.26996 5009.37
 0.27008 5011.31
 0.2702 5013.24
 0.27032 5015.16
 0.27044 5017.09
 0.27056 5019.01
 0.27068 5020.92
 0.2708 5022.83
 0.27092 5024.74
 0.27104 5026.65
 0.27116 5028.55
 0.27128 5030.44
 0.2714 5032.33
 0.27152 5034.22
 0.27164 5036.11
 0.27176 5037.99
 0.27188 5039.87
 0.272 5041.74
 0.27212 5043.61
 0.27224 5045.47
 0.27236 5047.33
 0.27248 5049.19
 0.2726 5051.04
 0.27272 5052.89
 0.27284 5054.73
 0.27296 5056.56
 0.27308 5058.39
 0.2732 5060.22
 0.27332 5062.04
 0.27344 5063.85
 0.27356 5065.66
 0.27368 5067.46
 0.2738 5069.26
 0.27392 5071.05
 0.27404 5072.83
 0.27416 5074.61
 0.27428 5076.38
 0.2744 5078.15
 0.27452 5079.9
 0.27464 5081.65
 0.27476 5083.4
 0.27488 5085.13
 0.275 5086.86
 0.27512 5088.58
 0.27524 5090.29
 0.27536 5092
 0.27548 5093.7
 0.2756 5095.39
 0.27572 5097.07
 0.27584 5098.74
 0.27596 5100.41
 0.27608 5102.06
 0.2762 5103.71
 0.27632 5105.35
 0.27644 5106.98
 0.27656 5108.6
 0.27668 5110.21
 0.2768 5111.81
 0.27692 5113.4
 0.27704 5114.98
 0.27716 5116.55
 0.27728 5118.11
 0.2774 5119.65
 0.27752 5121.19
 0.27764 5122.71
 0.27776 5124.22
 0.27788 5125.72
 0.278 5127.21
 0.27812 5128.68
 0.27824 5130.14
 0.27836 5131.58
 0.27848 5133.01
 0.2786 5134.43
 0.27872 5135.83
 0.27884 5137.22
 0.27896 5138.6
 0.27908 5139.96
 0.2792 5141.31
 0.27932 5142.64
 0.27944 5143.96
 0.27956 5145.27
 0.27968 5146.56
 0.2798 5147.84
 0.27992 5149.11
 0.28004 5150.36
 0.28016 5151.59
 0.28028 5152.82
 0.2804 5154.03
 0.28052 5155.22
 0.28064 5156.4
 0.28076 5157.57
 0.28088 5158.72
 0.281 5159.86
 0.28112 5160.98
 0.28124 5162.09
 0.28136 5163.18
 0.28148 5164.26
 0.2816 5165.33
 0.28172 5166.38
 0.28184 5167.41
 0.28196 5168.43
 0.28208 5169.44
 0.2822 5170.44
 0.28232 5171.42
 0.28244 5172.38
 0.28256 5173.34
 0.28268 5174.28
 0.2828 5175.2
 0.28292 5176.12
 0.28304 5177.02
 0.28316 5177.9
 0.28328 5178.78
 0.2834 5179.64
 0.28352 5180.49
 0.28364 5181.32
 0.28376 5182.15
 0.28388 5182.96
 0.284 5183.75
 0.28412 5184.54
 0.28424 5185.31
 0.28436 5186.08
 0.28448 5186.83
 0.2846 5187.56
 0.28472 5188.29
 0.28484 5189.01
 0.28496 5189.71
 0.28508 5190.4
 0.2852 5191.09
 0.28532 5191.76
 0.28544 5192.41
 0.28556 5193.06
 0.28568 5193.7
 0.2858 5194.32
 0.28592 5194.94
 0.28604 5195.54
 0.28616 5196.13
 0.28628 5196.71
 0.2864 5197.28
 0.28652 5197.84
 0.28664 5198.39
 0.28676 5198.93
 0.28688 5199.45
 0.287 5199.97
 0.28712 5200.47
 0.28724 5200.97
 0.28736 5201.45
 0.28748 5201.92
 0.2876 5202.39
 0.28772 5202.84
 0.28784 5203.28
 0.28796 5203.71
 0.28808 5204.13
 0.2882 5204.54
 0.28832 5204.94
 0.28844 5205.33
 0.28856 5205.71
 0.28868 5206.08
 0.2888 5206.44
 0.28892 5206.79
 0.28904 5207.13
 0.28916 5207.46
 0.28928 5207.78
 0.2894 5208.09
 0.28952 5208.39
 0.28964 5208.68
 0.28976 5208.96
 0.28988 5209.24
 0.29 5209.5
 0.29012 5209.75
 0.29024 5210
 0.29036 5210.23
 0.29048 5210.46
 0.2906 5210.68
 0.29072 5210.88
 0.29084 5211.08
 0.29096 5211.27
 0.29108 5211.45
 0.2912 5211.63
 0.29132 5211.79
 0.29144 5211.95
 0.29156 5212.09
 0.29168 5212.23
 0.2918 5212.36
 0.29192 5212.48
 0.29204 5212.59
 0.29216 5212.7
 0.29228 5212.79
 0.2924 5212.87
 0.29252 5212.95
 0.29264 5213.02
 0.29276 5213.08
 0.29288 5213.13
 0.293 5213.18
 0.29312 5213.22
 0.29324 5213.25
 0.29336 5213.28
 0.29348 5213.3
 0.2936 5213.31
 0.29372 5213.32
 0.29384 5213.32
 0.29396 5213.32
 0.29408 5213.31
 0.2942 5213.3
 0.29432 5213.28
 0.29444 5213.26
 0.29456 5213.24
 0.29468 5213.21
 0.2948 5213.17
 0.29492 5213.13
 0.29504 5213.09
 0.29516 5213.05
 0.29528 5213
 0.2954 5212.95
 0.29552 5212.89
 0.29564 5212.84
 0.29576 5212.78
 0.29588 5212.72
 0.296 5212.65
 0.29612 5212.59
 0.29624 5212.52
 0.29636 5212.46
 0.29648 5212.39
 0.2966 5212.32
 0.29672 5212.25
 0.29684 5212.18
 0.29696 5212.11
 0.29708 5212.04
 0.2972 5211.96
 0.29732 5211.89
 0.29744 5211.82
 0.29756 5211.75
 0.29768 5211.67
 0.2978 5211.6
 0.29792 5211.53
 0.29804 5211.45
 0.29816 5211.38
 0.29828 5211.3
 0.2984 5211.22
 0.29852 5211.15
 0.29864 5211.07
 0.29876 5210.99
 0.29888 5210.91
 0.299 5210.83
 0.29912 5210.75
 0.29924 5210.66
 0.29936 5210.58
 0.29948 5210.49
 0.2996 5210.4
 0.29972 5210.31
 0.29984 5210.22
 0.29996 5210.12
 0.30008 5210.02
 0.3002 5209.92
 0.30032 5209.81
 0.30044 5209.7
 0.30056 5209.59
 0.30068 5209.47
 0.3008 5209.35
 0.30092 5209.23
 0.30104 5209.1
 0.30116 5208.97
 0.30128 5208.84
 0.3014 5208.7
 0.30152 5208.56
 0.30164 5208.41
 0.30176 5208.26
 0.30188 5208.11
 0.302 5207.95
 0.30212 5207.79
 0.30224 5207.63
 0.30236 5207.46
 0.30248 5207.3
 0.3026 5207.13
 0.30272 5206.96
 0.30284 5206.79
 0.30296 5206.61
 0.30308 5206.44
 0.3032 5206.26
 0.30332 5206.09
 0.30344 5205.91
 0.30356 5205.73
 0.30368 5205.55
 0.3038 5205.38
 0.30392 5205.2
 0.30404 5205.02
 0.30416 5204.85
 0.30428 5204.67
 0.3044 5204.5
 0.30452 5204.33
 0.30464 5204.15
 0.30476 5203.98
 0.30488 5203.82
 0.305 5203.65
 0.30512 5203.48
 0.30524 5203.32
 0.30536 5203.16
 0.30548 5203
 0.3056 5202.84
 0.30572 5202.69
 0.30584 5202.53
 0.30596 5202.38
 0.30608 5202.24
 0.3062 5202.09
 0.30632 5201.95
 0.30644 5201.81
 0.30656 5201.68
 0.30668 5201.55
 0.3068 5201.42
 0.30692 5201.29
 0.30704 5201.17
 0.30716 5201.06
 0.30728 5200.95
 0.3074 5200.84
 0.30752 5200.74
 0.30764 5200.65
 0.30776 5200.56
 0.30788 5200.48
 0.308 5200.4
 0.30812 5200.34
 0.30824 5200.28
 0.30836 5200.22
 0.30848 5200.18
 0.3086 5200.14
 0.30872 5200.1
 0.30884 5200.08
 0.30896 5200.06
 0.30908 5200.05
 0.3092 5200.04
 0.30932 5200.04
 0.30944 5200.05
 0.30956 5200.06
 0.30968 5200.08
 0.3098 5200.1
 0.30992 5200.13
 0.31004 5200.16
 0.31016 5200.2
 0.31028 5200.24
 0.3104 5200.29
 0.31052 5200.34
 0.31064 5200.39
 0.31076 5200.44
 0.31088 5200.5
 0.311 5200.57
 0.31112 5200.63
 0.31124 5200.7
 0.31136 5200.77
 0.31148 5200.85
 0.3116 5200.92
 0.31172 5201
 0.31184 5201.08
 0.31196 5201.16
 0.31208 5201.24
 0.3122 5201.32
 0.31232 5201.4
 0.31244 5201.49
 0.31256 5201.57
 0.31268 5201.65
 0.3128 5201.74
 0.31292 5201.82
 0.31304 5201.9
 0.31316 5201.99
 0.31328 5202.07
 0.3134 5202.15
 0.31352 5202.23
 0.31364 5202.31
 0.31376 5202.4
 0.31388 5202.48
 0.314 5202.56
 0.31412 5202.63
 0.31424 5202.71
 0.31436 5202.79
 0.31448 5202.86
 0.3146 5202.93
 0.31472 5203
 0.31484 5203.07
 0.31496 5203.14
 0.31508 5203.2
 0.3152 5203.26
 0.31532 5203.32
 0.31544 5203.38
 0.31556 5203.43
 0.31568 5203.48
 0.3158 5203.53
 0.31592 5203.57
 0.31604 5203.62
 0.31616 5203.65
 0.31628 5203.69
 0.3164 5203.72
 0.31652 5203.75
 0.31664 5203.78
 0.31676 5203.8
 0.31688 5203.82
 0.317 5203.83
 0.31712 5203.84
 0.31724 5203.85
 0.31736 5203.85
 0.31748 5203.84
 0.3176 5203.83
 0.31772 5203.82
 0.31784 5203.8
 0.31796 5203.78
 0.31808 5203.75
 0.3182 5203.71
 0.31832 5203.67
 0.31844 5203.62
 0.31856 5203.57
 0.31868 5203.51
 0.3188 5203.44
 0.31892 5203.37
 0.31904 5203.29
 0.31916 5203.2
 0.31928 5203.11
 0.3194 5203.01
 0.31952 5202.9
 0.31964 5202.78
 0.31976 5202.66
 0.31988 5202.53
 0.32 5202.39
 0.32012 5202.24
 0.32024 5202.08
 0.32036 5201.91
 0.32048 5201.73
 0.3206 5201.54
 0.32072 5201.35
 0.32084 5201.14
 0.32096 5200.92
 0.32108 5200.69
 0.3212 5200.45
 0.32132 5200.2
 0.32144 5199.94
 0.32156 5199.66
 0.32168 5199.38
 0.3218 5199.08
 0.32192 5198.77
 0.32204 5198.45
 0.32216 5198.12
 0.32228 5197.78
 0.3224 5197.42
 0.32252 5197.06
 0.32264 5196.67
 0.32276 5196.28
 0.32288 5195.87
 0.323 5195.45
 0.32312 5195.02
 0.32324 5194.57
 0.32336 5194.11
 0.32348 5193.63
 0.3236 5193.14
 0.32372 5192.63
 0.32384 5192.11
 0.32396 5191.57
 0.32408 5191.02
 0.3242 5190.45
 0.32432 5189.87
 0.32444 5189.27
 0.32456 5188.65
 0.32468 5188.02
 0.3248 5187.37
 0.32492 5186.71
 0.32504 5186.03
 0.32516 5185.33
 0.32528 5184.62
 0.3254 5183.89
 0.32552 5183.14
 0.32564 5182.38
 0.32576 5181.6
 0.32588 5180.8
 0.326 5179.98
 0.32612 5179.15
 0.32624 5178.3
 0.32636 5177.43
 0.32648 5176.55
 0.3266 5175.64
 0.32672 5174.72
 0.32684 5173.78
 0.32696 5172.83
 0.32708 5171.85
 0.3272 5170.86
 0.32732 5169.85
 0.32744 5168.83
 0.32756 5167.78
 0.32768 5166.72
 0.3278 5165.65
 0.32792 5164.55
 0.32804 5163.45
 0.32816 5162.32
 0.32828 5161.18
 0.3284 5160.03
 0.32852 5158.86
 0.32864 5157.67
 0.32876 5156.47
 0.32888 5155.25
 0.329 5154.02
 0.32912 5152.77
 0.32924 5151.51
 0.32936 5150.23
 0.32948 5148.94
 0.3296 5147.63
 0.32972 5146.31
 0.32984 5144.98
 0.32996 5143.63
 0.33008 5142.26
 0.3302 5140.88
 0.33032 5139.49
 0.33044 5138.08
 0.33056 5136.66
 0.33068 5135.23
 0.3308 5133.77
 0.33092 5132.31
 0.33104 5130.83
 0.33116 5129.33
 0.33128 5127.82
 0.3314 5126.29
 0.33152 5124.75
 0.33164 5123.19
 0.33176 5121.62
 0.33188 5120.03
 0.332 5118.42
 0.33212 5116.79
 0.33224 5115.15
 0.33236 5113.49
 0.33248 5111.81
 0.3326 5110.12
 0.33272 5108.4
 0.33284 5106.67
 0.33296 5104.91
 0.33308 5103.14
 0.3332 5101.35
 0.33332 5099.54
 0.33344 5097.7
 0.33356 5095.85
 0.33368 5093.98
 0.3338 5092.08
 0.33392 5090.16
 0.33404 5088.23
 0.33416 5086.27
 0.33428 5084.28
 0.3344 5082.28
 0.33452 5080.25
 0.33464 5078.2
 0.33476 5076.13
 0.33488 5074.03
 0.335 5071.92
 0.33512 5069.78
 0.33524 5067.61
 0.33536 5065.43
 0.33548 5063.22
 0.3356 5060.99
 0.33572 5058.74
 0.33584 5056.46
 0.33596 5054.16
 0.33608 5051.84
 0.3362 5049.49
 0.33632 5047.12
 0.33644 5044.73
 0.33656 5042.31
 0.33668 5039.87
 0.3368 5037.41
 0.33692 5034.93
 0.33704 5032.42
 0.33716 5029.88
 0.33728 5027.33
 0.3374 5024.74
 0.33752 5022.14
 0.33764 5019.51
 0.33776 5016.85
 0.33788 5014.17
 0.338 5011.47
 0.33812 5008.74
 0.33824 5005.99
 0.33836 5003.21
 0.33848 5000.41
 0.3386 4997.58
 0.33872 4994.73
 0.33884 4991.85
 0.33896 4988.96
 0.33908 4986.04
 0.3392 4983.09
 0.33932 4980.13
 0.33944 4977.14
 0.33956 4974.13
 0.33968 4971.1
 0.3398 4968.05
 0.33992 4964.98
 0.34004 4961.89
 0.34016 4958.78
 0.34028 4955.66
 0.3404 4952.51
 0.34052 4949.35
 0.34064 4946.17
 0.34076 4942.98
 0.34088 4939.76
 0.341 4936.54
 0.34112 4933.3
 0.34124 4930.04
 0.34136 4926.77
 0.34148 4923.49
 0.3416 4920.19
 0.34172 4916.88
 0.34184 4913.56
 0.34196 4910.23
 0.34208 4906.88
 0.3422 4903.53
 0.34232 4900.16
 0.34244 4896.78
 0.34256 4893.4
 0.34268 4890
 0.3428 4886.6
 0.34292 4883.18
 0.34304 4879.76
 0.34316 4876.33
 0.34328 4872.89
 0.3434 4869.45
 0.34352 4865.99
 0.34364 4862.53
 0.34376 4859.07
 0.34388 4855.59
 0.344 4852.11
 0.34412 4848.62
 0.34424 4845.13
 0.34436 4841.63
 0.34448 4838.12
 0.3446 4834.61
 0.34472 4831.1
 0.34484 4827.58
 0.34496 4824.05
 0.34508 4820.52
 0.3452 4816.98
 0.34532 4813.44
 0.34544 4809.9
 0.34556 4806.35
 0.34568 4802.79
 0.3458 4799.24
 0.34592 4795.67
 0.34604 4792.11
 0.34616 4788.54
 0.34628 4784.96
 0.3464 4781.38
 0.34652 4777.8
 0.34664 4774.21
 0.34676 4770.62
 0.34688 4767.03
 0.347 4763.43
 0.34712 4759.83
 0.34724 4756.23
 0.34736 4752.62
 0.34748 4749.02
 0.3476 4745.4
 0.34772 4741.79
 0.34784 4738.17
 0.34796 4734.56
 0.34808 4730.94
 0.3482 4727.31
 0.34832 4723.69
 0.34844 4720.06
 0.34856 4716.44
 0.34868 4712.81
 0.3488 4709.18
 0.34892 4705.55
 0.34904 4701.92
 0.34916 4698.29
 0.34928 4694.66
 0.3494 4691.02
 0.34952 4687.39
 0.34964 4683.76
 0.34976 4680.13
 0.34988 4676.49
 0.35 4672.86
 0.35012 4669.24
 0.35024 4665.61
 0.35036 4661.98
 0.35048 4658.36
 0.3506 4654.74
 0.35072 4651.12
 0.35084 4647.51
 0.35096 4643.9
 0.35108 4640.3
 0.3512 4636.69
 0.35132 4633.1
 0.35144 4629.51
 0.35156 4625.92
 0.35168 4622.34
 0.3518 4618.76
 0.35192 4615.19
 0.35204 4611.63
 0.35216 4608.07
 0.35228 4604.52
 0.3524 4600.98
 0.35252 4597.44
 0.35264 4593.92
 0.35276 4590.4
 0.35288 4586.88
 0.353 4583.38
 0.35312 4579.88
 0.35324 4576.4
 0.35336 4572.92
 0.35348 4569.45
 0.3536 4566
 0.35372 4562.55
 0.35384 4559.11
 0.35396 4555.69
 0.35408 4552.27
 0.3542 4548.87
 0.35432 4545.47
 0.35444 4542.09
 0.35456 4538.72
 0.35468 4535.36
 0.3548 4532.02
 0.35492 4528.68
 0.35504 4525.36
 0.35516 4522.05
 0.35528 4518.75
 0.3554 4515.47
 0.35552 4512.2
 0.35564 4508.94
 0.35576 4505.7
 0.35588 4502.47
 0.356 4499.25
 0.35612 4496.05
 0.35624 4492.87
 0.35636 4489.69
 0.35648 4486.54
 0.3566 4483.4
 0.35672 4480.27
 0.35684 4477.16
 0.35696 4474.06
 0.35708 4470.98
 0.3572 4467.92
 0.35732 4464.87
 0.35744 4461.84
 0.35756 4458.83
 0.35768 4455.83
 0.3578 4452.84
 0.35792 4449.88
 0.35804 4446.93
 0.35816 4443.99
 0.35828 4441.07
 0.3584 4438.17
 0.35852 4435.29
 0.35864 4432.42
 0.35876 4429.58
 0.35888 4426.75
 0.359 4423.94
 0.35912 4421.14
 0.35924 4418.37
 0.35936 4415.62
 0.35948 4412.89
 0.3596 4410.17
 0.35972 4407.48
 0.35984 4404.81
 0.35996 4402.16
 0.36008 4399.53
 0.3602 4396.93
 0.36032 4394.35
 0.36044 4391.79
 0.36056 4389.25
 0.36068 4386.74
 0.3608 4384.26
 0.36092 4381.8
 0.36104 4379.36
 0.36116 4376.95
 0.36128 4374.57
 0.3614 4372.22
 0.36152 4369.9
 0.36164 4367.6
 0.36176 4365.33
 0.36188 4363.1
 0.362 4360.89
 0.36212 4358.72
 0.36224 4356.57
 0.36236 4354.46
 0.36248 4352.39
 0.3626 4350.34
 0.36272 4348.33
 0.36284 4346.36
 0.36296 4344.42
 0.36308 4342.51
 0.3632 4340.64
 0.36332 4338.81
 0.36344 4337.02
 0.36356 4335.26
 0.36368 4333.54
 0.3638 4331.86
 0.36392 4330.22
 0.36404 4328.61
 0.36416 4327.05
 0.36428 4325.53
 0.3644 4324.05
 0.36452 4322.6
 0.36464 4321.2
 0.36476 4319.84
 0.36488 4318.52
 0.365 4317.24
 0.36512 4316.01
 0.36524 4314.81
 0.36536 4313.66
 0.36548 4312.54
 0.3656 4311.47
 0.36572 4310.44
 0.36584 4309.45
 0.36596 4308.51
 0.36608 4307.6
 0.3662 4306.74
 0.36632 4305.92
 0.36644 4305.15
 0.36656 4304.41
 0.36668 4303.72
 0.3668 4303.07
 0.36692 4302.47
 0.36704 4301.91
 0.36716 4301.39
 0.36728 4300.91
 0.3674 4300.48
 0.36752 4300.09
 0.36764 4299.74
 0.36776 4299.44
 0.36788 4299.18
 0.368 4298.96
 0.36812 4298.79
 0.36824 4298.65
 0.36836 4298.57
 0.36848 4298.52
 0.3686 4298.52
 0.36872 4298.57
 0.36884 4298.65
 0.36896 4298.78
 0.36908 4298.95
 0.3692 4299.16
 0.36932 4299.42
 0.36944 4299.72
 0.36956 4300.06
 0.36968 4300.44
 0.3698 4300.86
 0.36992 4301.32
 0.37004 4301.82
 0.37016 4302.36
 0.37028 4302.94
 0.3704 4303.57
 0.37052 4304.23
 0.37064 4304.92
 0.37076 4305.66
 0.37088 4306.44
 0.371 4307.25
 0.37112 4308.1
 0.37124 4308.99
 0.37136 4309.91
 0.37148 4310.87
 0.3716 4311.87
 0.37172 4312.91
 0.37184 4313.98
 0.37196 4315.08
 0.37208 4316.22
 0.3722 4317.4
 0.37232 4318.61
 0.37244 4319.85
 0.37256 4321.13
 0.37268 4322.44
 0.3728 4323.79
 0.37292 4325.17
 0.37304 4326.58
 0.37316 4328.03
 0.37328 4329.51
 0.3734 4331.02
 0.37352 4332.57
 0.37364 4334.14
 0.37376 4335.75
 0.37388 4337.4
 0.374 4339.07
 0.37412 4340.78
 0.37424 4342.52
 0.37436 4344.3
 0.37448 4346.1
 0.3746 4347.94
 0.37472 4349.81
 0.37484 4351.72
 0.37496 4353.65
 0.37508 4355.62
 0.3752 4357.63
 0.37532 4359.66
 0.37544 4361.73
 0.37556 4363.83
 0.37568 4365.97
 0.3758 4368.14
 0.37592 4370.35
 0.37604 4372.59
 0.37616 4374.87
 0.37628 4377.18
 0.3764 4379.53
 0.37652 4381.91
 0.37664 4384.33
 0.37676 4386.78
 0.37688 4389.27
 0.377 4391.8
 0.37712 4394.37
 0.37724 4396.97
 0.37736 4399.61
 0.37748 4402.29
 0.3776 4405.01
 0.37772 4407.77
 0.37784 4410.56
 0.37796 4413.39
 0.37808 4416.27
 0.3782 4419.18
 0.37832 4422.13
 0.37844 4425.12
 0.37856 4428.15
 0.37868 4431.23
 0.3788 4434.34
 0.37892 4437.49
 0.37904 4440.69
 0.37916 4443.93
 0.37928 4447.21
 0.3794 4450.53
 0.37952 4453.89
 0.37964 4457.3
 0.37976 4460.74
 0.37988 4464.23
 0.38 4467.77
 0.38012 4471.34
 0.38024 4474.96
 0.38036 4478.62
 0.38048 4482.32
 0.3806 4486.07
 0.38072 4489.85
 0.38084 4493.68
 0.38096 4497.56
 0.38108 4501.47
 0.3812 4505.43
 0.38132 4509.43
 0.38144 4513.47
 0.38156 4517.56
 0.38168 4521.68
 0.3818 4525.85
 0.38192 4530.06
 0.38204 4534.3
 0.38216 4538.59
 0.38228 4542.92
 0.3824 4547.29
 0.38252 4551.7
 0.38264 4556.16
 0.38276 4560.65
 0.38288 4565.18
 0.383 4569.74
 0.38312 4574.35
 0.38324 4579
 0.38336 4583.68
 0.38348 4588.41
 0.3836 4593.17
 0.38372 4597.97
 0.38384 4602.8
 0.38396 4607.68
 0.38408 4612.59
 0.3842 4617.54
 0.38432 4622.53
 0.38444 4627.56
 0.38456 4632.62
 0.38468 4637.72
 0.3848 4642.85
 0.38492 4648.03
 0.38504 4653.23
 0.38516 4658.48
 0.38528 4663.76
 0.3854 4669.08
 0.38552 4674.43
 0.38564 4679.82
 0.38576 4685.24
 0.38588 4690.7
 0.386 4696.19
 0.38612 4701.72
 0.38624 4707.28
 0.38636 4712.87
 0.38648 4718.5
 0.3866 4724.16
 0.38672 4729.85
 0.38684 4735.58
 0.38696 4741.34
 0.38708 4747.13
 0.3872 4752.95
 0.38732 4758.8
 0.38744 4764.68
 0.38756 4770.59
 0.38768 4776.53
 0.3878 4782.5
 0.38792 4788.5
 0.38804 4794.52
 0.38816 4800.57
 0.38828 4806.65
 0.3884 4812.76
 0.38852 4818.88
 0.38864 4825.04
 0.38876 4831.21
 0.38888 4837.41
 0.389 4843.63
 0.38912 4849.87
 0.38924 4856.14
 0.38936 4862.42
 0.38948 4868.72
 0.3896 4875.04
 0.38972 4881.38
 0.38984 4887.73
 0.38996 4894.1
 0.39008 4900.49
 0.3902 4906.89
 0.39032 4913.31
 0.39044 4919.73
 0.39056 4926.17
 0.39068 4932.63
 0.3908 4939.09
 0.39092 4945.56
 0.39104 4952.04
 0.39116 4958.53
 0.39128 4965.03
 0.3914 4971.53
 0.39152 4978.04
 0.39164 4984.56
 0.39176 4991.07
 0.39188 4997.6
 0.392 5004.12
 0.39212 5010.65
 0.39224 5017.18
 0.39236 5023.7
 0.39248 5030.23
 0.3926 5036.76
 0.39272 5043.29
 0.39284 5049.81
 0.39296 5056.33
 0.39308 5062.84
 0.3932 5069.36
 0.39332 5075.86
 0.39344 5082.36
 0.39356 5088.85
 0.39368 5095.34
 0.3938 5101.82
 0.39392 5108.29
 0.39404 5114.75
 0.39416 5121.21
 0.39428 5127.65
 0.3944 5134.08
 0.39452 5140.51
 0.39464 5146.92
 0.39476 5153.32
 0.39488 5159.71
 0.395 5166.09
 0.39512 5172.46
 0.39524 5178.82
 0.39536 5185.16
 0.39548 5191.5
 0.3956 5197.82
 0.39572 5204.13
 0.39584 5210.42
 0.39596 5216.71
 0.39608 5222.98
 0.3962 5229.23
 0.39632 5235.48
 0.39644 5241.71
 0.39656 5247.93
 0.39668 5254.13
 0.3968 5260.32
 0.39692 5266.49
 0.39704 5272.66
 0.39716 5278.8
 0.39728 5284.93
 0.3974 5291.05
 0.39752 5297.16
 0.39764 5303.24
 0.39776 5309.32
 0.39788 5315.38
 0.398 5321.42
 0.39812 5327.45
 0.39824 5333.46
 0.39836 5339.46
 0.39848 5345.44
 0.3986 5351.4
 0.39872 5357.35
 0.39884 5363.28
 0.39896 5369.2
 0.39908 5375.1
 0.3992 5380.98
 0.39932 5386.85
 0.39944 5392.7
 0.39956 5398.53
 0.39968 5404.35
 0.3998 5410.15
 0.39992 5415.94
 0.40004 5421.7
 0.40016 5427.45
 0.40028 5433.19
 0.4004 5438.91
 0.40052 5444.61
 0.40064 5450.29
 0.40076 5455.96
 0.40088 5461.61
 0.401 5467.24
 0.40112 5472.85
 0.40124 5478.45
 0.40136 5484.04
 0.40148 5489.6
 0.4016 5495.15
 0.40172 5500.68
 0.40184 5506.19
 0.40196 5511.69
 0.40208 5517.17
 0.4022 5522.63
 0.40232 5528.07
 0.40244 5533.5
 0.40256 5538.9
 0.40268 5544.29
 0.4028 5549.67
 0.40292 5555.02
 0.40304 5560.36
 0.40316 5565.68
 0.40328 5570.98
 0.4034 5576.26
 0.40352 5581.52
 0.40364 5586.77
 0.40376 5591.99
 0.40388 5597.19
 0.404 5602.38
 0.40412 5607.54
 0.40424 5612.68
 0.40436 5617.8
 0.40448 5622.9
 0.4046 5627.97
 0.40472 5633.03
 0.40484 5638.06
 0.40496 5643.06
 0.40508 5648.04
 0.4052 5653
 0.40532 5657.93
 0.40544 5662.84
 0.40556 5667.72
 0.40568 5672.58
 0.4058 5677.41
 0.40592 5682.21
 0.40604 5686.98
 0.40616 5691.72
 0.40628 5696.44
 0.4064 5701.12
 0.40652 5705.77
 0.40664 5710.4
 0.40676 5714.99
 0.40688 5719.54
 0.407 5724.07
 0.40712 5728.56
 0.40724 5733.02
 0.40736 5737.44
 0.40748 5741.82
 0.4076 5746.17
 0.40772 5750.49
 0.40784 5754.77
 0.40796 5759
 0.40808 5763.2
 0.4082 5767.37
 0.40832 5771.49
 0.40844 5775.57
 0.40856 5779.61
 0.40868 5783.61
 0.4088 5787.56
 0.40892 5791.48
 0.40904 5795.35
 0.40916 5799.18
 0.40928 5802.96
 0.4094 5806.7
 0.40952 5810.39
 0.40964 5814.03
 0.40976 5817.63
 0.40988 5821.19
 0.41 5824.69
 0.41012 5828.15
 0.41024 5831.56
 0.41036 5834.93
 0.41048 5838.24
 0.4106 5841.51
 0.41072 5844.73
 0.41084 5847.89
 0.41096 5851.01
 0.41108 5854.08
 0.4112 5857.1
 0.41132 5860.07
 0.41144 5862.99
 0.41156 5865.86
 0.41168 5868.69
 0.4118 5871.46
 0.41192 5874.18
 0.41204 5876.86
 0.41216 5879.48
 0.41228 5882.06
 0.4124 5884.59
 0.41252 5887.07
 0.41264 5889.5
 0.41276 5891.89
 0.41288 5894.23
 0.413 5896.52
 0.41312 5898.76
 0.41324 5900.95
 0.41336 5903.1
 0.41348 5905.2
 0.4136 5907.25
 0.41372 5909.25
 0.41384 5911.2
 0.41396 5913.11
 0.41408 5914.97
 0.4142 5916.77
 0.41432 5918.53
 0.41444 5920.24
 0.41456 5921.9
 0.41468 5923.51
 0.4148 5925.06
 0.41492 5926.57
 0.41504 5928.03
 0.41516 5929.44
 0.41528 5930.8
 0.4154 5932.11
 0.41552 5933.36
 0.41564 5934.57
 0.41576 5935.73
 0.41588 5936.84
 0.416 5937.89
 0.41612 5938.9
 0.41624 5939.86
 0.41636 5940.76
 0.41648 5941.62
 0.4166 5942.43
 0.41672 5943.19
 0.41684 5943.89
 0.41696 5944.55
 0.41708 5945.16
 0.4172 5945.73
 0.41732 5946.24
 0.41744 5946.71
 0.41756 5947.13
 0.41768 5947.5
 0.4178 5947.83
 0.41792 5948.11
 0.41804 5948.34
 0.41816 5948.54
 0.41828 5948.68
 0.4184 5948.79
 0.41852 5948.85
 0.41864 5948.87
 0.41876 5948.85
 0.41888 5948.79
 0.419 5948.68
 0.41912 5948.54
 0.41924 5948.35
 0.41936 5948.13
 0.41948 5947.87
 0.4196 5947.57
 0.41972 5947.23
 0.41984 5946.85
 0.41996 5946.44
 0.42008 5945.99
 0.4202 5945.51
 0.42032 5944.99
 0.42044 5944.44
 0.42056 5943.85
 0.42068 5943.23
 0.4208 5942.57
 0.42092 5941.88
 0.42104 5941.16
 0.42116 5940.41
 0.42128 5939.63
 0.4214 5938.82
 0.42152 5937.98
 0.42164 5937.1
 0.42176 5936.2
 0.42188 5935.27
 0.422 5934.31
 0.42212 5933.32
 0.42224 5932.3
 0.42236 5931.26
 0.42248 5930.19
 0.4226 5929.09
 0.42272 5927.97
 0.42284 5926.82
 0.42296 5925.65
 0.42308 5924.45
 0.4232 5923.23
 0.42332 5921.98
 0.42344 5920.71
 0.42356 5919.42
 0.42368 5918.1
 0.4238 5916.76
 0.42392 5915.4
 0.42404 5914.01
 0.42416 5912.61
 0.42428 5911.18
 0.4244 5909.73
 0.42452 5908.26
 0.42464 5906.77
 0.42476 5905.26
 0.42488 5903.72
 0.425 5902.17
 0.42512 5900.59
 0.42524 5899
 0.42536 5897.38
 0.42548 5895.74
 0.4256 5894.08
 0.42572 5892.4
 0.42584 5890.71
 0.42596 5888.99
 0.42608 5887.24
 0.4262 5885.48
 0.42632 5883.7
 0.42644 5881.9
 0.42656 5880.08
 0.42668 5878.23
 0.4268 5876.37
 0.42692 5874.49
 0.42704 5872.58
 0.42716 5870.66
 0.42728 5868.71
 0.4274 5866.75
 0.42752 5864.76
 0.42764 5862.76
 0.42776 5860.73
 0.42788 5858.69
 0.428 5856.62
 0.42812 5854.54
 0.42824 5852.44
 0.42836 5850.32
 0.42848 5848.18
 0.4286 5846.01
 0.42872 5843.84
 0.42884 5841.64
 0.42896 5839.42
 0.42908 5837.18
 0.4292 5834.93
 0.42932 5832.66
 0.42944 5830.37
 0.42956 5828.06
 0.42968 5825.73
 0.4298 5823.38
 0.42992 5821.01
 0.43004 5818.63
 0.43016 5816.23
 0.43028 5813.8
 0.4304 5811.36
 0.43052 5808.9
 0.43064 5806.43
 0.43076 5803.93
 0.43088 5801.42
 0.431 5798.89
 0.43112 5796.34
 0.43124 5793.77
 0.43136 5791.18
 0.43148 5788.57
 0.4316 5785.95
 0.43172 5783.31
 0.43184 5780.65
 0.43196 5777.97
 0.43208 5775.28
 0.4322 5772.57
 0.43232 5769.84
 0.43244 5767.09
 0.43256 5764.33
 0.43268 5761.55
 0.4328 5758.75
 0.43292 5755.93
 0.43304 5753.1
 0.43316 5750.25
 0.43328 5747.39
 0.4334 5744.51
 0.43352 5741.61
 0.43364 5738.7
 0.43376 5735.77
 0.43388 5732.83
 0.434 5729.88
 0.43412 5726.91
 0.43424 5723.93
 0.43436 5720.94
 0.43448 5717.93
 0.4346 5714.91
 0.43472 5711.88
 0.43484 5708.84
 0.43496 5705.79
 0.43508 5702.72
 0.4352 5699.65
 0.43532 5696.56
 0.43544 5693.47
 0.43556 5690.37
 0.43568 5687.26
 0.4358 5684.14
 0.43592 5681.01
 0.43604 5677.87
 0.43616 5674.73
 0.43628 5671.58
 0.4364 5668.42
 0.43652 5665.26
 0.43664 5662.1
 0.43676 5658.92
 0.43688 5655.75
 0.437 5652.57
 0.43712 5649.38
 0.43724 5646.2
 0.43736 5643.01
 0.43748 5639.81
 0.4376 5636.62
 0.43772 5633.42
 0.43784 5630.23
 0.43796 5627.03
 0.43808 5623.83
 0.4382 5620.63
 0.43832 5617.43
 0.43844 5614.24
 0.43856 5611.04
 0.43868 5607.85
 0.4388 5604.66
 0.43892 5601.47
 0.43904 5598.29
 0.43916 5595.1
 0.43928 5591.92
 0.4394 5588.75
 0.43952 5585.58
 0.43964 5582.41
 0.43976 5579.25
 0.43988 5576.1
 0.44 5572.95
 0.44012 5569.8
 0.44024 5566.66
 0.44036 5563.52
 0.44048 5560.39
 0.4406 5557.27
 0.44072 5554.15
 0.44084 5551.03
 0.44096 5547.92
 0.44108 5544.82
 0.4412 5541.72
 0.44132 5538.62
 0.44144 5535.53
 0.44156 5532.45
 0.44168 5529.37
 0.4418 5526.29
 0.44192 5523.21
 0.44204 5520.14
 0.44216 5517.07
 0.44228 5514.01
 0.4424 5510.95
 0.44252 5507.88
 0.44264 5504.83
 0.44276 5501.77
 0.44288 5498.72
 0.443 5495.66
 0.44312 5492.61
 0.44324 5489.56
 0.44336 5486.51
 0.44348 5483.47
 0.4436 5480.42
 0.44372 5477.38
 0.44384 5474.35
 0.44396 5471.31
 0.44408 5468.29
 0.4442 5465.26
 0.44432 5462.24
 0.44444 5459.23
 0.44456 5456.22
 0.44468 5453.22
 0.4448 5450.23
 0.44492 5447.24
 0.44504 5444.25
 0.44516 5441.28
 0.44528 5438.31
 0.4454 5435.34
 0.44552 5432.39
 0.44564 5429.44
 0.44576 5426.5
 0.44588 5423.56
 0.446 5420.64
 0.44612 5417.72
 0.44624 5414.81
 0.44636 5411.91
 0.44648 5409.01
 0.4466 5406.13
 0.44672 5403.25
 0.44684 5400.38
 0.44696 5397.52
 0.44708 5394.67
 0.4472 5391.83
 0.44732 5388.99
 0.44744 5386.17
 0.44756 5383.35
 0.44768 5380.54
 0.4478 5377.73
 0.44792 5374.94
 0.44804 5372.15
 0.44816 5369.37
 0.44828 5366.59
 0.4484 5363.82
 0.44852 5361.06
 0.44864 5358.31
 0.44876 5355.56
 0.44888 5352.82
 0.449 5350.09
 0.44912 5347.36
 0.44924 5344.64
 0.44936 5341.92
 0.44948 5339.22
 0.4496 5336.52
 0.44972 5333.82
 0.44984 5331.13
 0.44996 5328.45
 0.45008 5325.78
 0.4502 5323.11
 0.45032 5320.44
 0.45044 5317.79
 0.45056 5315.14
 0.45068 5312.49
 0.4508 5309.85
 0.45092 5307.22
 0.45104 5304.6
 0.45116 5301.98
 0.45128 5299.36
 0.4514 5296.75
 0.45152 5294.15
 0.45164 5291.56
 0.45176 5288.97
 0.45188 5286.39
 0.452 5283.82
 0.45212 5281.25
 0.45224 5278.69
 0.45236 5276.14
 0.45248 5273.59
 0.4526 5271.05
 0.45272 5268.52
 0.45284 5266
 0.45296 5263.48
 0.45308 5260.97
 0.4532 5258.47
 0.45332 5255.97
 0.45344 5253.49
 0.45356 5251.01
 0.45368 5248.54
 0.4538 5246.07
 0.45392 5243.62
 0.45404 5241.17
 0.45416 5238.73
 0.45428 5236.3
 0.4544 5233.88
 0.45452 5231.47
 0.45464 5229.06
 0.45476 5226.67
 0.45488 5224.28
 0.455 5221.91
 0.45512 5219.54
 0.45524 5217.18
 0.45536 5214.84
 0.45548 5212.5
 0.4556 5210.17
 0.45572 5207.86
 0.45584 5205.55
 0.45596 5203.26
 0.45608 5200.98
 0.4562 5198.71
 0.45632 5196.45
 0.45644 5194.2
 0.45656 5191.97
 0.45668 5189.75
 0.4568 5187.54
 0.45692 5185.35
 0.45704 5183.17
 0.45716 5181
 0.45728 5178.85
 0.4574 5176.71
 0.45752 5174.59
 0.45764 5172.48
 0.45776 5170.38
 0.45788 5168.3
 0.458 5166.23
 0.45812 5164.18
 0.45824 5162.14
 0.45836 5160.11
 0.45848 5158.1
 0.4586 5156.1
 0.45872 5154.12
 0.45884 5152.15
 0.45896 5150.2
 0.45908 5148.25
 0.4592 5146.33
 0.45932 5144.42
 0.45944 5142.52
 0.45956 5140.64
 0.45968 5138.77
 0.4598 5136.91
 0.45992 5135.08
 0.46004 5133.25
 0.46016 5131.44
 0.46028 5129.65
 0.4604 5127.87
 0.46052 5126.11
 0.46064 5124.36
 0.46076 5122.62
 0.46088 5120.9
 0.461 5119.2
 0.46112 5117.51
 0.46124 5115.84
 0.46136 5114.18
 0.46148 5112.54
 0.4616 5110.91
 0.46172 5109.29
 0.46184 5107.7
 0.46196 5106.11
 0.46208 5104.54
 0.4622 5102.99
 0.46232 5101.45
 0.46244 5099.93
 0.46256 5098.42
 0.46268 5096.92
 0.4628 5095.44
 0.46292 5093.98
 0.46304 5092.53
 0.46316 5091.09
 0.46328 5089.67
 0.4634 5088.26
 0.46352 5086.87
 0.46364 5085.49
 0.46376 5084.13
 0.46388 5082.78
 0.464 5081.44
 0.46412 5080.12
 0.46424 5078.81
 0.46436 5077.52
 0.46448 5076.24
 0.4646 5074.97
 0.46472 5073.72
 0.46484 5072.48
 0.46496 5071.26
 0.46508 5070.04
 0.4652 5068.85
 0.46532 5067.66
 0.46544 5066.49
 0.46556 5065.33
 0.46568 5064.18
 0.4658 5063.05
 0.46592 5061.92
 0.46604 5060.81
 0.46616 5059.72
 0.46628 5058.64
 0.4664 5057.56
 0.46652 5056.51
 0.46664 5055.46
 0.46676 5054.42
 0.46688 5053.4
 0.467 5052.39
 0.46712 5051.39
 0.46724 5050.41
 0.46736 5049.43
 0.46748 5048.47
 0.4676 5047.52
 0.46772 5046.58
 0.46784 5045.65
 0.46796 5044.73
 0.46808 5043.83
 0.4682 5042.93
 0.46832 5042.05
 0.46844 5041.18
 0.46856 5040.32
 0.46868 5039.47
 0.4688 5038.63
 0.46892 5037.8
 0.46904 5036.98
 0.46916 5036.18
 0.46928 5035.38
 0.4694 5034.6
 0.46952 5033.82
 0.46964 5033.06
 0.46976 5032.31
 0.46988 5031.57
 0.47 5030.85
 0.47012 5030.13
 0.47024 5029.43
 0.47036 5028.74
 0.47048 5028.06
 0.4706 5027.39
 0.47072 5026.74
 0.47084 5026.1
 0.47096 5025.47
 0.47108 5024.86
 0.4712 5024.26
 0.47132 5023.68
 0.47144 5023.11
 0.47156 5022.56
 0.47168 5022.03
 0.4718 5021.51
 0.47192 5021.01
 0.47204 5020.52
 0.47216 5020.05
 0.47228 5019.6
 0.4724 5019.17
 0.47252 5018.76
 0.47264 5018.36
 0.47276 5017.98
 0.47288 5017.62
 0.473 5017.28
 0.47312 5016.96
 0.47324 5016.65
 0.47336 5016.37
 0.47348 5016.1
 0.4736 5015.85
 0.47372 5015.62
 0.47384 5015.4
 0.47396 5015.2
 0.47408 5015.02
 0.4742 5014.85
 0.47432 5014.7
 0.47444 5014.56
 0.47456 5014.45
 0.47468 5014.35
 0.4748 5014.26
 0.47492 5014.19
 0.47504 5014.14
 0.47516 5014.1
 0.47528 5014.08
 0.4754 5014.07
 0.47552 5014.08
 0.47564 5014.11
 0.47576 5014.15
 0.47588 5014.2
 0.476 5014.27
 0.47612 5014.36
 0.47624 5014.46
 0.47636 5014.57
 0.47648 5014.7
 0.4766 5014.84
 0.47672 5014.99
 0.47684 5015.16
 0.47696 5015.34
 0.47708 5015.54
 0.4772 5015.74
 0.47732 5015.97
 0.47744 5016.2
 0.47756 5016.45
 0.47768 5016.71
 0.4778 5016.98
 0.47792 5017.27
 0.47804 5017.57
 0.47816 5017.89
 0.47828 5018.21
 0.4784 5018.55
 0.47852 5018.9
 0.47864 5019.27
 0.47876 5019.64
 0.47888 5020.03
 0.479 5020.43
 0.47912 5020.85
 0.47924 5021.27
 0.47936 5021.71
 0.47948 5022.15
 0.4796 5022.61
 0.47972 5023.08
 0.47984 5023.57
 0.47996 5024.06
 0.48008 5024.56
 0.4802 5025.08
 0.48032 5025.6
 0.48044 5026.14
 0.48056 5026.68
 0.48068 5027.24
 0.4808 5027.81
 0.48092 5028.38
 0.48104 5028.97
 0.48116 5029.57
 0.48128 5030.17
 0.4814 5030.79
 0.48152 5031.41
 0.48164 5032.04
 0.48176 5032.69
 0.48188 5033.34
 0.482 5034
 0.48212 5034.67
 0.48224 5035.34
 0.48236 5036.02
 0.48248 5036.72
 0.4826 5037.42
 0.48272 5038.12
 0.48284 5038.84
 0.48296 5039.56
 0.48308 5040.29
 0.4832 5041.02
 0.48332 5041.77
 0.48344 5042.52
 0.48356 5043.27
 0.48368 5044.04
 0.4838 5044.81
 0.48392 5045.58
 0.48404 5046.36
 0.48416 5047.15
 0.48428 5047.94
 0.4844 5048.74
 0.48452 5049.55
 0.48464 5050.36
 0.48476 5051.17
 0.48488 5051.99
 0.485 5052.81
 0.48512 5053.64
 0.48524 5054.47
 0.48536 5055.31
 0.48548 5056.14
 0.4856 5056.98
 0.48572 5057.83
 0.48584 5058.67
 0.48596 5059.52
 0.48608 5060.37
 0.4862 5061.22
 0.48632 5062.07
 0.48644 5062.92
 0.48656 5063.78
 0.48668 5064.63
 0.4868 5065.48
 0.48692 5066.33
 0.48704 5067.18
 0.48716 5068.03
 0.48728 5068.87
 0.4874 5069.71
 0.48752 5070.55
 0.48764 5071.39
 0.48776 5072.23
 0.48788 5073.06
 0.488 5073.9
 0.48812 5074.73
 0.48824 5075.55
 0.48836 5076.38
 0.48848 5077.2
 0.4886 5078.02
 0.48872 5078.84
 0.48884 5079.66
 0.48896 5080.48
 0.48908 5081.29
 0.4892 5082.1
 0.48932 5082.91
 0.48944 5083.71
 0.48956 5084.52
 0.48968 5085.32
 0.4898 5086.12
 0.48992 5086.92
 0.49004 5087.72
 0.49016 5088.51
 0.49028 5089.3
 0.4904 5090.1
 0.49052 5090.89
 0.49064 5091.68
 0.49076 5092.46
 0.49088 5093.25
 0.491 5094.04
 0.49112 5094.82
 0.49124 5095.6
 0.49136 5096.39
 0.49148 5097.17
 0.4916 5097.95
 0.49172 5098.72
 0.49184 5099.5
 0.49196 5100.28
 0.49208 5101.06
 0.4922 5101.83
 0.49232 5102.61
 0.49244 5103.38
 0.49256 5104.16
 0.49268 5104.93
 0.4928 5105.7
 0.49292 5106.47
 0.49304 5107.24
 0.49316 5108
 0.49328 5108.77
 0.4934 5109.53
 0.49352 5110.29
 0.49364 5111.05
 0.49376 5111.8
 0.49388 5112.56
 0.494 5113.31
 0.49412 5114.06
 0.49424 5114.81
 0.49436 5115.55
 0.49448 5116.3
 0.4946 5117.04
 0.49472 5117.78
 0.49484 5118.51
 0.49496 5119.24
 0.49508 5119.97
 0.4952 5120.7
 0.49532 5121.42
 0.49544 5122.14
 0.49556 5122.85
 0.49568 5123.57
 0.4958 5124.28
 0.49592 5124.98
 0.49604 5125.69
 0.49616 5126.38
 0.49628 5127.08
 0.4964 5127.77
 0.49652 5128.46
 0.49664 5129.14
 0.49676 5129.82
 0.49688 5130.5
 0.497 5131.17
 0.49712 5131.83
 0.49724 5132.49
 0.49736 5133.15
 0.49748 5133.81
 0.4976 5134.45
 0.49772 5135.1
 0.49784 5135.74
 0.49796 5136.37
 0.49808 5137
 0.4982 5137.62
 0.49832 5138.24
 0.49844 5138.86
 0.49856 5139.47
 0.49868 5140.07
 0.4988 5140.67
 0.49892 5141.26
 0.49904 5141.84
 0.49916 5142.42
 0.49928 5143
 0.4994 5143.57
 0.49952 5144.13
 0.49964 5144.68
 0.49976 5145.23
 0.49988 5145.77
 0.5 5146.31
 0.50012 5146.83
 0.50024 5147.35
 0.50036 5147.87
 0.50048 5148.37
 0.5006 5148.87
 0.50072 5149.36
 0.50084 5149.84
 0.50096 5150.31
 0.50108 5150.78
 0.5012 5151.23
 0.50132 5151.68
 0.50144 5152.11
 0.50156 5152.54
 0.50168 5152.96
 0.5018 5153.37
 0.50192 5153.76
 0.50204 5154.15
 0.50216 5154.53
 0.50228 5154.89
 0.5024 5155.25
 0.50252 5155.6
 0.50264 5155.93
 0.50276 5156.26
 0.50288 5156.57
 0.503 5156.88
 0.50312 5157.17
 0.50324 5157.46
 0.50336 5157.74
 0.50348 5158
 0.5036 5158.26
 0.50372 5158.51
 0.50384 5158.75
 0.50396 5158.98
 0.50408 5159.2
 0.5042 5159.41
 0.50432 5159.62
 0.50444 5159.81
 0.50456 5160
 0.50468 5160.17
 0.5048 5160.34
 0.50492 5160.5
 0.50504 5160.65
 0.50516 5160.79
 0.50528 5160.92
 0.5054 5161.05
 0.50552 5161.17
 0.50564 5161.28
 0.50576 5161.38
 0.50588 5161.48
 0.506 5161.57
 0.50612 5161.65
 0.50624 5161.73
 0.50636 5161.8
 0.50648 5161.87
 0.5066 5161.93
 0.50672 5161.99
 0.50684 5162.04
 0.50696 5162.09
 0.50708 5162.13
 0.5072 5162.17
 0.50732 5162.21
 0.50744 5162.24
 0.50756 5162.27
 0.50768 5162.3
 0.5078 5162.32
 0.50792 5162.34
 0.50804 5162.35
 0.50816 5162.37
 0.50828 5162.38
 0.5084 5162.39
 0.50852 5162.4
 0.50864 5162.4
 0.50876 5162.41
 0.50888 5162.41
 0.509 5162.41
 0.50912 5162.41
 0.50924 5162.41
 0.50936 5162.41
 0.50948 5162.41
 0.5096 5162.41
 0.50972 5162.41
 0.50984 5162.4
 0.50996 5162.4
 0.51008 5162.4
 0.5102 5162.4
 0.51032 5162.4
 0.51044 5162.41
 0.51056 5162.41
 0.51068 5162.41
 0.5108 5162.42
 0.51092 5162.43
 0.51104 5162.44
 0.51116 5162.45
 0.51128 5162.46
 0.5114 5162.47
 0.51152 5162.49
 0.51164 5162.5
 0.51176 5162.52
 0.51188 5162.54
 0.512 5162.57
 0.51212 5162.59
 0.51224 5162.62
 0.51236 5162.65
 0.51248 5162.68
 0.5126 5162.72
 0.51272 5162.75
 0.51284 5162.79
 0.51296 5162.83
 0.51308 5162.87
 0.5132 5162.91
 0.51332 5162.95
 0.51344 5162.99
 0.51356 5163.03
 0.51368 5163.08
 0.5138 5163.12
 0.51392 5163.17
 0.51404 5163.22
 0.51416 5163.26
 0.51428 5163.31
 0.5144 5163.36
 0.51452 5163.41
 0.51464 5163.45
 0.51476 5163.5
 0.51488 5163.55
 0.515 5163.6
 0.51512 5163.66
 0.51524 5163.71
 0.51536 5163.76
 0.51548 5163.82
 0.5156 5163.87
 0.51572 5163.93
 0.51584 5163.99
 0.51596 5164.05
 0.51608 5164.11
 0.5162 5164.18
 0.51632 5164.24
 0.51644 5164.31
 0.51656 5164.38
 0.51668 5164.46
 0.5168 5164.54
 0.51692 5164.62
 0.51704 5164.71
 0.51716 5164.8
 0.51728 5164.9
 0.5174 5165
 0.51752 5165.1
 0.51764 5165.21
 0.51776 5165.33
 0.51788 5165.45
 0.518 5165.57
 0.51812 5165.7
 0.51824 5165.84
 0.51836 5165.98
 0.51848 5166.12
 0.5186 5166.27
 0.51872 5166.43
 0.51884 5166.59
 0.51896 5166.75
 0.51908 5166.93
 0.5192 5167.1
 0.51932 5167.28
 0.51944 5167.47
 0.51956 5167.67
 0.51968 5167.86
 0.5198 5168.07
 0.51992 5168.28
 0.52004 5168.49
 0.52016 5168.71
 0.52028 5168.94
 0.5204 5169.17
 0.52052 5169.41
 0.52064 5169.65
 0.52076 5169.9
 0.52088 5170.15
 0.521 5170.41
 0.52112 5170.68
 0.52124 5170.95
 0.52136 5171.22
 0.52148 5171.5
 0.5216 5171.79
 0.52172 5172.09
 0.52184 5172.39
 0.52196 5172.69
 0.52208 5173.01
 0.5222 5173.33
 0.52232 5173.66
 0.52244 5173.99
 0.52256 5174.34
 0.52268 5174.69
 0.5228 5175.05
 0.52292 5175.42
 0.52304 5175.8
 0.52316 5176.19
 0.52328 5176.59
 0.5234 5177
 0.52352 5177.42
 0.52364 5177.85
 0.52376 5178.3
 0.52388 5178.75
 0.524 5179.21
 0.52412 5179.69
 0.52424 5180.18
 0.52436 5180.68
 0.52448 5181.19
 0.5246 5181.71
 0.52472 5182.24
 0.52484 5182.78
 0.52496 5183.34
 0.52508 5183.91
 0.5252 5184.49
 0.52532 5185.08
 0.52544 5185.69
 0.52556 5186.3
 0.52568 5186.93
 0.5258 5187.57
 0.52592 5188.22
 0.52604 5188.89
 0.52616 5189.56
 0.52628 5190.25
 0.5264 5190.96
 0.52652 5191.67
 0.52664 5192.4
 0.52676 5193.14
 0.52688 5193.89
 0.527 5194.66
 0.52712 5195.43
 0.52724 5196.22
 0.52736 5197.03
 0.52748 5197.85
 0.5276 5198.68
 0.52772 5199.52
 0.52784 5200.38
 0.52796 5201.24
 0.52808 5202.13
 0.5282 5203.02
 0.52832 5203.93
 0.52844 5204.86
 0.52856 5205.79
 0.52868 5206.74
 0.5288 5207.71
 0.52892 5208.69
 0.52904 5209.68
 0.52916 5210.68
 0.52928 5211.7
 0.5294 5212.74
 0.52952 5213.78
 0.52964 5214.85
 0.52976 5215.92
 0.52988 5217.01
 0.53 5218.12
 0.53012 5219.24
 0.53024 5220.37
 0.53036 5221.52
 0.53048 5222.68
 0.5306 5223.86
 0.53072 5225.05
 0.53084 5226.25
 0.53096 5227.47
 0.53108 5228.7
 0.5312 5229.95
 0.53132 5231.21
 0.53144 5232.48
 0.53156 5233.77
 0.53168 5235.07
 0.5318 5236.39
 0.53192 5237.72
 0.53204 5239.06
 0.53216 5240.42
 0.53228 5241.79
 0.5324 5243.18
 0.53252 5244.57
 0.53264 5245.99
 0.53276 5247.41
 0.53288 5248.85
 0.533 5250.3
 0.53312 5251.76
 0.53324 5253.23
 0.53336 5254.72
 0.53348 5256.22
 0.5336 5257.73
 0.53372 5259.26
 0.53384 5260.8
 0.53396 5262.35
 0.53408 5263.91
 0.5342 5265.48
 0.53432 5267.07
 0.53444 5268.67
 0.53456 5270.28
 0.53468 5271.9
 0.5348 5273.54
 0.53492 5275.19
 0.53504 5276.85
 0.53516 5278.53
 0.53528 5280.21
 0.5354 5281.91
 0.53552 5283.62
 0.53564 5285.33
 0.53576 5287.06
 0.53588 5288.8
 0.536 5290.55
 0.53612 5292.32
 0.53624 5294.09
 0.53636 5295.87
 0.53648 5297.66
 0.5366 5299.46
 0.53672 5301.26
 0.53684 5303.08
 0.53696 5304.91
 0.53708 5306.74
 0.5372 5308.59
 0.53732 5310.44
 0.53744 5312.3
 0.53756 5314.16
 0.53768 5316.04
 0.5378 5317.92
 0.53792 5319.81
 0.53804 5321.7
 0.53816 5323.6
 0.53828 5325.51
 0.5384 5327.42
 0.53852 5329.34
 0.53864 5331.26
 0.53876 5333.19
 0.53888 5335.12
 0.539 5337.06
 0.53912 5339
 0.53924 5340.94
 0.53936 5342.88
 0.53948 5344.83
 0.5396 5346.78
 0.53972 5348.73
 0.53984 5350.68
 0.53996 5352.64
 0.54008 5354.59
 0.5402 5356.55
 0.54032 5358.5
 0.54044 5360.46
 0.54056 5362.41
 0.54068 5364.37
 0.5408 5366.32
 0.54092 5368.27
 0.54104 5370.23
 0.54116 5372.18
 0.54128 5374.13
 0.5414 5376.08
 0.54152 5378.02
 0.54164 5379.97
 0.54176 5381.91
 0.54188 5383.85
 0.542 5385.79
 0.54212 5387.73
 0.54224 5389.66
 0.54236 5391.59
 0.54248 5393.52
 0.5426 5395.45
 0.54272 5397.38
 0.54284 5399.31
 0.54296 5401.23
 0.54308 5403.16
 0.5432 5405.08
 0.54332 5407.01
 0.54344 5408.93
 0.54356 5410.85
 0.54368 5412.78
 0.5438 5414.7
 0.54392 5416.62
 0.54404 5418.54
 0.54416 5420.47
 0.54428 5422.39
 0.5444 5424.32
 0.54452 5426.24
 0.54464 5428.17
 0.54476 5430.09
 0.54488 5432.02
 0.545 5433.95
 0.54512 5435.88
 0.54524 5437.81
 0.54536 5439.74
 0.54548 5441.67
 0.5456 5443.6
 0.54572 5445.53
 0.54584 5447.46
 0.54596 5449.4
 0.54608 5451.33
 0.5462 5453.26
 0.54632 5455.2
 0.54644 5457.13
 0.54656 5459.06
 0.54668 5461
 0.5468 5462.93
 0.54692 5464.85
 0.54704 5466.78
 0.54716 5468.7
 0.54728 5470.63
 0.5474 5472.54
 0.54752 5474.46
 0.54764 5476.37
 0.54776 5478.28
 0.54788 5480.18
 0.548 5482.08
 0.54812 5483.98
 0.54824 5485.87
 0.54836 5487.75
 0.54848 5489.63
 0.5486 5491.5
 0.54872 5493.37
 0.54884 5495.23
 0.54896 5497.09
 0.54908 5498.94
 0.5492 5500.78
 0.54932 5502.61
 0.54944 5504.44
 0.54956 5506.25
 0.54968 5508.06
 0.5498 5509.86
 0.54992 5511.65
 0.55004 5513.43
 0.55016 5515.21
 0.55028 5516.97
 0.5504 5518.72
 0.55052 5520.46
 0.55064 5522.19
 0.55076 5523.91
 0.55088 5525.62
 0.551 5527.32
 0.55112 5529.01
 0.55124 5530.68
 0.55136 5532.34
 0.55148 5533.99
 0.5516 5535.62
 0.55172 5537.24
 0.55184 5538.85
 0.55196 5540.44
 0.55208 5542.01
 0.5522 5543.57
 0.55232 5545.11
 0.55244 5546.64
 0.55256 5548.15
 0.55268 5549.64
 0.5528 5551.11
 0.55292 5552.56
 0.55304 5553.99
 0.55316 5555.41
 0.55328 5556.8
 0.5534 5558.17
 0.55352 5559.52
 0.55364 5560.84
 0.55376 5562.15
 0.55388 5563.43
 0.554 5564.69
 0.55412 5565.92
 0.55424 5567.14
 0.55436 5568.33
 0.55448 5569.5
 0.5546 5570.65
 0.55472 5571.77
 0.55484 5572.87
 0.55496 5573.95
 0.55508 5575.01
 0.5552 5576.04
 0.55532 5577.05
 0.55544 5578.04
 0.55556 5579.01
 0.55568 5579.96
 0.5558 5580.88
 0.55592 5581.78
 0.55604 5582.66
 0.55616 5583.51
 0.55628 5584.35
 0.5564 5585.16
 0.55652 5585.95
 0.55664 5586.72
 0.55676 5587.47
 0.55688 5588.19
 0.557 5588.89
 0.55712 5589.58
 0.55724 5590.24
 0.55736 5590.88
 0.55748 5591.49
 0.5576 5592.09
 0.55772 5592.67
 0.55784 5593.22
 0.55796 5593.76
 0.55808 5594.27
 0.5582 5594.76
 0.55832 5595.24
 0.55844 5595.69
 0.55856 5596.12
 0.55868 5596.53
 0.5588 5596.93
 0.55892 5597.3
 0.55904 5597.65
 0.55916 5597.98
 0.55928 5598.3
 0.5594 5598.59
 0.55952 5598.87
 0.55964 5599.12
 0.55976 5599.36
 0.55988 5599.57
 0.56 5599.77
 0.56012 5599.95
 0.56024 5600.11
 0.56036 5600.25
 0.56048 5600.38
 0.5606 5600.48
 0.56072 5600.57
 0.56084 5600.64
 0.56096 5600.69
 0.56108 5600.73
 0.5612 5600.74
 0.56132 5600.74
 0.56144 5600.73
 0.56156 5600.69
 0.56168 5600.64
 0.5618 5600.57
 0.56192 5600.48
 0.56204 5600.38
 0.56216 5600.26
 0.56228 5600.12
 0.5624 5599.97
 0.56252 5599.8
 0.56264 5599.61
 0.56276 5599.4
 0.56288 5599.18
 0.563 5598.94
 0.56312 5598.68
 0.56324 5598.41
 0.56336 5598.12
 0.56348 5597.81
 0.5636 5597.48
 0.56372 5597.14
 0.56384 5596.77
 0.56396 5596.39
 0.56408 5595.99
 0.5642 5595.58
 0.56432 5595.14
 0.56444 5594.68
 0.56456 5594.2
 0.56468 5593.7
 0.5648 5593.19
 0.56492 5592.65
 0.56504 5592.09
 0.56516 5591.5
 0.56528 5590.9
 0.5654 5590.27
 0.56552 5589.63
 0.56564 5588.96
 0.56576 5588.26
 0.56588 5587.55
 0.566 5586.81
 0.56612 5586.05
 0.56624 5585.26
 0.56636 5584.45
 0.56648 5583.62
 0.5666 5582.76
 0.56672 5581.87
 0.56684 5580.96
 0.56696 5580.03
 0.56708 5579.07
 0.5672 5578.08
 0.56732 5577.07
 0.56744 5576.03
 0.56756 5574.96
 0.56768 5573.87
 0.5678 5572.75
 0.56792 5571.6
 0.56804 5570.43
 0.56816 5569.23
 0.56828 5568
 0.5684 5566.75
 0.56852 5565.47
 0.56864 5564.17
 0.56876 5562.84
 0.56888 5561.48
 0.569 5560.1
 0.56912 5558.7
 0.56924 5557.27
 0.56936 5555.81
 0.56948 5554.33
 0.5696 5552.83
 0.56972 5551.3
 0.56984 5549.75
 0.56996 5548.17
 0.57008 5546.57
 0.5702 5544.95
 0.57032 5543.3
 0.57044 5541.63
 0.57056 5539.94
 0.57068 5538.22
 0.5708 5536.48
 0.57092 5534.72
 0.57104 5532.93
 0.57116 5531.12
 0.57128 5529.29
 0.5714 5527.44
 0.57152 5525.57
 0.57164 5523.67
 0.57176 5521.76
 0.57188 5519.82
 0.572 5517.86
 0.57212 5515.88
 0.57224 5513.88
 0.57236 5511.85
 0.57248 5509.81
 0.5726 5507.74
 0.57272 5505.66
 0.57284 5503.55
 0.57296 5501.42
 0.57308 5499.27
 0.5732 5497.1
 0.57332 5494.91
 0.57344 5492.7
 0.57356 5490.47
 0.57368 5488.22
 0.5738 5485.95
 0.57392 5483.65
 0.57404 5481.34
 0.57416 5479
 0.57428 5476.65
 0.5744 5474.27
 0.57452 5471.88
 0.57464 5469.46
 0.57476 5467.02
 0.57488 5464.57
 0.575 5462.09
 0.57512 5459.59
 0.57524 5457.08
 0.57536 5454.54
 0.57548 5451.99
 0.5756 5449.41
 0.57572 5446.82
 0.57584 5444.2
 0.57596 5441.57
 0.57608 5438.92
 0.5762 5436.25
 0.57632 5433.56
 0.57644 5430.86
 0.57656 5428.14
 0.57668 5425.4
 0.5768 5422.65
 0.57692 5419.88
 0.57704 5417.09
 0.57716 5414.3
 0.57728 5411.49
 0.5774 5408.66
 0.57752 5405.82
 0.57764 5402.98
 0.57776 5400.12
 0.57788 5397.24
 0.578 5394.36
 0.57812 5391.47
 0.57824 5388.57
 0.57836 5385.66
 0.57848 5382.74
 0.5786 5379.81
 0.57872 5376.87
 0.57884 5373.93
 0.57896 5370.98
 0.57908 5368.03
 0.5792 5365.07
 0.57932 5362.1
 0.57944 5359.13
 0.57956 5356.15
 0.57968 5353.17
 0.5798 5350.19
 0.57992 5347.2
 0.58004 5344.21
 0.58016 5341.22
 0.58028 5338.23
 0.5804 5335.23
 0.58052 5332.23
 0.58064 5329.24
 0.58076 5326.24
 0.58088 5323.25
 0.581 5320.25
 0.58112 5317.26
 0.58124 5314.27
 0.58136 5311.28
 0.58148 5308.29
 0.5816 5305.31
 0.58172 5302.34
 0.58184 5299.36
 0.58196 5296.4
 0.58208 5293.44
 0.5822 5290.48
 0.58232 5287.54
 0.58244 5284.6
 0.58256 5281.67
 0.58268 5278.75
 0.5828 5275.84
 0.58292 5272.94
 0.58304 5270.05
 0.58316 5267.17
 0.58328 5264.31
 0.5834 5261.45
 0.58352 5258.61
 0.58364 5255.78
 0.58376 5252.97
 0.58388 5250.17
 0.584 5247.38
 0.58412 5244.61
 0.58424 5241.86
 0.58436 5239.11
 0.58448 5236.39
 0.5846 5233.67
 0.58472 5230.97
 0.58484 5228.29
 0.58496 5225.62
 0.58508 5222.96
 0.5852 5220.32
 0.58532 5217.7
 0.58544 5215.09
 0.58556 5212.49
 0.58568 5209.91
 0.5858 5207.34
 0.58592 5204.79
 0.58604 5202.25
 0.58616 5199.73
 0.58628 5197.22
 0.5864 5194.72
 0.58652 5192.24
 0.58664 5189.77
 0.58676 5187.32
 0.58688 5184.88
 0.587 5182.46
 0.58712 5180.05
 0.58724 5177.65
 0.58736 5175.26
 0.58748 5172.89
 0.5876 5170.53
 0.58772 5168.18
 0.58784 5165.84
 0.58796 5163.52
 0.58808 5161.2
 0.5882 5158.9
 0.58832 5156.61
 0.58844 5154.33
 0.58856 5152.06
 0.58868 5149.8
 0.5888 5147.55
 0.58892 5145.32
 0.58904 5143.09
 0.58916 5140.87
 0.58928 5138.66
 0.5894 5136.46
 0.58952 5134.27
 0.58964 5132.09
 0.58976 5129.92
 0.58988 5127.76
 0.59 5125.6
 0.59012 5123.45
 0.59024 5121.32
 0.59036 5119.18
 0.59048 5117.06
 0.5906 5114.95
 0.59072 5112.84
 0.59084 5110.74
 0.59096 5108.65
 0.59108 5106.56
 0.5912 5104.49
 0.59132 5102.42
 0.59144 5100.35
 0.59156 5098.3
 0.59168 5096.25
 0.5918 5094.21
 0.59192 5092.18
 0.59204 5090.15
 0.59216 5088.14
 0.59228 5086.13
 0.5924 5084.13
 0.59252 5082.14
 0.59264 5080.16
 0.59276 5078.18
 0.59288 5076.22
 0.593 5074.27
 0.59312 5072.32
 0.59324 5070.39
 0.59336 5068.47
 0.59348 5066.56
 0.5936 5064.66
 0.59372 5062.77
 0.59384 5060.89
 0.59396 5059.03
 0.59408 5057.18
 0.5942 5055.35
 0.59432 5053.53
 0.59444 5051.72
 0.59456 5049.93
 0.59468 5048.16
 0.5948 5046.41
 0.59492 5044.68
 0.59504 5042.96
 0.59516 5041.27
 0.59528 5039.59
 0.5954 5037.94
 0.59552 5036.31
 0.59564 5034.7
 0.59576 5033.12
 0.59588 5031.56
 0.596 5030.03
 0.59612 5028.52
 0.59624 5027.04
 0.59636 5025.59
 0.59648 5024.16
 0.5966 5022.77
 0.59672 5021.41
 0.59684 5020.08
 0.59696 5018.78
 0.59708 5017.51
 0.5972 5016.28
 0.59732 5015.08
 0.59744 5013.92
 0.59756 5012.79
 0.59768 5011.7
 0.5978 5010.65
 0.59792 5009.64
 0.59804 5008.66
 0.59816 5007.72
 0.59828 5006.82
 0.5984 5005.96
 0.59852 5005.14
 0.59864 5004.36
 0.59876 5003.62
 0.59888 5002.92
 0.599 5002.27
 0.59912 5001.65
 0.59924 5001.08
 0.59936 5000.55
 0.59948 5000.07
 0.5996 4999.63
 0.59972 4999.24
 0.59984 4998.89
 0.59996 4998.58
 0.60008 4998.33
 0.6002 4998.12
 0.60032 4997.95
 0.60044 4997.83
 0.60056 4997.76
 0.60068 4997.74
 0.6008 4997.77
 0.60092 4997.84
 0.60104 4997.96
 0.60116 4998.13
 0.60128 4998.34
 0.6014 4998.61
 0.60152 4998.92
 0.60164 4999.28
 0.60176 4999.69
 0.60188 5000.14
 0.602 5000.64
 0.60212 5001.2
 0.60224 5001.79
 0.60236 5002.44
 0.60248 5003.13
 0.6026 5003.87
 0.60272 5004.66
 0.60284 5005.49
 0.60296 5006.37
 0.60308 5007.29
 0.6032 5008.26
 0.60332 5009.28
 0.60344 5010.34
 0.60356 5011.45
 0.60368 5012.6
 0.6038 5013.8
 0.60392 5015.04
 0.60404 5016.32
 0.60416 5017.65
 0.60428 5019.03
 0.6044 5020.44
 0.60452 5021.9
 0.60464 5023.41
 0.60476 5024.95
 0.60488 5026.54
 0.605 5028.17
 0.60512 5029.85
 0.60524 5031.57
 0.60536 5033.32
 0.60548 5035.12
 0.6056 5036.96
 0.60572 5038.85
 0.60584 5040.77
 0.60596 5042.73
 0.60608 5044.74
 0.6062 5046.78
 0.60632 5048.86
 0.60644 5050.98
 0.60656 5053.14
 0.60668 5055.34
 0.6068 5057.57
 0.60692 5059.84
 0.60704 5062.15
 0.60716 5064.49
 0.60728 5066.86
 0.6074 5069.27
 0.60752 5071.72
 0.60764 5074.19
 0.60776 5076.7
 0.60788 5079.25
 0.608 5081.82
 0.60812 5084.43
 0.60824 5087.06
 0.60836 5089.73
 0.60848 5092.42
 0.6086 5095.15
 0.60872 5097.9
 0.60884 5100.68
 0.60896 5103.5
 0.60908 5106.33
 0.6092 5109.2
 0.60932 5112.09
 0.60944 5115.01
 0.60956 5117.96
 0.60968 5120.93
 0.6098 5123.93
 0.60992 5126.95
 0.61004 5130
 0.61016 5133.07
 0.61028 5136.17
 0.6104 5139.28
 0.61052 5142.43
 0.61064 5145.59
 0.61076 5148.78
 0.61088 5151.98
 0.611 5155.21
 0.61112 5158.46
 0.61124 5161.73
 0.61136 5165.01
 0.61148 5168.32
 0.6116 5171.65
 0.61172 5174.99
 0.61184 5178.35
 0.61196 5181.73
 0.61208 5185.12
 0.6122 5188.53
 0.61232 5191.95
 0.61244 5195.39
 0.61256 5198.85
 0.61268 5202.31
 0.6128 5205.8
 0.61292 5209.29
 0.61304 5212.8
 0.61316 5216.32
 0.61328 5219.85
 0.6134 5223.39
 0.61352 5226.95
 0.61364 5230.51
 0.61376 5234.09
 0.61388 5237.68
 0.614 5241.27
 0.61412 5244.88
 0.61424 5248.49
 0.61436 5252.11
 0.61448 5255.75
 0.6146 5259.39
 0.61472 5263.04
 0.61484 5266.7
 0.61496 5270.36
 0.61508 5274.04
 0.6152 5277.72
 0.61532 5281.42
 0.61544 5285.11
 0.61556 5288.82
 0.61568 5292.54
 0.6158 5296.26
 0.61592 5299.99
 0.61604 5303.72
 0.61616 5307.46
 0.61628 5311.21
 0.6164 5314.97
 0.61652 5318.73
 0.61664 5322.5
 0.61676 5326.28
 0.61688 5330.06
 0.617 5333.85
 0.61712 5337.65
 0.61724 5341.45
 0.61736 5345.27
 0.61748 5349.08
 0.6176 5352.91
 0.61772 5356.74
 0.61784 5360.58
 0.61796 5364.42
 0.61808 5368.27
 0.6182 5372.13
 0.61832 5375.99
 0.61844 5379.86
 0.61856 5383.74
 0.61868 5387.62
 0.6188 5391.51
 0.61892 5395.41
 0.61904 5399.31
 0.61916 5403.22
 0.61928 5407.13
 0.6194 5411.05
 0.61952 5414.97
 0.61964 5418.9
 0.61976 5422.83
 0.61988 5426.77
 0.62 5430.72
 0.62012 5434.67
 0.62024 5438.62
 0.62036 5442.58
 0.62048 5446.55
 0.6206 5450.52
 0.62072 5454.49
 0.62084 5458.46
 0.62096 5462.44
 0.62108 5466.43
 0.6212 5470.41
 0.62132 5474.4
 0.62144 5478.4
 0.62156 5482.39
 0.62168 5486.39
 0.6218 5490.39
 0.62192 5494.39
 0.62204 5498.39
 0.62216 5502.39
 0.62228 5506.39
 0.6224 5510.4
 0.62252 5514.4
 0.62264 5518.4
 0.62276 5522.4
 0.62288 5526.4
 0.623 5530.39
 0.62312 5534.38
 0.62324 5538.37
 0.62336 5542.35
 0.62348 5546.33
 0.6236 5550.3
 0.62372 5554.27
 0.62384 5558.23
 0.62396 5562.18
 0.62408 5566.13
 0.6242 5570.06
 0.62432 5573.99
 0.62444 5577.9
 0.62456 5581.81
 0.62468 5585.7
 0.6248 5589.57
 0.62492 5593.44
 0.62504 5597.29
 0.62516 5601.12
 0.62528 5604.94
 0.6254 5608.74
 0.62552 5612.53
 0.62564 5616.29
 0.62576 5620.04
 0.62588 5623.76
 0.626 5627.46
 0.62612 5631.15
 0.62624 5634.8
 0.62636 5638.44
 0.62648 5642.04
 0.6266 5645.63
 0.62672 5649.18
 0.62684 5652.71
 0.62696 5656.21
 0.62708 5659.68
 0.6272 5663.12
 0.62732 5666.53
 0.62744 5669.9
 0.62756 5673.25
 0.62768 5676.56
 0.6278 5679.83
 0.62792 5683.07
 0.62804 5686.28
 0.62816 5689.44
 0.62828 5692.57
 0.6284 5695.66
 0.62852 5698.71
 0.62864 5701.72
 0.62876 5704.69
 0.62888 5707.62
 0.629 5710.51
 0.62912 5713.35
 0.62924 5716.15
 0.62936 5718.9
 0.62948 5721.6
 0.6296 5724.26
 0.62972 5726.86
 0.62984 5729.42
 0.62996 5731.93
 0.63008 5734.39
 0.6302 5736.79
 0.63032 5739.14
 0.63044 5741.44
 0.63056 5743.68
 0.63068 5745.87
 0.6308 5748
 0.63092 5750.08
 0.63104 5752.11
 0.63116 5754.07
 0.63128 5755.98
 0.6314 5757.83
 0.63152 5759.63
 0.63164 5761.37
 0.63176 5763.04
 0.63188 5764.67
 0.632 5766.23
 0.63212 5767.73
 0.63224 5769.18
 0.63236 5770.56
 0.63248 5771.89
 0.6326 5773.16
 0.63272 5774.37
 0.63284 5775.53
 0.63296 5776.62
 0.63308 5777.66
 0.6332 5778.64
 0.63332 5779.56
 0.63344 5780.42
 0.63356 5781.23
 0.63368 5781.97
 0.6338 5782.66
 0.63392 5783.3
 0.63404 5783.87
 0.63416 5784.39
 0.63428 5784.85
 0.6344 5785.25
 0.63452 5785.6
 0.63464 5785.89
 0.63476 5786.12
 0.63488 5786.3
 0.635 5786.42
 0.63512 5786.49
 0.63524 5786.49
 0.63536 5786.45
 0.63548 5786.34
 0.6356 5786.19
 0.63572 5785.97
 0.63584 5785.7
 0.63596 5785.38
 0.63608 5785
 0.6362 5784.57
 0.63632 5784.09
 0.63644 5783.55
 0.63656 5782.96
 0.63668 5782.31
 0.6368 5781.62
 0.63692 5780.87
 0.63704 5780.07
 0.63716 5779.21
 0.63728 5778.31
 0.6374 5777.35
 0.63752 5776.35
 0.63764 5775.29
 0.63776 5774.18
 0.63788 5773.03
 0.638 5771.82
 0.63812 5770.56
 0.63824 5769.26
 0.63836 5767.91
 0.63848 5766.51
 0.6386 5765.06
 0.63872 5763.56
 0.63884 5762.01
 0.63896 5760.42
 0.63908 5758.78
 0.6392 5757.1
 0.63932 5755.36
 0.63944 5753.58
 0.63956 5751.76
 0.63968 5749.89
 0.6398 5747.97
 0.63992 5746.01
 0.64004 5744
 0.64016 5741.94
 0.64028 5739.85
 0.6404 5737.71
 0.64052 5735.52
 0.64064 5733.29
 0.64076 5731.02
 0.64088 5728.71
 0.641 5726.35
 0.64112 5723.95
 0.64124 5721.51
 0.64136 5719.02
 0.64148 5716.5
 0.6416 5713.93
 0.64172 5711.32
 0.64184 5708.67
 0.64196 5705.98
 0.64208 5703.25
 0.6422 5700.48
 0.64232 5697.67
 0.64244 5694.82
 0.64256 5691.93
 0.64268 5689
 0.6428 5686.03
 0.64292 5683.02
 0.64304 5679.97
 0.64316 5676.88
 0.64328 5673.76
 0.6434 5670.59
 0.64352 5667.39
 0.64364 5664.15
 0.64376 5660.87
 0.64388 5657.56
 0.644 5654.2
 0.64412 5650.81
 0.64424 5647.38
 0.64436 5643.92
 0.64448 5640.41
 0.6446 5636.87
 0.64472 5633.3
 0.64484 5629.68
 0.64496 5626.03
 0.64508 5622.35
 0.6452 5618.63
 0.64532 5614.87
 0.64544 5611.07
 0.64556 5607.25
 0.64568 5603.38
 0.6458 5599.49
 0.64592 5595.55
 0.64604 5591.59
 0.64616 5587.58
 0.64628 5583.55
 0.6464 5579.48
 0.64652 5575.38
 0.64664 5571.24
 0.64676 5567.07
 0.64688 5562.87
 0.647 5558.64
 0.64712 5554.37
 0.64724 5550.07
 0.64736 5545.74
 0.64748 5541.38
 0.6476 5536.99
 0.64772 5532.57
 0.64784 5528.11
 0.64796 5523.63
 0.64808 5519.12
 0.6482 5514.58
 0.64832 5510.01
 0.64844 5505.42
 0.64856 5500.8
 0.64868 5496.15
 0.6488 5491.47
 0.64892 5486.78
 0.64904 5482.05
 0.64916 5477.3
 0.64928 5472.53
 0.6494 5467.74
 0.64952 5462.92
 0.64964 5458.08
 0.64976 5453.21
 0.64988 5448.33
 0.65 5443.43
 0.65012 5438.51
 0.65024 5433.56
 0.65036 5428.6
 0.65048 5423.62
 0.6506 5418.63
 0.65072 5413.61
 0.65084 5408.58
 0.65096 5403.54
 0.65108 5398.48
 0.6512 5393.41
 0.65132 5388.32
 0.65144 5383.22
 0.65156 5378.1
 0.65168 5372.98
 0.6518 5367.84
 0.65192 5362.69
 0.65204 5357.53
 0.65216 5352.36
 0.65228 5347.18
 0.6524 5341.99
 0.65252 5336.79
 0.65264 5331.58
 0.65276 5326.37
 0.65288 5321.15
 0.653 5315.93
 0.65312 5310.69
 0.65324 5305.46
 0.65336 5300.22
 0.65348 5294.98
 0.6536 5289.73
 0.65372 5284.48
 0.65384 5279.23
 0.65396 5273.98
 0.65408 5268.73
 0.6542 5263.47
 0.65432 5258.22
 0.65444 5252.97
 0.65456 5247.72
 0.65468 5242.47
 0.6548 5237.22
 0.65492 5231.98
 0.65504 5226.74
 0.65516 5221.51
 0.65528 5216.28
 0.6554 5211.05
 0.65552 5205.83
 0.65564 5200.62
 0.65576 5195.41
 0.65588 5190.21
 0.656 5185.02
 0.65612 5179.84
 0.65624 5174.67
 0.65636 5169.5
 0.65648 5164.35
 0.6566 5159.21
 0.65672 5154.08
 0.65684 5148.95
 0.65696 5143.85
 0.65708 5138.75
 0.6572 5133.67
 0.65732 5128.6
 0.65744 5123.54
 0.65756 5118.5
 0.65768 5113.47
 0.6578 5108.46
 0.65792 5103.47
 0.65804 5098.49
 0.65816 5093.53
 0.65828 5088.59
 0.6584 5083.67
 0.65852 5078.76
 0.65864 5073.87
 0.65876 5069.01
 0.65888 5064.16
 0.659 5059.34
 0.65912 5054.54
 0.65924 5049.76
 0.65936 5045
 0.65948 5040.27
 0.6596 5035.57
 0.65972 5030.89
 0.65984 5026.24
 0.65996 5021.62
 0.66008 5017.02
 0.6602 5012.46
 0.66032 5007.92
 0.66044 5003.42
 0.66056 4998.94
 0.66068 4994.5
 0.6608 4990.09
 0.66092 4985.72
 0.66104 4981.38
 0.66116 4977.07
 0.66128 4972.79
 0.6614 4968.56
 0.66152 4964.36
 0.66164 4960.19
 0.66176 4956.07
 0.66188 4951.98
 0.662 4947.92
 0.66212 4943.91
 0.66224 4939.94
 0.66236 4936
 0.66248 4932.11
 0.6626 4928.25
 0.66272 4924.44
 0.66284 4920.66
 0.66296 4916.93
 0.66308 4913.23
 0.6632 4909.58
 0.66332 4905.97
 0.66344 4902.4
 0.66356 4898.87
 0.66368 4895.39
 0.6638 4891.95
 0.66392 4888.55
 0.66404 4885.19
 0.66416 4881.88
 0.66428 4878.61
 0.6644 4875.38
 0.66452 4872.2
 0.66464 4869.06
 0.66476 4865.97
 0.66488 4862.92
 0.665 4859.91
 0.66512 4856.95
 0.66524 4854.03
 0.66536 4851.15
 0.66548 4848.32
 0.6656 4845.53
 0.66572 4842.78
 0.66584 4840.08
 0.66596 4837.42
 0.66608 4834.8
 0.6662 4832.22
 0.66632 4829.69
 0.66644 4827.2
 0.66656 4824.75
 0.66668 4822.34
 0.6668 4819.97
 0.66692 4817.65
 0.66704 4815.36
 0.66716 4813.12
 0.66728 4810.91
 0.6674 4808.75
 0.66752 4806.63
 0.66764 4804.55
 0.66776 4802.5
 0.66788 4800.5
 0.668 4798.54
 0.66812 4796.61
 0.66824 4794.73
 0.66836 4792.88
 0.66848 4791.07
 0.6686 4789.3
 0.66872 4787.57
 0.66884 4785.88
 0.66896 4784.23
 0.66908 4782.61
 0.6692 4781.03
 0.66932 4779.49
 0.66944 4777.99
 0.66956 4776.52
 0.66968 4775.09
 0.6698 4773.7
 0.66992 4772.34
 0.67004 4771.02
 0.67016 4769.73
 0.67028 4768.48
 0.6704 4767.26
 0.67052 4766.08
 0.67064 4764.93
 0.67076 4763.82
 0.67088 4762.74
 0.671 4761.69
 0.67112 4760.68
 0.67124 4759.71
 0.67136 4758.76
 0.67148 4757.86
 0.6716 4756.98
 0.67172 4756.14
 0.67184 4755.33
 0.67196 4754.56
 0.67208 4753.82
 0.6722 4753.11
 0.67232 4752.44
 0.67244 4751.79
 0.67256 4751.19
 0.67268 4750.61
 0.6728 4750.07
 0.67292 4749.56
 0.67304 4749.09
 0.67316 4748.64
 0.67328 4748.23
 0.6734 4747.86
 0.67352 4747.51
 0.67364 4747.2
 0.67376 4746.92
 0.67388 4746.67
 0.674 4746.46
 0.67412 4746.28
 0.67424 4746.13
 0.67436 4746.01
 0.67448 4745.92
 0.6746 4745.87
 0.67472 4745.85
 0.67484 4745.86
 0.67496 4745.9
 0.67508 4745.98
 0.6752 4746.09
 0.67532 4746.22
 0.67544 4746.39
 0.67556 4746.59
 0.67568 4746.82
 0.6758 4747.09
 0.67592 4747.38
 0.67604 4747.7
 0.67616 4748.06
 0.67628 4748.44
 0.6764 4748.86
 0.67652 4749.3
 0.67664 4749.78
 0.67676 4750.28
 0.67688 4750.82
 0.677 4751.38
 0.67712 4751.97
 0.67724 4752.59
 0.67736 4753.24
 0.67748 4753.92
 0.6776 4754.62
 0.67772 4755.35
 0.67784 4756.11
 0.67796 4756.89
 0.67808 4757.7
 0.6782 4758.53
 0.67832 4759.39
 0.67844 4760.27
 0.67856 4761.17
 0.67868 4762.1
 0.6788 4763.05
 0.67892 4764.02
 0.67904 4765.01
 0.67916 4766.02
 0.67928 4767.05
 0.6794 4768.1
 0.67952 4769.17
 0.67964 4770.25
 0.67976 4771.36
 0.67988 4772.48
 0.68 4773.61
 0.68012 4774.76
 0.68024 4775.93
 0.68036 4777.11
 0.68048 4778.3
 0.6806 4779.5
 0.68072 4780.72
 0.68084 4781.94
 0.68096 4783.17
 0.68108 4784.41
 0.6812 4785.66
 0.68132 4786.92
 0.68144 4788.18
 0.68156 4789.45
 0.68168 4790.72
 0.6818 4792
 0.68192 4793.28
 0.68204 4794.57
 0.68216 4795.86
 0.68228 4797.15
 0.6824 4798.44
 0.68252 4799.74
 0.68264 4801.03
 0.68276 4802.33
 0.68288 4803.62
 0.683 4804.92
 0.68312 4806.21
 0.68324 4807.5
 0.68336 4808.79
 0.68348 4810.08
 0.6836 4811.36
 0.68372 4812.64
 0.68384 4813.92
 0.68396 4815.2
 0.68408 4816.46
 0.6842 4817.73
 0.68432 4818.99
 0.68444 4820.25
 0.68456 4821.5
 0.68468 4822.74
 0.6848 4823.98
 0.68492 4825.21
 0.68504 4826.43
 0.68516 4827.65
 0.68528 4828.86
 0.6854 4830.06
 0.68552 4831.26
 0.68564 4832.45
 0.68576 4833.63
 0.68588 4834.8
 0.686 4835.96
 0.68612 4837.11
 0.68624 4838.26
 0.68636 4839.39
 0.68648 4840.52
 0.6866 4841.64
 0.68672 4842.75
 0.68684 4843.85
 0.68696 4844.94
 0.68708 4846.02
 0.6872 4847.09
 0.68732 4848.15
 0.68744 4849.2
 0.68756 4850.24
 0.68768 4851.27
 0.6878 4852.29
 0.68792 4853.3
 0.68804 4854.3
 0.68816 4855.29
 0.68828 4856.27
 0.6884 4857.24
 0.68852 4858.2
 0.68864 4859.14
 0.68876 4860.08
 0.68888 4861.01
 0.689 4861.92
 0.68912 4862.82
 0.68924 4863.71
 0.68936 4864.59
 0.68948 4865.46
 0.6896 4866.32
 0.68972 4867.16
 0.68984 4867.99
 0.68996 4868.8
 0.69008 4869.6
 0.6902 4870.39
 0.69032 4871.17
 0.69044 4871.93
 0.69056 4872.67
 0.69068 4873.4
 0.6908 4874.12
 0.69092 4874.81
 0.69104 4875.5
 0.69116 4876.16
 0.69128 4876.81
 0.6914 4877.45
 0.69152 4878.06
 0.69164 4878.66
 0.69176 4879.24
 0.69188 4879.81
 0.692 4880.35
 0.69212 4880.87
 0.69224 4881.38
 0.69236 4881.87
 0.69248 4882.33
 0.6926 4882.78
 0.69272 4883.21
 0.69284 4883.61
 0.69296 4884
 0.69308 4884.36
 0.6932 4884.71
 0.69332 4885.03
 0.69344 4885.33
 0.69356 4885.61
 0.69368 4885.86
 0.6938 4886.09
 0.69392 4886.3
 0.69404 4886.49
 0.69416 4886.65
 0.69428 4886.8
 0.6944 4886.91
 0.69452 4887.01
 0.69464 4887.08
 0.69476 4887.13
 0.69488 4887.16
 0.695 4887.16
 0.69512 4887.14
 0.69524 4887.1
 0.69536 4887.04
 0.69548 4886.95
 0.6956 4886.85
 0.69572 4886.72
 0.69584 4886.57
 0.69596 4886.41
 0.69608 4886.22
 0.6962 4886.01
 0.69632 4885.79
 0.69644 4885.54
 0.69656 4885.28
 0.69668 4885
 0.6968 4884.7
 0.69692 4884.39
 0.69704 4884.05
 0.69716 4883.7
 0.69728 4883.33
 0.6974 4882.95
 0.69752 4882.55
 0.69764 4882.13
 0.69776 4881.7
 0.69788 4881.25
 0.698 4880.78
 0.69812 4880.3
 0.69824 4879.81
 0.69836 4879.3
 0.69848 4878.78
 0.6986 4878.24
 0.69872 4877.69
 0.69884 4877.12
 0.69896 4876.55
 0.69908 4875.95
 0.6992 4875.35
 0.69932 4874.74
 0.69944 4874.11
 0.69956 4873.47
 0.69968 4872.82
 0.6998 4872.17
 0.69992 4871.5
 0.70004 4870.82
 0.70016 4870.13
 0.70028 4869.43
 0.7004 4868.73
 0.70052 4868.01
 0.70064 4867.29
 0.70076 4866.56
 0.70088 4865.82
 0.701 4865.08
 0.70112 4864.32
 0.70124 4863.57
 0.70136 4862.8
 0.70148 4862.03
 0.7016 4861.25
 0.70172 4860.47
 0.70184 4859.68
 0.70196 4858.88
 0.70208 4858.08
 0.7022 4857.27
 0.70232 4856.46
 0.70244 4855.65
 0.70256 4854.83
 0.70268 4854.01
 0.7028 4853.18
 0.70292 4852.35
 0.70304 4851.51
 0.70316 4850.68
 0.70328 4849.84
 0.7034 4848.99
 0.70352 4848.15
 0.70364 4847.3
 0.70376 4846.45
 0.70388 4845.6
 0.704 4844.74
 0.70412 4843.89
 0.70424 4843.03
 0.70436 4842.17
 0.70448 4841.31
 0.7046 4840.45
 0.70472 4839.59
 0.70484 4838.73
 0.70496 4837.87
 0.70508 4837
 0.7052 4836.14
 0.70532 4835.27
 0.70544 4834.4
 0.70556 4833.53
 0.70568 4832.67
 0.7058 4831.8
 0.70592 4830.93
 0.70604 4830.05
 0.70616 4829.18
 0.70628 4828.31
 0.7064 4827.44
 0.70652 4826.56
 0.70664 4825.69
 0.70676 4824.82
 0.70688 4823.94
 0.707 4823.07
 0.70712 4822.2
 0.70724 4821.32
 0.70736 4820.45
 0.70748 4819.58
 0.7076 4818.7
 0.70772 4817.83
 0.70784 4816.96
 0.70796 4816.1
 0.70808 4815.23
 0.7082 4814.37
 0.70832 4813.51
 0.70844 4812.65
 0.70856 4811.79
 0.70868 4810.94
 0.7088 4810.09
 0.70892 4809.25
 0.70904 4808.41
 0.70916 4807.58
 0.70928 4806.75
 0.7094 4805.92
 0.70952 4805.1
 0.70964 4804.29
 0.70976 4803.49
 0.70988 4802.69
 0.71 4801.9
 0.71012 4801.12
 0.71024 4800.35
 0.71036 4799.59
 0.71048 4798.83
 0.7106 4798.1
 0.71072 4797.37
 0.71084 4796.66
 0.71096 4795.96
 0.71108 4795.27
 0.7112 4794.6
 0.71132 4793.95
 0.71144 4793.31
 0.71156 4792.69
 0.71168 4792.09
 0.7118 4791.5
 0.71192 4790.94
 0.71204 4790.39
 0.71216 4789.87
 0.71228 4789.36
 0.7124 4788.88
 0.71252 4788.42
 0.71264 4787.98
 0.71276 4787.56
 0.71288 4787.16
 0.713 4786.79
 0.71312 4786.44
 0.71324 4786.12
 0.71336 4785.82
 0.71348 4785.55
 0.7136 4785.3
 0.71372 4785.08
 0.71384 4784.88
 0.71396 4784.71
 0.71408 4784.57
 0.7142 4784.46
 0.71432 4784.37
 0.71444 4784.31
 0.71456 4784.28
 0.71468 4784.28
 0.7148 4784.31
 0.71492 4784.36
 0.71504 4784.45
 0.71516 4784.57
 0.71528 4784.72
 0.7154 4784.9
 0.71552 4785.11
 0.71564 4785.36
 0.71576 4785.63
 0.71588 4785.94
 0.716 4786.28
 0.71612 4786.65
 0.71624 4787.05
 0.71636 4787.49
 0.71648 4787.96
 0.7166 4788.46
 0.71672 4788.99
 0.71684 4789.56
 0.71696 4790.16
 0.71708 4790.79
 0.7172 4791.46
 0.71732 4792.15
 0.71744 4792.88
 0.71756 4793.64
 0.71768 4794.43
 0.7178 4795.25
 0.71792 4796.1
 0.71804 4796.98
 0.71816 4797.89
 0.71828 4798.83
 0.7184 4799.8
 0.71852 4800.8
 0.71864 4801.83
 0.71876 4802.89
 0.71888 4803.97
 0.719 4805.09
 0.71912 4806.23
 0.71924 4807.4
 0.71936 4808.59
 0.71948 4809.82
 0.7196 4811.07
 0.71972 4812.35
 0.71984 4813.65
 0.71996 4814.98
 0.72008 4816.34
 0.7202 4817.72
 0.72032 4819.13
 0.72044 4820.56
 0.72056 4822.02
 0.72068 4823.5
 0.7208 4825.01
 0.72092 4826.54
 0.72104 4828.1
 0.72116 4829.68
 0.72128 4831.29
 0.7214 4832.92
 0.72152 4834.58
 0.72164 4836.26
 0.72176 4837.96
 0.72188 4839.69
 0.722 4841.44
 0.72212 4843.22
 0.72224 4845.02
 0.72236 4846.84
 0.72248 4848.69
 0.7226 4850.56
 0.72272 4852.46
 0.72284 4854.37
 0.72296 4856.31
 0.72308 4858.28
 0.7232 4860.26
 0.72332 4862.27
 0.72344 4864.3
 0.72356 4866.36
 0.72368 4868.44
 0.7238 4870.54
 0.72392 4872.66
 0.72404 4874.8
 0.72416 4876.97
 0.72428 4879.16
 0.7244 4881.36
 0.72452 4883.6
 0.72464 4885.85
 0.72476 4888.12
 0.72488 4890.41
 0.725 4892.72
 0.72512 4895.06
 0.72524 4897.41
 0.72536 4899.78
 0.72548 4902.17
 0.7256 4904.57
 0.72572 4907
 0.72584 4909.44
 0.72596 4911.89
 0.72608 4914.37
 0.7262 4916.86
 0.72632 4919.36
 0.72644 4921.89
 0.72656 4924.42
 0.72668 4926.98
 0.7268 4929.54
 0.72692 4932.13
 0.72704 4934.72
 0.72716 4937.34
 0.72728 4939.96
 0.7274 4942.6
 0.72752 4945.26
 0.72764 4947.92
 0.72776 4950.6
 0.72788 4953.3
 0.728 4956
 0.72812 4958.72
 0.72824 4961.45
 0.72836 4964.19
 0.72848 4966.95
 0.7286 4969.71
 0.72872 4972.49
 0.72884 4975.28
 0.72896 4978.07
 0.72908 4980.88
 0.7292 4983.7
 0.72932 4986.53
 0.72944 4989.36
 0.72956 4992.2
 0.72968 4995.06
 0.7298 4997.91
 0.72992 5000.78
 0.73004 5003.65
 0.73016 5006.53
 0.73028 5009.42
 0.7304 5012.31
 0.73052 5015.21
 0.73064 5018.11
 0.73076 5021.02
 0.73088 5023.93
 0.731 5026.85
 0.73112 5029.77
 0.73124 5032.69
 0.73136 5035.62
 0.73148 5038.55
 0.7316 5041.49
 0.73172 5044.42
 0.73184 5047.36
 0.73196 5050.3
 0.73208 5053.24
 0.7322 5056.19
 0.73232 5059.13
 0.73244 5062.08
 0.73256 5065.02
 0.73268 5067.97
 0.7328 5070.92
 0.73292 5073.86
 0.73304 5076.81
 0.73316 5079.75
 0.73328 5082.7
 0.7334 5085.64
 0.73352 5088.57
 0.73364 5091.51
 0.73376 5094.44
 0.73388 5097.37
 0.734 5100.29
 0.73412 5103.21
 0.73424 5106.13
 0.73436 5109.04
 0.73448 5111.95
 0.7346 5114.85
 0.73472 5117.74
 0.73484 5120.63
 0.73496 5123.52
 0.73508 5126.4
 0.7352 5129.28
 0.73532 5132.15
 0.73544 5135.01
 0.73556 5137.87
 0.73568 5140.73
 0.7358 5143.58
 0.73592 5146.42
 0.73604 5149.26
 0.73616 5152.09
 0.73628 5154.92
 0.7364 5157.74
 0.73652 5160.55
 0.73664 5163.36
 0.73676 5166.17
 0.73688 5168.97
 0.737 5171.76
 0.73712 5174.55
 0.73724 5177.33
 0.73736 5180.1
 0.73748 5182.87
 0.7376 5185.64
 0.73772 5188.39
 0.73784 5191.14
 0.73796 5193.89
 0.73808 5196.62
 0.7382 5199.35
 0.73832 5202.07
 0.73844 5204.79
 0.73856 5207.5
 0.73868 5210.2
 0.7388 5212.89
 0.73892 5215.57
 0.73904 5218.25
 0.73916 5220.92
 0.73928 5223.58
 0.7394 5226.23
 0.73952 5228.87
 0.73964 5231.51
 0.73976 5234.13
 0.73988 5236.75
 0.74 5239.35
 0.74012 5241.95
 0.74024 5244.53
 0.74036 5247.1
 0.74048 5249.66
 0.7406 5252.21
 0.74072 5254.75
 0.74084 5257.27
 0.74096 5259.78
 0.74108 5262.27
 0.7412 5264.75
 0.74132 5267.22
 0.74144 5269.67
 0.74156 5272.1
 0.74168 5274.52
 0.7418 5276.92
 0.74192 5279.31
 0.74204 5281.68
 0.74216 5284.02
 0.74228 5286.36
 0.7424 5288.67
 0.74252 5290.96
 0.74264 5293.24
 0.74276 5295.49
 0.74288 5297.72
 0.743 5299.94
 0.74312 5302.13
 0.74324 5304.3
 0.74336 5306.45
 0.74348 5308.58
 0.7436 5310.68
 0.74372 5312.77
 0.74384 5314.83
 0.74396 5316.86
 0.74408 5318.87
 0.7442 5320.86
 0.74432 5322.82
 0.74444 5324.76
 0.74456 5326.67
 0.74468 5328.55
 0.7448 5330.4
 0.74492 5332.23
 0.74504 5334.03
 0.74516 5335.8
 0.74528 5337.55
 0.7454 5339.26
 0.74552 5340.95
 0.74564 5342.6
 0.74576 5344.23
 0.74588 5345.82
 0.746 5347.39
 0.74612 5348.92
 0.74624 5350.43
 0.74636 5351.9
 0.74648 5353.35
 0.7466 5354.76
 0.74672 5356.14
 0.74684 5357.5
 0.74696 5358.82
 0.74708 5360.11
 0.7472 5361.37
 0.74732 5362.61
 0.74744 5363.81
 0.74756 5364.99
 0.74768 5366.14
 0.7478 5367.26
 0.74792 5368.36
 0.74804 5369.43
 0.74816 5370.47
 0.74828 5371.49
 0.7484 5372.48
 0.74852 5373.44
 0.74864 5374.39
 0.74876 5375.31
 0.74888 5376.2
 0.749 5377.08
 0.74912 5377.93
 0.74924 5378.76
 0.74936 5379.57
 0.74948 5380.36
 0.7496 5381.13
 0.74972 5381.87
 0.74984 5382.6
 0.74996 5383.31
 0.75008 5384.01
 0.7502 5384.68
 0.75032 5385.34
 0.75044 5385.98
 0.75056 5386.6
 0.75068 5387.21
 0.7508 5387.8
 0.75092 5388.37
 0.75104 5388.93
 0.75116 5389.47
 0.75128 5390
 0.7514 5390.51
 0.75152 5391
 0.75164 5391.48
 0.75176 5391.94
 0.75188 5392.39
 0.752 5392.83
 0.75212 5393.25
 0.75224 5393.65
 0.75236 5394.04
 0.75248 5394.42
 0.7526 5394.78
 0.75272 5395.13
 0.75284 5395.46
 0.75296 5395.78
 0.75308 5396.09
 0.7532 5396.38
 0.75332 5396.66
 0.75344 5396.93
 0.75356 5397.18
 0.75368 5397.42
 0.7538 5397.65
 0.75392 5397.86
 0.75404 5398.06
 0.75416 5398.25
 0.75428 5398.43
 0.7544 5398.59
 0.75452 5398.75
 0.75464 5398.89
 0.75476 5399.01
 0.75488 5399.13
 0.755 5399.23
 0.75512 5399.33
 0.75524 5399.41
 0.75536 5399.48
 0.75548 5399.54
 0.7556 5399.59
 0.75572 5399.62
 0.75584 5399.65
 0.75596 5399.67
 0.75608 5399.67
 0.7562 5399.67
 0.75632 5399.65
 0.75644 5399.63
 0.75656 5399.59
 0.75668 5399.54
 0.7568 5399.49
 0.75692 5399.42
 0.75704 5399.34
 0.75716 5399.25
 0.75728 5399.15
 0.7574 5399.04
 0.75752 5398.92
 0.75764 5398.78
 0.75776 5398.64
 0.75788 5398.49
 0.758 5398.33
 0.75812 5398.15
 0.75824 5397.97
 0.75836 5397.78
 0.75848 5397.58
 0.7586 5397.36
 0.75872 5397.14
 0.75884 5396.91
 0.75896 5396.67
 0.75908 5396.42
 0.7592 5396.17
 0.75932 5395.9
 0.75944 5395.63
 0.75956 5395.35
 0.75968 5395.06
 0.7598 5394.76
 0.75992 5394.46
 0.76004 5394.15
 0.76016 5393.83
 0.76028 5393.5
 0.7604 5393.17
 0.76052 5392.83
 0.76064 5392.49
 0.76076 5392.14
 0.76088 5391.78
 0.761 5391.41
 0.76112 5391.04
 0.76124 5390.67
 0.76136 5390.28
 0.76148 5389.89
 0.7616 5389.5
 0.76172 5389.1
 0.76184 5388.69
 0.76196 5388.27
 0.76208 5387.85
 0.7622 5387.42
 0.76232 5386.99
 0.76244 5386.55
 0.76256 5386.1
 0.76268 5385.64
 0.7628 5385.18
 0.76292 5384.71
 0.76304 5384.24
 0.76316 5383.76
 0.76328 5383.27
 0.7634 5382.78
 0.76352 5382.28
 0.76364 5381.78
 0.76376 5381.27
 0.76388 5380.75
 0.764 5380.23
 0.76412 5379.71
 0.76424 5379.18
 0.76436 5378.65
 0.76448 5378.11
 0.7646 5377.56
 0.76472 5377.02
 0.76484 5376.46
 0.76496 5375.9
 0.76508 5375.34
 0.7652 5374.77
 0.76532 5374.19
 0.76544 5373.61
 0.76556 5373.02
 0.76568 5372.42
 0.7658 5371.82
 0.76592 5371.21
 0.76604 5370.6
 0.76616 5369.98
 0.76628 5369.35
 0.7664 5368.71
 0.76652 5368.07
 0.76664 5367.42
 0.76676 5366.76
 0.76688 5366.09
 0.767 5365.42
 0.76712 5364.73
 0.76724 5364.04
 0.76736 5363.34
 0.76748 5362.64
 0.7676 5361.92
 0.76772 5361.2
 0.76784 5360.47
 0.76796 5359.73
 0.76808 5358.98
 0.7682 5358.22
 0.76832 5357.45
 0.76844 5356.68
 0.76856 5355.9
 0.76868 5355.1
 0.7688 5354.3
 0.76892 5353.49
 0.76904 5352.67
 0.76916 5351.84
 0.76928 5351.01
 0.7694 5350.16
 0.76952 5349.31
 0.76964 5348.44
 0.76976 5347.57
 0.76988 5346.68
 0.77 5345.79
 0.77012 5344.89
 0.77024 5343.98
 0.77036 5343.06
 0.77048 5342.14
 0.7706 5341.2
 0.77072 5340.26
 0.77084 5339.31
 0.77096 5338.35
 0.77108 5337.38
 0.7712 5336.4
 0.77132 5335.41
 0.77144 5334.42
 0.77156 5333.42
 0.77168 5332.41
 0.7718 5331.4
 0.77192 5330.37
 0.77204 5329.34
 0.77216 5328.31
 0.77228 5327.26
 0.7724 5326.21
 0.77252 5325.15
 0.77264 5324.08
 0.77276 5323.01
 0.77288 5321.93
 0.773 5320.84
 0.77312 5319.75
 0.77324 5318.65
 0.77336 5317.55
 0.77348 5316.44
 0.7736 5315.32
 0.77372 5314.2
 0.77384 5313.07
 0.77396 5311.93
 0.77408 5310.8
 0.7742 5309.65
 0.77432 5308.5
 0.77444 5307.35
 0.77456 5306.19
 0.77468 5305.03
 0.7748 5303.87
 0.77492 5302.7
 0.77504 5301.52
 0.77516 5300.35
 0.77528 5299.16
 0.7754 5297.98
 0.77552 5296.79
 0.77564 5295.6
 0.77576 5294.4
 0.77588 5293.2
 0.776 5291.99
 0.77612 5290.78
 0.77624 5289.57
 0.77636 5288.35
 0.77648 5287.12
 0.7766 5285.9
 0.77672 5284.66
 0.77684 5283.43
 0.77696 5282.18
 0.77708 5280.93
 0.7772 5279.68
 0.77732 5278.42
 0.77744 5277.15
 0.77756 5275.87
 0.77768 5274.59
 0.7778 5273.3
 0.77792 5272
 0.77804 5270.69
 0.77816 5269.37
 0.77828 5268.04
 0.7784 5266.7
 0.77852 5265.35
 0.77864 5263.98
 0.77876 5262.61
 0.77888 5261.22
 0.779 5259.82
 0.77912 5258.41
 0.77924 5256.98
 0.77936 5255.54
 0.77948 5254.09
 0.7796 5252.62
 0.77972 5251.13
 0.77984 5249.63
 0.77996 5248.12
 0.78008 5246.58
 0.7802 5245.03
 0.78032 5243.46
 0.78044 5241.88
 0.78056 5240.27
 0.78068 5238.65
 0.7808 5237.01
 0.78092 5235.36
 0.78104 5233.69
 0.78116 5232
 0.78128 5230.29
 0.7814 5228.56
 0.78152 5226.82
 0.78164 5225.06
 0.78176 5223.29
 0.78188 5221.49
 0.782 5219.68
 0.78212 5217.86
 0.78224 5216.02
 0.78236 5214.16
 0.78248 5212.28
 0.7826 5210.39
 0.78272 5208.48
 0.78284 5206.56
 0.78296 5204.62
 0.78308 5202.66
 0.7832 5200.69
 0.78332 5198.71
 0.78344 5196.7
 0.78356 5194.69
 0.78368 5192.65
 0.7838 5190.61
 0.78392 5188.54
 0.78404 5186.47
 0.78416 5184.38
 0.78428 5182.27
 0.7844 5180.15
 0.78452 5178.02
 0.78464 5175.88
 0.78476 5173.72
 0.78488 5171.54
 0.785 5169.36
 0.78512 5167.16
 0.78524 5164.94
 0.78536 5162.72
 0.78548 5160.48
 0.7856 5158.22
 0.78572 5155.95
 0.78584 5153.67
 0.78596 5151.38
 0.78608 5149.07
 0.7862 5146.74
 0.78632 5144.41
 0.78644 5142.06
 0.78656 5139.7
 0.78668 5137.32
 0.7868 5134.94
 0.78692 5132.54
 0.78704 5130.12
 0.78716 5127.7
 0.78728 5125.26
 0.7874 5122.81
 0.78752 5120.35
 0.78764 5117.87
 0.78776 5115.38
 0.78788 5112.88
 0.788 5110.37
 0.78812 5107.85
 0.78824 5105.31
 0.78836 5102.76
 0.78848 5100.2
 0.7886 5097.63
 0.78872 5095.04
 0.78884 5092.44
 0.78896 5089.83
 0.78908 5087.21
 0.7892 5084.58
 0.78932 5081.93
 0.78944 5079.27
 0.78956 5076.6
 0.78968 5073.91
 0.7898 5071.22
 0.78992 5068.51
 0.79004 5065.79
 0.79016 5063.05
 0.79028 5060.31
 0.7904 5057.55
 0.79052 5054.78
 0.79064 5052
 0.79076 5049.21
 0.79088 5046.41
 0.791 5043.6
 0.79112 5040.77
 0.79124 5037.94
 0.79136 5035.09
 0.79148 5032.24
 0.7916 5029.37
 0.79172 5026.5
 0.79184 5023.62
 0.79196 5020.73
 0.79208 5017.83
 0.7922 5014.93
 0.79232 5012.02
 0.79244 5009.1
 0.79256 5006.18
 0.79268 5003.25
 0.7928 5000.32
 0.79292 4997.38
 0.79304 4994.43
 0.79316 4991.49
 0.79328 4988.53
 0.7934 4985.58
 0.79352 4982.62
 0.79364 4979.66
 0.79376 4976.69
 0.79388 4973.72
 0.794 4970.75
 0.79412 4967.78
 0.79424 4964.8
 0.79436 4961.83
 0.79448 4958.85
 0.7946 4955.87
 0.79472 4952.9
 0.79484 4949.92
 0.79496 4946.95
 0.79508 4943.97
 0.7952 4941
 0.79532 4938.04
 0.79544 4935.07
 0.79556 4932.12
 0.79568 4929.16
 0.7958 4926.21
 0.79592 4923.26
 0.79604 4920.33
 0.79616 4917.39
 0.79628 4914.47
 0.7964 4911.55
 0.79652 4908.63
 0.79664 4905.73
 0.79676 4902.83
 0.79688 4899.94
 0.797 4897.06
 0.79712 4894.19
 0.79724 4891.33
 0.79736 4888.48
 0.79748 4885.64
 0.7976 4882.8
 0.79772 4879.98
 0.79784 4877.17
 0.79796 4874.37
 0.79808 4871.59
 0.7982 4868.81
 0.79832 4866.04
 0.79844 4863.29
 0.79856 4860.55
 0.79868 4857.82
 0.7988 4855.11
 0.79892 4852.4
 0.79904 4849.71
 0.79916 4847.04
 0.79928 4844.37
 0.7994 4841.72
 0.79952 4839.09
 0.79964 4836.47
 0.79976 4833.86
 0.79988 4831.27
