 0.2 -0.121393
 0.20012 -0.121142
 0.20024 -0.120889
 0.20036 -0.120633
 0.20048 -0.120376
 0.2006 -0.120116
 0.20072 -0.119854
 0.20084 -0.11959
 0.20096 -0.119324
 0.20108 -0.119056
 0.2012 -0.118786
 0.20132 -0.118514
 0.20144 -0.11824
 0.20156 -0.117964
 0.20168 -0.117686
 0.2018 -0.117407
 0.20192 -0.117125
 0.20204 -0.116842
 0.20216 -0.116557
 0.20228 -0.116271
 0.2024 -0.115983
 0.20252 -0.115693
 0.20264 -0.115402
 0.20276 -0.115109
 0.20288 -0.114814
 0.203 -0.114519
 0.20312 -0.114221
 0.20324 -0.113923
 0.20336 -0.113623
 0.20348 -0.113322
 0.2036 -0.113019
 0.20372 -0.112716
 0.20384 -0.112411
 0.20396 -0.112105
 0.20408 -0.111798
 0.2042 -0.11149
 0.20432 -0.111181
 0.20444 -0.110871
 0.20456 -0.110561
 0.20468 -0.110249
 0.2048 -0.109937
 0.20492 -0.109624
 0.20504 -0.10931
 0.20516 -0.108996
 0.20528 -0.108682
 0.2054 -0.108366
 0.20552 -0.108051
 0.20564 -0.107735
 0.20576 -0.107418
 0.20588 -0.107101
 0.206 -0.106784
 0.20612 -0.106466
 0.20624 -0.106148
 0.20636 -0.10583
 0.20648 -0.105511
 0.2066 -0.105192
 0.20672 -0.104873
 0.20684 -0.104553
 0.20696 -0.104234
 0.20708 -0.103913
 0.2072 -0.103593
 0.20732 -0.103272
 0.20744 -0.102952
 0.20756 -0.102631
 0.20768 -0.102309
 0.2078 -0.101988
 0.20792 -0.101667
 0.20804 -0.101345
 0.20816 -0.101023
 0.20828 -0.100701
 0.2084 -0.100379
 0.20852 -0.100057
 0.20864 -0.0997353
 0.20876 -0.0994132
 0.20888 -0.0990911
 0.209 -0.098769
 0.20912 -0.0984469
 0.20924 -0.0981249
 0.20936 -0.0978029
 0.20948 -0.097481
 0.2096 -0.0971592
 0.20972 -0.0968376
 0.20984 -0.096516
 0.20996 -0.0961946
 0.21008 -0.0958733
 0.2102 -0.0955522
 0.21032 -0.0952314
 0.21044 -0.0949107
 0.21056 -0.0945902
 0.21068 -0.09427
 0.2108 -0.09395
 0.21092 -0.0936303
 0.21104 -0.0933109
 0.21116 -0.0929917
 0.21128 -0.0926727
 0.2114 -0.0923541
 0.21152 -0.0920358
 0.21164 -0.0917178
 0.21176 -0.0914001
 0.21188 -0.0910828
 0.212 -0.0907658
 0.21212 -0.0904492
 0.21224 -0.0901329
 0.21236 -0.089817
 0.21248 -0.0895015
 0.2126 -0.0891864
 0.21272 -0.0888717
 0.21284 -0.0885574
 0.21296 -0.0882435
 0.21308 -0.08793
 0.2132 -0.087617
 0.21332 -0.0873044
 0.21344 -0.0869923
 0.21356 -0.0866806
 0.21368 -0.0863692
 0.2138 -0.0860583
 0.21392 -0.0857477
 0.21404 -0.0854374
 0.21416 -0.0851275
 0.21428 -0.0848179
 0.2144 -0.0845085
 0.21452 -0.0841995
 0.21464 -0.0838906
 0.21476 -0.083582
 0.21488 -0.0832736
 0.215 -0.0829654
 0.21512 -0.0826573
 0.21524 -0.0823493
 0.21536 -0.0820414
 0.21548 -0.0817336
 0.2156 -0.0814259
 0.21572 -0.0811182
 0.21584 -0.0808105
 0.21596 -0.0805028
 0.21608 -0.0801951
 0.2162 -0.0798873
 0.21632 -0.0795794
 0.21644 -0.0792714
 0.21656 -0.0789633
 0.21668 -0.0786551
 0.2168 -0.0783467
 0.21692 -0.0780381
 0.21704 -0.0777293
 0.21716 -0.0774202
 0.21728 -0.0771109
 0.2174 -0.0768013
 0.21752 -0.0764914
 0.21764 -0.0761813
 0.21776 -0.0758709
 0.21788 -0.0755602
 0.218 -0.0752492
 0.21812 -0.0749379
 0.21824 -0.0746263
 0.21836 -0.0743145
 0.21848 -0.0740023
 0.2186 -0.0736899
 0.21872 -0.0733771
 0.21884 -0.0730641
 0.21896 -0.0727508
 0.21908 -0.0724372
 0.2192 -0.0721234
 0.21932 -0.0718092
 0.21944 -0.0714947
 0.21956 -0.0711799
 0.21968 -0.0708648
 0.2198 -0.0705493
 0.21992 -0.0702335
 0.22004 -0.0699174
 0.22016 -0.0696008
 0.22028 -0.0692838
 0.2204 -0.0689663
 0.22052 -0.0686482
 0.22064 -0.0683295
 0.22076 -0.0680101
 0.22088 -0.06769
 0.221 -0.0673692
 0.22112 -0.0670474
 0.22124 -0.0667249
 0.22136 -0.0664015
 0.22148 -0.0660774
 0.2216 -0.0657525
 0.22172 -0.065427
 0.22184 -0.0651008
 0.22196 -0.0647739
 0.22208 -0.0644466
 0.2222 -0.0641187
 0.22232 -0.0637903
 0.22244 -0.0634615
 0.22256 -0.0631323
 0.22268 -0.0628028
 0.2228 -0.0624731
 0.22292 -0.0621431
 0.22304 -0.0618129
 0.22316 -0.0614825
 0.22328 -0.0611521
 0.2234 -0.0608215
 0.22352 -0.060491
 0.22364 -0.0601604
 0.22376 -0.0598299
 0.22388 -0.0594994
 0.224 -0.0591691
 0.22412 -0.0588389
 0.22424 -0.0585089
 0.22436 -0.0581791
 0.22448 -0.0578495
 0.2246 -0.0575202
 0.22472 -0.0571912
 0.22484 -0.0568624
 0.22496 -0.0565339
 0.22508 -0.0562058
 0.2252 -0.0558779
 0.22532 -0.0555504
 0.22544 -0.0552231
 0.22556 -0.0548963
 0.22568 -0.0545698
 0.2258 -0.0542436
 0.22592 -0.0539179
 0.22604 -0.0535925
 0.22616 -0.0532674
 0.22628 -0.0529428
 0.2264 -0.0526186
 0.22652 -0.0522947
 0.22664 -0.0519713
 0.22676 -0.0516482
 0.22688 -0.0513255
 0.227 -0.0510033
 0.22712 -0.0506814
 0.22724 -0.0503599
 0.22736 -0.0500389
 0.22748 -0.0497182
 0.2276 -0.049398
 0.22772 -0.0490781
 0.22784 -0.0487587
 0.22796 -0.0484397
 0.22808 -0.048121
 0.2282 -0.0478028
 0.22832 -0.047485
 0.22844 -0.0471676
 0.22856 -0.0468506
 0.22868 -0.046534
 0.2288 -0.0462178
 0.22892 -0.0459021
 0.22904 -0.0455867
 0.22916 -0.0452717
 0.22928 -0.0449572
 0.2294 -0.0446431
 0.22952 -0.0443293
 0.22964 -0.044016
 0.22976 -0.0437031
 0.22988 -0.0433906
 0.23 -0.0430785
 0.23012 -0.0427669
 0.23024 -0.0424556
 0.23036 -0.0421447
 0.23048 -0.0418342
 0.2306 -0.0415241
 0.23072 -0.0412143
 0.23084 -0.0409048
 0.23096 -0.0405957
 0.23108 -0.040287
 0.2312 -0.0399785
 0.23132 -0.0396704
 0.23144 -0.0393625
 0.23156 -0.039055
 0.23168 -0.0387477
 0.2318 -0.0384407
 0.23192 -0.0381339
 0.23204 -0.0378274
 0.23216 -0.0375211
 0.23228 -0.037215
 0.2324 -0.0369091
 0.23252 -0.0366033
 0.23264 -0.0362977
 0.23276 -0.0359922
 0.23288 -0.0356869
 0.233 -0.0353816
 0.23312 -0.0350764
 0.23324 -0.0347713
 0.23336 -0.0344662
 0.23348 -0.0341611
 0.2336 -0.033856
 0.23372 -0.033551
 0.23384 -0.0332458
 0.23396 -0.0329407
 0.23408 -0.0326354
 0.2342 -0.0323299
 0.23432 -0.0320243
 0.23444 -0.0317185
 0.23456 -0.0314124
 0.23468 -0.0311061
 0.2348 -0.0307994
 0.23492 -0.0304924
 0.23504 -0.030185
 0.23516 -0.0298772
 0.23528 -0.0295689
 0.2354 -0.0292601
 0.23552 -0.0289509
 0.23564 -0.0286411
 0.23576 -0.0283308
 0.23588 -0.0280199
 0.236 -0.0277086
 0.23612 -0.0273967
 0.23624 -0.0270843
 0.23636 -0.0267713
 0.23648 -0.0264578
 0.2366 -0.0261437
 0.23672 -0.025829
 0.23684 -0.0255137
 0.23696 -0.0251979
 0.23708 -0.0248814
 0.2372 -0.0245643
 0.23732 -0.0242465
 0.23744 -0.0239281
 0.23756 -0.0236089
 0.23768 -0.023289
 0.2378 -0.0229684
 0.23792 -0.022647
 0.23804 -0.0223249
 0.23816 -0.022002
 0.23828 -0.0216784
 0.2384 -0.0213541
 0.23852 -0.0210291
 0.23864 -0.0207034
 0.23876 -0.0203769
 0.23888 -0.0200498
 0.239 -0.0197219
 0.23912 -0.0193934
 0.23924 -0.0190642
 0.23936 -0.0187343
 0.23948 -0.0184038
 0.2396 -0.0180726
 0.23972 -0.0177407
 0.23984 -0.0174082
 0.23996 -0.017075
 0.24008 -0.0167412
 0.2402 -0.0164068
 0.24032 -0.0160718
 0.24044 -0.0157361
 0.24056 -0.0153998
 0.24068 -0.015063
 0.2408 -0.0147257
 0.24092 -0.0143879
 0.24104 -0.0140497
 0.24116 -0.013711
 0.24128 -0.0133719
 0.2414 -0.0130324
 0.24152 -0.0126927
 0.24164 -0.0123526
 0.24176 -0.0120123
 0.24188 -0.0116717
 0.242 -0.0113309
 0.24212 -0.01099
 0.24224 -0.0106489
 0.24236 -0.0103077
 0.24248 -0.00996639
 0.2426 -0.00962502
 0.24272 -0.00928362
 0.24284 -0.00894222
 0.24296 -0.00860084
 0.24308 -0.00825951
 0.2432 -0.00791827
 0.24332 -0.00757713
 0.24344 -0.00723613
 0.24356 -0.00689531
 0.24368 -0.00655469
 0.2438 -0.00621432
 0.24392 -0.00587423
 0.24404 -0.00553444
 0.24416 -0.00519498
 0.24428 -0.00485589
 0.2444 -0.00451719
 0.24452 -0.00417892
 0.24464 -0.00384112
 0.24476 -0.00350381
 0.24488 -0.00316704
 0.245 -0.00283084
 0.24512 -0.00249525
 0.24524 -0.00216029
 0.24536 -0.00182602
 0.24548 -0.00149245
 0.2456 -0.00115964
 0.24572 -0.000827602
 0.24584 -0.000496391
 0.24596 -0.000166041
 0.24608 0.000163409
 0.2462 0.000491921
 0.24632 0.000819457
 0.24644 0.00114598
 0.24656 0.00147144
 0.24668 0.00179581
 0.2468 0.00211906
 0.24692 0.00244113
 0.24704 0.00276199
 0.24716 0.00308161
 0.24728 0.00339994
 0.2474 0.00371695
 0.24752 0.00403261
 0.24764 0.00434691
 0.24776 0.00465982
 0.24788 0.00497131
 0.248 0.00528136
 0.24812 0.00558995
 0.24824 0.00589705
 0.24836 0.00620263
 0.24848 0.00650668
 0.2486 0.00680918
 0.24872 0.00711009
 0.24884 0.00740941
 0.24896 0.0077071
 0.24908 0.00800313
 0.2492 0.00829745
 0.24932 0.00859005
 0.24944 0.00888089
 0.24956 0.00917
 0.24968 0.00945739
 0.2498 0.00974305
 0.24992 0.010027
 0.25004 0.0103092
 0.25016 0.0105897
 0.25028 0.0108682
 0.2504 0.0111449
 0.25052 0.0114196
 0.25064 0.0116923
 0.25076 0.0119629
 0.25088 0.0122313
 0.251 0.0124975
 0.25112 0.0127615
 0.25124 0.0130232
 0.25136 0.0132826
 0.25148 0.0135399
 0.2516 0.013795
 0.25172 0.0140481
 0.25184 0.0142991
 0.25196 0.0145481
 0.25208 0.0147951
 0.2522 0.0150403
 0.25232 0.0152836
 0.25244 0.0155251
 0.25256 0.0157648
 0.25268 0.0160028
 0.2528 0.0162392
 0.25292 0.016474
 0.25304 0.0167072
 0.25316 0.0169389
 0.25328 0.0171692
 0.2534 0.017398
 0.25352 0.0176254
 0.25364 0.0178515
 0.25376 0.0180763
 0.25388 0.0182997
 0.254 0.0185219
 0.25412 0.0187429
 0.25424 0.0189626
 0.25436 0.0191811
 0.25448 0.0193984
 0.2546 0.0196145
 0.25472 0.0198294
 0.25484 0.0200431
 0.25496 0.0202555
 0.25508 0.0204667
 0.2552 0.0206765
 0.25532 0.0208851
 0.25544 0.0210924
 0.25556 0.0212985
 0.25568 0.0215032
 0.2558 0.0217067
 0.25592 0.021909
 0.25604 0.02211
 0.25616 0.0223097
 0.25628 0.0225082
 0.2564 0.0227054
 0.25652 0.0229014
 0.25664 0.0230962
 0.25676 0.0232897
 0.25688 0.023482
 0.257 0.023673
 0.25712 0.0238629
 0.25724 0.0240515
 0.25736 0.024239
 0.25748 0.0244252
 0.2576 0.0246102
 0.25772 0.024794
 0.25784 0.0249766
 0.25796 0.025158
 0.25808 0.0253383
 0.2582 0.0255173
 0.25832 0.0256952
 0.25844 0.0258719
 0.25856 0.0260474
 0.25868 0.0262218
 0.2588 0.026395
 0.25892 0.026567
 0.25904 0.0267379
 0.25916 0.0269076
 0.25928 0.0270762
 0.2594 0.0272436
 0.25952 0.0274099
 0.25964 0.027575
 0.25976 0.0277391
 0.25988 0.027902
 0.26 0.0280637
 0.26012 0.0282244
 0.26024 0.0283839
 0.26036 0.0285423
 0.26048 0.0286996
 0.2606 0.0288557
 0.26072 0.0290106
 0.26084 0.0291644
 0.26096 0.029317
 0.26108 0.0294685
 0.2612 0.0296187
 0.26132 0.0297677
 0.26144 0.0299156
 0.26156 0.0300622
 0.26168 0.0302076
 0.2618 0.0303518
 0.26192 0.0304947
 0.26204 0.0306364
 0.26216 0.0307768
 0.26228 0.0309159
 0.2624 0.0310537
 0.26252 0.0311902
 0.26264 0.0313254
 0.26276 0.0314592
 0.26288 0.0315916
 0.263 0.0317227
 0.26312 0.0318523
 0.26324 0.0319805
 0.26336 0.0321073
 0.26348 0.0322325
 0.2636 0.0323563
 0.26372 0.0324785
 0.26384 0.0325992
 0.26396 0.0327182
 0.26408 0.0328357
 0.2642 0.0329515
 0.26432 0.0330657
 0.26444 0.0331781
 0.26456 0.0332887
 0.26468 0.0333975
 0.2648 0.0335044
 0.26492 0.0336093
 0.26504 0.0337123
 0.26516 0.0338132
 0.26528 0.0339121
 0.2654 0.0340088
 0.26552 0.0341033
 0.26564 0.0341957
 0.26576 0.0342858
 0.26588 0.0343736
 0.266 0.0344591
 0.26612 0.0345423
 0.26624 0.034623
 0.26636 0.0347013
 0.26648 0.0347772
 0.2666 0.0348506
 0.26672 0.0349215
 0.26684 0.0349898
 0.26696 0.0350555
 0.26708 0.0351186
 0.2672 0.0351791
 0.26732 0.0352367
 0.26744 0.0352916
 0.26756 0.0353437
 0.26768 0.0353929
 0.2678 0.0354392
 0.26792 0.0354825
 0.26804 0.0355229
 0.26816 0.0355604
 0.26828 0.0355949
 0.2684 0.0356265
 0.26852 0.0356551
 0.26864 0.0356809
 0.26876 0.0357037
 0.26888 0.0357236
 0.269 0.0357406
 0.26912 0.0357548
 0.26924 0.035766
 0.26936 0.0357744
 0.26948 0.0357798
 0.2696 0.0357825
 0.26972 0.0357822
 0.26984 0.0357791
 0.26996 0.0357731
 0.27008 0.0357642
 0.2702 0.0357525
 0.27032 0.0357379
 0.27044 0.0357204
 0.27056 0.0357001
 0.27068 0.035677
 0.2708 0.0356512
 0.27092 0.0356227
 0.27104 0.0355916
 0.27116 0.0355578
 0.27128 0.0355214
 0.2714 0.0354825
 0.27152 0.0354411
 0.27164 0.0353972
 0.27176 0.0353509
 0.27188 0.0353022
 0.272 0.0352512
 0.27212 0.0351978
 0.27224 0.0351421
 0.27236 0.0350842
 0.27248 0.035024
 0.2726 0.0349616
 0.27272 0.034897
 0.27284 0.0348302
 0.27296 0.0347613
 0.27308 0.0346903
 0.2732 0.0346172
 0.27332 0.034542
 0.27344 0.0344649
 0.27356 0.0343857
 0.27368 0.0343045
 0.2738 0.0342214
 0.27392 0.0341364
 0.27404 0.0340494
 0.27416 0.0339606
 0.27428 0.0338699
 0.2744 0.0337773
 0.27452 0.0336829
 0.27464 0.0335867
 0.27476 0.0334887
 0.27488 0.033389
 0.275 0.0332875
 0.27512 0.0331842
 0.27524 0.0330793
 0.27536 0.0329727
 0.27548 0.0328644
 0.2756 0.0327544
 0.27572 0.0326428
 0.27584 0.0325297
 0.27596 0.032415
 0.27608 0.0322987
 0.2762 0.032181
 0.27632 0.0320619
 0.27644 0.0319413
 0.27656 0.0318193
 0.27668 0.031696
 0.2768 0.0315714
 0.27692 0.0314455
 0.27704 0.0313183
 0.27716 0.0311899
 0.27728 0.0310604
 0.2774 0.0309297
 0.27752 0.0307978
 0.27764 0.0306649
 0.27776 0.030531
 0.27788 0.030396
 0.278 0.03026
 0.27812 0.0301231
 0.27824 0.0299853
 0.27836 0.0298465
 0.27848 0.0297069
 0.2786 0.0295664
 0.27872 0.0294252
 0.27884 0.0292832
 0.27896 0.0291405
 0.27908 0.0289972
 0.2792 0.0288533
 0.27932 0.0287089
 0.27944 0.0285641
 0.27956 0.0284187
 0.27968 0.0282727
 0.2798 0.0281262
 0.27992 0.0279791
 0.28004 0.0278315
 0.28016 0.0276832
 0.28028 0.0275343
 0.2804 0.0273848
 0.28052 0.0272348
 0.28064 0.0270842
 0.28076 0.026933
 0.28088 0.0267813
 0.281 0.0266291
 0.28112 0.0264762
 0.28124 0.0263229
 0.28136 0.0261688
 0.28148 0.0260141
 0.2816 0.0258587
 0.28172 0.0257024
 0.28184 0.0255454
 0.28196 0.0253874
 0.28208 0.0252286
 0.2822 0.0250687
 0.28232 0.0249079
 0.28244 0.024746
 0.28256 0.024583
 0.28268 0.0244189
 0.2828 0.0242537
 0.28292 0.0240873
 0.28304 0.0239197
 0.28316 0.023751
 0.28328 0.0235809
 0.2834 0.0234096
 0.28352 0.023237
 0.28364 0.023063
 0.28376 0.0228877
 0.28388 0.022711
 0.284 0.0225331
 0.28412 0.0223537
 0.28424 0.022173
 0.28436 0.021991
 0.28448 0.0218076
 0.2846 0.0216228
 0.28472 0.0214368
 0.28484 0.0212494
 0.28496 0.0210607
 0.28508 0.0208708
 0.2852 0.0206797
 0.28532 0.0204873
 0.28544 0.0202937
 0.28556 0.0200989
 0.28568 0.0199028
 0.2858 0.0197054
 0.28592 0.0195068
 0.28604 0.0193069
 0.28616 0.0191057
 0.28628 0.0189032
 0.2864 0.0186994
 0.28652 0.0184943
 0.28664 0.0182878
 0.28676 0.0180801
 0.28688 0.017871
 0.287 0.0176606
 0.28712 0.0174488
 0.28724 0.0172357
 0.28736 0.0170213
 0.28748 0.0168054
 0.2876 0.0165882
 0.28772 0.0163696
 0.28784 0.0161497
 0.28796 0.0159284
 0.28808 0.0157056
 0.2882 0.0154815
 0.28832 0.0152559
 0.28844 0.015029
 0.28856 0.0148006
 0.28868 0.0145708
 0.2888 0.0143395
 0.28892 0.0141069
 0.28904 0.0138727
 0.28916 0.0136372
 0.28928 0.0134001
 0.2894 0.0131616
 0.28952 0.0129217
 0.28964 0.0126802
 0.28976 0.0124373
 0.28988 0.0121928
 0.29 0.0119469
 0.29012 0.0116995
 0.29024 0.0114505
 0.29036 0.0112001
 0.29048 0.0109481
 0.2906 0.0106946
 0.29072 0.0104396
 0.29084 0.0101831
 0.29096 0.00992502
 0.29108 0.00966543
 0.2912 0.00940429
 0.29132 0.00914162
 0.29144 0.00887741
 0.29156 0.00861165
 0.29168 0.00834435
 0.2918 0.00807549
 0.29192 0.00780508
 0.29204 0.00753312
 0.29216 0.0072596
 0.29228 0.00698452
 0.2924 0.00670789
 0.29252 0.00642969
 0.29264 0.00614994
 0.29276 0.00586865
 0.29288 0.00558587
 0.293 0.00530162
 0.29312 0.00501594
 0.29324 0.00472884
 0.29336 0.00444038
 0.29348 0.00415057
 0.2936 0.00385945
 0.29372 0.00356704
 0.29384 0.00327339
 0.29396 0.00297852
 0.29408 0.00268246
 0.2942 0.00238526
 0.29432 0.00208695
 0.29444 0.0017876
 0.29456 0.00148726
 0.29468 0.001186
 0.2948 0.000883896
 0.29492 0.000580996
 0.29504 0.00027737
 0.29516 -2.69202e-05
 0.29528 -0.000331813
 0.2954 -0.000637243
 0.29552 -0.000943149
 0.29564 -0.00124947
 0.29576 -0.00155613
 0.29588 -0.00186308
 0.296 -0.00217025
 0.29612 -0.00247757
 0.29624 -0.00278499
 0.29636 -0.00309246
 0.29648 -0.00339995
 0.2966 -0.00370742
 0.29672 -0.00401484
 0.29684 -0.00432218
 0.29696 -0.00462938
 0.29708 -0.00493639
 0.2972 -0.00524317
 0.29732 -0.00554966
 0.29744 -0.00585581
 0.29756 -0.00616158
 0.29768 -0.00646695
 0.2978 -0.00677188
 0.29792 -0.00707637
 0.29804 -0.00738042
 0.29816 -0.00768406
 0.29828 -0.00798729
 0.2984 -0.00829014
 0.29852 -0.00859262
 0.29864 -0.00889475
 0.29876 -0.00919655
 0.29888 -0.00949802
 0.299 -0.0097992
 0.29912 -0.0101001
 0.29924 -0.0104007
 0.29936 -0.0107011
 0.29948 -0.0110013
 0.2996 -0.0113012
 0.29972 -0.0116009
 0.29984 -0.0119004
 0.29996 -0.0121998
 0.30008 -0.012499
 0.3002 -0.012798
 0.30032 -0.0130969
 0.30044 -0.0133957
 0.30056 -0.0136944
 0.30068 -0.013993
 0.3008 -0.0142916
 0.30092 -0.0145902
 0.30104 -0.0148889
 0.30116 -0.0151876
 0.30128 -0.0154864
 0.3014 -0.0157853
 0.30152 -0.0160844
 0.30164 -0.0163837
 0.30176 -0.0166832
 0.30188 -0.0169829
 0.302 -0.0172829
 0.30212 -0.0175833
 0.30224 -0.0178839
 0.30236 -0.0181848
 0.30248 -0.0184861
 0.3026 -0.0187878
 0.30272 -0.0190898
 0.30284 -0.0193922
 0.30296 -0.0196951
 0.30308 -0.0199984
 0.3032 -0.0203021
 0.30332 -0.0206063
 0.30344 -0.020911
 0.30356 -0.0212162
 0.30368 -0.0215219
 0.3038 -0.0218281
 0.30392 -0.0221349
 0.30404 -0.0224422
 0.30416 -0.0227502
 0.30428 -0.0230587
 0.3044 -0.0233678
 0.30452 -0.0236775
 0.30464 -0.0239879
 0.30476 -0.0242989
 0.30488 -0.0246105
 0.305 -0.0249228
 0.30512 -0.0252357
 0.30524 -0.0255494
 0.30536 -0.0258637
 0.30548 -0.0261788
 0.3056 -0.0264946
 0.30572 -0.0268111
 0.30584 -0.0271284
 0.30596 -0.0274465
 0.30608 -0.0277654
 0.3062 -0.0280852
 0.30632 -0.0284059
 0.30644 -0.0287275
 0.30656 -0.0290502
 0.30668 -0.0293738
 0.3068 -0.0296984
 0.30692 -0.0300241
 0.30704 -0.0303509
 0.30716 -0.0306789
 0.30728 -0.0310079
 0.3074 -0.0313382
 0.30752 -0.0316698
 0.30764 -0.0320025
 0.30776 -0.0323366
 0.30788 -0.032672
 0.308 -0.0330088
 0.30812 -0.0333471
 0.30824 -0.0336867
 0.30836 -0.0340279
 0.30848 -0.0343706
 0.3086 -0.0347148
 0.30872 -0.0350606
 0.30884 -0.0354082
 0.30896 -0.0357574
 0.30908 -0.0361086
 0.3092 -0.0364616
 0.30932 -0.0368166
 0.30944 -0.0371737
 0.30956 -0.0375326
 0.30968 -0.0378936
 0.3098 -0.0382565
 0.30992 -0.0386214
 0.31004 -0.0389882
 0.31016 -0.039357
 0.31028 -0.0397276
 0.3104 -0.0401001
 0.31052 -0.0404745
 0.31064 -0.0408508
 0.31076 -0.0412289
 0.31088 -0.0416087
 0.311 -0.0419904
 0.31112 -0.0423738
 0.31124 -0.0427589
 0.31136 -0.0431457
 0.31148 -0.0435342
 0.3116 -0.0439242
 0.31172 -0.0443159
 0.31184 -0.0447091
 0.31196 -0.0451039
 0.31208 -0.0455002
 0.3122 -0.0458981
 0.31232 -0.0462976
 0.31244 -0.0466986
 0.31256 -0.0471012
 0.31268 -0.0475055
 0.3128 -0.0479114
 0.31292 -0.0483189
 0.31304 -0.0487282
 0.31316 -0.0491391
 0.31328 -0.0495518
 0.3134 -0.0499661
 0.31352 -0.0503822
 0.31364 -0.0508001
 0.31376 -0.0512197
 0.31388 -0.051641
 0.314 -0.0520641
 0.31412 -0.052489
 0.31424 -0.0529157
 0.31436 -0.0533441
 0.31448 -0.0537742
 0.3146 -0.0542062
 0.31472 -0.05464
 0.31484 -0.0550755
 0.31496 -0.0555129
 0.31508 -0.055952
 0.3152 -0.056393
 0.31532 -0.0568358
 0.31544 -0.0572804
 0.31556 -0.0577268
 0.31568 -0.0581749
 0.3158 -0.0586248
 0.31592 -0.0590764
 0.31604 -0.0595297
 0.31616 -0.0599847
 0.31628 -0.0604413
 0.3164 -0.0608997
 0.31652 -0.0613598
 0.31664 -0.0618215
 0.31676 -0.0622849
 0.31688 -0.06275
 0.317 -0.0632168
 0.31712 -0.0636853
 0.31724 -0.0641555
 0.31736 -0.0646273
 0.31748 -0.0651009
 0.3176 -0.0655761
 0.31772 -0.066053
 0.31784 -0.0665316
 0.31796 -0.0670119
 0.31808 -0.0674939
 0.3182 -0.0679776
 0.31832 -0.068463
 0.31844 -0.06895
 0.31856 -0.0694387
 0.31868 -0.0699292
 0.3188 -0.0704213
 0.31892 -0.0709151
 0.31904 -0.0714106
 0.31916 -0.0719078
 0.31928 -0.0724066
 0.3194 -0.0729072
 0.31952 -0.0734094
 0.31964 -0.0739134
 0.31976 -0.074419
 0.31988 -0.0749263
 0.32 -0.0754353
 0.32012 -0.075946
 0.32024 -0.0764584
 0.32036 -0.0769725
 0.32048 -0.0774883
 0.3206 -0.0780057
 0.32072 -0.0785249
 0.32084 -0.0790457
 0.32096 -0.0795683
 0.32108 -0.0800925
 0.3212 -0.0806184
 0.32132 -0.081146
 0.32144 -0.0816753
 0.32156 -0.0822063
 0.32168 -0.082739
 0.3218 -0.0832733
 0.32192 -0.0838094
 0.32204 -0.0843472
 0.32216 -0.0848866
 0.32228 -0.0854277
 0.3224 -0.0859706
 0.32252 -0.0865151
 0.32264 -0.0870613
 0.32276 -0.0876093
 0.32288 -0.0881591
 0.323 -0.0887107
 0.32312 -0.0892642
 0.32324 -0.0898197
 0.32336 -0.0903772
 0.32348 -0.0909367
 0.3236 -0.0914983
 0.32372 -0.092062
 0.32384 -0.092628
 0.32396 -0.0931962
 0.32408 -0.0937667
 0.3242 -0.0943395
 0.32432 -0.0949148
 0.32444 -0.0954925
 0.32456 -0.0960727
 0.32468 -0.0966556
 0.3248 -0.0972411
 0.32492 -0.0978294
 0.32504 -0.0984205
 0.32516 -0.0990145
 0.32528 -0.0996115
 0.3254 -0.100212
 0.32552 -0.100815
 0.32564 -0.101421
 0.32576 -0.10203
 0.32588 -0.102643
 0.326 -0.10326
 0.32612 -0.103879
 0.32624 -0.104503
 0.32636 -0.10513
 0.32648 -0.10576
 0.3266 -0.106395
 0.32672 -0.107033
 0.32684 -0.107674
 0.32696 -0.10832
 0.32708 -0.108969
 0.3272 -0.109622
 0.32732 -0.11028
 0.32744 -0.110941
 0.32756 -0.111606
 0.32768 -0.112274
 0.3278 -0.112947
 0.32792 -0.113624
 0.32804 -0.114304
 0.32816 -0.114988
 0.32828 -0.115676
 0.3284 -0.116368
 0.32852 -0.117063
 0.32864 -0.117762
 0.32876 -0.118464
 0.32888 -0.11917
 0.329 -0.119879
 0.32912 -0.120592
 0.32924 -0.121308
 0.32936 -0.122028
 0.32948 -0.12275
 0.3296 -0.123476
 0.32972 -0.124205
 0.32984 -0.124938
 0.32996 -0.125673
 0.33008 -0.126411
 0.3302 -0.127152
 0.33032 -0.127895
 0.33044 -0.128642
 0.33056 -0.129391
 0.33068 -0.130142
 0.3308 -0.130897
 0.33092 -0.131653
 0.33104 -0.132413
 0.33116 -0.133174
 0.33128 -0.133938
 0.3314 -0.134705
 0.33152 -0.135474
 0.33164 -0.136245
 0.33176 -0.137018
 0.33188 -0.137793
 0.332 -0.138571
 0.33212 -0.13935
 0.33224 -0.140131
 0.33236 -0.140915
 0.33248 -0.1417
 0.3326 -0.142486
 0.33272 -0.143275
 0.33284 -0.144065
 0.33296 -0.144857
 0.33308 -0.14565
 0.3332 -0.146445
 0.33332 -0.147241
 0.33344 -0.148038
 0.33356 -0.148837
 0.33368 -0.149637
 0.3338 -0.150438
 0.33392 -0.15124
 0.33404 -0.152043
 0.33416 -0.152847
 0.33428 -0.153652
 0.3344 -0.154458
 0.33452 -0.155265
 0.33464 -0.156072
 0.33476 -0.15688
 0.33488 -0.157689
 0.335 -0.158498
 0.33512 -0.159308
 0.33524 -0.160118
 0.33536 -0.160929
 0.33548 -0.16174
 0.3356 -0.162551
 0.33572 -0.163362
 0.33584 -0.164174
 0.33596 -0.164985
 0.33608 -0.165797
 0.3362 -0.166608
 0.33632 -0.167419
 0.33644 -0.16823
 0.33656 -0.169041
 0.33668 -0.169851
 0.3368 -0.170661
 0.33692 -0.17147
 0.33704 -0.172279
 0.33716 -0.173087
 0.33728 -0.173894
 0.3374 -0.1747
 0.33752 -0.175505
 0.33764 -0.17631
 0.33776 -0.177113
 0.33788 -0.177915
 0.338 -0.178716
 0.33812 -0.179515
 0.33824 -0.180313
 0.33836 -0.18111
 0.33848 -0.181905
 0.3386 -0.182698
 0.33872 -0.18349
 0.33884 -0.18428
 0.33896 -0.185067
 0.33908 -0.185853
 0.3392 -0.186637
 0.33932 -0.187418
 0.33944 -0.188197
 0.33956 -0.188974
 0.33968 -0.189748
 0.3398 -0.190519
 0.33992 -0.191288
 0.34004 -0.192055
 0.34016 -0.192818
 0.34028 -0.193579
 0.3404 -0.194338
 0.34052 -0.195093
 0.34064 -0.195846
 0.34076 -0.196595
 0.34088 -0.197342
 0.341 -0.198085
 0.34112 -0.198826
 0.34124 -0.199563
 0.34136 -0.200297
 0.34148 -0.201028
 0.3416 -0.201756
 0.34172 -0.20248
 0.34184 -0.203201
 0.34196 -0.203919
 0.34208 -0.204633
 0.3422 -0.205343
 0.34232 -0.20605
 0.34244 -0.206752
 0.34256 -0.207451
 0.34268 -0.208146
 0.3428 -0.208837
 0.34292 -0.209523
 0.34304 -0.210205
 0.34316 -0.210882
 0.34328 -0.211554
 0.3434 -0.212222
 0.34352 -0.212885
 0.34364 -0.213543
 0.34376 -0.214196
 0.34388 -0.214843
 0.344 -0.215486
 0.34412 -0.216123
 0.34424 -0.216755
 0.34436 -0.217381
 0.34448 -0.218002
 0.3446 -0.218617
 0.34472 -0.219227
 0.34484 -0.219831
 0.34496 -0.220429
 0.34508 -0.221022
 0.3452 -0.221608
 0.34532 -0.222189
 0.34544 -0.222764
 0.34556 -0.223333
 0.34568 -0.223896
 0.3458 -0.224452
 0.34592 -0.225003
 0.34604 -0.225548
 0.34616 -0.226086
 0.34628 -0.226619
 0.3464 -0.227145
 0.34652 -0.227665
 0.34664 -0.228178
 0.34676 -0.228685
 0.34688 -0.229185
 0.347 -0.229679
 0.34712 -0.230166
 0.34724 -0.230646
 0.34736 -0.231119
 0.34748 -0.231586
 0.3476 -0.232045
 0.34772 -0.232497
 0.34784 -0.232942
 0.34796 -0.23338
 0.34808 -0.233811
 0.3482 -0.234234
 0.34832 -0.23465
 0.34844 -0.235058
 0.34856 -0.235459
 0.34868 -0.235852
 0.3488 -0.236237
 0.34892 -0.236615
 0.34904 -0.236984
 0.34916 -0.237346
 0.34928 -0.237699
 0.3494 -0.238045
 0.34952 -0.238382
 0.34964 -0.238711
 0.34976 -0.239032
 0.34988 -0.239344
 0.35 -0.239648
 0.35012 -0.239943
 0.35024 -0.240229
 0.35036 -0.240507
 0.35048 -0.240776
 0.3506 -0.241036
 0.35072 -0.241288
 0.35084 -0.24153
 0.35096 -0.241763
 0.35108 -0.241987
 0.3512 -0.242202
 0.35132 -0.242407
 0.35144 -0.242603
 0.35156 -0.242789
 0.35168 -0.242966
 0.3518 -0.243133
 0.35192 -0.243291
 0.35204 -0.243438
 0.35216 -0.243576
 0.35228 -0.243703
 0.3524 -0.243821
 0.35252 -0.243928
 0.35264 -0.244025
 0.35276 -0.244111
 0.35288 -0.244187
 0.353 -0.244252
 0.35312 -0.244307
 0.35324 -0.24435
 0.35336 -0.244383
 0.35348 -0.244404
 0.3536 -0.244414
 0.35372 -0.244413
 0.35384 -0.2444
 0.35396 -0.244375
 0.35408 -0.244339
 0.3542 -0.244291
 0.35432 -0.244231
 0.35444 -0.244158
 0.35456 -0.244074
 0.35468 -0.243977
 0.3548 -0.243868
 0.35492 -0.243746
 0.35504 -0.243611
 0.35516 -0.243463
 0.35528 -0.243302
 0.3554 -0.243128
 0.35552 -0.242941
 0.35564 -0.242741
 0.35576 -0.242527
 0.35588 -0.242299
 0.356 -0.242057
 0.35612 -0.241802
 0.35624 -0.241532
 0.35636 -0.241249
 0.35648 -0.240951
 0.3566 -0.240638
 0.35672 -0.240312
 0.35684 -0.23997
 0.35696 -0.239614
 0.35708 -0.239244
 0.3572 -0.238858
 0.35732 -0.238458
 0.35744 -0.238043
 0.35756 -0.237613
 0.35768 -0.237167
 0.3578 -0.236707
 0.35792 -0.236232
 0.35804 -0.235742
 0.35816 -0.235237
 0.35828 -0.234717
 0.3584 -0.234182
 0.35852 -0.233632
 0.35864 -0.233067
 0.35876 -0.232486
 0.35888 -0.23189
 0.359 -0.231279
 0.35912 -0.230653
 0.35924 -0.230012
 0.35936 -0.229355
 0.35948 -0.228684
 0.3596 -0.227997
 0.35972 -0.227295
 0.35984 -0.226577
 0.35996 -0.225845
 0.36008 -0.225098
 0.3602 -0.224337
 0.36032 -0.22356
 0.36044 -0.222769
 0.36056 -0.221963
 0.36068 -0.221142
 0.3608 -0.220307
 0.36092 -0.219457
 0.36104 -0.218593
 0.36116 -0.217713
 0.36128 -0.21682
 0.3614 -0.215911
 0.36152 -0.214988
 0.36164 -0.214051
 0.36176 -0.213099
 0.36188 -0.212133
 0.362 -0.211153
 0.36212 -0.210158
 0.36224 -0.20915
 0.36236 -0.208127
 0.36248 -0.207091
 0.3626 -0.206041
 0.36272 -0.204977
 0.36284 -0.203899
 0.36296 -0.202808
 0.36308 -0.201704
 0.3632 -0.200586
 0.36332 -0.199455
 0.36344 -0.19831
 0.36356 -0.197153
 0.36368 -0.195982
 0.3638 -0.194799
 0.36392 -0.193602
 0.36404 -0.192393
 0.36416 -0.191171
 0.36428 -0.189937
 0.3644 -0.18869
 0.36452 -0.18743
 0.36464 -0.186158
 0.36476 -0.184874
 0.36488 -0.183578
 0.365 -0.18227
 0.36512 -0.180949
 0.36524 -0.179617
 0.36536 -0.178272
 0.36548 -0.176916
 0.3656 -0.175548
 0.36572 -0.174169
 0.36584 -0.172778
 0.36596 -0.171376
 0.36608 -0.169962
 0.3662 -0.168537
 0.36632 -0.167101
 0.36644 -0.165654
 0.36656 -0.164196
 0.36668 -0.162726
 0.3668 -0.161246
 0.36692 -0.159756
 0.36704 -0.158254
 0.36716 -0.156742
 0.36728 -0.15522
 0.3674 -0.153687
 0.36752 -0.152144
 0.36764 -0.15059
 0.36776 -0.149026
 0.36788 -0.147453
 0.368 -0.145869
 0.36812 -0.144275
 0.36824 -0.142672
 0.36836 -0.141058
 0.36848 -0.139435
 0.3686 -0.137803
 0.36872 -0.136161
 0.36884 -0.134509
 0.36896 -0.132849
 0.36908 -0.131179
 0.3692 -0.1295
 0.36932 -0.127812
 0.36944 -0.126115
 0.36956 -0.124409
 0.36968 -0.122694
 0.3698 -0.120971
 0.36992 -0.119239
 0.37004 -0.117499
 0.37016 -0.11575
 0.37028 -0.113992
 0.3704 -0.112227
 0.37052 -0.110453
 0.37064 -0.108671
 0.37076 -0.106881
 0.37088 -0.105083
 0.371 -0.103277
 0.37112 -0.101464
 0.37124 -0.0996427
 0.37136 -0.0978138
 0.37148 -0.0959773
 0.3716 -0.0941332
 0.37172 -0.0922818
 0.37184 -0.090423
 0.37196 -0.0885569
 0.37208 -0.0866838
 0.3722 -0.0848036
 0.37232 -0.0829164
 0.37244 -0.0810224
 0.37256 -0.0791217
 0.37268 -0.0772145
 0.3728 -0.0753008
 0.37292 -0.0733809
 0.37304 -0.0714548
 0.37316 -0.0695227
 0.37328 -0.0675847
 0.3734 -0.0656411
 0.37352 -0.0636919
 0.37364 -0.0617373
 0.37376 -0.0597774
 0.37388 -0.0578123
 0.374 -0.0558421
 0.37412 -0.053867
 0.37424 -0.051887
 0.37436 -0.0499022
 0.37448 -0.0479128
 0.3746 -0.0459189
 0.37472 -0.0439205
 0.37484 -0.0419178
 0.37496 -0.0399109
 0.37508 -0.0378999
 0.3752 -0.0358848
 0.37532 -0.0338657
 0.37544 -0.0318428
 0.37556 -0.0298159
 0.37568 -0.0277853
 0.3758 -0.025751
 0.37592 -0.023713
 0.37604 -0.0216714
 0.37616 -0.0196264
 0.37628 -0.0175779
 0.3764 -0.0155261
 0.37652 -0.0134712
 0.37664 -0.0114132
 0.37676 -0.00935229
 0.37688 -0.00728854
 0.377 -0.00522211
 0.37712 -0.00315309
 0.37724 -0.00108162
 0.37736 0.000992189
 0.37748 0.00306822
 0.3776 0.00514634
 0.37772 0.00722645
 0.37784 0.00930841
 0.37796 0.0113921
 0.37808 0.0134774
 0.3782 0.0155643
 0.37832 0.0176525
 0.37844 0.0197419
 0.37856 0.0218325
 0.37868 0.0239241
 0.3788 0.0260165
 0.37892 0.0281097
 0.37904 0.0302036
 0.37916 0.0322979
 0.37928 0.0343926
 0.3794 0.0364876
 0.37952 0.0385827
 0.37964 0.0406778
 0.37976 0.0427728
 0.37988 0.0448675
 0.38 0.0469619
 0.38012 0.0490558
 0.38024 0.0511492
 0.38036 0.0532418
 0.38048 0.0553335
 0.3806 0.0574243
 0.38072 0.059514
 0.38084 0.0616024
 0.38096 0.0636895
 0.38108 0.065775
 0.3812 0.0678588
 0.38132 0.0699408
 0.38144 0.0720208
 0.38156 0.0740986
 0.38168 0.0761741
 0.3818 0.0782471
 0.38192 0.0803173
 0.38204 0.0823847
 0.38216 0.0844491
 0.38228 0.0865102
 0.3824 0.0885679
 0.38252 0.090622
 0.38264 0.0926724
 0.38276 0.0947188
 0.38288 0.0967611
 0.383 0.0987992
 0.38312 0.100833
 0.38324 0.102862
 0.38336 0.104886
 0.38348 0.106905
 0.3836 0.108918
 0.38372 0.110927
 0.38384 0.112929
 0.38396 0.114926
 0.38408 0.116917
 0.3842 0.118902
 0.38432 0.120881
 0.38444 0.122853
 0.38456 0.124819
 0.38468 0.126777
 0.3848 0.128729
 0.38492 0.130673
 0.38504 0.13261
 0.38516 0.134539
 0.38528 0.136461
 0.3854 0.138374
 0.38552 0.140279
 0.38564 0.142176
 0.38576 0.144065
 0.38588 0.145945
 0.386 0.147815
 0.38612 0.149677
 0.38624 0.151529
 0.38636 0.153372
 0.38648 0.155205
 0.3866 0.157029
 0.38672 0.158842
 0.38684 0.160645
 0.38696 0.162438
 0.38708 0.16422
 0.3872 0.165992
 0.38732 0.167753
 0.38744 0.169502
 0.38756 0.171241
 0.38768 0.172969
 0.3878 0.174685
 0.38792 0.17639
 0.38804 0.178083
 0.38816 0.179765
 0.38828 0.181434
 0.3884 0.183092
 0.38852 0.184737
 0.38864 0.18637
 0.38876 0.18799
 0.38888 0.189597
 0.389 0.191192
 0.38912 0.192773
 0.38924 0.194341
 0.38936 0.195895
 0.38948 0.197437
 0.3896 0.198964
 0.38972 0.200478
 0.38984 0.201979
 0.38996 0.203466
 0.39008 0.204939
 0.3902 0.206398
 0.39032 0.207844
 0.39044 0.209275
 0.39056 0.210693
 0.39068 0.212097
 0.3908 0.213487
 0.39092 0.214863
 0.39104 0.216224
 0.39116 0.217572
 0.39128 0.218905
 0.3914 0.220223
 0.39152 0.221528
 0.39164 0.222818
 0.39176 0.224094
 0.39188 0.225356
 0.392 0.226603
 0.39212 0.227836
 0.39224 0.229055
 0.39236 0.23026
 0.39248 0.231451
 0.3926 0.232627
 0.39272 0.23379
 0.39284 0.234938
 0.39296 0.236073
 0.39308 0.237193
 0.3932 0.2383
 0.39332 0.239393
 0.39344 0.240471
 0.39356 0.241536
 0.39368 0.242587
 0.3938 0.243625
 0.39392 0.244648
 0.39404 0.245658
 0.39416 0.246654
 0.39428 0.247636
 0.3944 0.248605
 0.39452 0.24956
 0.39464 0.250501
 0.39476 0.251429
 0.39488 0.252343
 0.395 0.253244
 0.39512 0.254131
 0.39524 0.255004
 0.39536 0.255865
 0.39548 0.256711
 0.3956 0.257545
 0.39572 0.258365
 0.39584 0.259171
 0.39596 0.259965
 0.39608 0.260745
 0.3962 0.261511
 0.39632 0.262264
 0.39644 0.263004
 0.39656 0.263731
 0.39668 0.264444
 0.3968 0.265144
 0.39692 0.26583
 0.39704 0.266503
 0.39716 0.267163
 0.39728 0.267809
 0.3974 0.268442
 0.39752 0.269061
 0.39764 0.269667
 0.39776 0.27026
 0.39788 0.270839
 0.398 0.271404
 0.39812 0.271957
 0.39824 0.272495
 0.39836 0.27302
 0.39848 0.273532
 0.3986 0.27403
 0.39872 0.274514
 0.39884 0.274985
 0.39896 0.275443
 0.39908 0.275886
 0.3992 0.276317
 0.39932 0.276733
 0.39944 0.277136
 0.39956 0.277526
 0.39968 0.277901
 0.3998 0.278264
 0.39992 0.278612
 0.40004 0.278947
 0.40016 0.279269
 0.40028 0.279577
 0.4004 0.279871
 0.40052 0.280152
 0.40064 0.280419
 0.40076 0.280672
 0.40088 0.280912
 0.401 0.281138
 0.40112 0.281351
 0.40124 0.28155
 0.40136 0.281735
 0.40148 0.281907
 0.4016 0.282065
 0.40172 0.282209
 0.40184 0.28234
 0.40196 0.282457
 0.40208 0.28256
 0.4022 0.28265
 0.40232 0.282726
 0.40244 0.282789
 0.40256 0.282837
 0.40268 0.282872
 0.4028 0.282894
 0.40292 0.282902
 0.40304 0.282896
 0.40316 0.282877
 0.40328 0.282844
 0.4034 0.282798
 0.40352 0.282738
 0.40364 0.282665
 0.40376 0.282579
 0.40388 0.282479
 0.404 0.282366
 0.40412 0.282239
 0.40424 0.2821
 0.40436 0.281947
 0.40448 0.281781
 0.4046 0.281602
 0.40472 0.281409
 0.40484 0.281204
 0.40496 0.280985
 0.40508 0.280754
 0.4052 0.280509
 0.40532 0.280251
 0.40544 0.27998
 0.40556 0.279696
 0.40568 0.279399
 0.4058 0.279089
 0.40592 0.278765
 0.40604 0.278429
 0.40616 0.278079
 0.40628 0.277717
 0.4064 0.277341
 0.40652 0.276953
 0.40664 0.276551
 0.40676 0.276137
 0.40688 0.275709
 0.407 0.275269
 0.40712 0.274816
 0.40724 0.274351
 0.40736 0.273873
 0.40748 0.273382
 0.4076 0.272878
 0.40772 0.272362
 0.40784 0.271833
 0.40796 0.271292
 0.40808 0.270739
 0.4082 0.270173
 0.40832 0.269595
 0.40844 0.269004
 0.40856 0.268402
 0.40868 0.267787
 0.4088 0.26716
 0.40892 0.266521
 0.40904 0.26587
 0.40916 0.265208
 0.40928 0.264533
 0.4094 0.263847
 0.40952 0.263149
 0.40964 0.26244
 0.40976 0.261718
 0.40988 0.260986
 0.41 0.260242
 0.41012 0.259486
 0.41024 0.258719
 0.41036 0.257941
 0.41048 0.257151
 0.4106 0.256351
 0.41072 0.255539
 0.41084 0.254716
 0.41096 0.253882
 0.41108 0.253037
 0.4112 0.252181
 0.41132 0.251314
 0.41144 0.250437
 0.41156 0.249549
 0.41168 0.248651
 0.4118 0.247743
 0.41192 0.246824
 0.41204 0.245896
 0.41216 0.244957
 0.41228 0.244009
 0.4124 0.243051
 0.41252 0.242084
 0.41264 0.241107
 0.41276 0.240121
 0.41288 0.239126
 0.413 0.238122
 0.41312 0.237109
 0.41324 0.236088
 0.41336 0.235057
 0.41348 0.234019
 0.4136 0.232971
 0.41372 0.231916
 0.41384 0.230852
 0.41396 0.229781
 0.41408 0.228701
 0.4142 0.227614
 0.41432 0.226519
 0.41444 0.225417
 0.41456 0.224307
 0.41468 0.22319
 0.4148 0.222066
 0.41492 0.220934
 0.41504 0.219796
 0.41516 0.218651
 0.41528 0.2175
 0.4154 0.216342
 0.41552 0.215178
 0.41564 0.214007
 0.41576 0.212831
 0.41588 0.211648
 0.416 0.21046
 0.41612 0.209267
 0.41624 0.208068
 0.41636 0.206864
 0.41648 0.205654
 0.4166 0.20444
 0.41672 0.203221
 0.41684 0.201998
 0.41696 0.20077
 0.41708 0.199537
 0.4172 0.198301
 0.41732 0.19706
 0.41744 0.195816
 0.41756 0.194568
 0.41768 0.193316
 0.4178 0.192061
 0.41792 0.190802
 0.41804 0.18954
 0.41816 0.188275
 0.41828 0.187008
 0.4184 0.185738
 0.41852 0.184465
 0.41864 0.183191
 0.41876 0.181914
 0.41888 0.180635
 0.419 0.179355
 0.41912 0.178074
 0.41924 0.176791
 0.41936 0.175507
 0.41948 0.174221
 0.4196 0.172935
 0.41972 0.171648
 0.41984 0.170361
 0.41996 0.169072
 0.42008 0.167784
 0.4202 0.166495
 0.42032 0.165205
 0.42044 0.163915
 0.42056 0.162625
 0.42068 0.161335
 0.4208 0.160045
 0.42092 0.158755
 0.42104 0.157465
 0.42116 0.156176
 0.42128 0.154886
 0.4214 0.153597
 0.42152 0.152309
 0.42164 0.151021
 0.42176 0.149733
 0.42188 0.148446
 0.422 0.147159
 0.42212 0.145873
 0.42224 0.144588
 0.42236 0.143303
 0.42248 0.142019
 0.4226 0.140736
 0.42272 0.139453
 0.42284 0.138171
 0.42296 0.136889
 0.42308 0.135609
 0.4232 0.134329
 0.42332 0.13305
 0.42344 0.131772
 0.42356 0.130494
 0.42368 0.129218
 0.4238 0.127942
 0.42392 0.126668
 0.42404 0.125394
 0.42416 0.124121
 0.42428 0.12285
 0.4244 0.121579
 0.42452 0.12031
 0.42464 0.119041
 0.42476 0.117774
 0.42488 0.116507
 0.425 0.115242
 0.42512 0.113978
 0.42524 0.112716
 0.42536 0.111454
 0.42548 0.110194
 0.4256 0.108935
 0.42572 0.107677
 0.42584 0.106421
 0.42596 0.105167
 0.42608 0.103913
 0.4262 0.102662
 0.42632 0.101412
 0.42644 0.100164
 0.42656 0.0989175
 0.42668 0.097673
 0.4268 0.0964305
 0.42692 0.0951901
 0.42704 0.0939518
 0.42716 0.0927158
 0.42728 0.0914821
 0.4274 0.0902509
 0.42752 0.0890221
 0.42764 0.087796
 0.42776 0.0865726
 0.42788 0.085352
 0.428 0.0841343
 0.42812 0.0829196
 0.42824 0.081708
 0.42836 0.0804995
 0.42848 0.0792943
 0.4286 0.0780924
 0.42872 0.076894
 0.42884 0.0756991
 0.42896 0.0745079
 0.42908 0.0733203
 0.4292 0.0721366
 0.42932 0.0709567
 0.42944 0.0697807
 0.42956 0.0686087
 0.42968 0.0674407
 0.4298 0.0662767
 0.42992 0.0651169
 0.43004 0.0639613
 0.43016 0.06281
 0.43028 0.061663
 0.4304 0.0605203
 0.43052 0.0593821
 0.43064 0.0582484
 0.43076 0.0571192
 0.43088 0.0559946
 0.431 0.0548747
 0.43112 0.0537595
 0.43124 0.0526491
 0.43136 0.0515435
 0.43148 0.0504427
 0.4316 0.0493468
 0.43172 0.0482559
 0.43184 0.04717
 0.43196 0.0460892
 0.43208 0.0450134
 0.4322 0.0439428
 0.43232 0.0428774
 0.43244 0.0418173
 0.43256 0.0407625
 0.43268 0.039713
 0.4328 0.0386689
 0.43292 0.0376303
 0.43304 0.0365973
 0.43316 0.0355697
 0.43328 0.0345478
 0.4334 0.0335315
 0.43352 0.0325209
 0.43364 0.031516
 0.43376 0.0305168
 0.43388 0.0295235
 0.434 0.0285359
 0.43412 0.0275543
 0.43424 0.0265785
 0.43436 0.0256087
 0.43448 0.0246449
 0.4346 0.0236872
 0.43472 0.0227355
 0.43484 0.0217899
 0.43496 0.0208506
 0.43508 0.0199174
 0.4352 0.0189906
 0.43532 0.0180701
 0.43544 0.0171559
 0.43556 0.0162482
 0.43568 0.0153471
 0.4358 0.0144524
 0.43592 0.0135644
 0.43604 0.012683
 0.43616 0.0118084
 0.43628 0.0109404
 0.4364 0.0100792
 0.43652 0.00922487
 0.43664 0.00837735
 0.43676 0.0075367
 0.43688 0.00670296
 0.437 0.00587617
 0.43712 0.00505636
 0.43724 0.00424357
 0.43736 0.00343782
 0.43748 0.00263916
 0.4376 0.00184762
 0.43772 0.00106324
 0.43784 0.000286043
 0.43796 -0.000483928
 0.43808 -0.00124664
 0.4382 -0.00200207
 0.43832 -0.00275021
 0.43844 -0.00349105
 0.43856 -0.0042246
 0.43868 -0.00495085
 0.4388 -0.00566979
 0.43892 -0.00638144
 0.43904 -0.00708578
 0.43916 -0.00778282
 0.43928 -0.00847256
 0.4394 -0.009155
 0.43952 -0.00983013
 0.43964 -0.010498
 0.43976 -0.0111585
 0.43988 -0.0118116
 0.44 -0.0124574
 0.44012 -0.0130958
 0.44024 -0.0137268
 0.44036 -0.0143503
 0.44048 -0.0149663
 0.4406 -0.0155748
 0.44072 -0.0161757
 0.44084 -0.0167692
 0.44096 -0.0173551
 0.44108 -0.0179335
 0.4412 -0.0185043
 0.44132 -0.0190676
 0.44144 -0.0196233
 0.44156 -0.0201716
 0.44168 -0.0207123
 0.4418 -0.0212456
 0.44192 -0.0217714
 0.44204 -0.0222898
 0.44216 -0.0228008
 0.44228 -0.0233043
 0.4424 -0.0238005
 0.44252 -0.0242894
 0.44264 -0.0247709
 0.44276 -0.0252451
 0.44288 -0.025712
 0.443 -0.0261716
 0.44312 -0.0266239
 0.44324 -0.0270689
 0.44336 -0.0275067
 0.44348 -0.0279372
 0.4436 -0.0283605
 0.44372 -0.0287766
 0.44384 -0.0291854
 0.44396 -0.029587
 0.44408 -0.0299814
 0.4442 -0.0303686
 0.44432 -0.0307486
 0.44444 -0.0311214
 0.44456 -0.0314871
 0.44468 -0.0318456
 0.4448 -0.0321969
 0.44492 -0.0325412
 0.44504 -0.0328783
 0.44516 -0.0332084
 0.44528 -0.0335314
 0.4454 -0.0338475
 0.44552 -0.0341566
 0.44564 -0.0344589
 0.44576 -0.0347543
 0.44588 -0.0350431
 0.446 -0.0353251
 0.44612 -0.0356006
 0.44624 -0.0358695
 0.44636 -0.036132
 0.44648 -0.0363881
 0.4466 -0.0366378
 0.44672 -0.0368814
 0.44684 -0.0371187
 0.44696 -0.0373499
 0.44708 -0.0375751
 0.4472 -0.0377943
 0.44732 -0.0380076
 0.44744 -0.038215
 0.44756 -0.0384167
 0.44768 -0.0386125
 0.4478 -0.0388028
 0.44792 -0.0389873
 0.44804 -0.0391664
 0.44816 -0.0393399
 0.44828 -0.039508
 0.4484 -0.0396708
 0.44852 -0.0398283
 0.44864 -0.0399806
 0.44876 -0.0401279
 0.44888 -0.0402701
 0.449 -0.0404073
 0.44912 -0.0405397
 0.44924 -0.0406674
 0.44936 -0.0407903
 0.44948 -0.0409086
 0.4496 -0.0410224
 0.44972 -0.0411316
 0.44984 -0.0412364
 0.44996 -0.0413369
 0.45008 -0.041433
 0.4502 -0.0415248
 0.45032 -0.0416123
 0.45044 -0.0416956
 0.45056 -0.0417747
 0.45068 -0.0418497
 0.4508 -0.0419206
 0.45092 -0.0419874
 0.45104 -0.0420503
 0.45116 -0.0421092
 0.45128 -0.0421642
 0.4514 -0.0422154
 0.45152 -0.0422627
 0.45164 -0.0423063
 0.45176 -0.0423462
 0.45188 -0.0423824
 0.452 -0.0424148
 0.45212 -0.0424437
 0.45224 -0.0424689
 0.45236 -0.0424906
 0.45248 -0.0425087
 0.4526 -0.0425233
 0.45272 -0.0425344
 0.45284 -0.0425421
 0.45296 -0.0425465
 0.45308 -0.0425475
 0.4532 -0.0425451
 0.45332 -0.0425395
 0.45344 -0.0425307
 0.45356 -0.0425187
 0.45368 -0.0425035
 0.4538 -0.0424851
 0.45392 -0.0424637
 0.45404 -0.0424392
 0.45416 -0.0424117
 0.45428 -0.0423812
 0.4544 -0.0423477
 0.45452 -0.0423113
 0.45464 -0.0422721
 0.45476 -0.04223
 0.45488 -0.042185
 0.455 -0.0421373
 0.45512 -0.0420869
 0.45524 -0.0420337
 0.45536 -0.0419779
 0.45548 -0.0419195
 0.4556 -0.0418585
 0.45572 -0.041795
 0.45584 -0.0417291
 0.45596 -0.0416607
 0.45608 -0.0415901
 0.4562 -0.0415172
 0.45632 -0.041442
 0.45644 -0.0413646
 0.45656 -0.0412852
 0.45668 -0.0412037
 0.4568 -0.0411202
 0.45692 -0.0410348
 0.45704 -0.0409477
 0.45716 -0.0408588
 0.45728 -0.0407682
 0.4574 -0.040676
 0.45752 -0.0405823
 0.45764 -0.0404871
 0.45776 -0.0403906
 0.45788 -0.0402928
 0.458 -0.0401938
 0.45812 -0.0400936
 0.45824 -0.0399924
 0.45836 -0.0398902
 0.45848 -0.0397871
 0.4586 -0.0396832
 0.45872 -0.0395785
 0.45884 -0.0394732
 0.45896 -0.0393673
 0.45908 -0.0392608
 0.4592 -0.0391539
 0.45932 -0.0390466
 0.45944 -0.0389388
 0.45956 -0.0388306
 0.45968 -0.038722
 0.4598 -0.038613
 0.45992 -0.0385037
 0.46004 -0.0383941
 0.46016 -0.0382842
 0.46028 -0.038174
 0.4604 -0.0380635
 0.46052 -0.0379529
 0.46064 -0.0378421
 0.46076 -0.0377311
 0.46088 -0.03762
 0.461 -0.0375088
 0.46112 -0.0373975
 0.46124 -0.037286
 0.46136 -0.0371744
 0.46148 -0.0370626
 0.4616 -0.0369507
 0.46172 -0.0368385
 0.46184 -0.0367262
 0.46196 -0.0366136
 0.46208 -0.0365008
 0.4622 -0.0363878
 0.46232 -0.0362744
 0.46244 -0.0361608
 0.46256 -0.036047
 0.46268 -0.0359328
 0.4628 -0.0358183
 0.46292 -0.0357035
 0.46304 -0.0355884
 0.46316 -0.035473
 0.46328 -0.0353573
 0.4634 -0.0352412
 0.46352 -0.0351248
 0.46364 -0.035008
 0.46376 -0.0348909
 0.46388 -0.0347734
 0.464 -0.0346556
 0.46412 -0.0345374
 0.46424 -0.0344188
 0.46436 -0.0342998
 0.46448 -0.0341805
 0.4646 -0.0340608
 0.46472 -0.0339408
 0.46484 -0.0338205
 0.46496 -0.0336998
 0.46508 -0.0335788
 0.4652 -0.0334575
 0.46532 -0.0333359
 0.46544 -0.0332141
 0.46556 -0.033092
 0.46568 -0.0329696
 0.4658 -0.0328469
 0.46592 -0.0327241
 0.46604 -0.032601
 0.46616 -0.0324777
 0.46628 -0.0323541
 0.4664 -0.0322304
 0.46652 -0.0321065
 0.46664 -0.0319825
 0.46676 -0.0318583
 0.46688 -0.0317339
 0.467 -0.0316095
 0.46712 -0.0314849
 0.46724 -0.0313602
 0.46736 -0.0312354
 0.46748 -0.0311106
 0.4676 -0.0309857
 0.46772 -0.0308608
 0.46784 -0.0307358
 0.46796 -0.0306108
 0.46808 -0.0304858
 0.4682 -0.0303608
 0.46832 -0.0302358
 0.46844 -0.0301108
 0.46856 -0.0299858
 0.46868 -0.0298608
 0.4688 -0.0297357
 0.46892 -0.0296105
 0.46904 -0.0294853
 0.46916 -0.02936
 0.46928 -0.0292346
 0.4694 -0.0291091
 0.46952 -0.0289835
 0.46964 -0.0288578
 0.46976 -0.0287319
 0.46988 -0.0286059
 0.47 -0.0284798
 0.47012 -0.0283536
 0.47024 -0.0282272
 0.47036 -0.0281008
 0.47048 -0.0279742
 0.4706 -0.0278476
 0.47072 -0.0277209
 0.47084 -0.0275941
 0.47096 -0.0274672
 0.47108 -0.0273403
 0.4712 -0.0272132
 0.47132 -0.0270861
 0.47144 -0.0269589
 0.47156 -0.0268316
 0.47168 -0.0267042
 0.4718 -0.0265768
 0.47192 -0.0264493
 0.47204 -0.0263217
 0.47216 -0.026194
 0.47228 -0.0260663
 0.4724 -0.0259385
 0.47252 -0.0258107
 0.47264 -0.0256828
 0.47276 -0.025555
 0.47288 -0.0254272
 0.473 -0.0252994
 0.47312 -0.0251717
 0.47324 -0.0250441
 0.47336 -0.0249165
 0.47348 -0.0247892
 0.4736 -0.024662
 0.47372 -0.024535
 0.47384 -0.0244083
 0.47396 -0.0242819
 0.47408 -0.0241558
 0.4742 -0.02403
 0.47432 -0.0239046
 0.47444 -0.0237795
 0.47456 -0.0236548
 0.47468 -0.0235306
 0.4748 -0.0234068
 0.47492 -0.0232835
 0.47504 -0.0231605
 0.47516 -0.0230381
 0.47528 -0.0229161
 0.4754 -0.0227945
 0.47552 -0.0226733
 0.47564 -0.0225525
 0.47576 -0.0224321
 0.47588 -0.0223119
 0.476 -0.0221921
 0.47612 -0.0220726
 0.47624 -0.0219533
 0.47636 -0.0218342
 0.47648 -0.0217152
 0.4766 -0.0215965
 0.47672 -0.0214778
 0.47684 -0.0213593
 0.47696 -0.0212408
 0.47708 -0.0211223
 0.4772 -0.0210039
 0.47732 -0.0208854
 0.47744 -0.020767
 0.47756 -0.0206485
 0.47768 -0.02053
 0.4778 -0.0204114
 0.47792 -0.0202928
 0.47804 -0.0201743
 0.47816 -0.0200556
 0.47828 -0.019937
 0.4784 -0.0198184
 0.47852 -0.0196998
 0.47864 -0.0195812
 0.47876 -0.0194625
 0.47888 -0.0193438
 0.479 -0.019225
 0.47912 -0.0191062
 0.47924 -0.0189873
 0.47936 -0.0188682
 0.47948 -0.018749
 0.4796 -0.0186297
 0.47972 -0.0185101
 0.47984 -0.0183904
 0.47996 -0.0182705
 0.48008 -0.0181503
 0.4802 -0.0180299
 0.48032 -0.0179092
 0.48044 -0.0177883
 0.48056 -0.017667
 0.48068 -0.0175455
 0.4808 -0.0174237
 0.48092 -0.0173014
 0.48104 -0.0171789
 0.48116 -0.0170559
 0.48128 -0.0169325
 0.4814 -0.0168087
 0.48152 -0.0166844
 0.48164 -0.0165597
 0.48176 -0.0164345
 0.48188 -0.0163087
 0.482 -0.0161824
 0.48212 -0.0160555
 0.48224 -0.015928
 0.48236 -0.0157999
 0.48248 -0.0156711
 0.4826 -0.0155416
 0.48272 -0.0154114
 0.48284 -0.0152804
 0.48296 -0.0151486
 0.48308 -0.0150159
 0.4832 -0.0148824
 0.48332 -0.014748
 0.48344 -0.0146127
 0.48356 -0.0144764
 0.48368 -0.0143391
 0.4838 -0.0142008
 0.48392 -0.0140614
 0.48404 -0.0139209
 0.48416 -0.0137794
 0.48428 -0.0136366
 0.4844 -0.0134927
 0.48452 -0.0133476
 0.48464 -0.0132013
 0.48476 -0.0130536
 0.48488 -0.0129047
 0.485 -0.0127544
 0.48512 -0.0126028
 0.48524 -0.0124497
 0.48536 -0.0122953
 0.48548 -0.0121393
 0.4856 -0.0119819
 0.48572 -0.0118229
 0.48584 -0.0116624
 0.48596 -0.0115002
 0.48608 -0.0113364
 0.4862 -0.011171
 0.48632 -0.0110039
 0.48644 -0.0108351
 0.48656 -0.0106647
 0.48668 -0.0104927
 0.4868 -0.0103189
 0.48692 -0.0101434
 0.48704 -0.00996613
 0.48716 -0.00978716
 0.48728 -0.00960642
 0.4874 -0.00942392
 0.48752 -0.00923962
 0.48764 -0.00905351
 0.48776 -0.00886556
 0.48788 -0.00867573
 0.488 -0.00848398
 0.48812 -0.0082903
 0.48824 -0.00809465
 0.48836 -0.00789699
 0.48848 -0.0076973
 0.4886 -0.00749555
 0.48872 -0.0072917
 0.48884 -0.00708572
 0.48896 -0.00687758
 0.48908 -0.00666725
 0.4892 -0.00645476
 0.48932 -0.00624013
 0.48944 -0.00602339
 0.48956 -0.00580458
 0.48968 -0.00558373
 0.4898 -0.00536088
 0.48992 -0.00513605
 0.49004 -0.00490926
 0.49016 -0.00468053
 0.49028 -0.00444986
 0.4904 -0.00421729
 0.49052 -0.00398282
 0.49064 -0.00374647
 0.49076 -0.00350825
 0.49088 -0.0032682
 0.491 -0.00302633
 0.49112 -0.00278273
 0.49124 -0.00253747
 0.49136 -0.00229063
 0.49148 -0.0020423
 0.4916 -0.00179256
 0.49172 -0.00154149
 0.49184 -0.00128917
 0.49196 -0.00103571
 0.49208 -0.000781169
 0.4922 -0.000525653
 0.49232 -0.000269252
 0.49244 -1.20554e-05
 0.49256 0.000245845
 0.49268 0.000504359
 0.4928 0.000763397
 0.49292 0.00102287
 0.49304 0.00128269
 0.49316 0.0015428
 0.49328 0.00180311
 0.4934 0.00206355
 0.49352 0.00232406
 0.49364 0.00258456
 0.49376 0.00284498
 0.49388 0.00310525
 0.494 0.00336531
 0.49412 0.00362508
 0.49424 0.00388452
 0.49436 0.00414357
 0.49448 0.0044022
 0.4946 0.00466038
 0.49472 0.00491807
 0.49484 0.00517522
 0.49496 0.00543181
 0.49508 0.00568779
 0.4952 0.00594312
 0.49532 0.00619778
 0.49544 0.00645172
 0.49556 0.0067049
 0.49568 0.0069573
 0.4958 0.00720886
 0.49592 0.00745956
 0.49604 0.00770935
 0.49616 0.0079582
 0.49628 0.00820608
 0.4964 0.00845296
 0.49652 0.00869881
 0.49664 0.00894359
 0.49676 0.00918727
 0.49688 0.00942982
 0.497 0.00967121
 0.49712 0.00991141
 0.49724 0.0101504
 0.49736 0.0103881
 0.49748 0.0106245
 0.4976 0.0108596
 0.49772 0.0110934
 0.49784 0.0113258
 0.49796 0.0115567
 0.49808 0.0117863
 0.4982 0.0120143
 0.49832 0.0122409
 0.49844 0.0124659
 0.49856 0.0126894
 0.49868 0.0129112
 0.4988 0.0131314
 0.49892 0.0133499
 0.49904 0.0135667
 0.49916 0.0137817
 0.49928 0.0139949
 0.4994 0.0142063
 0.49952 0.0144157
 0.49964 0.0146233
 0.49976 0.0148289
 0.49988 0.0150325
 0.5 0.0152341
 0.50012 0.0154337
 0.50024 0.0156311
 0.50036 0.0158264
 0.50048 0.0160196
 0.5006 0.0162106
 0.50072 0.0163993
 0.50084 0.0165858
 0.50096 0.01677
 0.50108 0.0169518
 0.5012 0.0171313
 0.50132 0.0173085
 0.50144 0.0174831
 0.50156 0.0176554
 0.50168 0.0178251
 0.5018 0.0179924
 0.50192 0.0181571
 0.50204 0.0183193
 0.50216 0.0184788
 0.50228 0.0186358
 0.5024 0.0187901
 0.50252 0.0189418
 0.50264 0.0190908
 0.50276 0.0192372
 0.50288 0.019381
 0.503 0.0195221
 0.50312 0.0196606
 0.50324 0.0197964
 0.50336 0.0199297
 0.50348 0.0200603
 0.5036 0.0201883
 0.50372 0.0203137
 0.50384 0.0204367
 0.50396 0.020557
 0.50408 0.0206748
 0.5042 0.02079
 0.50432 0.0209027
 0.50444 0.0210129
 0.50456 0.0211205
 0.50468 0.0212255
 0.5048 0.0213279
 0.50492 0.0214277
 0.50504 0.0215248
 0.50516 0.0216192
 0.50528 0.0217108
 0.5054 0.0217997
 0.50552 0.0218857
 0.50564 0.0219689
 0.50576 0.0220491
 0.50588 0.0221264
 0.506 0.0222007
 0.50612 0.0222719
 0.50624 0.0223401
 0.50636 0.0224052
 0.50648 0.0224671
 0.5066 0.0225258
 0.50672 0.0225814
 0.50684 0.0226337
 0.50696 0.0226827
 0.50708 0.0227284
 0.5072 0.0227708
 0.50732 0.0228099
 0.50744 0.0228455
 0.50756 0.0228778
 0.50768 0.0229067
 0.5078 0.0229322
 0.50792 0.0229543
 0.50804 0.0229732
 0.50816 0.0229887
 0.50828 0.0230009
 0.5084 0.0230099
 0.50852 0.0230156
 0.50864 0.023018
 0.50876 0.0230173
 0.50888 0.0230133
 0.509 0.0230061
 0.50912 0.0229957
 0.50924 0.022982
 0.50936 0.0229652
 0.50948 0.0229451
 0.5096 0.0229219
 0.50972 0.0228954
 0.50984 0.0228657
 0.50996 0.0228328
 0.51008 0.0227966
 0.5102 0.0227572
 0.51032 0.0227145
 0.51044 0.0226686
 0.51056 0.0226194
 0.51068 0.0225669
 0.5108 0.0225111
 0.51092 0.0224521
 0.51104 0.0223898
 0.51116 0.0223244
 0.51128 0.0222558
 0.5114 0.022184
 0.51152 0.0221091
 0.51164 0.0220311
 0.51176 0.0219499
 0.51188 0.0218656
 0.512 0.0217781
 0.51212 0.0216874
 0.51224 0.0215935
 0.51236 0.0214964
 0.51248 0.0213961
 0.5126 0.0212925
 0.51272 0.0211858
 0.51284 0.0210757
 0.51296 0.0209625
 0.51308 0.0208459
 0.5132 0.0207261
 0.51332 0.020603
 0.51344 0.0204766
 0.51356 0.0203469
 0.51368 0.0202139
 0.5138 0.0200776
 0.51392 0.0199379
 0.51404 0.0197949
 0.51416 0.0196486
 0.51428 0.0194989
 0.5144 0.0193459
 0.51452 0.0191895
 0.51464 0.0190297
 0.51476 0.0188665
 0.51488 0.0186999
 0.515 0.0185299
 0.51512 0.0183565
 0.51524 0.0181797
 0.51536 0.0179995
 0.51548 0.0178158
 0.5156 0.0176287
 0.51572 0.0174381
 0.51584 0.017244
 0.51596 0.0170465
 0.51608 0.0168455
 0.5162 0.0166411
 0.51632 0.0164333
 0.51644 0.0162221
 0.51656 0.0160076
 0.51668 0.0157898
 0.5168 0.0155688
 0.51692 0.0153445
 0.51704 0.015117
 0.51716 0.0148863
 0.51728 0.0146525
 0.5174 0.0144156
 0.51752 0.0141756
 0.51764 0.0139326
 0.51776 0.0136866
 0.51788 0.0134375
 0.518 0.0131854
 0.51812 0.0129303
 0.51824 0.0126722
 0.51836 0.0124111
 0.51848 0.012147
 0.5186 0.0118799
 0.51872 0.0116099
 0.51884 0.011337
 0.51896 0.0110611
 0.51908 0.0107824
 0.5192 0.0105008
 0.51932 0.0102164
 0.51944 0.00992935
 0.51956 0.00963964
 0.51968 0.00934737
 0.5198 0.00905259
 0.51992 0.00875536
 0.52004 0.00845572
 0.52016 0.00815374
 0.52028 0.00784945
 0.5204 0.00754291
 0.52052 0.00723417
 0.52064 0.00692329
 0.52076 0.00661032
 0.52088 0.00629532
 0.521 0.00597838
 0.52112 0.00565959
 0.52124 0.00533906
 0.52136 0.0050169
 0.52148 0.00469322
 0.5216 0.00436813
 0.52172 0.00404178
 0.52184 0.00371429
 0.52196 0.00338579
 0.52208 0.00305642
 0.5222 0.00272632
 0.52232 0.00239567
 0.52244 0.0020646
 0.52256 0.00173328
 0.52268 0.00140186
 0.5228 0.0010705
 0.52292 0.000739352
 0.52304 0.000408555
 0.52316 7.82413e-05
 0.52328 -0.000251461
 0.5234 -0.000580421
 0.52352 -0.000908513
 0.52364 -0.00123562
 0.52376 -0.00156162
 0.52388 -0.00188641
 0.524 -0.00220987
 0.52412 -0.00253188
 0.52424 -0.00285236
 0.52436 -0.00317122
 0.52448 -0.00348839
 0.5246 -0.0038038
 0.52472 -0.00411737
 0.52484 -0.00442901
 0.52496 -0.00473866
 0.52508 -0.00504624
 0.5252 -0.00535168
 0.52532 -0.00565489
 0.52544 -0.00595579
 0.52556 -0.00625433
 0.52568 -0.00655041
 0.5258 -0.00684396
 0.52592 -0.0071349
 0.52604 -0.00742316
 0.52616 -0.00770867
 0.52628 -0.00799134
 0.5264 -0.00827111
 0.52652 -0.00854789
 0.52664 -0.00882162
 0.52676 -0.00909221
 0.52688 -0.0093596
 0.527 -0.0096237
 0.52712 -0.00988445
 0.52724 -0.0101418
 0.52736 -0.0103956
 0.52748 -0.0106458
 0.5276 -0.0108924
 0.52772 -0.0111353
 0.52784 -0.0113743
 0.52796 -0.0116096
 0.52808 -0.0118409
 0.5282 -0.0120683
 0.52832 -0.0122916
 0.52844 -0.0125108
 0.52856 -0.0127257
 0.52868 -0.0129365
 0.5288 -0.0131429
 0.52892 -0.013345
 0.52904 -0.0135426
 0.52916 -0.0137356
 0.52928 -0.0139241
 0.5294 -0.0141079
 0.52952 -0.014287
 0.52964 -0.0144613
 0.52976 -0.0146307
 0.52988 -0.0147952
 0.53 -0.0149547
 0.53012 -0.0151092
 0.53024 -0.0152585
 0.53036 -0.0154027
 0.53048 -0.0155417
 0.5306 -0.0156753
 0.53072 -0.0158035
 0.53084 -0.0159264
 0.53096 -0.0160437
 0.53108 -0.0161555
 0.5312 -0.0162617
 0.53132 -0.0163621
 0.53144 -0.0164569
 0.53156 -0.0165458
 0.53168 -0.0166289
 0.5318 -0.016706
 0.53192 -0.0167771
 0.53204 -0.0168422
 0.53216 -0.0169012
 0.53228 -0.016954
 0.5324 -0.0170005
 0.53252 -0.0170409
 0.53264 -0.0170749
 0.53276 -0.0171026
 0.53288 -0.017124
 0.533 -0.0171389
 0.53312 -0.0171474
 0.53324 -0.0171494
 0.53336 -0.0171449
 0.53348 -0.0171338
 0.5336 -0.0171162
 0.53372 -0.017092
 0.53384 -0.0170612
 0.53396 -0.0170237
 0.53408 -0.0169795
 0.5342 -0.0169285
 0.53432 -0.0168708
 0.53444 -0.0168062
 0.53456 -0.0167347
 0.53468 -0.0166563
 0.5348 -0.0165709
 0.53492 -0.0164783
 0.53504 -0.0163785
 0.53516 -0.0162714
 0.53528 -0.016157
 0.5354 -0.0160351
 0.53552 -0.0159057
 0.53564 -0.0157687
 0.53576 -0.0156241
 0.53588 -0.0154718
 0.536 -0.0153117
 0.53612 -0.0151438
 0.53624 -0.0149681
 0.53636 -0.0147845
 0.53648 -0.014593
 0.5366 -0.0143935
 0.53672 -0.014186
 0.53684 -0.0139704
 0.53696 -0.0137468
 0.53708 -0.0135151
 0.5372 -0.0132753
 0.53732 -0.0130274
 0.53744 -0.0127713
 0.53756 -0.012507
 0.53768 -0.0122346
 0.5378 -0.0119541
 0.53792 -0.0116655
 0.53804 -0.0113688
 0.53816 -0.011064
 0.53828 -0.0107513
 0.5384 -0.0104305
 0.53852 -0.0101018
 0.53864 -0.00976515
 0.53876 -0.00942057
 0.53888 -0.00906811
 0.539 -0.00870777
 0.53912 -0.00833959
 0.53924 -0.00796359
 0.53936 -0.00757978
 0.53948 -0.00718821
 0.5396 -0.00678887
 0.53972 -0.00638179
 0.53984 -0.00596696
 0.53996 -0.00554438
 0.54008 -0.00511405
 0.5402 -0.004676
 0.54032 -0.00423023
 0.54044 -0.00377675
 0.54056 -0.00331559
 0.54068 -0.00284677
 0.5408 -0.00237033
 0.54092 -0.00188635
 0.54104 -0.00139489
 0.54116 -0.000896042
 0.54128 -0.000389874
 0.5414 0.000123535
 0.54152 0.000644124
 0.54164 0.00117187
 0.54176 0.00170675
 0.54188 0.00224875
 0.542 0.00279784
 0.54212 0.003354
 0.54224 0.00391721
 0.54236 0.00448745
 0.54248 0.00506469
 0.5426 0.00564893
 0.54272 0.00624011
 0.54284 0.00683823
 0.54296 0.00744325
 0.54308 0.00805515
 0.5432 0.00867389
 0.54332 0.00929947
 0.54344 0.00993183
 0.54356 0.010571
 0.54368 0.0112169
 0.5438 0.0118695
 0.54392 0.0125288
 0.54404 0.0131947
 0.54416 0.0138673
 0.54428 0.0145465
 0.5444 0.0152323
 0.54452 0.0159247
 0.54464 0.0166236
 0.54476 0.0173289
 0.54488 0.0180408
 0.545 0.0187591
 0.54512 0.0194839
 0.54524 0.0202151
 0.54536 0.0209526
 0.54548 0.0216965
 0.5456 0.0224467
 0.54572 0.0232031
 0.54584 0.0239659
 0.54596 0.0247349
 0.54608 0.0255101
 0.5462 0.0262914
 0.54632 0.0270789
 0.54644 0.0278723
 0.54656 0.0286718
 0.54668 0.0294771
 0.5468 0.0302882
 0.54692 0.0311051
 0.54704 0.0319277
 0.54716 0.0327558
 0.54728 0.0335894
 0.5474 0.0344284
 0.54752 0.0352728
 0.54764 0.0361225
 0.54776 0.0369773
 0.54788 0.0378373
 0.548 0.0387024
 0.54812 0.0395724
 0.54824 0.0404475
 0.54836 0.0413274
 0.54848 0.0422121
 0.5486 0.0431015
 0.54872 0.0439956
 0.54884 0.0448943
 0.54896 0.0457974
 0.54908 0.0467049
 0.5492 0.0476168
 0.54932 0.0485327
 0.54944 0.0494528
 0.54956 0.0503768
 0.54968 0.0513046
 0.5498 0.0522361
 0.54992 0.0531714
 0.55004 0.0541102
 0.55016 0.0550525
 0.55028 0.0559982
 0.5504 0.0569473
 0.55052 0.0578996
 0.55064 0.058855
 0.55076 0.0598135
 0.55088 0.0607748
 0.551 0.0617388
 0.55112 0.0627055
 0.55124 0.0636746
 0.55136 0.0646459
 0.55148 0.0656195
 0.5516 0.0665949
 0.55172 0.0675722
 0.55184 0.0685511
 0.55196 0.0695313
 0.55208 0.0705128
 0.5522 0.0714953
 0.55232 0.0724785
 0.55244 0.0734623
 0.55256 0.0744465
 0.55268 0.0754308
 0.5528 0.076415
 0.55292 0.077399
 0.55304 0.0783824
 0.55316 0.0793652
 0.55328 0.0803472
 0.5534 0.081328
 0.55352 0.0823076
 0.55364 0.0832858
 0.55376 0.0842624
 0.55388 0.0852372
 0.554 0.08621
 0.55412 0.0871807
 0.55424 0.0881491
 0.55436 0.089115
 0.55448 0.0900783
 0.5546 0.0910389
 0.55472 0.0919966
 0.55484 0.0929512
 0.55496 0.0939025
 0.55508 0.0948506
 0.5552 0.0957951
 0.55532 0.096736
 0.55544 0.097673
 0.55556 0.0986061
 0.55568 0.099535
 0.5558 0.10046
 0.55592 0.10138
 0.55604 0.102295
 0.55616 0.103206
 0.55628 0.104112
 0.5564 0.105012
 0.55652 0.105908
 0.55664 0.106798
 0.55676 0.107682
 0.55688 0.10856
 0.557 0.109433
 0.55712 0.1103
 0.55724 0.11116
 0.55736 0.112014
 0.55748 0.112861
 0.5576 0.113702
 0.55772 0.114536
 0.55784 0.115362
 0.55796 0.116182
 0.55808 0.116994
 0.5582 0.117799
 0.55832 0.118596
 0.55844 0.119386
 0.55856 0.120167
 0.55868 0.120941
 0.5588 0.121706
 0.55892 0.122463
 0.55904 0.123211
 0.55916 0.123951
 0.55928 0.124682
 0.5594 0.125404
 0.55952 0.126117
 0.55964 0.126821
 0.55976 0.127515
 0.55988 0.1282
 0.56 0.128875
 0.56012 0.12954
 0.56024 0.130195
 0.56036 0.130841
 0.56048 0.131476
 0.5606 0.132101
 0.56072 0.132715
 0.56084 0.133319
 0.56096 0.133912
 0.56108 0.134494
 0.5612 0.135066
 0.56132 0.135626
 0.56144 0.136175
 0.56156 0.136713
 0.56168 0.137239
 0.5618 0.137754
 0.56192 0.138256
 0.56204 0.138747
 0.56216 0.139226
 0.56228 0.139693
 0.5624 0.140148
 0.56252 0.140591
 0.56264 0.141021
 0.56276 0.141438
 0.56288 0.141843
 0.563 0.142235
 0.56312 0.142615
 0.56324 0.142981
 0.56336 0.143335
 0.56348 0.143675
 0.5636 0.144002
 0.56372 0.144316
 0.56384 0.144616
 0.56396 0.144903
 0.56408 0.145176
 0.5642 0.145436
 0.56432 0.145681
 0.56444 0.145912
 0.56456 0.14613
 0.56468 0.146333
 0.5648 0.146521
 0.56492 0.146695
 0.56504 0.146855
 0.56516 0.146999
 0.56528 0.147129
 0.5654 0.147244
 0.56552 0.147343
 0.56564 0.147428
 0.56576 0.147497
 0.56588 0.147551
 0.566 0.14759
 0.56612 0.147613
 0.56624 0.147621
 0.56636 0.147614
 0.56648 0.147591
 0.5666 0.147552
 0.56672 0.147498
 0.56684 0.147429
 0.56696 0.147343
 0.56708 0.147243
 0.5672 0.147126
 0.56732 0.146994
 0.56744 0.146846
 0.56756 0.146683
 0.56768 0.146504
 0.5678 0.146309
 0.56792 0.146099
 0.56804 0.145873
 0.56816 0.145632
 0.56828 0.145375
 0.5684 0.145103
 0.56852 0.144815
 0.56864 0.144511
 0.56876 0.144192
 0.56888 0.143858
 0.569 0.143509
 0.56912 0.143143
 0.56924 0.142763
 0.56936 0.142367
 0.56948 0.141956
 0.5696 0.14153
 0.56972 0.141088
 0.56984 0.14063
 0.56996 0.140158
 0.57008 0.13967
 0.5702 0.139167
 0.57032 0.138648
 0.57044 0.138115
 0.57056 0.137566
 0.57068 0.137002
 0.5708 0.136423
 0.57092 0.135829
 0.57104 0.13522
 0.57116 0.134596
 0.57128 0.133957
 0.5714 0.133303
 0.57152 0.132635
 0.57164 0.131953
 0.57176 0.131255
 0.57188 0.130544
 0.572 0.129818
 0.57212 0.129077
 0.57224 0.128322
 0.57236 0.127553
 0.57248 0.12677
 0.5726 0.125972
 0.57272 0.125161
 0.57284 0.124335
 0.57296 0.123496
 0.57308 0.122642
 0.5732 0.121774
 0.57332 0.120893
 0.57344 0.119998
 0.57356 0.119089
 0.57368 0.118166
 0.5738 0.11723
 0.57392 0.11628
 0.57404 0.115317
 0.57416 0.11434
 0.57428 0.113349
 0.5744 0.112346
 0.57452 0.111329
 0.57464 0.110298
 0.57476 0.109255
 0.57488 0.108198
 0.575 0.107128
 0.57512 0.106046
 0.57524 0.10495
 0.57536 0.103841
 0.57548 0.102719
 0.5756 0.101585
 0.57572 0.100437
 0.57584 0.0992771
 0.57596 0.0981043
 0.57608 0.0969188
 0.5762 0.0957208
 0.57632 0.0945103
 0.57644 0.0932873
 0.57656 0.092052
 0.57668 0.0908045
 0.5768 0.089545
 0.57692 0.0882735
 0.57704 0.0869901
 0.57716 0.0856951
 0.57728 0.0843884
 0.5774 0.0830703
 0.57752 0.0817409
 0.57764 0.0804003
 0.57776 0.0790485
 0.57788 0.0776859
 0.578 0.0763123
 0.57812 0.0749281
 0.57824 0.0735332
 0.57836 0.0721279
 0.57848 0.0707122
 0.5786 0.0692863
 0.57872 0.0678504
 0.57884 0.0664046
 0.57896 0.064949
 0.57908 0.0634838
 0.5792 0.0620091
 0.57932 0.0605251
 0.57944 0.0590319
 0.57956 0.0575297
 0.57968 0.0560186
 0.5798 0.0544987
 0.57992 0.0529702
 0.58004 0.0514331
 0.58016 0.0498876
 0.58028 0.0483337
 0.5804 0.0467717
 0.58052 0.0452015
 0.58064 0.0436234
 0.58076 0.0420376
 0.58088 0.0404442
 0.581 0.0388433
 0.58112 0.0372353
 0.58124 0.0356202
 0.58136 0.0339983
 0.58148 0.0323698
 0.5816 0.0307349
 0.58172 0.0290937
 0.58184 0.0274464
 0.58196 0.0257934
 0.58208 0.0241348
 0.5822 0.0224708
 0.58232 0.0208017
 0.58244 0.0191277
 0.58256 0.0174489
 0.58268 0.0157655
 0.5828 0.0140778
 0.58292 0.0123859
 0.58304 0.01069
 0.58316 0.00899027
 0.58328 0.00728694
 0.5834 0.00558017
 0.58352 0.00387015
 0.58364 0.00215707
 0.58376 0.000441118
 0.58388 -0.0012775
 0.584 -0.00299859
 0.58412 -0.00472196
 0.58424 -0.00644741
 0.58436 -0.00817474
 0.58448 -0.00990378
 0.5846 -0.0116343
 0.58472 -0.0133662
 0.58484 -0.0150993
 0.58496 -0.0168333
 0.58508 -0.0185682
 0.5852 -0.0203037
 0.58532 -0.0220396
 0.58544 -0.0237757
 0.58556 -0.0255118
 0.58568 -0.0272476
 0.5858 -0.028983
 0.58592 -0.0307177
 0.58604 -0.0324514
 0.58616 -0.034184
 0.58628 -0.0359153
 0.5864 -0.037645
 0.58652 -0.0393728
 0.58664 -0.0410986
 0.58676 -0.0428222
 0.58688 -0.0445433
 0.587 -0.0462616
 0.58712 -0.0479771
 0.58724 -0.0496894
 0.58736 -0.0513983
 0.58748 -0.0531036
 0.5876 -0.0548051
 0.58772 -0.0565026
 0.58784 -0.0581959
 0.58796 -0.0598847
 0.58808 -0.0615688
 0.5882 -0.063248
 0.58832 -0.0649221
 0.58844 -0.0665909
 0.58856 -0.0682542
 0.58868 -0.0699117
 0.5888 -0.0715632
 0.58892 -0.0732086
 0.58904 -0.0748475
 0.58916 -0.0764799
 0.58928 -0.0781054
 0.5894 -0.0797238
 0.58952 -0.081335
 0.58964 -0.0829388
 0.58976 -0.0845348
 0.58988 -0.086123
 0.59 -0.0877031
 0.59012 -0.089275
 0.59024 -0.0908384
 0.59036 -0.0923932
 0.59048 -0.0939392
 0.5906 -0.0954762
 0.59072 -0.0970041
 0.59084 -0.0985225
 0.59096 -0.100031
 0.59108 -0.101531
 0.5912 -0.10302
 0.59132 -0.104499
 0.59144 -0.105968
 0.59156 -0.107426
 0.59168 -0.108873
 0.5918 -0.11031
 0.59192 -0.111736
 0.59204 -0.11315
 0.59216 -0.114553
 0.59228 -0.115945
 0.5924 -0.117324
 0.59252 -0.118692
 0.59264 -0.120048
 0.59276 -0.121392
 0.59288 -0.122723
 0.593 -0.124042
 0.59312 -0.125348
 0.59324 -0.126642
 0.59336 -0.127922
 0.59348 -0.12919
 0.5936 -0.130444
 0.59372 -0.131684
 0.59384 -0.132911
 0.59396 -0.134125
 0.59408 -0.135324
 0.5942 -0.136509
 0.59432 -0.13768
 0.59444 -0.138836
 0.59456 -0.139978
 0.59468 -0.141105
 0.5948 -0.142217
 0.59492 -0.143314
 0.59504 -0.144395
 0.59516 -0.145462
 0.59528 -0.146513
 0.5954 -0.147548
 0.59552 -0.148567
 0.59564 -0.149571
 0.59576 -0.150559
 0.59588 -0.151531
 0.596 -0.152487
 0.59612 -0.153427
 0.59624 -0.15435
 0.59636 -0.155258
 0.59648 -0.156149
 0.5966 -0.157024
 0.59672 -0.157883
 0.59684 -0.158726
 0.59696 -0.159552
 0.59708 -0.160361
 0.5972 -0.161155
 0.59732 -0.161932
 0.59744 -0.162692
 0.59756 -0.163436
 0.59768 -0.164163
 0.5978 -0.164873
 0.59792 -0.165567
 0.59804 -0.166244
 0.59816 -0.166905
 0.59828 -0.167549
 0.5984 -0.168176
 0.59852 -0.168787
 0.59864 -0.169381
 0.59876 -0.169958
 0.59888 -0.170519
 0.599 -0.171062
 0.59912 -0.171589
 0.59924 -0.172099
 0.59936 -0.172592
 0.59948 -0.173068
 0.5996 -0.173527
 0.59972 -0.173969
 0.59984 -0.174394
 0.59996 -0.174801
 0.60008 -0.175192
 0.6002 -0.175565
 0.60032 -0.175921
 0.60044 -0.17626
 0.60056 -0.176582
 0.60068 -0.176887
 0.6008 -0.177175
 0.60092 -0.177445
 0.60104 -0.177699
 0.60116 -0.177935
 0.60128 -0.178155
 0.6014 -0.178357
 0.60152 -0.178543
 0.60164 -0.178711
 0.60176 -0.178863
 0.60188 -0.178999
 0.602 -0.179117
 0.60212 -0.179219
 0.60224 -0.179305
 0.60236 -0.179374
 0.60248 -0.179426
 0.6026 -0.179462
 0.60272 -0.179482
 0.60284 -0.179485
 0.60296 -0.179472
 0.60308 -0.179443
 0.6032 -0.179398
 0.60332 -0.179337
 0.60344 -0.17926
 0.60356 -0.179167
 0.60368 -0.179058
 0.6038 -0.178933
 0.60392 -0.178792
 0.60404 -0.178636
 0.60416 -0.178463
 0.60428 -0.178276
 0.6044 -0.178072
 0.60452 -0.177853
 0.60464 -0.177619
 0.60476 -0.177369
 0.60488 -0.177104
 0.605 -0.176823
 0.60512 -0.176527
 0.60524 -0.176216
 0.60536 -0.17589
 0.60548 -0.175549
 0.6056 -0.175192
 0.60572 -0.174821
 0.60584 -0.174435
 0.60596 -0.174034
 0.60608 -0.173618
 0.6062 -0.173187
 0.60632 -0.172741
 0.60644 -0.172281
 0.60656 -0.171806
 0.60668 -0.171317
 0.6068 -0.170814
 0.60692 -0.170296
 0.60704 -0.169765
 0.60716 -0.169219
 0.60728 -0.16866
 0.6074 -0.168087
 0.60752 -0.167501
 0.60764 -0.166901
 0.60776 -0.166288
 0.60788 -0.165662
 0.608 -0.165023
 0.60812 -0.164371
 0.60824 -0.163706
 0.60836 -0.163029
 0.60848 -0.162339
 0.6086 -0.161636
 0.60872 -0.160922
 0.60884 -0.160195
 0.60896 -0.159457
 0.60908 -0.158706
 0.6092 -0.157944
 0.60932 -0.157171
 0.60944 -0.156385
 0.60956 -0.155589
 0.60968 -0.154781
 0.6098 -0.153962
 0.60992 -0.153132
 0.61004 -0.152291
 0.61016 -0.151439
 0.61028 -0.150576
 0.6104 -0.149703
 0.61052 -0.148819
 0.61064 -0.147925
 0.61076 -0.147021
 0.61088 -0.146106
 0.611 -0.145181
 0.61112 -0.144247
 0.61124 -0.143303
 0.61136 -0.142349
 0.61148 -0.141386
 0.6116 -0.140414
 0.61172 -0.139433
 0.61184 -0.138443
 0.61196 -0.137444
 0.61208 -0.136436
 0.6122 -0.13542
 0.61232 -0.134395
 0.61244 -0.133362
 0.61256 -0.132321
 0.61268 -0.131272
 0.6128 -0.130214
 0.61292 -0.129149
 0.61304 -0.128076
 0.61316 -0.126995
 0.61328 -0.125906
 0.6134 -0.12481
 0.61352 -0.123706
 0.61364 -0.122595
 0.61376 -0.121477
 0.61388 -0.120351
 0.614 -0.119219
 0.61412 -0.11808
 0.61424 -0.116934
 0.61436 -0.115781
 0.61448 -0.114622
 0.6146 -0.113457
 0.61472 -0.112286
 0.61484 -0.111108
 0.61496 -0.109924
 0.61508 -0.108735
 0.6152 -0.10754
 0.61532 -0.106339
 0.61544 -0.105133
 0.61556 -0.103921
 0.61568 -0.102705
 0.6158 -0.101483
 0.61592 -0.100257
 0.61604 -0.0990262
 0.61616 -0.0977912
 0.61628 -0.096552
 0.6164 -0.0953088
 0.61652 -0.0940618
 0.61664 -0.0928112
 0.61676 -0.0915572
 0.61688 -0.0902999
 0.617 -0.0890395
 0.61712 -0.0877762
 0.61724 -0.0865102
 0.61736 -0.0852417
 0.61748 -0.0839708
 0.6176 -0.0826978
 0.61772 -0.0814227
 0.61784 -0.0801459
 0.61796 -0.0788674
 0.61808 -0.0775874
 0.6182 -0.0763062
 0.61832 -0.0750238
 0.61844 -0.0737405
 0.61856 -0.0724565
 0.61868 -0.0711719
 0.6188 -0.069887
 0.61892 -0.0686018
 0.61904 -0.0673166
 0.61916 -0.0660315
 0.61928 -0.0647468
 0.6194 -0.0634626
 0.61952 -0.062179
 0.61964 -0.0608964
 0.61976 -0.0596148
 0.61988 -0.0583344
 0.62 -0.0570553
 0.62012 -0.0557778
 0.62024 -0.054502
 0.62036 -0.0532281
 0.62048 -0.0519562
 0.6206 -0.0506865
 0.62072 -0.0494192
 0.62084 -0.0481544
 0.62096 -0.0468922
 0.62108 -0.0456329
 0.6212 -0.0443766
 0.62132 -0.0431234
 0.62144 -0.0418736
 0.62156 -0.0406272
 0.62168 -0.0393843
 0.6218 -0.0381452
 0.62192 -0.0369101
 0.62204 -0.0356789
 0.62216 -0.0344519
 0.62228 -0.0332292
 0.6224 -0.0320109
 0.62252 -0.0307972
 0.62264 -0.0295881
 0.62276 -0.0283839
 0.62288 -0.0271845
 0.623 -0.0259902
 0.62312 -0.0248011
 0.62324 -0.0236173
 0.62336 -0.022439
 0.62348 -0.0212662
 0.6236 -0.0200991
 0.62372 -0.0189378
 0.62384 -0.0177826
 0.62396 -0.0166335
 0.62408 -0.0154906
 0.6242 -0.0143542
 0.62432 -0.0132243
 0.62444 -0.012101
 0.62456 -0.0109846
 0.62468 -0.00987519
 0.6248 -0.00877283
 0.62492 -0.00767768
 0.62504 -0.00658985
 0.62516 -0.00550945
 0.62528 -0.00443659
 0.6254 -0.00337138
 0.62552 -0.00231393
 0.62564 -0.00126431
 0.62576 -0.000222601
 0.62588 0.00081114
 0.626 0.00183684
 0.62612 0.00285443
 0.62624 0.00386384
 0.62636 0.00486501
 0.62648 0.00585786
 0.6266 0.00684233
 0.62672 0.00781835
 0.62684 0.00878587
 0.62696 0.00974482
 0.62708 0.0106951
 0.6272 0.0116368
 0.62732 0.0125696
 0.62744 0.0134937
 0.62756 0.0144088
 0.62768 0.015315
 0.6278 0.0162122
 0.62792 0.0171003
 0.62804 0.0179793
 0.62816 0.0188491
 0.62828 0.0197097
 0.6284 0.0205611
 0.62852 0.0214031
 0.62864 0.0222357
 0.62876 0.0230589
 0.62888 0.0238726
 0.629 0.0246766
 0.62912 0.0254708
 0.62924 0.0262552
 0.62936 0.0270296
 0.62948 0.027794
 0.6296 0.0285482
 0.62972 0.0292922
 0.62984 0.0300259
 0.62996 0.0307491
 0.63008 0.031462
 0.6302 0.0321644
 0.63032 0.0328563
 0.63044 0.0335376
 0.63056 0.0342082
 0.63068 0.0348682
 0.6308 0.0355176
 0.63092 0.0361562
 0.63104 0.036784
 0.63116 0.0374012
 0.63128 0.0380076
 0.6314 0.0386033
 0.63152 0.0391883
 0.63164 0.0397627
 0.63176 0.0403265
 0.63188 0.0408798
 0.632 0.0414225
 0.63212 0.0419548
 0.63224 0.0424766
 0.63236 0.042988
 0.63248 0.043489
 0.6326 0.0439797
 0.63272 0.0444601
 0.63284 0.0449302
 0.63296 0.0453901
 0.63308 0.0458398
 0.6332 0.0462793
 0.63332 0.0467087
 0.63344 0.047128
 0.63356 0.0475373
 0.63368 0.0479365
 0.6338 0.0483258
 0.63392 0.048705
 0.63404 0.0490744
 0.63416 0.0494339
 0.63428 0.0497835
 0.6344 0.0501234
 0.63452 0.0504534
 0.63464 0.0507737
 0.63476 0.0510842
 0.63488 0.0513851
 0.635 0.0516763
 0.63512 0.0519579
 0.63524 0.05223
 0.63536 0.0524924
 0.63548 0.0527454
 0.6356 0.0529889
 0.63572 0.0532229
 0.63584 0.0534475
 0.63596 0.0536628
 0.63608 0.0538687
 0.6362 0.0540652
 0.63632 0.0542524
 0.63644 0.0544304
 0.63656 0.0545991
 0.63668 0.0547588
 0.6368 0.0549093
 0.63692 0.0550509
 0.63704 0.0551835
 0.63716 0.0553073
 0.63728 0.0554222
 0.6374 0.0555285
 0.63752 0.055626
 0.63764 0.055715
 0.63776 0.0557954
 0.63788 0.0558674
 0.638 0.0559309
 0.63812 0.0559861
 0.63824 0.0560331
 0.63836 0.0560719
 0.63848 0.0561025
 0.6386 0.0561251
 0.63872 0.0561397
 0.63884 0.0561464
 0.63896 0.0561452
 0.63908 0.0561361
 0.6392 0.0561192
 0.63932 0.0560944
 0.63944 0.0560619
 0.63956 0.0560216
 0.63968 0.0559736
 0.6398 0.0559179
 0.63992 0.0558545
 0.64004 0.0557836
 0.64016 0.055705
 0.64028 0.055619
 0.6404 0.0555255
 0.64052 0.0554245
 0.64064 0.0553162
 0.64076 0.0552005
 0.64088 0.0550777
 0.641 0.0549476
 0.64112 0.0548104
 0.64124 0.0546662
 0.64136 0.0545151
 0.64148 0.0543569
 0.6416 0.0541918
 0.64172 0.0540199
 0.64184 0.0538411
 0.64196 0.0536555
 0.64208 0.0534631
 0.6422 0.0532639
 0.64232 0.053058
 0.64244 0.0528455
 0.64256 0.0526262
 0.64268 0.0524001
 0.6428 0.0521674
 0.64292 0.0519279
 0.64304 0.0516817
 0.64316 0.0514288
 0.64328 0.0511693
 0.6434 0.0509032
 0.64352 0.0506305
 0.64364 0.0503513
 0.64376 0.0500656
 0.64388 0.0497734
 0.644 0.0494749
 0.64412 0.0491701
 0.64424 0.0488591
 0.64436 0.0485418
 0.64448 0.0482184
 0.6446 0.0478889
 0.64472 0.0475533
 0.64484 0.0472118
 0.64496 0.0468642
 0.64508 0.0465107
 0.6452 0.0461514
 0.64532 0.0457862
 0.64544 0.0454154
 0.64556 0.0450389
 0.64568 0.0446568
 0.6458 0.0442693
 0.64592 0.0438764
 0.64604 0.0434782
 0.64616 0.0430749
 0.64628 0.0426664
 0.6464 0.0422529
 0.64652 0.0418345
 0.64664 0.0414113
 0.64676 0.0409833
 0.64688 0.0405506
 0.647 0.0401134
 0.64712 0.0396717
 0.64724 0.0392256
 0.64736 0.0387752
 0.64748 0.0383205
 0.6476 0.0378618
 0.64772 0.0373989
 0.64784 0.0369322
 0.64796 0.0364616
 0.64808 0.0359872
 0.6482 0.0355091
 0.64832 0.0350274
 0.64844 0.0345423
 0.64856 0.0340537
 0.64868 0.0335619
 0.6488 0.0330668
 0.64892 0.0325686
 0.64904 0.0320674
 0.64916 0.0315633
 0.64928 0.0310564
 0.6494 0.0305468
 0.64952 0.0300345
 0.64964 0.0295198
 0.64976 0.0290027
 0.64988 0.0284832
 0.65 0.0279616
 0.65012 0.0274379
 0.65024 0.0269123
 0.65036 0.0263847
 0.65048 0.0258554
 0.6506 0.0253245
 0.65072 0.024792
 0.65084 0.024258
 0.65096 0.0237226
 0.65108 0.023186
 0.6512 0.0226481
 0.65132 0.0221091
 0.65144 0.021569
 0.65156 0.0210278
 0.65168 0.0204856
 0.6518 0.0199424
 0.65192 0.0193982
 0.65204 0.0188531
 0.65216 0.0183072
 0.65228 0.0177605
 0.6524 0.017213
 0.65252 0.0166647
 0.65264 0.0161157
 0.65276 0.0155661
 0.65288 0.0150159
 0.653 0.0144651
 0.65312 0.0139137
 0.65324 0.0133619
 0.65336 0.0128096
 0.65348 0.0122569
 0.6536 0.0117038
 0.65372 0.0111504
 0.65384 0.0105968
 0.65396 0.010043
 0.65408 0.00948903
 0.6542 0.00893502
 0.65432 0.00838101
 0.65444 0.00782706
 0.65456 0.00727322
 0.65468 0.00671955
 0.6548 0.00616612
 0.65492 0.00561299
 0.65504 0.00506022
 0.65516 0.00450787
 0.65528 0.003956
 0.6554 0.00340467
 0.65552 0.00285393
 0.65564 0.00230384
 0.65576 0.00175443
 0.65588 0.00120577
 0.656 0.000657887
 0.65612 0.000110835
 0.65624 -0.000435341
 0.65636 -0.000980594
 0.65648 -0.00152488
 0.6566 -0.00206815
 0.65672 -0.00261035
 0.65684 -0.00315145
 0.65696 -0.0036914
 0.65708 -0.00423014
 0.6572 -0.00476764
 0.65732 -0.00530384
 0.65744 -0.00583871
 0.65756 -0.00637218
 0.65768 -0.00690422
 0.6578 -0.00743477
 0.65792 -0.00796379
 0.65804 -0.00849123
 0.65816 -0.00901703
 0.65828 -0.00954114
 0.6584 -0.0100635
 0.65852 -0.0105841
 0.65864 -0.0111029
 0.65876 -0.0116197
 0.65888 -0.0121346
 0.659 -0.0126474
 0.65912 -0.013158
 0.65924 -0.0136664
 0.65936 -0.0141724
 0.65948 -0.014676
 0.6596 -0.0151771
 0.65972 -0.0156757
 0.65984 -0.0161716
 0.65996 -0.0166647
 0.66008 -0.0171552
 0.6602 -0.0176428
 0.66032 -0.0181276
 0.66044 -0.0186095
 0.66056 -0.0190884
 0.66068 -0.0195643
 0.6608 -0.0200372
 0.66092 -0.020507
 0.66104 -0.0209738
 0.66116 -0.0214375
 0.66128 -0.0218981
 0.6614 -0.0223556
 0.66152 -0.0228101
 0.66164 -0.0232615
 0.66176 -0.0237099
 0.66188 -0.0241553
 0.662 -0.0245977
 0.66212 -0.0250371
 0.66224 -0.0254735
 0.66236 -0.025907
 0.66248 -0.0263376
 0.6626 -0.0267652
 0.66272 -0.0271899
 0.66284 -0.0276118
 0.66296 -0.0280307
 0.66308 -0.0284468
 0.6632 -0.0288601
 0.66332 -0.0292705
 0.66344 -0.0296781
 0.66356 -0.0300829
 0.66368 -0.030485
 0.6638 -0.0308842
 0.66392 -0.0312807
 0.66404 -0.0316744
 0.66416 -0.0320654
 0.66428 -0.0324537
 0.6644 -0.0328392
 0.66452 -0.0332221
 0.66464 -0.0336023
 0.66476 -0.0339799
 0.66488 -0.0343549
 0.665 -0.0347272
 0.66512 -0.0350969
 0.66524 -0.035464
 0.66536 -0.0358286
 0.66548 -0.0361907
 0.6656 -0.0365501
 0.66572 -0.0369071
 0.66584 -0.0372616
 0.66596 -0.0376135
 0.66608 -0.0379629
 0.6662 -0.0383098
 0.66632 -0.038654
 0.66644 -0.0389957
 0.66656 -0.0393348
 0.66668 -0.0396713
 0.6668 -0.0400051
 0.66692 -0.0403364
 0.66704 -0.040665
 0.66716 -0.040991
 0.66728 -0.0413143
 0.6674 -0.041635
 0.66752 -0.0419531
 0.66764 -0.0422684
 0.66776 -0.0425812
 0.66788 -0.0428912
 0.668 -0.0431986
 0.66812 -0.0435033
 0.66824 -0.0438054
 0.66836 -0.0441047
 0.66848 -0.0444014
 0.6686 -0.0446954
 0.66872 -0.0449866
 0.66884 -0.0452751
 0.66896 -0.0455608
 0.66908 -0.0458437
 0.6692 -0.0461237
 0.66932 -0.0464007
 0.66944 -0.0466747
 0.66956 -0.0469456
 0.66968 -0.0472135
 0.6698 -0.0474782
 0.66992 -0.0477398
 0.67004 -0.0479982
 0.67016 -0.0482534
 0.67028 -0.0485053
 0.6704 -0.048754
 0.67052 -0.0489993
 0.67064 -0.0492413
 0.67076 -0.04948
 0.67088 -0.0497153
 0.671 -0.0499472
 0.67112 -0.0501758
 0.67124 -0.050401
 0.67136 -0.0506228
 0.67148 -0.0508412
 0.6716 -0.0510562
 0.67172 -0.0512676
 0.67184 -0.0514755
 0.67196 -0.0516799
 0.67208 -0.0518807
 0.6722 -0.0520778
 0.67232 -0.0522712
 0.67244 -0.0524609
 0.67256 -0.0526468
 0.67268 -0.0528289
 0.6728 -0.0530072
 0.67292 -0.0531815
 0.67304 -0.0533519
 0.67316 -0.0535184
 0.67328 -0.0536809
 0.6734 -0.0538395
 0.67352 -0.0539941
 0.67364 -0.0541448
 0.67376 -0.0542915
 0.67388 -0.0544341
 0.674 -0.0545728
 0.67412 -0.0547075
 0.67424 -0.0548382
 0.67436 -0.0549649
 0.67448 -0.0550876
 0.6746 -0.0552063
 0.67472 -0.055321
 0.67484 -0.0554316
 0.67496 -0.0555381
 0.67508 -0.0556407
 0.6752 -0.0557391
 0.67532 -0.0558335
 0.67544 -0.0559238
 0.67556 -0.0560101
 0.67568 -0.0560924
 0.6758 -0.0561705
 0.67592 -0.0562447
 0.67604 -0.0563148
 0.67616 -0.0563808
 0.67628 -0.0564428
 0.6764 -0.0565008
 0.67652 -0.0565547
 0.67664 -0.0566046
 0.67676 -0.0566505
 0.67688 -0.0566924
 0.677 -0.0567302
 0.67712 -0.0567641
 0.67724 -0.0567939
 0.67736 -0.0568197
 0.67748 -0.0568414
 0.6776 -0.0568592
 0.67772 -0.056873
 0.67784 -0.0568828
 0.67796 -0.0568886
 0.67808 -0.0568904
 0.6782 -0.0568883
 0.67832 -0.0568823
 0.67844 -0.0568723
 0.67856 -0.0568585
 0.67868 -0.0568408
 0.6788 -0.0568192
 0.67892 -0.0567939
 0.67904 -0.0567648
 0.67916 -0.056732
 0.67928 -0.0566955
 0.6794 -0.0566555
 0.67952 -0.0566119
 0.67964 -0.0565648
 0.67976 -0.0565143
 0.67988 -0.0564605
 0.68 -0.0564034
 0.68012 -0.0563431
 0.68024 -0.0562796
 0.68036 -0.056213
 0.68048 -0.0561434
 0.6806 -0.0560708
 0.68072 -0.0559953
 0.68084 -0.055917
 0.68096 -0.0558359
 0.68108 -0.055752
 0.6812 -0.0556653
 0.68132 -0.0555758
 0.68144 -0.0554836
 0.68156 -0.0553885
 0.68168 -0.0552906
 0.6818 -0.0551899
 0.68192 -0.0550862
 0.68204 -0.0549795
 0.68216 -0.0548699
 0.68228 -0.0547574
 0.6824 -0.0546418
 0.68252 -0.0545232
 0.68264 -0.0544016
 0.68276 -0.054277
 0.68288 -0.0541494
 0.683 -0.0540187
 0.68312 -0.0538851
 0.68324 -0.0537485
 0.68336 -0.0536088
 0.68348 -0.0534662
 0.6836 -0.0533205
 0.68372 -0.0531718
 0.68384 -0.0530201
 0.68396 -0.0528655
 0.68408 -0.052708
 0.6842 -0.0525475
 0.68432 -0.0523842
 0.68444 -0.052218
 0.68456 -0.052049
 0.68468 -0.0518771
 0.6848 -0.0517024
 0.68492 -0.051525
 0.68504 -0.0513448
 0.68516 -0.0511618
 0.68528 -0.0509761
 0.6854 -0.0507876
 0.68552 -0.0505965
 0.68564 -0.0504027
 0.68576 -0.0502062
 0.68588 -0.050007
 0.686 -0.0498052
 0.68612 -0.0496007
 0.68624 -0.0493937
 0.68636 -0.049184
 0.68648 -0.0489717
 0.6866 -0.0487569
 0.68672 -0.0485394
 0.68684 -0.0483194
 0.68696 -0.0480969
 0.68708 -0.0478719
 0.6872 -0.0476443
 0.68732 -0.0474142
 0.68744 -0.0471816
 0.68756 -0.0469466
 0.68768 -0.0467091
 0.6878 -0.0464691
 0.68792 -0.0462267
 0.68804 -0.0459819
 0.68816 -0.0457347
 0.68828 -0.0454851
 0.6884 -0.0452332
 0.68852 -0.044979
 0.68864 -0.0447224
 0.68876 -0.0444636
 0.68888 -0.0442026
 0.689 -0.0439394
 0.68912 -0.043674
 0.68924 -0.0434064
 0.68936 -0.0431367
 0.68948 -0.042865
 0.6896 -0.0425912
 0.68972 -0.0423154
 0.68984 -0.0420376
 0.68996 -0.0417578
 0.69008 -0.0414761
 0.6902 -0.0411924
 0.69032 -0.0409069
 0.69044 -0.0406195
 0.69056 -0.0403302
 0.69068 -0.0400391
 0.6908 -0.0397461
 0.69092 -0.0394513
 0.69104 -0.0391547
 0.69116 -0.0388563
 0.69128 -0.038556
 0.6914 -0.038254
 0.69152 -0.0379501
 0.69164 -0.0376444
 0.69176 -0.0373368
 0.69188 -0.0370275
 0.692 -0.0367163
 0.69212 -0.0364032
 0.69224 -0.0360883
 0.69236 -0.0357716
 0.69248 -0.035453
 0.6926 -0.0351326
 0.69272 -0.0348103
 0.69284 -0.0344862
 0.69296 -0.0341602
 0.69308 -0.0338323
 0.6932 -0.0335026
 0.69332 -0.0331711
 0.69344 -0.0328376
 0.69356 -0.0325023
 0.69368 -0.0321651
 0.6938 -0.031826
 0.69392 -0.0314851
 0.69404 -0.0311422
 0.69416 -0.0307974
 0.69428 -0.0304506
 0.6944 -0.0301019
 0.69452 -0.0297512
 0.69464 -0.0293985
 0.69476 -0.0290438
 0.69488 -0.028687
 0.695 -0.0283282
 0.69512 -0.0279673
 0.69524 -0.0276043
 0.69536 -0.0272392
 0.69548 -0.026872
 0.6956 -0.0265026
 0.69572 -0.0261311
 0.69584 -0.0257573
 0.69596 -0.0253815
 0.69608 -0.0250035
 0.6962 -0.0246235
 0.69632 -0.0242414
 0.69644 -0.0238574
 0.69656 -0.0234713
 0.69668 -0.0230833
 0.6968 -0.0226934
 0.69692 -0.0223016
 0.69704 -0.021908
 0.69716 -0.0215126
 0.69728 -0.0211154
 0.6974 -0.0207164
 0.69752 -0.0203158
 0.69764 -0.0199135
 0.69776 -0.0195096
 0.69788 -0.019104
 0.698 -0.0186969
 0.69812 -0.0182884
 0.69824 -0.0178783
 0.69836 -0.0174669
 0.69848 -0.0170541
 0.6986 -0.01664
 0.69872 -0.0162247
 0.69884 -0.0158082
 0.69896 -0.0153907
 0.69908 -0.0149722
 0.6992 -0.0145529
 0.69932 -0.0141328
 0.69944 -0.013712
 0.69956 -0.0132906
 0.69968 -0.0128686
 0.6998 -0.0124463
 0.69992 -0.0120235
 0.70004 -0.0116005
 0.70016 -0.0111773
 0.70028 -0.010754
 0.7004 -0.0103306
 0.70052 -0.0099073
 0.70064 -0.00948408
 0.70076 -0.00906102
 0.70088 -0.00863818
 0.701 -0.00821559
 0.70112 -0.0077933
 0.70124 -0.00737135
 0.70136 -0.00694979
 0.70148 -0.00652866
 0.7016 -0.00610803
 0.70172 -0.00568795
 0.70184 -0.00526852
 0.70196 -0.00484982
 0.70208 -0.00443195
 0.7022 -0.00401499
 0.70232 -0.00359902
 0.70244 -0.00318414
 0.70256 -0.00277041
 0.70268 -0.00235795
 0.7028 -0.00194682
 0.70292 -0.00153712
 0.70304 -0.00112893
 0.70316 -0.000722319
 0.70328 -0.000317364
 0.7034 8.586e-05
 0.70352 0.000487277
 0.70364 0.000886812
 0.70376 0.0012844
 0.70388 0.00167997
 0.704 0.00207346
 0.70412 0.00246481
 0.70424 0.00285395
 0.70436 0.00324081
 0.70448 0.00362533
 0.7046 0.00400745
 0.70472 0.0043871
 0.70484 0.00476421
 0.70496 0.00513873
 0.70508 0.00551059
 0.7052 0.00587974
 0.70532 0.00624611
 0.70544 0.00660964
 0.70556 0.00697028
 0.70568 0.00732795
 0.7058 0.0076826
 0.70592 0.00803418
 0.70604 0.0083826
 0.70616 0.00872782
 0.70628 0.00906978
 0.7064 0.00940841
 0.70652 0.00974365
 0.70664 0.0100754
 0.70676 0.0104037
 0.70688 0.0107284
 0.707 0.0110495
 0.70712 0.0113669
 0.70724 0.0116805
 0.70736 0.0119904
 0.70748 0.0122963
 0.7076 0.0125983
 0.70772 0.0128963
 0.70784 0.0131903
 0.70796 0.0134801
 0.70808 0.0137659
 0.7082 0.0140474
 0.70832 0.0143247
 0.70844 0.0145978
 0.70856 0.0148666
 0.70868 0.0151311
 0.7088 0.0153913
 0.70892 0.0156471
 0.70904 0.0158985
 0.70916 0.0161456
 0.70928 0.0163884
 0.7094 0.016627
 0.70952 0.0168612
 0.70964 0.0170911
 0.70976 0.0173168
 0.70988 0.0175384
 0.71 0.0177557
 0.71012 0.0179688
 0.71024 0.0181778
 0.71036 0.0183828
 0.71048 0.0185836
 0.7106 0.0187803
 0.71072 0.0189731
 0.71084 0.0191618
 0.71096 0.0193465
 0.71108 0.0195271
 0.7112 0.0197038
 0.71132 0.0198764
 0.71144 0.020045
 0.71156 0.0202094
 0.71168 0.0203697
 0.7118 0.0205258
 0.71192 0.0206778
 0.71204 0.0208254
 0.71216 0.0209688
 0.71228 0.0211078
 0.7124 0.0212425
 0.71252 0.0213729
 0.71264 0.0214991
 0.71276 0.021621
 0.71288 0.0217387
 0.713 0.0218523
 0.71312 0.0219618
 0.71324 0.0220672
 0.71336 0.0221685
 0.71348 0.0222657
 0.7136 0.022359
 0.71372 0.0224483
 0.71384 0.0225337
 0.71396 0.0226152
 0.71408 0.022693
 0.7142 0.022767
 0.71432 0.0228372
 0.71444 0.0229038
 0.71456 0.0229668
 0.71468 0.0230261
 0.7148 0.0230819
 0.71492 0.0231341
 0.71504 0.0231828
 0.71516 0.0232279
 0.71528 0.0232694
 0.7154 0.0233074
 0.71552 0.0233419
 0.71564 0.0233727
 0.71576 0.0234001
 0.71588 0.0234238
 0.716 0.023444
 0.71612 0.0234607
 0.71624 0.0234738
 0.71636 0.0234834
 0.71648 0.0234894
 0.7166 0.0234919
 0.71672 0.0234908
 0.71684 0.0234862
 0.71696 0.0234781
 0.71708 0.0234665
 0.7172 0.0234514
 0.71732 0.0234327
 0.71744 0.0234105
 0.71756 0.0233849
 0.71768 0.0233557
 0.7178 0.023323
 0.71792 0.0232868
 0.71804 0.0232471
 0.71816 0.0232039
 0.71828 0.0231572
 0.7184 0.023107
 0.71852 0.0230534
 0.71864 0.0229962
 0.71876 0.0229356
 0.71888 0.0228715
 0.719 0.022804
 0.71912 0.0227329
 0.71924 0.0226584
 0.71936 0.0225804
 0.71948 0.022499
 0.7196 0.0224141
 0.71972 0.0223258
 0.71984 0.022234
 0.71996 0.0221387
 0.72008 0.02204
 0.7202 0.0219379
 0.72032 0.0218323
 0.72044 0.0217233
 0.72056 0.0216108
 0.72068 0.0214948
 0.7208 0.0213754
 0.72092 0.0212526
 0.72104 0.0211262
 0.72116 0.0209964
 0.72128 0.0208632
 0.7214 0.0207264
 0.72152 0.0205861
 0.72164 0.0204424
 0.72176 0.0202951
 0.72188 0.0201443
 0.722 0.01999
 0.72212 0.0198321
 0.72224 0.0196707
 0.72236 0.0195058
 0.72248 0.0193373
 0.7226 0.0191652
 0.72272 0.0189896
 0.72284 0.0188103
 0.72296 0.0186275
 0.72308 0.0184411
 0.7232 0.0182511
 0.72332 0.0180574
 0.72344 0.0178602
 0.72356 0.0176593
 0.72368 0.0174548
 0.7238 0.0172466
 0.72392 0.0170347
 0.72404 0.0168191
 0.72416 0.0165998
 0.72428 0.0163766
 0.7244 0.0161497
 0.72452 0.0159189
 0.72464 0.0156842
 0.72476 0.0154456
 0.72488 0.015203
 0.725 0.0149565
 0.72512 0.0147059
 0.72524 0.0144513
 0.72536 0.0141926
 0.72548 0.0139298
 0.7256 0.0136629
 0.72572 0.0133917
 0.72584 0.0131164
 0.72596 0.0128369
 0.72608 0.0125532
 0.7262 0.0122653
 0.72632 0.0119732
 0.72644 0.0116769
 0.72656 0.0113764
 0.72668 0.0110717
 0.7268 0.0107628
 0.72692 0.0104497
 0.72704 0.0101325
 0.72716 0.00981109
 0.72728 0.0094855
 0.7274 0.00915575
 0.72752 0.00882185
 0.72764 0.00848379
 0.72776 0.00814158
 0.72788 0.00779529
 0.728 0.00744497
 0.72812 0.00709069
 0.72824 0.00673251
 0.72836 0.0063705
 0.72848 0.00600471
 0.7286 0.00563523
 0.72872 0.00526214
 0.72884 0.00488555
 0.72896 0.00450554
 0.72908 0.00412223
 0.7292 0.00373572
 0.72932 0.00334612
 0.72944 0.00295352
 0.72956 0.00255801
 0.72968 0.00215968
 0.7298 0.00175861
 0.72992 0.00135489
 0.73004 0.000948612
 0.73016 0.000539851
 0.73028 0.000128697
 0.7304 -0.000284764
 0.73052 -0.000700449
 0.73064 -0.00111828
 0.73076 -0.00153819
 0.73088 -0.00196013
 0.731 -0.00238406
 0.73112 -0.00280995
 0.73124 -0.00323774
 0.73136 -0.00366739
 0.73148 -0.00409887
 0.7316 -0.00453212
 0.73172 -0.00496707
 0.73184 -0.00540362
 0.73196 -0.00584166
 0.73208 -0.0062811
 0.7322 -0.00672184
 0.73232 -0.00716378
 0.73244 -0.00760682
 0.73256 -0.00805086
 0.73268 -0.0084958
 0.7328 -0.00894152
 0.73292 -0.00938789
 0.73304 -0.00983479
 0.73316 -0.0102821
 0.73328 -0.0107297
 0.7334 -0.0111775
 0.73352 -0.0116252
 0.73364 -0.012073
 0.73376 -0.0125205
 0.73388 -0.0129678
 0.734 -0.0134148
 0.73412 -0.0138613
 0.73424 -0.0143073
 0.73436 -0.0147527
 0.73448 -0.0151974
 0.7346 -0.0156413
 0.73472 -0.0160843
 0.73484 -0.0165263
 0.73496 -0.0169673
 0.73508 -0.0174071
 0.7352 -0.0178457
 0.73532 -0.0182829
 0.73544 -0.0187188
 0.73556 -0.0191531
 0.73568 -0.0195859
 0.7358 -0.020017
 0.73592 -0.0204463
 0.73604 -0.0208738
 0.73616 -0.0212994
 0.73628 -0.021723
 0.7364 -0.0221445
 0.73652 -0.0225638
 0.73664 -0.0229808
 0.73676 -0.0233954
 0.73688 -0.0238077
 0.737 -0.0242173
 0.73712 -0.0246244
 0.73724 -0.0250288
 0.73736 -0.0254304
 0.73748 -0.0258291
 0.7376 -0.0262249
 0.73772 -0.0266176
 0.73784 -0.0270072
 0.73796 -0.0273936
 0.73808 -0.0277767
 0.7382 -0.0281565
 0.73832 -0.0285329
 0.73844 -0.0289058
 0.73856 -0.0292752
 0.73868 -0.029641
 0.7388 -0.0300031
 0.73892 -0.0303615
 0.73904 -0.0307162
 0.73916 -0.0310671
 0.73928 -0.0314142
 0.7394 -0.0317575
 0.73952 -0.0320968
 0.73964 -0.0324323
 0.73976 -0.0327639
 0.73988 -0.0330915
 0.74 -0.0334151
 0.74012 -0.0337348
 0.74024 -0.0340504
 0.74036 -0.034362
 0.74048 -0.0346696
 0.7406 -0.034973
 0.74072 -0.0352724
 0.74084 -0.0355676
 0.74096 -0.0358586
 0.74108 -0.0361454
 0.7412 -0.0364281
 0.74132 -0.0367064
 0.74144 -0.0369805
 0.74156 -0.0372502
 0.74168 -0.0375155
 0.7418 -0.0377764
 0.74192 -0.0380329
 0.74204 -0.0382848
 0.74216 -0.0385322
 0.74228 -0.0387751
 0.7424 -0.0390134
 0.74252 -0.0392471
 0.74264 -0.0394764
 0.74276 -0.0397012
 0.74288 -0.0399217
 0.743 -0.0401378
 0.74312 -0.0403496
 0.74324 -0.0405571
 0.74336 -0.0407605
 0.74348 -0.0409596
 0.7436 -0.0411546
 0.74372 -0.0413456
 0.74384 -0.0415325
 0.74396 -0.0417154
 0.74408 -0.0418944
 0.7442 -0.0420695
 0.74432 -0.0422407
 0.74444 -0.0424082
 0.74456 -0.0425718
 0.74468 -0.0427318
 0.7448 -0.042888
 0.74492 -0.0430405
 0.74504 -0.0431894
 0.74516 -0.0433344
 0.74528 -0.0434758
 0.7454 -0.0436133
 0.74552 -0.043747
 0.74564 -0.0438769
 0.74576 -0.0440029
 0.74588 -0.0441251
 0.746 -0.0442433
 0.74612 -0.0443577
 0.74624 -0.0444681
 0.74636 -0.0445747
 0.74648 -0.0446773
 0.7466 -0.0447761
 0.74672 -0.0448709
 0.74684 -0.0449619
 0.74696 -0.045049
 0.74708 -0.0451322
 0.7472 -0.0452116
 0.74732 -0.045287
 0.74744 -0.0453586
 0.74756 -0.0454262
 0.74768 -0.04549
 0.7478 -0.0455499
 0.74792 -0.0456059
 0.74804 -0.0456579
 0.74816 -0.0457062
 0.74828 -0.0457505
 0.7484 -0.0457908
 0.74852 -0.0458273
 0.74864 -0.0458599
 0.74876 -0.0458885
 0.74888 -0.0459131
 0.749 -0.0459338
 0.74912 -0.0459506
 0.74924 -0.0459633
 0.74936 -0.0459721
 0.74948 -0.0459769
 0.7496 -0.0459777
 0.74972 -0.0459745
 0.74984 -0.0459672
 0.74996 -0.045956
 0.75008 -0.0459406
 0.7502 -0.0459212
 0.75032 -0.0458977
 0.75044 -0.0458701
 0.75056 -0.0458383
 0.75068 -0.0458024
 0.7508 -0.0457623
 0.75092 -0.045718
 0.75104 -0.0456695
 0.75116 -0.0456167
 0.75128 -0.0455597
 0.7514 -0.0454983
 0.75152 -0.0454325
 0.75164 -0.0453624
 0.75176 -0.0452877
 0.75188 -0.0452086
 0.752 -0.045125
 0.75212 -0.0450368
 0.75224 -0.0449441
 0.75236 -0.0448466
 0.75248 -0.0447446
 0.7526 -0.0446378
 0.75272 -0.0445262
 0.75284 -0.0444099
 0.75296 -0.0442887
 0.75308 -0.0441627
 0.7532 -0.0440318
 0.75332 -0.0438959
 0.75344 -0.0437551
 0.75356 -0.0436093
 0.75368 -0.0434584
 0.7538 -0.0433024
 0.75392 -0.0431412
 0.75404 -0.0429749
 0.75416 -0.0428032
 0.75428 -0.0426263
 0.7544 -0.042444
 0.75452 -0.0422562
 0.75464 -0.042063
 0.75476 -0.0418643
 0.75488 -0.04166
 0.755 -0.0414501
 0.75512 -0.0412345
 0.75524 -0.0410132
 0.75536 -0.0407861
 0.75548 -0.0405533
 0.7556 -0.0403145
 0.75572 -0.0400699
 0.75584 -0.0398193
 0.75596 -0.0395627
 0.75608 -0.0393001
 0.7562 -0.0390314
 0.75632 -0.0387566
 0.75644 -0.0384757
 0.75656 -0.0381887
 0.75668 -0.0378954
 0.7568 -0.037596
 0.75692 -0.0372902
 0.75704 -0.0369782
 0.75716 -0.0366598
 0.75728 -0.0363351
 0.7574 -0.0360039
 0.75752 -0.0356664
 0.75764 -0.0353223
 0.75776 -0.0349718
 0.75788 -0.0346148
 0.758 -0.0342515
 0.75812 -0.0338818
 0.75824 -0.0335059
 0.75836 -0.0331237
 0.75848 -0.0327354
 0.7586 -0.032341
 0.75872 -0.0319405
 0.75884 -0.0315341
 0.75896 -0.0311219
 0.75908 -0.0307039
 0.7592 -0.0302802
 0.75932 -0.0298509
 0.75944 -0.0294161
 0.75956 -0.0289758
 0.75968 -0.0285302
 0.7598 -0.0280791
 0.75992 -0.0276229
 0.76004 -0.0271614
 0.76016 -0.0266947
 0.76028 -0.0262229
 0.7604 -0.0257461
 0.76052 -0.0252643
 0.76064 -0.0247776
 0.76076 -0.0242859
 0.76088 -0.0237893
 0.761 -0.0232879
 0.76112 -0.0227816
 0.76124 -0.0222705
 0.76136 -0.0217546
 0.76148 -0.0212338
 0.7616 -0.0207084
 0.76172 -0.0201782
 0.76184 -0.0196433
 0.76196 -0.0191038
 0.76208 -0.0185598
 0.7622 -0.0180113
 0.76232 -0.0174583
 0.76244 -0.016901
 0.76256 -0.0163394
 0.76268 -0.0157735
 0.7628 -0.0152035
 0.76292 -0.0146294
 0.76304 -0.0140514
 0.76316 -0.0134696
 0.76328 -0.012884
 0.7634 -0.0122948
 0.76352 -0.011702
 0.76364 -0.0111058
 0.76376 -0.0105062
 0.76388 -0.0099033
 0.764 -0.00929707
 0.76412 -0.00868764
 0.76424 -0.00807507
 0.76436 -0.00745944
 0.76448 -0.00684083
 0.7646 -0.00621932
 0.76472 -0.00559499
 0.76484 -0.00496795
 0.76496 -0.00433829
 0.76508 -0.00370612
 0.7652 -0.00307153
 0.76532 -0.00243462
 0.76544 -0.00179548
 0.76556 -0.00115421
 0.76568 -0.000510916
 0.7658 0.000134312
 0.76592 0.000781373
 0.76604 0.00143017
 0.76616 0.00208059
 0.76628 0.00273254
 0.7664 0.00338592
 0.76652 0.00404063
 0.76664 0.00469656
 0.76676 0.00535362
 0.76688 0.00601169
 0.767 0.00667069
 0.76712 0.00733051
 0.76724 0.00799106
 0.76736 0.00865223
 0.76748 0.00931392
 0.7676 0.00997604
 0.76772 0.0106385
 0.76784 0.0113011
 0.76796 0.011964
 0.76808 0.0126268
 0.7682 0.0132897
 0.76832 0.0139524
 0.76844 0.014615
 0.76856 0.0152772
 0.76868 0.0159391
 0.7688 0.0166005
 0.76892 0.0172613
 0.76904 0.0179216
 0.76916 0.0185811
 0.76928 0.0192398
 0.7694 0.0198977
 0.76952 0.0205546
 0.76964 0.0212106
 0.76976 0.0218654
 0.76988 0.0225192
 0.77 0.0231717
 0.77012 0.0238229
 0.77024 0.0244729
 0.77036 0.0251214
 0.77048 0.0257684
 0.7706 0.0264139
 0.77072 0.0270577
 0.77084 0.0276999
 0.77096 0.0283403
 0.77108 0.0289789
 0.7712 0.0296156
 0.77132 0.0302504
 0.77144 0.0308831
 0.77156 0.0315138
 0.77168 0.0321423
 0.7718 0.0327685
 0.77192 0.0333925
 0.77204 0.0340141
 0.77216 0.0346332
 0.77228 0.0352499
 0.7724 0.035864
 0.77252 0.0364755
 0.77264 0.0370845
 0.77276 0.0376908
 0.77288 0.0382945
 0.773 0.0388956
 0.77312 0.039494
 0.77324 0.0400898
 0.77336 0.0406828
 0.77348 0.0412731
 0.7736 0.0418606
 0.77372 0.0424454
 0.77384 0.0430274
 0.77396 0.0436067
 0.77408 0.044183
 0.7742 0.0447566
 0.77432 0.0453272
 0.77444 0.045895
 0.77456 0.0464599
 0.77468 0.0470218
 0.7748 0.0475808
 0.77492 0.0481368
 0.77504 0.0486897
 0.77516 0.0492395
 0.77528 0.0497861
 0.7754 0.0503294
 0.77552 0.0508694
 0.77564 0.051406
 0.77576 0.0519392
 0.77588 0.0524688
 0.776 0.0529949
 0.77612 0.0535174
 0.77624 0.0540362
 0.77636 0.0545514
 0.77648 0.0550629
 0.7766 0.0555708
 0.77672 0.0560749
 0.77684 0.0565753
 0.77696 0.0570719
 0.77708 0.0575648
 0.7772 0.0580539
 0.77732 0.0585391
 0.77744 0.0590204
 0.77756 0.0594979
 0.77768 0.0599715
 0.7778 0.0604412
 0.77792 0.0609069
 0.77804 0.0613686
 0.77816 0.0618264
 0.77828 0.0622802
 0.7784 0.0627299
 0.77852 0.0631755
 0.77864 0.0636169
 0.77876 0.0640542
 0.77888 0.0644874
 0.779 0.0649162
 0.77912 0.0653408
 0.77924 0.065761
 0.77936 0.0661769
 0.77948 0.0665885
 0.7796 0.0669956
 0.77972 0.0673983
 0.77984 0.0677965
 0.77996 0.0681901
 0.78008 0.0685792
 0.7802 0.0689637
 0.78032 0.0693435
 0.78044 0.0697186
 0.78056 0.0700889
 0.78068 0.0704545
 0.7808 0.0708152
 0.78092 0.071171
 0.78104 0.0715219
 0.78116 0.0718678
 0.78128 0.0722086
 0.7814 0.0725443
 0.78152 0.0728747
 0.78164 0.0731999
 0.78176 0.0735196
 0.78188 0.073834
 0.782 0.0741428
 0.78212 0.074446
 0.78224 0.0747436
 0.78236 0.0750354
 0.78248 0.0753214
 0.7826 0.0756016
 0.78272 0.0758757
 0.78284 0.0761439
 0.78296 0.0764059
 0.78308 0.0766617
 0.7832 0.0769113
 0.78332 0.0771545
 0.78344 0.0773913
 0.78356 0.0776217
 0.78368 0.0778454
 0.7838 0.0780625
 0.78392 0.0782729
 0.78404 0.0784765
 0.78416 0.0786733
 0.78428 0.078863
 0.7844 0.0790457
 0.78452 0.0792213
 0.78464 0.0793898
 0.78476 0.079551
 0.78488 0.0797049
 0.785 0.0798515
 0.78512 0.0799907
 0.78524 0.0801224
 0.78536 0.0802466
 0.78548 0.0803631
 0.7856 0.0804721
 0.78572 0.0805733
 0.78584 0.0806668
 0.78596 0.0807526
 0.78608 0.0808305
 0.7862 0.0809006
 0.78632 0.0809628
 0.78644 0.0810171
 0.78656 0.0810635
 0.78668 0.0811018
 0.7868 0.0811321
 0.78692 0.0811543
 0.78704 0.0811685
 0.78716 0.0811745
 0.78728 0.0811723
 0.7874 0.0811619
 0.78752 0.0811432
 0.78764 0.0811163
 0.78776 0.081081
 0.78788 0.0810374
 0.788 0.0809856
 0.78812 0.0809255
 0.78824 0.0808571
 0.78836 0.0807806
 0.78848 0.0806958
 0.7886 0.0806029
 0.78872 0.0805018
 0.78884 0.0803927
 0.78896 0.0802755
 0.78908 0.0801503
 0.7892 0.0800171
 0.78932 0.0798759
 0.78944 0.0797269
 0.78956 0.0795699
 0.78968 0.0794051
 0.7898 0.0792324
 0.78992 0.0790519
 0.79004 0.0788635
 0.79016 0.0786674
 0.79028 0.0784634
 0.7904 0.0782517
 0.79052 0.0780322
 0.79064 0.077805
 0.79076 0.0775699
 0.79088 0.077327
 0.791 0.0770764
 0.79112 0.0768179
 0.79124 0.0765516
 0.79136 0.0762774
 0.79148 0.0759954
 0.7916 0.0757055
 0.79172 0.0754078
 0.79184 0.0751022
 0.79196 0.0747888
 0.79208 0.0744675
 0.7922 0.0741383
 0.79232 0.0738012
 0.79244 0.0734563
 0.79256 0.0731035
 0.79268 0.0727428
 0.7928 0.0723744
 0.79292 0.0719981
 0.79304 0.071614
 0.79316 0.0712223
 0.79328 0.0708228
 0.7934 0.0704157
 0.79352 0.070001
 0.79364 0.0695786
 0.79376 0.0691486
 0.79388 0.068711
 0.794 0.0682657
 0.79412 0.0678129
 0.79424 0.0673524
 0.79436 0.0668845
 0.79448 0.066409
 0.7946 0.0659261
 0.79472 0.0654357
 0.79484 0.0649381
 0.79496 0.0644331
 0.79508 0.063921
 0.7952 0.0634019
 0.79532 0.0628757
 0.79544 0.0623426
 0.79556 0.0618027
 0.79568 0.0612561
 0.7958 0.0607028
 0.79592 0.0601429
 0.79604 0.0595766
 0.79616 0.0590039
 0.79628 0.0584249
 0.7964 0.0578398
 0.79652 0.0572485
 0.79664 0.0566514
 0.79676 0.0560483
 0.79688 0.0554395
 0.797 0.054825
 0.79712 0.0542048
 0.79724 0.0535792
 0.79736 0.0529482
 0.79748 0.0523118
 0.7976 0.0516702
 0.79772 0.0510235
 0.79784 0.0503717
 0.79796 0.0497149
 0.79808 0.0490532
 0.7982 0.0483866
 0.79832 0.0477153
 0.79844 0.0470392
 0.79856 0.0463586
 0.79868 0.0456735
 0.7988 0.0449839
 0.79892 0.04429
 0.79904 0.0435918
 0.79916 0.0428895
 0.79928 0.042183
 0.7994 0.0414726
 0.79952 0.0407583
 0.79964 0.0400402
 0.79976 0.0393182
 0.79988 0.0385926
