 0.2 -0.0302858
 0.20012 -0.0305691
 0.20024 -0.0308526
 0.20036 -0.0311362
 0.20048 -0.0314199
 0.2006 -0.0317036
 0.20072 -0.0319873
 0.20084 -0.032271
 0.20096 -0.0325547
 0.20108 -0.0328383
 0.2012 -0.0331218
 0.20132 -0.0334052
 0.20144 -0.0336883
 0.20156 -0.0339711
 0.20168 -0.0342536
 0.2018 -0.0345358
 0.20192 -0.0348175
 0.20204 -0.0350987
 0.20216 -0.0353795
 0.20228 -0.0356599
 0.2024 -0.0359397
 0.20252 -0.036219
 0.20264 -0.0364978
 0.20276 -0.0367761
 0.20288 -0.0370538
 0.203 -0.037331
 0.20312 -0.0376076
 0.20324 -0.0378836
 0.20336 -0.038159
 0.20348 -0.0384339
 0.2036 -0.0387082
 0.20372 -0.0389818
 0.20384 -0.0392548
 0.20396 -0.0395272
 0.20408 -0.0397989
 0.2042 -0.04007
 0.20432 -0.0403405
 0.20444 -0.0406103
 0.20456 -0.0408794
 0.20468 -0.0411479
 0.2048 -0.0414157
 0.20492 -0.0416828
 0.20504 -0.0419492
 0.20516 -0.0422148
 0.20528 -0.0424797
 0.2054 -0.0427439
 0.20552 -0.0430073
 0.20564 -0.04327
 0.20576 -0.0435319
 0.20588 -0.0437929
 0.206 -0.0440532
 0.20612 -0.0443126
 0.20624 -0.0445713
 0.20636 -0.044829
 0.20648 -0.0450859
 0.2066 -0.0453419
 0.20672 -0.0455971
 0.20684 -0.0458513
 0.20696 -0.0461047
 0.20708 -0.046357
 0.2072 -0.0466084
 0.20732 -0.0468587
 0.20744 -0.0471078
 0.20756 -0.0473559
 0.20768 -0.0476027
 0.2078 -0.0478483
 0.20792 -0.0480926
 0.20804 -0.0483355
 0.20816 -0.0485771
 0.20828 -0.0488172
 0.2084 -0.049056
 0.20852 -0.0492932
 0.20864 -0.049529
 0.20876 -0.0497632
 0.20888 -0.0499959
 0.209 -0.0502271
 0.20912 -0.0504566
 0.20924 -0.0506846
 0.20936 -0.0509109
 0.20948 -0.0511356
 0.2096 -0.0513586
 0.20972 -0.0515798
 0.20984 -0.0517994
 0.20996 -0.0520172
 0.21008 -0.0522332
 0.2102 -0.0524474
 0.21032 -0.0526597
 0.21044 -0.0528702
 0.21056 -0.0530787
 0.21068 -0.0532852
 0.2108 -0.0534897
 0.21092 -0.0536921
 0.21104 -0.0538924
 0.21116 -0.0540906
 0.21128 -0.0542865
 0.2114 -0.0544803
 0.21152 -0.0546717
 0.21164 -0.0548609
 0.21176 -0.0550477
 0.21188 -0.0552321
 0.212 -0.0554141
 0.21212 -0.0555937
 0.21224 -0.0557708
 0.21236 -0.0559455
 0.21248 -0.0561178
 0.2126 -0.0562876
 0.21272 -0.056455
 0.21284 -0.0566199
 0.21296 -0.0567824
 0.21308 -0.0569424
 0.2132 -0.0571
 0.21332 -0.0572552
 0.21344 -0.0574079
 0.21356 -0.0575582
 0.21368 -0.057706
 0.2138 -0.0578514
 0.21392 -0.0579944
 0.21404 -0.058135
 0.21416 -0.0582731
 0.21428 -0.0584088
 0.2144 -0.058542
 0.21452 -0.0586728
 0.21464 -0.0588012
 0.21476 -0.0589272
 0.21488 -0.0590507
 0.215 -0.0591719
 0.21512 -0.0592905
 0.21524 -0.0594068
 0.21536 -0.0595207
 0.21548 -0.0596321
 0.2156 -0.0597411
 0.21572 -0.0598477
 0.21584 -0.0599519
 0.21596 -0.0600536
 0.21608 -0.0601529
 0.2162 -0.0602497
 0.21632 -0.060344
 0.21644 -0.0604358
 0.21656 -0.0605251
 0.21668 -0.060612
 0.2168 -0.0606963
 0.21692 -0.0607781
 0.21704 -0.0608574
 0.21716 -0.0609342
 0.21728 -0.0610085
 0.2174 -0.0610803
 0.21752 -0.0611496
 0.21764 -0.0612165
 0.21776 -0.0612809
 0.21788 -0.0613428
 0.218 -0.0614022
 0.21812 -0.0614591
 0.21824 -0.0615136
 0.21836 -0.0615656
 0.21848 -0.0616152
 0.2186 -0.0616623
 0.21872 -0.0617069
 0.21884 -0.0617491
 0.21896 -0.0617887
 0.21908 -0.0618258
 0.2192 -0.0618603
 0.21932 -0.0618924
 0.21944 -0.061922
 0.21956 -0.0619492
 0.21968 -0.0619739
 0.2198 -0.0619964
 0.21992 -0.0620163
 0.22004 -0.0620339
 0.22016 -0.0620491
 0.22028 -0.0620618
 0.2204 -0.0620721
 0.22052 -0.0620801
 0.22064 -0.0620856
 0.22076 -0.0620887
 0.22088 -0.0620895
 0.221 -0.0620879
 0.22112 -0.0620841
 0.22124 -0.062078
 0.22136 -0.0620696
 0.22148 -0.0620591
 0.2216 -0.0620464
 0.22172 -0.0620315
 0.22184 -0.0620146
 0.22196 -0.0619956
 0.22208 -0.0619746
 0.2222 -0.0619515
 0.22232 -0.0619264
 0.22244 -0.0618994
 0.22256 -0.0618705
 0.22268 -0.0618397
 0.2228 -0.0618069
 0.22292 -0.0617724
 0.22304 -0.061736
 0.22316 -0.0616978
 0.22328 -0.0616579
 0.2234 -0.0616162
 0.22352 -0.0615726
 0.22364 -0.0615274
 0.22376 -0.0614804
 0.22388 -0.0614316
 0.224 -0.0613811
 0.22412 -0.0613289
 0.22424 -0.0612749
 0.22436 -0.0612193
 0.22448 -0.0611619
 0.2246 -0.0611028
 0.22472 -0.0610421
 0.22484 -0.0609797
 0.22496 -0.0609156
 0.22508 -0.0608499
 0.2252 -0.0607825
 0.22532 -0.0607135
 0.22544 -0.0606429
 0.22556 -0.0605706
 0.22568 -0.0604967
 0.2258 -0.0604213
 0.22592 -0.0603442
 0.22604 -0.0602655
 0.22616 -0.0601853
 0.22628 -0.0601035
 0.2264 -0.0600201
 0.22652 -0.0599352
 0.22664 -0.0598487
 0.22676 -0.0597608
 0.22688 -0.0596713
 0.227 -0.0595803
 0.22712 -0.0594878
 0.22724 -0.0593939
 0.22736 -0.0592986
 0.22748 -0.0592018
 0.2276 -0.0591036
 0.22772 -0.059004
 0.22784 -0.0589031
 0.22796 -0.0588007
 0.22808 -0.058697
 0.2282 -0.0585919
 0.22832 -0.0584855
 0.22844 -0.0583778
 0.22856 -0.0582687
 0.22868 -0.0581584
 0.2288 -0.0580467
 0.22892 -0.0579338
 0.22904 -0.0578196
 0.22916 -0.0577042
 0.22928 -0.0575876
 0.2294 -0.0574697
 0.22952 -0.0573505
 0.22964 -0.0572302
 0.22976 -0.0571087
 0.22988 -0.0569861
 0.23 -0.0568622
 0.23012 -0.0567372
 0.23024 -0.0566111
 0.23036 -0.0564838
 0.23048 -0.0563555
 0.2306 -0.056226
 0.23072 -0.0560955
 0.23084 -0.0559639
 0.23096 -0.0558312
 0.23108 -0.0556975
 0.2312 -0.0555628
 0.23132 -0.0554271
 0.23144 -0.0552905
 0.23156 -0.055153
 0.23168 -0.0550146
 0.2318 -0.0548753
 0.23192 -0.0547353
 0.23204 -0.0545943
 0.23216 -0.0544526
 0.23228 -0.0543099
 0.2324 -0.0541664
 0.23252 -0.054022
 0.23264 -0.0538767
 0.23276 -0.0537305
 0.23288 -0.0535833
 0.233 -0.0534352
 0.23312 -0.0532861
 0.23324 -0.053136
 0.23336 -0.052985
 0.23348 -0.0528329
 0.2336 -0.0526798
 0.23372 -0.0525257
 0.23384 -0.0523704
 0.23396 -0.0522141
 0.23408 -0.0520568
 0.2342 -0.0518982
 0.23432 -0.0517386
 0.23444 -0.0515777
 0.23456 -0.0514157
 0.23468 -0.0512524
 0.2348 -0.0510878
 0.23492 -0.050922
 0.23504 -0.0507549
 0.23516 -0.0505865
 0.23528 -0.0504167
 0.2354 -0.0502456
 0.23552 -0.0500731
 0.23564 -0.0498992
 0.23576 -0.0497239
 0.23588 -0.0495472
 0.236 -0.049369
 0.23612 -0.0491893
 0.23624 -0.0490081
 0.23636 -0.0488255
 0.23648 -0.0486412
 0.2366 -0.0484555
 0.23672 -0.0482681
 0.23684 -0.0480791
 0.23696 -0.0478886
 0.23708 -0.0476964
 0.2372 -0.0475027
 0.23732 -0.0473075
 0.23744 -0.0471107
 0.23756 -0.0469125
 0.23768 -0.0467128
 0.2378 -0.0465117
 0.23792 -0.0463092
 0.23804 -0.0461054
 0.23816 -0.0459002
 0.23828 -0.0456937
 0.2384 -0.0454858
 0.23852 -0.0452767
 0.23864 -0.0450663
 0.23876 -0.0448546
 0.23888 -0.0446417
 0.239 -0.0444275
 0.23912 -0.0442121
 0.23924 -0.0439955
 0.23936 -0.0437776
 0.23948 -0.0435586
 0.2396 -0.0433384
 0.23972 -0.0431171
 0.23984 -0.0428946
 0.23996 -0.0426709
 0.24008 -0.0424462
 0.2402 -0.0422203
 0.24032 -0.0419934
 0.24044 -0.0417654
 0.24056 -0.0415365
 0.24068 -0.0413065
 0.2408 -0.0410756
 0.24092 -0.0408437
 0.24104 -0.0406108
 0.24116 -0.040377
 0.24128 -0.0401423
 0.2414 -0.0399067
 0.24152 -0.0396702
 0.24164 -0.0394329
 0.24176 -0.0391946
 0.24188 -0.0389555
 0.242 -0.0387156
 0.24212 -0.0384749
 0.24224 -0.0382333
 0.24236 -0.0379909
 0.24248 -0.0377477
 0.2426 -0.0375037
 0.24272 -0.0372589
 0.24284 -0.0370133
 0.24296 -0.0367669
 0.24308 -0.0365197
 0.2432 -0.0362718
 0.24332 -0.036023
 0.24344 -0.0357735
 0.24356 -0.0355231
 0.24368 -0.035272
 0.2438 -0.0350202
 0.24392 -0.0347675
 0.24404 -0.0345141
 0.24416 -0.0342599
 0.24428 -0.0340049
 0.2444 -0.0337492
 0.24452 -0.0334927
 0.24464 -0.0332355
 0.24476 -0.0329775
 0.24488 -0.0327188
 0.245 -0.0324593
 0.24512 -0.032199
 0.24524 -0.0319381
 0.24536 -0.0316764
 0.24548 -0.0314139
 0.2456 -0.0311507
 0.24572 -0.0308868
 0.24584 -0.0306222
 0.24596 -0.0303569
 0.24608 -0.0300909
 0.2462 -0.0298243
 0.24632 -0.0295569
 0.24644 -0.029289
 0.24656 -0.0290204
 0.24668 -0.0287512
 0.2468 -0.0284814
 0.24692 -0.0282109
 0.24704 -0.0279397
 0.24716 -0.0276679
 0.24728 -0.0273955
 0.2474 -0.0271223
 0.24752 -0.0268485
 0.24764 -0.026574
 0.24776 -0.0262988
 0.24788 -0.0260228
 0.248 -0.0257462
 0.24812 -0.0254688
 0.24824 -0.0251907
 0.24836 -0.0249119
 0.24848 -0.0246323
 0.2486 -0.024352
 0.24872 -0.0240709
 0.24884 -0.023789
 0.24896 -0.0235064
 0.24908 -0.023223
 0.2492 -0.0229387
 0.24932 -0.0226536
 0.24944 -0.0223675
 0.24956 -0.0220805
 0.24968 -0.0217924
 0.2498 -0.0215032
 0.24992 -0.021213
 0.25004 -0.0209218
 0.25016 -0.0206295
 0.25028 -0.0203362
 0.2504 -0.0200418
 0.25052 -0.0197464
 0.25064 -0.0194499
 0.25076 -0.0191524
 0.25088 -0.0188539
 0.251 -0.0185541
 0.25112 -0.0182533
 0.25124 -0.0179512
 0.25136 -0.0176478
 0.25148 -0.0173431
 0.2516 -0.0170371
 0.25172 -0.0167297
 0.25184 -0.0164209
 0.25196 -0.0161106
 0.25208 -0.0157989
 0.2522 -0.0154857
 0.25232 -0.015171
 0.25244 -0.0148548
 0.25256 -0.0145371
 0.25268 -0.0142178
 0.2528 -0.0138969
 0.25292 -0.0135744
 0.25304 -0.0132502
 0.25316 -0.0129244
 0.25328 -0.012597
 0.2534 -0.0122679
 0.25352 -0.0119373
 0.25364 -0.011605
 0.25376 -0.0112712
 0.25388 -0.0109357
 0.254 -0.0105987
 0.25412 -0.0102601
 0.25424 -0.00991999
 0.25436 -0.00957833
 0.25448 -0.00923513
 0.2546 -0.00889043
 0.25472 -0.00854421
 0.25484 -0.0081965
 0.25496 -0.00784731
 0.25508 -0.00749665
 0.2552 -0.00714452
 0.25532 -0.00679095
 0.25544 -0.00643593
 0.25556 -0.00607949
 0.25568 -0.00572163
 0.2558 -0.00536236
 0.25592 -0.00500169
 0.25604 -0.00463965
 0.25616 -0.00427623
 0.25628 -0.00391145
 0.2564 -0.00354531
 0.25652 -0.00317784
 0.25664 -0.00280903
 0.25676 -0.0024389
 0.25688 -0.00206745
 0.257 -0.00169468
 0.25712 -0.00132061
 0.25724 -0.000945242
 0.25736 -0.000568586
 0.25748 -0.000190652
 0.2576 0.000188551
 0.25772 0.000569015
 0.25784 0.000950729
 0.25796 0.00133368
 0.25808 0.00171786
 0.2582 0.00210324
 0.25832 0.00248983
 0.25844 0.00287759
 0.25856 0.00326652
 0.25868 0.00365661
 0.2588 0.00404783
 0.25892 0.00444018
 0.25904 0.00483364
 0.25916 0.0052282
 0.25928 0.00562384
 0.2594 0.00602055
 0.25952 0.00641831
 0.25964 0.00681711
 0.25976 0.00721693
 0.25988 0.00761774
 0.26 0.00801951
 0.26012 0.00842223
 0.26024 0.00882587
 0.26036 0.0092304
 0.26048 0.00963579
 0.2606 0.010042
 0.26072 0.0104491
 0.26084 0.0108569
 0.26096 0.0112655
 0.26108 0.0116749
 0.2612 0.0120849
 0.26132 0.0124957
 0.26144 0.0129072
 0.26156 0.0133193
 0.26168 0.013732
 0.2618 0.0141454
 0.26192 0.0145594
 0.26204 0.0149739
 0.26216 0.015389
 0.26228 0.0158045
 0.2624 0.0162205
 0.26252 0.0166369
 0.26264 0.0170537
 0.26276 0.0174708
 0.26288 0.0178882
 0.263 0.0183058
 0.26312 0.0187236
 0.26324 0.0191416
 0.26336 0.0195597
 0.26348 0.0199779
 0.2636 0.0203962
 0.26372 0.0208145
 0.26384 0.0212327
 0.26396 0.0216509
 0.26408 0.022069
 0.2642 0.022487
 0.26432 0.0229047
 0.26444 0.0233222
 0.26456 0.0237394
 0.26468 0.0241563
 0.2648 0.0245728
 0.26492 0.0249889
 0.26504 0.0254044
 0.26516 0.0258195
 0.26528 0.0262341
 0.2654 0.026648
 0.26552 0.0270612
 0.26564 0.0274738
 0.26576 0.0278857
 0.26588 0.0282968
 0.266 0.028707
 0.26612 0.0291164
 0.26624 0.029525
 0.26636 0.0299326
 0.26648 0.0303392
 0.2666 0.0307448
 0.26672 0.0311493
 0.26684 0.0315526
 0.26696 0.0319548
 0.26708 0.0323558
 0.2672 0.0327556
 0.26732 0.0331542
 0.26744 0.0335515
 0.26756 0.0339476
 0.26768 0.0343424
 0.2678 0.0347359
 0.26792 0.0351281
 0.26804 0.035519
 0.26816 0.0359085
 0.26828 0.0362966
 0.2684 0.0366834
 0.26852 0.0370687
 0.26864 0.0374527
 0.26876 0.0378351
 0.26888 0.0382161
 0.269 0.0385956
 0.26912 0.0389735
 0.26924 0.0393498
 0.26936 0.0397245
 0.26948 0.0400977
 0.2696 0.0404691
 0.26972 0.040839
 0.26984 0.0412071
 0.26996 0.0415735
 0.27008 0.0419381
 0.2702 0.0423011
 0.27032 0.0426623
 0.27044 0.0430219
 0.27056 0.0433797
 0.27068 0.0437358
 0.2708 0.0440902
 0.27092 0.0444428
 0.27104 0.0447936
 0.27116 0.0451425
 0.27128 0.0454896
 0.2714 0.0458349
 0.27152 0.0461782
 0.27164 0.0465196
 0.27176 0.046859
 0.27188 0.0471965
 0.272 0.0475319
 0.27212 0.0478653
 0.27224 0.0481966
 0.27236 0.0485259
 0.27248 0.048853
 0.2726 0.049178
 0.27272 0.0495008
 0.27284 0.0498214
 0.27296 0.0501398
 0.27308 0.0504559
 0.2732 0.0507698
 0.27332 0.0510813
 0.27344 0.0513905
 0.27356 0.0516974
 0.27368 0.0520018
 0.2738 0.0523038
 0.27392 0.0526033
 0.27404 0.0529004
 0.27416 0.0531949
 0.27428 0.0534869
 0.2744 0.0537763
 0.27452 0.0540631
 0.27464 0.0543473
 0.27476 0.0546288
 0.27488 0.0549077
 0.275 0.0551838
 0.27512 0.0554572
 0.27524 0.0557278
 0.27536 0.0559956
 0.27548 0.0562606
 0.2756 0.0565228
 0.27572 0.0567821
 0.27584 0.0570385
 0.27596 0.057292
 0.27608 0.0575425
 0.2762 0.0577901
 0.27632 0.0580347
 0.27644 0.0582763
 0.27656 0.0585149
 0.27668 0.0587504
 0.2768 0.0589829
 0.27692 0.0592121
 0.27704 0.0594383
 0.27716 0.0596612
 0.27728 0.0598808
 0.2774 0.0600972
 0.27752 0.0603102
 0.27764 0.06052
 0.27776 0.0607263
 0.27788 0.0609292
 0.278 0.0611287
 0.27812 0.0613247
 0.27824 0.0615171
 0.27836 0.0617061
 0.27848 0.0618914
 0.2786 0.0620731
 0.27872 0.0622512
 0.27884 0.0624255
 0.27896 0.0625961
 0.27908 0.0627629
 0.2792 0.0629258
 0.27932 0.0630848
 0.27944 0.0632398
 0.27956 0.0633907
 0.27968 0.0635376
 0.2798 0.0636803
 0.27992 0.0638188
 0.28004 0.0639531
 0.28016 0.0640832
 0.28028 0.064209
 0.2804 0.0643306
 0.28052 0.0644478
 0.28064 0.0645608
 0.28076 0.0646694
 0.28088 0.0647737
 0.281 0.0648735
 0.28112 0.0649688
 0.28124 0.0650595
 0.28136 0.0651457
 0.28148 0.0652272
 0.2816 0.065304
 0.28172 0.0653761
 0.28184 0.0654434
 0.28196 0.0655059
 0.28208 0.0655636
 0.2822 0.0656165
 0.28232 0.0656646
 0.28244 0.0657078
 0.28256 0.0657462
 0.28268 0.0657797
 0.2828 0.0658083
 0.28292 0.065832
 0.28304 0.0658508
 0.28316 0.0658647
 0.28328 0.0658736
 0.2834 0.0658776
 0.28352 0.0658767
 0.28364 0.0658708
 0.28376 0.0658601
 0.28388 0.0658445
 0.284 0.0658241
 0.28412 0.0657988
 0.28424 0.0657687
 0.28436 0.0657338
 0.28448 0.0656941
 0.2846 0.0656496
 0.28472 0.0656004
 0.28484 0.0655464
 0.28496 0.0654878
 0.28508 0.0654244
 0.2852 0.0653564
 0.28532 0.0652837
 0.28544 0.0652064
 0.28556 0.0651244
 0.28568 0.0650378
 0.2858 0.0649467
 0.28592 0.0648509
 0.28604 0.0647506
 0.28616 0.0646458
 0.28628 0.0645365
 0.2864 0.0644226
 0.28652 0.0643043
 0.28664 0.0641815
 0.28676 0.0640543
 0.28688 0.0639226
 0.287 0.0637865
 0.28712 0.063646
 0.28724 0.0635011
 0.28736 0.0633518
 0.28748 0.0631981
 0.2876 0.0630401
 0.28772 0.0628778
 0.28784 0.0627111
 0.28796 0.0625402
 0.28808 0.062365
 0.2882 0.0621855
 0.28832 0.0620018
 0.28844 0.0618139
 0.28856 0.0616218
 0.28868 0.0614256
 0.2888 0.0612253
 0.28892 0.0610208
 0.28904 0.0608123
 0.28916 0.0605997
 0.28928 0.0603832
 0.2894 0.0601626
 0.28952 0.059938
 0.28964 0.0597095
 0.28976 0.0594771
 0.28988 0.0592408
 0.29 0.0590006
 0.29012 0.0587567
 0.29024 0.0585091
 0.29036 0.0582577
 0.29048 0.0580027
 0.2906 0.0577441
 0.29072 0.0574819
 0.29084 0.0572162
 0.29096 0.056947
 0.29108 0.0566743
 0.2912 0.0563982
 0.29132 0.0561188
 0.29144 0.055836
 0.29156 0.0555499
 0.29168 0.0552605
 0.2918 0.0549679
 0.29192 0.0546722
 0.29204 0.0543732
 0.29216 0.0540711
 0.29228 0.053766
 0.2924 0.0534578
 0.29252 0.0531466
 0.29264 0.0528324
 0.29276 0.0525152
 0.29288 0.0521952
 0.293 0.0518723
 0.29312 0.0515466
 0.29324 0.0512181
 0.29336 0.0508868
 0.29348 0.0505528
 0.2936 0.0502161
 0.29372 0.0498766
 0.29384 0.0495346
 0.29396 0.0491899
 0.29408 0.0488426
 0.2942 0.0484927
 0.29432 0.0481403
 0.29444 0.0477854
 0.29456 0.047428
 0.29468 0.0470682
 0.2948 0.046706
 0.29492 0.0463415
 0.29504 0.0459746
 0.29516 0.0456053
 0.29528 0.0452338
 0.2954 0.0448601
 0.29552 0.0444841
 0.29564 0.044106
 0.29576 0.0437257
 0.29588 0.0433432
 0.296 0.0429587
 0.29612 0.042572
 0.29624 0.0421833
 0.29636 0.0417925
 0.29648 0.0413998
 0.2966 0.041005
 0.29672 0.0406084
 0.29684 0.0402098
 0.29696 0.0398095
 0.29708 0.0394073
 0.2972 0.0390033
 0.29732 0.0385975
 0.29744 0.0381901
 0.29756 0.037781
 0.29768 0.0373702
 0.2978 0.0369578
 0.29792 0.0365439
 0.29804 0.0361284
 0.29816 0.0357114
 0.29828 0.0352929
 0.2984 0.034873
 0.29852 0.0344518
 0.29864 0.0340291
 0.29876 0.0336052
 0.29888 0.0331801
 0.299 0.0327538
 0.29912 0.0323265
 0.29924 0.0318981
 0.29936 0.0314687
 0.29948 0.0310384
 0.2996 0.0306072
 0.29972 0.0301753
 0.29984 0.0297426
 0.29996 0.0293091
 0.30008 0.028875
 0.3002 0.0284401
 0.30032 0.0280046
 0.30044 0.0275683
 0.30056 0.0271313
 0.30068 0.0266937
 0.3008 0.0262554
 0.30092 0.0258164
 0.30104 0.0253769
 0.30116 0.0249369
 0.30128 0.0244964
 0.3014 0.0240554
 0.30152 0.023614
 0.30164 0.0231723
 0.30176 0.0227303
 0.30188 0.022288
 0.302 0.0218454
 0.30212 0.0214027
 0.30224 0.0209599
 0.30236 0.020517
 0.30248 0.020074
 0.3026 0.0196311
 0.30272 0.0191882
 0.30284 0.0187454
 0.30296 0.0183027
 0.30308 0.0178602
 0.3032 0.0174179
 0.30332 0.0169759
 0.30344 0.0165342
 0.30356 0.0160928
 0.30368 0.0156518
 0.3038 0.0152112
 0.30392 0.0147711
 0.30404 0.0143315
 0.30416 0.0138924
 0.30428 0.0134539
 0.3044 0.0130161
 0.30452 0.0125789
 0.30464 0.0121424
 0.30476 0.0117066
 0.30488 0.0112717
 0.305 0.0108375
 0.30512 0.0104042
 0.30524 0.00997181
 0.30536 0.00954034
 0.30548 0.00910982
 0.3056 0.00868031
 0.30572 0.00825183
 0.30584 0.00782443
 0.30596 0.00739813
 0.30608 0.00697298
 0.3062 0.006549
 0.30632 0.00612624
 0.30644 0.00570474
 0.30656 0.00528452
 0.30668 0.00486563
 0.3068 0.00444811
 0.30692 0.00403199
 0.30704 0.00361731
 0.30716 0.00320412
 0.30728 0.00279244
 0.3074 0.00238231
 0.30752 0.00197377
 0.30764 0.00156685
 0.30776 0.00116157
 0.30788 0.000757992
 0.308 0.000356134
 0.30812 -4.39661e-05
 0.30824 -0.000442273
 0.30836 -0.000838752
 0.30848 -0.00123337
 0.3086 -0.00162609
 0.30872 -0.00201687
 0.30884 -0.00240567
 0.30896 -0.00279245
 0.30908 -0.00317715
 0.3092 -0.00355972
 0.30932 -0.0039401
 0.30944 -0.00431823
 0.30956 -0.00469407
 0.30968 -0.00506758
 0.3098 -0.00543871
 0.30992 -0.00580743
 0.31004 -0.0061737
 0.31016 -0.00653748
 0.31028 -0.00689873
 0.3104 -0.00725743
 0.31052 -0.00761352
 0.31064 -0.00796698
 0.31076 -0.00831777
 0.31088 -0.00866585
 0.311 -0.00901118
 0.31112 -0.0093537
 0.31124 -0.00969337
 0.31136 -0.0100301
 0.31148 -0.010364
 0.3116 -0.0106948
 0.31172 -0.0110225
 0.31184 -0.0113473
 0.31196 -0.0116689
 0.31208 -0.0119875
 0.3122 -0.012303
 0.31232 -0.0126155
 0.31244 -0.0129249
 0.31256 -0.0132312
 0.31268 -0.0135345
 0.3128 -0.0138347
 0.31292 -0.0141318
 0.31304 -0.0144258
 0.31316 -0.0147167
 0.31328 -0.0150045
 0.3134 -0.0152892
 0.31352 -0.0155709
 0.31364 -0.0158494
 0.31376 -0.0161249
 0.31388 -0.0163973
 0.314 -0.0166667
 0.31412 -0.0169331
 0.31424 -0.0171966
 0.31436 -0.0174571
 0.31448 -0.0177147
 0.3146 -0.0179693
 0.31472 -0.0182212
 0.31484 -0.0184702
 0.31496 -0.0187163
 0.31508 -0.0189597
 0.3152 -0.0192003
 0.31532 -0.0194382
 0.31544 -0.0196733
 0.31556 -0.0199058
 0.31568 -0.0201356
 0.3158 -0.0203627
 0.31592 -0.0205872
 0.31604 -0.0208092
 0.31616 -0.0210285
 0.31628 -0.0212454
 0.3164 -0.0214597
 0.31652 -0.0216715
 0.31664 -0.0218809
 0.31676 -0.0220878
 0.31688 -0.0222923
 0.317 -0.0224943
 0.31712 -0.022694
 0.31724 -0.0228912
 0.31736 -0.023086
 0.31748 -0.0232784
 0.3176 -0.0234683
 0.31772 -0.0236557
 0.31784 -0.0238407
 0.31796 -0.0240233
 0.31808 -0.0242034
 0.3182 -0.0243811
 0.31832 -0.0245564
 0.31844 -0.0247292
 0.31856 -0.0248997
 0.31868 -0.0250678
 0.3188 -0.0252335
 0.31892 -0.0253968
 0.31904 -0.0255578
 0.31916 -0.0257165
 0.31928 -0.0258728
 0.3194 -0.0260267
 0.31952 -0.0261784
 0.31964 -0.0263277
 0.31976 -0.0264748
 0.31988 -0.0266196
 0.32 -0.0267622
 0.32012 -0.0269026
 0.32024 -0.0270407
 0.32036 -0.0271768
 0.32048 -0.0273106
 0.3206 -0.0274424
 0.32072 -0.0275721
 0.32084 -0.0276997
 0.32096 -0.0278253
 0.32108 -0.0279489
 0.3212 -0.0280704
 0.32132 -0.0281899
 0.32144 -0.0283075
 0.32156 -0.0284231
 0.32168 -0.0285368
 0.3218 -0.0286486
 0.32192 -0.0287584
 0.32204 -0.0288663
 0.32216 -0.0289724
 0.32228 -0.0290766
 0.3224 -0.0291789
 0.32252 -0.0292794
 0.32264 -0.0293781
 0.32276 -0.029475
 0.32288 -0.0295702
 0.323 -0.0296635
 0.32312 -0.029755
 0.32324 -0.0298448
 0.32336 -0.0299328
 0.32348 -0.030019
 0.3236 -0.0301034
 0.32372 -0.030186
 0.32384 -0.0302669
 0.32396 -0.030346
 0.32408 -0.0304233
 0.3242 -0.0304988
 0.32432 -0.0305725
 0.32444 -0.0306445
 0.32456 -0.0307147
 0.32468 -0.0307831
 0.3248 -0.0308497
 0.32492 -0.0309145
 0.32504 -0.0309776
 0.32516 -0.0310389
 0.32528 -0.0310984
 0.3254 -0.0311562
 0.32552 -0.0312121
 0.32564 -0.0312663
 0.32576 -0.0313187
 0.32588 -0.0313693
 0.326 -0.0314181
 0.32612 -0.0314651
 0.32624 -0.0315103
 0.32636 -0.0315537
 0.32648 -0.0315952
 0.3266 -0.0316349
 0.32672 -0.0316728
 0.32684 -0.0317089
 0.32696 -0.0317431
 0.32708 -0.0317756
 0.3272 -0.0318063
 0.32732 -0.0318352
 0.32744 -0.0318625
 0.32756 -0.0318879
 0.32768 -0.0319117
 0.3278 -0.0319338
 0.32792 -0.0319542
 0.32804 -0.0319729
 0.32816 -0.03199
 0.32828 -0.0320054
 0.3284 -0.0320192
 0.32852 -0.0320314
 0.32864 -0.0320421
 0.32876 -0.0320513
 0.32888 -0.032059
 0.329 -0.0320654
 0.32912 -0.0320704
 0.32924 -0.0320742
 0.32936 -0.0320767
 0.32948 -0.0320781
 0.3296 -0.0320785
 0.32972 -0.0320777
 0.32984 -0.0320759
 0.32996 -0.0320731
 0.33008 -0.0320693
 0.3302 -0.0320644
 0.33032 -0.0320584
 0.33044 -0.0320512
 0.33056 -0.032043
 0.33068 -0.0320336
 0.3308 -0.032023
 0.33092 -0.0320113
 0.33104 -0.0319984
 0.33116 -0.0319844
 0.33128 -0.0319693
 0.3314 -0.0319531
 0.33152 -0.0319358
 0.33164 -0.0319175
 0.33176 -0.0318982
 0.33188 -0.0318779
 0.332 -0.0318567
 0.33212 -0.0318346
 0.33224 -0.0318117
 0.33236 -0.0317879
 0.33248 -0.0317634
 0.3326 -0.031738
 0.33272 -0.031712
 0.33284 -0.0316852
 0.33296 -0.0316577
 0.33308 -0.0316295
 0.3332 -0.0316006
 0.33332 -0.0315711
 0.33344 -0.0315408
 0.33356 -0.03151
 0.33368 -0.0314784
 0.3338 -0.0314463
 0.33392 -0.0314135
 0.33404 -0.0313801
 0.33416 -0.0313461
 0.33428 -0.0313116
 0.3344 -0.0312764
 0.33452 -0.0312407
 0.33464 -0.0312045
 0.33476 -0.0311677
 0.33488 -0.0311304
 0.335 -0.0310925
 0.33512 -0.0310542
 0.33524 -0.0310153
 0.33536 -0.0309759
 0.33548 -0.0309361
 0.3356 -0.0308958
 0.33572 -0.030855
 0.33584 -0.0308137
 0.33596 -0.030772
 0.33608 -0.0307299
 0.3362 -0.0306873
 0.33632 -0.0306443
 0.33644 -0.0306008
 0.33656 -0.030557
 0.33668 -0.0305127
 0.3368 -0.0304681
 0.33692 -0.0304231
 0.33704 -0.0303777
 0.33716 -0.0303319
 0.33728 -0.0302858
 0.3374 -0.0302392
 0.33752 -0.0301924
 0.33764 -0.0301452
 0.33776 -0.0300976
 0.33788 -0.0300497
 0.338 -0.0300014
 0.33812 -0.0299528
 0.33824 -0.0299039
 0.33836 -0.0298546
 0.33848 -0.029805
 0.3386 -0.0297551
 0.33872 -0.0297049
 0.33884 -0.0296544
 0.33896 -0.0296036
 0.33908 -0.0295525
 0.3392 -0.0295011
 0.33932 -0.0294495
 0.33944 -0.0293977
 0.33956 -0.0293457
 0.33968 -0.0292936
 0.3398 -0.0292412
 0.33992 -0.0291887
 0.34004 -0.0291361
 0.34016 -0.0290834
 0.34028 -0.0290305
 0.3404 -0.0289776
 0.34052 -0.0289245
 0.34064 -0.0288715
 0.34076 -0.0288183
 0.34088 -0.0287651
 0.341 -0.0287119
 0.34112 -0.0286587
 0.34124 -0.0286055
 0.34136 -0.0285524
 0.34148 -0.0284993
 0.3416 -0.0284463
 0.34172 -0.0283934
 0.34184 -0.0283406
 0.34196 -0.0282879
 0.34208 -0.0282353
 0.3422 -0.0281826
 0.34232 -0.0281299
 0.34244 -0.0280772
 0.34256 -0.0280245
 0.34268 -0.0279716
 0.3428 -0.0279187
 0.34292 -0.0278656
 0.34304 -0.0278124
 0.34316 -0.027759
 0.34328 -0.0277055
 0.3434 -0.0276517
 0.34352 -0.0275978
 0.34364 -0.0275435
 0.34376 -0.027489
 0.34388 -0.0274341
 0.344 -0.0273789
 0.34412 -0.0273232
 0.34424 -0.0272671
 0.34436 -0.0272104
 0.34448 -0.0271532
 0.3446 -0.0270954
 0.34472 -0.027037
 0.34484 -0.0269779
 0.34496 -0.026918
 0.34508 -0.0268573
 0.3452 -0.0267959
 0.34532 -0.0267335
 0.34544 -0.0266703
 0.34556 -0.0266061
 0.34568 -0.0265409
 0.3458 -0.0264746
 0.34592 -0.0264073
 0.34604 -0.0263388
 0.34616 -0.0262691
 0.34628 -0.0261982
 0.3464 -0.0261261
 0.34652 -0.0260526
 0.34664 -0.0259778
 0.34676 -0.0259016
 0.34688 -0.025824
 0.347 -0.025745
 0.34712 -0.0256645
 0.34724 -0.0255827
 0.34736 -0.0254994
 0.34748 -0.0254148
 0.3476 -0.0253289
 0.34772 -0.0252416
 0.34784 -0.0251531
 0.34796 -0.0250632
 0.34808 -0.024972
 0.3482 -0.0248795
 0.34832 -0.0247857
 0.34844 -0.0246906
 0.34856 -0.0245942
 0.34868 -0.0244964
 0.3488 -0.0243973
 0.34892 -0.0242969
 0.34904 -0.0241952
 0.34916 -0.0240921
 0.34928 -0.0239878
 0.3494 -0.023882
 0.34952 -0.023775
 0.34964 -0.0236665
 0.34976 -0.0235568
 0.34988 -0.0234456
 0.35 -0.0233331
 0.35012 -0.0232192
 0.35024 -0.0231039
 0.35036 -0.0229872
 0.35048 -0.0228691
 0.3506 -0.0227496
 0.35072 -0.0226286
 0.35084 -0.0225062
 0.35096 -0.0223823
 0.35108 -0.0222569
 0.3512 -0.0221301
 0.35132 -0.0220019
 0.35144 -0.0218721
 0.35156 -0.0217409
 0.35168 -0.0216083
 0.3518 -0.0214741
 0.35192 -0.0213385
 0.35204 -0.0212014
 0.35216 -0.0210628
 0.35228 -0.0209227
 0.3524 -0.0207811
 0.35252 -0.020638
 0.35264 -0.0204934
 0.35276 -0.0203473
 0.35288 -0.0201997
 0.353 -0.0200506
 0.35312 -0.0199001
 0.35324 -0.0197481
 0.35336 -0.0195947
 0.35348 -0.0194398
 0.3536 -0.0192836
 0.35372 -0.019126
 0.35384 -0.0189671
 0.35396 -0.0188067
 0.35408 -0.0186451
 0.3542 -0.0184821
 0.35432 -0.0183179
 0.35444 -0.0181523
 0.35456 -0.0179855
 0.35468 -0.0178174
 0.3548 -0.0176481
 0.35492 -0.0174776
 0.35504 -0.0173059
 0.35516 -0.0171329
 0.35528 -0.0169588
 0.3554 -0.0167836
 0.35552 -0.0166072
 0.35564 -0.0164297
 0.35576 -0.0162511
 0.35588 -0.0160714
 0.356 -0.0158906
 0.35612 -0.0157088
 0.35624 -0.015526
 0.35636 -0.0153422
 0.35648 -0.0151574
 0.3566 -0.0149716
 0.35672 -0.0147849
 0.35684 -0.0145973
 0.35696 -0.0144088
 0.35708 -0.0142193
 0.3572 -0.0140289
 0.35732 -0.0138376
 0.35744 -0.0136454
 0.35756 -0.0134523
 0.35768 -0.0132583
 0.3578 -0.0130634
 0.35792 -0.0128676
 0.35804 -0.012671
 0.35816 -0.0124735
 0.35828 -0.0122753
 0.3584 -0.0120762
 0.35852 -0.0118763
 0.35864 -0.0116755
 0.35876 -0.011474
 0.35888 -0.0112715
 0.359 -0.0110682
 0.35912 -0.010864
 0.35924 -0.0106588
 0.35936 -0.0104526
 0.35948 -0.0102454
 0.3596 -0.0100371
 0.35972 -0.00982784
 0.35984 -0.00961751
 0.35996 -0.0094062
 0.36008 -0.00919396
 0.3602 -0.00898086
 0.36032 -0.00876697
 0.36044 -0.00855233
 0.36056 -0.00833702
 0.36068 -0.00812108
 0.3608 -0.00790458
 0.36092 -0.00768758
 0.36104 -0.00747015
 0.36116 -0.00725232
 0.36128 -0.00703412
 0.3614 -0.00681553
 0.36152 -0.00659656
 0.36164 -0.00637719
 0.36176 -0.00615744
 0.36188 -0.0059373
 0.362 -0.00571677
 0.36212 -0.00549583
 0.36224 -0.00527451
 0.36236 -0.00505278
 0.36248 -0.00483065
 0.3626 -0.00460812
 0.36272 -0.00438518
 0.36284 -0.00416187
 0.36296 -0.0039382
 0.36308 -0.00371423
 0.3632 -0.00348997
 0.36332 -0.00326544
 0.36344 -0.00304066
 0.36356 -0.00281565
 0.36368 -0.00259042
 0.3638 -0.002365
 0.36392 -0.00213941
 0.36404 -0.00191366
 0.36416 -0.00168778
 0.36428 -0.00146178
 0.3644 -0.00123568
 0.36452 -0.00100951
 0.36464 -0.000783288
 0.36476 -0.000557036
 0.36488 -0.000330776
 0.365 -0.00010453
 0.36512 0.000121678
 0.36524 0.000347828
 0.36536 0.000573895
 0.36548 0.000799858
 0.3656 0.00102569
 0.36572 0.00125138
 0.36584 0.0014769
 0.36596 0.00170222
 0.36608 0.00192733
 0.3662 0.00215219
 0.36632 0.0023768
 0.36644 0.00260112
 0.36656 0.00282513
 0.36668 0.00304882
 0.3668 0.00327216
 0.36692 0.00349512
 0.36704 0.00371768
 0.36716 0.00393982
 0.36728 0.00416152
 0.3674 0.00438273
 0.36752 0.00460345
 0.36764 0.00482363
 0.36776 0.00504325
 0.36788 0.00526228
 0.368 0.00548071
 0.36812 0.00569849
 0.36824 0.0059156
 0.36836 0.00613201
 0.36848 0.0063477
 0.3686 0.00656264
 0.36872 0.0067768
 0.36884 0.00699015
 0.36896 0.00720268
 0.36908 0.00741437
 0.3692 0.0076252
 0.36932 0.00783517
 0.36944 0.00804425
 0.36956 0.00825244
 0.36968 0.00845971
 0.3698 0.00866605
 0.36992 0.00887145
 0.37004 0.0090759
 0.37016 0.00927936
 0.37028 0.00948184
 0.3704 0.0096833
 0.37052 0.00988375
 0.37064 0.0100832
 0.37076 0.0102815
 0.37088 0.0104788
 0.371 0.010675
 0.37112 0.0108701
 0.37124 0.011064
 0.37136 0.0112569
 0.37148 0.0114486
 0.3716 0.0116391
 0.37172 0.0118285
 0.37184 0.0120168
 0.37196 0.0122037
 0.37208 0.0123894
 0.3722 0.0125737
 0.37232 0.0127565
 0.37244 0.0129379
 0.37256 0.0131178
 0.37268 0.0132961
 0.3728 0.0134727
 0.37292 0.0136477
 0.37304 0.013821
 0.37316 0.0139924
 0.37328 0.014162
 0.3734 0.0143298
 0.37352 0.0144956
 0.37364 0.0146594
 0.37376 0.0148211
 0.37388 0.0149807
 0.374 0.0151382
 0.37412 0.0152934
 0.37424 0.0154462
 0.37436 0.0155967
 0.37448 0.0157448
 0.3746 0.0158903
 0.37472 0.0160333
 0.37484 0.0161736
 0.37496 0.0163113
 0.37508 0.0164461
 0.3752 0.0165782
 0.37532 0.0167073
 0.37544 0.0168335
 0.37556 0.0169566
 0.37568 0.0170767
 0.3758 0.0171936
 0.37592 0.0173072
 0.37604 0.0174177
 0.37616 0.0175247
 0.37628 0.0176284
 0.3764 0.0177286
 0.37652 0.0178254
 0.37664 0.0179185
 0.37676 0.018008
 0.37688 0.0180939
 0.377 0.018176
 0.37712 0.0182545
 0.37724 0.0183294
 0.37736 0.0184006
 0.37748 0.0184682
 0.3776 0.0185321
 0.37772 0.0185925
 0.37784 0.0186492
 0.37796 0.0187024
 0.37808 0.0187519
 0.3782 0.0187978
 0.37832 0.0188401
 0.37844 0.0188787
 0.37856 0.0189136
 0.37868 0.0189449
 0.3788 0.0189724
 0.37892 0.0189963
 0.37904 0.0190164
 0.37916 0.0190327
 0.37928 0.0190453
 0.3794 0.0190541
 0.37952 0.0190591
 0.37964 0.0190602
 0.37976 0.0190576
 0.37988 0.0190511
 0.38 0.0190407
 0.38012 0.0190265
 0.38024 0.0190084
 0.38036 0.0189864
 0.38048 0.0189604
 0.3806 0.0189306
 0.38072 0.0188968
 0.38084 0.0188591
 0.38096 0.0188173
 0.38108 0.0187717
 0.3812 0.018722
 0.38132 0.0186684
 0.38144 0.0186108
 0.38156 0.0185491
 0.38168 0.0184835
 0.3818 0.0184138
 0.38192 0.0183402
 0.38204 0.0182624
 0.38216 0.0181807
 0.38228 0.0180949
 0.3824 0.018005
 0.38252 0.0179111
 0.38264 0.0178132
 0.38276 0.0177112
 0.38288 0.0176051
 0.383 0.017495
 0.38312 0.017381
 0.38324 0.0172629
 0.38336 0.0171409
 0.38348 0.0170149
 0.3836 0.016885
 0.38372 0.0167511
 0.38384 0.0166134
 0.38396 0.0164717
 0.38408 0.0163262
 0.3842 0.0161768
 0.38432 0.0160236
 0.38444 0.0158665
 0.38456 0.0157057
 0.38468 0.015541
 0.3848 0.0153726
 0.38492 0.0152004
 0.38504 0.0150244
 0.38516 0.0148447
 0.38528 0.0146613
 0.3854 0.0144742
 0.38552 0.0142835
 0.38564 0.014089
 0.38576 0.0138909
 0.38588 0.0136892
 0.386 0.0134838
 0.38612 0.0132749
 0.38624 0.0130624
 0.38636 0.0128463
 0.38648 0.0126266
 0.3866 0.0124035
 0.38672 0.0121768
 0.38684 0.0119466
 0.38696 0.011713
 0.38708 0.0114758
 0.3872 0.0112352
 0.38732 0.0109912
 0.38744 0.0107437
 0.38756 0.0104929
 0.38768 0.0102387
 0.3878 0.00998126
 0.38792 0.00972052
 0.38804 0.00945654
 0.38816 0.00918935
 0.38828 0.008919
 0.3884 0.0086455
 0.38852 0.0083689
 0.38864 0.00808922
 0.38876 0.00780649
 0.38888 0.00752073
 0.389 0.00723195
 0.38912 0.00694014
 0.38924 0.0066453
 0.38936 0.00634742
 0.38948 0.0060465
 0.3896 0.00574253
 0.38972 0.00543556
 0.38984 0.00512563
 0.38996 0.00481283
 0.39008 0.00449722
 0.3902 0.00417891
 0.39032 0.00385799
 0.39044 0.00353454
 0.39056 0.00320865
 0.39068 0.00288044
 0.3908 0.00255001
 0.39092 0.00221745
 0.39104 0.00188288
 0.39116 0.00154638
 0.39128 0.001208
 0.3914 0.000867766
 0.39152 0.000525702
 0.39164 0.000181839
 0.39176 -0.000163793
 0.39188 -0.000511167
 0.392 -0.000860254
 0.39212 -0.00121102
 0.39224 -0.00156345
 0.39236 -0.0019175
 0.39248 -0.00227315
 0.3926 -0.00263037
 0.39272 -0.00298912
 0.39284 -0.00334938
 0.39296 -0.00371107
 0.39308 -0.00407415
 0.3932 -0.00443858
 0.39332 -0.00480435
 0.39344 -0.00517142
 0.39356 -0.00553975
 0.39368 -0.00590933
 0.3938 -0.00628013
 0.39392 -0.00665212
 0.39404 -0.00702527
 0.39416 -0.00739957
 0.39428 -0.00777498
 0.3944 -0.00815146
 0.39452 -0.00852899
 0.39464 -0.00890753
 0.39476 -0.00928704
 0.39488 -0.00966749
 0.395 -0.0100488
 0.39512 -0.010431
 0.39524 -0.0108141
 0.39536 -0.0111979
 0.39548 -0.0115825
 0.3956 -0.0119678
 0.39572 -0.0123538
 0.39584 -0.0127404
 0.39596 -0.0131277
 0.39608 -0.0135155
 0.3962 -0.0139039
 0.39632 -0.0142927
 0.39644 -0.0146821
 0.39656 -0.0150719
 0.39668 -0.015462
 0.3968 -0.0158526
 0.39692 -0.0162434
 0.39704 -0.0166345
 0.39716 -0.0170259
 0.39728 -0.0174175
 0.3974 -0.0178093
 0.39752 -0.0182011
 0.39764 -0.0185931
 0.39776 -0.018985
 0.39788 -0.019377
 0.398 -0.0197688
 0.39812 -0.0201606
 0.39824 -0.0205522
 0.39836 -0.0209436
 0.39848 -0.0213348
 0.3986 -0.0217256
 0.39872 -0.0221162
 0.39884 -0.0225063
 0.39896 -0.0228961
 0.39908 -0.0232853
 0.3992 -0.0236741
 0.39932 -0.0240623
 0.39944 -0.02445
 0.39956 -0.0248371
 0.39968 -0.0252235
 0.3998 -0.0256092
 0.39992 -0.0259943
 0.40004 -0.0263785
 0.40016 -0.026762
 0.40028 -0.0271447
 0.4004 -0.0275265
 0.40052 -0.0279073
 0.40064 -0.0282873
 0.40076 -0.0286662
 0.40088 -0.0290442
 0.401 -0.0294211
 0.40112 -0.0297968
 0.40124 -0.0301715
 0.40136 -0.0305449
 0.40148 -0.0309172
 0.4016 -0.0312883
 0.40172 -0.031658
 0.40184 -0.0320264
 0.40196 -0.0323934
 0.40208 -0.0327589
 0.4022 -0.0331228
 0.40232 -0.033485
 0.40244 -0.0338455
 0.40256 -0.0342042
 0.40268 -0.034561
 0.4028 -0.0349158
 0.40292 -0.0352686
 0.40304 -0.0356193
 0.40316 -0.0359678
 0.40328 -0.036314
 0.4034 -0.0366579
 0.40352 -0.0369994
 0.40364 -0.0373384
 0.40376 -0.0376748
 0.40388 -0.0380085
 0.404 -0.0383395
 0.40412 -0.0386676
 0.40424 -0.0389928
 0.40436 -0.039315
 0.40448 -0.0396341
 0.4046 -0.0399501
 0.40472 -0.0402627
 0.40484 -0.0405721
 0.40496 -0.0408779
 0.40508 -0.0411803
 0.4052 -0.0414791
 0.40532 -0.0417742
 0.40544 -0.0420655
 0.40556 -0.0423529
 0.40568 -0.0426365
 0.4058 -0.042916
 0.40592 -0.0431915
 0.40604 -0.0434628
 0.40616 -0.0437299
 0.40628 -0.0439927
 0.4064 -0.0442511
 0.40652 -0.044505
 0.40664 -0.0447545
 0.40676 -0.0449993
 0.40688 -0.0452396
 0.407 -0.0454751
 0.40712 -0.045706
 0.40724 -0.0459321
 0.40736 -0.0461536
 0.40748 -0.0463704
 0.4076 -0.0465825
 0.40772 -0.0467899
 0.40784 -0.0469926
 0.40796 -0.0471905
 0.40808 -0.0473837
 0.4082 -0.0475721
 0.40832 -0.0477557
 0.40844 -0.0479345
 0.40856 -0.0481083
 0.40868 -0.0482772
 0.4088 -0.0484412
 0.40892 -0.0486001
 0.40904 -0.048754
 0.40916 -0.0489028
 0.40928 -0.0490466
 0.4094 -0.0491851
 0.40952 -0.0493185
 0.40964 -0.0494467
 0.40976 -0.0495697
 0.40988 -0.0496874
 0.41 -0.0497998
 0.41012 -0.0499069
 0.41024 -0.0500087
 0.41036 -0.0501051
 0.41048 -0.0501962
 0.4106 -0.050282
 0.41072 -0.0503624
 0.41084 -0.0504373
 0.41096 -0.0505069
 0.41108 -0.050571
 0.4112 -0.0506297
 0.41132 -0.0506829
 0.41144 -0.0507307
 0.41156 -0.0507729
 0.41168 -0.0508097
 0.4118 -0.050841
 0.41192 -0.0508668
 0.41204 -0.0508871
 0.41216 -0.0509018
 0.41228 -0.050911
 0.4124 -0.0509147
 0.41252 -0.0509129
 0.41264 -0.0509055
 0.41276 -0.0508926
 0.41288 -0.0508741
 0.413 -0.0508502
 0.41312 -0.0508208
 0.41324 -0.0507859
 0.41336 -0.0507455
 0.41348 -0.0506996
 0.4136 -0.0506483
 0.41372 -0.0505916
 0.41384 -0.0505294
 0.41396 -0.0504618
 0.41408 -0.0503888
 0.4142 -0.0503103
 0.41432 -0.0502265
 0.41444 -0.0501373
 0.41456 -0.0500427
 0.41468 -0.0499428
 0.4148 -0.0498375
 0.41492 -0.0497269
 0.41504 -0.0496109
 0.41516 -0.0494896
 0.41528 -0.049363
 0.4154 -0.0492311
 0.41552 -0.0490939
 0.41564 -0.0489514
 0.41576 -0.0488036
 0.41588 -0.0486505
 0.416 -0.0484922
 0.41612 -0.0483287
 0.41624 -0.0481599
 0.41636 -0.0479859
 0.41648 -0.0478067
 0.4166 -0.0476223
 0.41672 -0.0474327
 0.41684 -0.0472379
 0.41696 -0.047038
 0.41708 -0.046833
 0.4172 -0.0466229
 0.41732 -0.0464077
 0.41744 -0.0461875
 0.41756 -0.0459623
 0.41768 -0.0457322
 0.4178 -0.0454972
 0.41792 -0.0452574
 0.41804 -0.0450127
 0.41816 -0.0447633
 0.41828 -0.0445092
 0.4184 -0.0442504
 0.41852 -0.0439869
 0.41864 -0.0437188
 0.41876 -0.0434462
 0.41888 -0.043169
 0.419 -0.0428873
 0.41912 -0.0426012
 0.41924 -0.0423106
 0.41936 -0.0420156
 0.41948 -0.0417161
 0.4196 -0.0414122
 0.41972 -0.041104
 0.41984 -0.0407913
 0.41996 -0.0404744
 0.42008 -0.0401533
 0.4202 -0.0398281
 0.42032 -0.0394989
 0.42044 -0.0391657
 0.42056 -0.0388286
 0.42068 -0.0384878
 0.4208 -0.0381433
 0.42092 -0.0377953
 0.42104 -0.0374438
 0.42116 -0.037089
 0.42128 -0.0367308
 0.4214 -0.0363694
 0.42152 -0.0360048
 0.42164 -0.035637
 0.42176 -0.0352661
 0.42188 -0.034892
 0.422 -0.0345149
 0.42212 -0.0341347
 0.42224 -0.0337516
 0.42236 -0.0333655
 0.42248 -0.0329765
 0.4226 -0.0325847
 0.42272 -0.03219
 0.42284 -0.0317926
 0.42296 -0.0313924
 0.42308 -0.0309895
 0.4232 -0.030584
 0.42332 -0.0301758
 0.42344 -0.0297651
 0.42356 -0.0293517
 0.42368 -0.0289359
 0.4238 -0.0285175
 0.42392 -0.0280965
 0.42404 -0.0276731
 0.42416 -0.0272473
 0.42428 -0.026819
 0.4244 -0.0263882
 0.42452 -0.0259551
 0.42464 -0.0255196
 0.42476 -0.0250818
 0.42488 -0.0246417
 0.425 -0.0241994
 0.42512 -0.0237548
 0.42524 -0.0233081
 0.42536 -0.0228592
 0.42548 -0.0224082
 0.4256 -0.0219552
 0.42572 -0.0215
 0.42584 -0.0210429
 0.42596 -0.0205838
 0.42608 -0.0201227
 0.4262 -0.0196597
 0.42632 -0.0191949
 0.42644 -0.0187282
 0.42656 -0.0182597
 0.42668 -0.0177894
 0.4268 -0.0173173
 0.42692 -0.0168435
 0.42704 -0.0163681
 0.42716 -0.0158909
 0.42728 -0.0154122
 0.4274 -0.0149319
 0.42752 -0.01445
 0.42764 -0.0139666
 0.42776 -0.0134818
 0.42788 -0.0129956
 0.428 -0.0125079
 0.42812 -0.0120189
 0.42824 -0.0115286
 0.42836 -0.011037
 0.42848 -0.0105441
 0.4286 -0.0100501
 0.42872 -0.00955482
 0.42884 -0.00905846
 0.42896 -0.00856099
 0.42908 -0.00806247
 0.4292 -0.00756291
 0.42932 -0.00706235
 0.42944 -0.00656083
 0.42956 -0.00605839
 0.42968 -0.00555505
 0.4298 -0.00505086
 0.42992 -0.00454584
 0.43004 -0.00404004
 0.43016 -0.00353349
 0.43028 -0.00302622
 0.4304 -0.00251827
 0.43052 -0.00200968
 0.43064 -0.00150047
 0.43076 -0.000990692
 0.43088 -0.000480376
 0.431 3.04336e-05
 0.43112 0.000541702
 0.43124 0.0010534
 0.43136 0.00156549
 0.43148 0.00207794
 0.4316 0.00259072
 0.43172 0.00310375
 0.43184 0.00361698
 0.43196 0.00413033
 0.43208 0.00464374
 0.4322 0.00515713
 0.43232 0.00567043
 0.43244 0.00618357
 0.43256 0.00669649
 0.43268 0.00720911
 0.4328 0.00772136
 0.43292 0.00823317
 0.43304 0.00874447
 0.43316 0.00925519
 0.43328 0.00976526
 0.4334 0.0102746
 0.43352 0.0107832
 0.43364 0.0112908
 0.43376 0.0117975
 0.43388 0.0123031
 0.434 0.0128076
 0.43412 0.0133109
 0.43424 0.0138128
 0.43436 0.0143134
 0.43448 0.0148124
 0.4346 0.0153099
 0.43472 0.0158058
 0.43484 0.0162999
 0.43496 0.0167921
 0.43508 0.0172825
 0.4352 0.0177708
 0.43532 0.0182571
 0.43544 0.0187413
 0.43556 0.0192232
 0.43568 0.0197028
 0.4358 0.02018
 0.43592 0.0206548
 0.43604 0.021127
 0.43616 0.0215967
 0.43628 0.0220636
 0.4364 0.0225279
 0.43652 0.0229893
 0.43664 0.0234478
 0.43676 0.0239034
 0.43688 0.0243559
 0.437 0.0248054
 0.43712 0.0252517
 0.43724 0.025695
 0.43736 0.0261351
 0.43748 0.0265721
 0.4376 0.0270059
 0.43772 0.0274366
 0.43784 0.027864
 0.43796 0.0282883
 0.43808 0.0287093
 0.4382 0.029127
 0.43832 0.0295414
 0.43844 0.0299525
 0.43856 0.0303601
 0.43868 0.0307643
 0.4388 0.031165
 0.43892 0.0315621
 0.43904 0.0319557
 0.43916 0.0323457
 0.43928 0.0327321
 0.4394 0.0331147
 0.43952 0.0334936
 0.43964 0.0338688
 0.43976 0.0342401
 0.43988 0.0346076
 0.44 0.0349712
 0.44012 0.035331
 0.44024 0.0356869
 0.44036 0.0360388
 0.44048 0.0363868
 0.4406 0.0367309
 0.44072 0.037071
 0.44084 0.0374071
 0.44096 0.0377392
 0.44108 0.0380672
 0.4412 0.0383912
 0.44132 0.0387112
 0.44144 0.039027
 0.44156 0.0393388
 0.44168 0.0396465
 0.4418 0.03995
 0.44192 0.0402495
 0.44204 0.0405448
 0.44216 0.0408359
 0.44228 0.0411229
 0.4424 0.0414058
 0.44252 0.0416845
 0.44264 0.0419591
 0.44276 0.0422295
 0.44288 0.0424958
 0.443 0.0427579
 0.44312 0.0430158
 0.44324 0.0432696
 0.44336 0.0435191
 0.44348 0.0437645
 0.4436 0.0440056
 0.44372 0.0442425
 0.44384 0.0444751
 0.44396 0.0447035
 0.44408 0.0449276
 0.4442 0.0451475
 0.44432 0.045363
 0.44444 0.0455743
 0.44456 0.0457812
 0.44468 0.0459838
 0.4448 0.0461821
 0.44492 0.046376
 0.44504 0.0465655
 0.44516 0.0467507
 0.44528 0.0469315
 0.4454 0.0471079
 0.44552 0.0472799
 0.44564 0.0474474
 0.44576 0.0476106
 0.44588 0.0477693
 0.446 0.0479235
 0.44612 0.0480733
 0.44624 0.0482186
 0.44636 0.0483594
 0.44648 0.0484957
 0.4466 0.0486275
 0.44672 0.0487548
 0.44684 0.0488776
 0.44696 0.0489959
 0.44708 0.0491098
 0.4472 0.0492192
 0.44732 0.0493242
 0.44744 0.0494247
 0.44756 0.0495209
 0.44768 0.0496127
 0.4478 0.0497001
 0.44792 0.0497832
 0.44804 0.0498619
 0.44816 0.0499364
 0.44828 0.0500065
 0.4484 0.0500724
 0.44852 0.0501341
 0.44864 0.0501915
 0.44876 0.0502447
 0.44888 0.0502937
 0.449 0.0503386
 0.44912 0.0503793
 0.44924 0.0504158
 0.44936 0.0504482
 0.44948 0.0504764
 0.4496 0.0505004
 0.44972 0.0505203
 0.44984 0.050536
 0.44996 0.0505476
 0.45008 0.0505551
 0.4502 0.0505584
 0.45032 0.0505577
 0.45044 0.0505531
 0.45056 0.0505444
 0.45068 0.0505318
 0.4508 0.0505154
 0.45092 0.0504952
 0.45104 0.0504713
 0.45116 0.0504436
 0.45128 0.0504124
 0.4514 0.0503775
 0.45152 0.050339
 0.45164 0.0502969
 0.45176 0.0502513
 0.45188 0.0502022
 0.452 0.0501496
 0.45212 0.0500936
 0.45224 0.0500342
 0.45236 0.0499713
 0.45248 0.0499051
 0.4526 0.0498356
 0.45272 0.0497628
 0.45284 0.0496867
 0.45296 0.0496074
 0.45308 0.049525
 0.4532 0.0494393
 0.45332 0.0493506
 0.45344 0.0492587
 0.45356 0.0491638
 0.45368 0.0490658
 0.4538 0.0489648
 0.45392 0.0488608
 0.45404 0.0487538
 0.45416 0.0486438
 0.45428 0.0485309
 0.4544 0.0484149
 0.45452 0.0482961
 0.45464 0.0481744
 0.45476 0.0480498
 0.45488 0.0479223
 0.455 0.0477921
 0.45512 0.047659
 0.45524 0.0475231
 0.45536 0.0473845
 0.45548 0.0472432
 0.4556 0.0470992
 0.45572 0.0469525
 0.45584 0.0468032
 0.45596 0.0466512
 0.45608 0.0464967
 0.4562 0.0463395
 0.45632 0.0461798
 0.45644 0.0460175
 0.45656 0.0458528
 0.45668 0.0456854
 0.4568 0.0455156
 0.45692 0.0453433
 0.45704 0.0451685
 0.45716 0.0449913
 0.45728 0.0448116
 0.4574 0.0446295
 0.45752 0.044445
 0.45764 0.0442581
 0.45776 0.0440688
 0.45788 0.0438771
 0.458 0.0436831
 0.45812 0.0434867
 0.45824 0.043288
 0.45836 0.0430869
 0.45848 0.0428836
 0.4586 0.0426779
 0.45872 0.0424699
 0.45884 0.0422597
 0.45896 0.0420472
 0.45908 0.0418324
 0.4592 0.0416154
 0.45932 0.041396
 0.45944 0.0411745
 0.45956 0.0409506
 0.45968 0.0407246
 0.4598 0.0404963
 0.45992 0.0402658
 0.46004 0.040033
 0.46016 0.0397981
 0.46028 0.039561
 0.4604 0.0393216
 0.46052 0.0390801
 0.46064 0.0388365
 0.46076 0.0385906
 0.46088 0.0383426
 0.461 0.0380925
 0.46112 0.0378403
 0.46124 0.0375859
 0.46136 0.0373294
 0.46148 0.0370708
 0.4616 0.0368102
 0.46172 0.0365474
 0.46184 0.0362827
 0.46196 0.036016
 0.46208 0.0357474
 0.4622 0.0354769
 0.46232 0.0352046
 0.46244 0.0349304
 0.46256 0.0346545
 0.46268 0.0343768
 0.4628 0.0340974
 0.46292 0.0338164
 0.46304 0.0335338
 0.46316 0.0332496
 0.46328 0.0329639
 0.4634 0.0326766
 0.46352 0.032388
 0.46364 0.032098
 0.46376 0.0318066
 0.46388 0.0315141
 0.464 0.0312203
 0.46412 0.0309254
 0.46424 0.0306295
 0.46436 0.0303326
 0.46448 0.0300347
 0.4646 0.029736
 0.46472 0.0294365
 0.46484 0.0291362
 0.46496 0.0288352
 0.46508 0.0285336
 0.4652 0.0282314
 0.46532 0.0279287
 0.46544 0.0276256
 0.46556 0.0273221
 0.46568 0.0270182
 0.4658 0.026714
 0.46592 0.0264096
 0.46604 0.0261051
 0.46616 0.0258004
 0.46628 0.0254956
 0.4664 0.0251908
 0.46652 0.0248861
 0.46664 0.0245814
 0.46676 0.0242769
 0.46688 0.0239726
 0.467 0.0236685
 0.46712 0.0233648
 0.46724 0.0230613
 0.46736 0.0227582
 0.46748 0.0224554
 0.4676 0.0221529
 0.46772 0.0218508
 0.46784 0.021549
 0.46796 0.0212476
 0.46808 0.0209467
 0.4682 0.0206462
 0.46832 0.0203462
 0.46844 0.0200467
 0.46856 0.0197478
 0.46868 0.0194494
 0.4688 0.0191517
 0.46892 0.0188546
 0.46904 0.0185582
 0.46916 0.0182626
 0.46928 0.0179677
 0.4694 0.0176736
 0.46952 0.0173803
 0.46964 0.0170878
 0.46976 0.0167963
 0.46988 0.0165057
 0.47 0.016216
 0.47012 0.0159273
 0.47024 0.0156396
 0.47036 0.0153528
 0.47048 0.0150672
 0.4706 0.0147825
 0.47072 0.014499
 0.47084 0.0142166
 0.47096 0.0139353
 0.47108 0.0136551
 0.4712 0.0133761
 0.47132 0.0130983
 0.47144 0.0128218
 0.47156 0.0125464
 0.47168 0.0122724
 0.4718 0.0119996
 0.47192 0.0117281
 0.47204 0.0114579
 0.47216 0.0111891
 0.47228 0.0109216
 0.4724 0.0106555
 0.47252 0.0103908
 0.47264 0.0101274
 0.47276 0.00986548
 0.47288 0.00960495
 0.473 0.00934587
 0.47312 0.00908831
 0.47324 0.00883228
 0.47336 0.00857784
 0.47348 0.00832502
 0.4736 0.00807386
 0.47372 0.00782439
 0.47384 0.00757666
 0.47396 0.00733071
 0.47408 0.00708658
 0.4742 0.0068443
 0.47432 0.0066039
 0.47444 0.00636545
 0.47456 0.00612896
 0.47468 0.00589447
 0.4748 0.00566204
 0.47492 0.00543169
 0.47504 0.00520347
 0.47516 0.00497741
 0.47528 0.00475355
 0.4754 0.00453193
 0.47552 0.00431258
 0.47564 0.00409553
 0.47576 0.00388084
 0.47588 0.00366852
 0.476 0.00345863
 0.47612 0.00325118
 0.47624 0.00304624
 0.47636 0.00284382
 0.47648 0.00264399
 0.4766 0.00244677
 0.47672 0.00225219
 0.47684 0.00206028
 0.47696 0.00187104
 0.47708 0.00168451
 0.4772 0.00150071
 0.47732 0.00131965
 0.47744 0.00114136
 0.47756 0.000965866
 0.47768 0.000793179
 0.4778 0.000623323
 0.47792 0.000456322
 0.47804 0.000292195
 0.47816 0.000130965
 0.47828 -2.73469e-05
 0.4784 -0.00018272
 0.47852 -0.000335133
 0.47864 -0.000484564
 0.47876 -0.000630992
 0.47888 -0.000774396
 0.479 -0.000914755
 0.47912 -0.00105205
 0.47924 -0.00118625
 0.47936 -0.00131735
 0.47948 -0.00144529
 0.4796 -0.00157003
 0.47972 -0.00169154
 0.47984 -0.00180978
 0.47996 -0.00192471
 0.48008 -0.00203631
 0.4802 -0.00214455
 0.48032 -0.00224945
 0.48044 -0.002351
 0.48056 -0.00244921
 0.48068 -0.00254407
 0.4808 -0.00263559
 0.48092 -0.00272378
 0.48104 -0.00280863
 0.48116 -0.00289016
 0.48128 -0.00296838
 0.4814 -0.00304329
 0.48152 -0.00311489
 0.48164 -0.0031832
 0.48176 -0.00324821
 0.48188 -0.00330993
 0.482 -0.00336837
 0.48212 -0.00342353
 0.48224 -0.00347542
 0.48236 -0.00352405
 0.48248 -0.00356944
 0.4826 -0.00361162
 0.48272 -0.00365061
 0.48284 -0.00368646
 0.48296 -0.00371918
 0.48308 -0.0037488
 0.4832 -0.00377536
 0.48332 -0.00379888
 0.48344 -0.0038194
 0.48356 -0.00383695
 0.48368 -0.00385155
 0.4838 -0.00386322
 0.48392 -0.00387199
 0.48404 -0.00387788
 0.48416 -0.00388091
 0.48428 -0.0038811
 0.4844 -0.00387847
 0.48452 -0.00387305
 0.48464 -0.00386486
 0.48476 -0.00385393
 0.48488 -0.00384028
 0.485 -0.00382393
 0.48512 -0.00380491
 0.48524 -0.00378324
 0.48536 -0.00375895
 0.48548 -0.00373206
 0.4856 -0.00370259
 0.48572 -0.00367057
 0.48584 -0.00363602
 0.48596 -0.00359897
 0.48608 -0.00355944
 0.4862 -0.00351744
 0.48632 -0.00347299
 0.48644 -0.0034261
 0.48656 -0.00337677
 0.48668 -0.00332501
 0.4868 -0.00327083
 0.48692 -0.00321424
 0.48704 -0.00315526
 0.48716 -0.00309388
 0.48728 -0.00303014
 0.4874 -0.00296405
 0.48752 -0.00289562
 0.48764 -0.00282487
 0.48776 -0.0027518
 0.48788 -0.00267644
 0.488 -0.0025988
 0.48812 -0.00251888
 0.48824 -0.00243671
 0.48836 -0.00235229
 0.48848 -0.00226564
 0.4886 -0.00217677
 0.48872 -0.0020857
 0.48884 -0.00199242
 0.48896 -0.00189694
 0.48908 -0.00179923
 0.4892 -0.0016993
 0.48932 -0.00159714
 0.48944 -0.00149274
 0.48956 -0.00138609
 0.48968 -0.0012772
 0.4898 -0.00116608
 0.48992 -0.00105271
 0.49004 -0.000937096
 0.49016 -0.000819242
 0.49028 -0.000699138
 0.4904 -0.000576783
 0.49052 -0.000452172
 0.49064 -0.000325303
 0.49076 -0.000196175
 0.49088 -6.4788e-05
 0.491 6.88574e-05
 0.49112 0.000204763
 0.49124 0.000342929
 0.49136 0.000483357
 0.49148 0.000626046
 0.4916 0.000770978
 0.49172 0.000918121
 0.49184 0.00106745
 0.49196 0.00121893
 0.49208 0.00137254
 0.4922 0.00152826
 0.49232 0.00168605
 0.49244 0.00184588
 0.49256 0.00200773
 0.49268 0.00217158
 0.4928 0.00233739
 0.49292 0.00250514
 0.49304 0.00267479
 0.49316 0.00284633
 0.49328 0.00301973
 0.4934 0.00319494
 0.49352 0.00337194
 0.49364 0.00355066
 0.49376 0.00373106
 0.49388 0.00391307
 0.494 0.00409667
 0.49412 0.0042818
 0.49424 0.00446841
 0.49436 0.00465646
 0.49448 0.00484591
 0.4946 0.00503671
 0.49472 0.0052288
 0.49484 0.00542215
 0.49496 0.00561671
 0.49508 0.00581244
 0.4952 0.00600928
 0.49532 0.00620719
 0.49544 0.00640613
 0.49556 0.00660605
 0.49568 0.00680691
 0.4958 0.00700866
 0.49592 0.00721126
 0.49604 0.00741466
 0.49616 0.00761883
 0.49628 0.0078237
 0.4964 0.00802925
 0.49652 0.00823542
 0.49664 0.00844216
 0.49676 0.00864942
 0.49688 0.00885717
 0.497 0.00906534
 0.49712 0.00927389
 0.49724 0.00948279
 0.49736 0.00969201
 0.49748 0.00990154
 0.4976 0.0101113
 0.49772 0.0103214
 0.49784 0.0105317
 0.49796 0.0107422
 0.49808 0.0109528
 0.4982 0.0111636
 0.49832 0.0113744
 0.49844 0.0115852
 0.49856 0.0117961
 0.49868 0.0120069
 0.4988 0.0122176
 0.49892 0.0124282
 0.49904 0.0126387
 0.49916 0.0128489
 0.49928 0.0130588
 0.4994 0.0132685
 0.49952 0.0134779
 0.49964 0.013687
 0.49976 0.0138957
 0.49988 0.014104
 0.5 0.0143119
 0.50012 0.0145194
 0.50024 0.0147265
 0.50036 0.0149332
 0.50048 0.0151393
 0.5006 0.015345
 0.50072 0.0155501
 0.50084 0.0157547
 0.50096 0.0159587
 0.50108 0.0161622
 0.5012 0.016365
 0.50132 0.0165672
 0.50144 0.0167688
 0.50156 0.0169697
 0.50168 0.0171698
 0.5018 0.0173692
 0.50192 0.0175679
 0.50204 0.0177658
 0.50216 0.0179628
 0.50228 0.0181591
 0.5024 0.0183545
 0.50252 0.018549
 0.50264 0.0187427
 0.50276 0.0189354
 0.50288 0.0191272
 0.503 0.019318
 0.50312 0.0195077
 0.50324 0.0196964
 0.50336 0.019884
 0.50348 0.0200704
 0.5036 0.0202556
 0.50372 0.0204396
 0.50384 0.0206223
 0.50396 0.0208037
 0.50408 0.0209837
 0.5042 0.0211624
 0.50432 0.0213395
 0.50444 0.0215152
 0.50456 0.0216894
 0.50468 0.021862
 0.5048 0.022033
 0.50492 0.0222024
 0.50504 0.0223701
 0.50516 0.022536
 0.50528 0.0227002
 0.5054 0.0228625
 0.50552 0.023023
 0.50564 0.0231817
 0.50576 0.0233384
 0.50588 0.0234932
 0.506 0.023646
 0.50612 0.0237967
 0.50624 0.0239454
 0.50636 0.024092
 0.50648 0.0242364
 0.5066 0.0243786
 0.50672 0.0245185
 0.50684 0.0246562
 0.50696 0.0247915
 0.50708 0.0249245
 0.5072 0.0250551
 0.50732 0.0251831
 0.50744 0.0253087
 0.50756 0.0254318
 0.50768 0.0255522
 0.5078 0.02567
 0.50792 0.0257852
 0.50804 0.0258976
 0.50816 0.0260072
 0.50828 0.026114
 0.5084 0.026218
 0.50852 0.026319
 0.50864 0.0264171
 0.50876 0.0265122
 0.50888 0.0266043
 0.509 0.0266933
 0.50912 0.0267791
 0.50924 0.0268618
 0.50936 0.0269413
 0.50948 0.0270175
 0.5096 0.0270904
 0.50972 0.0271599
 0.50984 0.027226
 0.50996 0.0272886
 0.51008 0.0273477
 0.5102 0.0274032
 0.51032 0.0274552
 0.51044 0.0275036
 0.51056 0.0275484
 0.51068 0.0275895
 0.5108 0.027627
 0.51092 0.0276608
 0.51104 0.0276909
 0.51116 0.0277173
 0.51128 0.02774
 0.5114 0.027759
 0.51152 0.0277741
 0.51164 0.0277855
 0.51176 0.0277932
 0.51188 0.027797
 0.512 0.027797
 0.51212 0.0277932
 0.51224 0.0277856
 0.51236 0.0277741
 0.51248 0.0277588
 0.5126 0.0277397
 0.51272 0.0277168
 0.51284 0.0276902
 0.51296 0.0276598
 0.51308 0.0276257
 0.5132 0.0275879
 0.51332 0.0275465
 0.51344 0.0275014
 0.51356 0.0274526
 0.51368 0.0274004
 0.5138 0.0273445
 0.51392 0.0272852
 0.51404 0.0272223
 0.51416 0.027156
 0.51428 0.0270863
 0.5144 0.0270132
 0.51452 0.0269367
 0.51464 0.0268568
 0.51476 0.0267736
 0.51488 0.0266872
 0.515 0.0265975
 0.51512 0.0265046
 0.51524 0.0264085
 0.51536 0.0263092
 0.51548 0.0262068
 0.5156 0.0261012
 0.51572 0.0259926
 0.51584 0.025881
 0.51596 0.0257663
 0.51608 0.0256486
 0.5162 0.025528
 0.51632 0.0254044
 0.51644 0.0252779
 0.51656 0.0251485
 0.51668 0.0250163
 0.5168 0.0248811
 0.51692 0.0247431
 0.51704 0.0246023
 0.51716 0.0244587
 0.51728 0.0243123
 0.5174 0.0241633
 0.51752 0.0240115
 0.51764 0.0238572
 0.51776 0.0237002
 0.51788 0.0235407
 0.518 0.0233786
 0.51812 0.0232141
 0.51824 0.0230472
 0.51836 0.0228778
 0.51848 0.0227061
 0.5186 0.0225321
 0.51872 0.0223557
 0.51884 0.0221771
 0.51896 0.0219963
 0.51908 0.0218132
 0.5192 0.0216279
 0.51932 0.0214404
 0.51944 0.0212506
 0.51956 0.0210587
 0.51968 0.0208646
 0.5198 0.0206684
 0.51992 0.02047
 0.52004 0.0202696
 0.52016 0.0200671
 0.52028 0.0198625
 0.5204 0.0196559
 0.52052 0.0194472
 0.52064 0.0192365
 0.52076 0.0190237
 0.52088 0.0188089
 0.521 0.0185921
 0.52112 0.0183732
 0.52124 0.0181523
 0.52136 0.0179295
 0.52148 0.0177047
 0.5216 0.0174779
 0.52172 0.0172492
 0.52184 0.0170186
 0.52196 0.0167861
 0.52208 0.0165519
 0.5222 0.0163158
 0.52232 0.016078
 0.52244 0.0158384
 0.52256 0.0155971
 0.52268 0.0153542
 0.5228 0.0151095
 0.52292 0.0148633
 0.52304 0.0146154
 0.52316 0.014366
 0.52328 0.014115
 0.5234 0.0138624
 0.52352 0.0136084
 0.52364 0.013353
 0.52376 0.0130961
 0.52388 0.0128378
 0.524 0.0125781
 0.52412 0.0123172
 0.52424 0.0120549
 0.52436 0.0117913
 0.52448 0.0115265
 0.5246 0.0112605
 0.52472 0.0109933
 0.52484 0.010725
 0.52496 0.0104555
 0.52508 0.0101849
 0.5252 0.00991324
 0.52532 0.00964056
 0.52544 0.00936686
 0.52556 0.00909218
 0.52568 0.00881656
 0.5258 0.00854001
 0.52592 0.00826257
 0.52604 0.00798427
 0.52616 0.00770513
 0.52628 0.00742519
 0.5264 0.00714449
 0.52652 0.00686305
 0.52664 0.00658094
 0.52676 0.00629818
 0.52688 0.00601483
 0.527 0.00573092
 0.52712 0.0054465
 0.52724 0.0051616
 0.52736 0.00487627
 0.52748 0.00459054
 0.5276 0.00430445
 0.52772 0.00401803
 0.52784 0.00373132
 0.52796 0.00344434
 0.52808 0.00315714
 0.5282 0.00286977
 0.52832 0.00258225
 0.52844 0.00229463
 0.52856 0.00200695
 0.52868 0.00171925
 0.5288 0.00143156
 0.52892 0.00114395
 0.52904 0.000856429
 0.52916 0.000569059
 0.52928 0.000281876
 0.5294 -5.09167e-06
 0.52952 -0.000291837
 0.52964 -0.000578354
 0.52976 -0.000864636
 0.52988 -0.00115067
 0.53 -0.00143646
 0.53012 -0.001722
 0.53024 -0.00200727
 0.53036 -0.00229227
 0.53048 -0.00257699
 0.5306 -0.00286143
 0.53072 -0.00314557
 0.53084 -0.00342942
 0.53096 -0.00371296
 0.53108 -0.0039962
 0.5312 -0.0042791
 0.53132 -0.00456168
 0.53144 -0.00484391
 0.53156 -0.00512578
 0.53168 -0.00540728
 0.5318 -0.0056884
 0.53192 -0.00596912
 0.53204 -0.00624941
 0.53216 -0.00652926
 0.53228 -0.00680865
 0.5324 -0.00708756
 0.53252 -0.00736597
 0.53264 -0.00764385
 0.53276 -0.0079212
 0.53288 -0.00819798
 0.533 -0.00847417
 0.53312 -0.00874974
 0.53324 -0.00902467
 0.53336 -0.00929894
 0.53348 -0.00957251
 0.5336 -0.00984536
 0.53372 -0.0101175
 0.53384 -0.0103888
 0.53396 -0.0106593
 0.53408 -0.0109291
 0.5342 -0.0111979
 0.53432 -0.0114659
 0.53444 -0.011733
 0.53456 -0.0119992
 0.53468 -0.0122644
 0.5348 -0.0125287
 0.53492 -0.0127919
 0.53504 -0.0130542
 0.53516 -0.0133153
 0.53528 -0.0135754
 0.5354 -0.0138344
 0.53552 -0.0140923
 0.53564 -0.0143491
 0.53576 -0.0146046
 0.53588 -0.014859
 0.536 -0.0151122
 0.53612 -0.0153641
 0.53624 -0.0156147
 0.53636 -0.0158641
 0.53648 -0.0161122
 0.5366 -0.0163589
 0.53672 -0.0166042
 0.53684 -0.0168481
 0.53696 -0.0170906
 0.53708 -0.0173315
 0.5372 -0.017571
 0.53732 -0.0178089
 0.53744 -0.0180451
 0.53756 -0.0182797
 0.53768 -0.0185126
 0.5378 -0.0187438
 0.53792 -0.0189731
 0.53804 -0.0192007
 0.53816 -0.0194263
 0.53828 -0.01965
 0.5384 -0.0198718
 0.53852 -0.0200916
 0.53864 -0.0203093
 0.53876 -0.020525
 0.53888 -0.0207385
 0.539 -0.0209499
 0.53912 -0.021159
 0.53924 -0.0213659
 0.53936 -0.0215704
 0.53948 -0.0217726
 0.5396 -0.0219724
 0.53972 -0.0221698
 0.53984 -0.0223647
 0.53996 -0.0225571
 0.54008 -0.0227469
 0.5402 -0.0229342
 0.54032 -0.0231188
 0.54044 -0.0233009
 0.54056 -0.0234803
 0.54068 -0.023657
 0.5408 -0.0238311
 0.54092 -0.0240024
 0.54104 -0.0241711
 0.54116 -0.0243369
 0.54128 -0.0245001
 0.5414 -0.0246604
 0.54152 -0.024818
 0.54164 -0.0249727
 0.54176 -0.0251247
 0.54188 -0.0252738
 0.542 -0.0254201
 0.54212 -0.0255636
 0.54224 -0.0257041
 0.54236 -0.0258418
 0.54248 -0.0259767
 0.5426 -0.0261087
 0.54272 -0.0262378
 0.54284 -0.0263641
 0.54296 -0.0264876
 0.54308 -0.0266083
 0.5432 -0.0267261
 0.54332 -0.0268412
 0.54344 -0.0269535
 0.54356 -0.027063
 0.54368 -0.0271699
 0.5438 -0.027274
 0.54392 -0.0273755
 0.54404 -0.0274743
 0.54416 -0.0275705
 0.54428 -0.027664
 0.5444 -0.0277551
 0.54452 -0.0278435
 0.54464 -0.0279295
 0.54476 -0.028013
 0.54488 -0.0280939
 0.545 -0.0281725
 0.54512 -0.0282486
 0.54524 -0.0283223
 0.54536 -0.0283937
 0.54548 -0.0284627
 0.5456 -0.0285294
 0.54572 -0.0285938
 0.54584 -0.0286559
 0.54596 -0.0287158
 0.54608 -0.0287735
 0.5462 -0.0288289
 0.54632 -0.0288823
 0.54644 -0.0289334
 0.54656 -0.0289824
 0.54668 -0.0290294
 0.5468 -0.0290742
 0.54692 -0.029117
 0.54704 -0.0291579
 0.54716 -0.0291967
 0.54728 -0.0292337
 0.5474 -0.0292687
 0.54752 -0.029302
 0.54764 -0.0293335
 0.54776 -0.0293632
 0.54788 -0.0293913
 0.548 -0.0294177
 0.54812 -0.0294425
 0.54824 -0.0294657
 0.54836 -0.0294874
 0.54848 -0.0295077
 0.5486 -0.0295265
 0.54872 -0.029544
 0.54884 -0.0295601
 0.54896 -0.0295749
 0.54908 -0.0295883
 0.5492 -0.0296006
 0.54932 -0.0296115
 0.54944 -0.0296213
 0.54956 -0.0296299
 0.54968 -0.0296373
 0.5498 -0.0296437
 0.54992 -0.029649
 0.55004 -0.0296533
 0.55016 -0.0296566
 0.55028 -0.029659
 0.5504 -0.0296604
 0.55052 -0.0296608
 0.55064 -0.0296603
 0.55076 -0.0296589
 0.55088 -0.0296565
 0.551 -0.0296532
 0.55112 -0.0296489
 0.55124 -0.0296438
 0.55136 -0.0296377
 0.55148 -0.0296308
 0.5516 -0.0296229
 0.55172 -0.0296142
 0.55184 -0.0296047
 0.55196 -0.0295944
 0.55208 -0.0295832
 0.5522 -0.0295712
 0.55232 -0.0295584
 0.55244 -0.0295448
 0.55256 -0.0295304
 0.55268 -0.0295152
 0.5528 -0.0294992
 0.55292 -0.0294824
 0.55304 -0.0294648
 0.55316 -0.0294465
 0.55328 -0.0294273
 0.5534 -0.0294074
 0.55352 -0.0293867
 0.55364 -0.0293651
 0.55376 -0.0293427
 0.55388 -0.0293194
 0.554 -0.0292953
 0.55412 -0.0292703
 0.55424 -0.0292445
 0.55436 -0.0292177
 0.55448 -0.02919
 0.5546 -0.0291614
 0.55472 -0.0291318
 0.55484 -0.0291012
 0.55496 -0.0290697
 0.55508 -0.0290371
 0.5552 -0.0290036
 0.55532 -0.0289691
 0.55544 -0.0289334
 0.55556 -0.0288968
 0.55568 -0.0288591
 0.5558 -0.0288203
 0.55592 -0.0287804
 0.55604 -0.0287393
 0.55616 -0.0286972
 0.55628 -0.0286539
 0.5564 -0.0286095
 0.55652 -0.0285639
 0.55664 -0.0285172
 0.55676 -0.0284693
 0.55688 -0.0284203
 0.557 -0.0283702
 0.55712 -0.028319
 0.55724 -0.0282667
 0.55736 -0.0282132
 0.55748 -0.0281587
 0.5576 -0.028103
 0.55772 -0.0280463
 0.55784 -0.0279885
 0.55796 -0.0279296
 0.55808 -0.0278695
 0.5582 -0.0278084
 0.55832 -0.0277462
 0.55844 -0.0276829
 0.55856 -0.0276184
 0.55868 -0.0275529
 0.5588 -0.0274863
 0.55892 -0.0274186
 0.55904 -0.0273497
 0.55916 -0.0272798
 0.55928 -0.0272088
 0.5594 -0.0271368
 0.55952 -0.0270636
 0.55964 -0.0269894
 0.55976 -0.026914
 0.55988 -0.0268375
 0.56 -0.0267598
 0.56012 -0.026681
 0.56024 -0.026601
 0.56036 -0.0265198
 0.56048 -0.0264374
 0.5606 -0.0263538
 0.56072 -0.026269
 0.56084 -0.026183
 0.56096 -0.0260956
 0.56108 -0.0260071
 0.5612 -0.0259172
 0.56132 -0.025826
 0.56144 -0.0257336
 0.56156 -0.0256398
 0.56168 -0.0255446
 0.5618 -0.0254482
 0.56192 -0.0253504
 0.56204 -0.0252512
 0.56216 -0.0251508
 0.56228 -0.025049
 0.5624 -0.024946
 0.56252 -0.0248416
 0.56264 -0.024736
 0.56276 -0.0246291
 0.56288 -0.0245209
 0.563 -0.0244115
 0.56312 -0.0243008
 0.56324 -0.024189
 0.56336 -0.0240759
 0.56348 -0.0239616
 0.5636 -0.0238461
 0.56372 -0.0237294
 0.56384 -0.0236116
 0.56396 -0.0234926
 0.56408 -0.0233725
 0.5642 -0.0232512
 0.56432 -0.0231289
 0.56444 -0.0230054
 0.56456 -0.0228808
 0.56468 -0.0227551
 0.5648 -0.0226284
 0.56492 -0.0225006
 0.56504 -0.0223718
 0.56516 -0.0222419
 0.56528 -0.022111
 0.5654 -0.0219791
 0.56552 -0.0218461
 0.56564 -0.0217122
 0.56576 -0.0215773
 0.56588 -0.0214414
 0.566 -0.0213045
 0.56612 -0.0211667
 0.56624 -0.021028
 0.56636 -0.0208883
 0.56648 -0.0207477
 0.5666 -0.0206062
 0.56672 -0.0204638
 0.56684 -0.0203205
 0.56696 -0.0201764
 0.56708 -0.0200314
 0.5672 -0.0198856
 0.56732 -0.019739
 0.56744 -0.0195917
 0.56756 -0.0194437
 0.56768 -0.019295
 0.5678 -0.0191457
 0.56792 -0.0189958
 0.56804 -0.0188452
 0.56816 -0.0186942
 0.56828 -0.0185426
 0.5684 -0.0183905
 0.56852 -0.018238
 0.56864 -0.0180851
 0.56876 -0.0179318
 0.56888 -0.0177781
 0.569 -0.0176241
 0.56912 -0.0174699
 0.56924 -0.0173153
 0.56936 -0.0171606
 0.56948 -0.0170056
 0.5696 -0.0168505
 0.56972 -0.0166953
 0.56984 -0.0165399
 0.56996 -0.0163844
 0.57008 -0.0162288
 0.5702 -0.0160731
 0.57032 -0.0159173
 0.57044 -0.0157614
 0.57056 -0.0156054
 0.57068 -0.0154493
 0.5708 -0.0152931
 0.57092 -0.0151368
 0.57104 -0.0149804
 0.57116 -0.0148239
 0.57128 -0.0146673
 0.5714 -0.0145106
 0.57152 -0.0143538
 0.57164 -0.0141968
 0.57176 -0.0140398
 0.57188 -0.0138826
 0.572 -0.0137253
 0.57212 -0.0135679
 0.57224 -0.0134104
 0.57236 -0.0132527
 0.57248 -0.0130949
 0.5726 -0.012937
 0.57272 -0.0127789
 0.57284 -0.0126207
 0.57296 -0.0124622
 0.57308 -0.0123037
 0.5732 -0.0121449
 0.57332 -0.011986
 0.57344 -0.0118268
 0.57356 -0.0116675
 0.57368 -0.0115078
 0.5738 -0.011348
 0.57392 -0.0111879
 0.57404 -0.0110274
 0.57416 -0.0108667
 0.57428 -0.0107057
 0.5744 -0.0105442
 0.57452 -0.0103825
 0.57464 -0.0102203
 0.57476 -0.0100577
 0.57488 -0.00989476
 0.575 -0.00973134
 0.57512 -0.00956745
 0.57524 -0.00940309
 0.57536 -0.00923823
 0.57548 -0.00907285
 0.5756 -0.00890694
 0.57572 -0.00874048
 0.57584 -0.00857344
 0.57596 -0.00840581
 0.57608 -0.00823758
 0.5762 -0.00806871
 0.57632 -0.0078992
 0.57644 -0.00772903
 0.57656 -0.00755816
 0.57668 -0.0073866
 0.5768 -0.0072143
 0.57692 -0.00704122
 0.57704 -0.00686732
 0.57716 -0.00669257
 0.57728 -0.00651694
 0.5774 -0.00634039
 0.57752 -0.00616289
 0.57764 -0.00598439
 0.57776 -0.00580487
 0.57788 -0.00562429
 0.578 -0.00544261
 0.57812 -0.00525979
 0.57824 -0.00507582
 0.57836 -0.00489065
 0.57848 -0.00470426
 0.5786 -0.00451662
 0.57872 -0.00432769
 0.57884 -0.00413745
 0.57896 -0.00394588
 0.57908 -0.00375295
 0.5792 -0.00355863
 0.57932 -0.0033629
 0.57944 -0.00316573
 0.57956 -0.00296708
 0.57968 -0.00276693
 0.5798 -0.00256523
 0.57992 -0.00236194
 0.58004 -0.00215704
 0.58016 -0.0019505
 0.58028 -0.0017423
 0.5804 -0.00153243
 0.58052 -0.00132092
 0.58064 -0.00110775
 0.58076 -0.000892924
 0.58088 -0.000676447
 0.581 -0.000458314
 0.58112 -0.000238526
 0.58124 -1.70789e-05
 0.58136 0.000206029
 0.58148 0.000430801
 0.5816 0.000657243
 0.58172 0.000885363
 0.58184 0.00111516
 0.58196 0.00134663
 0.58208 0.00157978
 0.5822 0.00181458
 0.58232 0.00205101
 0.58244 0.00228905
 0.58256 0.00252868
 0.58268 0.00276986
 0.5828 0.00301257
 0.58292 0.0032568
 0.58304 0.0035025
 0.58316 0.00374966
 0.58328 0.00399825
 0.5834 0.00424822
 0.58352 0.00449952
 0.58364 0.0047521
 0.58376 0.00500591
 0.58388 0.00526089
 0.584 0.005517
 0.58412 0.00577418
 0.58424 0.00603238
 0.58436 0.00629155
 0.58448 0.00655164
 0.5846 0.0068126
 0.58472 0.00707437
 0.58484 0.0073369
 0.58496 0.00760015
 0.58508 0.00786405
 0.5852 0.00812856
 0.58532 0.00839363
 0.58544 0.00865921
 0.58556 0.00892524
 0.58568 0.00919167
 0.5858 0.00945845
 0.58592 0.00972553
 0.58604 0.00999286
 0.58616 0.0102604
 0.58628 0.010528
 0.5864 0.0107958
 0.58652 0.0110636
 0.58664 0.0113315
 0.58676 0.0115993
 0.58688 0.0118671
 0.587 0.0121348
 0.58712 0.0124023
 0.58724 0.0126697
 0.58736 0.0129369
 0.58748 0.0132039
 0.5876 0.0134706
 0.58772 0.013737
 0.58784 0.014003
 0.58796 0.0142687
 0.58808 0.0145339
 0.5882 0.0147986
 0.58832 0.0150628
 0.58844 0.0153265
 0.58856 0.0155895
 0.58868 0.0158519
 0.5888 0.0161136
 0.58892 0.0163746
 0.58904 0.0166348
 0.58916 0.0168942
 0.58928 0.0171528
 0.5894 0.0174105
 0.58952 0.0176674
 0.58964 0.0179233
 0.58976 0.0181784
 0.58988 0.0184325
 0.59 0.0186856
 0.59012 0.0189378
 0.59024 0.0191889
 0.59036 0.0194389
 0.59048 0.0196879
 0.5906 0.0199359
 0.59072 0.0201827
 0.59084 0.0204283
 0.59096 0.0206728
 0.59108 0.0209161
 0.5912 0.0211582
 0.59132 0.0213991
 0.59144 0.0216387
 0.59156 0.021877
 0.59168 0.0221139
 0.5918 0.0223495
 0.59192 0.0225838
 0.59204 0.0228166
 0.59216 0.0230481
 0.59228 0.0232782
 0.5924 0.0235069
 0.59252 0.0237341
 0.59264 0.02396
 0.59276 0.0241844
 0.59288 0.0244074
 0.593 0.0246289
 0.59312 0.024849
 0.59324 0.0250677
 0.59336 0.0252849
 0.59348 0.0255007
 0.5936 0.0257151
 0.59372 0.025928
 0.59384 0.0261394
 0.59396 0.0263494
 0.59408 0.0265579
 0.5942 0.0267649
 0.59432 0.0269704
 0.59444 0.0271744
 0.59456 0.0273769
 0.59468 0.0275779
 0.5948 0.0277774
 0.59492 0.0279753
 0.59504 0.0281718
 0.59516 0.0283666
 0.59528 0.02856
 0.5954 0.0287518
 0.59552 0.028942
 0.59564 0.0291306
 0.59576 0.0293177
 0.59588 0.0295032
 0.596 0.029687
 0.59612 0.0298693
 0.59624 0.0300499
 0.59636 0.0302289
 0.59648 0.0304063
 0.5966 0.030582
 0.59672 0.0307561
 0.59684 0.0309285
 0.59696 0.0310992
 0.59708 0.0312683
 0.5972 0.0314356
 0.59732 0.0316014
 0.59744 0.0317655
 0.59756 0.0319279
 0.59768 0.0320887
 0.5978 0.032248
 0.59792 0.0324056
 0.59804 0.0325616
 0.59816 0.0327161
 0.59828 0.032869
 0.5984 0.0330203
 0.59852 0.0331701
 0.59864 0.0333184
 0.59876 0.0334651
 0.59888 0.0336104
 0.599 0.0337542
 0.59912 0.0338965
 0.59924 0.0340373
 0.59936 0.0341768
 0.59948 0.0343148
 0.5996 0.0344514
 0.59972 0.0345865
 0.59984 0.0347203
 0.59996 0.0348526
 0.60008 0.0349834
 0.6002 0.0351128
 0.60032 0.0352407
 0.60044 0.0353671
 0.60056 0.0354918
 0.60068 0.035615
 0.6008 0.0357366
 0.60092 0.0358564
 0.60104 0.0359746
 0.60116 0.0360911
 0.60128 0.0362057
 0.6014 0.0363187
 0.60152 0.0364298
 0.60164 0.036539
 0.60176 0.0366465
 0.60188 0.036752
 0.602 0.0368557
 0.60212 0.0369575
 0.60224 0.0370573
 0.60236 0.0371551
 0.60248 0.037251
 0.6026 0.0373448
 0.60272 0.0374366
 0.60284 0.0375264
 0.60296 0.037614
 0.60308 0.0376996
 0.6032 0.0377831
 0.60332 0.0378644
 0.60344 0.0379435
 0.60356 0.0380204
 0.60368 0.0380951
 0.6038 0.0381676
 0.60392 0.0382378
 0.60404 0.0383057
 0.60416 0.0383713
 0.60428 0.0384346
 0.6044 0.0384955
 0.60452 0.038554
 0.60464 0.0386101
 0.60476 0.0386637
 0.60488 0.0387149
 0.605 0.0387636
 0.60512 0.0388098
 0.60524 0.0388535
 0.60536 0.0388946
 0.60548 0.0389332
 0.6056 0.0389691
 0.60572 0.0390024
 0.60584 0.0390331
 0.60596 0.0390611
 0.60608 0.0390863
 0.6062 0.0391089
 0.60632 0.0391287
 0.60644 0.0391457
 0.60656 0.0391599
 0.60668 0.0391713
 0.6068 0.0391799
 0.60692 0.0391856
 0.60704 0.0391883
 0.60716 0.0391881
 0.60728 0.0391849
 0.6074 0.0391787
 0.60752 0.0391695
 0.60764 0.0391572
 0.60776 0.0391418
 0.60788 0.0391233
 0.608 0.0391016
 0.60812 0.0390767
 0.60824 0.0390486
 0.60836 0.0390173
 0.60848 0.0389827
 0.6086 0.0389449
 0.60872 0.0389037
 0.60884 0.0388592
 0.60896 0.0388114
 0.60908 0.0387602
 0.6092 0.0387056
 0.60932 0.0386476
 0.60944 0.0385862
 0.60956 0.0385214
 0.60968 0.0384531
 0.6098 0.0383813
 0.60992 0.038306
 0.61004 0.0382271
 0.61016 0.0381447
 0.61028 0.0380587
 0.6104 0.0379692
 0.61052 0.037876
 0.61064 0.0377793
 0.61076 0.037679
 0.61088 0.0375751
 0.611 0.0374676
 0.61112 0.0373565
 0.61124 0.0372418
 0.61136 0.0371234
 0.61148 0.0370013
 0.6116 0.0368756
 0.61172 0.0367462
 0.61184 0.0366132
 0.61196 0.0364764
 0.61208 0.0363359
 0.6122 0.0361918
 0.61232 0.0360439
 0.61244 0.0358925
 0.61256 0.0357374
 0.61268 0.0355787
 0.6128 0.0354165
 0.61292 0.0352508
 0.61304 0.0350816
 0.61316 0.0349089
 0.61328 0.0347328
 0.6134 0.0345533
 0.61352 0.0343704
 0.61364 0.0341843
 0.61376 0.0339949
 0.61388 0.0338023
 0.614 0.0336066
 0.61412 0.0334077
 0.61424 0.0332058
 0.61436 0.0330008
 0.61448 0.0327929
 0.6146 0.032582
 0.61472 0.0323682
 0.61484 0.0321516
 0.61496 0.0319323
 0.61508 0.0317101
 0.6152 0.0314853
 0.61532 0.0312578
 0.61544 0.0310276
 0.61556 0.0307949
 0.61568 0.0305597
 0.6158 0.030322
 0.61592 0.0300819
 0.61604 0.0298394
 0.61616 0.0295945
 0.61628 0.0293474
 0.6164 0.029098
 0.61652 0.0288463
 0.61664 0.0285926
 0.61676 0.0283366
 0.61688 0.0280786
 0.617 0.0278185
 0.61712 0.0275564
 0.61724 0.0272923
 0.61736 0.0270263
 0.61748 0.0267583
 0.6176 0.0264884
 0.61772 0.0262167
 0.61784 0.0259432
 0.61796 0.0256679
 0.61808 0.0253909
 0.6182 0.0251121
 0.61832 0.0248317
 0.61844 0.0245497
 0.61856 0.024266
 0.61868 0.0239809
 0.6188 0.0236942
 0.61892 0.0234061
 0.61904 0.0231166
 0.61916 0.0228257
 0.61928 0.0225334
 0.6194 0.0222398
 0.61952 0.0219449
 0.61964 0.0216487
 0.61976 0.0213512
 0.61988 0.0210525
 0.62 0.0207526
 0.62012 0.0204514
 0.62024 0.0201491
 0.62036 0.0198455
 0.62048 0.0195408
 0.6206 0.019235
 0.62072 0.018928
 0.62084 0.0186198
 0.62096 0.0183106
 0.62108 0.0180002
 0.6212 0.0176888
 0.62132 0.0173763
 0.62144 0.0170628
 0.62156 0.0167482
 0.62168 0.0164327
 0.6218 0.0161161
 0.62192 0.0157987
 0.62204 0.0154803
 0.62216 0.015161
 0.62228 0.0148408
 0.6224 0.0145197
 0.62252 0.0141978
 0.62264 0.013875
 0.62276 0.0135514
 0.62288 0.013227
 0.623 0.0129018
 0.62312 0.0125757
 0.62324 0.0122489
 0.62336 0.0119213
 0.62348 0.011593
 0.6236 0.011264
 0.62372 0.0109342
 0.62384 0.0106038
 0.62396 0.0102727
 0.62408 0.00994095
 0.6242 0.0096086
 0.62432 0.00927566
 0.62444 0.00894215
 0.62456 0.0086081
 0.62468 0.00827352
 0.6248 0.00793845
 0.62492 0.00760289
 0.62504 0.00726688
 0.62516 0.00693044
 0.62528 0.0065936
 0.6254 0.00625638
 0.62552 0.0059188
 0.62564 0.0055809
 0.62576 0.0052427
 0.62588 0.00490422
 0.626 0.00456549
 0.62612 0.00422655
 0.62624 0.0038874
 0.62636 0.00354809
 0.62648 0.00320863
 0.6266 0.00286905
 0.62672 0.00252938
 0.62684 0.00218964
 0.62696 0.00184987
 0.62708 0.00151008
 0.6272 0.0011703
 0.62732 0.000830529
 0.62744 0.000490793
 0.62756 0.000151103
 0.62768 -0.000188528
 0.6278 -0.00052809
 0.62792 -0.000867571
 0.62804 -0.00120696
 0.62816 -0.00154624
 0.62828 -0.00188541
 0.6284 -0.00222444
 0.62852 -0.00256334
 0.62864 -0.00290208
 0.62876 -0.00324067
 0.62888 -0.00357912
 0.629 -0.00391741
 0.62912 -0.00425555
 0.62924 -0.00459354
 0.62936 -0.00493137
 0.62948 -0.00526903
 0.6296 -0.00560652
 0.62972 -0.00594385
 0.62984 -0.00628099
 0.62996 -0.00661793
 0.63008 -0.00695463
 0.6302 -0.00729106
 0.63032 -0.00762717
 0.63044 -0.00796291
 0.63056 -0.00829823
 0.63068 -0.00863308
 0.6308 -0.00896741
 0.63092 -0.00930116
 0.63104 -0.00963428
 0.63116 -0.00996673
 0.63128 -0.0102985
 0.6314 -0.0106294
 0.63152 -0.0109596
 0.63164 -0.0112889
 0.63176 -0.0116173
 0.63188 -0.0119447
 0.632 -0.0122712
 0.63212 -0.0125966
 0.63224 -0.012921
 0.63236 -0.0132443
 0.63248 -0.0135664
 0.6326 -0.0138873
 0.63272 -0.014207
 0.63284 -0.0145254
 0.63296 -0.0148425
 0.63308 -0.0151583
 0.6332 -0.0154726
 0.63332 -0.0157855
 0.63344 -0.016097
 0.63356 -0.0164069
 0.63368 -0.0167152
 0.6338 -0.017022
 0.63392 -0.0173271
 0.63404 -0.0176305
 0.63416 -0.0179323
 0.63428 -0.0182323
 0.6344 -0.0185305
 0.63452 -0.0188269
 0.63464 -0.0191214
 0.63476 -0.0194141
 0.63488 -0.0197048
 0.635 -0.0199935
 0.63512 -0.0202803
 0.63524 -0.020565
 0.63536 -0.0208476
 0.63548 -0.0211281
 0.6356 -0.0214064
 0.63572 -0.0216826
 0.63584 -0.0219565
 0.63596 -0.0222281
 0.63608 -0.0224975
 0.6362 -0.0227645
 0.63632 -0.0230291
 0.63644 -0.0232913
 0.63656 -0.0235511
 0.63668 -0.0238084
 0.6368 -0.0240632
 0.63692 -0.0243154
 0.63704 -0.0245651
 0.63716 -0.0248122
 0.63728 -0.0250567
 0.6374 -0.0252985
 0.63752 -0.0255377
 0.63764 -0.0257741
 0.63776 -0.0260079
 0.63788 -0.0262389
 0.638 -0.0264671
 0.63812 -0.0266925
 0.63824 -0.026915
 0.63836 -0.0271347
 0.63848 -0.0273516
 0.6386 -0.0275655
 0.63872 -0.0277765
 0.63884 -0.0279846
 0.63896 -0.0281897
 0.63908 -0.0283919
 0.6392 -0.028591
 0.63932 -0.0287871
 0.63944 -0.0289802
 0.63956 -0.0291702
 0.63968 -0.0293572
 0.6398 -0.029541
 0.63992 -0.0297217
 0.64004 -0.0298994
 0.64016 -0.0300738
 0.64028 -0.0302452
 0.6404 -0.0304134
 0.64052 -0.0305784
 0.64064 -0.0307403
 0.64076 -0.030899
 0.64088 -0.0310544
 0.641 -0.0312067
 0.64112 -0.0313557
 0.64124 -0.0315014
 0.64136 -0.0316439
 0.64148 -0.0317831
 0.6416 -0.0319189
 0.64172 -0.0320514
 0.64184 -0.0321806
 0.64196 -0.0323063
 0.64208 -0.0324287
 0.6422 -0.0325477
 0.64232 -0.0326633
 0.64244 -0.0327756
 0.64256 -0.0328845
 0.64268 -0.0329901
 0.6428 -0.0330923
 0.64292 -0.0331912
 0.64304 -0.0332869
 0.64316 -0.0333792
 0.64328 -0.0334684
 0.6434 -0.0335542
 0.64352 -0.0336369
 0.64364 -0.0337164
 0.64376 -0.0337927
 0.64388 -0.0338659
 0.644 -0.0339359
 0.64412 -0.0340028
 0.64424 -0.0340666
 0.64436 -0.0341273
 0.64448 -0.0341849
 0.6446 -0.0342395
 0.64472 -0.034291
 0.64484 -0.0343395
 0.64496 -0.034385
 0.64508 -0.0344276
 0.6452 -0.0344671
 0.64532 -0.0345037
 0.64544 -0.0345374
 0.64556 -0.0345681
 0.64568 -0.034596
 0.6458 -0.034621
 0.64592 -0.0346431
 0.64604 -0.0346623
 0.64616 -0.0346787
 0.64628 -0.0346923
 0.6464 -0.0347031
 0.64652 -0.0347112
 0.64664 -0.0347164
 0.64676 -0.0347189
 0.64688 -0.0347187
 0.647 -0.0347157
 0.64712 -0.03471
 0.64724 -0.0347015
 0.64736 -0.0346903
 0.64748 -0.0346764
 0.6476 -0.0346598
 0.64772 -0.0346404
 0.64784 -0.0346184
 0.64796 -0.0345936
 0.64808 -0.0345661
 0.6482 -0.034536
 0.64832 -0.0345031
 0.64844 -0.0344676
 0.64856 -0.0344294
 0.64868 -0.0343885
 0.6488 -0.0343449
 0.64892 -0.0342988
 0.64904 -0.0342501
 0.64916 -0.0341988
 0.64928 -0.0341449
 0.6494 -0.0340885
 0.64952 -0.0340295
 0.64964 -0.033968
 0.64976 -0.033904
 0.64988 -0.0338375
 0.65 -0.0337684
 0.65012 -0.0336968
 0.65024 -0.0336227
 0.65036 -0.0335461
 0.65048 -0.0334669
 0.6506 -0.0333852
 0.65072 -0.033301
 0.65084 -0.0332142
 0.65096 -0.0331249
 0.65108 -0.033033
 0.6512 -0.0329386
 0.65132 -0.0328417
 0.65144 -0.0327422
 0.65156 -0.0326402
 0.65168 -0.0325357
 0.6518 -0.0324287
 0.65192 -0.0323191
 0.65204 -0.032207
 0.65216 -0.0320925
 0.65228 -0.0319754
 0.6524 -0.0318558
 0.65252 -0.0317338
 0.65264 -0.0316092
 0.65276 -0.0314822
 0.65288 -0.0313526
 0.653 -0.0312206
 0.65312 -0.0310861
 0.65324 -0.0309491
 0.65336 -0.0308096
 0.65348 -0.0306677
 0.6536 -0.0305233
 0.65372 -0.0303766
 0.65384 -0.0302274
 0.65396 -0.0300758
 0.65408 -0.0299219
 0.6542 -0.0297657
 0.65432 -0.0296071
 0.65444 -0.0294462
 0.65456 -0.029283
 0.65468 -0.0291175
 0.6548 -0.0289498
 0.65492 -0.0287798
 0.65504 -0.0286076
 0.65516 -0.0284332
 0.65528 -0.0282567
 0.6554 -0.0280779
 0.65552 -0.0278971
 0.65564 -0.0277141
 0.65576 -0.027529
 0.65588 -0.0273418
 0.656 -0.0271525
 0.65612 -0.0269613
 0.65624 -0.0267679
 0.65636 -0.0265726
 0.65648 -0.0263753
 0.6566 -0.0261761
 0.65672 -0.0259749
 0.65684 -0.0257718
 0.65696 -0.0255668
 0.65708 -0.0253599
 0.6572 -0.0251511
 0.65732 -0.0249405
 0.65744 -0.0247281
 0.65756 -0.0245139
 0.65768 -0.024298
 0.6578 -0.0240802
 0.65792 -0.0238607
 0.65804 -0.0236394
 0.65816 -0.0234164
 0.65828 -0.0231917
 0.6584 -0.0229652
 0.65852 -0.0227371
 0.65864 -0.0225073
 0.65876 -0.0222758
 0.65888 -0.0220427
 0.659 -0.0218079
 0.65912 -0.0215715
 0.65924 -0.0213335
 0.65936 -0.0210939
 0.65948 -0.0208526
 0.6596 -0.0206098
 0.65972 -0.0203654
 0.65984 -0.0201194
 0.65996 -0.0198719
 0.66008 -0.0196229
 0.6602 -0.0193723
 0.66032 -0.0191203
 0.66044 -0.0188669
 0.66056 -0.0186121
 0.66068 -0.018356
 0.6608 -0.0180986
 0.66092 -0.01784
 0.66104 -0.0175803
 0.66116 -0.0173194
 0.66128 -0.0170574
 0.6614 -0.0167945
 0.66152 -0.0165306
 0.66164 -0.0162657
 0.66176 -0.0160001
 0.66188 -0.0157336
 0.662 -0.0154664
 0.66212 -0.0151985
 0.66224 -0.0149299
 0.66236 -0.0146607
 0.66248 -0.0143909
 0.6626 -0.0141206
 0.66272 -0.0138498
 0.66284 -0.0135785
 0.66296 -0.0133068
 0.66308 -0.0130347
 0.6632 -0.0127623
 0.66332 -0.0124896
 0.66344 -0.0122167
 0.66356 -0.0119436
 0.66368 -0.0116703
 0.6638 -0.0113969
 0.66392 -0.0111235
 0.66404 -0.01085
 0.66416 -0.0105765
 0.66428 -0.0103031
 0.6644 -0.0100298
 0.66452 -0.00975671
 0.66464 -0.00948378
 0.66476 -0.00921108
 0.66488 -0.00893867
 0.665 -0.00866658
 0.66512 -0.00839487
 0.66524 -0.00812357
 0.66536 -0.00785273
 0.66548 -0.00758238
 0.6656 -0.00731259
 0.66572 -0.00704338
 0.66584 -0.00677481
 0.66596 -0.00650691
 0.66608 -0.00623973
 0.6662 -0.00597332
 0.66632 -0.00570771
 0.66644 -0.00544296
 0.66656 -0.00517909
 0.66668 -0.00491614
 0.6668 -0.00465413
 0.66692 -0.00439309
 0.66704 -0.00413304
 0.66716 -0.00387399
 0.66728 -0.00361598
 0.6674 -0.00335903
 0.66752 -0.00310316
 0.66764 -0.0028484
 0.66776 -0.00259476
 0.66788 -0.00234227
 0.668 -0.00209096
 0.66812 -0.00184084
 0.66824 -0.00159194
 0.66836 -0.00134428
 0.66848 -0.00109788
 0.6686 -0.000852771
 0.66872 -0.000608965
 0.66884 -0.000366485
 0.66896 -0.000125363
 0.66908 0.000114368
 0.6692 0.000352676
 0.66932 0.000589532
 0.66944 0.000824913
 0.66956 0.0010588
 0.66968 0.00129117
 0.6698 0.00152202
 0.66992 0.00175132
 0.67004 0.00197906
 0.67016 0.00220522
 0.67028 0.00242981
 0.6704 0.00265282
 0.67052 0.00287424
 0.67064 0.00309408
 0.67076 0.0033123
 0.67088 0.0035289
 0.671 0.00374387
 0.67112 0.00395719
 0.67124 0.00416885
 0.67136 0.00437885
 0.67148 0.00458716
 0.6716 0.00479377
 0.67172 0.00499867
 0.67184 0.00520186
 0.67196 0.00540331
 0.67208 0.00560302
 0.6722 0.00580099
 0.67232 0.00599722
 0.67244 0.00619171
 0.67256 0.00638446
 0.67268 0.00657548
 0.6728 0.00676477
 0.67292 0.00695233
 0.67304 0.00713816
 0.67316 0.00732227
 0.67328 0.00750468
 0.6734 0.00768541
 0.67352 0.00786444
 0.67364 0.00804179
 0.67376 0.00821745
 0.67388 0.00839142
 0.674 0.00856369
 0.67412 0.00873427
 0.67424 0.00890316
 0.67436 0.00907035
 0.67448 0.00923584
 0.6746 0.00939964
 0.67472 0.00956174
 0.67484 0.00972213
 0.67496 0.00988082
 0.67508 0.0100378
 0.6752 0.0101931
 0.67532 0.0103467
 0.67544 0.0104985
 0.67556 0.0106487
 0.67568 0.0107972
 0.6758 0.0109439
 0.67592 0.0110889
 0.67604 0.0112323
 0.67616 0.0113739
 0.67628 0.0115138
 0.6764 0.0116519
 0.67652 0.0117884
 0.67664 0.0119231
 0.67676 0.0120561
 0.67688 0.0121874
 0.677 0.0123169
 0.67712 0.0124447
 0.67724 0.0125707
 0.67736 0.0126949
 0.67748 0.0128172
 0.6776 0.0129378
 0.67772 0.0130564
 0.67784 0.0131732
 0.67796 0.0132882
 0.67808 0.0134012
 0.6782 0.0135122
 0.67832 0.0136214
 0.67844 0.0137285
 0.67856 0.0138337
 0.67868 0.0139369
 0.6788 0.0140381
 0.67892 0.0141372
 0.67904 0.0142344
 0.67916 0.0143296
 0.67928 0.0144228
 0.6794 0.0145141
 0.67952 0.0146034
 0.67964 0.0146907
 0.67976 0.0147761
 0.67988 0.0148595
 0.68 0.014941
 0.68012 0.0150204
 0.68024 0.0150978
 0.68036 0.0151732
 0.68048 0.0152466
 0.6806 0.015318
 0.68072 0.0153873
 0.68084 0.0154546
 0.68096 0.0155198
 0.68108 0.0155829
 0.6812 0.015644
 0.68132 0.015703
 0.68144 0.0157599
 0.68156 0.0158148
 0.68168 0.0158676
 0.6818 0.0159183
 0.68192 0.0159668
 0.68204 0.0160133
 0.68216 0.0160576
 0.68228 0.0160997
 0.6824 0.0161397
 0.68252 0.0161775
 0.68264 0.0162131
 0.68276 0.0162465
 0.68288 0.0162776
 0.683 0.0163065
 0.68312 0.0163332
 0.68324 0.0163576
 0.68336 0.0163797
 0.68348 0.0163996
 0.6836 0.0164173
 0.68372 0.0164327
 0.68384 0.016446
 0.68396 0.016457
 0.68408 0.0164657
 0.6842 0.0164723
 0.68432 0.0164767
 0.68444 0.0164789
 0.68456 0.0164789
 0.68468 0.0164768
 0.6848 0.0164724
 0.68492 0.0164659
 0.68504 0.0164573
 0.68516 0.0164464
 0.68528 0.0164334
 0.6854 0.0164183
 0.68552 0.016401
 0.68564 0.0163816
 0.68576 0.01636
 0.68588 0.0163364
 0.686 0.0163106
 0.68612 0.0162827
 0.68624 0.0162526
 0.68636 0.0162205
 0.68648 0.0161863
 0.6866 0.0161499
 0.68672 0.0161115
 0.68684 0.016071
 0.68696 0.0160285
 0.68708 0.0159839
 0.6872 0.0159372
 0.68732 0.0158885
 0.68744 0.0158378
 0.68756 0.015785
 0.68768 0.0157303
 0.6878 0.0156735
 0.68792 0.0156148
 0.68804 0.015554
 0.68816 0.0154912
 0.68828 0.0154265
 0.6884 0.0153597
 0.68852 0.0152909
 0.68864 0.0152201
 0.68876 0.0151474
 0.68888 0.0150728
 0.689 0.0149962
 0.68912 0.0149176
 0.68924 0.0148372
 0.68936 0.0147549
 0.68948 0.0146706
 0.6896 0.0145845
 0.68972 0.0144965
 0.68984 0.0144067
 0.68996 0.014315
 0.69008 0.0142215
 0.6902 0.0141262
 0.69032 0.0140291
 0.69044 0.0139302
 0.69056 0.0138297
 0.69068 0.0137274
 0.6908 0.0136234
 0.69092 0.0135178
 0.69104 0.0134107
 0.69116 0.0133019
 0.69128 0.0131916
 0.6914 0.0130799
 0.69152 0.0129667
 0.69164 0.0128521
 0.69176 0.0127362
 0.69188 0.012619
 0.692 0.0125005
 0.69212 0.0123807
 0.69224 0.0122598
 0.69236 0.0121376
 0.69248 0.0120143
 0.6926 0.0118897
 0.69272 0.0117641
 0.69284 0.0116373
 0.69296 0.0115094
 0.69308 0.0113804
 0.6932 0.0112503
 0.69332 0.0111192
 0.69344 0.0109871
 0.69356 0.010854
 0.69368 0.01072
 0.6938 0.010585
 0.69392 0.0104491
 0.69404 0.0103123
 0.69416 0.0101747
 0.69428 0.0100363
 0.6944 0.00989715
 0.69452 0.00975722
 0.69464 0.00961657
 0.69476 0.00947523
 0.69488 0.00933323
 0.695 0.00919061
 0.69512 0.00904738
 0.69524 0.00890359
 0.69536 0.00875925
 0.69548 0.00861441
 0.6956 0.00846908
 0.69572 0.0083233
 0.69584 0.00817711
 0.69596 0.00803052
 0.69608 0.00788357
 0.6962 0.0077363
 0.69632 0.00758872
 0.69644 0.00744087
 0.69656 0.00729277
 0.69668 0.00714445
 0.6968 0.00699592
 0.69692 0.00684718
 0.69704 0.00669825
 0.69716 0.00654914
 0.69728 0.00639985
 0.6974 0.0062504
 0.69752 0.00610079
 0.69764 0.00595104
 0.69776 0.00580115
 0.69788 0.00565115
 0.698 0.00550105
 0.69812 0.00535086
 0.69824 0.0052006
 0.69836 0.00505028
 0.69848 0.00489991
 0.6986 0.00474951
 0.69872 0.0045991
 0.69884 0.00444868
 0.69896 0.00429829
 0.69908 0.00414798
 0.6992 0.0039978
 0.69932 0.00384777
 0.69944 0.00369792
 0.69956 0.0035483
 0.69968 0.00339891
 0.6998 0.00324978
 0.69992 0.00310094
 0.70004 0.0029524
 0.70016 0.00280419
 0.70028 0.0026563
 0.7004 0.00250874
 0.70052 0.00236152
 0.70064 0.00221464
 0.70076 0.00206811
 0.70088 0.00192194
 0.701 0.00177614
 0.70112 0.00163072
 0.70124 0.00148565
 0.70136 0.00134096
 0.70148 0.00119663
 0.7016 0.00105267
 0.70172 0.000909068
 0.70184 0.000765835
 0.70196 0.000622968
 0.70208 0.000480466
 0.7022 0.000338328
 0.70232 0.000196551
 0.70244 5.51341e-05
 0.70256 -8.59253e-05
 0.70268 -0.000226629
 0.7028 -0.000366979
 0.70292 -0.000506977
 0.70304 -0.000646626
 0.70316 -0.000785936
 0.70328 -0.000924921
 0.7034 -0.00106359
 0.70352 -0.00120193
 0.70364 -0.00133995
 0.70376 -0.00147764
 0.70388 -0.00161499
 0.704 -0.00175201
 0.70412 -0.00188868
 0.70424 -0.00202501
 0.70436 -0.00216098
 0.70448 -0.0022966
 0.7046 -0.00243186
 0.70472 -0.00256676
 0.70484 -0.00270129
 0.70496 -0.00283545
 0.70508 -0.00296923
 0.7052 -0.00310263
 0.70532 -0.00323564
 0.70544 -0.00336827
 0.70556 -0.0035005
 0.70568 -0.00363233
 0.7058 -0.00376377
 0.70592 -0.0038948
 0.70604 -0.00402542
 0.70616 -0.00415562
 0.70628 -0.00428541
 0.7064 -0.00441477
 0.70652 -0.00454371
 0.70664 -0.00467221
 0.70676 -0.00480028
 0.70688 -0.00492791
 0.707 -0.00505508
 0.70712 -0.00518178
 0.70724 -0.00530799
 0.70736 -0.00543368
 0.70748 -0.00555883
 0.7076 -0.00568342
 0.70772 -0.00580743
 0.70784 -0.00593083
 0.70796 -0.00605359
 0.70808 -0.00617569
 0.7082 -0.00629711
 0.70832 -0.00641782
 0.70844 -0.00653781
 0.70856 -0.00665704
 0.70868 -0.00677549
 0.7088 -0.00689315
 0.70892 -0.00700999
 0.70904 -0.00712601
 0.70916 -0.00724123
 0.70928 -0.00735566
 0.7094 -0.00746932
 0.70952 -0.00758221
 0.70964 -0.00769433
 0.70976 -0.00780568
 0.70988 -0.00791626
 0.71 -0.00802605
 0.71012 -0.00813505
 0.71024 -0.00824326
 0.71036 -0.00835066
 0.71048 -0.00845726
 0.7106 -0.00856305
 0.71072 -0.00866804
 0.71084 -0.0087722
 0.71096 -0.00887555
 0.71108 -0.00897808
 0.7112 -0.00907978
 0.71132 -0.00918065
 0.71144 -0.0092807
 0.71156 -0.00937991
 0.71168 -0.00947828
 0.7118 -0.00957578
 0.71192 -0.00967241
 0.71204 -0.00976815
 0.71216 -0.00986297
 0.71228 -0.00995686
 0.7124 -0.0100498
 0.71252 -0.0101418
 0.71264 -0.0102328
 0.71276 -0.0103227
 0.71288 -0.0104117
 0.713 -0.0104996
 0.71312 -0.0105865
 0.71324 -0.0106724
 0.71336 -0.0107571
 0.71348 -0.0108409
 0.7136 -0.0109236
 0.71372 -0.0110053
 0.71384 -0.0110859
 0.71396 -0.0111656
 0.71408 -0.0112442
 0.7142 -0.0113217
 0.71432 -0.0113983
 0.71444 -0.0114738
 0.71456 -0.0115483
 0.71468 -0.0116218
 0.7148 -0.0116942
 0.71492 -0.0117656
 0.71504 -0.011836
 0.71516 -0.0119053
 0.71528 -0.0119736
 0.7154 -0.0120408
 0.71552 -0.012107
 0.71564 -0.0121721
 0.71576 -0.0122361
 0.71588 -0.0122991
 0.716 -0.012361
 0.71612 -0.0124218
 0.71624 -0.0124816
 0.71636 -0.0125402
 0.71648 -0.0125978
 0.7166 -0.0126543
 0.71672 -0.0127096
 0.71684 -0.0127639
 0.71696 -0.0128171
 0.71708 -0.0128692
 0.7172 -0.0129202
 0.71732 -0.0129701
 0.71744 -0.0130189
 0.71756 -0.0130666
 0.71768 -0.0131132
 0.7178 -0.0131587
 0.71792 -0.0132031
 0.71804 -0.0132464
 0.71816 -0.0132884
 0.71828 -0.0133293
 0.7184 -0.013369
 0.71852 -0.0134075
 0.71864 -0.0134448
 0.71876 -0.0134809
 0.71888 -0.0135157
 0.719 -0.0135494
 0.71912 -0.0135818
 0.71924 -0.0136129
 0.71936 -0.0136429
 0.71948 -0.0136715
 0.7196 -0.013699
 0.71972 -0.0137252
 0.71984 -0.0137501
 0.71996 -0.0137737
 0.72008 -0.0137961
 0.7202 -0.0138172
 0.72032 -0.013837
 0.72044 -0.0138556
 0.72056 -0.0138728
 0.72068 -0.0138888
 0.7208 -0.0139035
 0.72092 -0.0139169
 0.72104 -0.013929
 0.72116 -0.0139399
 0.72128 -0.0139495
 0.7214 -0.0139578
 0.72152 -0.0139649
 0.72164 -0.0139708
 0.72176 -0.0139754
 0.72188 -0.0139789
 0.722 -0.0139811
 0.72212 -0.0139822
 0.72224 -0.013982
 0.72236 -0.0139806
 0.72248 -0.0139779
 0.7226 -0.013974
 0.72272 -0.0139689
 0.72284 -0.0139624
 0.72296 -0.0139547
 0.72308 -0.0139457
 0.7232 -0.0139354
 0.72332 -0.0139238
 0.72344 -0.0139108
 0.72356 -0.0138966
 0.72368 -0.013881
 0.7238 -0.0138641
 0.72392 -0.0138459
 0.72404 -0.0138263
 0.72416 -0.0138054
 0.72428 -0.0137832
 0.7244 -0.0137597
 0.72452 -0.0137348
 0.72464 -0.0137086
 0.72476 -0.013681
 0.72488 -0.0136521
 0.725 -0.0136219
 0.72512 -0.0135903
 0.72524 -0.0135574
 0.72536 -0.0135231
 0.72548 -0.0134874
 0.7256 -0.0134504
 0.72572 -0.0134121
 0.72584 -0.0133723
 0.72596 -0.0133312
 0.72608 -0.0132888
 0.7262 -0.0132449
 0.72632 -0.0131997
 0.72644 -0.0131531
 0.72656 -0.0131051
 0.72668 -0.0130558
 0.7268 -0.013005
 0.72692 -0.0129528
 0.72704 -0.0128992
 0.72716 -0.0128441
 0.72728 -0.0127876
 0.7274 -0.0127296
 0.72752 -0.01267
 0.72764 -0.012609
 0.72776 -0.0125464
 0.72788 -0.0124823
 0.728 -0.0124167
 0.72812 -0.0123496
 0.72824 -0.012281
 0.72836 -0.0122109
 0.72848 -0.0121393
 0.7286 -0.0120662
 0.72872 -0.0119915
 0.72884 -0.0119154
 0.72896 -0.0118378
 0.72908 -0.0117588
 0.7292 -0.0116784
 0.72932 -0.0115966
 0.72944 -0.0115135
 0.72956 -0.011429
 0.72968 -0.0113433
 0.7298 -0.0112563
 0.72992 -0.0111681
 0.73004 -0.0110787
 0.73016 -0.010988
 0.73028 -0.0108962
 0.7304 -0.0108032
 0.73052 -0.0107091
 0.73064 -0.0106138
 0.73076 -0.0105173
 0.73088 -0.0104197
 0.731 -0.010321
 0.73112 -0.0102212
 0.73124 -0.0101202
 0.73136 -0.010018
 0.73148 -0.00991473
 0.7316 -0.00981025
 0.73172 -0.0097046
 0.73184 -0.00959777
 0.73196 -0.00948977
 0.73208 -0.00938058
 0.7322 -0.0092702
 0.73232 -0.00915863
 0.73244 -0.00904584
 0.73256 -0.00893185
 0.73268 -0.00881664
 0.7328 -0.0087002
 0.73292 -0.00858252
 0.73304 -0.00846361
 0.73316 -0.00834342
 0.73328 -0.00822195
 0.7334 -0.00809919
 0.73352 -0.00797513
 0.73364 -0.00784977
 0.73376 -0.00772311
 0.73388 -0.00759513
 0.734 -0.00746585
 0.73412 -0.00733525
 0.73424 -0.00720333
 0.73436 -0.0070701
 0.73448 -0.00693555
 0.7346 -0.00679967
 0.73472 -0.00666246
 0.73484 -0.00652392
 0.73496 -0.00638405
 0.73508 -0.00624285
 0.7352 -0.0061003
 0.73532 -0.00595642
 0.73544 -0.00581119
 0.73556 -0.00566461
 0.73568 -0.00551669
 0.7358 -0.00536741
 0.73592 -0.00521678
 0.73604 -0.00506479
 0.73616 -0.00491143
 0.73628 -0.00475672
 0.7364 -0.00460064
 0.73652 -0.00444319
 0.73664 -0.00428436
 0.73676 -0.00412417
 0.73688 -0.00396259
 0.737 -0.00379964
 0.73712 -0.00363531
 0.73724 -0.00346963
 0.73736 -0.00330258
 0.73748 -0.0031342
 0.7376 -0.00296448
 0.73772 -0.00279345
 0.73784 -0.00262111
 0.73796 -0.00244749
 0.73808 -0.00227259
 0.7382 -0.00209642
 0.73832 -0.00191901
 0.73844 -0.00174037
 0.73856 -0.00156051
 0.73868 -0.00137944
 0.7388 -0.00119717
 0.73892 -0.00101373
 0.73904 -0.000829108
 0.73916 -0.0006433
 0.73928 -0.00045629
 0.7394 -0.000268065
 0.73952 -7.86136e-05
 0.73964 0.000112065
 0.73976 0.000303971
 0.73988 0.000497104
 0.74 0.00069146
 0.74012 0.000887037
 0.74024 0.00108384
 0.74036 0.00128188
 0.74048 0.00148115
 0.7406 0.00168168
 0.74072 0.00188347
 0.74084 0.0020865
 0.74096 0.00229076
 0.74108 0.00249625
 0.7412 0.00270296
 0.74132 0.00291087
 0.74144 0.00311997
 0.74156 0.00333025
 0.74168 0.00354171
 0.7418 0.00375432
 0.74192 0.00396807
 0.74204 0.00418295
 0.74216 0.00439894
 0.74228 0.00461603
 0.7424 0.0048342
 0.74252 0.00505344
 0.74264 0.00527373
 0.74276 0.00549506
 0.74288 0.00571741
 0.743 0.00594077
 0.74312 0.00616512
 0.74324 0.00639044
 0.74336 0.00661674
 0.74348 0.00684399
 0.7436 0.00707219
 0.74372 0.00730133
 0.74384 0.0075314
 0.74396 0.00776238
 0.74408 0.00799427
 0.7442 0.00822706
 0.74432 0.00846073
 0.74444 0.00869527
 0.74456 0.00893067
 0.74468 0.0091669
 0.7448 0.00940394
 0.74492 0.00964177
 0.74504 0.00988038
 0.74516 0.0101197
 0.74528 0.0103598
 0.7454 0.0106006
 0.74552 0.0108421
 0.74564 0.0110843
 0.74576 0.0113271
 0.74588 0.0115705
 0.746 0.0118145
 0.74612 0.0120591
 0.74624 0.0123043
 0.74636 0.01255
 0.74648 0.0127963
 0.7466 0.013043
 0.74672 0.0132903
 0.74684 0.013538
 0.74696 0.0137861
 0.74708 0.0140347
 0.7472 0.0142836
 0.74732 0.0145329
 0.74744 0.0147826
 0.74756 0.0150326
 0.74768 0.0152828
 0.7478 0.0155333
 0.74792 0.0157839
 0.74804 0.0160347
 0.74816 0.0162855
 0.74828 0.0165365
 0.7484 0.0167874
 0.74852 0.0170383
 0.74864 0.0172891
 0.74876 0.0175398
 0.74888 0.0177903
 0.749 0.0180406
 0.74912 0.0182907
 0.74924 0.0185405
 0.74936 0.01879
 0.74948 0.0190391
 0.7496 0.0192878
 0.74972 0.019536
 0.74984 0.0197837
 0.74996 0.0200308
 0.75008 0.0202774
 0.7502 0.0205233
 0.75032 0.0207685
 0.75044 0.021013
 0.75056 0.0212567
 0.75068 0.0214996
 0.7508 0.0217417
 0.75092 0.0219829
 0.75104 0.0222232
 0.75116 0.0224625
 0.75128 0.0227009
 0.7514 0.0229383
 0.75152 0.0231747
 0.75164 0.02341
 0.75176 0.0236443
 0.75188 0.0238775
 0.752 0.0241096
 0.75212 0.0243406
 0.75224 0.0245704
 0.75236 0.024799
 0.75248 0.0250263
 0.7526 0.0252524
 0.75272 0.0254773
 0.75284 0.0257008
 0.75296 0.0259229
 0.75308 0.0261437
 0.7532 0.026363
 0.75332 0.0265809
 0.75344 0.0267973
 0.75356 0.0270122
 0.75368 0.0272255
 0.7538 0.0274373
 0.75392 0.0276475
 0.75404 0.027856
 0.75416 0.0280629
 0.75428 0.0282681
 0.7544 0.0284716
 0.75452 0.0286733
 0.75464 0.0288732
 0.75476 0.0290713
 0.75488 0.0292676
 0.755 0.029462
 0.75512 0.0296545
 0.75524 0.029845
 0.75536 0.0300336
 0.75548 0.0302202
 0.7556 0.0304047
 0.75572 0.0305872
 0.75584 0.0307676
 0.75596 0.0309459
 0.75608 0.031122
 0.7562 0.0312959
 0.75632 0.0314675
 0.75644 0.031637
 0.75656 0.0318041
 0.75668 0.0319689
 0.7568 0.0321313
 0.75692 0.0322914
 0.75704 0.0324489
 0.75716 0.0326041
 0.75728 0.0327566
 0.7574 0.0329067
 0.75752 0.0330541
 0.75764 0.0331989
 0.75776 0.033341
 0.75788 0.0334805
 0.758 0.0336174
 0.75812 0.0337516
 0.75824 0.0338831
 0.75836 0.034012
 0.75848 0.0341381
 0.7586 0.0342616
 0.75872 0.0343823
 0.75884 0.0345003
 0.75896 0.0346156
 0.75908 0.0347282
 0.7592 0.0348381
 0.75932 0.0349453
 0.75944 0.0350498
 0.75956 0.0351516
 0.75968 0.0352509
 0.7598 0.0353475
 0.75992 0.0354415
 0.76004 0.0355329
 0.76016 0.0356218
 0.76028 0.0357081
 0.7604 0.0357919
 0.76052 0.0358731
 0.76064 0.0359518
 0.76076 0.036028
 0.76088 0.0361017
 0.761 0.0361729
 0.76112 0.0362416
 0.76124 0.0363078
 0.76136 0.0363714
 0.76148 0.0364325
 0.7616 0.0364911
 0.76172 0.0365471
 0.76184 0.0366005
 0.76196 0.0366514
 0.76208 0.0366998
 0.7622 0.0367455
 0.76232 0.0367887
 0.76244 0.0368292
 0.76256 0.0368671
 0.76268 0.0369023
 0.7628 0.0369349
 0.76292 0.0369647
 0.76304 0.0369918
 0.76316 0.0370161
 0.76328 0.0370377
 0.7634 0.0370563
 0.76352 0.0370722
 0.76364 0.0370851
 0.76376 0.0370952
 0.76388 0.0371023
 0.764 0.0371065
 0.76412 0.0371078
 0.76424 0.0371061
 0.76436 0.0371014
 0.76448 0.0370938
 0.7646 0.0370831
 0.76472 0.0370694
 0.76484 0.0370526
 0.76496 0.0370328
 0.76508 0.0370099
 0.7652 0.0369839
 0.76532 0.0369548
 0.76544 0.0369226
 0.76556 0.0368872
 0.76568 0.0368486
 0.7658 0.0368069
 0.76592 0.0367619
 0.76604 0.0367138
 0.76616 0.0366624
 0.76628 0.0366077
 0.7664 0.0365498
 0.76652 0.0364886
 0.76664 0.0364241
 0.76676 0.0363563
 0.76688 0.0362851
 0.767 0.0362106
 0.76712 0.0361327
 0.76724 0.0360514
 0.76736 0.0359667
 0.76748 0.0358786
 0.7676 0.0357871
 0.76772 0.0356921
 0.76784 0.0355938
 0.76796 0.035492
 0.76808 0.0353868
 0.7682 0.0352782
 0.76832 0.0351661
 0.76844 0.0350506
 0.76856 0.0349316
 0.76868 0.0348092
 0.7688 0.0346834
 0.76892 0.0345541
 0.76904 0.0344213
 0.76916 0.0342851
 0.76928 0.0341454
 0.7694 0.0340022
 0.76952 0.0338555
 0.76964 0.0337053
 0.76976 0.0335515
 0.76988 0.0333943
 0.77 0.0332336
 0.77012 0.0330694
 0.77024 0.0329016
 0.77036 0.0327304
 0.77048 0.0325556
 0.7706 0.0323773
 0.77072 0.0321955
 0.77084 0.0320101
 0.77096 0.0318213
 0.77108 0.031629
 0.7712 0.0314332
 0.77132 0.031234
 0.77144 0.0310315
 0.77156 0.0308255
 0.77168 0.0306161
 0.7718 0.0304034
 0.77192 0.0301874
 0.77204 0.0299681
 0.77216 0.0297455
 0.77228 0.0295196
 0.7724 0.0292904
 0.77252 0.029058
 0.77264 0.0288224
 0.77276 0.0285836
 0.77288 0.0283416
 0.773 0.0280965
 0.77312 0.0278483
 0.77324 0.0275969
 0.77336 0.0273425
 0.77348 0.027085
 0.7736 0.0268246
 0.77372 0.0265611
 0.77384 0.0262947
 0.77396 0.0260254
 0.77408 0.0257532
 0.7742 0.0254782
 0.77432 0.0252003
 0.77444 0.0249196
 0.77456 0.0246361
 0.77468 0.0243499
 0.7748 0.024061
 0.77492 0.0237695
 0.77504 0.0234753
 0.77516 0.0231786
 0.77528 0.0228793
 0.7754 0.0225774
 0.77552 0.0222731
 0.77564 0.0219664
 0.77576 0.0216573
 0.77588 0.0213457
 0.776 0.0210319
 0.77612 0.0207157
 0.77624 0.0203973
 0.77636 0.0200767
 0.77648 0.0197539
 0.7766 0.0194289
 0.77672 0.0191018
 0.77684 0.0187726
 0.77696 0.0184414
 0.77708 0.0181081
 0.7772 0.017773
 0.77732 0.017436
 0.77744 0.0170971
 0.77756 0.0167565
 0.77768 0.0164141
 0.7778 0.0160701
 0.77792 0.0157245
 0.77804 0.0153774
 0.77816 0.0150288
 0.77828 0.0146787
 0.7784 0.0143273
 0.77852 0.0139747
 0.77864 0.0136207
 0.77876 0.0132656
 0.77888 0.0129093
 0.779 0.012552
 0.77912 0.0121937
 0.77924 0.0118344
 0.77936 0.0114743
 0.77948 0.0111134
 0.7796 0.0107517
 0.77972 0.0103894
 0.77984 0.0100264
 0.77996 0.009663
 0.78008 0.00929909
 0.7802 0.00893479
 0.78032 0.00857017
 0.78044 0.00820528
 0.78056 0.00784019
 0.78068 0.00747495
 0.7808 0.0071096
 0.78092 0.00674421
 0.78104 0.00637881
 0.78116 0.00601343
 0.78128 0.00564811
 0.7814 0.00528286
 0.78152 0.00491774
 0.78164 0.00455275
 0.78176 0.00418794
 0.78188 0.00382332
 0.782 0.00345892
 0.78212 0.00309478
 0.78224 0.00273091
 0.78236 0.00236736
 0.78248 0.00200414
 0.7826 0.00164128
 0.78272 0.00127883
 0.78284 0.000916808
 0.78296 0.00055526
 0.78308 0.000194218
 0.7832 -0.000166284
 0.78332 -0.00052621
 0.78344 -0.000885526
 0.78356 -0.0012442
 0.78368 -0.0016022
 0.7838 -0.00195948
 0.78392 -0.00231603
 0.78404 -0.0026718
 0.78416 -0.00302676
 0.78428 -0.00338088
 0.7844 -0.00373413
 0.78452 -0.00408646
 0.78464 -0.00443786
 0.78476 -0.00478829
 0.78488 -0.0051377
 0.785 -0.00548608
 0.78512 -0.00583339
 0.78524 -0.00617958
 0.78536 -0.00652463
 0.78548 -0.0068685
 0.7856 -0.00721115
 0.78572 -0.00755255
 0.78584 -0.00789266
 0.78596 -0.00823145
 0.78608 -0.00856887
 0.7862 -0.0089049
 0.78632 -0.00923949
 0.78644 -0.00957261
 0.78656 -0.00990423
 0.78668 -0.0102343
 0.7868 -0.0105628
 0.78692 -0.0108897
 0.78704 -0.0112149
 0.78716 -0.0115384
 0.78728 -0.0118602
 0.7874 -0.0121802
 0.78752 -0.0124984
 0.78764 -0.0128148
 0.78776 -0.0131293
 0.78788 -0.013442
 0.788 -0.0137528
 0.78812 -0.0140617
 0.78824 -0.0143687
 0.78836 -0.0146738
 0.78848 -0.0149769
 0.7886 -0.0152781
 0.78872 -0.0155773
 0.78884 -0.0158746
 0.78896 -0.0161698
 0.78908 -0.0164631
 0.7892 -0.0167543
 0.78932 -0.0170436
 0.78944 -0.0173308
 0.78956 -0.017616
 0.78968 -0.0178992
 0.7898 -0.0181804
 0.78992 -0.0184597
 0.79004 -0.018737
 0.79016 -0.0190125
 0.79028 -0.019286
 0.7904 -0.0195576
 0.79052 -0.0198273
 0.79064 -0.0200951
 0.79076 -0.0203611
 0.79088 -0.0206252
 0.791 -0.0208875
 0.79112 -0.0211479
 0.79124 -0.0214065
 0.79136 -0.0216633
 0.79148 -0.0219181
 0.7916 -0.0221712
 0.79172 -0.0224223
 0.79184 -0.0226716
 0.79196 -0.0229191
 0.79208 -0.0231647
 0.7922 -0.0234083
 0.79232 -0.0236501
 0.79244 -0.0238898
 0.79256 -0.0241276
 0.79268 -0.0243633
 0.7928 -0.0245969
 0.79292 -0.0248285
 0.79304 -0.0250578
 0.79316 -0.025285
 0.79328 -0.0255099
 0.7934 -0.0257326
 0.79352 -0.0259529
 0.79364 -0.0261708
 0.79376 -0.0263864
 0.79388 -0.0265995
 0.794 -0.0268101
 0.79412 -0.0270183
 0.79424 -0.027224
 0.79436 -0.0274271
 0.79448 -0.0276276
 0.7946 -0.0278256
 0.79472 -0.0280209
 0.79484 -0.0282136
 0.79496 -0.0284036
 0.79508 -0.0285909
 0.7952 -0.0287754
 0.79532 -0.0289572
 0.79544 -0.0291361
 0.79556 -0.0293122
 0.79568 -0.0294854
 0.7958 -0.0296557
 0.79592 -0.0298231
 0.79604 -0.0299875
 0.79616 -0.0301489
 0.79628 -0.0303073
 0.7964 -0.0304626
 0.79652 -0.0306149
 0.79664 -0.030764
 0.79676 -0.0309099
 0.79688 -0.0310527
 0.797 -0.0311922
 0.79712 -0.0313285
 0.79724 -0.0314615
 0.79736 -0.0315911
 0.79748 -0.0317174
 0.7976 -0.0318404
 0.79772 -0.0319599
 0.79784 -0.0320761
 0.79796 -0.0321888
 0.79808 -0.032298
 0.7982 -0.0324038
 0.79832 -0.0325062
 0.79844 -0.032605
 0.79856 -0.0327003
 0.79868 -0.0327921
 0.7988 -0.0328803
 0.79892 -0.032965
 0.79904 -0.033046
 0.79916 -0.0331236
 0.79928 -0.0331975
 0.7994 -0.0332678
 0.79952 -0.0333344
 0.79964 -0.0333975
 0.79976 -0.0334569
 0.79988 -0.0335126
