 0.2 4.62919
 0.20012 5.2224
 0.20024 5.79752
 0.20036 6.34369
 0.20048 6.85221
 0.2006 7.31464
 0.20072 7.72337
 0.20084 8.07336
 0.20096 8.36025
 0.20108 8.5798
 0.2012 8.72898
 0.20132 8.80578
 0.20144 8.81072
 0.20156 8.7473
 0.20168 8.62291
 0.2018 8.44744
 0.20192 8.23219
 0.20204 7.98977
 0.20216 7.73177
 0.20228 7.46983
 0.2024 7.21302
 0.20252 6.96874
 0.20264 6.74366
 0.20276 6.54413
 0.20288 6.37492
 0.203 6.24109
 0.20312 6.14773
 0.20324 6.09925
 0.20336 6.09909
 0.20348 6.14886
 0.2036 6.24805
 0.20372 6.3935
 0.20384 6.58071
 0.20396 6.80181
 0.20408 7.04739
 0.2042 7.30803
 0.20432 7.57537
 0.20444 7.84306
 0.20456 8.10668
 0.20468 8.36205
 0.2048 8.60287
 0.20492 8.82299
 0.20504 9.01573
 0.20516 9.1749
 0.20528 9.29493
 0.2054 9.37217
 0.20552 9.40435
 0.20564 9.38993
 0.20576 9.32787
 0.20588 9.21826
 0.206 9.06502
 0.20612 8.87415
 0.20624 8.65311
 0.20636 8.40819
 0.20648 8.14436
 0.2066 7.86455
 0.20672 7.57338
 0.20684 7.27788
 0.20696 6.98487
 0.20708 6.70083
 0.2072 6.42957
 0.20732 6.17354
 0.20744 5.93316
 0.20756 5.70838
 0.20768 5.49943
 0.2078 5.30754
 0.20792 5.13257
 0.20804 4.97248
 0.20816 4.82166
 0.20828 4.67334
 0.2084 4.52282
 0.20852 4.36694
 0.20864 4.20409
 0.20876 4.03136
 0.20888 3.84616
 0.209 3.64581
 0.20912 3.42897
 0.20924 3.19841
 0.20936 2.95891
 0.20948 2.71615
 0.2096 2.47518
 0.20972 2.23995
 0.20984 2.01319
 0.20996 1.79857
 0.21008 1.60128
 0.2102 1.42911
 0.21032 1.2886
 0.21044 1.18276
 0.21056 1.11314
 0.21068 1.08059
 0.2108 1.0853
 0.21092 1.12619
 0.21104 1.20369
 0.21116 1.31666
 0.21128 1.46004
 0.2114 1.62586
 0.21152 1.8066
 0.21164 1.99588
 0.21176 2.18841
 0.21188 2.37911
 0.212 2.56161
 0.21212 2.72822
 0.21224 2.87148
 0.21236 2.98731
 0.21248 3.07401
 0.2126 3.1302
 0.21272 3.15479
 0.21284 3.14684
 0.21296 3.10555
 0.21308 3.02855
 0.2132 2.91477
 0.21332 2.76724
 0.21344 2.59146
 0.21356 2.39211
 0.21368 2.17298
 0.2138 1.93775
 0.21392 1.6908
 0.21404 1.43741
 0.21416 1.18321
 0.21428 0.931934
 0.2144 0.685306
 0.21452 0.445075
 0.21464 0.212987
 0.21476 -0.00839983
 0.21488 -0.214664
 0.215 -0.401052
 0.21512 -0.562267
 0.21524 -0.694758
 0.21536 -0.797905
 0.21548 -0.871414
 0.2156 -0.914354
 0.21572 -0.925592
 0.21584 -0.904426
 0.21596 -0.850537
 0.21608 -0.76396
 0.2162 -0.645145
 0.21632 -0.49354
 0.21644 -0.309361
 0.21656 -0.0940435
 0.21668 0.151036
 0.2168 0.421524
 0.21692 0.711056
 0.21704 1.01319
 0.21716 1.32178
 0.21728 1.6329
 0.2174 1.94332
 0.21752 2.24843
 0.21764 2.54325
 0.21776 2.8226
 0.21788 3.08142
 0.218 3.31463
 0.21812 3.51855
 0.21824 3.69097
 0.21836 3.82951
 0.21848 3.93396
 0.2186 4.00503
 0.21872 4.04439
 0.21884 4.05673
 0.21896 4.04738
 0.21908 4.02164
 0.2192 3.98334
 0.21932 3.93305
 0.21944 3.87203
 0.21956 3.80267
 0.21968 3.72771
 0.2198 3.6507
 0.21992 3.57549
 0.22004 3.50546
 0.22016 3.44184
 0.22028 3.38532
 0.2204 3.33687
 0.22052 3.29609
 0.22064 3.26212
 0.22076 3.23273
 0.22088 3.2047
 0.221 3.17479
 0.22112 3.13998
 0.22124 3.10055
 0.22136 3.0597
 0.22148 3.02018
 0.2216 2.98507
 0.22172 2.95719
 0.22184 2.93789
 0.22196 2.92831
 0.22208 2.93024
 0.2222 2.94523
 0.22232 2.97422
 0.22244 3.01788
 0.22256 3.07745
 0.22268 3.15512
 0.2228 3.25351
 0.22292 3.37543
 0.22304 3.52423
 0.22316 3.70334
 0.22328 3.91338
 0.2234 4.15301
 0.22352 4.41942
 0.22364 4.70851
 0.22376 5.01676
 0.22388 5.34241
 0.224 5.68385
 0.22412 6.03935
 0.22424 6.40747
 0.22436 6.78696
 0.22448 7.17655
 0.2246 7.57286
 0.22472 7.97065
 0.22484 8.36554
 0.22496 8.75159
 0.22508 9.12017
 0.2252 9.46129
 0.22532 9.76659
 0.22544 10.0307
 0.22556 10.2501
 0.22568 10.422
 0.2258 10.5424
 0.22592 10.6058
 0.22604 10.6061
 0.22616 10.5408
 0.22628 10.4091
 0.2264 10.2119
 0.22652 9.95103
 0.22664 9.63227
 0.22676 9.26188
 0.22688 8.84476
 0.227 8.3895
 0.22712 7.90921
 0.22724 7.41797
 0.22736 6.92826
 0.22748 6.45085
 0.2276 5.99596
 0.22772 5.57389
 0.22784 5.19599
 0.22796 4.87489
 0.22808 4.62262
 0.2282 4.44583
 0.22832 4.3472
 0.22844 4.32487
 0.22856 4.37539
 0.22868 4.49307
 0.2288 4.67425
 0.22892 4.91581
 0.22904 5.21018
 0.22916 5.54663
 0.22928 5.91467
 0.2294 6.3025
 0.22952 6.69774
 0.22964 7.08902
 0.22976 7.46517
 0.22988 7.81425
 0.23 8.12354
 0.23012 8.38122
 0.23024 8.57706
 0.23036 8.70802
 0.23048 8.77586
 0.2306 8.78216
 0.23072 8.7281
 0.23084 8.61266
 0.23096 8.43514
 0.23108 8.19843
 0.2312 7.90619
 0.23132 7.56321
 0.23144 7.17754
 0.23156 6.75732
 0.23168 6.3086
 0.2318 5.83805
 0.23192 5.35321
 0.23204 4.86228
 0.23216 4.37524
 0.23228 3.90277
 0.2324 3.44974
 0.23252 3.02003
 0.23264 2.61873
 0.23276 2.25157
 0.23288 1.92595
 0.233 1.64865
 0.23312 1.42453
 0.23324 1.25863
 0.23336 1.15409
 0.23348 1.11247
 0.2336 1.13595
 0.23372 1.2269
 0.23384 1.38554
 0.23396 1.60981
 0.23408 1.89657
 0.2342 2.23922
 0.23432 2.63054
 0.23444 3.06386
 0.23456 3.53128
 0.23468 4.02468
 0.2348 4.53568
 0.23492 5.05487
 0.23504 5.57313
 0.23516 6.0812
 0.23528 6.56886
 0.2354 7.02716
 0.23552 7.4473
 0.23564 7.82053
 0.23576 8.13966
 0.23588 8.40079
 0.236 8.60244
 0.23612 8.74448
 0.23624 8.82945
 0.23636 8.85883
 0.23648 8.83513
 0.2366 8.76176
 0.23672 8.64216
 0.23684 8.479
 0.23696 8.27573
 0.23708 8.03622
 0.2372 7.76629
 0.23732 7.4716
 0.23744 7.15685
 0.23756 6.82673
 0.23768 6.48597
 0.2378 6.13815
 0.23792 5.78559
 0.23804 5.42999
 0.23816 5.07167
 0.23828 4.71061
 0.2384 4.35011
 0.23852 3.99373
 0.23864 3.64418
 0.23876 3.30394
 0.23888 2.97627
 0.239 2.6638
 0.23912 2.36784
 0.23924 2.08992
 0.23936 1.83342
 0.23948 1.60307
 0.2396 1.40384
 0.23972 1.23977
 0.23984 1.11389
 0.23996 1.02711
 0.24008 0.979459
 0.2402 0.97116
 0.24032 1.00009
 0.24044 1.06139
 0.24056 1.14949
 0.24068 1.259
 0.2408 1.38488
 0.24092 1.52211
 0.24104 1.66596
 0.24116 1.812
 0.24128 1.95285
 0.2414 2.07923
 0.24152 2.18017
 0.24164 2.24314
 0.24176 2.25685
 0.24188 2.21284
 0.242 2.10608
 0.24212 1.93374
 0.24224 1.6969
 0.24236 1.40018
 0.24248 1.04847
 0.2426 0.64812
 0.24272 0.207409
 0.24284 -0.265698
 0.24296 -0.76312
 0.24308 -1.27637
 0.2432 -1.79552
 0.24332 -2.30844
 0.24344 -2.80171
 0.24356 -3.25991
 0.24368 -3.66483
 0.2438 -3.9992
 0.24392 -4.24857
 0.24404 -4.402
 0.24416 -4.45272
 0.24428 -4.4008
 0.2444 -4.2485
 0.24452 -3.99683
 0.24464 -3.64954
 0.24476 -3.21286
 0.24488 -2.69345
 0.245 -2.09868
 0.24512 -1.43804
 0.24524 -0.722564
 0.24536 0.0354407
 0.24548 0.822376
 0.2456 1.62292
 0.24572 2.42023
 0.24584 3.19785
 0.24596 3.94141
 0.24608 4.63939
 0.2462 5.2843
 0.24632 5.87362
 0.24644 6.40513
 0.24656 6.87382
 0.24668 7.27572
 0.2468 7.60848
 0.24692 7.87041
 0.24704 8.06112
 0.24716 8.18258
 0.24728 8.23793
 0.2474 8.23219
 0.24752 8.17196
 0.24764 8.06399
 0.24776 7.91623
 0.24788 7.73704
 0.248 7.53372
 0.24812 7.31239
 0.24824 7.07726
 0.24836 6.82976
 0.24848 6.57199
 0.2486 6.31055
 0.24872 6.05233
 0.24884 5.80292
 0.24896 5.56749
 0.24908 5.35151
 0.2492 5.15992
 0.24932 4.9966
 0.24944 4.8633
 0.24956 4.76146
 0.24968 4.69177
 0.2498 4.65054
 0.24992 4.63323
 0.25004 4.63541
 0.25016 4.6527
 0.25028 4.68143
 0.2504 4.72005
 0.25052 4.7669
 0.25064 4.81785
 0.25076 4.86949
 0.25088 4.92097
 0.251 4.97157
 0.25112 5.01752
 0.25124 5.05468
 0.25136 5.07993
 0.25148 5.09009
 0.2516 5.08083
 0.25172 5.0518
 0.25184 5.00796
 0.25196 4.95478
 0.25208 4.89808
 0.2522 4.84416
 0.25232 4.80044
 0.25244 4.77233
 0.25256 4.76423
 0.25268 4.77989
 0.2528 4.82177
 0.25292 4.88728
 0.25304 4.97411
 0.25316 5.08299
 0.25328 5.21348
 0.2534 5.36498
 0.25352 5.53951
 0.25364 5.73974
 0.25376 5.96428
 0.25388 6.20925
 0.254 6.47024
 0.25412 6.74215
 0.25424 7.01776
 0.25436 7.28707
 0.25448 7.54129
 0.2546 7.77252
 0.25472 7.97389
 0.25484 8.14024
 0.25496 8.27274
 0.25508 8.37412
 0.2552 8.44648
 0.25532 8.49413
 0.25544 8.51944
 0.25556 8.5229
 0.25568 8.50528
 0.2558 8.46863
 0.25592 8.41611
 0.25604 8.35081
 0.25616 8.27682
 0.25628 8.20096
 0.2564 8.13208
 0.25652 8.07902
 0.25664 8.0507
 0.25676 8.05567
 0.25688 8.10023
 0.257 8.18176
 0.25712 8.29412
 0.25724 8.43059
 0.25736 8.58495
 0.25748 8.75348
 0.2576 8.93229
 0.25772 9.11759
 0.25784 9.30501
 0.25796 9.49052
 0.25808 9.67175
 0.2582 9.84716
 0.25832 10.014
 0.25844 10.1691
 0.25856 10.309
 0.25868 10.4297
 0.2588 10.5272
 0.25892 10.6009
 0.25904 10.6592
 0.25916 10.713
 0.25928 10.7711
 0.2594 10.8395
 0.25952 10.9227
 0.25964 11.0251
 0.25976 11.151
 0.25988 11.305
 0.26 11.4891
 0.26012 11.7027
 0.26024 11.9416
 0.26036 12.2022
 0.26048 12.4797
 0.2606 12.7681
 0.26072 13.0622
 0.26084 13.3567
 0.26096 13.644
 0.26108 13.9124
 0.2612 14.1509
 0.26132 14.3524
 0.26144 14.5123
 0.26156 14.6268
 0.26168 14.6919
 0.2618 14.7038
 0.26192 14.659
 0.26204 14.5564
 0.26216 14.3973
 0.26228 14.1852
 0.2624 13.9238
 0.26252 13.6193
 0.26264 13.2802
 0.26276 12.9134
 0.26288 12.526
 0.263 12.125
 0.26312 11.7185
 0.26324 11.3127
 0.26336 10.9113
 0.26348 10.5164
 0.2636 10.1316
 0.26372 9.76048
 0.26384 9.4065
 0.26396 9.07292
 0.26408 8.76239
 0.2642 8.47668
 0.26432 8.21783
 0.26444 7.9873
 0.26456 7.78411
 0.26468 7.60584
 0.2648 7.45169
 0.26492 7.32153
 0.26504 7.21416
 0.26516 7.12748
 0.26528 7.06034
 0.2654 7.01259
 0.26552 6.98363
 0.26564 6.97193
 0.26576 6.97647
 0.26588 6.99623
 0.266 7.03016
 0.26612 7.07726
 0.26624 7.13616
 0.26636 7.20535
 0.26648 7.28375
 0.2666 7.37151
 0.26672 7.46997
 0.26684 7.57928
 0.26696 7.69881
 0.26708 7.8303
 0.2672 7.97497
 0.26732 8.13239
 0.26744 8.30147
 0.26756 8.48113
 0.26768 8.66844
 0.2678 8.85905
 0.26792 9.04873
 0.26804 9.2333
 0.26816 9.40847
 0.26828 9.56861
 0.2684 9.7072
 0.26852 9.81739
 0.26864 9.89164
 0.26876 9.92083
 0.26888 9.89618
 0.269 9.80904
 0.26912 9.65083
 0.26924 9.41538
 0.26936 9.10049
 0.26948 8.70632
 0.2696 8.23581
 0.26972 7.69587
 0.26984 7.09442
 0.26996 6.43914
 0.27008 5.73762
 0.2702 4.99806
 0.27032 4.23152
 0.27044 3.44984
 0.27056 2.6652
 0.27068 1.89039
 0.2708 1.14044
 0.27092 0.430513
 0.27104 -0.224825
 0.27116 -0.812407
 0.27128 -1.32175
 0.2714 -1.74694
 0.27152 -2.08602
 0.27164 -2.34153
 0.27176 -2.51868
 0.27188 -2.62245
 0.272 -2.65768
 0.27212 -2.62851
 0.27224 -2.539
 0.27236 -2.39477
 0.27248 -2.20178
 0.2726 -1.96635
 0.27272 -1.69577
 0.27284 -1.39874
 0.27296 -1.08371
 0.27308 -0.758138
 0.2732 -0.429473
 0.27332 -0.103851
 0.27344 0.21534
 0.27356 0.528958
 0.27368 0.841132
 0.2738 1.15587
 0.27392 1.47584
 0.27404 1.80331
 0.27416 2.13857
 0.27428 2.48078
 0.2744 2.82851
 0.27452 3.18048
 0.27464 3.53558
 0.27476 3.89236
 0.27488 4.2494
 0.275 4.60473
 0.27512 4.95554
 0.27524 5.29987
 0.27536 5.63564
 0.27548 5.95808
 0.2756 6.25863
 0.27572 6.52781
 0.27584 6.75867
 0.27596 6.94633
 0.27608 7.08666
 0.2762 7.17764
 0.27632 7.21859
 0.27644 7.21029
 0.27656 7.15304
 0.27668 7.04848
 0.2768 6.8998
 0.27692 6.71022
 0.27704 6.48286
 0.27716 6.22116
 0.27728 5.92846
 0.2774 5.60877
 0.27752 5.26999
 0.27764 4.9226
 0.27776 4.57598
 0.27788 4.23605
 0.278 3.90728
 0.27812 3.59333
 0.27824 3.29559
 0.27836 3.01383
 0.27848 2.74898
 0.2786 2.50257
 0.27872 2.27377
 0.27884 2.0617
 0.27896 1.86684
 0.27908 1.6909
 0.2792 1.53545
 0.27932 1.40137
 0.27944 1.28847
 0.27956 1.1935
 0.27968 1.11151
 0.2798 1.0394
 0.27992 0.97617
 0.28004 0.921697
 0.28016 0.877905
 0.28028 0.850955
 0.2804 0.846525
 0.28052 0.866963
 0.28064 0.914882
 0.28076 0.993737
 0.28088 1.10275
 0.281 1.23987
 0.28112 1.40245
 0.28124 1.58816
 0.28136 1.795
 0.28148 2.02153
 0.2816 2.26822
 0.28172 2.53773
 0.28184 2.83184
 0.28196 3.15098
 0.28208 3.49282
 0.2822 3.85064
 0.28232 4.21429
 0.28244 4.57579
 0.28256 4.92896
 0.28268 5.26697
 0.2828 5.58635
 0.28292 5.88747
 0.28304 6.16889
 0.28316 6.42889
 0.28328 6.66578
 0.2834 6.87785
 0.28352 7.06333
 0.28364 7.21882
 0.28376 7.33849
 0.28388 7.41777
 0.284 7.45527
 0.28412 7.45407
 0.28424 7.42063
 0.28436 7.36241
 0.28448 7.28509
 0.2846 7.19375
 0.28472 7.09341
 0.28484 6.98659
 0.28496 6.87768
 0.28508 6.77392
 0.2852 6.68214
 0.28532 6.60894
 0.28544 6.56064
 0.28556 6.54293
 0.28568 6.56183
 0.2858 6.62413
 0.28592 6.73325
 0.28604 6.89013
 0.28616 7.09386
 0.28628 7.3425
 0.2864 7.63476
 0.28652 7.97154
 0.28664 8.35413
 0.28676 8.78274
 0.28688 9.25387
 0.287 9.7604
 0.28712 10.2933
 0.28724 10.8444
 0.28736 11.4061
 0.28748 11.971
 0.2876 12.5343
 0.28772 13.091
 0.28784 13.6364
 0.28796 14.1669
 0.28808 14.6774
 0.2882 15.1617
 0.28832 15.6134
 0.28844 16.0247
 0.28856 16.3849
 0.28868 16.6836
 0.2888 16.914
 0.28892 17.0746
 0.28904 17.1671
 0.28916 17.1939
 0.28928 17.1574
 0.2894 17.0596
 0.28952 16.9013
 0.28964 16.6804
 0.28976 16.3969
 0.28988 16.0527
 0.29 15.6526
 0.29012 15.204
 0.29024 14.7157
 0.29036 14.1958
 0.29048 13.6542
 0.2906 13.1023
 0.29072 12.5513
 0.29084 12.009
 0.29096 11.482
 0.29108 10.9746
 0.2912 10.4912
 0.29132 10.0358
 0.29144 9.61209
 0.29156 9.22636
 0.29168 8.88591
 0.2918 8.59461
 0.29192 8.35229
 0.29204 8.15662
 0.29216 8.0052
 0.29228 7.89625
 0.2924 7.82952
 0.29252 7.80442
 0.29264 7.81988
 0.29276 7.87467
 0.29288 7.96605
 0.293 8.08924
 0.29312 8.23939
 0.29324 8.41014
 0.29336 8.59536
 0.29348 8.78864
 0.2936 8.98201
 0.29372 9.16811
 0.29384 9.34251
 0.29396 9.50398
 0.29408 9.65043
 0.2942 9.77605
 0.29432 9.87355
 0.29444 9.93412
 0.29456 9.94941
 0.29468 9.9116
 0.2948 9.8139
 0.29492 9.65439
 0.29504 9.43344
 0.29516 9.15345
 0.29528 8.82054
 0.2954 8.4411
 0.29552 8.02184
 0.29564 7.56956
 0.29576 7.09112
 0.29588 6.59202
 0.296 6.07668
 0.29612 5.55264
 0.29624 5.03211
 0.29636 4.52863
 0.29648 4.05587
 0.2966 3.62436
 0.29672 3.24408
 0.29684 2.92354
 0.29696 2.66806
 0.29708 2.48196
 0.2972 2.36628
 0.29732 2.31957
 0.29744 2.34002
 0.29756 2.42563
 0.29768 2.57373
 0.2978 2.77951
 0.29792 3.03792
 0.29804 3.34437
 0.29816 3.69072
 0.29828 4.06516
 0.2984 4.45447
 0.29852 4.84775
 0.29864 5.23768
 0.29876 5.61713
 0.29888 5.97939
 0.299 6.31776
 0.29912 6.62603
 0.29924 6.89887
 0.29936 7.13053
 0.29948 7.31599
 0.2996 7.45119
 0.29972 7.53452
 0.29984 7.56801
 0.29996 7.55226
 0.30008 7.48717
 0.3002 7.37629
 0.30032 7.22534
 0.30044 7.0408
 0.30056 6.827
 0.30068 6.58692
 0.3008 6.32314
 0.30092 6.03968
 0.30104 5.74223
 0.30116 5.43625
 0.30128 5.12863
 0.3014 4.82674
 0.30152 4.53651
 0.30164 4.26116
 0.30176 4.00011
 0.30188 3.7508
 0.302 3.51325
 0.30212 3.28752
 0.30224 3.0708
 0.30236 2.8595
 0.30248 2.64955
 0.3026 2.43703
 0.30272 2.21879
 0.30284 1.99336
 0.30296 1.75614
 0.30308 1.50115
 0.3032 1.22298
 0.30332 0.916818
 0.30344 0.577764
 0.30356 0.203558
 0.30368 -0.203982
 0.3038 -0.639806
 0.30392 -1.09716
 0.30404 -1.57014
 0.30416 -2.05262
 0.30428 -2.53691
 0.3044 -3.01482
 0.30452 -3.47769
 0.30464 -3.91672
 0.30476 -4.32655
 0.30488 -4.70436
 0.305 -5.04475
 0.30512 -5.34083
 0.30524 -5.58769
 0.30536 -5.78179
 0.30548 -5.91853
 0.3056 -5.99721
 0.30572 -6.02107
 0.30584 -5.99608
 0.30596 -5.93097
 0.30608 -5.83414
 0.3062 -5.71372
 0.30632 -5.57845
 0.30644 -5.43723
 0.30656 -5.29921
 0.30668 -5.17152
 0.3068 -5.05316
 0.30692 -4.94123
 0.30704 -4.835
 0.30716 -4.73584
 0.30728 -4.64263
 0.3074 -4.55516
 0.30752 -4.47575
 0.30764 -4.40262
 0.30776 -4.33142
 0.30788 -4.25581
 0.308 -4.16776
 0.30812 -4.0598
 0.30824 -3.92559
 0.30836 -3.75885
 0.30848 -3.55323
 0.3086 -3.30251
 0.30872 -3.00623
 0.30884 -2.67226
 0.30896 -2.30821
 0.30908 -1.91761
 0.3092 -1.50331
 0.30932 -1.06918
 0.30944 -0.616315
 0.30956 -0.142751
 0.30968 0.351508
 0.3098 0.865551
 0.30992 1.39755
 0.31004 1.94393
 0.31016 2.50095
 0.31028 3.06506
 0.3104 3.63258
 0.31052 4.19973
 0.31064 4.76277
 0.31076 5.32268
 0.31088 5.88309
 0.311 6.44464
 0.31112 7.00368
 0.31124 7.55736
 0.31136 8.10322
 0.31148 8.63669
 0.3116 9.1506
 0.31172 9.63672
 0.31184 10.0867
 0.31196 10.4936
 0.31208 10.8526
 0.3122 11.1614
 0.31232 11.4175
 0.31244 11.6175
 0.31256 11.7583
 0.31268 11.8384
 0.3128 11.8566
 0.31292 11.8133
 0.31304 11.7117
 0.31316 11.5563
 0.31328 11.3486
 0.3134 11.0868
 0.31352 10.7695
 0.31364 10.3982
 0.31376 9.97681
 0.31388 9.50949
 0.314 8.99863
 0.31412 8.44444
 0.31424 7.84684
 0.31436 7.21121
 0.31448 6.54483
 0.3146 5.85416
 0.31472 5.14293
 0.31484 4.41315
 0.31496 3.66602
 0.31508 2.90307
 0.3152 2.12722
 0.31532 1.34844
 0.31544 0.580763
 0.31556 -0.161857
 0.31568 -0.868243
 0.3158 -1.52971
 0.31592 -2.13694
 0.31604 -2.67907
 0.31616 -3.14383
 0.31628 -3.52464
 0.3164 -3.82215
 0.31652 -4.03839
 0.31664 -4.17424
 0.31676 -4.22946
 0.31688 -4.20327
 0.317 -4.09636
 0.31712 -3.91172
 0.31724 -3.65465
 0.31736 -3.33592
 0.31748 -2.96924
 0.3176 -2.56868
 0.31772 -2.14613
 0.31784 -1.712
 0.31796 -1.27766
 0.31808 -0.855903
 0.3182 -0.460567
 0.31832 -0.100918
 0.31844 0.217488
 0.31856 0.490417
 0.31868 0.714407
 0.3188 0.885819
 0.31892 1.00127
 0.31904 1.06089
 0.31916 1.06679
 0.31928 1.02178
 0.3194 0.93182
 0.31952 0.807226
 0.31964 0.659012
 0.31976 0.497517
 0.31988 0.332497
 0.32 0.17431
 0.32012 0.0340137
 0.32024 -0.0756878
 0.32036 -0.142792
 0.32048 -0.158492
 0.3206 -0.117552
 0.32072 -0.0167727
 0.32084 0.147314
 0.32096 0.376958
 0.32108 0.670077
 0.3212 1.02412
 0.32132 1.43623
 0.32144 1.8988
 0.32156 2.40046
 0.32168 2.9292
 0.3218 3.47197
 0.32192 4.01627
 0.32204 4.54978
 0.32216 5.06114
 0.32228 5.5385
 0.3224 5.97104
 0.32252 6.35257
 0.32264 6.68084
 0.32276 6.95463
 0.32288 7.17254
 0.323 7.33516
 0.32312 7.44495
 0.32324 7.50376
 0.32336 7.51437
 0.32348 7.48263
 0.3236 7.41393
 0.32372 7.31383
 0.32384 7.18793
 0.32396 7.04125
 0.32408 6.87753
 0.3242 6.69845
 0.32432 6.50498
 0.32444 6.29666
 0.32456 6.0703
 0.32468 5.82113
 0.3248 5.54507
 0.32492 5.23792
 0.32504 4.89498
 0.32516 4.51346
 0.32528 4.09264
 0.3254 3.63179
 0.32552 3.13253
 0.32564 2.59954
 0.32576 2.03951
 0.32588 1.4604
 0.326 0.871191
 0.32612 0.282699
 0.32624 -0.292762
 0.32636 -0.842825
 0.32648 -1.35569
 0.3266 -1.81895
 0.32672 -2.22113
 0.32684 -2.55239
 0.32696 -2.80282
 0.32708 -2.96435
 0.3272 -3.03278
 0.32732 -3.00608
 0.32744 -2.88286
 0.32756 -2.66586
 0.32768 -2.36031
 0.3278 -1.97447
 0.32792 -1.51854
 0.32804 -1.00466
 0.32816 -0.445962
 0.32828 0.144035
 0.3284 0.753894
 0.32852 1.37468
 0.32864 1.99648
 0.32876 2.61138
 0.32888 3.21267
 0.329 3.7939
 0.32912 4.35016
 0.32924 4.87896
 0.32936 5.37713
 0.32948 5.83927
 0.3296 6.26142
 0.32972 6.64071
 0.32984 6.97653
 0.32996 7.27089
 0.33008 7.52724
 0.3302 7.74888
 0.33032 7.93803
 0.33044 8.09304
 0.33056 8.21104
 0.33068 8.29093
 0.3308 8.33012
 0.33092 8.32583
 0.33104 8.27564
 0.33116 8.17711
 0.33128 8.0279
 0.3314 7.82963
 0.33152 7.5883
 0.33164 7.31038
 0.33176 7.00204
 0.33188 6.66854
 0.332 6.31378
 0.33212 5.94131
 0.33224 5.55578
 0.33236 5.16326
 0.33248 4.77157
 0.3326 4.38765
 0.33272 4.01772
 0.33284 3.66847
 0.33296 3.34635
 0.33308 3.05707
 0.3332 2.80676
 0.33332 2.6011
 0.33344 2.44297
 0.33356 2.3331
 0.33368 2.27191
 0.3338 2.25933
 0.33392 2.29472
 0.33404 2.37713
 0.33416 2.50551
 0.33428 2.67843
 0.3344 2.89528
 0.33452 3.15623
 0.33464 3.46116
 0.33476 3.81025
 0.33488 4.20344
 0.335 4.6405
 0.33512 5.11978
 0.33524 5.63675
 0.33536 6.18573
 0.33548 6.7607
 0.3356 7.35501
 0.33572 7.96214
 0.33584 8.5764
 0.33596 9.19325
 0.33608 9.80857
 0.3362 10.4177
 0.33632 11.0117
 0.33644 11.5792
 0.33656 12.1094
 0.33668 12.591
 0.3368 13.0114
 0.33692 13.358
 0.33704 13.6205
 0.33716 13.794
 0.33728 13.8785
 0.3374 13.8759
 0.33752 13.7889
 0.33764 13.6211
 0.33776 13.3759
 0.33788 13.0556
 0.338 12.6621
 0.33812 12.1976
 0.33824 11.6687
 0.33836 11.0896
 0.33848 10.4753
 0.3386 9.8395
 0.33872 9.19978
 0.33884 8.57566
 0.33896 7.98639
 0.33908 7.44631
 0.3392 6.96301
 0.33932 6.53817
 0.33944 6.1722
 0.33956 5.866
 0.33968 5.62031
 0.3398 5.43573
 0.33992 5.314
 0.34004 5.25599
 0.34016 5.26047
 0.34028 5.3194
 0.3404 5.42103
 0.34052 5.55445
 0.34064 5.70799
 0.34076 5.86687
 0.34088 6.01491
 0.341 6.13734
 0.34112 6.22308
 0.34124 6.26692
 0.34136 6.26878
 0.34148 6.22873
 0.3416 6.14605
 0.34172 6.02148
 0.34184 5.85666
 0.34196 5.6525
 0.34208 5.41168
 0.3422 5.1393
 0.34232 4.84378
 0.34244 4.53335
 0.34256 4.21617
 0.34268 3.90085
 0.3428 3.59729
 0.34292 3.31425
 0.34304 3.06018
 0.34316 2.84273
 0.34328 2.66596
 0.3434 2.53238
 0.34352 2.44473
 0.34364 2.40484
 0.34376 2.41121
 0.34388 2.46036
 0.344 2.54993
 0.34412 2.67656
 0.34424 2.83661
 0.34436 3.02647
 0.34448 3.24283
 0.3446 3.48206
 0.34472 3.73997
 0.34484 4.01198
 0.34496 4.29571
 0.34508 4.58669
 0.3452 4.88038
 0.34532 5.17247
 0.34544 5.45794
 0.34556 5.73203
 0.34568 5.99238
 0.3458 6.24091
 0.34592 6.47967
 0.34604 6.70924
 0.34616 6.92946
 0.34628 7.13812
 0.3464 7.33246
 0.34652 7.50936
 0.34664 7.66622
 0.34676 7.80249
 0.34688 7.91707
 0.347 8.00854
 0.34712 8.07658
 0.34724 8.1211
 0.34736 8.14295
 0.34748 8.14412
 0.3476 8.12562
 0.34772 8.0848
 0.34784 8.01678
 0.34796 7.91884
 0.34808 7.78951
 0.3482 7.62987
 0.34832 7.44323
 0.34844 7.23278
 0.34856 7.00228
 0.34868 6.75505
 0.3488 6.49275
 0.34892 6.21837
 0.34904 5.93567
 0.34916 5.64886
 0.34928 5.36218
 0.3494 5.07832
 0.34952 4.7985
 0.34964 4.52691
 0.34976 4.27142
 0.34988 4.03966
 0.35 3.83772
 0.35012 3.67062
 0.35024 3.54104
 0.35036 3.45195
 0.35048 3.40639
 0.3506 3.40676
 0.35072 3.45564
 0.35084 3.5548
 0.35096 3.70378
 0.35108 3.90092
 0.3512 4.14352
 0.35132 4.42847
 0.35144 4.75467
 0.35156 5.12019
 0.35168 5.51937
 0.3518 5.94531
 0.35192 6.39139
 0.35204 6.85054
 0.35216 7.3158
 0.35228 7.77965
 0.3524 8.23239
 0.35252 8.66511
 0.35264 9.06878
 0.35276 9.43503
 0.35288 9.75774
 0.353 10.0312
 0.35312 10.2507
 0.35324 10.4122
 0.35336 10.5134
 0.35348 10.553
 0.3536 10.5325
 0.35372 10.4539
 0.35384 10.3185
 0.35396 10.1276
 0.35408 9.88379
 0.3542 9.58915
 0.35432 9.24838
 0.35444 8.8698
 0.35456 8.46183
 0.35468 8.03235
 0.3548 7.58744
 0.35492 7.13249
 0.35504 6.67354
 0.35516 6.21681
 0.35528 5.7672
 0.3554 5.32594
 0.35552 4.89111
 0.35564 4.45985
 0.35576 4.03128
 0.35588 3.60563
 0.356 3.18372
 0.35612 2.77141
 0.35624 2.37643
 0.35636 2.00288
 0.35648 1.65036
 0.3566 1.31664
 0.35672 1.00179
 0.35684 0.70633
 0.35696 0.43058
 0.35708 0.174358
 0.3572 -0.0629279
 0.35732 -0.279798
 0.35744 -0.471425
 0.35756 -0.63041
 0.35768 -0.749442
 0.3578 -0.823116
 0.35792 -0.847329
 0.35804 -0.822249
 0.35816 -0.757963
 0.35828 -0.665104
 0.3584 -0.55084
 0.35852 -0.418283
 0.35864 -0.268536
 0.35876 -0.102713
 0.35888 0.0795707
 0.359 0.278781
 0.35912 0.495759
 0.35924 0.73209
 0.35936 0.988885
 0.35948 1.26344
 0.3596 1.54856
 0.35972 1.83631
 0.35984 2.12018
 0.35996 2.395
 0.36008 2.66083
 0.3602 2.92293
 0.36032 3.18557
 0.36044 3.45123
 0.36056 3.71993
 0.36068 3.99113
 0.3608 4.26156
 0.36092 4.52669
 0.36104 4.78197
 0.36116 5.02107
 0.36128 5.23375
 0.3614 5.40997
 0.36152 5.5467
 0.36164 5.64741
 0.36176 5.7181
 0.36188 5.76404
 0.362 5.79102
 0.36212 5.80333
 0.36224 5.80395
 0.36236 5.79603
 0.36248 5.78294
 0.3626 5.76697
 0.36272 5.74945
 0.36284 5.73268
 0.36296 5.71938
 0.36308 5.71298
 0.3632 5.72142
 0.36332 5.75676
 0.36344 5.82916
 0.36356 5.94315
 0.36368 6.09497
 0.3638 6.27756
 0.36392 6.48324
 0.36404 6.70226
 0.36416 6.92541
 0.36428 7.14469
 0.3644 7.35319
 0.36452 7.54513
 0.36464 7.71722
 0.36476 7.86823
 0.36488 7.99738
 0.365 8.10237
 0.36512 8.17936
 0.36524 8.22273
 0.36536 8.22618
 0.36548 8.18425
 0.3656 8.09365
 0.36572 7.95832
 0.36584 7.78379
 0.36596 7.57663
 0.36608 7.34445
 0.3662 7.09418
 0.36632 6.8319
 0.36644 6.56222
 0.36656 6.28803
 0.36668 6.01102
 0.3668 5.73162
 0.36692 5.45195
 0.36704 5.17707
 0.36716 4.9116
 0.36728 4.6571
 0.3674 4.41503
 0.36752 4.18754
 0.36764 3.97746
 0.36776 3.78522
 0.36788 3.61135
 0.368 3.45636
 0.36812 3.32066
 0.36824 3.20356
 0.36836 3.10414
 0.36848 3.02316
 0.3686 2.96251
 0.36872 2.92399
 0.36884 2.90837
 0.36896 2.91327
 0.36908 2.93439
 0.3692 2.96912
 0.36932 3.01679
 0.36944 3.07642
 0.36956 3.14593
 0.36968 3.22201
 0.3698 3.30169
 0.36992 3.38042
 0.37004 3.45336
 0.37016 3.51663
 0.37028 3.5691
 0.3704 3.61086
 0.37052 3.6416
 0.37064 3.66108
 0.37076 3.67022
 0.37088 3.67151
 0.371 3.67004
 0.37112 3.67285
 0.37124 3.68721
 0.37136 3.72041
 0.37148 3.77987
 0.3716 3.87274
 0.37172 4.00441
 0.37184 4.17944
 0.37196 4.40419
 0.37208 4.68265
 0.3722 5.01739
 0.37232 5.40939
 0.37244 5.85731
 0.37256 6.35852
 0.37268 6.90818
 0.3728 7.50002
 0.37292 8.12604
 0.37304 8.77306
 0.37316 9.4253
 0.37328 10.0662
 0.3734 10.678
 0.37352 11.2428
 0.37364 11.7443
 0.37376 12.1704
 0.37388 12.51
 0.374 12.7534
 0.37412 12.8955
 0.37424 12.931
 0.37436 12.8535
 0.37448 12.66
 0.3746 12.3499
 0.37472 11.9272
 0.37484 11.3971
 0.37496 10.7692
 0.37508 10.0597
 0.3752 9.28494
 0.37532 8.46335
 0.37544 7.61772
 0.37556 6.77114
 0.37568 5.94466
 0.3758 5.15661
 0.37592 4.42376
 0.37604 3.75848
 0.37616 3.16917
 0.37628 2.66569
 0.3764 2.25743
 0.37652 1.94857
 0.37664 1.73923
 0.37676 1.62639
 0.37688 1.60491
 0.377 1.66515
 0.37712 1.79561
 0.37724 1.9855
 0.37736 2.21892
 0.37748 2.47597
 0.3776 2.73902
 0.37772 2.99129
 0.37784 3.2155
 0.37796 3.39577
 0.37808 3.52175
 0.3782 3.58621
 0.37832 3.58193
 0.37844 3.5078
 0.37856 3.36758
 0.37868 3.16743
 0.3788 2.91473
 0.37892 2.6183
 0.37904 2.28838
 0.37916 1.93588
 0.37928 1.57247
 0.3794 1.21331
 0.37952 0.870705
 0.37964 0.551834
 0.37976 0.268127
 0.37988 0.0346937
 0.38 -0.135623
 0.38012 -0.234832
 0.38024 -0.256418
 0.38036 -0.195412
 0.38048 -0.0519735
 0.3806 0.172251
 0.38072 0.474747
 0.38084 0.85262
 0.38096 1.30275
 0.38108 1.81925
 0.3812 2.39161
 0.38132 3.00842
 0.38144 3.66024
 0.38156 4.34381
 0.38168 5.05847
 0.3818 5.79464
 0.38192 6.54107
 0.38204 7.28982
 0.38216 8.03345
 0.38228 8.76215
 0.3824 9.46518
 0.38252 10.1318
 0.38264 10.7522
 0.38276 11.3178
 0.38288 11.8199
 0.383 12.2501
 0.38312 12.6068
 0.38324 12.8934
 0.38336 13.1133
 0.38348 13.2676
 0.3836 13.3539
 0.38372 13.3708
 0.38384 13.3209
 0.38396 13.2041
 0.38408 13.0192
 0.3842 12.7691
 0.38432 12.4614
 0.38444 12.1068
 0.38456 11.7165
 0.38468 11.3004
 0.3848 10.867
 0.38492 10.4268
 0.38504 9.98917
 0.38516 9.55837
 0.38528 9.13756
 0.3854 8.72945
 0.38552 8.33706
 0.38564 7.96432
 0.38576 7.61528
 0.38588 7.29471
 0.386 7.01049
 0.38612 6.76884
 0.38624 6.57173
 0.38636 6.41849
 0.38648 6.30671
 0.3866 6.23303
 0.38672 6.19538
 0.38684 6.19023
 0.38696 6.21241
 0.38708 6.25706
 0.3872 6.31817
 0.38732 6.38906
 0.38744 6.46387
 0.38756 6.53652
 0.38768 6.60041
 0.3878 6.64999
 0.38792 6.6808
 0.38804 6.68756
 0.38816 6.66621
 0.38828 6.61419
 0.3884 6.52901
 0.38852 6.40993
 0.38864 6.2573
 0.38876 6.0715
 0.38888 5.85458
 0.389 5.60915
 0.38912 5.34018
 0.38924 5.05719
 0.38936 4.76955
 0.38948 4.48573
 0.3896 4.21472
 0.38972 3.96503
 0.38984 3.74224
 0.38996 3.54942
 0.39008 3.38998
 0.3902 3.26743
 0.39032 3.18613
 0.39044 3.15011
 0.39056 3.16174
 0.39068 3.22308
 0.3908 3.33657
 0.39092 3.50474
 0.39104 3.72928
 0.39116 4.00481
 0.39128 4.322
 0.3914 4.67272
 0.39152 5.05022
 0.39164 5.44817
 0.39176 5.86051
 0.39188 6.28278
 0.392 6.71175
 0.39212 7.14374
 0.39224 7.57326
 0.39236 7.99262
 0.39248 8.39456
 0.3926 8.77163
 0.39272 9.11617
 0.39284 9.41877
 0.39296 9.66943
 0.39308 9.86174
 0.3932 9.99896
 0.39332 10.0862
 0.39344 10.1277
 0.39356 10.1252
 0.39368 10.08
 0.3938 9.99437
 0.39392 9.86927
 0.39404 9.70528
 0.39416 9.50305
 0.39428 9.26729
 0.3944 9.00529
 0.39452 8.72557
 0.39464 8.43703
 0.39476 8.14789
 0.39488 7.86741
 0.395 7.60382
 0.39512 7.36
 0.39524 7.13207
 0.39536 6.91545
 0.39548 6.70608
 0.3956 6.50164
 0.39572 6.29963
 0.39584 6.09729
 0.39596 5.89343
 0.39608 5.68764
 0.3962 5.48024
 0.39632 5.267
 0.39644 5.04176
 0.39656 4.79729
 0.39668 4.52798
 0.3968 4.23158
 0.39692 3.9069
 0.39704 3.55427
 0.39716 3.17784
 0.39728 2.78441
 0.3974 2.38095
 0.39752 1.97432
 0.39764 1.571
 0.39776 1.1778
 0.39788 0.801105
 0.398 0.447327
 0.39812 0.121365
 0.39824 -0.17232
 0.39836 -0.426112
 0.39848 -0.631217
 0.3986 -0.779117
 0.39872 -0.865095
 0.39884 -0.888712
 0.39896 -0.850226
 0.39908 -0.750551
 0.3992 -0.592186
 0.39932 -0.378184
 0.39944 -0.111954
 0.39956 0.20293
 0.39968 0.562927
 0.3998 0.964375
 0.39992 1.40276
 0.40004 1.87251
 0.40016 2.36736
 0.40028 2.88034
 0.4004 3.40207
 0.40052 3.92222
 0.40064 4.43154
 0.40076 4.92467
 0.40088 5.39837
 0.401 5.84941
 0.40112 6.27504
 0.40124 6.67291
 0.40136 7.04173
 0.40148 7.38142
 0.4016 7.69191
 0.40172 7.97291
 0.40184 8.22469
 0.40196 8.44901
 0.40208 8.65024
 0.4022 8.8354
 0.40232 9.01164
 0.40244 9.18749
 0.40256 9.37075
 0.40268 9.56761
 0.4028 9.78137
 0.40292 10.015
 0.40304 10.271
 0.40316 10.5501
 0.40328 10.8525
 0.4034 11.1746
 0.40352 11.5118
 0.40364 11.8597
 0.40376 12.2144
 0.40388 12.5696
 0.404 12.9166
 0.40412 13.2443
 0.40424 13.5418
 0.40436 13.7997
 0.40448 14.0103
 0.4046 14.1678
 0.40472 14.2689
 0.40484 14.3115
 0.40496 14.2924
 0.40508 14.2106
 0.4052 14.0692
 0.40532 13.8747
 0.40544 13.6378
 0.40556 13.369
 0.40568 13.0786
 0.4058 12.7769
 0.40592 12.4784
 0.40604 12.1992
 0.40616 11.9546
 0.40628 11.7555
 0.4064 11.6104
 0.40652 11.5256
 0.40664 11.5063
 0.40676 11.5556
 0.40688 11.6789
 0.407 11.8819
 0.40712 12.1653
 0.40724 12.5231
 0.40736 12.9436
 0.40748 13.4138
 0.4076 13.9208
 0.40772 14.4527
 0.40784 14.9964
 0.40796 15.5362
 0.40808 16.0569
 0.4082 16.547
 0.40832 17.0002
 0.40844 17.4112
 0.40856 17.7749
 0.40868 18.0857
 0.4088 18.3381
 0.40892 18.5227
 0.40904 18.6326
 0.40916 18.6665
 0.40928 18.6317
 0.4094 18.5384
 0.40952 18.3972
 0.40964 18.2181
 0.40976 18.0113
 0.40988 17.7876
 0.41 17.5578
 0.41012 17.3312
 0.41024 17.1135
 0.41036 16.9085
 0.41048 16.7198
 0.4106 16.5527
 0.41072 16.413
 0.41084 16.3081
 0.41096 16.2465
 0.41108 16.2317
 0.4112 16.2607
 0.41132 16.3244
 0.41144 16.4113
 0.41156 16.5095
 0.41168 16.6072
 0.4118 16.692
 0.41192 16.7496
 0.41204 16.7676
 0.41216 16.735
 0.41228 16.6414
 0.4124 16.4754
 0.41252 16.2255
 0.41264 15.8789
 0.41276 15.4229
 0.41288 14.8442
 0.413 14.1361
 0.41312 13.2996
 0.41324 12.3413
 0.41336 11.2735
 0.41348 10.1091
 0.4136 8.86142
 0.41372 7.54365
 0.41384 6.17113
 0.41396 4.76124
 0.41408 3.32939
 0.4142 1.89077
 0.41432 0.463783
 0.41444 -0.930267
 0.41456 -2.26882
 0.41468 -3.52931
 0.4148 -4.69016
 0.41492 -5.73314
 0.41504 -6.65179
 0.41516 -7.44564
 0.41528 -8.11779
 0.4154 -8.67042
 0.41552 -9.10204
 0.41564 -9.41096
 0.41576 -9.59509
 0.41588 -9.65369
 0.416 -9.58664
 0.41612 -9.39284
 0.41624 -9.07153
 0.41636 -8.62767
 0.41648 -8.07148
 0.4166 -7.41543
 0.41672 -6.67127
 0.41684 -5.84914
 0.41696 -4.95527
 0.41708 -3.98873
 0.4172 -2.94641
 0.41732 -1.82559
 0.41744 -0.63448
 0.41756 0.613522
 0.41768 1.905
 0.4178 3.22344
 0.41792 4.55103
 0.41804 5.87021
 0.41816 7.161
 0.41828 8.40263
 0.4184 9.57892
 0.41852 10.6801
 0.41864 11.6977
 0.41876 12.6227
 0.41888 13.446
 0.419 14.1603
 0.41912 14.7566
 0.41924 15.2243
 0.41936 15.5564
 0.41948 15.758
 0.4196 15.8355
 0.41972 15.7958
 0.41984 15.651
 0.41996 15.4141
 0.42008 15.0975
 0.4202 14.7187
 0.42032 14.2974
 0.42044 13.8505
 0.42056 13.3915
 0.42068 12.934
 0.4208 12.4915
 0.42092 12.0742
 0.42104 11.6877
 0.42116 11.339
 0.42128 11.0378
 0.4214 10.79
 0.42152 10.5947
 0.42164 10.4537
 0.42176 10.3675
 0.42188 10.3338
 0.422 10.3516
 0.42212 10.4204
 0.42224 10.5351
 0.42236 10.6893
 0.42248 10.8778
 0.4226 11.0961
 0.42272 11.3401
 0.42284 11.6067
 0.42296 11.8955
 0.42308 12.2081
 0.4232 12.5409
 0.42332 12.8886
 0.42344 13.249
 0.42356 13.6219
 0.42368 14.0045
 0.4238 14.3947
 0.42392 14.7905
 0.42404 15.1869
 0.42416 15.5787
 0.42428 15.9632
 0.4244 16.3373
 0.42452 16.6963
 0.42464 17.0347
 0.42476 17.3438
 0.42488 17.6146
 0.425 17.8383
 0.42512 18.0096
 0.42524 18.1284
 0.42536 18.1953
 0.42548 18.209
 0.4256 18.169
 0.42572 18.0759
 0.42584 17.9308
 0.42596 17.7351
 0.42608 17.4942
 0.4262 17.2125
 0.42632 16.892
 0.42644 16.537
 0.42656 16.1519
 0.42668 15.7446
 0.4268 15.3265
 0.42692 14.9079
 0.42704 14.497
 0.42716 14.0988
 0.42728 13.7168
 0.4274 13.3537
 0.42752 13.0123
 0.42764 12.6935
 0.42776 12.3977
 0.42788 12.126
 0.428 11.8777
 0.42812 11.6487
 0.42824 11.438
 0.42836 11.2467
 0.42848 11.0762
 0.4286 10.929
 0.42872 10.8042
 0.42884 10.6999
 0.42896 10.615
 0.42908 10.5501
 0.4292 10.504
 0.42932 10.4752
 0.42944 10.4635
 0.42956 10.4683
 0.42968 10.4902
 0.4298 10.5275
 0.42992 10.5779
 0.43004 10.6416
 0.43016 10.7212
 0.43028 10.8173
 0.4304 10.9271
 0.43052 11.0448
 0.43064 11.1644
 0.43076 11.2808
 0.43088 11.3897
 0.431 11.4864
 0.43112 11.567
 0.43124 11.6309
 0.43136 11.6765
 0.43148 11.7022
 0.4316 11.7074
 0.43172 11.6936
 0.43184 11.6651
 0.43196 11.6266
 0.43208 11.5803
 0.4322 11.5251
 0.43232 11.4591
 0.43244 11.3851
 0.43256 11.3063
 0.43268 11.2259
 0.4328 11.1462
 0.43292 11.0693
 0.43304 10.9969
 0.43316 10.9296
 0.43328 10.8668
 0.4334 10.8094
 0.43352 10.7577
 0.43364 10.7111
 0.43376 10.6668
 0.43388 10.6196
 0.434 10.5637
 0.43412 10.4961
 0.43424 10.4194
 0.43436 10.337
 0.43448 10.2509
 0.4346 10.1638
 0.43472 10.0786
 0.43484 9.99873
 0.43496 9.92708
 0.43508 9.86503
 0.4352 9.81345
 0.43532 9.77274
 0.43544 9.74232
 0.43556 9.72114
 0.43568 9.70855
 0.4358 9.7044
 0.43592 9.7117
 0.43604 9.73236
 0.43616 9.76409
 0.43628 9.80157
 0.4364 9.83944
 0.43652 9.87323
 0.43664 9.89908
 0.43676 9.91349
 0.43688 9.91144
 0.437 9.89065
 0.43712 9.8523
 0.43724 9.80079
 0.43736 9.74045
 0.43748 9.67668
 0.4376 9.6156
 0.43772 9.56356
 0.43784 9.52612
 0.43796 9.50732
 0.43808 9.51491
 0.4382 9.55768
 0.43832 9.64404
 0.43844 9.78118
 0.43856 9.97238
 0.43868 10.2182
 0.4388 10.5196
 0.43892 10.8788
 0.43904 11.2952
 0.43916 11.7608
 0.43928 12.2642
 0.4394 12.7941
 0.43952 13.3384
 0.43964 13.8848
 0.43976 14.421
 0.43988 14.9354
 0.44 15.4159
 0.44012 15.8484
 0.44024 16.2215
 0.44036 16.5221
 0.44048 16.738
 0.4406 16.8625
 0.44072 16.8917
 0.44084 16.822
 0.44096 16.6507
 0.44108 16.3777
 0.4412 16.0117
 0.44132 15.5632
 0.44144 15.043
 0.44156 14.4626
 0.44168 13.8333
 0.4418 13.1651
 0.44192 12.4676
 0.44204 11.7508
 0.44216 11.025
 0.44228 10.2994
 0.4424 9.5891
 0.44252 8.90847
 0.44264 8.26832
 0.44276 7.67797
 0.44288 7.14277
 0.443 6.66775
 0.44312 6.25702
 0.44324 5.91
 0.44336 5.62456
 0.44348 5.39726
 0.4436 5.22437
 0.44372 5.10241
 0.44384 5.03039
 0.44396 5.00876
 0.44408 5.03561
 0.4442 5.10766
 0.44432 5.22105
 0.44444 5.369
 0.44456 5.5455
 0.44468 5.74616
 0.4448 5.9685
 0.44492 6.21357
 0.44504 6.47763
 0.44516 6.75621
 0.44528 7.04609
 0.4454 7.34662
 0.44552 7.65822
 0.44564 7.98194
 0.44576 8.31902
 0.44588 8.66615
 0.446 9.01805
 0.44612 9.37385
 0.44624 9.73237
 0.44636 10.0907
 0.44648 10.4454
 0.4466 10.7902
 0.44672 11.117
 0.44684 11.4158
 0.44696 11.6788
 0.44708 11.9033
 0.4472 12.0875
 0.44732 12.2287
 0.44744 12.3227
 0.44756 12.3648
 0.44768 12.3489
 0.4478 12.2698
 0.44792 12.1296
 0.44804 11.9303
 0.44816 11.6725
 0.44828 11.3588
 0.4484 10.9936
 0.44852 10.583
 0.44864 10.1384
 0.44876 9.67358
 0.44888 9.20276
 0.449 8.7375
 0.44912 8.28729
 0.44924 7.86094
 0.44936 7.46768
 0.44948 7.1172
 0.4496 6.81913
 0.44972 6.58271
 0.44984 6.41297
 0.44996 6.30934
 0.45008 6.27179
 0.4502 6.29998
 0.45032 6.3925
 0.45044 6.54755
 0.45056 6.76049
 0.45068 7.0209
 0.4508 7.31558
 0.45092 7.63083
 0.45104 7.95174
 0.45116 8.2643
 0.45128 8.55496
 0.4514 8.8096
 0.45152 9.01466
 0.45164 9.15931
 0.45176 9.23638
 0.45188 9.24571
 0.452 9.19009
 0.45212 9.07181
 0.45224 8.89318
 0.45236 8.65659
 0.45248 8.36472
 0.4526 8.02385
 0.45272 7.64481
 0.45284 7.24044
 0.45296 6.82511
 0.45308 6.41564
 0.4532 6.02791
 0.45332 5.678
 0.45344 5.38229
 0.45356 5.15228
 0.45368 4.99424
 0.4538 4.90904
 0.45392 4.89008
 0.45404 4.9298
 0.45416 5.0213
 0.45428 5.15783
 0.4544 5.33263
 0.45452 5.53845
 0.45464 5.76627
 0.45476 6.0054
 0.45488 6.24529
 0.455 6.47394
 0.45512 6.67985
 0.45524 6.8519
 0.45536 6.97833
 0.45548 7.0496
 0.4556 7.06409
 0.45572 7.02356
 0.45584 6.93562
 0.45596 6.8111
 0.45608 6.65974
 0.4562 6.49028
 0.45632 6.31146
 0.45644 6.1318
 0.45656 5.95895
 0.45668 5.7981
 0.4568 5.65307
 0.45692 5.52646
 0.45704 5.42048
 0.45716 5.33504
 0.45728 5.27174
 0.4574 5.23306
 0.45752 5.21838
 0.45764 5.22284
 0.45776 5.23907
 0.45788 5.25793
 0.458 5.27188
 0.45812 5.2757
 0.45824 5.26486
 0.45836 5.23538
 0.45848 5.18442
 0.4586 5.11252
 0.45872 5.02523
 0.45884 4.93053
 0.45896 4.83682
 0.45908 4.75304
 0.4592 4.6883
 0.45932 4.64851
 0.45944 4.63776
 0.45956 4.66091
 0.45968 4.72375
 0.4598 4.83253
 0.45992 4.98959
 0.46004 5.19338
 0.46016 5.44099
 0.46028 5.72855
 0.4604 6.05021
 0.46052 6.39875
 0.46064 6.76272
 0.46076 7.12593
 0.46088 7.4709
 0.461 7.78294
 0.46112 8.04877
 0.46124 8.25606
 0.46136 8.39525
 0.46148 8.46003
 0.4616 8.44439
 0.46172 8.34401
 0.46184 8.15738
 0.46196 7.88819
 0.46208 7.54319
 0.4622 7.12951
 0.46232 6.65622
 0.46244 6.13359
 0.46256 5.57199
 0.46268 4.9871
 0.4628 4.39734
 0.46292 3.8201
 0.46304 3.26737
 0.46316 2.74955
 0.46328 2.27702
 0.4634 1.85679
 0.46352 1.49281
 0.46364 1.18835
 0.46376 0.943276
 0.46388 0.757305
 0.464 0.62798
 0.46412 0.552487
 0.46424 0.527908
 0.46436 0.550369
 0.46448 0.618237
 0.4646 0.728431
 0.46472 0.871942
 0.46484 1.03903
 0.46496 1.22218
 0.46508 1.41726
 0.4652 1.62207
 0.46532 1.83456
 0.46544 2.05556
 0.46556 2.28693
 0.46568 2.53156
 0.4658 2.79255
 0.46592 3.0697
 0.46604 3.36069
 0.46616 3.6613
 0.46628 3.96697
 0.4664 4.27345
 0.46652 4.57439
 0.46664 4.86721
 0.46676 5.15266
 0.46688 5.43147
 0.467 5.7033
 0.46712 5.96588
 0.46724 6.2154
 0.46736 6.44891
 0.46748 6.66427
 0.4676 6.85959
 0.46772 7.03328
 0.46784 7.18566
 0.46796 7.32116
 0.46808 7.44797
 0.4682 7.57661
 0.46832 7.71679
 0.46844 7.87278
 0.46856 8.04839
 0.46868 8.24527
 0.4688 8.46411
 0.46892 8.70581
 0.46904 8.97232
 0.46916 9.2666
 0.46928 9.59019
 0.4694 9.94063
 0.46952 10.3137
 0.46964 10.7047
 0.46976 11.1072
 0.46988 11.5136
 0.47 11.9136
 0.47012 12.2946
 0.47024 12.643
 0.47036 12.9498
 0.47048 13.2147
 0.4706 13.4366
 0.47072 13.6152
 0.47084 13.7506
 0.47096 13.8419
 0.47108 13.8873
 0.4712 13.8858
 0.47132 13.8407
 0.47144 13.7588
 0.47156 13.6474
 0.47168 13.5131
 0.4718 13.3636
 0.47192 13.2058
 0.47204 13.047
 0.47216 12.895
 0.47228 12.7579
 0.4724 12.6368
 0.47252 12.5287
 0.47264 12.4321
 0.47276 12.3447
 0.47288 12.2641
 0.473 12.1884
 0.47312 12.1161
 0.47324 12.0434
 0.47336 11.9621
 0.47348 11.8627
 0.4736 11.7377
 0.47372 11.5811
 0.47384 11.3885
 0.47396 11.1572
 0.47408 10.8851
 0.4742 10.5702
 0.47432 10.2101
 0.47444 9.80779
 0.47456 9.36699
 0.47468 8.89079
 0.4748 8.38289
 0.47492 7.84704
 0.47504 7.28672
 0.47516 6.70594
 0.47528 6.11243
 0.4754 5.51787
 0.47552 4.93324
 0.47564 4.36673
 0.47576 3.82461
 0.47588 3.31158
 0.476 2.82961
 0.47612 2.37873
 0.47624 1.96038
 0.47636 1.57656
 0.47648 1.22666
 0.4766 0.910232
 0.47672 0.627106
 0.47684 0.377279
 0.47696 0.16128
 0.47708 -0.0201171
 0.4772 -0.167035
 0.47732 -0.284715
 0.47744 -0.382285
 0.47756 -0.466927
 0.47768 -0.543993
 0.4778 -0.6167
 0.47792 -0.68677
 0.47804 -0.751563
 0.47816 -0.805147
 0.47828 -0.844323
 0.4784 -0.866682
 0.47852 -0.869713
 0.47864 -0.852504
 0.47876 -0.815235
 0.47888 -0.75943
 0.479 -0.688282
 0.47912 -0.605299
 0.47924 -0.513097
 0.47936 -0.409151
 0.47948 -0.28919
 0.4796 -0.15025
 0.47972 0.00896858
 0.47984 0.18782
 0.47996 0.383974
 0.48008 0.590355
 0.4802 0.796835
 0.48032 0.995871
 0.48044 1.18218
 0.48056 1.35338
 0.48068 1.51054
 0.4808 1.65594
 0.48092 1.79388
 0.48104 1.93004
 0.48116 2.07054
 0.48128 2.22018
 0.4814 2.38098
 0.48152 2.55458
 0.48164 2.74278
 0.48176 2.9483
 0.48188 3.17343
 0.482 3.42164
 0.48212 3.69958
 0.48224 4.01496
 0.48236 4.3706
 0.48248 4.76324
 0.4826 5.18477
 0.48272 5.62489
 0.48284 6.07324
 0.48296 6.51885
 0.48308 6.94928
 0.4832 7.3516
 0.48332 7.7157
 0.48344 8.03275
 0.48356 8.29502
 0.48368 8.49513
 0.4838 8.62713
 0.48392 8.68658
 0.48404 8.66842
 0.48416 8.56697
 0.48428 8.37845
 0.4844 8.10832
 0.48452 7.76773
 0.48464 7.3708
 0.48476 6.93174
 0.48488 6.46215
 0.485 5.97561
 0.48512 5.48923
 0.48524 5.0194
 0.48536 4.57925
 0.48548 4.18114
 0.4856 3.83587
 0.48572 3.55371
 0.48584 3.34328
 0.48596 3.21296
 0.48608 3.17116
 0.4862 3.22476
 0.48632 3.37406
 0.48644 3.61301
 0.48656 3.93291
 0.48668 4.32418
 0.4868 4.77912
 0.48692 5.29301
 0.48704 5.85367
 0.48716 6.44498
 0.48728 7.05214
 0.4874 7.66074
 0.48752 8.25647
 0.48764 8.82581
 0.48776 9.35561
 0.48788 9.83223
 0.488 10.2414
 0.48812 10.5689
 0.48824 10.8054
 0.48836 10.9484
 0.48848 10.9968
 0.4886 10.9513
 0.48872 10.8108
 0.48884 10.571
 0.48896 10.2292
 0.48908 9.7939
 0.4892 9.27639
 0.48932 8.68772
 0.48944 8.04185
 0.48956 7.35398
 0.48968 6.63925
 0.4898 5.913
 0.48992 5.19237
 0.49004 4.49513
 0.49016 3.83834
 0.49028 3.23442
 0.4904 2.69306
 0.49052 2.22366
 0.49064 1.83619
 0.49076 1.54458
 0.49088 1.36447
 0.491 1.30381
 0.49112 1.35986
 0.49124 1.52946
 0.49136 1.80884
 0.49148 2.18791
 0.4916 2.65356
 0.49172 3.19218
 0.49184 3.78984
 0.49196 4.43241
 0.49208 5.10575
 0.4922 5.79716
 0.49232 6.49606
 0.49244 7.19191
 0.49256 7.87413
 0.49268 8.53017
 0.4928 9.14475
 0.49292 9.70314
 0.49304 10.1996
 0.49316 10.6342
 0.49328 11.0042
 0.4934 11.3091
 0.49352 11.5576
 0.49364 11.7626
 0.49376 11.9386
 0.49388 12.0981
 0.494 12.2514
 0.49412 12.4076
 0.49424 12.5716
 0.49436 12.7464
 0.49448 12.9337
 0.4946 13.1349
 0.49472 13.3534
 0.49484 13.5932
 0.49496 13.8575
 0.49508 14.1448
 0.4952 14.4533
 0.49532 14.7842
 0.49544 15.1332
 0.49556 15.4879
 0.49568 15.8312
 0.4958 16.1441
 0.49592 16.4107
 0.49604 16.6165
 0.49616 16.7501
 0.49628 16.8063
 0.4964 16.7822
 0.49652 16.6785
 0.49664 16.4937
 0.49676 16.2247
 0.49688 15.868
 0.497 15.4205
 0.49712 14.8791
 0.49724 14.2409
 0.49736 13.5036
 0.49748 12.6718
 0.4976 11.7546
 0.49772 10.764
 0.49784 9.7161
 0.49796 8.62781
 0.49808 7.51715
 0.4982 6.39794
 0.49832 5.28025
 0.49844 4.17202
 0.49856 3.08022
 0.49868 2.01694
 0.4988 0.996171
 0.49892 0.0329982
 0.49904 -0.856101
 0.49916 -1.65425
 0.49928 -2.34804
 0.4994 -2.92786
 0.49952 -3.38763
 0.49964 -3.7224
 0.49976 -3.92987
 0.49988 -4.01427
 0.5 -3.98419
 0.50012 -3.84649
 0.50024 -3.60396
 0.50036 -3.25794
 0.50048 -2.80908
 0.5006 -2.26051
 0.50072 -1.62323
 0.50084 -0.910837
 0.50096 -0.141003
 0.50108 0.666264
 0.5012 1.49203
 0.50132 2.32241
 0.50144 3.14575
 0.50156 3.95169
 0.50168 4.73025
 0.5018 5.47566
 0.50192 6.18852
 0.50204 6.86778
 0.50216 7.50712
 0.50228 8.09677
 0.5024 8.62666
 0.50252 9.08719
 0.50264 9.47339
 0.50276 9.78851
 0.50288 10.0386
 0.503 10.2347
 0.50312 10.3891
 0.50324 10.5125
 0.50336 10.6134
 0.50348 10.6984
 0.5036 10.7724
 0.50372 10.8398
 0.50384 10.8993
 0.50396 10.9486
 0.50408 10.9914
 0.5042 11.0344
 0.50432 11.085
 0.50444 11.1501
 0.50456 11.2355
 0.50468 11.3428
 0.5048 11.4697
 0.50492 11.6122
 0.50504 11.7641
 0.50516 11.9187
 0.50528 12.0691
 0.5054 12.2086
 0.50552 12.3322
 0.50564 12.4356
 0.50576 12.5141
 0.50588 12.567
 0.506 12.593
 0.50612 12.589
 0.50624 12.5529
 0.50636 12.4841
 0.50648 12.383
 0.5066 12.2509
 0.50672 12.0894
 0.50684 11.9007
 0.50696 11.6889
 0.50708 11.4598
 0.5072 11.2195
 0.50732 10.9749
 0.50744 10.7338
 0.50756 10.504
 0.50768 10.2949
 0.5078 10.1165
 0.50792 9.97364
 0.50804 9.8682
 0.50816 9.8005
 0.50828 9.7684
 0.5084 9.76739
 0.50852 9.79248
 0.50864 9.84294
 0.50876 9.92032
 0.50888 10.0254
 0.509 10.1551
 0.50912 10.3033
 0.50924 10.4646
 0.50936 10.6345
 0.50948 10.8078
 0.5096 10.9788
 0.50972 11.1399
 0.50984 11.2861
 0.50996 11.4207
 0.51008 11.5504
 0.5102 11.6834
 0.51032 11.8301
 0.51044 12.0027
 0.51056 12.2091
 0.51068 12.4461
 0.5108 12.7084
 0.51092 12.9911
 0.51104 13.2946
 0.51116 13.6216
 0.51128 13.9721
 0.5114 14.3429
 0.51152 14.7304
 0.51164 15.132
 0.51176 15.5442
 0.51188 15.9583
 0.512 16.3593
 0.51212 16.7303
 0.51224 17.0523
 0.51236 17.3054
 0.51248 17.4694
 0.5126 17.5348
 0.51272 17.5009
 0.51284 17.3679
 0.51296 17.1365
 0.51308 16.8055
 0.5132 16.3748
 0.51332 15.8489
 0.51344 15.2356
 0.51356 14.5422
 0.51368 13.7757
 0.5138 12.9469
 0.51392 12.0708
 0.51404 11.1649
 0.51416 10.2513
 0.51428 9.35681
 0.5144 8.50798
 0.51452 7.73001
 0.51464 7.04061
 0.51476 6.4553
 0.51488 5.98971
 0.515 5.65749
 0.51512 5.46263
 0.51524 5.40499
 0.51536 5.48086
 0.51548 5.6857
 0.5156 6.0156
 0.51572 6.46416
 0.51584 7.02044
 0.51596 7.67147
 0.51608 8.40254
 0.5162 9.18931
 0.51632 10.0041
 0.51644 10.8194
 0.51656 11.6092
 0.51668 12.3487
 0.5168 13.0133
 0.51692 13.577
 0.51704 14.0217
 0.51716 14.3447
 0.51728 14.5452
 0.5174 14.6226
 0.51752 14.5768
 0.51764 14.4091
 0.51776 14.1256
 0.51788 13.7353
 0.518 13.2476
 0.51812 12.6748
 0.51824 12.0361
 0.51836 11.3517
 0.51848 10.6415
 0.5186 9.92331
 0.51872 9.21497
 0.51884 8.53457
 0.51896 7.90171
 0.51908 7.32774
 0.5192 6.81825
 0.51932 6.37992
 0.51944 6.01942
 0.51956 5.74035
 0.51968 5.54301
 0.5198 5.42481
 0.51992 5.38251
 0.52004 5.41252
 0.52016 5.50922
 0.52028 5.66563
 0.5204 5.87247
 0.52052 6.12187
 0.52064 6.40801
 0.52076 6.72528
 0.52088 7.06743
 0.521 7.42549
 0.52112 7.79139
 0.52124 8.15589
 0.52136 8.50868
 0.52148 8.84061
 0.5216 9.14801
 0.52172 9.42816
 0.52184 9.6774
 0.52196 9.89248
 0.52208 10.0716
 0.5222 10.2137
 0.52232 10.3179
 0.52244 10.3866
 0.52256 10.4207
 0.52268 10.4206
 0.5228 10.3858
 0.52292 10.3163
 0.52304 10.2159
 0.52316 10.0891
 0.52328 9.94322
 0.5234 9.7879
 0.52352 9.63182
 0.52364 9.48123
 0.52376 9.34498
 0.52388 9.23349
 0.524 9.15606
 0.52412 9.11646
 0.52424 9.1187
 0.52436 9.16583
 0.52448 9.2587
 0.5246 9.39818
 0.52472 9.5861
 0.52484 9.82581
 0.52496 10.1207
 0.52508 10.4718
 0.5252 10.8796
 0.52532 11.3399
 0.52544 11.8444
 0.52556 12.3821
 0.52568 12.9415
 0.5258 13.5089
 0.52592 14.0692
 0.52604 14.6104
 0.52616 15.1272
 0.52628 15.6137
 0.5264 16.0661
 0.52652 16.4815
 0.52664 16.8567
 0.52676 17.1856
 0.52688 17.4607
 0.527 17.6748
 0.52712 17.8221
 0.52724 17.8962
 0.52736 17.8933
 0.52748 17.8149
 0.5276 17.6659
 0.52772 17.4506
 0.52784 17.1739
 0.52796 16.8435
 0.52808 16.4635
 0.5282 16.0354
 0.52832 15.5604
 0.52844 15.0379
 0.52856 14.4693
 0.52868 13.8587
 0.5288 13.2135
 0.52892 12.542
 0.52904 11.8512
 0.52916 11.1493
 0.52928 10.4485
 0.5294 9.76238
 0.52952 9.09908
 0.52964 8.46668
 0.52976 7.87422
 0.52988 7.3297
 0.53 6.83953
 0.53012 6.41146
 0.53024 6.05409
 0.53036 5.77677
 0.53048 5.58734
 0.5306 5.48896
 0.53072 5.48172
 0.53084 5.56312
 0.53096 5.72985
 0.53108 5.97865
 0.5312 6.30182
 0.53132 6.68449
 0.53144 7.11132
 0.53156 7.56995
 0.53168 8.04703
 0.5318 8.52945
 0.53192 9.00462
 0.53204 9.45887
 0.53216 9.87693
 0.53228 10.2413
 0.5324 10.534
 0.53252 10.741
 0.53264 10.8512
 0.53276 10.8547
 0.53288 10.7452
 0.533 10.5167
 0.53312 10.1653
 0.53324 9.69628
 0.53336 9.12092
 0.53348 8.45092
 0.5336 7.6975
 0.53372 6.87228
 0.53384 5.98731
 0.53396 5.05538
 0.53408 4.09219
 0.5342 3.11599
 0.53432 2.14785
 0.53444 1.2083
 0.53456 0.316577
 0.53468 -0.508179
 0.5348 -1.24812
 0.53492 -1.8878
 0.53504 -2.41234
 0.53516 -2.81039
 0.53528 -3.0804
 0.5354 -3.22349
 0.53552 -3.24275
 0.53564 -3.14134
 0.53576 -2.92369
 0.53588 -2.59674
 0.536 -2.16865
 0.53612 -1.64941
 0.53624 -1.05095
 0.53636 -0.386073
 0.53648 0.332237
 0.5366 1.089
 0.53672 1.86888
 0.53684 2.65766
 0.53696 3.44209
 0.53708 4.2088
 0.5372 4.9472
 0.53732 5.64887
 0.53744 6.30571
 0.53756 6.91074
 0.53768 7.45599
 0.5378 7.93577
 0.53792 8.34679
 0.53804 8.68622
 0.53816 8.95212
 0.53828 9.14321
 0.5384 9.25849
 0.53852 9.30043
 0.53864 9.27377
 0.53876 9.18324
 0.53888 9.033
 0.539 8.82728
 0.53912 8.57078
 0.53924 8.26801
 0.53936 7.92715
 0.53948 7.55747
 0.5396 7.16841
 0.53972 6.77193
 0.53984 6.37927
 0.53996 6.00175
 0.54008 5.65053
 0.5402 5.33434
 0.54032 5.06116
 0.54044 4.83542
 0.54056 4.65492
 0.54068 4.51661
 0.5408 4.41762
 0.54092 4.35538
 0.54104 4.32743
 0.54116 4.33411
 0.54128 4.3759
 0.5414 4.44962
 0.54152 4.55128
 0.54164 4.67618
 0.54176 4.81691
 0.54188 4.96324
 0.542 5.10182
 0.54212 5.21936
 0.54224 5.30591
 0.54236 5.35296
 0.54248 5.35975
 0.5426 5.33066
 0.54272 5.26965
 0.54284 5.18034
 0.54296 5.06544
 0.54308 4.92506
 0.5432 4.75324
 0.54332 4.54347
 0.54344 4.29072
 0.54356 3.99014
 0.54368 3.63732
 0.5438 3.23048
 0.54392 2.77281
 0.54404 2.27397
 0.54416 1.74588
 0.54428 1.19885
 0.5444 0.641081
 0.54452 0.0753009
 0.54464 -0.496534
 0.54476 -1.07176
 0.54488 -1.64667
 0.545 -2.21484
 0.54512 -2.76598
 0.54524 -3.28613
 0.54536 -3.76099
 0.54548 -4.17643
 0.5456 -4.51836
 0.54572 -4.7729
 0.54584 -4.92807
 0.54596 -4.97563
 0.54608 -4.91643
 0.5462 -4.75486
 0.54632 -4.49472
 0.54644 -4.1388
 0.54656 -3.68961
 0.54668 -3.14841
 0.5468 -2.51748
 0.54692 -1.80255
 0.54704 -1.01375
 0.54716 -0.16349
 0.54728 0.735054
 0.5474 1.66855
 0.54752 2.62356
 0.54764 3.58659
 0.54776 4.54587
 0.54788 5.48919
 0.548 6.40601
 0.54812 7.29264
 0.54824 8.14657
 0.54836 8.9638
 0.54848 9.74047
 0.5486 10.4706
 0.54872 11.1443
 0.54884 11.7551
 0.54896 12.3013
 0.54908 12.7859
 0.5492 13.2127
 0.54932 13.5853
 0.54944 13.9079
 0.54956 14.1855
 0.54968 14.4212
 0.5498 14.6134
 0.54992 14.7622
 0.55004 14.8676
 0.55016 14.9272
 0.55028 14.9404
 0.5504 14.9088
 0.55052 14.8347
 0.55064 14.7254
 0.55076 14.5909
 0.55088 14.4374
 0.551 14.2677
 0.55112 14.083
 0.55124 13.8839
 0.55136 13.6713
 0.55148 13.4453
 0.5516 13.204
 0.55172 12.9499
 0.55184 12.6905
 0.55196 12.4316
 0.55208 12.1789
 0.5522 11.9382
 0.55232 11.7131
 0.55244 11.5062
 0.55256 11.3195
 0.55268 11.1525
 0.5528 11.0027
 0.55292 10.8683
 0.55304 10.7468
 0.55316 10.6359
 0.55328 10.5334
 0.5534 10.437
 0.55352 10.3455
 0.55364 10.2609
 0.55376 10.1823
 0.55388 10.1078
 0.554 10.0358
 0.55412 9.96484
 0.55424 9.89483
 0.55436 9.82659
 0.55448 9.76072
 0.5546 9.69577
 0.55472 9.6318
 0.55484 9.5716
 0.55496 9.5204
 0.55508 9.48508
 0.5552 9.47154
 0.55532 9.4857
 0.55544 9.53416
 0.55556 9.62201
 0.55568 9.75057
 0.5558 9.92052
 0.55592 10.1325
 0.55604 10.3871
 0.55616 10.6824
 0.55628 11.013
 0.5564 11.3743
 0.55652 11.763
 0.55664 12.1772
 0.55676 12.6131
 0.55688 13.0651
 0.557 13.5255
 0.55712 13.9869
 0.55724 14.444
 0.55736 14.8913
 0.55748 15.3219
 0.5576 15.7304
 0.55772 16.1125
 0.55784 16.4641
 0.55796 16.7812
 0.55808 17.0602
 0.5582 17.3032
 0.55832 17.5149
 0.55844 17.6957
 0.55856 17.8455
 0.55868 17.9658
 0.5588 18.059
 0.55892 18.1277
 0.55904 18.1756
 0.55916 18.2055
 0.55928 18.2163
 0.5594 18.2041
 0.55952 18.1666
 0.55964 18.1021
 0.55976 18.0117
 0.55988 17.897
 0.56 17.7589
 0.56012 17.5972
 0.56024 17.4071
 0.56036 17.1857
 0.56048 16.9362
 0.5606 16.6587
 0.56072 16.352
 0.56084 16.0147
 0.56096 15.6441
 0.56108 15.2363
 0.5612 14.7887
 0.56132 14.3067
 0.56144 13.8006
 0.56156 13.2797
 0.56168 12.7498
 0.5618 12.2137
 0.56192 11.675
 0.56204 11.1394
 0.56216 10.6139
 0.56228 10.1061
 0.5624 9.62051
 0.56252 9.15931
 0.56264 8.72722
 0.56276 8.32927
 0.56288 7.97117
 0.563 7.66094
 0.56312 7.40591
 0.56324 7.21034
 0.56336 7.07052
 0.56348 6.98022
 0.5636 6.93365
 0.56372 6.92832
 0.56384 6.96263
 0.56396 7.03421
 0.56408 7.13674
 0.5642 7.26433
 0.56432 7.41188
 0.56444 7.57462
 0.56456 7.74821
 0.56468 7.92808
 0.5648 8.10948
 0.56492 8.28645
 0.56504 8.45321
 0.56516 8.60672
 0.56528 8.74744
 0.5654 8.87826
 0.56552 9.00296
 0.56564 9.12466
 0.56576 9.24604
 0.56588 9.36869
 0.566 9.49298
 0.56612 9.62231
 0.56624 9.75814
 0.56636 9.90236
 0.56648 10.0569
 0.5666 10.2216
 0.56672 10.396
 0.56684 10.5801
 0.56696 10.774
 0.56708 10.9761
 0.5672 11.1831
 0.56732 11.3902
 0.56744 11.5933
 0.56756 11.7886
 0.56768 11.9729
 0.5678 12.1399
 0.56792 12.2862
 0.56804 12.4107
 0.56816 12.5101
 0.56828 12.5825
 0.5684 12.6255
 0.56852 12.6387
 0.56864 12.6237
 0.56876 12.5829
 0.56888 12.5184
 0.569 12.4331
 0.56912 12.3302
 0.56924 12.2139
 0.56936 12.0865
 0.56948 11.9488
 0.5696 11.8002
 0.56972 11.6413
 0.56984 11.4773
 0.56996 11.3102
 0.57008 11.1429
 0.5702 10.9797
 0.57032 10.8244
 0.57044 10.6803
 0.57056 10.5488
 0.57068 10.43
 0.5708 10.3229
 0.57092 10.2255
 0.57104 10.1362
 0.57116 10.053
 0.57128 9.97427
 0.5714 9.90153
 0.57152 9.8378
 0.57164 9.78646
 0.57176 9.74951
 0.57188 9.72586
 0.572 9.71485
 0.57212 9.71491
 0.57224 9.72299
 0.57236 9.73628
 0.57248 9.75339
 0.5726 9.77355
 0.57272 9.79687
 0.57284 9.82548
 0.57296 9.86172
 0.57308 9.90507
 0.5732 9.95509
 0.57332 10.0107
 0.57344 10.0687
 0.57356 10.1253
 0.57368 10.1763
 0.5738 10.2176
 0.57392 10.2476
 0.57404 10.2631
 0.57416 10.2608
 0.57428 10.2396
 0.5744 10.1968
 0.57452 10.1286
 0.57464 10.0315
 0.57476 9.90097
 0.57488 9.73148
 0.575 9.52013
 0.57512 9.26803
 0.57524 8.97641
 0.57536 8.6468
 0.57548 8.28194
 0.5756 7.88615
 0.57572 7.4665
 0.57584 7.03307
 0.57596 6.59558
 0.57608 6.16616
 0.5762 5.75649
 0.57632 5.377
 0.57644 5.03982
 0.57656 4.7571
 0.57668 4.53987
 0.5768 4.39929
 0.57692 4.34619
 0.57704 4.38797
 0.57716 4.53015
 0.57728 4.77825
 0.5774 5.1376
 0.57752 5.61161
 0.57764 6.20112
 0.57776 6.89574
 0.57788 7.67754
 0.578 8.52881
 0.57812 9.43089
 0.57824 10.3657
 0.57836 11.3156
 0.57848 12.2626
 0.5786 13.1892
 0.57872 14.0787
 0.57884 14.9146
 0.57896 15.6816
 0.57908 16.3654
 0.5792 16.9516
 0.57932 17.4255
 0.57944 17.7725
 0.57956 17.9787
 0.57968 18.0342
 0.5798 17.9455
 0.57992 17.7228
 0.58004 17.3748
 0.58016 16.9104
 0.58028 16.3373
 0.5804 15.6616
 0.58052 14.8904
 0.58064 14.0325
 0.58076 13.0971
 0.58088 12.0931
 0.581 11.0281
 0.58112 9.91026
 0.58124 8.74866
 0.58136 7.55287
 0.58148 6.33332
 0.5816 5.10108
 0.58172 3.86308
 0.58184 2.62048
 0.58196 1.37721
 0.58208 0.139525
 0.5822 -1.08522
 0.58232 -2.28455
 0.58244 -3.44386
 0.58256 -4.55009
 0.58268 -5.59294
 0.5828 -6.56333
 0.58292 -7.45133
 0.58304 -8.24614
 0.58316 -8.93729
 0.58328 -9.51446
 0.5834 -9.96775
 0.58352 -10.2876
 0.58364 -10.4616
 0.58376 -10.477
 0.58388 -10.3244
 0.584 -9.99872
 0.58412 -9.49829
 0.58424 -8.82549
 0.58436 -7.99079
 0.58448 -7.00793
 0.5846 -5.89234
 0.58472 -4.65739
 0.58484 -3.31548
 0.58496 -1.8797
 0.58508 -0.362516
 0.5852 1.22226
 0.58532 2.85896
 0.58544 4.53205
 0.58556 6.22295
 0.58568 7.90743
 0.5858 9.56098
 0.58592 11.1627
 0.58604 12.6941
 0.58616 14.1395
 0.58628 15.489
 0.5864 16.7374
 0.58652 17.8864
 0.58664 18.9397
 0.58676 19.899
 0.58688 20.7653
 0.587 21.5385
 0.58712 22.2148
 0.58724 22.7934
 0.58736 23.2751
 0.58748 23.6614
 0.5876 23.9574
 0.58772 24.1734
 0.58784 24.3207
 0.58796 24.4094
 0.58808 24.4486
 0.5882 24.4454
 0.58832 24.4053
 0.58844 24.3295
 0.58856 24.2139
 0.58868 24.0554
 0.5888 23.8528
 0.58892 23.6056
 0.58904 23.3176
 0.58916 22.9978
 0.58928 22.6519
 0.5894 22.2856
 0.58952 21.9038
 0.58964 21.5087
 0.58976 21.0993
 0.58988 20.6746
 0.59 20.2341
 0.59012 19.778
 0.59024 19.3074
 0.59036 18.8246
 0.59048 18.3357
 0.5906 17.8478
 0.59072 17.3672
 0.59084 16.8992
 0.59096 16.4477
 0.59108 16.0102
 0.5912 15.5823
 0.59132 15.1616
 0.59144 14.7461
 0.59156 14.3349
 0.59168 13.9315
 0.5918 13.5383
 0.59192 13.1568
 0.59204 12.7885
 0.59216 12.4343
 0.59228 12.095
 0.5924 11.7701
 0.59252 11.4593
 0.59264 11.1617
 0.59276 10.8766
 0.59288 10.6049
 0.593 10.3493
 0.59312 10.1183
 0.59324 9.91951
 0.59336 9.75914
 0.59348 9.64064
 0.5936 9.56515
 0.59372 9.53192
 0.59384 9.54418
 0.59396 9.60477
 0.59408 9.71547
 0.5942 9.878
 0.59432 10.0931
 0.59444 10.3569
 0.59456 10.6638
 0.59468 11.0083
 0.5948 11.3826
 0.59492 11.7748
 0.59504 12.1713
 0.59516 12.5564
 0.59528 12.9147
 0.5954 13.2338
 0.59552 13.5049
 0.59564 13.7209
 0.59576 13.8725
 0.59588 13.9477
 0.596 13.9393
 0.59612 13.8414
 0.59624 13.6477
 0.59636 13.3577
 0.59648 12.9792
 0.5966 12.5218
 0.59672 11.9951
 0.59684 11.4159
 0.59696 10.8051
 0.59708 10.1823
 0.5972 9.56716
 0.59732 8.97906
 0.59744 8.43507
 0.59756 7.94912
 0.59768 7.5334
 0.5978 7.20396
 0.59792 6.97367
 0.59804 6.84956
 0.59816 6.83937
 0.59828 6.94975
 0.5984 7.17814
 0.59852 7.51424
 0.59864 7.94764
 0.59876 8.46777
 0.59888 9.05637
 0.599 9.69516
 0.59912 10.3688
 0.59924 11.062
 0.59936 11.7592
 0.59948 12.4447
 0.5996 13.107
 0.59972 13.7352
 0.59984 14.3186
 0.59996 14.8513
 0.60008 15.329
 0.6002 15.7444
 0.60032 16.0933
 0.60044 16.3793
 0.60056 16.6099
 0.60068 16.791
 0.6008 16.9276
 0.60092 17.0271
 0.60104 17.0958
 0.60116 17.1383
 0.60128 17.1588
 0.6014 17.1623
 0.60152 17.1542
 0.60164 17.1369
 0.60176 17.1121
 0.60188 17.0789
 0.602 17.0344
 0.60212 16.9783
 0.60224 16.9132
 0.60236 16.8406
 0.60248 16.7592
 0.6026 16.6673
 0.60272 16.5638
 0.60284 16.45
 0.60296 16.3271
 0.60308 16.1942
 0.6032 16.051
 0.60332 15.8989
 0.60344 15.7388
 0.60356 15.5715
 0.60368 15.3986
 0.6038 15.2227
 0.60392 15.0482
 0.60404 14.8795
 0.60416 14.7172
 0.60428 14.5581
 0.6044 14.3965
 0.60452 14.225
 0.60464 14.0382
 0.60476 13.8304
 0.60488 13.5945
 0.605 13.3255
 0.60512 13.0219
 0.60524 12.6811
 0.60536 12.2994
 0.60548 11.8724
 0.6056 11.3958
 0.60572 10.8654
 0.60584 10.2759
 0.60596 9.62152
 0.60608 8.89859
 0.6062 8.10768
 0.60632 7.25515
 0.60644 6.35095
 0.60656 5.40719
 0.60668 4.43491
 0.6068 3.44551
 0.60692 2.45095
 0.60704 1.46102
 0.60716 0.483892
 0.60728 -0.471243
 0.6074 -1.39448
 0.60752 -2.2735
 0.60764 -3.09576
 0.60776 -3.84876
 0.60788 -4.51893
 0.608 -5.09338
 0.60812 -5.56306
 0.60824 -5.92322
 0.60836 -6.17305
 0.60848 -6.3149
 0.6086 -6.35232
 0.60872 -6.29076
 0.60884 -6.13571
 0.60896 -5.89414
 0.60908 -5.57216
 0.6092 -5.17631
 0.60932 -4.71341
 0.60944 -4.19177
 0.60956 -3.62257
 0.60968 -3.01631
 0.6098 -2.38359
 0.60992 -1.7366
 0.61004 -1.08469
 0.61016 -0.43368
 0.61028 0.211551
 0.6104 0.846466
 0.61052 1.46722
 0.61064 2.07081
 0.61076 2.65541
 0.61088 3.22006
 0.611 3.76552
 0.61112 4.29261
 0.61124 4.80238
 0.61136 5.296
 0.61148 5.77605
 0.6116 6.24516
 0.61172 6.70408
 0.61184 7.1545
 0.61196 7.59849
 0.61208 8.03274
 0.6122 8.45316
 0.61232 8.85845
 0.61244 9.25017
 0.61256 9.63198
 0.61268 10.008
 0.6128 10.3825
 0.61292 10.7561
 0.61304 11.1288
 0.61316 11.501
 0.61328 11.873
 0.6134 12.2453
 0.61352 12.6181
 0.61364 12.9929
 0.61376 13.3713
 0.61388 13.7534
 0.614 14.142
 0.61412 14.5431
 0.61424 14.9603
 0.61436 15.3945
 0.61448 15.8419
 0.6146 16.294
 0.61472 16.7404
 0.61484 17.1724
 0.61496 17.5853
 0.61508 17.9711
 0.6152 18.3204
 0.61532 18.6237
 0.61544 18.8718
 0.61556 19.0557
 0.61568 19.1676
 0.6158 19.2015
 0.61592 19.1521
 0.61604 19.0117
 0.61616 18.7757
 0.61628 18.4396
 0.6164 17.9994
 0.61652 17.4577
 0.61664 16.8225
 0.61676 16.1024
 0.61688 15.3037
 0.617 14.4328
 0.61712 13.5042
 0.61724 12.5351
 0.61736 11.5412
 0.61748 10.5378
 0.6176 9.53956
 0.61772 8.55867
 0.61784 7.60676
 0.61796 6.69516
 0.61808 5.83334
 0.6182 5.0283
 0.61832 4.29029
 0.61844 3.6291
 0.61856 3.04816
 0.61868 2.54815
 0.6188 2.13082
 0.61892 1.79966
 0.61904 1.55539
 0.61916 1.38987
 0.61928 1.29407
 0.6194 1.26077
 0.61952 1.28281
 0.61964 1.35359
 0.61976 1.46717
 0.61988 1.61756
 0.62 1.79852
 0.62012 2.00624
 0.62024 2.23559
 0.62036 2.47922
 0.62048 2.7307
 0.6206 2.98822
 0.62072 3.24962
 0.62084 3.50891
 0.62096 3.75775
 0.62108 3.98927
 0.6212 4.20075
 0.62132 4.38941
 0.62144 4.55193
 0.62156 4.68457
 0.62168 4.78347
 0.6218 4.84521
 0.62192 4.86761
 0.62204 4.85195
 0.62216 4.79901
 0.62228 4.71019
 0.6224 4.58732
 0.62252 4.4311
 0.62264 4.24004
 0.62276 4.01457
 0.62288 3.75994
 0.623 3.48337
 0.62312 3.19238
 0.62324 2.89382
 0.62336 2.59399
 0.62348 2.29892
 0.6236 2.01533
 0.62372 1.74835
 0.62384 1.50175
 0.62396 1.27619
 0.62408 1.06737
 0.6242 0.87224
 0.62432 0.688809
 0.62444 0.515117
 0.62456 0.34974
 0.62468 0.192603
 0.6248 0.0438371
 0.62492 -0.098627
 0.62504 -0.237928
 0.62516 -0.378426
 0.62528 -0.524588
 0.6254 -0.679448
 0.62552 -0.844075
 0.62564 -1.01777
 0.62576 -1.19598
 0.62588 -1.37386
 0.626 -1.54534
 0.62612 -1.70238
 0.62624 -1.83848
 0.62636 -1.9478
 0.62648 -2.02448
 0.6266 -2.06282
 0.62672 -2.06027
 0.62684 -2.0162
 0.62696 -1.92801
 0.62708 -1.79168
 0.6272 -1.60169
 0.62732 -1.35237
 0.62744 -1.04138
 0.62756 -0.672739
 0.62768 -0.254592
 0.6278 0.202524
 0.62792 0.691003
 0.62804 1.20534
 0.62816 1.73886
 0.62828 2.28357
 0.6284 2.83111
 0.62852 3.37311
 0.62864 3.90169
 0.62876 4.41175
 0.62888 4.89723
 0.629 5.34888
 0.62912 5.75684
 0.62924 6.11011
 0.62936 6.39843
 0.62948 6.6168
 0.6296 6.76748
 0.62972 6.85441
 0.62984 6.88197
 0.62996 6.84964
 0.63008 6.75527
 0.6302 6.60036
 0.63032 6.39142
 0.63044 6.13704
 0.63056 5.8461
 0.63068 5.52735
 0.6308 5.18977
 0.63092 4.84613
 0.63104 4.51087
 0.63116 4.19801
 0.63128 3.92128
 0.6314 3.69313
 0.63152 3.52233
 0.63164 3.41632
 0.63176 3.38116
 0.63188 3.42238
 0.632 3.54946
 0.63212 3.77139
 0.63224 4.09161
 0.63236 4.50589
 0.63248 5.00526
 0.6326 5.58036
 0.63272 6.22051
 0.63284 6.91227
 0.63296 7.63868
 0.63308 8.38281
 0.6332 9.12817
 0.63332 9.85975
 0.63344 10.5614
 0.63356 11.2163
 0.63368 11.8072
 0.6338 12.3205
 0.63392 12.7428
 0.63404 13.0595
 0.63416 13.2582
 0.63428 13.3308
 0.6344 13.2778
 0.63452 13.1038
 0.63464 12.8135
 0.63476 12.4148
 0.63488 11.9188
 0.635 11.338
 0.63512 10.6851
 0.63524 9.97273
 0.63536 9.21399
 0.63548 8.4253
 0.6356 7.62391
 0.63572 6.82632
 0.63584 6.04606
 0.63596 5.29819
 0.63608 4.5987
 0.6362 3.96165
 0.63632 3.39897
 0.63644 2.9177
 0.63656 2.52375
 0.63668 2.22252
 0.6368 2.01709
 0.63692 1.90852
 0.63704 1.89762
 0.63716 1.9853
 0.63728 2.17059
 0.6374 2.4508
 0.63752 2.82239
 0.63764 3.28258
 0.63776 3.82953
 0.63788 4.46053
 0.638 5.16691
 0.63812 5.93818
 0.63824 6.76346
 0.63836 7.63204
 0.63848 8.53458
 0.6386 9.46192
 0.63872 10.4048
 0.63884 11.3541
 0.63896 12.3001
 0.63908 13.2321
 0.6392 14.1389
 0.63932 15.0109
 0.63944 15.8379
 0.63956 16.6083
 0.63968 17.3074
 0.6398 17.92
 0.63992 18.4365
 0.64004 18.8542
 0.64016 19.1724
 0.64028 19.3932
 0.6404 19.5187
 0.64052 19.55
 0.64064 19.4882
 0.64076 19.3352
 0.64088 19.0957
 0.641 18.7768
 0.64112 18.3869
 0.64124 17.9369
 0.64136 17.4381
 0.64148 16.9034
 0.6416 16.3486
 0.64172 15.7935
 0.64184 15.2565
 0.64196 14.7494
 0.64208 14.2795
 0.6422 13.8513
 0.64232 13.4672
 0.64244 13.1286
 0.64256 12.8389
 0.64268 12.6014
 0.6428 12.4169
 0.64292 12.2835
 0.64304 12.2
 0.64316 12.1644
 0.64328 12.1709
 0.6434 12.212
 0.64352 12.2801
 0.64364 12.3647
 0.64376 12.4547
 0.64388 12.5413
 0.644 12.6225
 0.64412 12.7012
 0.64424 12.7823
 0.64436 12.8715
 0.64448 12.9756
 0.6446 13.099
 0.64472 13.2462
 0.64484 13.4239
 0.64496 13.6369
 0.64508 13.8863
 0.6452 14.1729
 0.64532 14.5016
 0.64544 14.8772
 0.64556 15.3037
 0.64568 15.7864
 0.6458 16.3272
 0.64592 16.9239
 0.64604 17.5667
 0.64616 18.2384
 0.64628 18.9224
 0.6464 19.5997
 0.64652 20.2523
 0.64664 20.8648
 0.64676 21.4215
 0.64688 21.9082
 0.647 22.3136
 0.64712 22.6299
 0.64724 22.8498
 0.64736 22.9644
 0.64748 22.9672
 0.6476 22.8511
 0.64772 22.6076
 0.64784 22.2344
 0.64796 21.7322
 0.64808 21.1121
 0.6482 20.3904
 0.64832 19.5856
 0.64844 18.7184
 0.64856 17.8081
 0.64868 16.8728
 0.6488 15.9297
 0.64892 14.9946
 0.64904 14.0832
 0.64916 13.2094
 0.64928 12.3868
 0.6494 11.6267
 0.64952 10.9377
 0.64964 10.3316
 0.64976 9.82035
 0.64988 9.41251
 0.65 9.11591
 0.65012 8.93091
 0.65024 8.85335
 0.65036 8.8748
 0.65048 8.98625
 0.6506 9.17928
 0.65072 9.44584
 0.65084 9.77825
 0.65096 10.1679
 0.65108 10.6047
 0.6512 11.0797
 0.65132 11.5862
 0.65144 12.1205
 0.65156 12.6808
 0.65168 13.2636
 0.6518 13.8655
 0.65192 14.482
 0.65204 15.1045
 0.65216 15.729
 0.65228 16.3556
 0.6524 16.9868
 0.65252 17.6232
 0.65264 18.2636
 0.65276 18.9067
 0.65288 19.5515
 0.653 20.1983
 0.65312 20.8417
 0.65324 21.4712
 0.65336 22.075
 0.65348 22.6392
 0.6536 23.1486
 0.65372 23.5882
 0.65384 23.9432
 0.65396 24.2045
 0.65408 24.3668
 0.6542 24.4208
 0.65432 24.3549
 0.65444 24.1578
 0.65456 23.8225
 0.65468 23.3437
 0.6548 22.7162
 0.65492 21.9364
 0.65504 21.0072
 0.65516 19.9485
 0.65528 18.784
 0.6554 17.5379
 0.65552 16.2351
 0.65564 14.9004
 0.65576 13.5581
 0.65588 12.2302
 0.656 10.9333
 0.65612 9.68373
 0.65624 8.50114
 0.65636 7.40587
 0.65648 6.41703
 0.6566 5.55048
 0.65672 4.82409
 0.65684 4.25409
 0.65696 3.84959
 0.65708 3.60368
 0.6572 3.49782
 0.65732 3.51235
 0.65744 3.62812
 0.65756 3.82646
 0.65768 4.09069
 0.6578 4.40531
 0.65792 4.75944
 0.65804 5.14428
 0.65816 5.54953
 0.65828 5.96254
 0.6584 6.37041
 0.65852 6.76093
 0.65864 7.12114
 0.65876 7.43274
 0.65888 7.6821
 0.659 7.8655
 0.65912 7.98917
 0.65924 8.06152
 0.65936 8.08794
 0.65948 8.07251
 0.6596 8.01766
 0.65972 7.92322
 0.65984 7.78675
 0.65996 7.60256
 0.66008 7.36504
 0.6602 7.07197
 0.66032 6.72392
 0.66044 6.32153
 0.66056 5.86541
 0.66068 5.35883
 0.6608 4.80959
 0.66092 4.22261
 0.66104 3.59789
 0.66116 2.93369
 0.66128 2.23157
 0.6614 1.49943
 0.66152 0.746106
 0.66164 -0.0178538
 0.66176 -0.779594
 0.66188 -1.52236
 0.662 -2.22981
 0.66212 -2.88723
 0.66224 -3.48568
 0.66236 -4.01848
 0.66248 -4.47889
 0.6626 -4.85933
 0.66272 -5.15314
 0.66284 -5.35778
 0.66296 -5.47139
 0.66308 -5.49136
 0.6632 -5.4156
 0.66332 -5.24793
 0.66344 -4.99657
 0.66356 -4.66971
 0.66368 -4.27652
 0.6638 -3.83019
 0.66392 -3.34712
 0.66404 -2.84127
 0.66416 -2.3245
 0.66428 -1.80405
 0.6644 -1.28546
 0.66452 -0.774671
 0.66464 -0.280532
 0.66476 0.188347
 0.66488 0.62657
 0.665 1.02879
 0.66512 1.38972
 0.66524 1.70521
 0.66536 1.97544
 0.66548 2.20127
 0.6656 2.38285
 0.66572 2.52106
 0.66584 2.6204
 0.66596 2.68548
 0.66608 2.71901
 0.6662 2.72345
 0.66632 2.69839
 0.66644 2.64209
 0.66656 2.55297
 0.66668 2.43232
 0.6668 2.28167
 0.66692 2.10499
 0.66704 1.90739
 0.66716 1.69347
 0.66728 1.46619
 0.6674 1.22728
 0.66752 0.978929
 0.66764 0.726013
 0.66776 0.474691
 0.66788 0.230311
 0.668 0.000586787
 0.66812 -0.206314
 0.66824 -0.384791
 0.66836 -0.527987
 0.66848 -0.629401
 0.6686 -0.6809
 0.66872 -0.674388
 0.66884 -0.605224
 0.66896 -0.474226
 0.66908 -0.282723
 0.6692 -0.0308073
 0.66932 0.282687
 0.66944 0.658979
 0.66956 1.09842
 0.66968 1.59755
 0.6698 2.15242
 0.66992 2.75859
 0.67004 3.4076
 0.67016 4.09384
 0.67028 4.81471
 0.6704 5.5693
 0.67052 6.35765
 0.67064 7.17649
 0.67076 8.01758
 0.67088 8.87735
 0.671 9.7548
 0.67112 10.6488
 0.67124 11.5572
 0.67136 12.4774
 0.67148 13.4069
 0.6716 14.3434
 0.67172 15.2797
 0.67184 16.2053
 0.67196 17.1105
 0.67208 17.9875
 0.6722 18.8254
 0.67232 19.6118
 0.67244 20.3322
 0.67256 20.9707
 0.67268 21.5174
 0.6728 21.9654
 0.67292 22.3049
 0.67304 22.526
 0.67316 22.6188
 0.67328 22.5742
 0.6734 22.384
 0.67352 22.0404
 0.67364 21.54
 0.67376 20.8918
 0.67388 20.1099
 0.674 19.2079
 0.67412 18.1997
 0.67424 17.0998
 0.67436 15.9233
 0.67448 14.686
 0.6746 13.4053
 0.67472 12.0961
 0.67484 10.7769
 0.67496 9.46707
 0.67508 8.18603
 0.6752 6.95393
 0.67532 5.78789
 0.67544 4.70146
 0.67556 3.70776
 0.67568 2.81591
 0.6758 2.02735
 0.67592 1.34028
 0.67604 0.752819
 0.67616 0.263085
 0.67628 -0.130652
 0.6764 -0.429828
 0.67652 -0.636704
 0.67664 -0.755544
 0.67676 -0.793535
 0.67688 -0.760654
 0.677 -0.666853
 0.67712 -0.523572
 0.67724 -0.344003
 0.67736 -0.134451
 0.67748 0.102105
 0.6776 0.362939
 0.67772 0.642176
 0.67784 0.935201
 0.67796 1.23857
 0.67808 1.5489
 0.6782 1.86269
 0.67832 2.17499
 0.67844 2.48068
 0.67856 2.77773
 0.67868 3.06683
 0.6788 3.34999
 0.67892 3.62821
 0.67904 3.90253
 0.67916 4.17796
 0.67928 4.46082
 0.6794 4.75102
 0.67952 5.04583
 0.67964 5.34265
 0.67976 5.6435
 0.67988 5.95024
 0.68 6.26501
 0.68012 6.59052
 0.68024 6.9306
 0.68036 7.29134
 0.68048 7.67501
 0.6806 8.07894
 0.68072 8.49892
 0.68084 8.93401
 0.68096 9.38579
 0.68108 9.85538
 0.6812 10.3389
 0.68132 10.8315
 0.68144 11.3317
 0.68156 11.8416
 0.68168 12.3621
 0.6818 12.8927
 0.68192 13.4319
 0.68204 13.974
 0.68216 14.5118
 0.68228 15.0353
 0.6824 15.5353
 0.68252 16.0088
 0.68264 16.4546
 0.68276 16.8687
 0.68288 17.241
 0.683 17.5607
 0.68312 17.8169
 0.68324 18.0044
 0.68336 18.1196
 0.68348 18.157
 0.6836 18.11
 0.68372 17.9741
 0.68384 17.7456
 0.68396 17.4256
 0.68408 17.0209
 0.6842 16.5404
 0.68432 15.9956
 0.68444 15.3944
 0.68456 14.744
 0.68468 14.0545
 0.6848 13.3422
 0.68492 12.6259
 0.68504 11.9229
 0.68516 11.2504
 0.68528 10.6191
 0.6854 10.0377
 0.68552 9.51426
 0.68564 9.05499
 0.68576 8.66341
 0.68588 8.34252
 0.686 8.09022
 0.68612 7.90225
 0.68624 7.77271
 0.68636 7.69563
 0.68648 7.66613
 0.6866 7.6755
 0.68672 7.71028
 0.68684 7.75613
 0.68696 7.80016
 0.68708 7.83089
 0.6872 7.8392
 0.68732 7.82151
 0.68744 7.77781
 0.68756 7.70915
 0.68768 7.61888
 0.6878 7.51093
 0.68792 7.38861
 0.68804 7.25764
 0.68816 7.12445
 0.68828 6.99468
 0.6884 6.87269
 0.68852 6.76424
 0.68864 6.67999
 0.68876 6.63099
 0.68888 6.62222
 0.689 6.6569
 0.68912 6.73743
 0.68924 6.86351
 0.68936 7.02952
 0.68948 7.22791
 0.6896 7.45396
 0.68972 7.70269
 0.68984 7.97192
 0.68996 8.25905
 0.69008 8.55683
 0.6902 8.85786
 0.69032 9.15745
 0.69044 9.45022
 0.69056 9.72843
 0.69068 9.97977
 0.6908 10.1961
 0.69092 10.3778
 0.69104 10.5263
 0.69116 10.6439
 0.69128 10.7362
 0.6914 10.8115
 0.69152 10.8756
 0.69164 10.9292
 0.69176 10.9718
 0.69188 10.9989
 0.692 11.0106
 0.69212 11.012
 0.69224 11.006
 0.69236 10.9935
 0.69248 10.9781
 0.6926 10.9658
 0.69272 10.9674
 0.69284 10.9871
 0.69296 11.0223
 0.69308 11.0685
 0.6932 11.1185
 0.69332 11.1628
 0.69344 11.1915
 0.69356 11.1978
 0.69368 11.1769
 0.6938 11.1255
 0.69392 11.0426
 0.69404 10.9236
 0.69416 10.763
 0.69428 10.5619
 0.6944 10.3216
 0.69452 10.0419
 0.69464 9.72031
 0.69476 9.35427
 0.69488 8.9457
 0.695 8.50192
 0.69512 8.03439
 0.69524 7.55727
 0.69536 7.08562
 0.69548 6.63454
 0.6956 6.2193
 0.69572 5.85476
 0.69584 5.55405
 0.69596 5.32825
 0.69608 5.18746
 0.6962 5.13817
 0.69632 5.17989
 0.69644 5.31214
 0.69656 5.5348
 0.69668 5.84599
 0.6968 6.24175
 0.69692 6.71623
 0.69704 7.25915
 0.69716 7.85594
 0.69728 8.49088
 0.6974 9.14731
 0.69752 9.80772
 0.69764 10.4549
 0.69776 11.0719
 0.69788 11.6427
 0.698 12.1532
 0.69812 12.5915
 0.69824 12.9489
 0.69836 13.2188
 0.69848 13.3948
 0.6986 13.471
 0.69872 13.4445
 0.69884 13.3111
 0.69896 13.0673
 0.69908 12.712
 0.6992 12.2461
 0.69932 11.6729
 0.69944 10.9984
 0.69956 10.2284
 0.69968 9.36662
 0.6998 8.42011
 0.69992 7.3986
 0.70004 6.31206
 0.70016 5.17112
 0.70028 3.98914
 0.7004 2.77998
 0.70052 1.55755
 0.70064 0.335587
 0.70076 -0.870255
 0.70088 -2.04127
 0.701 -3.15862
 0.70112 -4.20416
 0.70124 -5.16069
 0.70136 -6.01582
 0.70148 -6.75994
 0.7016 -7.38107
 0.70172 -7.8667
 0.70184 -8.2104
 0.70196 -8.41144
 0.70208 -8.47363
 0.7022 -8.40485
 0.70232 -8.21748
 0.70244 -7.92402
 0.70256 -7.53668
 0.70268 -7.06911
 0.7028 -6.53891
 0.70292 -5.96643
 0.70304 -5.37222
 0.70316 -4.77682
 0.70328 -4.19948
 0.7034 -3.6557
 0.70352 -3.16004
 0.70364 -2.72902
 0.70376 -2.37898
 0.70388 -2.12138
 0.704 -1.95728
 0.70412 -1.88186
 0.70424 -1.88609
 0.70436 -1.95984
 0.70448 -2.09384
 0.7046 -2.2794
 0.70472 -2.50652
 0.70484 -2.76175
 0.70496 -3.02934
 0.70508 -3.2937
 0.7052 -3.53954
 0.70532 -3.75237
 0.70544 -3.91991
 0.70556 -4.02958
 0.70568 -4.06727
 0.7058 -4.01755
 0.70592 -3.87087
 0.70604 -3.62909
 0.70616 -3.29884
 0.70628 -2.88906
 0.7064 -2.40695
 0.70652 -1.85885
 0.70664 -1.25069
 0.70676 -0.589452
 0.70688 0.113798
 0.707 0.846562
 0.70712 1.59773
 0.70724 2.35687
 0.70736 3.1147
 0.70748 3.86291
 0.7076 4.59093
 0.70772 5.28614
 0.70784 5.935
 0.70796 6.53033
 0.70808 7.071
 0.7082 7.56043
 0.70832 8.00187
 0.70844 8.39681
 0.70856 8.74699
 0.70868 9.05278
 0.7088 9.31738
 0.70892 9.54765
 0.70904 9.75013
 0.70916 9.92917
 0.70928 10.0882
 0.7094 10.2291
 0.70952 10.3554
 0.70964 10.4719
 0.70976 10.5845
 0.70988 10.6982
 0.71 10.8144
 0.71012 10.9335
 0.71024 11.0539
 0.71036 11.1758
 0.71048 11.2981
 0.7106 11.4199
 0.71072 11.542
 0.71084 11.6618
 0.71096 11.7769
 0.71108 11.8862
 0.7112 11.9899
 0.71132 12.0892
 0.71144 12.1854
 0.71156 12.2795
 0.71168 12.3743
 0.7118 12.4723
 0.71192 12.5776
 0.71204 12.6953
 0.71216 12.8257
 0.71228 12.9686
 0.7124 13.124
 0.71252 13.2952
 0.71264 13.4835
 0.71276 13.6885
 0.71288 13.9087
 0.713 14.1393
 0.71312 14.3744
 0.71324 14.608
 0.71336 14.8343
 0.71348 15.0467
 0.7136 15.2366
 0.71372 15.3939
 0.71384 15.5087
 0.71396 15.5695
 0.71408 15.5684
 0.7142 15.503
 0.71432 15.3703
 0.71444 15.1653
 0.71456 14.8811
 0.71468 14.5142
 0.7148 14.0645
 0.71492 13.5378
 0.71504 12.9441
 0.71516 12.2935
 0.71528 11.5961
 0.7154 10.8614
 0.71552 10.1004
 0.71564 9.32583
 0.71576 8.55117
 0.71588 7.78948
 0.716 7.05508
 0.71612 6.35923
 0.71624 5.71173
 0.71636 5.12484
 0.71648 4.61268
 0.7166 4.18871
 0.71672 3.8635
 0.71684 3.64484
 0.71696 3.53388
 0.71708 3.52763
 0.7172 3.62214
 0.71732 3.81425
 0.71744 4.10026
 0.71756 4.47518
 0.71768 4.93405
 0.7178 5.47078
 0.71792 6.0783
 0.71804 6.74716
 0.71816 7.46824
 0.71828 8.23056
 0.7184 9.02085
 0.71852 9.82503
 0.71864 10.6302
 0.71876 11.4209
 0.71888 12.18
 0.719 12.8944
 0.71912 13.5555
 0.71924 14.155
 0.71936 14.6844
 0.71948 15.1372
 0.7196 15.5058
 0.71972 15.7812
 0.71984 15.9557
 0.71996 16.0233
 0.72008 15.9801
 0.7202 15.8239
 0.72032 15.5539
 0.72044 15.1704
 0.72056 14.6741
 0.72068 14.067
 0.7208 13.3607
 0.72092 12.5724
 0.72104 11.7175
 0.72116 10.8092
 0.72128 9.86119
 0.7214 8.88734
 0.72152 7.90136
 0.72164 6.91977
 0.72176 5.9607
 0.72188 5.0438
 0.722 4.18789
 0.72212 3.40868
 0.72224 2.71946
 0.72236 2.13312
 0.72248 1.66218
 0.7226 1.31895
 0.72272 1.11119
 0.72284 1.03543
 0.72296 1.08325
 0.72308 1.24598
 0.7232 1.51493
 0.72332 1.87859
 0.72344 2.32179
 0.72356 2.82783
 0.72368 3.37805
 0.7238 3.95204
 0.72392 4.52838
 0.72404 5.08756
 0.72416 5.61481
 0.72428 6.09701
 0.7244 6.52106
 0.72452 6.87396
 0.72464 7.14316
 0.72476 7.32137
 0.72488 7.40836
 0.725 7.40755
 0.72512 7.32345
 0.72524 7.16219
 0.72536 6.93631
 0.72548 6.66285
 0.7256 6.35933
 0.72572 6.04378
 0.72584 5.73369
 0.72596 5.44194
 0.72608 5.17856
 0.7262 4.95078
 0.72632 4.76542
 0.72644 4.62923
 0.72656 4.54726
 0.72668 4.52129
 0.7268 4.54917
 0.72692 4.62624
 0.72704 4.74493
 0.72716 4.89618
 0.72728 5.06739
 0.7274 5.24071
 0.72752 5.398
 0.72764 5.52172
 0.72776 5.59451
 0.72788 5.60246
 0.728 5.53826
 0.72812 5.39643
 0.72824 5.172
 0.72836 4.85965
 0.72848 4.4555
 0.7286 3.96431
 0.72872 3.39735
 0.72884 2.76781
 0.72896 2.08991
 0.72908 1.38034
 0.7292 0.656579
 0.72932 -0.0609447
 0.72944 -0.750802
 0.72956 -1.39398
 0.72968 -1.97184
 0.7298 -2.46602
 0.72992 -2.86102
 0.73004 -3.14726
 0.73016 -3.31706
 0.73028 -3.36158
 0.7304 -3.27059
 0.73052 -3.03924
 0.73064 -2.67528
 0.73076 -2.1906
 0.73088 -1.60011
 0.731 -0.91921
 0.73112 -0.163186
 0.73124 0.653434
 0.73136 1.51482
 0.73148 2.40595
 0.7316 3.31253
 0.73172 4.21988
 0.73184 5.11328
 0.73196 5.97983
 0.73208 6.81283
 0.7322 7.60466
 0.73232 8.34447
 0.73244 9.02081
 0.73256 9.62867
 0.73268 10.1679
 0.7328 10.6399
 0.73292 11.0492
 0.73304 11.3974
 0.73316 11.6848
 0.73328 11.9115
 0.7334 12.0779
 0.73352 12.1848
 0.73364 12.2356
 0.73376 12.2338
 0.73388 12.184
 0.734 12.0887
 0.73412 11.9481
 0.73424 11.7669
 0.73436 11.551
 0.73448 11.3047
 0.7346 11.0305
 0.73472 10.7334
 0.73484 10.4176
 0.73496 10.0886
 0.73508 9.75326
 0.7352 9.41753
 0.73532 9.08707
 0.73544 8.76736
 0.73556 8.46183
 0.73568 8.17193
 0.7358 7.89889
 0.73592 7.64311
 0.73604 7.40636
 0.73616 7.18942
 0.73628 6.99045
 0.7364 6.81021
 0.73652 6.65165
 0.73664 6.51611
 0.73676 6.40222
 0.73688 6.3082
 0.737 6.23151
 0.73712 6.17267
 0.73724 6.13341
 0.73736 6.11632
 0.73748 6.12455
 0.7376 6.16229
 0.73772 6.23307
 0.73784 6.34071
 0.73796 6.48809
 0.73808 6.67578
 0.7382 6.90615
 0.73832 7.18168
 0.73844 7.50152
 0.73856 7.86303
 0.73868 8.26453
 0.7388 8.70439
 0.73892 9.18182
 0.73904 9.69425
 0.73916 10.2369
 0.73928 10.8035
 0.7394 11.3839
 0.73952 11.9684
 0.73964 12.5479
 0.73976 13.1145
 0.73988 13.6601
 0.74 14.18
 0.74012 14.6696
 0.74024 15.1197
 0.74036 15.5219
 0.74048 15.8697
 0.7406 16.1595
 0.74072 16.3877
 0.74084 16.5508
 0.74096 16.6437
 0.74108 16.6618
 0.7412 16.5999
 0.74132 16.4582
 0.74144 16.2409
 0.74156 15.9496
 0.74168 15.5853
 0.7418 15.1489
 0.74192 14.6407
 0.74204 14.0587
 0.74216 13.4029
 0.74228 12.6748
 0.7424 11.8753
 0.74252 11.0042
 0.74264 10.0589
 0.74276 9.03761
 0.74288 7.94086
 0.743 6.77098
 0.74312 5.53427
 0.74324 4.23738
 0.74336 2.87974
 0.74348 1.46222
 0.7436 -0.0114502
 0.74372 -1.53745
 0.74384 -3.11195
 0.74396 -4.73077
 0.74408 -6.38687
 0.7442 -8.06091
 0.74432 -9.73039
 0.74444 -11.3726
 0.74456 -12.9644
 0.74468 -14.4823
 0.7448 -15.9042
 0.74492 -17.2099
 0.74504 -18.3823
 0.74516 -19.4068
 0.74528 -20.2663
 0.7454 -20.9405
 0.74552 -21.4132
 0.74564 -21.6702
 0.74576 -21.6976
 0.74588 -21.481
 0.746 -21.0067
 0.74612 -20.2733
 0.74624 -19.3007
 0.74636 -18.1104
 0.74648 -16.7242
 0.7466 -15.163
 0.74672 -13.4463
 0.74684 -11.593
 0.74696 -9.62234
 0.74708 -7.55635
 0.7472 -5.42357
 0.74732 -3.25594
 0.74744 -1.08546
 0.74756 1.0594
 0.74768 3.15127
 0.7478 5.16322
 0.74792 7.06902
 0.74804 8.84362
 0.74816 10.4762
 0.74828 11.9663
 0.7484 13.3142
 0.74852 14.5207
 0.74864 15.5824
 0.74876 16.4927
 0.74888 17.2455
 0.749 17.8397
 0.74912 18.2861
 0.74924 18.6059
 0.74936 18.8224
 0.74948 18.9578
 0.7496 19.0329
 0.74972 19.0677
 0.74984 19.08
 0.74996 19.0861
 0.75008 19.1016
 0.7502 19.1373
 0.75032 19.1995
 0.75044 19.2916
 0.75056 19.4159
 0.75068 19.5814
 0.7508 19.7991
 0.75092 20.0801
 0.75104 20.4277
 0.75116 20.8296
 0.75128 21.2662
 0.7514 21.7177
 0.75152 22.1645
 0.75164 22.5882
 0.75176 22.9719
 0.75188 23.3017
 0.752 23.5628
 0.75212 23.7395
 0.75224 23.8175
 0.75236 23.7885
 0.75248 23.6479
 0.7526 23.3932
 0.75272 23.019
 0.75284 22.5188
 0.75296 21.8834
 0.75308 21.1132
 0.7532 20.2248
 0.75332 19.2383
 0.75344 18.1741
 0.75356 17.0524
 0.75368 15.8899
 0.7538 14.7008
 0.75392 13.5006
 0.75404 12.3083
 0.75416 11.1461
 0.75428 10.0354
 0.7544 8.99405
 0.75452 8.03775
 0.75464 7.17916
 0.75476 6.43013
 0.75488 5.8051
 0.755 5.32249
 0.75512 4.98742
 0.75524 4.79452
 0.75536 4.73614
 0.75548 4.80276
 0.7556 4.98613
 0.75572 5.28315
 0.75584 5.69077
 0.75596 6.20345
 0.75608 6.81061
 0.7562 7.49576
 0.75632 8.2411
 0.75644 9.02878
 0.75656 9.84099
 0.75668 10.6632
 0.7568 11.4792
 0.75692 12.2671
 0.75704 13.0049
 0.75716 13.6792
 0.75728 14.28
 0.7574 14.8005
 0.75752 15.2363
 0.75764 15.5798
 0.75776 15.8201
 0.75788 15.9463
 0.758 15.9488
 0.75812 15.8222
 0.75824 15.5672
 0.75836 15.1857
 0.75848 14.6826
 0.7586 14.0625
 0.75872 13.33
 0.75884 12.4962
 0.75896 11.5793
 0.75908 10.5967
 0.7592 9.56432
 0.75932 8.49641
 0.75944 7.40532
 0.75956 6.30361
 0.75968 5.21207
 0.7598 4.1542
 0.75992 3.15383
 0.76004 2.23496
 0.76016 1.41925
 0.76028 0.726161
 0.7604 0.171972
 0.76052 -0.234979
 0.76064 -0.486583
 0.76076 -0.577945
 0.76088 -0.512115
 0.761 -0.298416
 0.76112 0.0536845
 0.76124 0.534861
 0.76136 1.13625
 0.76148 1.84928
 0.7616 2.66067
 0.76172 3.54706
 0.76184 4.48345
 0.76196 5.44436
 0.76208 6.40438
 0.7622 7.33779
 0.76232 8.2189
 0.76244 9.03137
 0.76256 9.76968
 0.76268 10.4291
 0.7628 11.0081
 0.76292 11.5118
 0.76304 11.9476
 0.76316 12.3223
 0.76328 12.6415
 0.7634 12.9105
 0.76352 13.133
 0.76364 13.3135
 0.76376 13.4606
 0.76388 13.5843
 0.764 13.6948
 0.76412 13.8018
 0.76424 13.9155
 0.76436 14.0452
 0.76448 14.1899
 0.7646 14.3431
 0.76472 14.4982
 0.76484 14.6454
 0.76496 14.7715
 0.76508 14.8627
 0.7652 14.9104
 0.76532 14.9091
 0.76544 14.8536
 0.76556 14.7462
 0.76568 14.5943
 0.7658 14.4055
 0.76592 14.1842
 0.76604 13.9344
 0.76616 13.6614
 0.76628 13.3711
 0.7664 13.0703
 0.76652 12.7694
 0.76664 12.4788
 0.76676 12.2079
 0.76688 11.9679
 0.767 11.7733
 0.76712 11.6377
 0.76724 11.5653
 0.76736 11.5587
 0.76748 11.6198
 0.7676 11.7438
 0.76772 11.9218
 0.76784 12.1435
 0.76796 12.4024
 0.76808 12.6919
 0.7682 13.0035
 0.76832 13.3284
 0.76844 13.6583
 0.76856 13.9846
 0.76868 14.3002
 0.7688 14.5992
 0.76892 14.874
 0.76904 15.114
 0.76916 15.3116
 0.76928 15.4645
 0.7694 15.5704
 0.76952 15.6253
 0.76964 15.6262
 0.76976 15.5747
 0.76988 15.475
 0.77 15.3313
 0.77012 15.1493
 0.77024 14.9349
 0.77036 14.6943
 0.77048 14.4335
 0.7706 14.1595
 0.77072 13.8806
 0.77084 13.6045
 0.77096 13.3416
 0.77108 13.1013
 0.7712 12.8918
 0.77132 12.7203
 0.77144 12.595
 0.77156 12.5268
 0.77168 12.5235
 0.7718 12.5888
 0.77192 12.7218
 0.77204 12.9196
 0.77216 13.1786
 0.77228 13.4954
 0.7724 13.8665
 0.77252 14.2856
 0.77264 14.7453
 0.77276 15.2362
 0.77288 15.748
 0.773 16.2715
 0.77312 16.7984
 0.77324 17.3184
 0.77336 17.8216
 0.77348 18.2984
 0.7736 18.7409
 0.77372 19.1441
 0.77384 19.505
 0.77396 19.8228
 0.77408 20.0974
 0.7742 20.3289
 0.77432 20.5171
 0.77444 20.6629
 0.77456 20.7692
 0.77468 20.8358
 0.7748 20.8628
 0.77492 20.851
 0.77504 20.7995
 0.77516 20.7116
 0.77528 20.5918
 0.7754 20.442
 0.77552 20.2613
 0.77564 20.0476
 0.77576 19.7996
 0.77588 19.5168
 0.776 19.1987
 0.77612 18.8444
 0.77624 18.4531
 0.77636 18.0242
 0.77648 17.5564
 0.7766 17.0539
 0.77672 16.5244
 0.77684 15.9748
 0.77696 15.4112
 0.77708 14.8384
 0.7772 14.2578
 0.77732 13.672
 0.77744 13.0881
 0.77756 12.5149
 0.77768 11.9588
 0.7778 11.4237
 0.77792 10.9118
 0.77804 10.4263
 0.77816 9.97045
 0.77828 9.5463
 0.7784 9.15502
 0.77852 8.7943
 0.77864 8.45609
 0.77876 8.13382
 0.77888 7.82228
 0.779 7.51618
 0.77912 7.21049
 0.77924 6.9009
 0.77936 6.5814
 0.77948 6.24328
 0.7796 5.87848
 0.77972 5.48099
 0.77984 5.04641
 0.77996 4.57199
 0.78008 4.05458
 0.7802 3.4943
 0.78032 2.89449
 0.78044 2.26018
 0.78056 1.59977
 0.78068 0.920016
 0.7808 0.225698
 0.78092 -0.478068
 0.78104 -1.1837
 0.78116 -1.88369
 0.78128 -2.5704
 0.7814 -3.23525
 0.78152 -3.86926
 0.78164 -4.46337
 0.78176 -5.00574
 0.78188 -5.48382
 0.782 -5.88903
 0.78212 -6.21659
 0.78224 -6.46731
 0.78236 -6.64503
 0.78248 -6.75175
 0.7826 -6.78708
 0.78272 -6.74865
 0.78284 -6.63517
 0.78296 -6.44953
 0.78308 -6.19729
 0.7832 -5.88427
 0.78332 -5.51891
 0.78344 -5.11033
 0.78356 -4.66773
 0.78368 -4.20481
 0.7838 -3.74312
 0.78392 -3.30405
 0.78404 -2.90315
 0.78416 -2.55138
 0.78428 -2.25638
 0.7844 -2.02642
 0.78452 -1.87672
 0.78464 -1.8243
 0.78476 -1.88201
 0.78488 -2.0579
 0.785 -2.3523
 0.78512 -2.76206
 0.78524 -3.28119
 0.78536 -3.89919
 0.78548 -4.60511
 0.7856 -5.38718
 0.78572 -6.22645
 0.78584 -7.09899
 0.78596 -7.98319
 0.78608 -8.86194
 0.7862 -9.71997
 0.78632 -10.5424
 0.78644 -11.3103
 0.78656 -12.0004
 0.78668 -12.593
 0.7868 -13.0755
 0.78692 -13.4415
 0.78704 -13.6927
 0.78716 -13.8335
 0.78728 -13.8709
 0.7874 -13.8141
 0.78752 -13.6723
 0.78764 -13.4564
 0.78776 -13.1819
 0.78788 -12.8649
 0.788 -12.5166
 0.78812 -12.1439
 0.78824 -11.7523
 0.78836 -11.3474
 0.78848 -10.9379
 0.7886 -10.5324
 0.78872 -10.1353
 0.78884 -9.74717
 0.78896 -9.36498
 0.78908 -8.98286
 0.7892 -8.59572
 0.78932 -8.20066
 0.78944 -7.79523
 0.78956 -7.37576
 0.78968 -6.93584
 0.7898 -6.46407
 0.78992 -5.94795
 0.79004 -5.38308
 0.79016 -4.76946
 0.79028 -4.11144
 0.7904 -3.41465
 0.79052 -2.68423
 0.79064 -1.92571
 0.79076 -1.1459
 0.79088 -0.352187
 0.791 0.448307
 0.79112 1.25036
 0.79124 2.05147
 0.79136 2.85359
 0.79148 3.65736
 0.7916 4.46112
 0.79172 5.2591
 0.79184 6.03554
 0.79196 6.77328
 0.79208 7.46068
 0.7922 8.09054
 0.79232 8.66173
 0.79244 9.17518
 0.79256 9.63185
 0.79268 10.0327
 0.7928 10.3791
 0.79292 10.6744
 0.79304 10.9216
 0.79316 11.123
 0.79328 11.2794
 0.7934 11.3915
 0.79352 11.4611
 0.79364 11.4907
 0.79376 11.4875
 0.79388 11.4684
 0.794 11.4512
 0.79412 11.4521
 0.79424 11.4838
 0.79436 11.5552
 0.79448 11.6738
 0.7946 11.8466
 0.79472 12.0808
 0.79484 12.3798
 0.79496 12.7384
 0.79508 13.1475
 0.7952 13.5949
 0.79532 14.0675
 0.79544 14.5492
 0.79556 15.0273
 0.79568 15.4891
 0.7958 15.919
 0.79592 16.297
 0.79604 16.6039
 0.79616 16.8207
 0.79628 16.93
 0.7964 16.9166
 0.79652 16.7682
 0.79664 16.4731
 0.79676 16.0204
 0.79688 15.4089
 0.797 14.6497
 0.79712 13.7618
 0.79724 12.7695
 0.79736 11.6994
 0.79748 10.5779
 0.7976 9.42878
 0.79772 8.27552
 0.79784 7.14279
 0.79796 6.05537
 0.79808 5.03602
 0.7982 4.10811
 0.79832 3.29507
 0.79844 2.61545
 0.79856 2.08315
 0.79868 1.70966
 0.7988 1.50466
 0.79892 1.46929
 0.79904 1.59496
 0.79916 1.86392
 0.79928 2.25393
 0.7994 2.74154
 0.79952 3.30431
 0.79964 3.92059
 0.79976 4.56882
 0.79988 5.22663
