 0.2 -0.0791674
 0.20012 -0.0792594
 0.20024 -0.0793438
 0.20036 -0.0794208
 0.20048 -0.0794902
 0.2006 -0.0795522
 0.20072 -0.0796069
 0.20084 -0.0796542
 0.20096 -0.0796942
 0.20108 -0.0797268
 0.2012 -0.0797522
 0.20132 -0.0797703
 0.20144 -0.0797811
 0.20156 -0.0797847
 0.20168 -0.079781
 0.2018 -0.0797702
 0.20192 -0.0797522
 0.20204 -0.0797272
 0.20216 -0.079695
 0.20228 -0.0796559
 0.2024 -0.0796098
 0.20252 -0.0795567
 0.20264 -0.0794967
 0.20276 -0.0794298
 0.20288 -0.0793561
 0.203 -0.0792755
 0.20312 -0.0791882
 0.20324 -0.0790941
 0.20336 -0.0789933
 0.20348 -0.0788858
 0.2036 -0.0787718
 0.20372 -0.0786512
 0.20384 -0.0785242
 0.20396 -0.0783909
 0.20408 -0.0782512
 0.2042 -0.0781054
 0.20432 -0.0779534
 0.20444 -0.0777953
 0.20456 -0.0776313
 0.20468 -0.0774613
 0.2048 -0.0772855
 0.20492 -0.0771039
 0.20504 -0.0769166
 0.20516 -0.0767237
 0.20528 -0.0765251
 0.2054 -0.076321
 0.20552 -0.0761113
 0.20564 -0.0758961
 0.20576 -0.0756755
 0.20588 -0.0754494
 0.206 -0.075218
 0.20612 -0.0749812
 0.20624 -0.0747391
 0.20636 -0.0744918
 0.20648 -0.0742393
 0.2066 -0.0739816
 0.20672 -0.0737189
 0.20684 -0.0734512
 0.20696 -0.0731786
 0.20708 -0.0729012
 0.2072 -0.072619
 0.20732 -0.0723321
 0.20744 -0.0720407
 0.20756 -0.0717447
 0.20768 -0.0714442
 0.2078 -0.0711394
 0.20792 -0.0708302
 0.20804 -0.0705168
 0.20816 -0.0701993
 0.20828 -0.0698777
 0.2084 -0.069552
 0.20852 -0.0692224
 0.20864 -0.068889
 0.20876 -0.0685518
 0.20888 -0.0682109
 0.209 -0.0678664
 0.20912 -0.0675183
 0.20924 -0.0671669
 0.20936 -0.0668121
 0.20948 -0.066454
 0.2096 -0.0660928
 0.20972 -0.0657284
 0.20984 -0.0653611
 0.20996 -0.0649908
 0.21008 -0.0646177
 0.2102 -0.0642418
 0.21032 -0.0638632
 0.21044 -0.0634821
 0.21056 -0.0630984
 0.21068 -0.0627123
 0.2108 -0.0623238
 0.21092 -0.061933
 0.21104 -0.06154
 0.21116 -0.0611449
 0.21128 -0.0607478
 0.2114 -0.0603487
 0.21152 -0.0599478
 0.21164 -0.0595452
 0.21176 -0.0591408
 0.21188 -0.0587349
 0.212 -0.0583275
 0.21212 -0.0579188
 0.21224 -0.0575087
 0.21236 -0.0570975
 0.21248 -0.0566852
 0.2126 -0.056272
 0.21272 -0.055858
 0.21284 -0.0554433
 0.21296 -0.055028
 0.21308 -0.0546123
 0.2132 -0.0541963
 0.21332 -0.0537801
 0.21344 -0.0533639
 0.21356 -0.0529478
 0.21368 -0.0525319
 0.2138 -0.0521163
 0.21392 -0.0517011
 0.21404 -0.0512866
 0.21416 -0.0508727
 0.21428 -0.0504597
 0.2144 -0.0500477
 0.21452 -0.0496368
 0.21464 -0.049227
 0.21476 -0.0488187
 0.21488 -0.0484117
 0.215 -0.0480064
 0.21512 -0.0476028
 0.21524 -0.047201
 0.21536 -0.0468012
 0.21548 -0.0464035
 0.2156 -0.046008
 0.21572 -0.0456148
 0.21584 -0.0452241
 0.21596 -0.044836
 0.21608 -0.0444506
 0.2162 -0.0440681
 0.21632 -0.0436885
 0.21644 -0.043312
 0.21656 -0.0429388
 0.21668 -0.0425689
 0.2168 -0.0422025
 0.21692 -0.0418397
 0.21704 -0.0414807
 0.21716 -0.0411256
 0.21728 -0.0407745
 0.2174 -0.0404275
 0.21752 -0.0400848
 0.21764 -0.0397464
 0.21776 -0.0394126
 0.21788 -0.0390835
 0.218 -0.0387592
 0.21812 -0.0384396
 0.21824 -0.0381249
 0.21836 -0.0378151
 0.21848 -0.0375101
 0.2186 -0.03721
 0.21872 -0.0369148
 0.21884 -0.0366246
 0.21896 -0.0363393
 0.21908 -0.036059
 0.2192 -0.0357837
 0.21932 -0.0355134
 0.21944 -0.0352481
 0.21956 -0.034988
 0.21968 -0.0347331
 0.2198 -0.0344833
 0.21992 -0.0342388
 0.22004 -0.0339995
 0.22016 -0.0337655
 0.22028 -0.0335367
 0.2204 -0.0333132
 0.22052 -0.033095
 0.22064 -0.032882
 0.22076 -0.0326744
 0.22088 -0.032472
 0.221 -0.0322748
 0.22112 -0.0320829
 0.22124 -0.0318961
 0.22136 -0.0317146
 0.22148 -0.0315381
 0.2216 -0.0313667
 0.22172 -0.0312003
 0.22184 -0.0310389
 0.22196 -0.0308825
 0.22208 -0.030731
 0.2222 -0.0305844
 0.22232 -0.0304427
 0.22244 -0.0303057
 0.22256 -0.0301736
 0.22268 -0.0300462
 0.2228 -0.0299235
 0.22292 -0.0298055
 0.22304 -0.0296921
 0.22316 -0.0295834
 0.22328 -0.0294793
 0.2234 -0.0293797
 0.22352 -0.0292848
 0.22364 -0.0291944
 0.22376 -0.0291085
 0.22388 -0.0290271
 0.224 -0.0289502
 0.22412 -0.0288777
 0.22424 -0.0288097
 0.22436 -0.028746
 0.22448 -0.0286867
 0.2246 -0.0286317
 0.22472 -0.0285811
 0.22484 -0.0285347
 0.22496 -0.0284926
 0.22508 -0.0284547
 0.2252 -0.0284209
 0.22532 -0.0283913
 0.22544 -0.0283658
 0.22556 -0.0283444
 0.22568 -0.028327
 0.2258 -0.0283135
 0.22592 -0.0283041
 0.22604 -0.0282985
 0.22616 -0.0282969
 0.22628 -0.0282991
 0.2264 -0.0283052
 0.22652 -0.028315
 0.22664 -0.0283286
 0.22676 -0.028346
 0.22688 -0.028367
 0.227 -0.0283918
 0.22712 -0.0284203
 0.22724 -0.0284524
 0.22736 -0.0284881
 0.22748 -0.0285274
 0.2276 -0.0285703
 0.22772 -0.0286167
 0.22784 -0.0286666
 0.22796 -0.0287201
 0.22808 -0.0287769
 0.2282 -0.0288372
 0.22832 -0.0289008
 0.22844 -0.0289678
 0.22856 -0.0290381
 0.22868 -0.0291116
 0.2288 -0.0291884
 0.22892 -0.0292684
 0.22904 -0.0293516
 0.22916 -0.0294379
 0.22928 -0.0295274
 0.2294 -0.02962
 0.22952 -0.0297157
 0.22964 -0.0298144
 0.22976 -0.0299161
 0.22988 -0.0300207
 0.23 -0.0301283
 0.23012 -0.0302388
 0.23024 -0.030352
 0.23036 -0.0304681
 0.23048 -0.0305869
 0.2306 -0.0307084
 0.23072 -0.0308325
 0.23084 -0.0309593
 0.23096 -0.0310887
 0.23108 -0.0312206
 0.2312 -0.0313551
 0.23132 -0.0314921
 0.23144 -0.0316316
 0.23156 -0.0317736
 0.23168 -0.031918
 0.2318 -0.0320649
 0.23192 -0.0322142
 0.23204 -0.0323658
 0.23216 -0.0325198
 0.23228 -0.0326761
 0.2324 -0.0328347
 0.23252 -0.0329955
 0.23264 -0.0331586
 0.23276 -0.0333239
 0.23288 -0.0334914
 0.233 -0.033661
 0.23312 -0.0338328
 0.23324 -0.0340066
 0.23336 -0.0341825
 0.23348 -0.0343605
 0.2336 -0.0345404
 0.23372 -0.0347222
 0.23384 -0.034906
 0.23396 -0.0350916
 0.23408 -0.035279
 0.2342 -0.0354682
 0.23432 -0.0356592
 0.23444 -0.0358518
 0.23456 -0.0360461
 0.23468 -0.0362421
 0.2348 -0.0364395
 0.23492 -0.0366386
 0.23504 -0.0368391
 0.23516 -0.0370411
 0.23528 -0.0372447
 0.2354 -0.0374497
 0.23552 -0.0376563
 0.23564 -0.0378644
 0.23576 -0.038074
 0.23588 -0.0382851
 0.236 -0.0384978
 0.23612 -0.0387121
 0.23624 -0.0389279
 0.23636 -0.0391454
 0.23648 -0.0393644
 0.2366 -0.0395849
 0.23672 -0.0398071
 0.23684 -0.0400307
 0.23696 -0.0402559
 0.23708 -0.0404826
 0.2372 -0.0407108
 0.23732 -0.0409405
 0.23744 -0.0411717
 0.23756 -0.0414043
 0.23768 -0.0416384
 0.2378 -0.0418739
 0.23792 -0.0421108
 0.23804 -0.0423492
 0.23816 -0.0425889
 0.23828 -0.04283
 0.2384 -0.0430725
 0.23852 -0.0433163
 0.23864 -0.0435615
 0.23876 -0.043808
 0.23888 -0.0440559
 0.239 -0.0443051
 0.23912 -0.0445555
 0.23924 -0.0448073
 0.23936 -0.0450603
 0.23948 -0.0453145
 0.2396 -0.04557
 0.23972 -0.0458267
 0.23984 -0.0460847
 0.23996 -0.0463438
 0.24008 -0.0466042
 0.2402 -0.0468657
 0.24032 -0.0471285
 0.24044 -0.0473924
 0.24056 -0.0476576
 0.24068 -0.047924
 0.2408 -0.0481915
 0.24092 -0.0484603
 0.24104 -0.0487302
 0.24116 -0.0490012
 0.24128 -0.0492734
 0.2414 -0.0495467
 0.24152 -0.0498209
 0.24164 -0.0500962
 0.24176 -0.0503723
 0.24188 -0.0506492
 0.242 -0.050927
 0.24212 -0.0512055
 0.24224 -0.0514847
 0.24236 -0.0517644
 0.24248 -0.0520447
 0.2426 -0.0523255
 0.24272 -0.0526068
 0.24284 -0.0528883
 0.24296 -0.0531702
 0.24308 -0.0534522
 0.2432 -0.0537345
 0.24332 -0.0540168
 0.24344 -0.0542991
 0.24356 -0.0545814
 0.24368 -0.0548636
 0.2438 -0.0551456
 0.24392 -0.0554274
 0.24404 -0.0557089
 0.24416 -0.0559901
 0.24428 -0.0562708
 0.2444 -0.056551
 0.24452 -0.0568307
 0.24464 -0.0571098
 0.24476 -0.0573882
 0.24488 -0.0576659
 0.245 -0.0579428
 0.24512 -0.0582188
 0.24524 -0.0584939
 0.24536 -0.0587681
 0.24548 -0.0590411
 0.2456 -0.0593131
 0.24572 -0.0595839
 0.24584 -0.0598534
 0.24596 -0.0601216
 0.24608 -0.0603885
 0.2462 -0.0606539
 0.24632 -0.0609178
 0.24644 -0.0611801
 0.24656 -0.0614407
 0.24668 -0.0616997
 0.2468 -0.0619569
 0.24692 -0.0622122
 0.24704 -0.0624657
 0.24716 -0.0627171
 0.24728 -0.0629666
 0.2474 -0.0632139
 0.24752 -0.063459
 0.24764 -0.0637019
 0.24776 -0.0639424
 0.24788 -0.0641805
 0.248 -0.0644162
 0.24812 -0.0646493
 0.24824 -0.06488
 0.24836 -0.0651082
 0.24848 -0.0653339
 0.2486 -0.0655572
 0.24872 -0.065778
 0.24884 -0.0659963
 0.24896 -0.0662122
 0.24908 -0.0664256
 0.2492 -0.0666366
 0.24932 -0.0668451
 0.24944 -0.0670512
 0.24956 -0.0672547
 0.24968 -0.0674556
 0.2498 -0.0676538
 0.24992 -0.0678494
 0.25004 -0.0680422
 0.25016 -0.0682322
 0.25028 -0.0684194
 0.2504 -0.0686037
 0.25052 -0.068785
 0.25064 -0.0689633
 0.25076 -0.0691386
 0.25088 -0.0693109
 0.251 -0.0694801
 0.25112 -0.0696463
 0.25124 -0.0698094
 0.25136 -0.0699696
 0.25148 -0.0701268
 0.2516 -0.070281
 0.25172 -0.0704323
 0.25184 -0.0705807
 0.25196 -0.0707261
 0.25208 -0.0708687
 0.2522 -0.0710085
 0.25232 -0.0711453
 0.25244 -0.0712793
 0.25256 -0.0714105
 0.25268 -0.0715388
 0.2528 -0.0716643
 0.25292 -0.0717869
 0.25304 -0.0719068
 0.25316 -0.0720238
 0.25328 -0.0721379
 0.2534 -0.0722491
 0.25352 -0.0723575
 0.25364 -0.0724629
 0.25376 -0.0725655
 0.25388 -0.0726652
 0.254 -0.072762
 0.25412 -0.0728561
 0.25424 -0.0729472
 0.25436 -0.0730356
 0.25448 -0.0731212
 0.2546 -0.0732039
 0.25472 -0.073284
 0.25484 -0.0733612
 0.25496 -0.0734357
 0.25508 -0.0735075
 0.2552 -0.0735765
 0.25532 -0.0736429
 0.25544 -0.0737066
 0.25556 -0.0737676
 0.25568 -0.0738259
 0.2558 -0.0738816
 0.25592 -0.0739347
 0.25604 -0.0739852
 0.25616 -0.074033
 0.25628 -0.0740783
 0.2564 -0.074121
 0.25652 -0.0741612
 0.25664 -0.0741988
 0.25676 -0.0742338
 0.25688 -0.0742662
 0.257 -0.0742961
 0.25712 -0.0743234
 0.25724 -0.0743482
 0.25736 -0.0743703
 0.25748 -0.07439
 0.2576 -0.074407
 0.25772 -0.0744215
 0.25784 -0.0744335
 0.25796 -0.0744428
 0.25808 -0.0744497
 0.2582 -0.0744539
 0.25832 -0.0744556
 0.25844 -0.0744548
 0.25856 -0.0744513
 0.25868 -0.0744454
 0.2588 -0.0744368
 0.25892 -0.0744257
 0.25904 -0.0744121
 0.25916 -0.0743959
 0.25928 -0.0743771
 0.2594 -0.0743558
 0.25952 -0.074332
 0.25964 -0.0743056
 0.25976 -0.0742766
 0.25988 -0.0742451
 0.26 -0.074211
 0.26012 -0.0741744
 0.26024 -0.0741353
 0.26036 -0.0740936
 0.26048 -0.0740494
 0.2606 -0.0740026
 0.26072 -0.0739534
 0.26084 -0.0739016
 0.26096 -0.0738472
 0.26108 -0.0737904
 0.2612 -0.073731
 0.26132 -0.0736691
 0.26144 -0.0736046
 0.26156 -0.0735376
 0.26168 -0.0734681
 0.2618 -0.073396
 0.26192 -0.0733213
 0.26204 -0.0732441
 0.26216 -0.0731644
 0.26228 -0.0730821
 0.2624 -0.0729972
 0.26252 -0.0729098
 0.26264 -0.0728198
 0.26276 -0.0727272
 0.26288 -0.072632
 0.263 -0.0725343
 0.26312 -0.072434
 0.26324 -0.072331
 0.26336 -0.0722254
 0.26348 -0.0721171
 0.2636 -0.0720061
 0.26372 -0.0718924
 0.26384 -0.0717759
 0.26396 -0.0716566
 0.26408 -0.0715345
 0.2642 -0.0714096
 0.26432 -0.0712818
 0.26444 -0.0711511
 0.26456 -0.0710175
 0.26468 -0.0708809
 0.2648 -0.0707414
 0.26492 -0.0705988
 0.26504 -0.0704532
 0.26516 -0.0703045
 0.26528 -0.0701527
 0.2654 -0.0699976
 0.26552 -0.0698394
 0.26564 -0.0696779
 0.26576 -0.0695131
 0.26588 -0.0693449
 0.266 -0.0691733
 0.26612 -0.0689983
 0.26624 -0.0688197
 0.26636 -0.0686375
 0.26648 -0.0684517
 0.2666 -0.0682623
 0.26672 -0.0680691
 0.26684 -0.0678721
 0.26696 -0.0676713
 0.26708 -0.0674667
 0.2672 -0.0672581
 0.26732 -0.0670457
 0.26744 -0.0668292
 0.26756 -0.0666087
 0.26768 -0.0663841
 0.2678 -0.0661554
 0.26792 -0.0659226
 0.26804 -0.0656856
 0.26816 -0.0654443
 0.26828 -0.0651988
 0.2684 -0.0649491
 0.26852 -0.064695
 0.26864 -0.0644366
 0.26876 -0.0641738
 0.26888 -0.0639067
 0.269 -0.063635
 0.26912 -0.063359
 0.26924 -0.0630784
 0.26936 -0.0627933
 0.26948 -0.0625036
 0.2696 -0.0622093
 0.26972 -0.0619103
 0.26984 -0.0616067
 0.26996 -0.0612984
 0.27008 -0.0609852
 0.2702 -0.0606673
 0.27032 -0.0603445
 0.27044 -0.0600167
 0.27056 -0.0596839
 0.27068 -0.0593461
 0.2708 -0.0590032
 0.27092 -0.0586551
 0.27104 -0.0583018
 0.27116 -0.0579434
 0.27128 -0.0575797
 0.2714 -0.0572108
 0.27152 -0.0568368
 0.27164 -0.0564576
 0.27176 -0.0560732
 0.27188 -0.0556838
 0.272 -0.0552893
 0.27212 -0.0548898
 0.27224 -0.0544853
 0.27236 -0.0540758
 0.27248 -0.0536614
 0.2726 -0.0532421
 0.27272 -0.0528179
 0.27284 -0.0523888
 0.27296 -0.0519549
 0.27308 -0.0515162
 0.2732 -0.0510727
 0.27332 -0.0506245
 0.27344 -0.0501716
 0.27356 -0.049714
 0.27368 -0.0492518
 0.2738 -0.0487849
 0.27392 -0.0483133
 0.27404 -0.0478372
 0.27416 -0.0473565
 0.27428 -0.0468712
 0.2744 -0.0463814
 0.27452 -0.0458871
 0.27464 -0.0453882
 0.27476 -0.0448849
 0.27488 -0.0443771
 0.275 -0.0438649
 0.27512 -0.0433483
 0.27524 -0.0428272
 0.27536 -0.0423018
 0.27548 -0.041772
 0.2756 -0.0412379
 0.27572 -0.0406994
 0.27584 -0.0401567
 0.27596 -0.0396097
 0.27608 -0.0390584
 0.2762 -0.038503
 0.27632 -0.0379433
 0.27644 -0.0373795
 0.27656 -0.0368115
 0.27668 -0.0362394
 0.2768 -0.0356632
 0.27692 -0.035083
 0.27704 -0.0344986
 0.27716 -0.0339103
 0.27728 -0.033318
 0.2774 -0.0327217
 0.27752 -0.0321214
 0.27764 -0.0315172
 0.27776 -0.0309092
 0.27788 -0.0302972
 0.278 -0.0296815
 0.27812 -0.0290619
 0.27824 -0.0284384
 0.27836 -0.0278112
 0.27848 -0.02718
 0.2786 -0.0265451
 0.27872 -0.0259064
 0.27884 -0.0252639
 0.27896 -0.0246176
 0.27908 -0.0239676
 0.2792 -0.0233139
 0.27932 -0.0226564
 0.27944 -0.0219953
 0.27956 -0.0213306
 0.27968 -0.0206624
 0.2798 -0.0199906
 0.27992 -0.0193155
 0.28004 -0.0186371
 0.28016 -0.0179554
 0.28028 -0.0172707
 0.2804 -0.016583
 0.28052 -0.0158924
 0.28064 -0.015199
 0.28076 -0.0145029
 0.28088 -0.0138042
 0.281 -0.0131029
 0.28112 -0.0123991
 0.28124 -0.0116928
 0.28136 -0.0109842
 0.28148 -0.0102733
 0.2816 -0.00956007
 0.28172 -0.00884462
 0.28184 -0.00812699
 0.28196 -0.00740723
 0.28208 -0.00668539
 0.2822 -0.00596155
 0.28232 -0.00523578
 0.28244 -0.00450816
 0.28256 -0.00377875
 0.28268 -0.00304763
 0.2828 -0.00231488
 0.28292 -0.00158056
 0.28304 -0.000844765
 0.28316 -0.000107574
 0.28328 0.000630921
 0.2834 0.00137062
 0.28352 0.00211145
 0.28364 0.00285333
 0.28376 0.00359623
 0.28388 0.00434009
 0.284 0.00508489
 0.28412 0.00583058
 0.28424 0.00657711
 0.28436 0.00732446
 0.28448 0.00807256
 0.2846 0.00882137
 0.28472 0.00957085
 0.28484 0.0103209
 0.28496 0.0110716
 0.28508 0.0118227
 0.2852 0.0125743
 0.28532 0.0133262
 0.28544 0.0140785
 0.28556 0.014831
 0.28568 0.0155838
 0.2858 0.0163367
 0.28592 0.0170898
 0.28604 0.0178429
 0.28616 0.0185959
 0.28628 0.0193489
 0.2864 0.0201018
 0.28652 0.0208545
 0.28664 0.0216069
 0.28676 0.0223589
 0.28688 0.0231106
 0.287 0.0238619
 0.28712 0.0246126
 0.28724 0.0253626
 0.28736 0.0261121
 0.28748 0.0268608
 0.2876 0.0276087
 0.28772 0.0283557
 0.28784 0.0291019
 0.28796 0.029847
 0.28808 0.030591
 0.2882 0.0313339
 0.28832 0.0320757
 0.28844 0.0328161
 0.28856 0.0335552
 0.28868 0.0342929
 0.2888 0.0350292
 0.28892 0.0357639
 0.28904 0.036497
 0.28916 0.0372285
 0.28928 0.0379582
 0.2894 0.0386861
 0.28952 0.0394122
 0.28964 0.0401363
 0.28976 0.0408584
 0.28988 0.0415785
 0.29 0.0422964
 0.29012 0.0430121
 0.29024 0.0437255
 0.29036 0.0444366
 0.29048 0.0451453
 0.2906 0.0458516
 0.29072 0.0465552
 0.29084 0.0472563
 0.29096 0.0479547
 0.29108 0.0486504
 0.2912 0.0493433
 0.29132 0.0500333
 0.29144 0.0507204
 0.29156 0.0514044
 0.29168 0.0520854
 0.2918 0.0527632
 0.29192 0.0534379
 0.29204 0.0541092
 0.29216 0.0547773
 0.29228 0.0554419
 0.2924 0.056103
 0.29252 0.0567606
 0.29264 0.0574146
 0.29276 0.0580649
 0.29288 0.0587113
 0.293 0.0593539
 0.29312 0.0599925
 0.29324 0.0606271
 0.29336 0.0612574
 0.29348 0.0618834
 0.2936 0.0625051
 0.29372 0.0631222
 0.29384 0.0637347
 0.29396 0.0643425
 0.29408 0.0649454
 0.2942 0.0655434
 0.29432 0.0661363
 0.29444 0.0667241
 0.29456 0.0673066
 0.29468 0.0678838
 0.2948 0.0684554
 0.29492 0.0690215
 0.29504 0.0695818
 0.29516 0.0701364
 0.29528 0.0706851
 0.2954 0.0712278
 0.29552 0.0717644
 0.29564 0.0722949
 0.29576 0.0728191
 0.29588 0.0733369
 0.296 0.0738483
 0.29612 0.0743532
 0.29624 0.0748513
 0.29636 0.0753427
 0.29648 0.0758272
 0.2966 0.0763046
 0.29672 0.076775
 0.29684 0.0772382
 0.29696 0.0776941
 0.29708 0.0781426
 0.2972 0.0785837
 0.29732 0.0790172
 0.29744 0.079443
 0.29756 0.0798611
 0.29768 0.0802713
 0.2978 0.0806736
 0.29792 0.0810679
 0.29804 0.0814542
 0.29816 0.0818324
 0.29828 0.0822024
 0.2984 0.0825643
 0.29852 0.082918
 0.29864 0.0832635
 0.29876 0.0836007
 0.29888 0.0839296
 0.299 0.0842502
 0.29912 0.0845624
 0.29924 0.0848661
 0.29936 0.0851614
 0.29948 0.0854481
 0.2996 0.0857263
 0.29972 0.0859959
 0.29984 0.0862569
 0.29996 0.0865092
 0.30008 0.0867528
 0.3002 0.0869876
 0.30032 0.0872136
 0.30044 0.0874306
 0.30056 0.0876387
 0.30068 0.0878378
 0.3008 0.0880278
 0.30092 0.0882087
 0.30104 0.0883804
 0.30116 0.0885428
 0.30128 0.088696
 0.3014 0.08884
 0.30152 0.0889746
 0.30164 0.0891
 0.30176 0.0892161
 0.30188 0.0893229
 0.302 0.0894205
 0.30212 0.0895087
 0.30224 0.0895876
 0.30236 0.0896572
 0.30248 0.0897175
 0.3026 0.0897685
 0.30272 0.0898102
 0.30284 0.0898426
 0.30296 0.0898656
 0.30308 0.0898793
 0.3032 0.0898837
 0.30332 0.0898787
 0.30344 0.0898644
 0.30356 0.0898407
 0.30368 0.0898077
 0.3038 0.0897652
 0.30392 0.0897134
 0.30404 0.0896521
 0.30416 0.0895814
 0.30428 0.0895012
 0.3044 0.0894116
 0.30452 0.0893124
 0.30464 0.0892037
 0.30476 0.0890855
 0.30488 0.0889578
 0.305 0.0888204
 0.30512 0.0886735
 0.30524 0.088517
 0.30536 0.0883508
 0.30548 0.088175
 0.3056 0.0879895
 0.30572 0.0877944
 0.30584 0.0875896
 0.30596 0.087375
 0.30608 0.0871508
 0.3062 0.0869168
 0.30632 0.086673
 0.30644 0.0864195
 0.30656 0.0861562
 0.30668 0.0858831
 0.3068 0.0856002
 0.30692 0.0853075
 0.30704 0.0850049
 0.30716 0.0846924
 0.30728 0.0843701
 0.3074 0.0840379
 0.30752 0.0836958
 0.30764 0.0833438
 0.30776 0.0829818
 0.30788 0.0826099
 0.308 0.0822281
 0.30812 0.0818363
 0.30824 0.0814345
 0.30836 0.0810227
 0.30848 0.080601
 0.3086 0.0801694
 0.30872 0.0797278
 0.30884 0.0792764
 0.30896 0.0788151
 0.30908 0.078344
 0.3092 0.0778631
 0.30932 0.0773724
 0.30944 0.0768719
 0.30956 0.0763617
 0.30968 0.0758419
 0.3098 0.0753125
 0.30992 0.0747736
 0.31004 0.0742252
 0.31016 0.0736674
 0.31028 0.0731004
 0.3104 0.0725241
 0.31052 0.0719388
 0.31064 0.0713443
 0.31076 0.070741
 0.31088 0.0701287
 0.311 0.0695077
 0.31112 0.0688779
 0.31124 0.0682394
 0.31136 0.0675924
 0.31148 0.0669369
 0.3116 0.0662729
 0.31172 0.0656006
 0.31184 0.0649199
 0.31196 0.0642309
 0.31208 0.0635337
 0.3122 0.0628283
 0.31232 0.0621149
 0.31244 0.0613934
 0.31256 0.060664
 0.31268 0.0599268
 0.3128 0.0591817
 0.31292 0.0584289
 0.31304 0.0576684
 0.31316 0.0569003
 0.31328 0.0561247
 0.3134 0.0553416
 0.31352 0.0545511
 0.31364 0.0537532
 0.31376 0.0529481
 0.31388 0.0521356
 0.314 0.051316
 0.31412 0.0504891
 0.31424 0.049655
 0.31436 0.0488139
 0.31448 0.0479656
 0.3146 0.0471104
 0.31472 0.0462482
 0.31484 0.0453791
 0.31496 0.0445032
 0.31508 0.0436206
 0.3152 0.0427314
 0.31532 0.0418355
 0.31544 0.0409332
 0.31556 0.0400244
 0.31568 0.0391093
 0.3158 0.038188
 0.31592 0.0372604
 0.31604 0.0363268
 0.31616 0.0353872
 0.31628 0.0344417
 0.3164 0.0334904
 0.31652 0.0325333
 0.31664 0.0315705
 0.31676 0.0306022
 0.31688 0.0296285
 0.317 0.0286493
 0.31712 0.0276649
 0.31724 0.0266752
 0.31736 0.0256804
 0.31748 0.0246806
 0.3176 0.0236758
 0.31772 0.0226662
 0.31784 0.0216518
 0.31796 0.0206327
 0.31808 0.019609
 0.3182 0.0185808
 0.31832 0.0175482
 0.31844 0.0165113
 0.31856 0.0154701
 0.31868 0.0144248
 0.3188 0.0133754
 0.31892 0.0123221
 0.31904 0.0112648
 0.31916 0.0102037
 0.31928 0.00913895
 0.3194 0.00807055
 0.31952 0.00699864
 0.31964 0.00592331
 0.31976 0.00484464
 0.31988 0.00376274
 0.32 0.00267769
 0.32012 0.0015896
 0.32024 0.000498563
 0.32036 -0.000595333
 0.32048 -0.00169199
 0.3206 -0.00279131
 0.32072 -0.00389321
 0.32084 -0.00499758
 0.32096 -0.00610433
 0.32108 -0.00721336
 0.3212 -0.00832459
 0.32132 -0.00943792
 0.32144 -0.0105532
 0.32156 -0.0116705
 0.32168 -0.0127895
 0.3218 -0.0139103
 0.32192 -0.0150327
 0.32204 -0.0161566
 0.32216 -0.0172819
 0.32228 -0.0184086
 0.3224 -0.0195365
 0.32252 -0.0206656
 0.32264 -0.0217957
 0.32276 -0.0229267
 0.32288 -0.0240585
 0.323 -0.0251909
 0.32312 -0.0263239
 0.32324 -0.0274572
 0.32336 -0.0285909
 0.32348 -0.0297246
 0.3236 -0.0308584
 0.32372 -0.031992
 0.32384 -0.0331254
 0.32396 -0.0342584
 0.32408 -0.0353908
 0.3242 -0.0365226
 0.32432 -0.0376536
 0.32444 -0.0387838
 0.32456 -0.0399128
 0.32468 -0.0410407
 0.3248 -0.0421673
 0.32492 -0.0432924
 0.32504 -0.044416
 0.32516 -0.0455378
 0.32528 -0.0466579
 0.3254 -0.0477759
 0.32552 -0.0488919
 0.32564 -0.0500056
 0.32576 -0.0511169
 0.32588 -0.0522257
 0.326 -0.0533319
 0.32612 -0.0544353
 0.32624 -0.0555357
 0.32636 -0.0566331
 0.32648 -0.0577272
 0.3266 -0.058818
 0.32672 -0.0599052
 0.32684 -0.0609888
 0.32696 -0.0620685
 0.32708 -0.0631444
 0.3272 -0.0642162
 0.32732 -0.0652839
 0.32744 -0.0663474
 0.32756 -0.0674065
 0.32768 -0.0684612
 0.3278 -0.0695113
 0.32792 -0.0705567
 0.32804 -0.0715975
 0.32816 -0.0726335
 0.32828 -0.0736647
 0.3284 -0.0746911
 0.32852 -0.0757127
 0.32864 -0.0767294
 0.32876 -0.0777412
 0.32888 -0.0787479
 0.329 -0.0797497
 0.32912 -0.0807465
 0.32924 -0.0817382
 0.32936 -0.0827247
 0.32948 -0.0837062
 0.3296 -0.0846824
 0.32972 -0.0856535
 0.32984 -0.0866194
 0.32996 -0.08758
 0.33008 -0.0885353
 0.3302 -0.0894853
 0.33032 -0.0904299
 0.33044 -0.0913692
 0.33056 -0.092303
 0.33068 -0.0932314
 0.3308 -0.0941543
 0.33092 -0.0950716
 0.33104 -0.0959832
 0.33116 -0.0968892
 0.33128 -0.0977894
 0.3314 -0.0986838
 0.33152 -0.0995723
 0.33164 -0.100455
 0.33176 -0.101332
 0.33188 -0.102202
 0.332 -0.103067
 0.33212 -0.103926
 0.33224 -0.104778
 0.33236 -0.105625
 0.33248 -0.106465
 0.3326 -0.107299
 0.33272 -0.108126
 0.33284 -0.108947
 0.33296 -0.109762
 0.33308 -0.11057
 0.3332 -0.111372
 0.33332 -0.112167
 0.33344 -0.112956
 0.33356 -0.113738
 0.33368 -0.114513
 0.3338 -0.115282
 0.33392 -0.116043
 0.33404 -0.116798
 0.33416 -0.117546
 0.33428 -0.118287
 0.3344 -0.11902
 0.33452 -0.119747
 0.33464 -0.120466
 0.33476 -0.121178
 0.33488 -0.121883
 0.335 -0.122581
 0.33512 -0.123271
 0.33524 -0.123953
 0.33536 -0.124628
 0.33548 -0.125296
 0.3356 -0.125955
 0.33572 -0.126607
 0.33584 -0.127252
 0.33596 -0.127888
 0.33608 -0.128517
 0.3362 -0.129137
 0.33632 -0.12975
 0.33644 -0.130354
 0.33656 -0.130951
 0.33668 -0.131539
 0.3368 -0.132119
 0.33692 -0.132691
 0.33704 -0.133254
 0.33716 -0.133809
 0.33728 -0.134356
 0.3374 -0.134894
 0.33752 -0.135423
 0.33764 -0.135944
 0.33776 -0.136456
 0.33788 -0.136959
 0.338 -0.137454
 0.33812 -0.13794
 0.33824 -0.138417
 0.33836 -0.138885
 0.33848 -0.139344
 0.3386 -0.139794
 0.33872 -0.140235
 0.33884 -0.140667
 0.33896 -0.141091
 0.33908 -0.141505
 0.3392 -0.14191
 0.33932 -0.142306
 0.33944 -0.142694
 0.33956 -0.143072
 0.33968 -0.143441
 0.3398 -0.143801
 0.33992 -0.144152
 0.34004 -0.144495
 0.34016 -0.144828
 0.34028 -0.145152
 0.3404 -0.145468
 0.34052 -0.145774
 0.34064 -0.146072
 0.34076 -0.14636
 0.34088 -0.14664
 0.341 -0.146911
 0.34112 -0.147173
 0.34124 -0.147426
 0.34136 -0.147671
 0.34148 -0.147907
 0.3416 -0.148133
 0.34172 -0.148352
 0.34184 -0.148561
 0.34196 -0.148761
 0.34208 -0.148953
 0.3422 -0.149136
 0.34232 -0.14931
 0.34244 -0.149475
 0.34256 -0.149631
 0.34268 -0.149779
 0.3428 -0.149917
 0.34292 -0.150047
 0.34304 -0.150167
 0.34316 -0.150279
 0.34328 -0.150381
 0.3434 -0.150474
 0.34352 -0.150558
 0.34364 -0.150633
 0.34376 -0.150699
 0.34388 -0.150755
 0.344 -0.150802
 0.34412 -0.15084
 0.34424 -0.150868
 0.34436 -0.150887
 0.34448 -0.150896
 0.3446 -0.150896
 0.34472 -0.150887
 0.34484 -0.150868
 0.34496 -0.15084
 0.34508 -0.150803
 0.3452 -0.150756
 0.34532 -0.1507
 0.34544 -0.150634
 0.34556 -0.15056
 0.34568 -0.150476
 0.3458 -0.150383
 0.34592 -0.150281
 0.34604 -0.150169
 0.34616 -0.150049
 0.34628 -0.149919
 0.3464 -0.149781
 0.34652 -0.149633
 0.34664 -0.149477
 0.34676 -0.149311
 0.34688 -0.149137
 0.347 -0.148954
 0.34712 -0.148762
 0.34724 -0.148561
 0.34736 -0.148351
 0.34748 -0.148133
 0.3476 -0.147906
 0.34772 -0.14767
 0.34784 -0.147426
 0.34796 -0.147173
 0.34808 -0.146911
 0.3482 -0.146641
 0.34832 -0.146363
 0.34844 -0.146075
 0.34856 -0.14578
 0.34868 -0.145475
 0.3488 -0.145163
 0.34892 -0.144842
 0.34904 -0.144512
 0.34916 -0.144174
 0.34928 -0.143828
 0.3494 -0.143473
 0.34952 -0.14311
 0.34964 -0.142739
 0.34976 -0.14236
 0.34988 -0.141972
 0.35 -0.141577
 0.35012 -0.141173
 0.35024 -0.140762
 0.35036 -0.140342
 0.35048 -0.139915
 0.3506 -0.139479
 0.35072 -0.139036
 0.35084 -0.138586
 0.35096 -0.138127
 0.35108 -0.137661
 0.3512 -0.137187
 0.35132 -0.136706
 0.35144 -0.136217
 0.35156 -0.135721
 0.35168 -0.135217
 0.3518 -0.134705
 0.35192 -0.134187
 0.35204 -0.133661
 0.35216 -0.133128
 0.35228 -0.132587
 0.3524 -0.132039
 0.35252 -0.131485
 0.35264 -0.130923
 0.35276 -0.130354
 0.35288 -0.129778
 0.353 -0.129195
 0.35312 -0.128606
 0.35324 -0.128009
 0.35336 -0.127406
 0.35348 -0.126797
 0.3536 -0.126181
 0.35372 -0.125558
 0.35384 -0.124929
 0.35396 -0.124293
 0.35408 -0.123652
 0.3542 -0.123004
 0.35432 -0.122349
 0.35444 -0.121689
 0.35456 -0.121023
 0.35468 -0.12035
 0.3548 -0.119672
 0.35492 -0.118988
 0.35504 -0.118298
 0.35516 -0.117602
 0.35528 -0.116901
 0.3554 -0.116194
 0.35552 -0.115482
 0.35564 -0.114764
 0.35576 -0.114041
 0.35588 -0.113313
 0.356 -0.11258
 0.35612 -0.111843
 0.35624 -0.1111
 0.35636 -0.110353
 0.35648 -0.109601
 0.3566 -0.108844
 0.35672 -0.108084
 0.35684 -0.107319
 0.35696 -0.106549
 0.35708 -0.105776
 0.3572 -0.104999
 0.35732 -0.104217
 0.35744 -0.103432
 0.35756 -0.102643
 0.35768 -0.10185
 0.3578 -0.101054
 0.35792 -0.100253
 0.35804 -0.0994491
 0.35816 -0.0986414
 0.35828 -0.09783
 0.3584 -0.097015
 0.35852 -0.0961963
 0.35864 -0.0953741
 0.35876 -0.0945482
 0.35888 -0.0937188
 0.359 -0.0928858
 0.35912 -0.0920492
 0.35924 -0.0912092
 0.35936 -0.0903655
 0.35948 -0.0895183
 0.3596 -0.0886675
 0.35972 -0.087813
 0.35984 -0.086955
 0.35996 -0.0860932
 0.36008 -0.0852277
 0.3602 -0.0843585
 0.36032 -0.0834855
 0.36044 -0.0826088
 0.36056 -0.0817283
 0.36068 -0.0808439
 0.3608 -0.0799558
 0.36092 -0.0790639
 0.36104 -0.0781682
 0.36116 -0.0772689
 0.36128 -0.0763658
 0.3614 -0.0754591
 0.36152 -0.0745487
 0.36164 -0.0736347
 0.36176 -0.0727171
 0.36188 -0.071796
 0.362 -0.0708713
 0.36212 -0.0699432
 0.36224 -0.0690115
 0.36236 -0.0680764
 0.36248 -0.0671379
 0.3626 -0.0661959
 0.36272 -0.0652506
 0.36284 -0.064302
 0.36296 -0.06335
 0.36308 -0.0623949
 0.3632 -0.0614364
 0.36332 -0.0604749
 0.36344 -0.0595101
 0.36356 -0.0585423
 0.36368 -0.0575714
 0.3638 -0.0565975
 0.36392 -0.0556207
 0.36404 -0.0546409
 0.36416 -0.0536582
 0.36428 -0.0526727
 0.3644 -0.0516844
 0.36452 -0.0506933
 0.36464 -0.0496995
 0.36476 -0.048703
 0.36488 -0.0477038
 0.365 -0.046702
 0.36512 -0.0456976
 0.36524 -0.0446907
 0.36536 -0.0436813
 0.36548 -0.0426694
 0.3656 -0.0416551
 0.36572 -0.0406384
 0.36584 -0.0396194
 0.36596 -0.038598
 0.36608 -0.0375744
 0.3662 -0.0365486
 0.36632 -0.0355207
 0.36644 -0.0344906
 0.36656 -0.0334584
 0.36668 -0.0324241
 0.3668 -0.0313878
 0.36692 -0.0303496
 0.36704 -0.0293094
 0.36716 -0.0282673
 0.36728 -0.0272234
 0.3674 -0.0261777
 0.36752 -0.0251302
 0.36764 -0.024081
 0.36776 -0.0230301
 0.36788 -0.0219775
 0.368 -0.0209233
 0.36812 -0.0198675
 0.36824 -0.0188101
 0.36836 -0.0177511
 0.36848 -0.0166907
 0.3686 -0.0156287
 0.36872 -0.0145652
 0.36884 -0.0135003
 0.36896 -0.012434
 0.36908 -0.0113662
 0.3692 -0.0102971
 0.36932 -0.00922658
 0.36944 -0.00815476
 0.36956 -0.00708163
 0.36968 -0.00600721
 0.3698 -0.00493152
 0.36992 -0.00385457
 0.37004 -0.00277638
 0.37016 -0.00169696
 0.37028 -0.000616315
 0.3704 0.000465533
 0.37052 0.00154859
 0.37064 0.00263286
 0.37076 0.00371836
 0.37088 0.00480508
 0.371 0.00589304
 0.37112 0.00698223
 0.37124 0.00807267
 0.37136 0.00916437
 0.37148 0.0102573
 0.3716 0.0113515
 0.37172 0.012447
 0.37184 0.0135436
 0.37196 0.0146415
 0.37208 0.0157406
 0.3722 0.0168408
 0.37232 0.0179422
 0.37244 0.0190448
 0.37256 0.0201484
 0.37268 0.0212531
 0.3728 0.0223588
 0.37292 0.0234654
 0.37304 0.0245729
 0.37316 0.0256811
 0.37328 0.0267902
 0.3734 0.0278999
 0.37352 0.0290102
 0.37364 0.0301212
 0.37376 0.0312326
 0.37388 0.0323445
 0.374 0.0334569
 0.37412 0.0345697
 0.37424 0.0356828
 0.37436 0.0367964
 0.37448 0.0379103
 0.3746 0.0390245
 0.37472 0.040139
 0.37484 0.0412538
 0.37496 0.042369
 0.37508 0.0434845
 0.3752 0.0446003
 0.37532 0.0457165
 0.37544 0.046833
 0.37556 0.0479498
 0.37568 0.049067
 0.3758 0.0501846
 0.37592 0.0513025
 0.37604 0.0524209
 0.37616 0.0535397
 0.37628 0.0546589
 0.3764 0.0557785
 0.37652 0.0568985
 0.37664 0.058019
 0.37676 0.0591399
 0.37688 0.0602611
 0.377 0.0613828
 0.37712 0.0625048
 0.37724 0.0636272
 0.37736 0.06475
 0.37748 0.0658732
 0.3776 0.0669967
 0.37772 0.0681206
 0.37784 0.0692449
 0.37796 0.0703694
 0.37808 0.0714943
 0.3782 0.0726194
 0.37832 0.0737447
 0.37844 0.0748702
 0.37856 0.0759958
 0.37868 0.0771215
 0.3788 0.0782472
 0.37892 0.0793728
 0.37904 0.0804984
 0.37916 0.0816238
 0.37928 0.0827491
 0.3794 0.0838742
 0.37952 0.0849991
 0.37964 0.0861239
 0.37976 0.0872485
 0.37988 0.0883728
 0.38 0.089497
 0.38012 0.0906209
 0.38024 0.0917447
 0.38036 0.0928681
 0.38048 0.0939914
 0.3806 0.0951144
 0.38072 0.0962371
 0.38084 0.0973594
 0.38096 0.0984814
 0.38108 0.099603
 0.3812 0.100724
 0.38132 0.101845
 0.38144 0.102965
 0.38156 0.104085
 0.38168 0.105204
 0.3818 0.106322
 0.38192 0.10744
 0.38204 0.108557
 0.38216 0.109674
 0.38228 0.11079
 0.3824 0.111905
 0.38252 0.113019
 0.38264 0.114133
 0.38276 0.115246
 0.38288 0.116358
 0.383 0.117469
 0.38312 0.118579
 0.38324 0.119689
 0.38336 0.120797
 0.38348 0.121905
 0.3836 0.123012
 0.38372 0.124117
 0.38384 0.125222
 0.38396 0.126325
 0.38408 0.127428
 0.3842 0.128529
 0.38432 0.12963
 0.38444 0.130729
 0.38456 0.131827
 0.38468 0.132924
 0.3848 0.134019
 0.38492 0.135113
 0.38504 0.136206
 0.38516 0.137298
 0.38528 0.138388
 0.3854 0.139477
 0.38552 0.140565
 0.38564 0.141651
 0.38576 0.142736
 0.38588 0.14382
 0.386 0.144902
 0.38612 0.145983
 0.38624 0.147063
 0.38636 0.148142
 0.38648 0.149219
 0.3866 0.150295
 0.38672 0.15137
 0.38684 0.152444
 0.38696 0.153516
 0.38708 0.154587
 0.3872 0.155657
 0.38732 0.156726
 0.38744 0.157793
 0.38756 0.158859
 0.38768 0.159924
 0.3878 0.160987
 0.38792 0.162049
 0.38804 0.163109
 0.38816 0.164168
 0.38828 0.165226
 0.3884 0.166281
 0.38852 0.167336
 0.38864 0.168388
 0.38876 0.169439
 0.38888 0.170488
 0.389 0.171536
 0.38912 0.172581
 0.38924 0.173625
 0.38936 0.174667
 0.38948 0.175707
 0.3896 0.176745
 0.38972 0.17778
 0.38984 0.178814
 0.38996 0.179844
 0.39008 0.180873
 0.3902 0.181898
 0.39032 0.182922
 0.39044 0.183942
 0.39056 0.184959
 0.39068 0.185973
 0.3908 0.186985
 0.39092 0.187993
 0.39104 0.188998
 0.39116 0.19
 0.39128 0.190999
 0.3914 0.191994
 0.39152 0.192986
 0.39164 0.193974
 0.39176 0.194959
 0.39188 0.195941
 0.392 0.196919
 0.39212 0.197893
 0.39224 0.198864
 0.39236 0.199831
 0.39248 0.200794
 0.3926 0.201753
 0.39272 0.202709
 0.39284 0.20366
 0.39296 0.204608
 0.39308 0.205552
 0.3932 0.206491
 0.39332 0.207427
 0.39344 0.208358
 0.39356 0.209286
 0.39368 0.210209
 0.3938 0.211128
 0.39392 0.212043
 0.39404 0.212954
 0.39416 0.21386
 0.39428 0.214763
 0.3944 0.215661
 0.39452 0.216554
 0.39464 0.217443
 0.39476 0.218328
 0.39488 0.219208
 0.395 0.220084
 0.39512 0.220955
 0.39524 0.221822
 0.39536 0.222684
 0.39548 0.223542
 0.3956 0.224394
 0.39572 0.225242
 0.39584 0.226086
 0.39596 0.226924
 0.39608 0.227758
 0.3962 0.228587
 0.39632 0.229411
 0.39644 0.230231
 0.39656 0.231045
 0.39668 0.231854
 0.3968 0.232659
 0.39692 0.233458
 0.39704 0.234253
 0.39716 0.235042
 0.39728 0.235826
 0.3974 0.236605
 0.39752 0.237379
 0.39764 0.238148
 0.39776 0.238911
 0.39788 0.23967
 0.398 0.240423
 0.39812 0.24117
 0.39824 0.241912
 0.39836 0.242649
 0.39848 0.243381
 0.3986 0.244107
 0.39872 0.244827
 0.39884 0.245542
 0.39896 0.246251
 0.39908 0.246955
 0.3992 0.247653
 0.39932 0.248345
 0.39944 0.249032
 0.39956 0.249714
 0.39968 0.25039
 0.3998 0.25106
 0.39992 0.251725
 0.40004 0.252384
 0.40016 0.253038
 0.40028 0.253686
 0.4004 0.254329
 0.40052 0.254966
 0.40064 0.255597
 0.40076 0.256222
 0.40088 0.256841
 0.401 0.257455
 0.40112 0.258062
 0.40124 0.258663
 0.40136 0.259258
 0.40148 0.259847
 0.4016 0.260429
 0.40172 0.261004
 0.40184 0.261573
 0.40196 0.262136
 0.40208 0.262692
 0.4022 0.26324
 0.40232 0.263782
 0.40244 0.264318
 0.40256 0.264846
 0.40268 0.265367
 0.4028 0.265881
 0.40292 0.266387
 0.40304 0.266887
 0.40316 0.267379
 0.40328 0.267864
 0.4034 0.268342
 0.40352 0.268812
 0.40364 0.269274
 0.40376 0.269729
 0.40388 0.270177
 0.404 0.270616
 0.40412 0.271048
 0.40424 0.271472
 0.40436 0.271889
 0.40448 0.272297
 0.4046 0.272697
 0.40472 0.273089
 0.40484 0.273472
 0.40496 0.273848
 0.40508 0.274215
 0.4052 0.274573
 0.40532 0.274923
 0.40544 0.275264
 0.40556 0.275596
 0.40568 0.27592
 0.4058 0.276234
 0.40592 0.27654
 0.40604 0.276836
 0.40616 0.277123
 0.40628 0.277401
 0.4064 0.27767
 0.40652 0.277929
 0.40664 0.278178
 0.40676 0.278418
 0.40688 0.278649
 0.407 0.27887
 0.40712 0.279081
 0.40724 0.279282
 0.40736 0.279473
 0.40748 0.279655
 0.4076 0.279827
 0.40772 0.279988
 0.40784 0.28014
 0.40796 0.280282
 0.40808 0.280413
 0.4082 0.280535
 0.40832 0.280646
 0.40844 0.280747
 0.40856 0.280838
 0.40868 0.280919
 0.4088 0.28099
 0.40892 0.281051
 0.40904 0.281102
 0.40916 0.281143
 0.40928 0.281174
 0.4094 0.281195
 0.40952 0.281206
 0.40964 0.281206
 0.40976 0.281197
 0.40988 0.281177
 0.41 0.281147
 0.41012 0.281107
 0.41024 0.281057
 0.41036 0.280997
 0.41048 0.280926
 0.4106 0.280845
 0.41072 0.280754
 0.41084 0.280653
 0.41096 0.280541
 0.41108 0.28042
 0.4112 0.280288
 0.41132 0.280146
 0.41144 0.279995
 0.41156 0.279833
 0.41168 0.279661
 0.4118 0.279479
 0.41192 0.279288
 0.41204 0.279086
 0.41216 0.278875
 0.41228 0.278653
 0.4124 0.278422
 0.41252 0.278181
 0.41264 0.27793
 0.41276 0.277669
 0.41288 0.277399
 0.413 0.277118
 0.41312 0.276828
 0.41324 0.276529
 0.41336 0.276219
 0.41348 0.2759
 0.4136 0.275571
 0.41372 0.275233
 0.41384 0.274885
 0.41396 0.274527
 0.41408 0.27416
 0.4142 0.273783
 0.41432 0.273397
 0.41444 0.273001
 0.41456 0.272596
 0.41468 0.272181
 0.4148 0.271757
 0.41492 0.271324
 0.41504 0.270881
 0.41516 0.27043
 0.41528 0.269968
 0.4154 0.269498
 0.41552 0.269019
 0.41564 0.26853
 0.41576 0.268032
 0.41588 0.267525
 0.416 0.267009
 0.41612 0.266484
 0.41624 0.265949
 0.41636 0.265406
 0.41648 0.264853
 0.4166 0.264292
 0.41672 0.263721
 0.41684 0.263141
 0.41696 0.262552
 0.41708 0.261954
 0.4172 0.261347
 0.41732 0.260731
 0.41744 0.260106
 0.41756 0.259472
 0.41768 0.258829
 0.4178 0.258177
 0.41792 0.257516
 0.41804 0.256847
 0.41816 0.256168
 0.41828 0.255481
 0.4184 0.254785
 0.41852 0.25408
 0.41864 0.253367
 0.41876 0.252645
 0.41888 0.251914
 0.419 0.251175
 0.41912 0.250427
 0.41924 0.249671
 0.41936 0.248906
 0.41948 0.248133
 0.4196 0.247351
 0.41972 0.246561
 0.41984 0.245763
 0.41996 0.244957
 0.42008 0.244143
 0.4202 0.24332
 0.42032 0.24249
 0.42044 0.241652
 0.42056 0.240807
 0.42068 0.239953
 0.4208 0.239092
 0.42092 0.238224
 0.42104 0.237348
 0.42116 0.236464
 0.42128 0.235573
 0.4214 0.234675
 0.42152 0.233769
 0.42164 0.232856
 0.42176 0.231936
 0.42188 0.231008
 0.422 0.230074
 0.42212 0.229132
 0.42224 0.228184
 0.42236 0.227228
 0.42248 0.226265
 0.4226 0.225296
 0.42272 0.224319
 0.42284 0.223336
 0.42296 0.222346
 0.42308 0.22135
 0.4232 0.220346
 0.42332 0.219336
 0.42344 0.21832
 0.42356 0.217296
 0.42368 0.216267
 0.4238 0.21523
 0.42392 0.214187
 0.42404 0.213138
 0.42416 0.212082
 0.42428 0.21102
 0.4244 0.209951
 0.42452 0.208875
 0.42464 0.207794
 0.42476 0.206706
 0.42488 0.205612
 0.425 0.204511
 0.42512 0.203404
 0.42524 0.202292
 0.42536 0.201172
 0.42548 0.200047
 0.4256 0.198916
 0.42572 0.197778
 0.42584 0.196635
 0.42596 0.195485
 0.42608 0.19433
 0.4262 0.193168
 0.42632 0.192001
 0.42644 0.190827
 0.42656 0.189648
 0.42668 0.188463
 0.4268 0.187272
 0.42692 0.186075
 0.42704 0.184873
 0.42716 0.183665
 0.42728 0.182451
 0.4274 0.181231
 0.42752 0.180006
 0.42764 0.178776
 0.42776 0.177539
 0.42788 0.176298
 0.428 0.17505
 0.42812 0.173798
 0.42824 0.17254
 0.42836 0.171276
 0.42848 0.170008
 0.4286 0.168734
 0.42872 0.167454
 0.42884 0.16617
 0.42896 0.164881
 0.42908 0.163586
 0.4292 0.162286
 0.42932 0.160981
 0.42944 0.15967
 0.42956 0.158355
 0.42968 0.157034
 0.4298 0.155707
 0.42992 0.154375
 0.43004 0.153038
 0.43016 0.151695
 0.43028 0.150347
 0.4304 0.148994
 0.43052 0.147635
 0.43064 0.146271
 0.43076 0.144902
 0.43088 0.143527
 0.431 0.142148
 0.43112 0.140764
 0.43124 0.139376
 0.43136 0.137982
 0.43148 0.136584
 0.4316 0.135182
 0.43172 0.133775
 0.43184 0.132364
 0.43196 0.130949
 0.43208 0.12953
 0.4322 0.128107
 0.43232 0.12668
 0.43244 0.125249
 0.43256 0.123815
 0.43268 0.122377
 0.4328 0.120936
 0.43292 0.119491
 0.43304 0.118043
 0.43316 0.116592
 0.43328 0.115139
 0.4334 0.113682
 0.43352 0.112223
 0.43364 0.110761
 0.43376 0.109296
 0.43388 0.107829
 0.434 0.10636
 0.43412 0.104889
 0.43424 0.103416
 0.43436 0.101941
 0.43448 0.100464
 0.4346 0.098986
 0.43472 0.0975062
 0.43484 0.096025
 0.43496 0.0945425
 0.43508 0.0930589
 0.4352 0.0915743
 0.43532 0.0900888
 0.43544 0.0886026
 0.43556 0.0871157
 0.43568 0.0856283
 0.4358 0.0841406
 0.43592 0.0826526
 0.43604 0.0811644
 0.43616 0.0796762
 0.43628 0.0781882
 0.4364 0.0767003
 0.43652 0.0752128
 0.43664 0.0737257
 0.43676 0.0722391
 0.43688 0.0707531
 0.437 0.0692678
 0.43712 0.0677834
 0.43724 0.0662999
 0.43736 0.0648175
 0.43748 0.0633361
 0.4376 0.061856
 0.43772 0.0603773
 0.43784 0.0588999
 0.43796 0.0574241
 0.43808 0.0559498
 0.4382 0.0544772
 0.43832 0.0530063
 0.43844 0.0515372
 0.43856 0.0500698
 0.43868 0.0486044
 0.4388 0.0471408
 0.43892 0.0456793
 0.43904 0.0442197
 0.43916 0.0427623
 0.43928 0.0413071
 0.4394 0.0398541
 0.43952 0.0384033
 0.43964 0.036955
 0.43976 0.0355091
 0.43988 0.0340656
 0.44 0.0326248
 0.44012 0.0311866
 0.44024 0.0297511
 0.44036 0.0283184
 0.44048 0.0268886
 0.4406 0.0254618
 0.44072 0.0240379
 0.44084 0.022617
 0.44096 0.0211991
 0.44108 0.0197843
 0.4412 0.0183726
 0.44132 0.016964
 0.44144 0.0155585
 0.44156 0.0141562
 0.44168 0.012757
 0.4418 0.0113611
 0.44192 0.00996836
 0.44204 0.00857891
 0.44216 0.00719276
 0.44228 0.00580993
 0.4424 0.00443044
 0.44252 0.00305433
 0.44264 0.00168162
 0.44276 0.000312332
 0.44288 -0.0010535
 0.443 -0.00241586
 0.44312 -0.00377471
 0.44324 -0.00513004
 0.44336 -0.00648181
 0.44348 -0.00782999
 0.4436 -0.00917453
 0.44372 -0.0105154
 0.44384 -0.0118526
 0.44396 -0.0131861
 0.44408 -0.0145158
 0.4442 -0.0158418
 0.44432 -0.017164
 0.44444 -0.0184823
 0.44456 -0.0197968
 0.44468 -0.0211074
 0.4448 -0.0224142
 0.44492 -0.0237171
 0.44504 -0.0250161
 0.44516 -0.0263112
 0.44528 -0.0276024
 0.4454 -0.0288896
 0.44552 -0.0301728
 0.44564 -0.031452
 0.44576 -0.032727
 0.44588 -0.0339979
 0.446 -0.0352646
 0.44612 -0.0365271
 0.44624 -0.0377853
 0.44636 -0.0390391
 0.44648 -0.0402884
 0.4466 -0.0415333
 0.44672 -0.0427736
 0.44684 -0.0440094
 0.44696 -0.0452404
 0.44708 -0.0464668
 0.4472 -0.0476883
 0.44732 -0.048905
 0.44744 -0.0501169
 0.44756 -0.0513237
 0.44768 -0.0525256
 0.4478 -0.0537224
 0.44792 -0.0549142
 0.44804 -0.0561008
 0.44816 -0.0572822
 0.44828 -0.0584585
 0.4484 -0.0596294
 0.44852 -0.0607951
 0.44864 -0.0619554
 0.44876 -0.0631103
 0.44888 -0.0642598
 0.449 -0.0654038
 0.44912 -0.0665422
 0.44924 -0.0676752
 0.44936 -0.0688025
 0.44948 -0.0699241
 0.4496 -0.0710401
 0.44972 -0.0721504
 0.44984 -0.073255
 0.44996 -0.0743538
 0.45008 -0.0754468
 0.4502 -0.076534
 0.45032 -0.0776153
 0.45044 -0.0786908
 0.45056 -0.0797603
 0.45068 -0.080824
 0.4508 -0.0818816
 0.45092 -0.0829333
 0.45104 -0.083979
 0.45116 -0.0850186
 0.45128 -0.0860521
 0.4514 -0.0870795
 0.45152 -0.0881007
 0.45164 -0.0891157
 0.45176 -0.0901245
 0.45188 -0.0911271
 0.452 -0.0921234
 0.45212 -0.0931134
 0.45224 -0.094097
 0.45236 -0.0950742
 0.45248 -0.096045
 0.4526 -0.0970094
 0.45272 -0.0979673
 0.45284 -0.0989186
 0.45296 -0.0998635
 0.45308 -0.100802
 0.4532 -0.101733
 0.45332 -0.102658
 0.45344 -0.103576
 0.45356 -0.104488
 0.45368 -0.105392
 0.4538 -0.10629
 0.45392 -0.107181
 0.45404 -0.108065
 0.45416 -0.108942
 0.45428 -0.109811
 0.4544 -0.110674
 0.45452 -0.111529
 0.45464 -0.112377
 0.45476 -0.113218
 0.45488 -0.114052
 0.455 -0.114878
 0.45512 -0.115697
 0.45524 -0.116508
 0.45536 -0.117312
 0.45548 -0.118108
 0.4556 -0.118896
 0.45572 -0.119677
 0.45584 -0.12045
 0.45596 -0.121215
 0.45608 -0.121973
 0.4562 -0.122722
 0.45632 -0.123464
 0.45644 -0.124198
 0.45656 -0.124924
 0.45668 -0.125641
 0.4568 -0.126351
 0.45692 -0.127053
 0.45704 -0.127746
 0.45716 -0.128431
 0.45728 -0.129108
 0.4574 -0.129777
 0.45752 -0.130438
 0.45764 -0.13109
 0.45776 -0.131734
 0.45788 -0.132369
 0.458 -0.132996
 0.45812 -0.133615
 0.45824 -0.134225
 0.45836 -0.134827
 0.45848 -0.13542
 0.4586 -0.136005
 0.45872 -0.136581
 0.45884 -0.137149
 0.45896 -0.137708
 0.45908 -0.138259
 0.4592 -0.138801
 0.45932 -0.139334
 0.45944 -0.139859
 0.45956 -0.140375
 0.45968 -0.140882
 0.4598 -0.14138
 0.45992 -0.14187
 0.46004 -0.14235
 0.46016 -0.142821
 0.46028 -0.143283
 0.4604 -0.143735
 0.46052 -0.144179
 0.46064 -0.144613
 0.46076 -0.145038
 0.46088 -0.145454
 0.461 -0.145861
 0.46112 -0.146258
 0.46124 -0.146647
 0.46136 -0.147026
 0.46148 -0.147396
 0.4616 -0.147757
 0.46172 -0.148108
 0.46184 -0.148451
 0.46196 -0.148784
 0.46208 -0.149109
 0.4622 -0.149424
 0.46232 -0.14973
 0.46244 -0.150027
 0.46256 -0.150315
 0.46268 -0.150594
 0.4628 -0.150864
 0.46292 -0.151126
 0.46304 -0.151378
 0.46316 -0.151621
 0.46328 -0.151856
 0.4634 -0.152082
 0.46352 -0.152299
 0.46364 -0.152508
 0.46376 -0.152708
 0.46388 -0.152899
 0.464 -0.153082
 0.46412 -0.153257
 0.46424 -0.153423
 0.46436 -0.15358
 0.46448 -0.153729
 0.4646 -0.15387
 0.46472 -0.154003
 0.46484 -0.154127
 0.46496 -0.154244
 0.46508 -0.154352
 0.4652 -0.154452
 0.46532 -0.154543
 0.46544 -0.154627
 0.46556 -0.154703
 0.46568 -0.154771
 0.4658 -0.154831
 0.46592 -0.154883
 0.46604 -0.154928
 0.46616 -0.154964
 0.46628 -0.154993
 0.4664 -0.155015
 0.46652 -0.155028
 0.46664 -0.155034
 0.46676 -0.155032
 0.46688 -0.155023
 0.467 -0.155006
 0.46712 -0.154982
 0.46724 -0.154951
 0.46736 -0.154912
 0.46748 -0.154865
 0.4676 -0.154811
 0.46772 -0.15475
 0.46784 -0.154682
 0.46796 -0.154607
 0.46808 -0.154524
 0.4682 -0.154434
 0.46832 -0.154337
 0.46844 -0.154233
 0.46856 -0.154121
 0.46868 -0.154003
 0.4688 -0.153877
 0.46892 -0.153745
 0.46904 -0.153605
 0.46916 -0.153458
 0.46928 -0.153305
 0.4694 -0.153144
 0.46952 -0.152977
 0.46964 -0.152803
 0.46976 -0.152622
 0.46988 -0.152434
 0.47 -0.152239
 0.47012 -0.152038
 0.47024 -0.15183
 0.47036 -0.151616
 0.47048 -0.151394
 0.4706 -0.151167
 0.47072 -0.150932
 0.47084 -0.150692
 0.47096 -0.150444
 0.47108 -0.150191
 0.4712 -0.149931
 0.47132 -0.149664
 0.47144 -0.149391
 0.47156 -0.149112
 0.47168 -0.148826
 0.4718 -0.148534
 0.47192 -0.148236
 0.47204 -0.147931
 0.47216 -0.14762
 0.47228 -0.147302
 0.4724 -0.146979
 0.47252 -0.146648
 0.47264 -0.146312
 0.47276 -0.145969
 0.47288 -0.14562
 0.473 -0.145264
 0.47312 -0.144902
 0.47324 -0.144534
 0.47336 -0.14416
 0.47348 -0.143779
 0.4736 -0.143392
 0.47372 -0.142998
 0.47384 -0.142599
 0.47396 -0.142193
 0.47408 -0.14178
 0.4742 -0.141362
 0.47432 -0.140938
 0.47444 -0.140507
 0.47456 -0.14007
 0.47468 -0.139627
 0.4748 -0.139178
 0.47492 -0.138722
 0.47504 -0.138261
 0.47516 -0.137793
 0.47528 -0.13732
 0.4754 -0.13684
 0.47552 -0.136355
 0.47564 -0.135863
 0.47576 -0.135366
 0.47588 -0.134863
 0.476 -0.134354
 0.47612 -0.133839
 0.47624 -0.133319
 0.47636 -0.132794
 0.47648 -0.132263
 0.4766 -0.131727
 0.47672 -0.131185
 0.47684 -0.130638
 0.47696 -0.130087
 0.47708 -0.12953
 0.4772 -0.128969
 0.47732 -0.128402
 0.47744 -0.127831
 0.47756 -0.127255
 0.47768 -0.126675
 0.4778 -0.12609
 0.47792 -0.125501
 0.47804 -0.124907
 0.47816 -0.124309
 0.47828 -0.123707
 0.4784 -0.1231
 0.47852 -0.12249
 0.47864 -0.121875
 0.47876 -0.121256
 0.47888 -0.120634
 0.479 -0.120007
 0.47912 -0.119377
 0.47924 -0.118743
 0.47936 -0.118106
 0.47948 -0.117465
 0.4796 -0.116821
 0.47972 -0.116173
 0.47984 -0.115522
 0.47996 -0.114867
 0.48008 -0.114209
 0.4802 -0.113549
 0.48032 -0.112885
 0.48044 -0.112218
 0.48056 -0.111549
 0.48068 -0.110876
 0.4808 -0.110201
 0.48092 -0.109523
 0.48104 -0.108842
 0.48116 -0.108159
 0.48128 -0.107473
 0.4814 -0.106785
 0.48152 -0.106095
 0.48164 -0.105402
 0.48176 -0.104706
 0.48188 -0.104009
 0.482 -0.103309
 0.48212 -0.102607
 0.48224 -0.101903
 0.48236 -0.101198
 0.48248 -0.10049
 0.4826 -0.0997802
 0.48272 -0.0990687
 0.48284 -0.0983555
 0.48296 -0.0976406
 0.48308 -0.096924
 0.4832 -0.0962059
 0.48332 -0.0954862
 0.48344 -0.0947651
 0.48356 -0.0940426
 0.48368 -0.0933188
 0.4838 -0.0925937
 0.48392 -0.0918675
 0.48404 -0.0911402
 0.48416 -0.0904118
 0.48428 -0.0896825
 0.4844 -0.0889522
 0.48452 -0.0882212
 0.48464 -0.0874893
 0.48476 -0.0867568
 0.48488 -0.0860236
 0.485 -0.0852899
 0.48512 -0.0845557
 0.48524 -0.0838211
 0.48536 -0.0830862
 0.48548 -0.0823511
 0.4856 -0.0816159
 0.48572 -0.0808807
 0.48584 -0.0801455
 0.48596 -0.0794105
 0.48608 -0.0786757
 0.4862 -0.0779411
 0.48632 -0.0772069
 0.48644 -0.076473
 0.48656 -0.0757396
 0.48668 -0.0750068
 0.4868 -0.0742745
 0.48692 -0.0735429
 0.48704 -0.0728121
 0.48716 -0.072082
 0.48728 -0.0713529
 0.4874 -0.0706247
 0.48752 -0.0698975
 0.48764 -0.0691714
 0.48776 -0.0684465
 0.48788 -0.0677227
 0.488 -0.0670002
 0.48812 -0.0662789
 0.48824 -0.065559
 0.48836 -0.0648405
 0.48848 -0.0641234
 0.4886 -0.0634077
 0.48872 -0.0626936
 0.48884 -0.0619809
 0.48896 -0.0612698
 0.48908 -0.0605601
 0.4892 -0.059852
 0.48932 -0.0591455
 0.48944 -0.0584405
 0.48956 -0.0577371
 0.48968 -0.0570352
 0.4898 -0.0563351
 0.48992 -0.0556366
 0.49004 -0.0549398
 0.49016 -0.0542449
 0.49028 -0.0535518
 0.4904 -0.0528606
 0.49052 -0.0521714
 0.49064 -0.0514841
 0.49076 -0.0507989
 0.49088 -0.0501158
 0.491 -0.0494348
 0.49112 -0.0487559
 0.49124 -0.0480793
 0.49136 -0.0474049
 0.49148 -0.0467328
 0.4916 -0.046063
 0.49172 -0.0453955
 0.49184 -0.0447304
 0.49196 -0.0440676
 0.49208 -0.0434073
 0.4922 -0.0427495
 0.49232 -0.0420942
 0.49244 -0.0414414
 0.49256 -0.0407912
 0.49268 -0.0401437
 0.4928 -0.0394987
 0.49292 -0.0388563
 0.49304 -0.0382166
 0.49316 -0.0375795
 0.49328 -0.0369452
 0.4934 -0.0363135
 0.49352 -0.0356847
 0.49364 -0.0350586
 0.49376 -0.0344354
 0.49388 -0.033815
 0.494 -0.0331976
 0.49412 -0.0325831
 0.49424 -0.0319715
 0.49436 -0.0313629
 0.49448 -0.0307574
 0.4946 -0.0301549
 0.49472 -0.0295555
 0.49484 -0.0289592
 0.49496 -0.028366
 0.49508 -0.0277761
 0.4952 -0.0271894
 0.49532 -0.0266059
 0.49544 -0.0260257
 0.49556 -0.0254488
 0.49568 -0.0248752
 0.4958 -0.024305
 0.49592 -0.0237383
 0.49604 -0.0231749
 0.49616 -0.0226151
 0.49628 -0.0220587
 0.4964 -0.0215059
 0.49652 -0.0209566
 0.49664 -0.0204109
 0.49676 -0.0198689
 0.49688 -0.0193304
 0.497 -0.0187957
 0.49712 -0.0182647
 0.49724 -0.0177374
 0.49736 -0.0172139
 0.49748 -0.0166942
 0.4976 -0.0161783
 0.49772 -0.0156663
 0.49784 -0.0151581
 0.49796 -0.0146539
 0.49808 -0.0141537
 0.4982 -0.0136574
 0.49832 -0.0131651
 0.49844 -0.0126769
 0.49856 -0.0121928
 0.49868 -0.0117128
 0.4988 -0.0112369
 0.49892 -0.0107652
 0.49904 -0.0102976
 0.49916 -0.0098343
 0.49928 -0.00937521
 0.4994 -0.00892036
 0.49952 -0.00846979
 0.49964 -0.00802352
 0.49976 -0.00758157
 0.49988 -0.00714396
 0.5 -0.00671071
 0.50012 -0.00628183
 0.50024 -0.00585732
 0.50036 -0.00543721
 0.50048 -0.0050215
 0.5006 -0.00461021
 0.50072 -0.00420334
 0.50084 -0.00380092
 0.50096 -0.00340297
 0.50108 -0.00300949
 0.5012 -0.00262051
 0.50132 -0.00223605
 0.50144 -0.00185612
 0.50156 -0.00148076
 0.50168 -0.00111001
 0.5018 -0.000743918
 0.50192 -0.000382521
 0.50204 -2.58613e-05
 0.50216 0.00032602
 0.50228 0.000673081
 0.5024 0.00101528
 0.50252 0.00135255
 0.50264 0.00168487
 0.50276 0.00201219
 0.50288 0.00233447
 0.503 0.00265167
 0.50312 0.00296376
 0.50324 0.0032707
 0.50336 0.00357245
 0.50348 0.00386897
 0.5036 0.00416023
 0.50372 0.00444619
 0.50384 0.00472682
 0.50396 0.00500211
 0.50408 0.00527204
 0.5042 0.00553659
 0.50432 0.00579576
 0.50444 0.00604954
 0.50456 0.00629793
 0.50468 0.00654096
 0.5048 0.00677862
 0.50492 0.00701093
 0.50504 0.0072379
 0.50516 0.00745956
 0.50528 0.00767592
 0.5054 0.00788701
 0.50552 0.00809288
 0.50564 0.00829356
 0.50576 0.0084891
 0.50588 0.00867954
 0.506 0.00886495
 0.50612 0.00904537
 0.50624 0.00922087
 0.50636 0.00939151
 0.50648 0.00955736
 0.5066 0.00971848
 0.50672 0.00987493
 0.50684 0.0100268
 0.50696 0.0101741
 0.50708 0.0103169
 0.5072 0.0104553
 0.50732 0.0105894
 0.50744 0.0107192
 0.50756 0.0108447
 0.50768 0.010966
 0.5078 0.0110831
 0.50792 0.0111961
 0.50804 0.011305
 0.50816 0.0114099
 0.50828 0.0115108
 0.5084 0.0116077
 0.50852 0.0117007
 0.50864 0.0117898
 0.50876 0.0118752
 0.50888 0.0119567
 0.509 0.0120345
 0.50912 0.0121086
 0.50924 0.012179
 0.50936 0.0122459
 0.50948 0.0123092
 0.5096 0.0123691
 0.50972 0.0124256
 0.50984 0.0124788
 0.50996 0.0125288
 0.51008 0.0125755
 0.5102 0.0126192
 0.51032 0.0126598
 0.51044 0.0126973
 0.51056 0.0127319
 0.51068 0.0127636
 0.5108 0.0127924
 0.51092 0.0128185
 0.51104 0.0128418
 0.51116 0.0128624
 0.51128 0.0128803
 0.5114 0.0128957
 0.51152 0.0129086
 0.51164 0.0129189
 0.51176 0.0129269
 0.51188 0.0129324
 0.512 0.0129357
 0.51212 0.0129366
 0.51224 0.0129353
 0.51236 0.0129317
 0.51248 0.012926
 0.5126 0.0129181
 0.51272 0.012908
 0.51284 0.0128958
 0.51296 0.0128816
 0.51308 0.0128653
 0.5132 0.012847
 0.51332 0.0128267
 0.51344 0.0128045
 0.51356 0.0127805
 0.51368 0.0127546
 0.5138 0.0127268
 0.51392 0.0126974
 0.51404 0.0126661
 0.51416 0.0126332
 0.51428 0.0125987
 0.5144 0.0125625
 0.51452 0.0125247
 0.51464 0.0124854
 0.51476 0.0124447
 0.51488 0.0124024
 0.515 0.0123587
 0.51512 0.0123137
 0.51524 0.0122674
 0.51536 0.0122198
 0.51548 0.0121712
 0.5156 0.0121214
 0.51572 0.0120707
 0.51584 0.0120191
 0.51596 0.0119666
 0.51608 0.0119133
 0.5162 0.0118593
 0.51632 0.0118046
 0.51644 0.0117493
 0.51656 0.0116935
 0.51668 0.0116371
 0.5168 0.0115803
 0.51692 0.0115231
 0.51704 0.0114656
 0.51716 0.0114079
 0.51728 0.0113499
 0.5174 0.0112919
 0.51752 0.0112337
 0.51764 0.0111755
 0.51776 0.0111174
 0.51788 0.0110593
 0.518 0.0110014
 0.51812 0.0109437
 0.51824 0.0108862
 0.51836 0.0108291
 0.51848 0.0107724
 0.5186 0.0107162
 0.51872 0.0106603
 0.51884 0.0106049
 0.51896 0.0105499
 0.51908 0.0104954
 0.5192 0.0104413
 0.51932 0.0103877
 0.51944 0.0103344
 0.51956 0.0102816
 0.51968 0.0102292
 0.5198 0.0101772
 0.51992 0.0101256
 0.52004 0.0100745
 0.52016 0.0100238
 0.52028 0.0099737
 0.5204 0.00992413
 0.52052 0.00987515
 0.52064 0.00982678
 0.52076 0.00977904
 0.52088 0.00973197
 0.521 0.00968558
 0.52112 0.00963989
 0.52124 0.00959492
 0.52136 0.00955066
 0.52148 0.00950713
 0.5216 0.00946433
 0.52172 0.00942227
 0.52184 0.00938094
 0.52196 0.00934037
 0.52208 0.00930055
 0.5222 0.00926149
 0.52232 0.0092232
 0.52244 0.0091857
 0.52256 0.00914898
 0.52268 0.00911305
 0.5228 0.0090779
 0.52292 0.00904355
 0.52304 0.00901
 0.52316 0.00897729
 0.52328 0.00894546
 0.5234 0.00891456
 0.52352 0.0088846
 0.52364 0.00885563
 0.52376 0.00882766
 0.52388 0.00880071
 0.524 0.00877481
 0.52412 0.00874999
 0.52424 0.00872626
 0.52436 0.00870365
 0.52448 0.00868219
 0.5246 0.00866189
 0.52472 0.00864279
 0.52484 0.00862489
 0.52496 0.00860824
 0.52508 0.00859284
 0.5252 0.00857873
 0.52532 0.00856592
 0.52544 0.00855445
 0.52556 0.00854433
 0.52568 0.00853559
 0.5258 0.00852824
 0.52592 0.00852233
 0.52604 0.00851786
 0.52616 0.00851486
 0.52628 0.00851335
 0.5264 0.00851335
 0.52652 0.00851487
 0.52664 0.00851792
 0.52676 0.00852253
 0.52688 0.0085287
 0.527 0.00853646
 0.52712 0.00854582
 0.52724 0.00855679
 0.52736 0.0085694
 0.52748 0.00858365
 0.5276 0.00859956
 0.52772 0.00861716
 0.52784 0.00863644
 0.52796 0.00865744
 0.52808 0.00868016
 0.5282 0.00870462
 0.52832 0.00873084
 0.52844 0.00875883
 0.52856 0.00878861
 0.52868 0.0088202
 0.5288 0.0088536
 0.52892 0.00888884
 0.52904 0.00892591
 0.52916 0.00896483
 0.52928 0.00900558
 0.5294 0.00904817
 0.52952 0.00909261
 0.52964 0.00913888
 0.52976 0.00918698
 0.52988 0.00923693
 0.53 0.0092887
 0.53012 0.0093423
 0.53024 0.00939772
 0.53036 0.00945496
 0.53048 0.00951402
 0.5306 0.00957489
 0.53072 0.00963756
 0.53084 0.00970203
 0.53096 0.00976831
 0.53108 0.00983637
 0.5312 0.00990624
 0.53132 0.00997789
 0.53144 0.0100514
 0.53156 0.0101266
 0.53168 0.0102037
 0.5318 0.0102827
 0.53192 0.0103635
 0.53204 0.0104462
 0.53216 0.0105309
 0.53228 0.0106174
 0.5324 0.0107059
 0.53252 0.0107964
 0.53264 0.0108889
 0.53276 0.0109834
 0.53288 0.0110799
 0.533 0.0111784
 0.53312 0.011279
 0.53324 0.0113817
 0.53336 0.0114865
 0.53348 0.0115934
 0.5336 0.0117024
 0.53372 0.0118136
 0.53384 0.0119269
 0.53396 0.0120423
 0.53408 0.0121599
 0.5342 0.0122796
 0.53432 0.0124013
 0.53444 0.0125251
 0.53456 0.0126509
 0.53468 0.0127787
 0.5348 0.0129083
 0.53492 0.0130398
 0.53504 0.013173
 0.53516 0.013308
 0.53528 0.0134446
 0.5354 0.0135829
 0.53552 0.0137226
 0.53564 0.0138638
 0.53576 0.0140065
 0.53588 0.0141504
 0.536 0.0142957
 0.53612 0.0144421
 0.53624 0.0145896
 0.53636 0.0147382
 0.53648 0.0148877
 0.5366 0.0150382
 0.53672 0.0151894
 0.53684 0.0153414
 0.53696 0.0154941
 0.53708 0.0156474
 0.5372 0.0158011
 0.53732 0.0159554
 0.53744 0.01611
 0.53756 0.016265
 0.53768 0.0164202
 0.5378 0.0165757
 0.53792 0.0167314
 0.53804 0.0168872
 0.53816 0.0170432
 0.53828 0.0171991
 0.5384 0.0173551
 0.53852 0.017511
 0.53864 0.0176669
 0.53876 0.0178225
 0.53888 0.017978
 0.539 0.0181332
 0.53912 0.0182882
 0.53924 0.0184427
 0.53936 0.0185969
 0.53948 0.0187505
 0.5396 0.0189035
 0.53972 0.0190559
 0.53984 0.0192075
 0.53996 0.0193584
 0.54008 0.0195084
 0.5402 0.0196575
 0.54032 0.0198056
 0.54044 0.0199528
 0.54056 0.0200988
 0.54068 0.0202437
 0.5408 0.0203874
 0.54092 0.0205299
 0.54104 0.0206711
 0.54116 0.0208108
 0.54128 0.0209492
 0.5414 0.021086
 0.54152 0.0212214
 0.54164 0.0213551
 0.54176 0.0214872
 0.54188 0.0216176
 0.542 0.0217463
 0.54212 0.0218732
 0.54224 0.0219984
 0.54236 0.0221218
 0.54248 0.0222433
 0.5426 0.022363
 0.54272 0.0224809
 0.54284 0.0225968
 0.54296 0.0227109
 0.54308 0.0228231
 0.5432 0.0229333
 0.54332 0.0230415
 0.54344 0.0231477
 0.54356 0.0232519
 0.54368 0.023354
 0.5438 0.023454
 0.54392 0.0235519
 0.54404 0.0236477
 0.54416 0.0237413
 0.54428 0.0238327
 0.5444 0.0239218
 0.54452 0.0240087
 0.54464 0.0240934
 0.54476 0.0241757
 0.54488 0.0242556
 0.545 0.0243332
 0.54512 0.0244084
 0.54524 0.0244812
 0.54536 0.0245514
 0.54548 0.0246191
 0.5456 0.0246841
 0.54572 0.0247465
 0.54584 0.0248062
 0.54596 0.0248631
 0.54608 0.0249171
 0.5462 0.0249683
 0.54632 0.0250166
 0.54644 0.0250619
 0.54656 0.0251042
 0.54668 0.0251434
 0.5468 0.0251795
 0.54692 0.0252123
 0.54704 0.025242
 0.54716 0.0252683
 0.54728 0.0252913
 0.5474 0.0253108
 0.54752 0.0253269
 0.54764 0.0253395
 0.54776 0.0253485
 0.54788 0.0253539
 0.548 0.0253556
 0.54812 0.0253535
 0.54824 0.0253476
 0.54836 0.0253377
 0.54848 0.0253238
 0.5486 0.0253059
 0.54872 0.0252839
 0.54884 0.0252577
 0.54896 0.0252274
 0.54908 0.025193
 0.5492 0.0251543
 0.54932 0.0251114
 0.54944 0.0250643
 0.54956 0.0250129
 0.54968 0.0249573
 0.5498 0.0248974
 0.54992 0.0248332
 0.55004 0.0247647
 0.55016 0.0246917
 0.55028 0.0246143
 0.5504 0.0245324
 0.55052 0.024446
 0.55064 0.024355
 0.55076 0.0242595
 0.55088 0.0241594
 0.551 0.0240547
 0.55112 0.0239454
 0.55124 0.0238315
 0.55136 0.0237129
 0.55148 0.0235899
 0.5516 0.0234623
 0.55172 0.0233301
 0.55184 0.0231935
 0.55196 0.0230524
 0.55208 0.0229068
 0.5522 0.0227568
 0.55232 0.0226024
 0.55244 0.0224437
 0.55256 0.0222805
 0.55268 0.0221131
 0.5528 0.0219413
 0.55292 0.0217652
 0.55304 0.0215849
 0.55316 0.0214002
 0.55328 0.0212113
 0.5534 0.021018
 0.55352 0.0208205
 0.55364 0.0206186
 0.55376 0.0204124
 0.55388 0.020202
 0.554 0.0199872
 0.55412 0.0197683
 0.55424 0.019545
 0.55436 0.0193176
 0.55448 0.0190859
 0.5546 0.0188501
 0.55472 0.01861
 0.55484 0.0183658
 0.55496 0.0181174
 0.55508 0.0178648
 0.5552 0.0176081
 0.55532 0.0173473
 0.55544 0.0170823
 0.55556 0.0168133
 0.55568 0.0165402
 0.5558 0.0162629
 0.55592 0.0159817
 0.55604 0.0156964
 0.55616 0.015407
 0.55628 0.0151136
 0.5564 0.0148163
 0.55652 0.0145149
 0.55664 0.0142096
 0.55676 0.0139004
 0.55688 0.0135874
 0.557 0.0132704
 0.55712 0.0129496
 0.55724 0.0126249
 0.55736 0.0122965
 0.55748 0.0119643
 0.5576 0.0116284
 0.55772 0.0112888
 0.55784 0.0109455
 0.55796 0.0105985
 0.55808 0.0102479
 0.5582 0.00989374
 0.55832 0.009536
 0.55844 0.00917471
 0.55856 0.00880992
 0.55868 0.00844165
 0.5588 0.00806992
 0.55892 0.00769477
 0.55904 0.00731624
 0.55916 0.00693438
 0.55928 0.00654924
 0.5594 0.00616087
 0.55952 0.00576931
 0.55964 0.00537463
 0.55976 0.00497689
 0.55988 0.00457615
 0.56 0.00417245
 0.56012 0.00376587
 0.56024 0.00335645
 0.56036 0.00294426
 0.56048 0.00252936
 0.5606 0.00211179
 0.56072 0.00169163
 0.56084 0.00126893
 0.56096 0.000843741
 0.56108 0.000416123
 0.5612 -1.3886e-05
 0.56132 -0.00044625
 0.56144 -0.000880934
 0.56156 -0.0013179
 0.56168 -0.00175713
 0.5618 -0.00219859
 0.56192 -0.00264224
 0.56204 -0.00308807
 0.56216 -0.00353605
 0.56228 -0.00398615
 0.5624 -0.00443834
 0.56252 -0.0048926
 0.56264 -0.0053489
 0.56276 -0.00580721
 0.56288 -0.00626751
 0.563 -0.00672977
 0.56312 -0.00719395
 0.56324 -0.00766005
 0.56336 -0.00812803
 0.56348 -0.00859787
 0.5636 -0.00906955
 0.56372 -0.00954305
 0.56384 -0.0100183
 0.56396 -0.0104954
 0.56408 -0.0109741
 0.5642 -0.0114545
 0.56432 -0.0119366
 0.56444 -0.0124202
 0.56456 -0.0129053
 0.56468 -0.0133919
 0.5648 -0.0138798
 0.56492 -0.014369
 0.56504 -0.0148595
 0.56516 -0.0153512
 0.56528 -0.0158439
 0.5654 -0.0163377
 0.56552 -0.0168325
 0.56564 -0.0173282
 0.56576 -0.0178247
 0.56588 -0.0183221
 0.566 -0.0188201
 0.56612 -0.0193189
 0.56624 -0.0198182
 0.56636 -0.0203181
 0.56648 -0.0208185
 0.5666 -0.0213193
 0.56672 -0.0218204
 0.56684 -0.0223218
 0.56696 -0.0228234
 0.56708 -0.0233252
 0.5672 -0.0238271
 0.56732 -0.024329
 0.56744 -0.0248308
 0.56756 -0.0253326
 0.56768 -0.0258342
 0.5678 -0.0263356
 0.56792 -0.0268368
 0.56804 -0.0273377
 0.56816 -0.0278383
 0.56828 -0.0283385
 0.5684 -0.0288382
 0.56852 -0.0293375
 0.56864 -0.0298362
 0.56876 -0.0303343
 0.56888 -0.0308317
 0.569 -0.0313285
 0.56912 -0.0318245
 0.56924 -0.0323196
 0.56936 -0.0328139
 0.56948 -0.0333072
 0.5696 -0.0337995
 0.56972 -0.0342908
 0.56984 -0.0347809
 0.56996 -0.03527
 0.57008 -0.0357579
 0.5702 -0.0362446
 0.57032 -0.0367302
 0.57044 -0.0372145
 0.57056 -0.0376976
 0.57068 -0.0381793
 0.5708 -0.0386598
 0.57092 -0.0391389
 0.57104 -0.0396167
 0.57116 -0.040093
 0.57128 -0.0405679
 0.5714 -0.0410414
 0.57152 -0.0415134
 0.57164 -0.0419839
 0.57176 -0.0424529
 0.57188 -0.0429204
 0.572 -0.0433864
 0.57212 -0.0438508
 0.57224 -0.0443137
 0.57236 -0.0447751
 0.57248 -0.0452349
 0.5726 -0.0456933
 0.57272 -0.0461501
 0.57284 -0.0466054
 0.57296 -0.0470592
 0.57308 -0.0475116
 0.5732 -0.0479624
 0.57332 -0.0484117
 0.57344 -0.0488596
 0.57356 -0.0493059
 0.57368 -0.0497507
 0.5738 -0.0501941
 0.57392 -0.0506359
 0.57404 -0.0510762
 0.57416 -0.0515151
 0.57428 -0.0519524
 0.5744 -0.0523883
 0.57452 -0.0528226
 0.57464 -0.0532555
 0.57476 -0.0536868
 0.57488 -0.0541167
 0.575 -0.054545
 0.57512 -0.0549719
 0.57524 -0.0553972
 0.57536 -0.055821
 0.57548 -0.0562433
 0.5756 -0.056664
 0.57572 -0.0570832
 0.57584 -0.0575009
 0.57596 -0.0579169
 0.57608 -0.0583314
 0.5762 -0.0587443
 0.57632 -0.0591556
 0.57644 -0.0595652
 0.57656 -0.0599731
 0.57668 -0.0603792
 0.5768 -0.0607835
 0.57692 -0.061186
 0.57704 -0.0615865
 0.57716 -0.061985
 0.57728 -0.0623816
 0.5774 -0.062776
 0.57752 -0.0631684
 0.57764 -0.0635586
 0.57776 -0.0639467
 0.57788 -0.0643324
 0.578 -0.0647159
 0.57812 -0.0650969
 0.57824 -0.0654755
 0.57836 -0.0658514
 0.57848 -0.0662247
 0.5786 -0.0665953
 0.57872 -0.066963
 0.57884 -0.0673279
 0.57896 -0.0676898
 0.57908 -0.0680487
 0.5792 -0.0684046
 0.57932 -0.0687575
 0.57944 -0.0691073
 0.57956 -0.0694541
 0.57968 -0.0697977
 0.5798 -0.0701383
 0.57992 -0.0704756
 0.58004 -0.0708097
 0.58016 -0.0711406
 0.58028 -0.0714681
 0.5804 -0.0717923
 0.58052 -0.072113
 0.58064 -0.0724303
 0.58076 -0.0727441
 0.58088 -0.0730545
 0.581 -0.0733614
 0.58112 -0.0736648
 0.58124 -0.0739647
 0.58136 -0.0742612
 0.58148 -0.0745542
 0.5816 -0.0748438
 0.58172 -0.0751301
 0.58184 -0.075413
 0.58196 -0.0756927
 0.58208 -0.0759692
 0.5822 -0.0762425
 0.58232 -0.0765126
 0.58244 -0.0767797
 0.58256 -0.0770437
 0.58268 -0.0773047
 0.5828 -0.0775627
 0.58292 -0.0778179
 0.58304 -0.0780701
 0.58316 -0.0783194
 0.58328 -0.0785659
 0.5834 -0.0788094
 0.58352 -0.0790501
 0.58364 -0.0792879
 0.58376 -0.0795229
 0.58388 -0.0797551
 0.584 -0.0799845
 0.58412 -0.080211
 0.58424 -0.0804349
 0.58436 -0.0806559
 0.58448 -0.0808742
 0.5846 -0.0810898
 0.58472 -0.0813027
 0.58484 -0.0815129
 0.58496 -0.0817204
 0.58508 -0.0819252
 0.5852 -0.0821273
 0.58532 -0.0823269
 0.58544 -0.0825237
 0.58556 -0.082718
 0.58568 -0.0829097
 0.5858 -0.0830988
 0.58592 -0.0832853
 0.58604 -0.0834693
 0.58616 -0.0836507
 0.58628 -0.0838296
 0.5864 -0.084006
 0.58652 -0.0841799
 0.58664 -0.0843514
 0.58676 -0.0845203
 0.58688 -0.0846869
 0.587 -0.084851
 0.58712 -0.0850127
 0.58724 -0.0851719
 0.58736 -0.0853289
 0.58748 -0.0854834
 0.5876 -0.0856357
 0.58772 -0.0857857
 0.58784 -0.0859334
 0.58796 -0.0860788
 0.58808 -0.0862221
 0.5882 -0.0863631
 0.58832 -0.086502
 0.58844 -0.0866387
 0.58856 -0.0867732
 0.58868 -0.0869057
 0.5888 -0.0870361
 0.58892 -0.0871644
 0.58904 -0.0872907
 0.58916 -0.087415
 0.58928 -0.0875374
 0.5894 -0.0876578
 0.58952 -0.0877764
 0.58964 -0.0878931
 0.58976 -0.088008
 0.58988 -0.0881213
 0.59 -0.0882328
 0.59012 -0.0883428
 0.59024 -0.0884512
 0.59036 -0.088558
 0.59048 -0.0886634
 0.5906 -0.0887673
 0.59072 -0.0888699
 0.59084 -0.0889712
 0.59096 -0.0890712
 0.59108 -0.0891699
 0.5912 -0.0892675
 0.59132 -0.0893638
 0.59144 -0.089459
 0.59156 -0.089553
 0.59168 -0.0896459
 0.5918 -0.0897376
 0.59192 -0.0898282
 0.59204 -0.0899177
 0.59216 -0.0900061
 0.59228 -0.0900934
 0.5924 -0.0901796
 0.59252 -0.0902647
 0.59264 -0.0903488
 0.59276 -0.0904318
 0.59288 -0.0905137
 0.593 -0.0905947
 0.59312 -0.0906746
 0.59324 -0.0907535
 0.59336 -0.0908313
 0.59348 -0.0909081
 0.5936 -0.0909838
 0.59372 -0.0910585
 0.59384 -0.091132
 0.59396 -0.0912045
 0.59408 -0.0912758
 0.5942 -0.091346
 0.59432 -0.091415
 0.59444 -0.0914829
 0.59456 -0.0915496
 0.59468 -0.0916152
 0.5948 -0.0916796
 0.59492 -0.0917428
 0.59504 -0.0918049
 0.59516 -0.0918657
 0.59528 -0.0919254
 0.5954 -0.0919839
 0.59552 -0.0920411
 0.59564 -0.0920971
 0.59576 -0.0921518
 0.59588 -0.0922053
 0.596 -0.0922574
 0.59612 -0.0923083
 0.59624 -0.0923578
 0.59636 -0.092406
 0.59648 -0.0924529
 0.5966 -0.0924983
 0.59672 -0.0925424
 0.59684 -0.0925851
 0.59696 -0.0926263
 0.59708 -0.0926662
 0.5972 -0.0927045
 0.59732 -0.0927415
 0.59744 -0.0927769
 0.59756 -0.0928109
 0.59768 -0.0928434
 0.5978 -0.0928743
 0.59792 -0.0929037
 0.59804 -0.0929315
 0.59816 -0.0929578
 0.59828 -0.0929824
 0.5984 -0.0930055
 0.59852 -0.093027
 0.59864 -0.0930468
 0.59876 -0.0930651
 0.59888 -0.0930817
 0.599 -0.0930967
 0.59912 -0.0931101
 0.59924 -0.0931218
 0.59936 -0.0931319
 0.59948 -0.0931403
 0.5996 -0.0931471
 0.59972 -0.0931521
 0.59984 -0.0931554
 0.59996 -0.0931569
 0.60008 -0.0931565
 0.6002 -0.0931542
 0.60032 -0.09315
 0.60044 -0.0931437
 0.60056 -0.0931353
 0.60068 -0.0931249
 0.6008 -0.0931122
 0.60092 -0.0930973
 0.60104 -0.0930802
 0.60116 -0.0930607
 0.60128 -0.0930388
 0.6014 -0.0930144
 0.60152 -0.0929876
 0.60164 -0.0929582
 0.60176 -0.0929261
 0.60188 -0.0928913
 0.602 -0.0928538
 0.60212 -0.0928135
 0.60224 -0.0927702
 0.60236 -0.092724
 0.60248 -0.0926748
 0.6026 -0.0926224
 0.60272 -0.0925669
 0.60284 -0.0925081
 0.60296 -0.0924459
 0.60308 -0.0923804
 0.6032 -0.0923113
 0.60332 -0.0922387
 0.60344 -0.0921625
 0.60356 -0.0920825
 0.60368 -0.0919988
 0.6038 -0.0919113
 0.60392 -0.0918198
 0.60404 -0.0917243
 0.60416 -0.0916247
 0.60428 -0.091521
 0.6044 -0.0914131
 0.60452 -0.0913009
 0.60464 -0.0911843
 0.60476 -0.0910633
 0.60488 -0.0909378
 0.605 -0.0908077
 0.60512 -0.090673
 0.60524 -0.0905335
 0.60536 -0.0903893
 0.60548 -0.0902402
 0.6056 -0.0900863
 0.60572 -0.0899274
 0.60584 -0.0897634
 0.60596 -0.0895944
 0.60608 -0.0894202
 0.6062 -0.0892407
 0.60632 -0.0890561
 0.60644 -0.0888663
 0.60656 -0.0886713
 0.60668 -0.0884711
 0.6068 -0.0882658
 0.60692 -0.0880553
 0.60704 -0.0878397
 0.60716 -0.087619
 0.60728 -0.0873932
 0.6074 -0.0871623
 0.60752 -0.0869263
 0.60764 -0.0866853
 0.60776 -0.0864392
 0.60788 -0.0861881
 0.608 -0.085932
 0.60812 -0.085671
 0.60824 -0.085405
 0.60836 -0.0851343
 0.60848 -0.0848588
 0.6086 -0.0845787
 0.60872 -0.0842939
 0.60884 -0.0840046
 0.60896 -0.0837108
 0.60908 -0.0834123
 0.6092 -0.0831094
 0.60932 -0.0828019
 0.60944 -0.0824898
 0.60956 -0.0821731
 0.60968 -0.0818518
 0.6098 -0.0815259
 0.60992 -0.0811954
 0.61004 -0.0808602
 0.61016 -0.0805205
 0.61028 -0.0801762
 0.6104 -0.0798273
 0.61052 -0.0794738
 0.61064 -0.0791156
 0.61076 -0.0787528
 0.61088 -0.0783853
 0.611 -0.078013
 0.61112 -0.0776361
 0.61124 -0.0772543
 0.61136 -0.0768678
 0.61148 -0.0764764
 0.6116 -0.0760801
 0.61172 -0.0756788
 0.61184 -0.0752724
 0.61196 -0.0748608
 0.61208 -0.074444
 0.6122 -0.0740219
 0.61232 -0.0735944
 0.61244 -0.0731614
 0.61256 -0.0727228
 0.61268 -0.0722786
 0.6128 -0.0718287
 0.61292 -0.071373
 0.61304 -0.0709114
 0.61316 -0.070444
 0.61328 -0.0699707
 0.6134 -0.0694915
 0.61352 -0.0690064
 0.61364 -0.0685152
 0.61376 -0.068018
 0.61388 -0.0675148
 0.614 -0.0670055
 0.61412 -0.0664901
 0.61424 -0.0659686
 0.61436 -0.0654411
 0.61448 -0.0649075
 0.6146 -0.0643677
 0.61472 -0.0638219
 0.61484 -0.06327
 0.61496 -0.0627119
 0.61508 -0.0621477
 0.6152 -0.0615773
 0.61532 -0.0610009
 0.61544 -0.0604182
 0.61556 -0.0598295
 0.61568 -0.0592345
 0.6158 -0.0586334
 0.61592 -0.0580261
 0.61604 -0.0574126
 0.61616 -0.0567929
 0.61628 -0.0561671
 0.6164 -0.055535
 0.61652 -0.0548967
 0.61664 -0.0542523
 0.61676 -0.0536018
 0.61688 -0.0529451
 0.617 -0.0522823
 0.61712 -0.0516135
 0.61724 -0.0509386
 0.61736 -0.0502577
 0.61748 -0.0495708
 0.6176 -0.0488778
 0.61772 -0.0481788
 0.61784 -0.0474738
 0.61796 -0.0467628
 0.61808 -0.046046
 0.6182 -0.0453232
 0.61832 -0.0445946
 0.61844 -0.0438602
 0.61856 -0.04312
 0.61868 -0.0423739
 0.6188 -0.0416222
 0.61892 -0.0408647
 0.61904 -0.0401016
 0.61916 -0.0393328
 0.61928 -0.0385585
 0.6194 -0.0377786
 0.61952 -0.0369932
 0.61964 -0.0362023
 0.61976 -0.0354059
 0.61988 -0.0346042
 0.62 -0.033797
 0.62012 -0.0329846
 0.62024 -0.0321668
 0.62036 -0.0313438
 0.62048 -0.0305156
 0.6206 -0.0296822
 0.62072 -0.0288437
 0.62084 -0.0280001
 0.62096 -0.0271514
 0.62108 -0.0262978
 0.6212 -0.0254393
 0.62132 -0.0245759
 0.62144 -0.0237077
 0.62156 -0.0228348
 0.62168 -0.0219573
 0.6218 -0.0210752
 0.62192 -0.0201885
 0.62204 -0.0192975
 0.62216 -0.018402
 0.62228 -0.0175023
 0.6224 -0.0165983
 0.62252 -0.0156901
 0.62264 -0.0147779
 0.62276 -0.0138617
 0.62288 -0.0129415
 0.623 -0.0120175
 0.62312 -0.0110898
 0.62324 -0.0101584
 0.62336 -0.00922343
 0.62348 -0.00828505
 0.6236 -0.00734337
 0.62372 -0.00639849
 0.62384 -0.00545053
 0.62396 -0.00449962
 0.62408 -0.00354586
 0.6242 -0.00258938
 0.62432 -0.00163031
 0.62444 -0.000668745
 0.62456 0.000295182
 0.62468 0.00126135
 0.6248 0.00222965
 0.62492 0.00319996
 0.62504 0.00417216
 0.62516 0.00514613
 0.62528 0.00612175
 0.6254 0.0070989
 0.62552 0.00807746
 0.62564 0.00905729
 0.62576 0.0100383
 0.62588 0.0110203
 0.626 0.0120032
 0.62612 0.0129869
 0.62624 0.0139712
 0.62636 0.0149561
 0.62648 0.0159414
 0.6266 0.0169269
 0.62672 0.0179126
 0.62684 0.0188984
 0.62696 0.019884
 0.62708 0.0208694
 0.6272 0.0218545
 0.62732 0.0228391
 0.62744 0.0238231
 0.62756 0.0248064
 0.62768 0.0257888
 0.6278 0.0267703
 0.62792 0.0277507
 0.62804 0.0287298
 0.62816 0.0297077
 0.62828 0.030684
 0.6284 0.0316589
 0.62852 0.032632
 0.62864 0.0336033
 0.62876 0.0345728
 0.62888 0.0355403
 0.629 0.0365056
 0.62912 0.0374688
 0.62924 0.0384296
 0.62936 0.039388
 0.62948 0.0403438
 0.6296 0.0412969
 0.62972 0.0422473
 0.62984 0.0431946
 0.62996 0.0441389
 0.63008 0.0450799
 0.6302 0.0460175
 0.63032 0.0469515
 0.63044 0.0478818
 0.63056 0.0488083
 0.63068 0.0497307
 0.6308 0.050649
 0.63092 0.0515629
 0.63104 0.0524724
 0.63116 0.0533773
 0.63128 0.0542774
 0.6314 0.0551726
 0.63152 0.0560627
 0.63164 0.0569476
 0.63176 0.057827
 0.63188 0.0587009
 0.632 0.0595691
 0.63212 0.0604314
 0.63224 0.0612877
 0.63236 0.0621379
 0.63248 0.0629816
 0.6326 0.0638189
 0.63272 0.0646495
 0.63284 0.0654732
 0.63296 0.06629
 0.63308 0.0670995
 0.6332 0.0679017
 0.63332 0.0686963
 0.63344 0.0694833
 0.63356 0.0702625
 0.63368 0.0710336
 0.6338 0.0717965
 0.63392 0.0725511
 0.63404 0.0732971
 0.63416 0.0740345
 0.63428 0.074763
 0.6344 0.0754825
 0.63452 0.0761928
 0.63464 0.0768938
 0.63476 0.0775852
 0.63488 0.0782669
 0.635 0.0789388
 0.63512 0.0796007
 0.63524 0.0802524
 0.63536 0.0808938
 0.63548 0.0815247
 0.6356 0.082145
 0.63572 0.0827545
 0.63584 0.0833531
 0.63596 0.0839405
 0.63608 0.0845167
 0.6362 0.0850816
 0.63632 0.085635
 0.63644 0.086177
 0.63656 0.0867074
 0.63668 0.0872261
 0.6368 0.0877332
 0.63692 0.0882286
 0.63704 0.0887121
 0.63716 0.0891837
 0.63728 0.0896434
 0.6374 0.0900911
 0.63752 0.0905267
 0.63764 0.0909502
 0.63776 0.0913615
 0.63788 0.0917606
 0.638 0.0921475
 0.63812 0.092522
 0.63824 0.0928841
 0.63836 0.0932339
 0.63848 0.0935714
 0.6386 0.0938964
 0.63872 0.094209
 0.63884 0.0945091
 0.63896 0.0947967
 0.63908 0.0950718
 0.6392 0.0953342
 0.63932 0.0955839
 0.63944 0.0958208
 0.63956 0.0960449
 0.63968 0.0962562
 0.6398 0.0964544
 0.63992 0.0966396
 0.64004 0.0968117
 0.64016 0.0969707
 0.64028 0.0971164
 0.6404 0.0972488
 0.64052 0.0973678
 0.64064 0.0974732
 0.64076 0.0975651
 0.64088 0.0976434
 0.641 0.0977078
 0.64112 0.0977584
 0.64124 0.0977951
 0.64136 0.0978177
 0.64148 0.0978262
 0.6416 0.0978205
 0.64172 0.0978004
 0.64184 0.0977658
 0.64196 0.0977166
 0.64208 0.0976527
 0.6422 0.097574
 0.64232 0.0974803
 0.64244 0.0973716
 0.64256 0.0972476
 0.64268 0.0971084
 0.6428 0.0969537
 0.64292 0.0967834
 0.64304 0.0965976
 0.64316 0.096396
 0.64328 0.0961785
 0.6434 0.0959452
 0.64352 0.095696
 0.64364 0.0954306
 0.64376 0.0951491
 0.64388 0.0948513
 0.644 0.0945373
 0.64412 0.0942069
 0.64424 0.0938602
 0.64436 0.0934971
 0.64448 0.0931175
 0.6446 0.0927214
 0.64472 0.0923087
 0.64484 0.0918795
 0.64496 0.0914336
 0.64508 0.090971
 0.6452 0.0904918
 0.64532 0.0899957
 0.64544 0.0894829
 0.64556 0.0889532
 0.64568 0.0884066
 0.6458 0.087843
 0.64592 0.0872625
 0.64604 0.0866649
 0.64616 0.0860503
 0.64628 0.0854185
 0.6464 0.0847696
 0.64652 0.0841035
 0.64664 0.0834203
 0.64676 0.0827199
 0.64688 0.0820024
 0.647 0.0812677
 0.64712 0.0805159
 0.64724 0.079747
 0.64736 0.078961
 0.64748 0.0781578
 0.6476 0.0773374
 0.64772 0.0765
 0.64784 0.0756454
 0.64796 0.0747738
 0.64808 0.0738853
 0.6482 0.0729797
 0.64832 0.0720572
 0.64844 0.0711179
 0.64856 0.0701617
 0.64868 0.0691887
 0.6488 0.068199
 0.64892 0.0671925
 0.64904 0.0661695
 0.64916 0.06513
 0.64928 0.0640741
 0.6494 0.0630019
 0.64952 0.0619134
 0.64964 0.0608088
 0.64976 0.0596882
 0.64988 0.0585517
 0.65 0.0573993
 0.65012 0.0562312
 0.65024 0.0550475
 0.65036 0.0538484
 0.65048 0.052634
 0.6506 0.0514044
 0.65072 0.0501597
 0.65084 0.0489
 0.65096 0.0476256
 0.65108 0.0463364
 0.6512 0.0450327
 0.65132 0.0437146
 0.65144 0.0423823
 0.65156 0.0410359
 0.65168 0.0396754
 0.6518 0.0383011
 0.65192 0.0369131
 0.65204 0.0355114
 0.65216 0.0340963
 0.65228 0.032668
 0.6524 0.0312265
 0.65252 0.029772
 0.65264 0.0283046
 0.65276 0.0268247
 0.65288 0.0253323
 0.653 0.0238276
 0.65312 0.0223108
 0.65324 0.0207821
 0.65336 0.0192417
 0.65348 0.0176898
 0.6536 0.0161265
 0.65372 0.0145522
 0.65384 0.0129669
 0.65396 0.011371
 0.65408 0.00976455
 0.6542 0.00814783
 0.65432 0.00652104
 0.65444 0.00488439
 0.65456 0.00323806
 0.65468 0.00158229
 0.6548 -8.27368e-05
 0.65492 -0.0017568
 0.65504 -0.00343971
 0.65516 -0.00513124
 0.65528 -0.00683119
 0.6554 -0.00853936
 0.65552 -0.0102555
 0.65564 -0.0119795
 0.65576 -0.0137111
 0.65588 -0.0154501
 0.656 -0.0171962
 0.65612 -0.0189493
 0.65624 -0.0207092
 0.65636 -0.0224757
 0.65648 -0.0242484
 0.6566 -0.0260274
 0.65672 -0.0278123
 0.65684 -0.0296029
 0.65696 -0.031399
 0.65708 -0.0332005
 0.6572 -0.0350071
 0.65732 -0.0368185
 0.65744 -0.0386347
 0.65756 -0.0404554
 0.65768 -0.0422803
 0.6578 -0.0441094
 0.65792 -0.0459423
 0.65804 -0.0477788
 0.65816 -0.0496188
 0.65828 -0.0514621
 0.6584 -0.0533084
 0.65852 -0.0551576
 0.65864 -0.0570095
 0.65876 -0.0588638
 0.65888 -0.0607204
 0.659 -0.062579
 0.65912 -0.0644396
 0.65924 -0.0663018
 0.65936 -0.0681654
 0.65948 -0.0700304
 0.6596 -0.0718963
 0.65972 -0.0737632
 0.65984 -0.0756306
 0.65996 -0.0774985
 0.66008 -0.0793665
 0.6602 -0.0812344
 0.66032 -0.0831021
 0.66044 -0.0849693
 0.66056 -0.0868358
 0.66068 -0.0887013
 0.6608 -0.0905657
 0.66092 -0.0924287
 0.66104 -0.0942901
 0.66116 -0.0961496
 0.66128 -0.0980071
 0.6614 -0.0998622
 0.66152 -0.101715
 0.66164 -0.103565
 0.66176 -0.105412
 0.66188 -0.107256
 0.662 -0.109096
 0.66212 -0.110933
 0.66224 -0.112766
 0.66236 -0.114594
 0.66248 -0.116419
 0.6626 -0.118239
 0.66272 -0.120054
 0.66284 -0.121864
 0.66296 -0.123668
 0.66308 -0.125468
 0.6632 -0.127261
 0.66332 -0.129049
 0.66344 -0.13083
 0.66356 -0.132605
 0.66368 -0.134374
 0.6638 -0.136135
 0.66392 -0.137889
 0.66404 -0.139636
 0.66416 -0.141376
 0.66428 -0.143107
 0.6644 -0.14483
 0.66452 -0.146546
 0.66464 -0.148252
 0.66476 -0.14995
 0.66488 -0.151639
 0.665 -0.153319
 0.66512 -0.154989
 0.66524 -0.15665
 0.66536 -0.1583
 0.66548 -0.159941
 0.6656 -0.161571
 0.66572 -0.163191
 0.66584 -0.1648
 0.66596 -0.166397
 0.66608 -0.167984
 0.6662 -0.16956
 0.66632 -0.171124
 0.66644 -0.172676
 0.66656 -0.174217
 0.66668 -0.175746
 0.6668 -0.177263
 0.66692 -0.178768
 0.66704 -0.18026
 0.66716 -0.18174
 0.66728 -0.183207
 0.6674 -0.184662
 0.66752 -0.186104
 0.66764 -0.187533
 0.66776 -0.188949
 0.66788 -0.190352
 0.668 -0.191742
 0.66812 -0.193118
 0.66824 -0.194481
 0.66836 -0.19583
 0.66848 -0.197165
 0.6686 -0.198487
 0.66872 -0.199794
 0.66884 -0.201088
 0.66896 -0.202368
 0.66908 -0.203633
 0.6692 -0.204884
 0.66932 -0.20612
 0.66944 -0.207342
 0.66956 -0.20855
 0.66968 -0.209743
 0.6698 -0.210921
 0.66992 -0.212084
 0.67004 -0.213232
 0.67016 -0.214366
 0.67028 -0.215484
 0.6704 -0.216587
 0.67052 -0.217674
 0.67064 -0.218746
 0.67076 -0.219803
 0.67088 -0.220844
 0.671 -0.221869
 0.67112 -0.222878
 0.67124 -0.223871
 0.67136 -0.224848
 0.67148 -0.225809
 0.6716 -0.226753
 0.67172 -0.227681
 0.67184 -0.228592
 0.67196 -0.229487
 0.67208 -0.230364
 0.6722 -0.231225
 0.67232 -0.232068
 0.67244 -0.232895
 0.67256 -0.233703
 0.67268 -0.234495
 0.6728 -0.235269
 0.67292 -0.236025
 0.67304 -0.236763
 0.67316 -0.237483
 0.67328 -0.238186
 0.6734 -0.23887
 0.67352 -0.239536
 0.67364 -0.240183
 0.67376 -0.240812
 0.67388 -0.241422
 0.674 -0.242014
 0.67412 -0.242586
 0.67424 -0.24314
 0.67436 -0.243675
 0.67448 -0.244191
 0.6746 -0.244688
 0.67472 -0.245165
 0.67484 -0.245624
 0.67496 -0.246063
 0.67508 -0.246482
 0.6752 -0.246882
 0.67532 -0.247262
 0.67544 -0.247623
 0.67556 -0.247963
 0.67568 -0.248284
 0.6758 -0.248585
 0.67592 -0.248865
 0.67604 -0.249126
 0.67616 -0.249366
 0.67628 -0.249586
 0.6764 -0.249786
 0.67652 -0.249965
 0.67664 -0.250124
 0.67676 -0.250262
 0.67688 -0.25038
 0.677 -0.250476
 0.67712 -0.250553
 0.67724 -0.250608
 0.67736 -0.250643
 0.67748 -0.250656
 0.6776 -0.250649
 0.67772 -0.250621
 0.67784 -0.250572
 0.67796 -0.250502
 0.67808 -0.25041
 0.6782 -0.250298
 0.67832 -0.250165
 0.67844 -0.250011
 0.67856 -0.249835
 0.67868 -0.249639
 0.6788 -0.249422
 0.67892 -0.249183
 0.67904 -0.248924
 0.67916 -0.248644
 0.67928 -0.248343
 0.6794 -0.248021
 0.67952 -0.247679
 0.67964 -0.247316
 0.67976 -0.246932
 0.67988 -0.246528
 0.68 -0.246103
 0.68012 -0.245658
 0.68024 -0.245193
 0.68036 -0.244707
 0.68048 -0.244202
 0.6806 -0.243676
 0.68072 -0.24313
 0.68084 -0.242565
 0.68096 -0.24198
 0.68108 -0.241376
 0.6812 -0.240751
 0.68132 -0.240108
 0.68144 -0.239445
 0.68156 -0.238763
 0.68168 -0.238062
 0.6818 -0.237342
 0.68192 -0.236603
 0.68204 -0.235846
 0.68216 -0.235069
 0.68228 -0.234275
 0.6824 -0.233461
 0.68252 -0.23263
 0.68264 -0.23178
 0.68276 -0.230913
 0.68288 -0.230027
 0.683 -0.229125
 0.68312 -0.228204
 0.68324 -0.227267
 0.68336 -0.226312
 0.68348 -0.22534
 0.6836 -0.224351
 0.68372 -0.223346
 0.68384 -0.222324
 0.68396 -0.221286
 0.68408 -0.220232
 0.6842 -0.219162
 0.68432 -0.218076
 0.68444 -0.216975
 0.68456 -0.215858
 0.68468 -0.214726
 0.6848 -0.213579
 0.68492 -0.212417
 0.68504 -0.211241
 0.68516 -0.21005
 0.68528 -0.208845
 0.6854 -0.207625
 0.68552 -0.206392
 0.68564 -0.205145
 0.68576 -0.203885
 0.68588 -0.202611
 0.686 -0.201325
 0.68612 -0.200025
 0.68624 -0.198712
 0.68636 -0.197387
 0.68648 -0.19605
 0.6866 -0.194701
 0.68672 -0.193339
 0.68684 -0.191966
 0.68696 -0.190581
 0.68708 -0.189185
 0.6872 -0.187777
 0.68732 -0.186359
 0.68744 -0.184929
 0.68756 -0.183489
 0.68768 -0.182039
 0.6878 -0.180578
 0.68792 -0.179107
 0.68804 -0.177626
 0.68816 -0.176136
 0.68828 -0.174636
 0.6884 -0.173127
 0.68852 -0.171609
 0.68864 -0.170081
 0.68876 -0.168545
 0.68888 -0.167001
 0.689 -0.165448
 0.68912 -0.163886
 0.68924 -0.162317
 0.68936 -0.16074
 0.68948 -0.159156
 0.6896 -0.157564
 0.68972 -0.155964
 0.68984 -0.154358
 0.68996 -0.152745
 0.69008 -0.151125
 0.6902 -0.149499
 0.69032 -0.147867
 0.69044 -0.146228
 0.69056 -0.144584
 0.69068 -0.142934
 0.6908 -0.141279
 0.69092 -0.139618
 0.69104 -0.137952
 0.69116 -0.136282
 0.69128 -0.134606
 0.6914 -0.132926
 0.69152 -0.131242
 0.69164 -0.129554
 0.69176 -0.127862
 0.69188 -0.126166
 0.692 -0.124466
 0.69212 -0.122763
 0.69224 -0.121057
 0.69236 -0.119348
 0.69248 -0.117636
 0.6926 -0.115922
 0.69272 -0.114205
 0.69284 -0.112486
 0.69296 -0.110766
 0.69308 -0.109043
 0.6932 -0.107319
 0.69332 -0.105593
 0.69344 -0.103866
 0.69356 -0.102138
 0.69368 -0.100409
 0.6938 -0.0986799
 0.69392 -0.0969501
 0.69404 -0.09522
 0.69416 -0.0934899
 0.69428 -0.0917599
 0.6944 -0.0900303
 0.69452 -0.0883012
 0.69464 -0.0865728
 0.69476 -0.0848454
 0.69488 -0.0831191
 0.695 -0.0813941
 0.69512 -0.0796706
 0.69524 -0.0779487
 0.69536 -0.0762288
 0.69548 -0.0745109
 0.6956 -0.0727952
 0.69572 -0.0710819
 0.69584 -0.069371
 0.69596 -0.0676628
 0.69608 -0.0659574
 0.6962 -0.064255
 0.69632 -0.0625556
 0.69644 -0.0608595
 0.69656 -0.0591668
 0.69668 -0.0574776
 0.6968 -0.0557921
 0.69692 -0.0541104
 0.69704 -0.0524327
 0.69716 -0.0507589
 0.69728 -0.0490892
 0.6974 -0.0474237
 0.69752 -0.0457626
 0.69764 -0.0441059
 0.69776 -0.0424537
 0.69788 -0.0408062
 0.698 -0.0391634
 0.69812 -0.0375254
 0.69824 -0.0358924
 0.69836 -0.0342644
 0.69848 -0.0326414
 0.6986 -0.0310237
 0.69872 -0.0294114
 0.69884 -0.0278044
 0.69896 -0.026203
 0.69908 -0.0246073
 0.6992 -0.0230173
 0.69932 -0.0214331
 0.69944 -0.0198548
 0.69956 -0.0182824
 0.69968 -0.0167161
 0.6998 -0.0151558
 0.69992 -0.0136017
 0.70004 -0.0120537
 0.70016 -0.0105121
 0.70028 -0.00897681
 0.7004 -0.00744799
 0.70052 -0.00592571
 0.70064 -0.00441003
 0.70076 -0.00290102
 0.70088 -0.00139876
 0.701 9.66722e-05
 0.70112 0.00158518
 0.70124 0.0030667
 0.70136 0.00454113
 0.70148 0.00600839
 0.7016 0.00746841
 0.70172 0.00892109
 0.70184 0.0103664
 0.70196 0.0118042
 0.70208 0.0132344
 0.7022 0.014657
 0.70232 0.0160719
 0.70244 0.017479
 0.70256 0.0188782
 0.70268 0.0202695
 0.7028 0.0216528
 0.70292 0.023028
 0.70304 0.024395
 0.70316 0.0257537
 0.70328 0.0271041
 0.7034 0.028446
 0.70352 0.0297794
 0.70364 0.0311042
 0.70376 0.0324203
 0.70388 0.0337277
 0.704 0.0350262
 0.70412 0.0363158
 0.70424 0.0375964
 0.70436 0.038868
 0.70448 0.0401305
 0.7046 0.0413837
 0.70472 0.0426277
 0.70484 0.0438623
 0.70496 0.0450875
 0.70508 0.0463032
 0.7052 0.0475094
 0.70532 0.0487059
 0.70544 0.0498927
 0.70556 0.0510696
 0.70568 0.0522367
 0.7058 0.0533938
 0.70592 0.0545409
 0.70604 0.0556778
 0.70616 0.0568046
 0.70628 0.057921
 0.7064 0.0590271
 0.70652 0.0601228
 0.70664 0.0612079
 0.70676 0.0622824
 0.70688 0.0633463
 0.707 0.0643995
 0.70712 0.0654419
 0.70724 0.0664733
 0.70736 0.0674939
 0.70748 0.0685034
 0.7076 0.0695019
 0.70772 0.0704892
 0.70784 0.0714653
 0.70796 0.0724301
 0.70808 0.0733836
 0.7082 0.0743257
 0.70832 0.0752565
 0.70844 0.0761757
 0.70856 0.0770835
 0.70868 0.0779797
 0.7088 0.0788643
 0.70892 0.0797373
 0.70904 0.0805986
 0.70916 0.0814484
 0.70928 0.0822866
 0.7094 0.0831132
 0.70952 0.0839281
 0.70964 0.0847314
 0.70976 0.0855229
 0.70988 0.0863027
 0.71 0.0870706
 0.71012 0.0878268
 0.71024 0.0885711
 0.71036 0.0893036
 0.71048 0.0900243
 0.7106 0.0907331
 0.71072 0.0914301
 0.71084 0.0921152
 0.71096 0.0927885
 0.71108 0.0934498
 0.7112 0.0940994
 0.71132 0.094737
 0.71144 0.0953628
 0.71156 0.0959768
 0.71168 0.0965789
 0.7118 0.0971691
 0.71192 0.0977475
 0.71204 0.098314
 0.71216 0.0988687
 0.71228 0.0994116
 0.7124 0.0999427
 0.71252 0.100462
 0.71264 0.10097
 0.71276 0.101466
 0.71288 0.10195
 0.713 0.102423
 0.71312 0.102884
 0.71324 0.103334
 0.71336 0.103772
 0.71348 0.104198
 0.7136 0.104613
 0.71372 0.105017
 0.71384 0.105409
 0.71396 0.10579
 0.71408 0.106159
 0.7142 0.106517
 0.71432 0.106864
 0.71444 0.1072
 0.71456 0.107524
 0.71468 0.107838
 0.7148 0.10814
 0.71492 0.108432
 0.71504 0.108713
 0.71516 0.108983
 0.71528 0.109242
 0.7154 0.109491
 0.71552 0.10973
 0.71564 0.109958
 0.71576 0.110176
 0.71588 0.110383
 0.716 0.110581
 0.71612 0.110769
 0.71624 0.110947
 0.71636 0.111115
 0.71648 0.111273
 0.7166 0.111422
 0.71672 0.111561
 0.71684 0.111691
 0.71696 0.111811
 0.71708 0.111922
 0.7172 0.112024
 0.71732 0.112117
 0.71744 0.1122
 0.71756 0.112275
 0.71768 0.112341
 0.7178 0.112398
 0.71792 0.112447
 0.71804 0.112487
 0.71816 0.112518
 0.71828 0.112541
 0.7184 0.112556
 0.71852 0.112562
 0.71864 0.11256
 0.71876 0.11255
 0.71888 0.112532
 0.719 0.112506
 0.71912 0.112473
 0.71924 0.112431
 0.71936 0.112382
 0.71948 0.112325
 0.7196 0.112261
 0.71972 0.112189
 0.71984 0.112111
 0.71996 0.112024
 0.72008 0.111931
 0.7202 0.111831
 0.72032 0.111723
 0.72044 0.111609
 0.72056 0.111488
 0.72068 0.11136
 0.7208 0.111226
 0.72092 0.111085
 0.72104 0.110937
 0.72116 0.110783
 0.72128 0.110622
 0.7214 0.110455
 0.72152 0.110282
 0.72164 0.110103
 0.72176 0.109917
 0.72188 0.109726
 0.722 0.109528
 0.72212 0.109325
 0.72224 0.109116
 0.72236 0.108901
 0.72248 0.10868
 0.7226 0.108454
 0.72272 0.108222
 0.72284 0.107985
 0.72296 0.107742
 0.72308 0.107494
 0.7232 0.107241
 0.72332 0.106982
 0.72344 0.106719
 0.72356 0.10645
 0.72368 0.106177
 0.7238 0.105898
 0.72392 0.105615
 0.72404 0.105327
 0.72416 0.105034
 0.72428 0.104737
 0.7244 0.104435
 0.72452 0.104129
 0.72464 0.103819
 0.72476 0.103504
 0.72488 0.103185
 0.725 0.102861
 0.72512 0.102534
 0.72524 0.102202
 0.72536 0.101867
 0.72548 0.101528
 0.7256 0.101184
 0.72572 0.100837
 0.72584 0.100486
 0.72596 0.100131
 0.72608 0.0997729
 0.7262 0.0994108
 0.72632 0.099045
 0.72644 0.0986758
 0.72656 0.0983032
 0.72668 0.0979273
 0.7268 0.097548
 0.72692 0.0971655
 0.72704 0.0967797
 0.72716 0.0963906
 0.72728 0.0959983
 0.7274 0.0956027
 0.72752 0.0952039
 0.72764 0.0948018
 0.72776 0.0943965
 0.72788 0.0939881
 0.728 0.0935763
 0.72812 0.0931614
 0.72824 0.0927434
 0.72836 0.0923221
 0.72848 0.0918977
 0.7286 0.0914702
 0.72872 0.0910396
 0.72884 0.0906062
 0.72896 0.0901698
 0.72908 0.0897306
 0.7292 0.0892887
 0.72932 0.0888441
 0.72944 0.0883967
 0.72956 0.0879468
 0.72968 0.0874942
 0.7298 0.0870391
 0.72992 0.0865814
 0.73004 0.0861213
 0.73016 0.0856587
 0.73028 0.0851938
 0.7304 0.0847265
 0.73052 0.0842568
 0.73064 0.0837849
 0.73076 0.0833107
 0.73088 0.0828342
 0.731 0.0823555
 0.73112 0.0818747
 0.73124 0.0813917
 0.73136 0.0809066
 0.73148 0.0804195
 0.7316 0.0799304
 0.73172 0.0794394
 0.73184 0.0789464
 0.73196 0.0784516
 0.73208 0.0779548
 0.7322 0.0774562
 0.73232 0.0769557
 0.73244 0.0764533
 0.73256 0.0759491
 0.73268 0.0754431
 0.7328 0.0749353
 0.73292 0.0744258
 0.73304 0.0739145
 0.73316 0.0734017
 0.73328 0.0728873
 0.7334 0.0723713
 0.73352 0.0718539
 0.73364 0.0713349
 0.73376 0.0708146
 0.73388 0.0702928
 0.734 0.0697697
 0.73412 0.0692451
 0.73424 0.0687193
 0.73436 0.0681922
 0.73448 0.0676637
 0.7346 0.067134
 0.73472 0.0666031
 0.73484 0.066071
 0.73496 0.0655378
 0.73508 0.0650033
 0.7352 0.0644678
 0.73532 0.0639312
 0.73544 0.0633936
 0.73556 0.0628551
 0.73568 0.0623156
 0.7358 0.0617754
 0.73592 0.0612343
 0.73604 0.0606925
 0.73616 0.0601501
 0.73628 0.059607
 0.7364 0.0590634
 0.73652 0.0585192
 0.73664 0.0579746
 0.73676 0.0574296
 0.73688 0.0568843
 0.737 0.0563387
 0.73712 0.0557929
 0.73724 0.0552469
 0.73736 0.0547008
 0.73748 0.0541546
 0.7376 0.0536084
 0.73772 0.0530622
 0.73784 0.0525162
 0.73796 0.0519703
 0.73808 0.0514246
 0.7382 0.0508792
 0.73832 0.050334
 0.73844 0.0497892
 0.73856 0.0492447
 0.73868 0.0487007
 0.7388 0.0481571
 0.73892 0.047614
 0.73904 0.0470713
 0.73916 0.0465292
 0.73928 0.0459877
 0.7394 0.0454467
 0.73952 0.0449064
 0.73964 0.0443668
 0.73976 0.043828
 0.73988 0.04329
 0.74 0.042753
 0.74012 0.0422168
 0.74024 0.0416817
 0.74036 0.0411477
 0.74048 0.0406148
 0.7406 0.0400831
 0.74072 0.0395526
 0.74084 0.0390234
 0.74096 0.0384954
 0.74108 0.0379689
 0.7412 0.0374437
 0.74132 0.0369199
 0.74144 0.0363977
 0.74156 0.0358769
 0.74168 0.0353577
 0.7418 0.0348401
 0.74192 0.0343242
 0.74204 0.0338099
 0.74216 0.0332974
 0.74228 0.0327867
 0.7424 0.0322778
 0.74252 0.0317707
 0.74264 0.0312656
 0.74276 0.0307623
 0.74288 0.0302611
 0.743 0.0297618
 0.74312 0.0292646
 0.74324 0.0287696
 0.74336 0.0282767
 0.74348 0.027786
 0.7436 0.0272976
 0.74372 0.0268116
 0.74384 0.0263279
 0.74396 0.0258466
 0.74408 0.0253678
 0.7442 0.0248915
 0.74432 0.0244178
 0.74444 0.0239466
 0.74456 0.0234781
 0.74468 0.0230122
 0.7448 0.0225488
 0.74492 0.0220881
 0.74504 0.0216299
 0.74516 0.0211743
 0.74528 0.0207212
 0.7454 0.0202705
 0.74552 0.0198223
 0.74564 0.0193765
 0.74576 0.0189331
 0.74588 0.0184921
 0.746 0.0180534
 0.74612 0.0176171
 0.74624 0.017183
 0.74636 0.0167512
 0.74648 0.0163217
 0.7466 0.0158945
 0.74672 0.0154696
 0.74684 0.0150469
 0.74696 0.0146265
 0.74708 0.0142084
 0.7472 0.0137926
 0.74732 0.0133791
 0.74744 0.0129678
 0.74756 0.0125588
 0.74768 0.0121522
 0.7478 0.0117478
 0.74792 0.0113456
 0.74804 0.0109457
 0.74816 0.010548
 0.74828 0.0101526
 0.7484 0.00975936
 0.74852 0.00936833
 0.74864 0.0089795
 0.74876 0.00859285
 0.74888 0.00820837
 0.749 0.00782604
 0.74912 0.00744585
 0.74924 0.00706777
 0.74936 0.00669178
 0.74948 0.00631785
 0.7496 0.00594597
 0.74972 0.00557611
 0.74984 0.00520824
 0.74996 0.00484235
 0.75008 0.00447841
 0.7502 0.0041164
 0.75032 0.00375627
 0.75044 0.00339803
 0.75056 0.00304168
 0.75068 0.00268724
 0.7508 0.0023347
 0.75092 0.00198409
 0.75104 0.00163539
 0.75116 0.00128861
 0.75128 0.000943727
 0.7514 0.000600753
 0.75152 0.000259686
 0.75164 -7.94756e-05
 0.75176 -0.00041673
 0.75188 -0.000752076
 0.752 -0.00108552
 0.75212 -0.00141705
 0.75224 -0.00174667
 0.75236 -0.00207438
 0.75248 -0.00240018
 0.7526 -0.00272408
 0.75272 -0.00304605
 0.75284 -0.0033661
 0.75296 -0.00368421
 0.75308 -0.00400039
 0.7532 -0.00431462
 0.75332 -0.00462691
 0.75344 -0.00493723
 0.75356 -0.00524558
 0.75368 -0.00555197
 0.7538 -0.00585637
 0.75392 -0.00615879
 0.75404 -0.00645921
 0.75416 -0.00675764
 0.75428 -0.00705405
 0.7544 -0.00734846
 0.75452 -0.00764084
 0.75464 -0.00793119
 0.75476 -0.00821952
 0.75488 -0.0085058
 0.755 -0.00879003
 0.75512 -0.0090722
 0.75524 -0.00935229
 0.75536 -0.00963029
 0.75548 -0.00990618
 0.7556 -0.0101799
 0.75572 -0.0104515
 0.75584 -0.010721
 0.75596 -0.0109882
 0.75608 -0.0112532
 0.7562 -0.011516
 0.75632 -0.0117767
 0.75644 -0.0120353
 0.75656 -0.0122917
 0.75668 -0.012546
 0.7568 -0.0127981
 0.75692 -0.013048
 0.75704 -0.0132956
 0.75716 -0.0135408
 0.75728 -0.0137837
 0.7574 -0.0140241
 0.75752 -0.014262
 0.75764 -0.0144974
 0.75776 -0.0147302
 0.75788 -0.0149603
 0.758 -0.0151877
 0.75812 -0.0154124
 0.75824 -0.0156342
 0.75836 -0.0158533
 0.75848 -0.0160695
 0.7586 -0.0162828
 0.75872 -0.0164933
 0.75884 -0.0167009
 0.75896 -0.0169057
 0.75908 -0.0171078
 0.7592 -0.0173071
 0.75932 -0.0175036
 0.75944 -0.0176973
 0.75956 -0.0178884
 0.75968 -0.0180766
 0.7598 -0.0182622
 0.75992 -0.018445
 0.76004 -0.0186252
 0.76016 -0.0188026
 0.76028 -0.0189774
 0.7604 -0.0191495
 0.76052 -0.019319
 0.76064 -0.0194857
 0.76076 -0.0196498
 0.76088 -0.0198112
 0.761 -0.0199699
 0.76112 -0.020126
 0.76124 -0.0202794
 0.76136 -0.0204303
 0.76148 -0.0205786
 0.7616 -0.0207244
 0.76172 -0.0208677
 0.76184 -0.0210085
 0.76196 -0.0211469
 0.76208 -0.0212827
 0.7622 -0.0214161
 0.76232 -0.0215468
 0.76244 -0.0216751
 0.76256 -0.0218007
 0.76268 -0.0219237
 0.7628 -0.0220443
 0.76292 -0.0221623
 0.76304 -0.0222778
 0.76316 -0.0223909
 0.76328 -0.0225016
 0.7634 -0.0226099
 0.76352 -0.0227158
 0.76364 -0.0228193
 0.76376 -0.0229204
 0.76388 -0.023019
 0.764 -0.0231152
 0.76412 -0.0232089
 0.76424 -0.0233001
 0.76436 -0.0233887
 0.76448 -0.0234748
 0.7646 -0.0235583
 0.76472 -0.0236392
 0.76484 -0.0237175
 0.76496 -0.0237931
 0.76508 -0.0238661
 0.7652 -0.0239364
 0.76532 -0.0240041
 0.76544 -0.0240691
 0.76556 -0.0241315
 0.76568 -0.0241914
 0.7658 -0.0242486
 0.76592 -0.0243033
 0.76604 -0.0243555
 0.76616 -0.0244052
 0.76628 -0.0244524
 0.7664 -0.0244971
 0.76652 -0.0245395
 0.76664 -0.0245794
 0.76676 -0.024617
 0.76688 -0.0246522
 0.767 -0.024685
 0.76712 -0.0247156
 0.76724 -0.0247438
 0.76736 -0.0247698
 0.76748 -0.0247936
 0.7676 -0.0248151
 0.76772 -0.0248343
 0.76784 -0.0248514
 0.76796 -0.0248664
 0.76808 -0.0248791
 0.7682 -0.0248897
 0.76832 -0.0248981
 0.76844 -0.0249043
 0.76856 -0.0249084
 0.76868 -0.0249103
 0.7688 -0.0249099
 0.76892 -0.0249074
 0.76904 -0.0249026
 0.76916 -0.0248956
 0.76928 -0.0248863
 0.7694 -0.0248748
 0.76952 -0.024861
 0.76964 -0.024845
 0.76976 -0.0248268
 0.76988 -0.0248063
 0.77 -0.0247835
 0.77012 -0.0247585
 0.77024 -0.0247313
 0.77036 -0.0247018
 0.77048 -0.0246701
 0.7706 -0.0246361
 0.77072 -0.0245999
 0.77084 -0.0245614
 0.77096 -0.0245207
 0.77108 -0.0244776
 0.7712 -0.0244323
 0.77132 -0.0243847
 0.77144 -0.0243348
 0.77156 -0.0242826
 0.77168 -0.0242282
 0.7718 -0.0241716
 0.77192 -0.0241127
 0.77204 -0.0240517
 0.77216 -0.0239885
 0.77228 -0.0239232
 0.7724 -0.0238558
 0.77252 -0.0237862
 0.77264 -0.0237146
 0.77276 -0.023641
 0.77288 -0.0235653
 0.773 -0.0234876
 0.77312 -0.0234079
 0.77324 -0.0233262
 0.77336 -0.0232427
 0.77348 -0.0231572
 0.7736 -0.0230698
 0.77372 -0.0229806
 0.77384 -0.0228896
 0.77396 -0.0227967
 0.77408 -0.0227021
 0.7742 -0.0226057
 0.77432 -0.0225077
 0.77444 -0.0224079
 0.77456 -0.0223065
 0.77468 -0.0222035
 0.7748 -0.0220987
 0.77492 -0.0219923
 0.77504 -0.0218841
 0.77516 -0.0217742
 0.77528 -0.0216626
 0.7754 -0.0215492
 0.77552 -0.0214341
 0.77564 -0.0213171
 0.77576 -0.0211984
 0.77588 -0.0210778
 0.776 -0.0209553
 0.77612 -0.020831
 0.77624 -0.0207048
 0.77636 -0.0205767
 0.77648 -0.0204467
 0.7766 -0.0203149
 0.77672 -0.0201813
 0.77684 -0.0200459
 0.77696 -0.0199087
 0.77708 -0.0197698
 0.7772 -0.0196291
 0.77732 -0.0194868
 0.77744 -0.0193427
 0.77756 -0.019197
 0.77768 -0.0190496
 0.7778 -0.0189006
 0.77792 -0.0187497
 0.77804 -0.0185972
 0.77816 -0.0184428
 0.77828 -0.0182866
 0.7784 -0.0181285
 0.77852 -0.0179686
 0.77864 -0.0178068
 0.77876 -0.017643
 0.77888 -0.0174772
 0.779 -0.0173095
 0.77912 -0.0171397
 0.77924 -0.0169677
 0.77936 -0.0167935
 0.77948 -0.016617
 0.7796 -0.0164381
 0.77972 -0.0162568
 0.77984 -0.016073
 0.77996 -0.0158865
 0.78008 -0.0156974
 0.7802 -0.0155055
 0.78032 -0.0153108
 0.78044 -0.0151132
 0.78056 -0.0149127
 0.78068 -0.0147092
 0.7808 -0.0145028
 0.78092 -0.0142934
 0.78104 -0.014081
 0.78116 -0.0138655
 0.78128 -0.0136469
 0.7814 -0.0134251
 0.78152 -0.0132002
 0.78164 -0.0129722
 0.78176 -0.012741
 0.78188 -0.0125067
 0.782 -0.0122693
 0.78212 -0.0120287
 0.78224 -0.011785
 0.78236 -0.0115381
 0.78248 -0.011288
 0.7826 -0.0110348
 0.78272 -0.0107784
 0.78284 -0.0105189
 0.78296 -0.0102563
 0.78308 -0.00999046
 0.7832 -0.00972155
 0.78332 -0.00944953
 0.78344 -0.00917442
 0.78356 -0.00889623
 0.78368 -0.00861496
 0.7838 -0.00833062
 0.78392 -0.00804324
 0.78404 -0.00775282
 0.78416 -0.00745936
 0.78428 -0.00716289
 0.7844 -0.00686341
 0.78452 -0.00656094
 0.78464 -0.00625548
 0.78476 -0.00594705
 0.78488 -0.00563565
 0.785 -0.0053213
 0.78512 -0.005004
 0.78524 -0.00468377
 0.78536 -0.00436062
 0.78548 -0.00403457
 0.7856 -0.00370561
 0.78572 -0.00337376
 0.78584 -0.00303903
 0.78596 -0.00270144
 0.78608 -0.00236099
 0.7862 -0.00201767
 0.78632 -0.0016715
 0.78644 -0.00132246
 0.78656 -0.000970575
 0.78668 -0.000615858
 0.7868 -0.000258343
 0.78692 0.000101936
 0.78704 0.000464943
 0.78716 0.000830645
 0.78728 0.00119901
 0.7874 0.00156999
 0.78752 0.00194356
 0.78764 0.00231969
 0.78776 0.00269834
 0.78788 0.00307947
 0.788 0.00346305
 0.78812 0.00384904
 0.78824 0.00423743
 0.78836 0.00462816
 0.78848 0.00502123
 0.7886 0.00541662
 0.78872 0.00581432
 0.78884 0.00621434
 0.78896 0.00661666
 0.78908 0.00702129
 0.7892 0.00742823
 0.78932 0.00783749
 0.78944 0.00824906
 0.78956 0.00866295
 0.78968 0.00907915
 0.7898 0.00949767
 0.78992 0.00991851
 0.79004 0.0103417
 0.79016 0.0107672
 0.79028 0.011195
 0.7904 0.0116251
 0.79052 0.0120575
 0.79064 0.0124923
 0.79076 0.0129294
 0.79088 0.0133688
 0.791 0.0138105
 0.79112 0.0142545
 0.79124 0.0147009
 0.79136 0.0151497
 0.79148 0.015601
 0.7916 0.0160548
 0.79172 0.0165112
 0.79184 0.0169701
 0.79196 0.0174316
 0.79208 0.0178957
 0.7922 0.0183623
 0.79232 0.0188315
 0.79244 0.0193033
 0.79256 0.0197776
 0.79268 0.0202546
 0.7928 0.0207342
 0.79292 0.0212164
 0.79304 0.0217014
 0.79316 0.0221891
 0.79328 0.0226794
 0.7934 0.0231725
 0.79352 0.0236683
 0.79364 0.0241667
 0.79376 0.0246677
 0.79388 0.0251712
 0.794 0.0256772
 0.79412 0.0261856
 0.79424 0.0266963
 0.79436 0.0272094
 0.79448 0.0277247
 0.7946 0.0282422
 0.79472 0.0287618
 0.79484 0.0292836
 0.79496 0.0298074
 0.79508 0.0303331
 0.7952 0.0308609
 0.79532 0.0313905
 0.79544 0.0319221
 0.79556 0.0324555
 0.79568 0.0329907
 0.7958 0.0335278
 0.79592 0.0340667
 0.79604 0.0346073
 0.79616 0.0351496
 0.79628 0.0356937
 0.7964 0.0362395
 0.79652 0.036787
 0.79664 0.0373362
 0.79676 0.037887
 0.79688 0.0384394
 0.797 0.0389934
 0.79712 0.0395489
 0.79724 0.0401059
 0.79736 0.0406644
 0.79748 0.0412244
 0.7976 0.0417858
 0.79772 0.0423485
 0.79784 0.0429127
 0.79796 0.0434781
 0.79808 0.0440448
 0.7982 0.0446128
 0.79832 0.0451819
 0.79844 0.0457522
 0.79856 0.0463235
 0.79868 0.0468957
 0.7988 0.0474689
 0.79892 0.0480429
 0.79904 0.0486177
 0.79916 0.0491931
 0.79928 0.0497693
 0.7994 0.050346
 0.79952 0.0509232
 0.79964 0.0515008
 0.79976 0.0520788
 0.79988 0.0526571
