 0.2 0
 0.20012 0
 0.20024 0
 0.20036 0
 0.20048 0
 0.2006 0
 0.20072 0
 0.20084 0
 0.20096 0
 0.20108 0
 0.2012 0
 0.20132 0
 0.20144 0
 0.20156 0
 0.20168 0
 0.2018 0
 0.20192 0
 0.20204 0
 0.20216 0
 0.20228 0
 0.2024 0
 0.20252 0
 0.20264 0
 0.20276 0
 0.20288 0
 0.203 0
 0.20312 0
 0.20324 0
 0.20336 0
 0.20348 0
 0.2036 0
 0.20372 0
 0.20384 0
 0.20396 0
 0.20408 0
 0.2042 0
 0.20432 0
 0.20444 0
 0.20456 0
 0.20468 0
 0.2048 0
 0.20492 0
 0.20504 0
 0.20516 0
 0.20528 0
 0.2054 0
 0.20552 0
 0.20564 0
 0.20576 0
 0.20588 0
 0.206 0
 0.20612 0
 0.20624 0
 0.20636 0
 0.20648 0
 0.2066 0
 0.20672 0
 0.20684 0
 0.20696 0
 0.20708 0
 0.2072 0
 0.20732 0
 0.20744 0
 0.20756 0
 0.20768 0
 0.2078 0
 0.20792 0
 0.20804 0
 0.20816 0
 0.20828 0
 0.2084 0
 0.20852 0
 0.20864 0
 0.20876 0
 0.20888 0
 0.209 0
 0.20912 0
 0.20924 0
 0.20936 0
 0.20948 0
 0.2096 0
 0.20972 0
 0.20984 0
 0.20996 0
 0.21008 0
 0.2102 0
 0.21032 0
 0.21044 0
 0.21056 0
 0.21068 0
 0.2108 0
 0.21092 0
 0.21104 0
 0.21116 0
 0.21128 0
 0.2114 0
 0.21152 0
 0.21164 0
 0.21176 0
 0.21188 0
 0.212 0
 0.21212 0
 0.21224 0
 0.21236 0
 0.21248 0
 0.2126 0
 0.21272 0
 0.21284 0
 0.21296 0
 0.21308 0
 0.2132 0
 0.21332 0
 0.21344 0
 0.21356 0
 0.21368 0
 0.2138 0
 0.21392 0
 0.21404 0
 0.21416 0
 0.21428 0
 0.2144 0
 0.21452 0
 0.21464 0
 0.21476 0
 0.21488 0
 0.215 0
 0.21512 0
 0.21524 0
 0.21536 0
 0.21548 0
 0.2156 0
 0.21572 0
 0.21584 0
 0.21596 0
 0.21608 0
 0.2162 0
 0.21632 0
 0.21644 0
 0.21656 0
 0.21668 0
 0.2168 0
 0.21692 0
 0.21704 0
 0.21716 0
 0.21728 0
 0.2174 0
 0.21752 0
 0.21764 0
 0.21776 0
 0.21788 0
 0.218 0
 0.21812 0
 0.21824 0
 0.21836 0
 0.21848 0
 0.2186 0
 0.21872 0
 0.21884 0
 0.21896 0
 0.21908 0
 0.2192 0
 0.21932 0
 0.21944 0
 0.21956 0
 0.21968 0
 0.2198 0
 0.21992 0
 0.22004 0
 0.22016 0
 0.22028 0
 0.2204 0
 0.22052 0
 0.22064 0
 0.22076 0
 0.22088 0
 0.221 0
 0.22112 0
 0.22124 0
 0.22136 0
 0.22148 0
 0.2216 0
 0.22172 0
 0.22184 0
 0.22196 0
 0.22208 0
 0.2222 0
 0.22232 0
 0.22244 0
 0.22256 0
 0.22268 0
 0.2228 0
 0.22292 0
 0.22304 0
 0.22316 0
 0.22328 0
 0.2234 0
 0.22352 0
 0.22364 0
 0.22376 0
 0.22388 0
 0.224 0
 0.22412 0
 0.22424 0
 0.22436 0
 0.22448 0
 0.2246 0
 0.22472 0
 0.22484 0
 0.22496 0
 0.22508 0
 0.2252 0
 0.22532 0
 0.22544 0
 0.22556 0
 0.22568 0
 0.2258 0
 0.22592 0
 0.22604 0
 0.22616 0
 0.22628 0
 0.2264 0
 0.22652 0
 0.22664 0
 0.22676 0
 0.22688 0
 0.227 0
 0.22712 0
 0.22724 0
 0.22736 0
 0.22748 0
 0.2276 0
 0.22772 0
 0.22784 0
 0.22796 0
 0.22808 0
 0.2282 0
 0.22832 0
 0.22844 0
 0.22856 0
 0.22868 0
 0.2288 0
 0.22892 0
 0.22904 0
 0.22916 0
 0.22928 0
 0.2294 0
 0.22952 0
 0.22964 0
 0.22976 0
 0.22988 0
 0.23 0
 0.23012 0
 0.23024 0
 0.23036 0
 0.23048 0
 0.2306 0
 0.23072 0
 0.23084 0
 0.23096 0
 0.23108 0
 0.2312 0
 0.23132 0
 0.23144 0
 0.23156 0
 0.23168 0
 0.2318 0
 0.23192 0
 0.23204 0
 0.23216 0
 0.23228 0
 0.2324 0
 0.23252 0
 0.23264 0
 0.23276 0
 0.23288 0
 0.233 0
 0.23312 0
 0.23324 0
 0.23336 0
 0.23348 0
 0.2336 0
 0.23372 0
 0.23384 0
 0.23396 0
 0.23408 0
 0.2342 0
 0.23432 0
 0.23444 0
 0.23456 0
 0.23468 0
 0.2348 0
 0.23492 0
 0.23504 0
 0.23516 0
 0.23528 0
 0.2354 0
 0.23552 0
 0.23564 0
 0.23576 0
 0.23588 0
 0.236 0
 0.23612 0
 0.23624 0
 0.23636 0
 0.23648 0
 0.2366 0
 0.23672 0
 0.23684 0
 0.23696 0
 0.23708 0
 0.2372 0
 0.23732 0
 0.23744 0
 0.23756 0
 0.23768 0
 0.2378 0
 0.23792 0
 0.23804 0
 0.23816 0
 0.23828 0
 0.2384 0
 0.23852 0
 0.23864 0
 0.23876 0
 0.23888 0
 0.239 0
 0.23912 0
 0.23924 0
 0.23936 0
 0.23948 0
 0.2396 0
 0.23972 0
 0.23984 0
 0.23996 0
 0.24008 0
 0.2402 0
 0.24032 0
 0.24044 0
 0.24056 0
 0.24068 0
 0.2408 0
 0.24092 0
 0.24104 0
 0.24116 0
 0.24128 0
 0.2414 0
 0.24152 0
 0.24164 0
 0.24176 0
 0.24188 0
 0.242 0
 0.24212 0
 0.24224 0
 0.24236 0
 0.24248 0
 0.2426 0
 0.24272 0
 0.24284 0
 0.24296 0
 0.24308 0
 0.2432 0
 0.24332 0
 0.24344 0
 0.24356 0
 0.24368 0
 0.2438 0
 0.24392 0
 0.24404 0
 0.24416 0
 0.24428 0
 0.2444 0
 0.24452 0
 0.24464 0
 0.24476 0
 0.24488 0
 0.245 0
 0.24512 0
 0.24524 0
 0.24536 0
 0.24548 0
 0.2456 0
 0.24572 0
 0.24584 0
 0.24596 0
 0.24608 0
 0.2462 0
 0.24632 0
 0.24644 0
 0.24656 0
 0.24668 0
 0.2468 0
 0.24692 0
 0.24704 0
 0.24716 0
 0.24728 0
 0.2474 0
 0.24752 0
 0.24764 0
 0.24776 0
 0.24788 0
 0.248 0
 0.24812 0
 0.24824 0
 0.24836 0
 0.24848 0
 0.2486 0
 0.24872 0
 0.24884 0
 0.24896 0
 0.24908 0
 0.2492 0
 0.24932 0
 0.24944 0
 0.24956 0
 0.24968 0
 0.2498 0
 0.24992 0
 0.25004 0
 0.25016 0
 0.25028 0
 0.2504 0
 0.25052 0
 0.25064 0
 0.25076 0
 0.25088 0
 0.251 0
 0.25112 0
 0.25124 0
 0.25136 0
 0.25148 0
 0.2516 0
 0.25172 0
 0.25184 0
 0.25196 0
 0.25208 0
 0.2522 0
 0.25232 0
 0.25244 0
 0.25256 0
 0.25268 0
 0.2528 0
 0.25292 0
 0.25304 0
 0.25316 0
 0.25328 0
 0.2534 0
 0.25352 0
 0.25364 0
 0.25376 0
 0.25388 0
 0.254 0
 0.25412 0
 0.25424 0
 0.25436 0
 0.25448 0
 0.2546 0
 0.25472 0
 0.25484 0
 0.25496 0
 0.25508 0
 0.2552 0
 0.25532 0
 0.25544 0
 0.25556 0
 0.25568 0
 0.2558 0
 0.25592 0
 0.25604 0
 0.25616 0
 0.25628 0
 0.2564 0
 0.25652 0
 0.25664 0
 0.25676 0
 0.25688 0
 0.257 0
 0.25712 0
 0.25724 0
 0.25736 0
 0.25748 0
 0.2576 0
 0.25772 0
 0.25784 0
 0.25796 0
 0.25808 0
 0.2582 0
 0.25832 0
 0.25844 0
 0.25856 0
 0.25868 0
 0.2588 0
 0.25892 0
 0.25904 0
 0.25916 0
 0.25928 0
 0.2594 0
 0.25952 0
 0.25964 0
 0.25976 0
 0.25988 0
 0.26 0
 0.26012 0
 0.26024 0
 0.26036 0
 0.26048 0
 0.2606 0
 0.26072 0
 0.26084 0
 0.26096 0
 0.26108 0
 0.2612 0
 0.26132 0
 0.26144 0
 0.26156 0
 0.26168 0
 0.2618 0
 0.26192 0
 0.26204 0
 0.26216 0
 0.26228 0
 0.2624 0
 0.26252 0
 0.26264 0
 0.26276 0
 0.26288 0
 0.263 0
 0.26312 0
 0.26324 0
 0.26336 0
 0.26348 0
 0.2636 0
 0.26372 0
 0.26384 0
 0.26396 0
 0.26408 0
 0.2642 0
 0.26432 0
 0.26444 0
 0.26456 0
 0.26468 0
 0.2648 0
 0.26492 0
 0.26504 0
 0.26516 0
 0.26528 0
 0.2654 0
 0.26552 0
 0.26564 0
 0.26576 0
 0.26588 0
 0.266 0
 0.26612 0
 0.26624 0
 0.26636 0
 0.26648 0
 0.2666 0
 0.26672 0
 0.26684 0
 0.26696 0
 0.26708 0
 0.2672 0
 0.26732 0
 0.26744 0
 0.26756 0
 0.26768 0
 0.2678 0
 0.26792 0
 0.26804 0
 0.26816 0
 0.26828 0
 0.2684 0
 0.26852 0
 0.26864 0
 0.26876 0
 0.26888 0
 0.269 0
 0.26912 0
 0.26924 0
 0.26936 0
 0.26948 0
 0.2696 0
 0.26972 0
 0.26984 0
 0.26996 0
 0.27008 0
 0.2702 0
 0.27032 0
 0.27044 0
 0.27056 0
 0.27068 0
 0.2708 0
 0.27092 0
 0.27104 0
 0.27116 0
 0.27128 0
 0.2714 0
 0.27152 0
 0.27164 0
 0.27176 0
 0.27188 0
 0.272 0
 0.27212 0
 0.27224 0
 0.27236 0
 0.27248 0
 0.2726 0
 0.27272 0
 0.27284 0
 0.27296 0
 0.27308 0
 0.2732 0
 0.27332 0
 0.27344 0
 0.27356 0
 0.27368 0
 0.2738 0
 0.27392 0
 0.27404 0
 0.27416 0
 0.27428 0
 0.2744 0
 0.27452 0
 0.27464 0
 0.27476 0
 0.27488 0
 0.275 0
 0.27512 0
 0.27524 0
 0.27536 0
 0.27548 0
 0.2756 0
 0.27572 0
 0.27584 0
 0.27596 0
 0.27608 0
 0.2762 0
 0.27632 0
 0.27644 0
 0.27656 0
 0.27668 0
 0.2768 0
 0.27692 0
 0.27704 0
 0.27716 0
 0.27728 0
 0.2774 0
 0.27752 0
 0.27764 0
 0.27776 0
 0.27788 0
 0.278 0
 0.27812 0
 0.27824 0
 0.27836 0
 0.27848 0
 0.2786 0
 0.27872 0
 0.27884 0
 0.27896 0
 0.27908 0
 0.2792 0
 0.27932 0
 0.27944 0
 0.27956 0
 0.27968 0
 0.2798 0
 0.27992 0
 0.28004 0
 0.28016 0
 0.28028 0
 0.2804 0
 0.28052 0
 0.28064 0
 0.28076 0
 0.28088 0
 0.281 0
 0.28112 0
 0.28124 0
 0.28136 0
 0.28148 0
 0.2816 0
 0.28172 0
 0.28184 0
 0.28196 0
 0.28208 0
 0.2822 0
 0.28232 0
 0.28244 0
 0.28256 0
 0.28268 0
 0.2828 0
 0.28292 0
 0.28304 0
 0.28316 0
 0.28328 0
 0.2834 0
 0.28352 0
 0.28364 0
 0.28376 0
 0.28388 0
 0.284 0
 0.28412 0
 0.28424 0
 0.28436 0
 0.28448 0
 0.2846 0
 0.28472 0
 0.28484 0
 0.28496 0
 0.28508 0
 0.2852 0
 0.28532 0
 0.28544 0
 0.28556 0
 0.28568 0
 0.2858 0
 0.28592 0
 0.28604 0
 0.28616 0
 0.28628 0
 0.2864 0
 0.28652 0
 0.28664 0
 0.28676 0
 0.28688 0
 0.287 0
 0.28712 0
 0.28724 0
 0.28736 0
 0.28748 0
 0.2876 0
 0.28772 0
 0.28784 0
 0.28796 0
 0.28808 0
 0.2882 0
 0.28832 0
 0.28844 0
 0.28856 0
 0.28868 0
 0.2888 0
 0.28892 0
 0.28904 0
 0.28916 0
 0.28928 0
 0.2894 0
 0.28952 0
 0.28964 0
 0.28976 0
 0.28988 0
 0.29 0
 0.29012 0
 0.29024 0
 0.29036 0
 0.29048 0
 0.2906 0
 0.29072 0
 0.29084 0
 0.29096 0
 0.29108 0
 0.2912 0
 0.29132 0
 0.29144 0
 0.29156 0
 0.29168 0
 0.2918 0
 0.29192 0
 0.29204 0
 0.29216 0
 0.29228 0
 0.2924 0
 0.29252 0
 0.29264 0
 0.29276 0
 0.29288 0
 0.293 0
 0.29312 0
 0.29324 0
 0.29336 0
 0.29348 0
 0.2936 0
 0.29372 0
 0.29384 0
 0.29396 0
 0.29408 0
 0.2942 0
 0.29432 0
 0.29444 0
 0.29456 0
 0.29468 0
 0.2948 0
 0.29492 0
 0.29504 0
 0.29516 0
 0.29528 0
 0.2954 0
 0.29552 0
 0.29564 0
 0.29576 0
 0.29588 0
 0.296 0
 0.29612 0
 0.29624 0
 0.29636 0
 0.29648 0
 0.2966 0
 0.29672 0
 0.29684 0
 0.29696 0
 0.29708 0
 0.2972 0
 0.29732 0
 0.29744 0
 0.29756 0
 0.29768 0
 0.2978 0
 0.29792 0
 0.29804 0
 0.29816 0
 0.29828 0
 0.2984 0
 0.29852 0
 0.29864 0
 0.29876 0
 0.29888 0
 0.299 0
 0.29912 0
 0.29924 0
 0.29936 0
 0.29948 0
 0.2996 0
 0.29972 0
 0.29984 0
 0.29996 0
 0.30008 0
 0.3002 0
 0.30032 0
 0.30044 0
 0.30056 0
 0.30068 0
 0.3008 0
 0.30092 0
 0.30104 0
 0.30116 0
 0.30128 0
 0.3014 0
 0.30152 0
 0.30164 0
 0.30176 0
 0.30188 0
 0.302 0
 0.30212 0
 0.30224 0
 0.30236 0
 0.30248 0
 0.3026 0
 0.30272 0
 0.30284 0
 0.30296 0
 0.30308 0
 0.3032 0
 0.30332 0
 0.30344 0
 0.30356 0
 0.30368 0
 0.3038 0
 0.30392 0
 0.30404 0
 0.30416 0
 0.30428 0
 0.3044 0
 0.30452 0
 0.30464 0
 0.30476 0
 0.30488 0
 0.305 0
 0.30512 0
 0.30524 0
 0.30536 0
 0.30548 0
 0.3056 0
 0.30572 0
 0.30584 0
 0.30596 0
 0.30608 0
 0.3062 0
 0.30632 0
 0.30644 0
 0.30656 0
 0.30668 0
 0.3068 0
 0.30692 0
 0.30704 0
 0.30716 0
 0.30728 0
 0.3074 0
 0.30752 0
 0.30764 0
 0.30776 0
 0.30788 0
 0.308 0
 0.30812 0
 0.30824 0
 0.30836 0
 0.30848 0
 0.3086 0
 0.30872 0
 0.30884 0
 0.30896 0
 0.30908 0
 0.3092 0
 0.30932 0
 0.30944 0
 0.30956 0
 0.30968 0
 0.3098 0
 0.30992 0
 0.31004 0
 0.31016 0
 0.31028 0
 0.3104 0
 0.31052 0
 0.31064 0
 0.31076 0
 0.31088 0
 0.311 0
 0.31112 0
 0.31124 0
 0.31136 0
 0.31148 0
 0.3116 0
 0.31172 0
 0.31184 0
 0.31196 0
 0.31208 0
 0.3122 0
 0.31232 0
 0.31244 0
 0.31256 0
 0.31268 0
 0.3128 0
 0.31292 0
 0.31304 0
 0.31316 0
 0.31328 0
 0.3134 0
 0.31352 0
 0.31364 0
 0.31376 0
 0.31388 0
 0.314 0
 0.31412 0
 0.31424 0
 0.31436 0
 0.31448 0
 0.3146 0
 0.31472 0
 0.31484 0
 0.31496 0
 0.31508 0
 0.3152 0
 0.31532 0
 0.31544 0
 0.31556 0
 0.31568 0
 0.3158 0
 0.31592 0
 0.31604 0
 0.31616 0
 0.31628 0
 0.3164 0
 0.31652 0
 0.31664 0
 0.31676 0
 0.31688 0
 0.317 0
 0.31712 0
 0.31724 0
 0.31736 0
 0.31748 0
 0.3176 0
 0.31772 0
 0.31784 0
 0.31796 0
 0.31808 0
 0.3182 0
 0.31832 0
 0.31844 0
 0.31856 0
 0.31868 0
 0.3188 0
 0.31892 0
 0.31904 0
 0.31916 0
 0.31928 0
 0.3194 0
 0.31952 0
 0.31964 0
 0.31976 0
 0.31988 0
 0.32 0
 0.32012 0
 0.32024 0
 0.32036 0
 0.32048 0
 0.3206 0
 0.32072 0
 0.32084 0
 0.32096 0
 0.32108 0
 0.3212 0
 0.32132 0
 0.32144 0
 0.32156 0
 0.32168 0
 0.3218 0
 0.32192 0
 0.32204 0
 0.32216 0
 0.32228 0
 0.3224 0
 0.32252 0
 0.32264 0
 0.32276 0
 0.32288 0
 0.323 0
 0.32312 0
 0.32324 0
 0.32336 0
 0.32348 0
 0.3236 0
 0.32372 0
 0.32384 0
 0.32396 0
 0.32408 0
 0.3242 0
 0.32432 0
 0.32444 0
 0.32456 0
 0.32468 0
 0.3248 0
 0.32492 0
 0.32504 0
 0.32516 0
 0.32528 0
 0.3254 0
 0.32552 0
 0.32564 0
 0.32576 0
 0.32588 0
 0.326 0
 0.32612 0
 0.32624 0
 0.32636 0
 0.32648 0
 0.3266 0
 0.32672 0
 0.32684 0
 0.32696 0
 0.32708 0
 0.3272 0
 0.32732 0
 0.32744 0
 0.32756 0
 0.32768 0
 0.3278 0
 0.32792 0
 0.32804 0
 0.32816 0
 0.32828 0
 0.3284 0
 0.32852 0
 0.32864 0
 0.32876 0
 0.32888 0
 0.329 0
 0.32912 0
 0.32924 0
 0.32936 0
 0.32948 0
 0.3296 0
 0.32972 0
 0.32984 0
 0.32996 0
 0.33008 0
 0.3302 0
 0.33032 0
 0.33044 0
 0.33056 0
 0.33068 0
 0.3308 0
 0.33092 0
 0.33104 0
 0.33116 0
 0.33128 0
 0.3314 0
 0.33152 0
 0.33164 0
 0.33176 0
 0.33188 0
 0.332 0
 0.33212 0
 0.33224 0
 0.33236 0
 0.33248 0
 0.3326 0
 0.33272 0
 0.33284 0
 0.33296 0
 0.33308 0
 0.3332 0
 0.33332 0
 0.33344 0
 0.33356 0
 0.33368 0
 0.3338 0
 0.33392 0
 0.33404 0
 0.33416 0
 0.33428 0
 0.3344 0
 0.33452 0
 0.33464 0
 0.33476 0
 0.33488 0
 0.335 0
 0.33512 0
 0.33524 0
 0.33536 0
 0.33548 0
 0.3356 0
 0.33572 0
 0.33584 0
 0.33596 0
 0.33608 0
 0.3362 0
 0.33632 0
 0.33644 0
 0.33656 0
 0.33668 0
 0.3368 0
 0.33692 0
 0.33704 0
 0.33716 0
 0.33728 0
 0.3374 0
 0.33752 0
 0.33764 0
 0.33776 0
 0.33788 0
 0.338 0
 0.33812 0
 0.33824 0
 0.33836 0
 0.33848 0
 0.3386 0
 0.33872 0
 0.33884 0
 0.33896 0
 0.33908 0
 0.3392 0
 0.33932 0
 0.33944 0
 0.33956 0
 0.33968 0
 0.3398 0
 0.33992 0
 0.34004 0
 0.34016 0
 0.34028 0
 0.3404 0
 0.34052 0
 0.34064 0
 0.34076 0
 0.34088 0
 0.341 0
 0.34112 0
 0.34124 0
 0.34136 0
 0.34148 0
 0.3416 0
 0.34172 0
 0.34184 0
 0.34196 0
 0.34208 0
 0.3422 0
 0.34232 0
 0.34244 0
 0.34256 0
 0.34268 0
 0.3428 0
 0.34292 0
 0.34304 0
 0.34316 0
 0.34328 0
 0.3434 0
 0.34352 0
 0.34364 0
 0.34376 0
 0.34388 0
 0.344 0
 0.34412 0
 0.34424 0
 0.34436 0
 0.34448 0
 0.3446 0
 0.34472 0
 0.34484 0
 0.34496 0
 0.34508 0
 0.3452 0
 0.34532 0
 0.34544 0
 0.34556 0
 0.34568 0
 0.3458 0
 0.34592 0
 0.34604 0
 0.34616 0
 0.34628 0
 0.3464 0
 0.34652 0
 0.34664 0
 0.34676 0
 0.34688 0
 0.347 0
 0.34712 0
 0.34724 0
 0.34736 0
 0.34748 0
 0.3476 0
 0.34772 0
 0.34784 0
 0.34796 0
 0.34808 0
 0.3482 0
 0.34832 0
 0.34844 0
 0.34856 0
 0.34868 0
 0.3488 0
 0.34892 0
 0.34904 0
 0.34916 0
 0.34928 0
 0.3494 0
 0.34952 0
 0.34964 0
 0.34976 0
 0.34988 0
 0.35 0
 0.35012 0
 0.35024 0
 0.35036 0
 0.35048 0
 0.3506 0
 0.35072 0
 0.35084 0
 0.35096 0
 0.35108 0
 0.3512 0
 0.35132 0
 0.35144 0
 0.35156 0
 0.35168 0
 0.3518 0
 0.35192 0
 0.35204 0
 0.35216 0
 0.35228 0
 0.3524 0
 0.35252 0
 0.35264 0
 0.35276 0
 0.35288 0
 0.353 0
 0.35312 0
 0.35324 0
 0.35336 0
 0.35348 0
 0.3536 0
 0.35372 0
 0.35384 0
 0.35396 0
 0.35408 0
 0.3542 0
 0.35432 0
 0.35444 0
 0.35456 0
 0.35468 0
 0.3548 0
 0.35492 0
 0.35504 0
 0.35516 0
 0.35528 0
 0.3554 0
 0.35552 0
 0.35564 0
 0.35576 0
 0.35588 0
 0.356 0
 0.35612 0
 0.35624 0
 0.35636 0
 0.35648 0
 0.3566 0
 0.35672 0
 0.35684 0
 0.35696 0
 0.35708 0
 0.3572 0
 0.35732 0
 0.35744 0
 0.35756 0
 0.35768 0
 0.3578 0
 0.35792 0
 0.35804 0
 0.35816 0
 0.35828 0
 0.3584 0
 0.35852 0
 0.35864 0
 0.35876 0
 0.35888 0
 0.359 0
 0.35912 0
 0.35924 0
 0.35936 0
 0.35948 0
 0.3596 0
 0.35972 0
 0.35984 0
 0.35996 0
 0.36008 0
 0.3602 0
 0.36032 0
 0.36044 0
 0.36056 0
 0.36068 0
 0.3608 0
 0.36092 0
 0.36104 0
 0.36116 0
 0.36128 0
 0.3614 0
 0.36152 0
 0.36164 0
 0.36176 0
 0.36188 0
 0.362 0
 0.36212 0
 0.36224 0
 0.36236 0
 0.36248 0
 0.3626 0
 0.36272 0
 0.36284 0
 0.36296 0
 0.36308 0
 0.3632 0
 0.36332 0
 0.36344 0
 0.36356 0
 0.36368 0
 0.3638 0
 0.36392 0
 0.36404 0
 0.36416 0
 0.36428 0
 0.3644 0
 0.36452 0
 0.36464 0
 0.36476 0
 0.36488 0
 0.365 0
 0.36512 0
 0.36524 0
 0.36536 0
 0.36548 0
 0.3656 0
 0.36572 0
 0.36584 0
 0.36596 0
 0.36608 0
 0.3662 0
 0.36632 0
 0.36644 0
 0.36656 0
 0.36668 0
 0.3668 0
 0.36692 0
 0.36704 0
 0.36716 0
 0.36728 0
 0.3674 0
 0.36752 0
 0.36764 0
 0.36776 0
 0.36788 0
 0.368 0
 0.36812 0
 0.36824 0
 0.36836 0
 0.36848 0
 0.3686 0
 0.36872 0
 0.36884 0
 0.36896 0
 0.36908 0
 0.3692 0
 0.36932 0
 0.36944 0
 0.36956 0
 0.36968 0
 0.3698 0
 0.36992 0
 0.37004 0
 0.37016 0
 0.37028 0
 0.3704 0
 0.37052 0
 0.37064 0
 0.37076 0
 0.37088 0
 0.371 0
 0.37112 0
 0.37124 0
 0.37136 0
 0.37148 0
 0.3716 0
 0.37172 0
 0.37184 0
 0.37196 0
 0.37208 0
 0.3722 0
 0.37232 0
 0.37244 0
 0.37256 0
 0.37268 0
 0.3728 0
 0.37292 0
 0.37304 0
 0.37316 0
 0.37328 0
 0.3734 0
 0.37352 0
 0.37364 0
 0.37376 0
 0.37388 0
 0.374 0
 0.37412 0
 0.37424 0
 0.37436 0
 0.37448 0
 0.3746 0
 0.37472 0
 0.37484 0
 0.37496 0
 0.37508 0
 0.3752 0
 0.37532 0
 0.37544 0
 0.37556 0
 0.37568 0
 0.3758 0
 0.37592 0
 0.37604 0
 0.37616 0
 0.37628 0
 0.3764 0
 0.37652 0
 0.37664 0
 0.37676 0
 0.37688 0
 0.377 0
 0.37712 0
 0.37724 0
 0.37736 0
 0.37748 0
 0.3776 0
 0.37772 0
 0.37784 0
 0.37796 0
 0.37808 0
 0.3782 0
 0.37832 0
 0.37844 0
 0.37856 0
 0.37868 0
 0.3788 0
 0.37892 0
 0.37904 0
 0.37916 0
 0.37928 0
 0.3794 0
 0.37952 0
 0.37964 0
 0.37976 0
 0.37988 0
 0.38 0
 0.38012 0
 0.38024 0
 0.38036 0
 0.38048 0
 0.3806 0
 0.38072 0
 0.38084 0
 0.38096 0
 0.38108 0
 0.3812 0
 0.38132 0
 0.38144 0
 0.38156 0
 0.38168 0
 0.3818 0
 0.38192 0
 0.38204 0
 0.38216 0
 0.38228 0
 0.3824 0
 0.38252 0
 0.38264 0
 0.38276 0
 0.38288 0
 0.383 0
 0.38312 0
 0.38324 0
 0.38336 0
 0.38348 0
 0.3836 0
 0.38372 0
 0.38384 0
 0.38396 0
 0.38408 0
 0.3842 0
 0.38432 0
 0.38444 0
 0.38456 0
 0.38468 0
 0.3848 0
 0.38492 0
 0.38504 0
 0.38516 0
 0.38528 0
 0.3854 0
 0.38552 0
 0.38564 0
 0.38576 0
 0.38588 0
 0.386 0
 0.38612 0
 0.38624 0
 0.38636 0
 0.38648 0
 0.3866 0
 0.38672 0
 0.38684 0
 0.38696 0
 0.38708 0
 0.3872 0
 0.38732 0
 0.38744 0
 0.38756 0
 0.38768 0
 0.3878 0
 0.38792 0
 0.38804 0
 0.38816 0
 0.38828 0
 0.3884 0
 0.38852 0
 0.38864 0
 0.38876 0
 0.38888 0
 0.389 0
 0.38912 0
 0.38924 0
 0.38936 0
 0.38948 0
 0.3896 0
 0.38972 0
 0.38984 0
 0.38996 0
 0.39008 0
 0.3902 0
 0.39032 0
 0.39044 0
 0.39056 0
 0.39068 0
 0.3908 0
 0.39092 0
 0.39104 0
 0.39116 0
 0.39128 0
 0.3914 0
 0.39152 0
 0.39164 0
 0.39176 0
 0.39188 0
 0.392 0
 0.39212 0
 0.39224 0
 0.39236 0
 0.39248 0
 0.3926 0
 0.39272 0
 0.39284 0
 0.39296 0
 0.39308 0
 0.3932 0
 0.39332 0
 0.39344 0
 0.39356 0
 0.39368 0
 0.3938 0
 0.39392 0
 0.39404 0
 0.39416 0
 0.39428 0
 0.3944 0
 0.39452 0
 0.39464 0
 0.39476 0
 0.39488 0
 0.395 0
 0.39512 0
 0.39524 0
 0.39536 0
 0.39548 0
 0.3956 0
 0.39572 0
 0.39584 0
 0.39596 0
 0.39608 0
 0.3962 0
 0.39632 0
 0.39644 0
 0.39656 0
 0.39668 0
 0.3968 0
 0.39692 0
 0.39704 0
 0.39716 0
 0.39728 0
 0.3974 0
 0.39752 0
 0.39764 0
 0.39776 0
 0.39788 0
 0.398 0
 0.39812 0
 0.39824 0
 0.39836 0
 0.39848 0
 0.3986 0
 0.39872 0
 0.39884 0
 0.39896 0
 0.39908 0
 0.3992 0
 0.39932 0
 0.39944 0
 0.39956 0
 0.39968 0
 0.3998 0
 0.39992 0
 0.40004 0
 0.40016 0
 0.40028 0
 0.4004 0
 0.40052 0
 0.40064 0
 0.40076 0
 0.40088 0
 0.401 0
 0.40112 0
 0.40124 0
 0.40136 0
 0.40148 0
 0.4016 0
 0.40172 0
 0.40184 0
 0.40196 0
 0.40208 0
 0.4022 0
 0.40232 0
 0.40244 0
 0.40256 0
 0.40268 0
 0.4028 0
 0.40292 0
 0.40304 0
 0.40316 0
 0.40328 0
 0.4034 0
 0.40352 0
 0.40364 0
 0.40376 0
 0.40388 0
 0.404 0
 0.40412 0
 0.40424 0
 0.40436 0
 0.40448 0
 0.4046 0
 0.40472 0
 0.40484 0
 0.40496 0
 0.40508 0
 0.4052 0
 0.40532 0
 0.40544 0
 0.40556 0
 0.40568 0
 0.4058 0
 0.40592 0
 0.40604 0
 0.40616 0
 0.40628 0
 0.4064 0
 0.40652 0
 0.40664 0
 0.40676 0
 0.40688 0
 0.407 0
 0.40712 0
 0.40724 0
 0.40736 0
 0.40748 0
 0.4076 0
 0.40772 0
 0.40784 0
 0.40796 0
 0.40808 0
 0.4082 0
 0.40832 0
 0.40844 0
 0.40856 0
 0.40868 0
 0.4088 0
 0.40892 0
 0.40904 0
 0.40916 0
 0.40928 0
 0.4094 0
 0.40952 0
 0.40964 0
 0.40976 0
 0.40988 0
 0.41 0
 0.41012 0
 0.41024 0
 0.41036 0
 0.41048 0
 0.4106 0
 0.41072 0
 0.41084 0
 0.41096 0
 0.41108 0
 0.4112 0
 0.41132 0
 0.41144 0
 0.41156 0
 0.41168 0
 0.4118 0
 0.41192 0
 0.41204 0
 0.41216 0
 0.41228 0
 0.4124 0
 0.41252 0
 0.41264 0
 0.41276 0
 0.41288 0
 0.413 0
 0.41312 0
 0.41324 0
 0.41336 0
 0.41348 0
 0.4136 0
 0.41372 0
 0.41384 0
 0.41396 0
 0.41408 0
 0.4142 0
 0.41432 0
 0.41444 0
 0.41456 0
 0.41468 0
 0.4148 0
 0.41492 0
 0.41504 0
 0.41516 0
 0.41528 0
 0.4154 0
 0.41552 0
 0.41564 0
 0.41576 0
 0.41588 0
 0.416 0
 0.41612 0
 0.41624 0
 0.41636 0
 0.41648 0
 0.4166 0
 0.41672 0
 0.41684 0
 0.41696 0
 0.41708 0
 0.4172 0
 0.41732 0
 0.41744 0
 0.41756 0
 0.41768 0
 0.4178 0
 0.41792 0
 0.41804 0
 0.41816 0
 0.41828 0
 0.4184 0
 0.41852 0
 0.41864 0
 0.41876 0
 0.41888 0
 0.419 0
 0.41912 0
 0.41924 0
 0.41936 0
 0.41948 0
 0.4196 0
 0.41972 0
 0.41984 0
 0.41996 0
 0.42008 0
 0.4202 0
 0.42032 0
 0.42044 0
 0.42056 0
 0.42068 0
 0.4208 0
 0.42092 0
 0.42104 0
 0.42116 0
 0.42128 0
 0.4214 0
 0.42152 0
 0.42164 0
 0.42176 0
 0.42188 0
 0.422 0
 0.42212 0
 0.42224 0
 0.42236 0
 0.42248 0
 0.4226 0
 0.42272 0
 0.42284 0
 0.42296 0
 0.42308 0
 0.4232 0
 0.42332 0
 0.42344 0
 0.42356 0
 0.42368 0
 0.4238 0
 0.42392 0
 0.42404 0
 0.42416 0
 0.42428 0
 0.4244 0
 0.42452 0
 0.42464 0
 0.42476 0
 0.42488 0
 0.425 0
 0.42512 0
 0.42524 0
 0.42536 0
 0.42548 0
 0.4256 0
 0.42572 0
 0.42584 0
 0.42596 0
 0.42608 0
 0.4262 0
 0.42632 0
 0.42644 0
 0.42656 0
 0.42668 0
 0.4268 0
 0.42692 0
 0.42704 0
 0.42716 0
 0.42728 0
 0.4274 0
 0.42752 0
 0.42764 0
 0.42776 0
 0.42788 0
 0.428 0
 0.42812 0
 0.42824 0
 0.42836 0
 0.42848 0
 0.4286 0
 0.42872 0
 0.42884 0
 0.42896 0
 0.42908 0
 0.4292 0
 0.42932 0
 0.42944 0
 0.42956 0
 0.42968 0
 0.4298 0
 0.42992 0
 0.43004 0
 0.43016 0
 0.43028 0
 0.4304 0
 0.43052 0
 0.43064 0
 0.43076 0
 0.43088 0
 0.431 0
 0.43112 0
 0.43124 0
 0.43136 0
 0.43148 0
 0.4316 0
 0.43172 0
 0.43184 0
 0.43196 0
 0.43208 0
 0.4322 0
 0.43232 0
 0.43244 0
 0.43256 0
 0.43268 0
 0.4328 0
 0.43292 0
 0.43304 0
 0.43316 0
 0.43328 0
 0.4334 0
 0.43352 0
 0.43364 0
 0.43376 0
 0.43388 0
 0.434 0
 0.43412 0
 0.43424 0
 0.43436 0
 0.43448 0
 0.4346 0
 0.43472 0
 0.43484 0
 0.43496 0
 0.43508 0
 0.4352 0
 0.43532 0
 0.43544 0
 0.43556 0
 0.43568 0
 0.4358 0
 0.43592 0
 0.43604 0
 0.43616 0
 0.43628 0
 0.4364 0
 0.43652 0
 0.43664 0
 0.43676 0
 0.43688 0
 0.437 0
 0.43712 0
 0.43724 0
 0.43736 0
 0.43748 0
 0.4376 0
 0.43772 0
 0.43784 0
 0.43796 0
 0.43808 0
 0.4382 0
 0.43832 0
 0.43844 0
 0.43856 0
 0.43868 0
 0.4388 0
 0.43892 0
 0.43904 0
 0.43916 0
 0.43928 0
 0.4394 0
 0.43952 0
 0.43964 0
 0.43976 0
 0.43988 0
 0.44 0
 0.44012 0
 0.44024 0
 0.44036 0
 0.44048 0
 0.4406 0
 0.44072 0
 0.44084 0
 0.44096 0
 0.44108 0
 0.4412 0
 0.44132 0
 0.44144 0
 0.44156 0
 0.44168 0
 0.4418 0
 0.44192 0
 0.44204 0
 0.44216 0
 0.44228 0
 0.4424 0
 0.44252 0
 0.44264 0
 0.44276 0
 0.44288 0
 0.443 0
 0.44312 0
 0.44324 0
 0.44336 0
 0.44348 0
 0.4436 0
 0.44372 0
 0.44384 0
 0.44396 0
 0.44408 0
 0.4442 0
 0.44432 0
 0.44444 0
 0.44456 0
 0.44468 0
 0.4448 0
 0.44492 0
 0.44504 0
 0.44516 0
 0.44528 0
 0.4454 0
 0.44552 0
 0.44564 0
 0.44576 0
 0.44588 0
 0.446 0
 0.44612 0
 0.44624 0
 0.44636 0
 0.44648 0
 0.4466 0
 0.44672 0
 0.44684 0
 0.44696 0
 0.44708 0
 0.4472 0
 0.44732 0
 0.44744 0
 0.44756 0
 0.44768 0
 0.4478 0
 0.44792 0
 0.44804 0
 0.44816 0
 0.44828 0
 0.4484 0
 0.44852 0
 0.44864 0
 0.44876 0
 0.44888 0
 0.449 0
 0.44912 0
 0.44924 0
 0.44936 0
 0.44948 0
 0.4496 0
 0.44972 0
 0.44984 0
 0.44996 0
 0.45008 0
 0.4502 0
 0.45032 0
 0.45044 0
 0.45056 0
 0.45068 0
 0.4508 0
 0.45092 0
 0.45104 0
 0.45116 0
 0.45128 0
 0.4514 0
 0.45152 0
 0.45164 0
 0.45176 0
 0.45188 0
 0.452 0
 0.45212 0
 0.45224 0
 0.45236 0
 0.45248 0
 0.4526 0
 0.45272 0
 0.45284 0
 0.45296 0
 0.45308 0
 0.4532 0
 0.45332 0
 0.45344 0
 0.45356 0
 0.45368 0
 0.4538 0
 0.45392 0
 0.45404 0
 0.45416 0
 0.45428 0
 0.4544 0
 0.45452 0
 0.45464 0
 0.45476 0
 0.45488 0
 0.455 0
 0.45512 0
 0.45524 0
 0.45536 0
 0.45548 0
 0.4556 0
 0.45572 0
 0.45584 0
 0.45596 0
 0.45608 0
 0.4562 0
 0.45632 0
 0.45644 0
 0.45656 0
 0.45668 0
 0.4568 0
 0.45692 0
 0.45704 0
 0.45716 0
 0.45728 0
 0.4574 0
 0.45752 0
 0.45764 0
 0.45776 0
 0.45788 0
 0.458 0
 0.45812 0
 0.45824 0
 0.45836 0
 0.45848 0
 0.4586 0
 0.45872 0
 0.45884 0
 0.45896 0
 0.45908 0
 0.4592 0
 0.45932 0
 0.45944 0
 0.45956 0
 0.45968 0
 0.4598 0
 0.45992 0
 0.46004 0
 0.46016 0
 0.46028 0
 0.4604 0
 0.46052 0
 0.46064 0
 0.46076 0
 0.46088 0
 0.461 0
 0.46112 0
 0.46124 0
 0.46136 0
 0.46148 0
 0.4616 0
 0.46172 0
 0.46184 0
 0.46196 0
 0.46208 0
 0.4622 0
 0.46232 0
 0.46244 0
 0.46256 0
 0.46268 0
 0.4628 0
 0.46292 0
 0.46304 0
 0.46316 0
 0.46328 0
 0.4634 0
 0.46352 0
 0.46364 0
 0.46376 0
 0.46388 0
 0.464 0
 0.46412 0
 0.46424 0
 0.46436 0
 0.46448 0
 0.4646 0
 0.46472 0
 0.46484 0
 0.46496 0
 0.46508 0
 0.4652 0
 0.46532 0
 0.46544 0
 0.46556 0
 0.46568 0
 0.4658 0
 0.46592 0
 0.46604 0
 0.46616 0
 0.46628 0
 0.4664 0
 0.46652 0
 0.46664 0
 0.46676 0
 0.46688 0
 0.467 0
 0.46712 0
 0.46724 0
 0.46736 0
 0.46748 0
 0.4676 0
 0.46772 0
 0.46784 0
 0.46796 0
 0.46808 0
 0.4682 0
 0.46832 0
 0.46844 0
 0.46856 0
 0.46868 0
 0.4688 0
 0.46892 0
 0.46904 0
 0.46916 0
 0.46928 0
 0.4694 0
 0.46952 0
 0.46964 0
 0.46976 0
 0.46988 0
 0.47 0
 0.47012 0
 0.47024 0
 0.47036 0
 0.47048 0
 0.4706 0
 0.47072 0
 0.47084 0
 0.47096 0
 0.47108 0
 0.4712 0
 0.47132 0
 0.47144 0
 0.47156 0
 0.47168 0
 0.4718 0
 0.47192 0
 0.47204 0
 0.47216 0
 0.47228 0
 0.4724 0
 0.47252 0
 0.47264 0
 0.47276 0
 0.47288 0
 0.473 0
 0.47312 0
 0.47324 0
 0.47336 0
 0.47348 0
 0.4736 0
 0.47372 0
 0.47384 0
 0.47396 0
 0.47408 0
 0.4742 0
 0.47432 0
 0.47444 0
 0.47456 0
 0.47468 0
 0.4748 0
 0.47492 0
 0.47504 0
 0.47516 0
 0.47528 0
 0.4754 0
 0.47552 0
 0.47564 0
 0.47576 0
 0.47588 0
 0.476 0
 0.47612 0
 0.47624 0
 0.47636 0
 0.47648 0
 0.4766 0
 0.47672 0
 0.47684 0
 0.47696 0
 0.47708 0
 0.4772 0
 0.47732 0
 0.47744 0
 0.47756 0
 0.47768 0
 0.4778 0
 0.47792 0
 0.47804 0
 0.47816 0
 0.47828 0
 0.4784 0
 0.47852 0
 0.47864 0
 0.47876 0
 0.47888 0
 0.479 0
 0.47912 0
 0.47924 0
 0.47936 0
 0.47948 0
 0.4796 0
 0.47972 0
 0.47984 0
 0.47996 0
 0.48008 0
 0.4802 0
 0.48032 0
 0.48044 0
 0.48056 0
 0.48068 0
 0.4808 0
 0.48092 0
 0.48104 0
 0.48116 0
 0.48128 0
 0.4814 0
 0.48152 0
 0.48164 0
 0.48176 0
 0.48188 0
 0.482 0
 0.48212 0
 0.48224 0
 0.48236 0
 0.48248 0
 0.4826 0
 0.48272 0
 0.48284 0
 0.48296 0
 0.48308 0
 0.4832 0
 0.48332 0
 0.48344 0
 0.48356 0
 0.48368 0
 0.4838 0
 0.48392 0
 0.48404 0
 0.48416 0
 0.48428 0
 0.4844 0
 0.48452 0
 0.48464 0
 0.48476 0
 0.48488 0
 0.485 0
 0.48512 0
 0.48524 0
 0.48536 0
 0.48548 0
 0.4856 0
 0.48572 0
 0.48584 0
 0.48596 0
 0.48608 0
 0.4862 0
 0.48632 0
 0.48644 0
 0.48656 0
 0.48668 0
 0.4868 0
 0.48692 0
 0.48704 0
 0.48716 0
 0.48728 0
 0.4874 0
 0.48752 0
 0.48764 0
 0.48776 0
 0.48788 0
 0.488 0
 0.48812 0
 0.48824 0
 0.48836 0
 0.48848 0
 0.4886 0
 0.48872 0
 0.48884 0
 0.48896 0
 0.48908 0
 0.4892 0
 0.48932 0
 0.48944 0
 0.48956 0
 0.48968 0
 0.4898 0
 0.48992 0
 0.49004 0
 0.49016 0
 0.49028 0
 0.4904 0
 0.49052 0
 0.49064 0
 0.49076 0
 0.49088 0
 0.491 0
 0.49112 0
 0.49124 0
 0.49136 0
 0.49148 0
 0.4916 0
 0.49172 0
 0.49184 0
 0.49196 0
 0.49208 0
 0.4922 0
 0.49232 0
 0.49244 0
 0.49256 0
 0.49268 0
 0.4928 0
 0.49292 0
 0.49304 0
 0.49316 0
 0.49328 0
 0.4934 0
 0.49352 0
 0.49364 0
 0.49376 0
 0.49388 0
 0.494 0
 0.49412 0
 0.49424 0
 0.49436 0
 0.49448 0
 0.4946 0
 0.49472 0
 0.49484 0
 0.49496 0
 0.49508 0
 0.4952 0
 0.49532 0
 0.49544 0
 0.49556 0
 0.49568 0
 0.4958 0
 0.49592 0
 0.49604 0
 0.49616 0
 0.49628 0
 0.4964 0
 0.49652 0
 0.49664 0
 0.49676 0
 0.49688 0
 0.497 0
 0.49712 0
 0.49724 0
 0.49736 0
 0.49748 0
 0.4976 0
 0.49772 0
 0.49784 0
 0.49796 0
 0.49808 0
 0.4982 0
 0.49832 0
 0.49844 0
 0.49856 0
 0.49868 0
 0.4988 0
 0.49892 0
 0.49904 0
 0.49916 0
 0.49928 0
 0.4994 0
 0.49952 0
 0.49964 0
 0.49976 0
 0.49988 0
 0.5 0
 0.50012 0
 0.50024 0
 0.50036 0
 0.50048 0
 0.5006 0
 0.50072 0
 0.50084 0
 0.50096 0
 0.50108 0
 0.5012 0
 0.50132 0
 0.50144 0
 0.50156 0
 0.50168 0
 0.5018 0
 0.50192 0
 0.50204 0
 0.50216 0
 0.50228 0
 0.5024 0
 0.50252 0
 0.50264 0
 0.50276 0
 0.50288 0
 0.503 0
 0.50312 0
 0.50324 0
 0.50336 0
 0.50348 0
 0.5036 0
 0.50372 0
 0.50384 0
 0.50396 0
 0.50408 0
 0.5042 0
 0.50432 0
 0.50444 0
 0.50456 0
 0.50468 0
 0.5048 0
 0.50492 0
 0.50504 0
 0.50516 0
 0.50528 0
 0.5054 0
 0.50552 0
 0.50564 0
 0.50576 0
 0.50588 0
 0.506 0
 0.50612 0
 0.50624 0
 0.50636 0
 0.50648 0
 0.5066 0
 0.50672 0
 0.50684 0
 0.50696 0
 0.50708 0
 0.5072 0
 0.50732 0
 0.50744 0
 0.50756 0
 0.50768 0
 0.5078 0
 0.50792 0
 0.50804 0
 0.50816 0
 0.50828 0
 0.5084 0
 0.50852 0
 0.50864 0
 0.50876 0
 0.50888 0
 0.509 0
 0.50912 0
 0.50924 0
 0.50936 0
 0.50948 0
 0.5096 0
 0.50972 0
 0.50984 0
 0.50996 0
 0.51008 0
 0.5102 0
 0.51032 0
 0.51044 0
 0.51056 0
 0.51068 0
 0.5108 0
 0.51092 0
 0.51104 0
 0.51116 0
 0.51128 0
 0.5114 0
 0.51152 0
 0.51164 0
 0.51176 0
 0.51188 0
 0.512 0
 0.51212 0
 0.51224 0
 0.51236 0
 0.51248 0
 0.5126 0
 0.51272 0
 0.51284 0
 0.51296 0
 0.51308 0
 0.5132 0
 0.51332 0
 0.51344 0
 0.51356 0
 0.51368 0
 0.5138 0
 0.51392 0
 0.51404 0
 0.51416 0
 0.51428 0
 0.5144 0
 0.51452 0
 0.51464 0
 0.51476 0
 0.51488 0
 0.515 0
 0.51512 0
 0.51524 0
 0.51536 0
 0.51548 0
 0.5156 0
 0.51572 0
 0.51584 0
 0.51596 0
 0.51608 0
 0.5162 0
 0.51632 0
 0.51644 0
 0.51656 0
 0.51668 0
 0.5168 0
 0.51692 0
 0.51704 0
 0.51716 0
 0.51728 0
 0.5174 0
 0.51752 0
 0.51764 0
 0.51776 0
 0.51788 0
 0.518 0
 0.51812 0
 0.51824 0
 0.51836 0
 0.51848 0
 0.5186 0
 0.51872 0
 0.51884 0
 0.51896 0
 0.51908 0
 0.5192 0
 0.51932 0
 0.51944 0
 0.51956 0
 0.51968 0
 0.5198 0
 0.51992 0
 0.52004 0
 0.52016 0
 0.52028 0
 0.5204 0
 0.52052 0
 0.52064 0
 0.52076 0
 0.52088 0
 0.521 0
 0.52112 0
 0.52124 0
 0.52136 0
 0.52148 0
 0.5216 0
 0.52172 0
 0.52184 0
 0.52196 0
 0.52208 0
 0.5222 0
 0.52232 0
 0.52244 0
 0.52256 0
 0.52268 0
 0.5228 0
 0.52292 0
 0.52304 0
 0.52316 0
 0.52328 0
 0.5234 0
 0.52352 0
 0.52364 0
 0.52376 0
 0.52388 0
 0.524 0
 0.52412 0
 0.52424 0
 0.52436 0
 0.52448 0
 0.5246 0
 0.52472 0
 0.52484 0
 0.52496 0
 0.52508 0
 0.5252 0
 0.52532 0
 0.52544 0
 0.52556 0
 0.52568 0
 0.5258 0
 0.52592 0
 0.52604 0
 0.52616 0
 0.52628 0
 0.5264 0
 0.52652 0
 0.52664 0
 0.52676 0
 0.52688 0
 0.527 0
 0.52712 0
 0.52724 0
 0.52736 0
 0.52748 0
 0.5276 0
 0.52772 0
 0.52784 0
 0.52796 0
 0.52808 0
 0.5282 0
 0.52832 0
 0.52844 0
 0.52856 0
 0.52868 0
 0.5288 0
 0.52892 0
 0.52904 0
 0.52916 0
 0.52928 0
 0.5294 0
 0.52952 0
 0.52964 0
 0.52976 0
 0.52988 0
 0.53 0
 0.53012 0
 0.53024 0
 0.53036 0
 0.53048 0
 0.5306 0
 0.53072 0
 0.53084 0
 0.53096 0
 0.53108 0
 0.5312 0
 0.53132 0
 0.53144 0
 0.53156 0
 0.53168 0
 0.5318 0
 0.53192 0
 0.53204 0
 0.53216 0
 0.53228 0
 0.5324 0
 0.53252 0
 0.53264 0
 0.53276 0
 0.53288 0
 0.533 0
 0.53312 0
 0.53324 0
 0.53336 0
 0.53348 0
 0.5336 0
 0.53372 0
 0.53384 0
 0.53396 0
 0.53408 0
 0.5342 0
 0.53432 0
 0.53444 0
 0.53456 0
 0.53468 0
 0.5348 0
 0.53492 0
 0.53504 0
 0.53516 0
 0.53528 0
 0.5354 0
 0.53552 0
 0.53564 0
 0.53576 0
 0.53588 0
 0.536 0
 0.53612 0
 0.53624 0
 0.53636 0
 0.53648 0
 0.5366 0
 0.53672 0
 0.53684 0
 0.53696 0
 0.53708 0
 0.5372 0
 0.53732 0
 0.53744 0
 0.53756 0
 0.53768 0
 0.5378 0
 0.53792 0
 0.53804 0
 0.53816 0
 0.53828 0
 0.5384 0
 0.53852 0
 0.53864 0
 0.53876 0
 0.53888 0
 0.539 0
 0.53912 0
 0.53924 0
 0.53936 0
 0.53948 0
 0.5396 0
 0.53972 0
 0.53984 0
 0.53996 0
 0.54008 0
 0.5402 0
 0.54032 0
 0.54044 0
 0.54056 0
 0.54068 0
 0.5408 0
 0.54092 0
 0.54104 0
 0.54116 0
 0.54128 0
 0.5414 0
 0.54152 0
 0.54164 0
 0.54176 0
 0.54188 0
 0.542 0
 0.54212 0
 0.54224 0
 0.54236 0
 0.54248 0
 0.5426 0
 0.54272 0
 0.54284 0
 0.54296 0
 0.54308 0
 0.5432 0
 0.54332 0
 0.54344 0
 0.54356 0
 0.54368 0
 0.5438 0
 0.54392 0
 0.54404 0
 0.54416 0
 0.54428 0
 0.5444 0
 0.54452 0
 0.54464 0
 0.54476 0
 0.54488 0
 0.545 0
 0.54512 0
 0.54524 0
 0.54536 0
 0.54548 0
 0.5456 0
 0.54572 0
 0.54584 0
 0.54596 0
 0.54608 0
 0.5462 0
 0.54632 0
 0.54644 0
 0.54656 0
 0.54668 0
 0.5468 0
 0.54692 0
 0.54704 0
 0.54716 0
 0.54728 0
 0.5474 0
 0.54752 0
 0.54764 0
 0.54776 0
 0.54788 0
 0.548 0
 0.54812 0
 0.54824 0
 0.54836 0
 0.54848 0
 0.5486 0
 0.54872 0
 0.54884 0
 0.54896 0
 0.54908 0
 0.5492 0
 0.54932 0
 0.54944 0
 0.54956 0
 0.54968 0
 0.5498 0
 0.54992 0
 0.55004 0
 0.55016 0
 0.55028 0
 0.5504 0
 0.55052 0
 0.55064 0
 0.55076 0
 0.55088 0
 0.551 0
 0.55112 0
 0.55124 0
 0.55136 0
 0.55148 0
 0.5516 0
 0.55172 0
 0.55184 0
 0.55196 0
 0.55208 0
 0.5522 0
 0.55232 0
 0.55244 0
 0.55256 0
 0.55268 0
 0.5528 0
 0.55292 0
 0.55304 0
 0.55316 0
 0.55328 0
 0.5534 0
 0.55352 0
 0.55364 0
 0.55376 0
 0.55388 0
 0.554 0
 0.55412 0
 0.55424 0
 0.55436 0
 0.55448 0
 0.5546 0
 0.55472 0
 0.55484 0
 0.55496 0
 0.55508 0
 0.5552 0
 0.55532 0
 0.55544 0
 0.55556 0
 0.55568 0
 0.5558 0
 0.55592 0
 0.55604 0
 0.55616 0
 0.55628 0
 0.5564 0
 0.55652 0
 0.55664 0
 0.55676 0
 0.55688 0
 0.557 0
 0.55712 0
 0.55724 0
 0.55736 0
 0.55748 0
 0.5576 0
 0.55772 0
 0.55784 0
 0.55796 0
 0.55808 0
 0.5582 0
 0.55832 0
 0.55844 0
 0.55856 0
 0.55868 0
 0.5588 0
 0.55892 0
 0.55904 0
 0.55916 0
 0.55928 0
 0.5594 0
 0.55952 0
 0.55964 0
 0.55976 0
 0.55988 0
 0.56 0
 0.56012 0
 0.56024 0
 0.56036 0
 0.56048 0
 0.5606 0
 0.56072 0
 0.56084 0
 0.56096 0
 0.56108 0
 0.5612 0
 0.56132 0
 0.56144 0
 0.56156 0
 0.56168 0
 0.5618 0
 0.56192 0
 0.56204 0
 0.56216 0
 0.56228 0
 0.5624 0
 0.56252 0
 0.56264 0
 0.56276 0
 0.56288 0
 0.563 0
 0.56312 0
 0.56324 0
 0.56336 0
 0.56348 0
 0.5636 0
 0.56372 0
 0.56384 0
 0.56396 0
 0.56408 0
 0.5642 0
 0.56432 0
 0.56444 0
 0.56456 0
 0.56468 0
 0.5648 0
 0.56492 0
 0.56504 0
 0.56516 0
 0.56528 0
 0.5654 0
 0.56552 0
 0.56564 0
 0.56576 0
 0.56588 0
 0.566 0
 0.56612 0
 0.56624 0
 0.56636 0
 0.56648 0
 0.5666 0
 0.56672 0
 0.56684 0
 0.56696 0
 0.56708 0
 0.5672 0
 0.56732 0
 0.56744 0
 0.56756 0
 0.56768 0
 0.5678 0
 0.56792 0
 0.56804 0
 0.56816 0
 0.56828 0
 0.5684 0
 0.56852 0
 0.56864 0
 0.56876 0
 0.56888 0
 0.569 0
 0.56912 0
 0.56924 0
 0.56936 0
 0.56948 0
 0.5696 0
 0.56972 0
 0.56984 0
 0.56996 0
 0.57008 0
 0.5702 0
 0.57032 0
 0.57044 0
 0.57056 0
 0.57068 0
 0.5708 0
 0.57092 0
 0.57104 0
 0.57116 0
 0.57128 0
 0.5714 0
 0.57152 0
 0.57164 0
 0.57176 0
 0.57188 0
 0.572 0
 0.57212 0
 0.57224 0
 0.57236 0
 0.57248 0
 0.5726 0
 0.57272 0
 0.57284 0
 0.57296 0
 0.57308 0
 0.5732 0
 0.57332 0
 0.57344 0
 0.57356 0
 0.57368 0
 0.5738 0
 0.57392 0
 0.57404 0
 0.57416 0
 0.57428 0
 0.5744 0
 0.57452 0
 0.57464 0
 0.57476 0
 0.57488 0
 0.575 0
 0.57512 0
 0.57524 0
 0.57536 0
 0.57548 0
 0.5756 0
 0.57572 0
 0.57584 0
 0.57596 0
 0.57608 0
 0.5762 0
 0.57632 0
 0.57644 0
 0.57656 0
 0.57668 0
 0.5768 0
 0.57692 0
 0.57704 0
 0.57716 0
 0.57728 0
 0.5774 0
 0.57752 0
 0.57764 0
 0.57776 0
 0.57788 0
 0.578 0
 0.57812 0
 0.57824 0
 0.57836 0
 0.57848 0
 0.5786 0
 0.57872 0
 0.57884 0
 0.57896 0
 0.57908 0
 0.5792 0
 0.57932 0
 0.57944 0
 0.57956 0
 0.57968 0
 0.5798 0
 0.57992 0
 0.58004 0
 0.58016 0
 0.58028 0
 0.5804 0
 0.58052 0
 0.58064 0
 0.58076 0
 0.58088 0
 0.581 0
 0.58112 0
 0.58124 0
 0.58136 0
 0.58148 0
 0.5816 0
 0.58172 0
 0.58184 0
 0.58196 0
 0.58208 0
 0.5822 0
 0.58232 0
 0.58244 0
 0.58256 0
 0.58268 0
 0.5828 0
 0.58292 0
 0.58304 0
 0.58316 0
 0.58328 0
 0.5834 0
 0.58352 0
 0.58364 0
 0.58376 0
 0.58388 0
 0.584 0
 0.58412 0
 0.58424 0
 0.58436 0
 0.58448 0
 0.5846 0
 0.58472 0
 0.58484 0
 0.58496 0
 0.58508 0
 0.5852 0
 0.58532 0
 0.58544 0
 0.58556 0
 0.58568 0
 0.5858 0
 0.58592 0
 0.58604 0
 0.58616 0
 0.58628 0
 0.5864 0
 0.58652 0
 0.58664 0
 0.58676 0
 0.58688 0
 0.587 0
 0.58712 0
 0.58724 0
 0.58736 0
 0.58748 0
 0.5876 0
 0.58772 0
 0.58784 0
 0.58796 0
 0.58808 0
 0.5882 0
 0.58832 0
 0.58844 0
 0.58856 0
 0.58868 0
 0.5888 0
 0.58892 0
 0.58904 0
 0.58916 0
 0.58928 0
 0.5894 0
 0.58952 0
 0.58964 0
 0.58976 0
 0.58988 0
 0.59 0
 0.59012 0
 0.59024 0
 0.59036 0
 0.59048 0
 0.5906 0
 0.59072 0
 0.59084 0
 0.59096 0
 0.59108 0
 0.5912 0
 0.59132 0
 0.59144 0
 0.59156 0
 0.59168 0
 0.5918 0
 0.59192 0
 0.59204 0
 0.59216 0
 0.59228 0
 0.5924 0
 0.59252 0
 0.59264 0
 0.59276 0
 0.59288 0
 0.593 0
 0.59312 0
 0.59324 0
 0.59336 0
 0.59348 0
 0.5936 0
 0.59372 0
 0.59384 0
 0.59396 0
 0.59408 0
 0.5942 0
 0.59432 0
 0.59444 0
 0.59456 0
 0.59468 0
 0.5948 0
 0.59492 0
 0.59504 0
 0.59516 0
 0.59528 0
 0.5954 0
 0.59552 0
 0.59564 0
 0.59576 0
 0.59588 0
 0.596 0
 0.59612 0
 0.59624 0
 0.59636 0
 0.59648 0
 0.5966 0
 0.59672 0
 0.59684 0
 0.59696 0
 0.59708 0
 0.5972 0
 0.59732 0
 0.59744 0
 0.59756 0
 0.59768 0
 0.5978 0
 0.59792 0
 0.59804 0
 0.59816 0
 0.59828 0
 0.5984 0
 0.59852 0
 0.59864 0
 0.59876 0
 0.59888 0
 0.599 0
 0.59912 0
 0.59924 0
 0.59936 0
 0.59948 0
 0.5996 0
 0.59972 0
 0.59984 0
 0.59996 0
 0.60008 0
 0.6002 0
 0.60032 0
 0.60044 0
 0.60056 0
 0.60068 0
 0.6008 0
 0.60092 0
 0.60104 0
 0.60116 0
 0.60128 0
 0.6014 0
 0.60152 0
 0.60164 0
 0.60176 0
 0.60188 0
 0.602 0
 0.60212 0
 0.60224 0
 0.60236 0
 0.60248 0
 0.6026 0
 0.60272 0
 0.60284 0
 0.60296 0
 0.60308 0
 0.6032 0
 0.60332 0
 0.60344 0
 0.60356 0
 0.60368 0
 0.6038 0
 0.60392 0
 0.60404 0
 0.60416 0
 0.60428 0
 0.6044 0
 0.60452 0
 0.60464 0
 0.60476 0
 0.60488 0
 0.605 0
 0.60512 0
 0.60524 0
 0.60536 0
 0.60548 0
 0.6056 0
 0.60572 0
 0.60584 0
 0.60596 0
 0.60608 0
 0.6062 0
 0.60632 0
 0.60644 0
 0.60656 0
 0.60668 0
 0.6068 0
 0.60692 0
 0.60704 0
 0.60716 0
 0.60728 0
 0.6074 0
 0.60752 0
 0.60764 0
 0.60776 0
 0.60788 0
 0.608 0
 0.60812 0
 0.60824 0
 0.60836 0
 0.60848 0
 0.6086 0
 0.60872 0
 0.60884 0
 0.60896 0
 0.60908 0
 0.6092 0
 0.60932 0
 0.60944 0
 0.60956 0
 0.60968 0
 0.6098 0
 0.60992 0
 0.61004 0
 0.61016 0
 0.61028 0
 0.6104 0
 0.61052 0
 0.61064 0
 0.61076 0
 0.61088 0
 0.611 0
 0.61112 0
 0.61124 0
 0.61136 0
 0.61148 0
 0.6116 0
 0.61172 0
 0.61184 0
 0.61196 0
 0.61208 0
 0.6122 0
 0.61232 0
 0.61244 0
 0.61256 0
 0.61268 0
 0.6128 0
 0.61292 0
 0.61304 0
 0.61316 0
 0.61328 0
 0.6134 0
 0.61352 0
 0.61364 0
 0.61376 0
 0.61388 0
 0.614 0
 0.61412 0
 0.61424 0
 0.61436 0
 0.61448 0
 0.6146 0
 0.61472 0
 0.61484 0
 0.61496 0
 0.61508 0
 0.6152 0
 0.61532 0
 0.61544 0
 0.61556 0
 0.61568 0
 0.6158 0
 0.61592 0
 0.61604 0
 0.61616 0
 0.61628 0
 0.6164 0
 0.61652 0
 0.61664 0
 0.61676 0
 0.61688 0
 0.617 0
 0.61712 0
 0.61724 0
 0.61736 0
 0.61748 0
 0.6176 0
 0.61772 0
 0.61784 0
 0.61796 0
 0.61808 0
 0.6182 0
 0.61832 0
 0.61844 0
 0.61856 0
 0.61868 0
 0.6188 0
 0.61892 0
 0.61904 0
 0.61916 0
 0.61928 0
 0.6194 0
 0.61952 0
 0.61964 0
 0.61976 0
 0.61988 0
 0.62 0
 0.62012 -2.66615e-35
 0.62024 -2.13292e-34
 0.62036 -7.19861e-34
 0.62048 -1.70634e-33
 0.6206 -3.33269e-33
 0.62072 -5.75889e-33
 0.62084 -9.1449e-33
 0.62096 -1.36507e-32
 0.62108 -1.94362e-32
 0.6212 -2.66615e-32
 0.62132 -3.54865e-32
 0.62144 -4.60711e-32
 0.62156 -5.85754e-32
 0.62168 -7.31592e-32
 0.6218 -8.99826e-32
 0.62192 -1.09206e-31
 0.62204 -1.30988e-31
 0.62216 -1.5549e-31
 0.62228 -1.82871e-31
 0.6224 -2.13292e-31
 0.62252 -2.46912e-31
 0.62264 -2.83892e-31
 0.62276 -3.24391e-31
 0.62288 -3.68569e-31
 0.623 -4.16586e-31
 0.62312 -4.68603e-31
 0.62324 -5.24779e-31
 0.62336 -5.85274e-31
 0.62348 -6.50248e-31
 0.6236 -7.19861e-31
 0.62372 -7.94273e-31
 0.62384 -8.73645e-31
 0.62396 -9.58135e-31
 0.62408 -1.0479e-30
 0.6242 -1.14311e-30
 0.62432 -1.24392e-30
 0.62444 -1.35049e-30
 0.62456 -1.46297e-30
 0.62468 -1.58153e-30
 0.6248 -1.70634e-30
 0.62492 -1.83754e-30
 0.62504 -1.9753e-30
 0.62516 -2.11978e-30
 0.62528 -2.27114e-30
 0.6254 -2.42953e-30
 0.62552 -2.59513e-30
 0.62564 -2.76808e-30
 0.62576 -2.94855e-30
 0.62588 -3.1367e-30
 0.626 -3.33269e-30
 0.62612 -3.53668e-30
 0.62624 -3.74882e-30
 0.62636 -3.96929e-30
 0.62648 -4.19823e-30
 0.6266 -4.43581e-30
 0.62672 -4.68219e-30
 0.62684 -4.93753e-30
 0.62696 -5.20198e-30
 0.62708 -5.47572e-30
 0.6272 -5.75889e-30
 0.62732 -6.05166e-30
 0.62744 -6.35419e-30
 0.62756 -6.66663e-30
 0.62768 -6.98916e-30
 0.6278 -7.32192e-30
 0.62792 -7.66508e-30
 0.62804 -8.0188e-30
 0.62816 -8.38324e-30
 0.62828 -8.75855e-30
 0.6284 -9.1449e-30
 0.62852 -9.54245e-30
 0.62864 -9.95136e-30
 0.62876 -1.03718e-29
 0.62888 -1.08039e-29
 0.629 -1.12478e-29
 0.62912 -1.17038e-29
 0.62924 -1.21719e-29
 0.62936 -1.26523e-29
 0.62948 -1.31452e-29
 0.6296 -1.36507e-29
 0.62972 -1.4169e-29
 0.62984 -1.47003e-29
 0.62996 -1.52447e-29
 0.63008 -1.58024e-29
 0.6302 -1.63735e-29
 0.63032 -1.69582e-29
 0.63044 -1.75567e-29
 0.63056 -1.81691e-29
 0.63068 -1.87955e-29
 0.6308 -1.94362e-29
 0.63092 -2.00913e-29
 0.63104 -2.0761e-29
 0.63116 -2.14454e-29
 0.63128 -2.21446e-29
 0.6314 -2.28589e-29
 0.63152 -2.35884e-29
 0.63164 -2.43333e-29
 0.63176 -2.50936e-29
 0.63188 -2.58696e-29
 0.632 -2.66615e-29
 0.63212 -2.74694e-29
 0.63224 -2.82934e-29
 0.63236 -2.91338e-29
 0.63248 -2.99906e-29
 0.6326 -3.0864e-29
 0.63272 -3.17543e-29
 0.63284 -3.26615e-29
 0.63296 -3.35858e-29
 0.63308 -3.45274e-29
 0.6332 -3.54865e-29
 0.63332 -3.64631e-29
 0.63344 -3.74575e-29
 0.63356 -3.84698e-29
 0.63368 -3.95002e-29
 0.6338 -4.05488e-29
 0.63392 -4.16159e-29
 0.63404 -4.27014e-29
 0.63416 -4.38057e-29
 0.63428 -4.49289e-29
 0.6344 -4.60711e-29
 0.63452 -4.72325e-29
 0.63464 -4.84133e-29
 0.63476 -4.96135e-29
 0.63488 -5.08335e-29
 0.635 -5.20733e-29
 0.63512 -5.33331e-29
 0.63524 -5.4613e-29
 0.63536 -5.59133e-29
 0.63548 -5.7234e-29
 0.6356 -5.85754e-29
 0.63572 -5.99375e-29
 0.63584 -6.13206e-29
 0.63596 -6.27249e-29
 0.63608 -6.41504e-29
 0.6362 -6.55973e-29
 0.63632 -6.70659e-29
 0.63644 -6.85562e-29
 0.63656 -7.00684e-29
 0.63668 -7.16027e-29
 0.6368 -7.31592e-29
 0.63692 -7.47381e-29
 0.63704 -7.63396e-29
 0.63716 -7.79638e-29
 0.63728 -7.96109e-29
 0.6374 -8.1281e-29
 0.63752 -8.29743e-29
 0.63764 -8.46909e-29
 0.63776 -8.64311e-29
 0.63788 -8.8195e-29
 0.638 -8.99826e-29
 0.63812 -9.17943e-29
 0.63824 -9.36301e-29
 0.63836 -9.54903e-29
 0.63848 -9.73749e-29
 0.6386 -9.92842e-29
 0.63872 -1.01218e-28
 0.63884 -1.03177e-28
 0.63896 -1.05161e-28
 0.63908 -1.07171e-28
 0.6392 -1.09206e-28
 0.63932 -1.11266e-28
 0.63944 -1.13352e-28
 0.63956 -1.15464e-28
 0.63968 -1.17602e-28
 0.6398 -1.19767e-28
 0.63992 -1.21958e-28
 0.64004 -1.24175e-28
 0.64016 -1.26419e-28
 0.64028 -1.2869e-28
 0.6404 -1.30987e-28
 0.64052 -1.33311e-28
 0.64064 -1.35662e-28
 0.64076 -1.38039e-28
 0.64088 -1.40443e-28
 0.641 -1.42874e-28
 0.64112 -1.45331e-28
 0.64124 -1.47815e-28
 0.64136 -1.50326e-28
 0.64148 -1.52863e-28
 0.6416 -1.55427e-28
 0.64172 -1.58017e-28
 0.64184 -1.60635e-28
 0.64196 -1.63279e-28
 0.64208 -1.65949e-28
 0.6422 -1.68646e-28
 0.64232 -1.7137e-28
 0.64244 -1.74121e-28
 0.64256 -1.76898e-28
 0.64268 -1.79702e-28
 0.6428 -1.82533e-28
 0.64292 -1.8539e-28
 0.64304 -1.88274e-28
 0.64316 -1.91184e-28
 0.64328 -1.94122e-28
 0.6434 -1.97085e-28
 0.64352 -2.00076e-28
 0.64364 -2.03093e-28
 0.64376 -2.06137e-28
 0.64388 -2.09208e-28
 0.644 -2.12305e-28
 0.64412 -2.15429e-28
 0.64424 -2.18579e-28
 0.64436 -2.21756e-28
 0.64448 -2.2496e-28
 0.6446 -2.28191e-28
 0.64472 -2.31448e-28
 0.64484 -2.34731e-28
 0.64496 -2.38042e-28
 0.64508 -2.41379e-28
 0.6452 -2.44743e-28
 0.64532 -2.48133e-28
 0.64544 -2.5155e-28
 0.64556 -2.54994e-28
 0.64568 -2.58465e-28
 0.6458 -2.61962e-28
 0.64592 -2.65486e-28
 0.64604 -2.69036e-28
 0.64616 -2.72613e-28
 0.64628 -2.76217e-28
 0.6464 -2.79847e-28
 0.64652 -2.83504e-28
 0.64664 -2.87188e-28
 0.64676 -2.90898e-28
 0.64688 -2.94635e-28
 0.647 -2.98399e-28
 0.64712 -3.0219e-28
 0.64724 -3.06007e-28
 0.64736 -3.0985e-28
 0.64748 -3.13721e-28
 0.6476 -3.17618e-28
 0.64772 -3.21541e-28
 0.64784 -3.25492e-28
 0.64796 -3.29469e-28
 0.64808 -3.33472e-28
 0.6482 -3.37503e-28
 0.64832 -3.4156e-28
 0.64844 -3.45643e-28
 0.64856 -3.49754e-28
 0.64868 -3.53891e-28
 0.6488 -3.58054e-28
 0.64892 -3.62245e-28
 0.64904 -3.66462e-28
 0.64916 -3.70705e-28
 0.64928 -3.74976e-28
 0.6494 -3.79272e-28
 0.64952 -3.83596e-28
 0.64964 -3.87946e-28
 0.64976 -3.92323e-28
 0.64988 -3.96727e-28
 0.65 -4.01157e-28
 0.65012 -4.05614e-28
 0.65024 -4.10097e-28
 0.65036 -4.14605e-28
 0.65048 -4.19138e-28
 0.6506 -4.23695e-28
 0.65072 -4.28276e-28
 0.65084 -4.32879e-28
 0.65096 -4.37504e-28
 0.65108 -4.42151e-28
 0.6512 -4.46819e-28
 0.65132 -4.51508e-28
 0.65144 -4.56216e-28
 0.65156 -4.60942e-28
 0.65168 -4.65688e-28
 0.6518 -4.7045e-28
 0.65192 -4.7523e-28
 0.65204 -4.80027e-28
 0.65216 -4.84839e-28
 0.65228 -4.89666e-28
 0.6524 -4.94508e-28
 0.65252 -4.99364e-28
 0.65264 -5.04233e-28
 0.65276 -5.09114e-28
 0.65288 -5.14007e-28
 0.653 -5.18912e-28
 0.65312 -5.23828e-28
 0.65324 -5.28753e-28
 0.65336 -5.33688e-28
 0.65348 -5.38631e-28
 0.6536 -5.43583e-28
 0.65372 -5.48542e-28
 0.65384 -5.53508e-28
 0.65396 -5.5848e-28
 0.65408 -5.63458e-28
 0.6542 -5.6844e-28
 0.65432 -5.73427e-28
 0.65444 -5.78418e-28
 0.65456 -5.83411e-28
 0.65468 -5.88407e-28
 0.6548 -5.93405e-28
 0.65492 -5.98403e-28
 0.65504 -6.03402e-28
 0.65516 -6.08401e-28
 0.65528 -6.13399e-28
 0.6554 -6.18395e-28
 0.65552 -6.2339e-28
 0.65564 -6.28381e-28
 0.65576 -6.33369e-28
 0.65588 -6.38353e-28
 0.656 -6.43333e-28
 0.65612 -6.48307e-28
 0.65624 -6.53275e-28
 0.65636 -6.58236e-28
 0.65648 -6.6319e-28
 0.6566 -6.68137e-28
 0.65672 -6.73075e-28
 0.65684 -6.78003e-28
 0.65696 -6.82922e-28
 0.65708 -6.8783e-28
 0.6572 -6.92728e-28
 0.65732 -6.97613e-28
 0.65744 -7.02486e-28
 0.65756 -7.07346e-28
 0.65768 -7.12193e-28
 0.6578 -7.17025e-28
 0.65792 -7.21842e-28
 0.65804 -7.26644e-28
 0.65816 -7.3143e-28
 0.65828 -7.36198e-28
 0.6584 -7.40949e-28
 0.65852 -7.45682e-28
 0.65864 -7.50397e-28
 0.65876 -7.55091e-28
 0.65888 -7.59766e-28
 0.659 -7.6442e-28
 0.65912 -7.69053e-28
 0.65924 -7.73664e-28
 0.65936 -7.78252e-28
 0.65948 -7.82817e-28
 0.6596 -7.87358e-28
 0.65972 -7.91875e-28
 0.65984 -7.96366e-28
 0.65996 -8.00832e-28
 0.66008 -8.05271e-28
 0.6602 -8.09683e-28
 0.66032 -8.14067e-28
 0.66044 -8.18423e-28
 0.66056 -8.2275e-28
 0.66068 -8.27047e-28
 0.6608 -8.31314e-28
 0.66092 -8.3555e-28
 0.66104 -8.39755e-28
 0.66116 -8.43927e-28
 0.66128 -8.48066e-28
 0.6614 -8.52172e-28
 0.66152 -8.56244e-28
 0.66164 -8.60281e-28
 0.66176 -8.64283e-28
 0.66188 -8.68248e-28
 0.662 -8.72177e-28
 0.66212 -8.76069e-28
 0.66224 -8.79923e-28
 0.66236 -8.83738e-28
 0.66248 -8.87513e-28
 0.6626 -8.91249e-28
 0.66272 -8.94945e-28
 0.66284 -8.98599e-28
 0.66296 -9.02211e-28
 0.66308 -9.05781e-28
 0.6632 -9.09308e-28
 0.66332 -9.12791e-28
 0.66344 -9.1623e-28
 0.66356 -9.19624e-28
 0.66368 -9.22972e-28
 0.6638 -9.26274e-28
 0.66392 -9.29529e-28
 0.66404 -9.32736e-28
 0.66416 -9.35895e-28
 0.66428 -9.39005e-28
 0.6644 -9.42066e-28
 0.66452 -9.45077e-28
 0.66464 -9.48037e-28
 0.66476 -9.50945e-28
 0.66488 -9.53802e-28
 0.665 -9.56606e-28
 0.66512 -9.59356e-28
 0.66524 -9.62053e-28
 0.66536 -9.64694e-28
 0.66548 -9.67281e-28
 0.6656 -9.69812e-28
 0.66572 -9.72286e-28
 0.66584 -9.74703e-28
 0.66596 -9.77063e-28
 0.66608 -9.79363e-28
 0.6662 -9.81605e-28
 0.66632 -9.83787e-28
 0.66644 -9.85909e-28
 0.66656 -9.8797e-28
 0.66668 -9.89969e-28
 0.6668 -9.91905e-28
 0.66692 -9.93779e-28
 0.66704 -9.9559e-28
 0.66716 -9.97336e-28
 0.66728 -9.99017e-28
 0.6674 -1.00063e-27
 0.66752 -1.00218e-27
 0.66764 -1.00367e-27
 0.66776 -1.00508e-27
 0.66788 -1.00643e-27
 0.668 -1.00771e-27
 0.66812 -1.00892e-27
 0.66824 -1.01006e-27
 0.66836 -1.01112e-27
 0.66848 -1.01212e-27
 0.6686 -1.01305e-27
 0.66872 -1.0139e-27
 0.66884 -1.01468e-27
 0.66896 -1.01539e-27
 0.66908 -1.01602e-27
 0.6692 -1.01658e-27
 0.66932 -1.01706e-27
 0.66944 -1.01746e-27
 0.66956 -1.01779e-27
 0.66968 -1.01804e-27
 0.6698 -1.01821e-27
 0.66992 -1.0183e-27
 0.67004 -1.01832e-27
 0.67016 -1.01825e-27
 0.67028 -1.0181e-27
 0.6704 -1.01788e-27
 0.67052 -1.01757e-27
 0.67064 -1.01718e-27
 0.67076 -1.01672e-27
 0.67088 -1.01617e-27
 0.671 -1.01554e-27
 0.67112 -1.01484e-27
 0.67124 -1.01405e-27
 0.67136 -1.01319e-27
 0.67148 -1.01224e-27
 0.6716 -1.01121e-27
 0.67172 -1.01011e-27
 0.67184 -1.00892e-27
 0.67196 -1.00765e-27
 0.67208 -1.00631e-27
 0.6722 -1.00488e-27
 0.67232 -1.00337e-27
 0.67244 -1.00179e-27
 0.67256 -1.00012e-27
 0.67268 -9.98375e-28
 0.6728 -9.96548e-28
 0.67292 -9.94642e-28
 0.67304 -9.92656e-28
 0.67316 -9.9059e-28
 0.67328 -9.88443e-28
 0.6734 -9.86217e-28
 0.67352 -9.83911e-28
 0.67364 -9.81525e-28
 0.67376 -9.79058e-28
 0.67388 -9.76512e-28
 0.674 -9.73886e-28
 0.67412 -9.7118e-28
 0.67424 -9.68394e-28
 0.67436 -9.65528e-28
 0.67448 -9.62582e-28
 0.6746 -9.59556e-28
 0.67472 -9.5645e-28
 0.67484 -9.53263e-28
 0.67496 -9.49997e-28
 0.67508 -9.46651e-28
 0.6752 -9.43225e-28
 0.67532 -9.39719e-28
 0.67544 -9.36133e-28
 0.67556 -9.32467e-28
 0.67568 -9.28722e-28
 0.6758 -9.24896e-28
 0.67592 -9.2099e-28
 0.67604 -9.17004e-28
 0.67616 -9.12938e-28
 0.67628 -9.08792e-28
 0.6764 -9.04566e-28
 0.67652 -9.0026e-28
 0.67664 -8.95875e-28
 0.67676 -8.91409e-28
 0.67688 -8.86863e-28
 0.677 -8.82237e-28
 0.67712 -8.77531e-28
 0.67724 -8.72746e-28
 0.67736 -8.6788e-28
 0.67748 -8.62934e-28
 0.6776 -8.57909e-28
 0.67772 -8.52803e-28
 0.67784 -8.47617e-28
 0.67796 -8.42352e-28
 0.67808 -8.37006e-28
 0.6782 -8.3158e-28
 0.67832 -8.26075e-28
 0.67844 -8.20489e-28
 0.67856 -8.14824e-28
 0.67868 -8.09078e-28
 0.6788 -8.03252e-28
 0.67892 -7.97347e-28
 0.67904 -7.91361e-28
 0.67916 -7.85296e-28
 0.67928 -7.7915e-28
 0.6794 -7.72925e-28
 0.67952 -7.66619e-28
 0.67964 -7.60234e-28
 0.67976 -7.53769e-28
 0.67988 -7.47223e-28
 0.68 -7.40598e-28
 0.68012 -7.33893e-28
 0.68024 -7.27108e-28
 0.68036 -7.20246e-28
 0.68048 -7.13307e-28
 0.6806 -7.06291e-28
 0.68072 -6.992e-28
 0.68084 -6.92035e-28
 0.68096 -6.84797e-28
 0.68108 -6.77487e-28
 0.6812 -6.70105e-28
 0.68132 -6.62652e-28
 0.68144 -6.55131e-28
 0.68156 -6.47541e-28
 0.68168 -6.39883e-28
 0.6818 -6.32159e-28
 0.68192 -6.24369e-28
 0.68204 -6.16515e-28
 0.68216 -6.08596e-28
 0.68228 -6.00616e-28
 0.6824 -5.92573e-28
 0.68252 -5.8447e-28
 0.68264 -5.76307e-28
 0.68276 -5.68085e-28
 0.68288 -5.59805e-28
 0.683 -5.51468e-28
 0.68312 -5.43075e-28
 0.68324 -5.34627e-28
 0.68336 -5.26125e-28
 0.68348 -5.1757e-28
 0.6836 -5.08963e-28
 0.68372 -5.00304e-28
 0.68384 -4.91595e-28
 0.68396 -4.82837e-28
 0.68408 -4.74031e-28
 0.6842 -4.65178e-28
 0.68432 -4.56278e-28
 0.68444 -4.47332e-28
 0.68456 -4.38342e-28
 0.68468 -4.29309e-28
 0.6848 -4.20233e-28
 0.68492 -4.11115e-28
 0.68504 -4.01957e-28
 0.68516 -3.92759e-28
 0.68528 -3.83523e-28
 0.6854 -3.74249e-28
 0.68552 -3.64937e-28
 0.68564 -3.5559e-28
 0.68576 -3.46209e-28
 0.68588 -3.36793e-28
 0.686 -3.27344e-28
 0.68612 -3.17864e-28
 0.68624 -3.08352e-28
 0.68636 -2.9881e-28
 0.68648 -2.89239e-28
 0.6866 -2.7964e-28
 0.68672 -2.70014e-28
 0.68684 -2.60361e-28
 0.68696 -2.50684e-28
 0.68708 -2.40982e-28
 0.6872 -2.31256e-28
 0.68732 -2.21508e-28
 0.68744 -2.11739e-28
 0.68756 -2.01949e-28
 0.68768 -1.9214e-28
 0.6878 -1.82312e-28
 0.68792 -1.72467e-28
 0.68804 -1.62605e-28
 0.68816 -1.52727e-28
 0.68828 -1.42835e-28
 0.6884 -1.32928e-28
 0.68852 -1.23009e-28
 0.68864 -1.13079e-28
 0.68876 -1.03137e-28
 0.68888 -9.31853e-29
 0.689 -8.32247e-29
 0.68912 -7.32561e-29
 0.68924 -6.32805e-29
 0.68936 -5.32988e-29
 0.68948 -4.3312e-29
 0.6896 -3.3321e-29
 0.68972 -2.33268e-29
 0.68984 -1.33304e-29
 0.68996 -3.33268e-30
 0.69008 6.66533e-30
 0.6902 1.66627e-29
 0.69032 2.66585e-29
 0.69044 3.66517e-29
 0.69056 4.66414e-29
 0.69068 5.66266e-29
 0.6908 6.66064e-29
 0.69092 7.65798e-29
 0.69104 8.65458e-29
 0.69116 9.65035e-29
 0.69128 1.06452e-28
 0.6914 1.1639e-28
 0.69152 1.26317e-28
 0.69164 1.36232e-28
 0.69176 1.46134e-28
 0.69188 1.56021e-28
 0.692 1.65894e-28
 0.69212 1.75751e-28
 0.69224 1.8559e-28
 0.69236 1.95412e-28
 0.69248 2.05215e-28
 0.6926 2.14998e-28
 0.69272 2.2476e-28
 0.69284 2.345e-28
 0.69296 2.44218e-28
 0.69308 2.53912e-28
 0.6932 2.63582e-28
 0.69332 2.73226e-28
 0.69344 2.82843e-28
 0.69356 2.92433e-28
 0.69368 3.01994e-28
 0.6938 3.11526e-28
 0.69392 3.21027e-28
 0.69404 3.30497e-28
 0.69416 3.39935e-28
 0.69428 3.4934e-28
 0.6944 3.5871e-28
 0.69452 3.68045e-28
 0.69464 3.77344e-28
 0.69476 3.86606e-28
 0.69488 3.9583e-28
 0.695 4.05014e-28
 0.69512 4.14159e-28
 0.69524 4.23263e-28
 0.69536 4.32325e-28
 0.69548 4.41344e-28
 0.6956 4.50319e-28
 0.69572 4.59249e-28
 0.69584 4.68134e-28
 0.69596 4.76972e-28
 0.69608 4.85762e-28
 0.6962 4.94504e-28
 0.69632 5.03196e-28
 0.69644 5.11837e-28
 0.69656 5.20427e-28
 0.69668 5.28965e-28
 0.6968 5.37449e-28
 0.69692 5.45879e-28
 0.69704 5.54253e-28
 0.69716 5.62571e-28
 0.69728 5.70832e-28
 0.6974 5.79034e-28
 0.69752 5.87178e-28
 0.69764 5.95261e-28
 0.69776 6.03283e-28
 0.69788 6.11243e-28
 0.698 6.1914e-28
 0.69812 6.26973e-28
 0.69824 6.34741e-28
 0.69836 6.42443e-28
 0.69848 6.50078e-28
 0.6986 6.57646e-28
 0.69872 6.65144e-28
 0.69884 6.72573e-28
 0.69896 6.79931e-28
 0.69908 6.87218e-28
 0.6992 6.94432e-28
 0.69932 7.01572e-28
 0.69944 7.08638e-28
 0.69956 7.15628e-28
 0.69968 7.22542e-28
 0.6998 7.29379e-28
 0.69992 7.36137e-28
 0.70004 7.42815e-28
 0.70016 7.49414e-28
 0.70028 7.55933e-28
 0.7004 7.62371e-28
 0.70052 7.6873e-28
 0.70064 7.75009e-28
 0.70076 7.81208e-28
 0.70088 7.87327e-28
 0.701 7.93365e-28
 0.70112 7.99324e-28
 0.70124 8.05203e-28
 0.70136 8.11002e-28
 0.70148 8.16721e-28
 0.7016 8.2236e-28
 0.70172 8.27919e-28
 0.70184 8.33398e-28
 0.70196 8.38797e-28
 0.70208 8.44116e-28
 0.7022 8.49355e-28
 0.70232 8.54514e-28
 0.70244 8.59593e-28
 0.70256 8.64592e-28
 0.70268 8.69511e-28
 0.7028 8.7435e-28
 0.70292 8.79109e-28
 0.70304 8.83788e-28
 0.70316 8.88387e-28
 0.70328 8.92906e-28
 0.7034 8.97345e-28
 0.70352 9.01705e-28
 0.70364 9.05984e-28
 0.70376 9.10183e-28
 0.70388 9.14302e-28
 0.704 9.18341e-28
 0.70412 9.22301e-28
 0.70424 9.2618e-28
 0.70436 9.29979e-28
 0.70448 9.33698e-28
 0.7046 9.37338e-28
 0.70472 9.40897e-28
 0.70484 9.44376e-28
 0.70496 9.47776e-28
 0.70508 9.51095e-28
 0.7052 9.54334e-28
 0.70532 9.57494e-28
 0.70544 9.60573e-28
 0.70556 9.63573e-28
 0.70568 9.66492e-28
 0.7058 9.69331e-28
 0.70592 9.72091e-28
 0.70604 9.7477e-28
 0.70616 9.7737e-28
 0.70628 9.79889e-28
 0.7064 9.82329e-28
 0.70652 9.84689e-28
 0.70664 9.86968e-28
 0.70676 9.89168e-28
 0.70688 9.91287e-28
 0.707 9.93327e-28
 0.70712 9.95286e-28
 0.70724 9.97166e-28
 0.70736 9.98966e-28
 0.70748 1.00069e-27
 0.7076 1.00233e-27
 0.70772 1.00388e-27
 0.70784 1.00536e-27
 0.70796 1.00676e-27
 0.70808 1.00808e-27
 0.7082 1.00932e-27
 0.70832 1.01048e-27
 0.70844 1.01156e-27
 0.70856 1.01256e-27
 0.70868 1.01348e-27
 0.7088 1.01432e-27
 0.70892 1.01508e-27
 0.70904 1.01576e-27
 0.70916 1.01636e-27
 0.70928 1.01688e-27
 0.7094 1.01732e-27
 0.70952 1.01768e-27
 0.70964 1.01796e-27
 0.70976 1.01816e-27
 0.70988 1.01828e-27
 0.71 1.01832e-27
 0.71012 1.01828e-27
 0.71024 1.01816e-27
 0.71036 1.01796e-27
 0.71048 1.01769e-27
 0.7106 1.01734e-27
 0.71072 1.01691e-27
 0.71084 1.0164e-27
 0.71096 1.01582e-27
 0.71108 1.01516e-27
 0.7112 1.01443e-27
 0.71132 1.01362e-27
 0.71144 1.01275e-27
 0.71156 1.0118e-27
 0.71168 1.01078e-27
 0.7118 1.00968e-27
 0.71192 1.00852e-27
 0.71204 1.00729e-27
 0.71216 1.00599e-27
 0.71228 1.00462e-27
 0.7124 1.00318e-27
 0.71252 1.00167e-27
 0.71264 1.0001e-27
 0.71276 9.98464e-28
 0.71288 9.96761e-28
 0.713 9.94993e-28
 0.71312 9.93162e-28
 0.71324 9.91267e-28
 0.71336 9.89309e-28
 0.71348 9.87289e-28
 0.7136 9.85208e-28
 0.71372 9.83067e-28
 0.71384 9.80864e-28
 0.71396 9.78603e-28
 0.71408 9.76283e-28
 0.7142 9.73904e-28
 0.71432 9.71468e-28
 0.71444 9.68975e-28
 0.71456 9.66425e-28
 0.71468 9.6382e-28
 0.7148 9.6116e-28
 0.71492 9.58445e-28
 0.71504 9.55677e-28
 0.71516 9.52855e-28
 0.71528 9.49981e-28
 0.7154 9.47056e-28
 0.71552 9.44079e-28
 0.71564 9.41051e-28
 0.71576 9.37974e-28
 0.71588 9.34847e-28
 0.716 9.31672e-28
 0.71612 9.28449e-28
 0.71624 9.25178e-28
 0.71636 9.21861e-28
 0.71648 9.18497e-28
 0.7166 9.15089e-28
 0.71672 9.11635e-28
 0.71684 9.08137e-28
 0.71696 9.04596e-28
 0.71708 9.01012e-28
 0.7172 8.97385e-28
 0.71732 8.93717e-28
 0.71744 8.90008e-28
 0.71756 8.86259e-28
 0.71768 8.8247e-28
 0.7178 8.78642e-28
 0.71792 8.74776e-28
 0.71804 8.70872e-28
 0.71816 8.66931e-28
 0.71828 8.62953e-28
 0.7184 8.58939e-28
 0.71852 8.54891e-28
 0.71864 8.50807e-28
 0.71876 8.4669e-28
 0.71888 8.4254e-28
 0.719 8.38357e-28
 0.71912 8.34142e-28
 0.71924 8.29895e-28
 0.71936 8.25618e-28
 0.71948 8.21311e-28
 0.7196 8.16974e-28
 0.71972 8.12609e-28
 0.71984 8.08215e-28
 0.71996 8.03794e-28
 0.72008 7.99346e-28
 0.7202 7.94872e-28
 0.72032 7.90372e-28
 0.72044 7.85847e-28
 0.72056 7.81298e-28
 0.72068 7.76725e-28
 0.7208 7.7213e-28
 0.72092 7.67511e-28
 0.72104 7.62871e-28
 0.72116 7.5821e-28
 0.72128 7.53529e-28
 0.7214 7.48827e-28
 0.72152 7.44107e-28
 0.72164 7.39368e-28
 0.72176 7.34611e-28
 0.72188 7.29836e-28
 0.722 7.25045e-28
 0.72212 7.20238e-28
 0.72224 7.15416e-28
 0.72236 7.10579e-28
 0.72248 7.05728e-28
 0.7226 7.00863e-28
 0.72272 6.95986e-28
 0.72284 6.91096e-28
 0.72296 6.86195e-28
 0.72308 6.81283e-28
 0.7232 6.76361e-28
 0.72332 6.7143e-28
 0.72344 6.66489e-28
 0.72356 6.6154e-28
 0.72368 6.56583e-28
 0.7238 6.51619e-28
 0.72392 6.46649e-28
 0.72404 6.41673e-28
 0.72416 6.36692e-28
 0.72428 6.31707e-28
 0.7244 6.26718e-28
 0.72452 6.21725e-28
 0.72464 6.1673e-28
 0.72476 6.11733e-28
 0.72488 6.06735e-28
 0.725 6.01736e-28
 0.72512 5.96737e-28
 0.72524 5.91739e-28
 0.72536 5.86742e-28
 0.72548 5.81746e-28
 0.7256 5.76754e-28
 0.72572 5.71765e-28
 0.72584 5.66779e-28
 0.72596 5.61798e-28
 0.72608 5.56822e-28
 0.7262 5.51852e-28
 0.72632 5.46888e-28
 0.72644 5.41932e-28
 0.72656 5.36983e-28
 0.72668 5.32042e-28
 0.7268 5.2711e-28
 0.72692 5.22188e-28
 0.72704 5.17276e-28
 0.72716 5.12375e-28
 0.72728 5.07486e-28
 0.7274 5.02608e-28
 0.72752 4.97744e-28
 0.72764 4.92893e-28
 0.72776 4.88055e-28
 0.72788 4.83233e-28
 0.728 4.78426e-28
 0.72812 4.73635e-28
 0.72824 4.68861e-28
 0.72836 4.64104e-28
 0.72848 4.59365e-28
 0.7286 4.54644e-28
 0.72872 4.49943e-28
 0.72884 4.45261e-28
 0.72896 4.406e-28
 0.72908 4.3596e-28
 0.7292 4.31342e-28
 0.72932 4.26746e-28
 0.72944 4.22173e-28
 0.72956 4.17624e-28
 0.72968 4.13099e-28
 0.7298 4.086e-28
 0.72992 4.04125e-28
 0.73004 3.99677e-28
 0.73016 3.95256e-28
 0.73028 3.90861e-28
 0.7304 3.86493e-28
 0.73052 3.82152e-28
 0.73064 3.77837e-28
 0.73076 3.73549e-28
 0.73088 3.69288e-28
 0.731 3.65053e-28
 0.73112 3.60845e-28
 0.73124 3.56664e-28
 0.73136 3.52509e-28
 0.73148 3.48381e-28
 0.7316 3.44279e-28
 0.73172 3.40204e-28
 0.73184 3.36156e-28
 0.73196 3.32135e-28
 0.73208 3.2814e-28
 0.7322 3.24172e-28
 0.73232 3.20231e-28
 0.73244 3.16316e-28
 0.73256 3.12428e-28
 0.73268 3.08566e-28
 0.7328 3.04731e-28
 0.73292 3.00923e-28
 0.73304 2.97142e-28
 0.73316 2.93387e-28
 0.73328 2.89659e-28
 0.7334 2.85957e-28
 0.73352 2.82282e-28
 0.73364 2.78634e-28
 0.73376 2.75013e-28
 0.73388 2.71418e-28
 0.734 2.6785e-28
 0.73412 2.64308e-28
 0.73424 2.60793e-28
 0.73436 2.57305e-28
 0.73448 2.53843e-28
 0.7346 2.50408e-28
 0.73472 2.47e-28
 0.73484 2.43619e-28
 0.73496 2.40264e-28
 0.73508 2.36936e-28
 0.7352 2.33634e-28
 0.73532 2.30359e-28
 0.73544 2.27111e-28
 0.73556 2.23889e-28
 0.73568 2.20694e-28
 0.7358 2.17526e-28
 0.73592 2.14384e-28
 0.73604 2.11269e-28
 0.73616 2.08181e-28
 0.73628 2.05119e-28
 0.7364 2.02084e-28
 0.73652 1.99076e-28
 0.73664 1.96095e-28
 0.73676 1.9314e-28
 0.73688 1.90211e-28
 0.737 1.8731e-28
 0.73712 1.84435e-28
 0.73724 1.81586e-28
 0.73736 1.78765e-28
 0.73748 1.7597e-28
 0.7376 1.73201e-28
 0.73772 1.70459e-28
 0.73784 1.67744e-28
 0.73796 1.65056e-28
 0.73808 1.62394e-28
 0.7382 1.59759e-28
 0.73832 1.57151e-28
 0.73844 1.54569e-28
 0.73856 1.52014e-28
 0.73868 1.49486e-28
 0.7388 1.46984e-28
 0.73892 1.44509e-28
 0.73904 1.4206e-28
 0.73916 1.39639e-28
 0.73928 1.37244e-28
 0.7394 1.34875e-28
 0.73952 1.32533e-28
 0.73964 1.30218e-28
 0.73976 1.2793e-28
 0.73988 1.25668e-28
 0.74 1.23433e-28
 0.74012 1.21224e-28
 0.74024 1.19042e-28
 0.74036 1.16887e-28
 0.74048 1.14757e-28
 0.7406 1.12654e-28
 0.74072 1.10576e-28
 0.74084 1.08524e-28
 0.74096 1.06498e-28
 0.74108 1.04497e-28
 0.7412 1.02521e-28
 0.74132 1.00571e-28
 0.74144 9.8645e-29
 0.74156 9.6744e-29
 0.74168 9.48675e-29
 0.7418 9.30155e-29
 0.74192 9.11877e-29
 0.74204 8.93841e-29
 0.74216 8.76044e-29
 0.74228 8.58484e-29
 0.7424 8.41161e-29
 0.74252 8.24073e-29
 0.74264 8.07217e-29
 0.74276 7.90593e-29
 0.74288 7.74199e-29
 0.743 7.58033e-29
 0.74312 7.42093e-29
 0.74324 7.26379e-29
 0.74336 7.10888e-29
 0.74348 6.95619e-29
 0.7436 6.8057e-29
 0.74372 6.6574e-29
 0.74384 6.51126e-29
 0.74396 6.36729e-29
 0.74408 6.22544e-29
 0.7442 6.08573e-29
 0.74432 5.94812e-29
 0.74444 5.81259e-29
 0.74456 5.67915e-29
 0.74468 5.54776e-29
 0.7448 5.41841e-29
 0.74492 5.29109e-29
 0.74504 5.16578e-29
 0.74516 5.04247e-29
 0.74528 4.92113e-29
 0.7454 4.80175e-29
 0.74552 4.68432e-29
 0.74564 4.56882e-29
 0.74576 4.45524e-29
 0.74588 4.34355e-29
 0.746 4.23375e-29
 0.74612 4.12581e-29
 0.74624 4.01973e-29
 0.74636 3.91547e-29
 0.74648 3.81304e-29
 0.7466 3.71241e-29
 0.74672 3.61356e-29
 0.74684 3.51649e-29
 0.74696 3.42116e-29
 0.74708 3.32758e-29
 0.7472 3.23572e-29
 0.74732 3.14557e-29
 0.74744 3.0571e-29
 0.74756 2.97031e-29
 0.74768 2.88518e-29
 0.7478 2.80169e-29
 0.74792 2.71983e-29
 0.74804 2.63958e-29
 0.74816 2.56092e-29
 0.74828 2.48384e-29
 0.7484 2.40833e-29
 0.74852 2.33435e-29
 0.74864 2.26191e-29
 0.74876 2.19099e-29
 0.74888 2.12156e-29
 0.749 2.05362e-29
 0.74912 1.98714e-29
 0.74924 1.92211e-29
 0.74936 1.85852e-29
 0.74948 1.79634e-29
 0.7496 1.73557e-29
 0.74972 1.67618e-29
 0.74984 1.61816e-29
 0.74996 1.5615e-29
 0.75008 1.50618e-29
 0.7502 1.45218e-29
 0.75032 1.39948e-29
 0.75044 1.34808e-29
 0.75056 1.29795e-29
 0.75068 1.24908e-29
 0.7508 1.20145e-29
 0.75092 1.15504e-29
 0.75104 1.10985e-29
 0.75116 1.06585e-29
 0.75128 1.02304e-29
 0.7514 9.81379e-30
 0.75152 9.40868e-30
 0.75164 9.01488e-30
 0.75176 8.63223e-30
 0.75188 8.26056e-30
 0.752 7.89971e-30
 0.75212 7.54953e-30
 0.75224 7.20985e-30
 0.75236 6.88052e-30
 0.75248 6.56137e-30
 0.7526 6.25225e-30
 0.75272 5.95299e-30
 0.75284 5.66344e-30
 0.75296 5.38343e-30
 0.75308 5.11281e-30
 0.7532 4.85141e-30
 0.75332 4.59908e-30
 0.75344 4.35565e-30
 0.75356 4.12096e-30
 0.75368 3.89487e-30
 0.7538 3.67719e-30
 0.75392 3.46778e-30
 0.75404 3.26648e-30
 0.75416 3.07312e-30
 0.75428 2.88755e-30
 0.7544 2.7096e-30
 0.75452 2.53912e-30
 0.75464 2.37594e-30
 0.75476 2.21991e-30
 0.75488 2.07086e-30
 0.755 1.92864e-30
 0.75512 1.79308e-30
 0.75524 1.66403e-30
 0.75536 1.54133e-30
 0.75548 1.42481e-30
 0.7556 1.31431e-30
 0.75572 1.20969e-30
 0.75584 1.11076e-30
 0.75596 1.01738e-30
 0.75608 9.29393e-31
 0.7562 8.46627e-31
 0.75632 7.68926e-31
 0.75644 6.96131e-31
 0.75656 6.28082e-31
 0.75668 5.64619e-31
 0.7568 5.05581e-31
 0.75692 4.5081e-31
 0.75704 4.00144e-31
 0.75716 3.53424e-31
 0.75728 3.1049e-31
 0.7574 2.71182e-31
 0.75752 2.3534e-31
 0.75764 2.02804e-31
 0.75776 1.73414e-31
 0.75788 1.47011e-31
 0.758 1.23433e-31
 0.75812 1.02521e-31
 0.75824 8.41161e-32
 0.75836 6.8057e-32
 0.75848 5.41841e-32
 0.7586 4.23375e-32
 0.75872 3.23572e-32
 0.75884 2.40833e-32
 0.75896 1.73557e-32
 0.75908 1.20145e-32
 0.7592 7.89971e-33
 0.75932 4.85141e-33
 0.75944 2.7096e-33
 0.75956 1.31431e-33
 0.75968 5.05581e-34
 0.7598 1.23433e-34
 0.75992 7.89971e-36
 0.76004 0
 0.76016 0
 0.76028 0
 0.7604 0
 0.76052 0
 0.76064 0
 0.76076 0
 0.76088 0
 0.761 0
 0.76112 0
 0.76124 0
 0.76136 0
 0.76148 0
 0.7616 0
 0.76172 0
 0.76184 0
 0.76196 0
 0.76208 0
 0.7622 0
 0.76232 0
 0.76244 0
 0.76256 0
 0.76268 0
 0.7628 0
 0.76292 0
 0.76304 0
 0.76316 0
 0.76328 0
 0.7634 0
 0.76352 0
 0.76364 0
 0.76376 0
 0.76388 0
 0.764 0
 0.76412 0
 0.76424 0
 0.76436 0
 0.76448 0
 0.7646 0
 0.76472 0
 0.76484 0
 0.76496 0
 0.76508 0
 0.7652 0
 0.76532 0
 0.76544 0
 0.76556 0
 0.76568 0
 0.7658 0
 0.76592 0
 0.76604 0
 0.76616 0
 0.76628 0
 0.7664 0
 0.76652 0
 0.76664 0
 0.76676 0
 0.76688 0
 0.767 0
 0.76712 0
 0.76724 0
 0.76736 0
 0.76748 0
 0.7676 0
 0.76772 0
 0.76784 0
 0.76796 0
 0.76808 0
 0.7682 0
 0.76832 0
 0.76844 0
 0.76856 0
 0.76868 0
 0.7688 0
 0.76892 0
 0.76904 0
 0.76916 0
 0.76928 0
 0.7694 0
 0.76952 0
 0.76964 0
 0.76976 0
 0.76988 0
 0.77 0
 0.77012 0
 0.77024 0
 0.77036 0
 0.77048 0
 0.7706 0
 0.77072 0
 0.77084 0
 0.77096 0
 0.77108 0
 0.7712 0
 0.77132 0
 0.77144 0
 0.77156 0
 0.77168 0
 0.7718 0
 0.77192 0
 0.77204 0
 0.77216 0
 0.77228 0
 0.7724 0
 0.77252 0
 0.77264 0
 0.77276 0
 0.77288 0
 0.773 0
 0.77312 0
 0.77324 0
 0.77336 0
 0.77348 0
 0.7736 0
 0.77372 0
 0.77384 0
 0.77396 0
 0.77408 0
 0.7742 0
 0.77432 0
 0.77444 0
 0.77456 0
 0.77468 0
 0.7748 0
 0.77492 0
 0.77504 0
 0.77516 0
 0.77528 0
 0.7754 0
 0.77552 0
 0.77564 0
 0.77576 0
 0.77588 0
 0.776 0
 0.77612 0
 0.77624 0
 0.77636 0
 0.77648 0
 0.7766 0
 0.77672 0
 0.77684 0
 0.77696 0
 0.77708 0
 0.7772 0
 0.77732 0
 0.77744 0
 0.77756 0
 0.77768 0
 0.7778 0
 0.77792 0
 0.77804 0
 0.77816 0
 0.77828 0
 0.7784 0
 0.77852 0
 0.77864 0
 0.77876 0
 0.77888 0
 0.779 0
 0.77912 0
 0.77924 0
 0.77936 0
 0.77948 0
 0.7796 0
 0.77972 0
 0.77984 0
 0.77996 0
 0.78008 0
 0.7802 0
 0.78032 0
 0.78044 0
 0.78056 0
 0.78068 0
 0.7808 0
 0.78092 0
 0.78104 0
 0.78116 0
 0.78128 0
 0.7814 0
 0.78152 0
 0.78164 0
 0.78176 0
 0.78188 0
 0.782 0
 0.78212 0
 0.78224 0
 0.78236 0
 0.78248 0
 0.7826 0
 0.78272 0
 0.78284 0
 0.78296 0
 0.78308 0
 0.7832 0
 0.78332 0
 0.78344 0
 0.78356 0
 0.78368 0
 0.7838 0
 0.78392 0
 0.78404 0
 0.78416 0
 0.78428 0
 0.7844 0
 0.78452 0
 0.78464 0
 0.78476 0
 0.78488 0
 0.785 0
 0.78512 0
 0.78524 0
 0.78536 0
 0.78548 0
 0.7856 0
 0.78572 0
 0.78584 0
 0.78596 0
 0.78608 0
 0.7862 0
 0.78632 0
 0.78644 0
 0.78656 0
 0.78668 0
 0.7868 0
 0.78692 0
 0.78704 0
 0.78716 0
 0.78728 0
 0.7874 0
 0.78752 0
 0.78764 0
 0.78776 0
 0.78788 0
 0.788 0
 0.78812 0
 0.78824 0
 0.78836 0
 0.78848 0
 0.7886 0
 0.78872 0
 0.78884 0
 0.78896 0
 0.78908 0
 0.7892 0
 0.78932 0
 0.78944 0
 0.78956 0
 0.78968 0
 0.7898 0
 0.78992 0
 0.79004 0
 0.79016 0
 0.79028 0
 0.7904 0
 0.79052 0
 0.79064 0
 0.79076 0
 0.79088 0
 0.791 0
 0.79112 0
 0.79124 0
 0.79136 0
 0.79148 0
 0.7916 0
 0.79172 0
 0.79184 0
 0.79196 0
 0.79208 0
 0.7922 0
 0.79232 0
 0.79244 0
 0.79256 0
 0.79268 0
 0.7928 0
 0.79292 0
 0.79304 0
 0.79316 0
 0.79328 0
 0.7934 0
 0.79352 0
 0.79364 0
 0.79376 0
 0.79388 0
 0.794 0
 0.79412 0
 0.79424 0
 0.79436 0
 0.79448 0
 0.7946 0
 0.79472 0
 0.79484 0
 0.79496 0
 0.79508 0
 0.7952 0
 0.79532 0
 0.79544 0
 0.79556 0
 0.79568 0
 0.7958 0
 0.79592 0
 0.79604 0
 0.79616 0
 0.79628 0
 0.7964 0
 0.79652 0
 0.79664 0
 0.79676 0
 0.79688 0
 0.797 0
 0.79712 0
 0.79724 0
 0.79736 0
 0.79748 0
 0.7976 0
 0.79772 0
 0.79784 0
 0.79796 0
 0.79808 0
 0.7982 0
 0.79832 0
 0.79844 0
 0.79856 0
 0.79868 0
 0.7988 0
 0.79892 0
 0.79904 0
 0.79916 0
 0.79928 0
 0.7994 0
 0.79952 0
 0.79964 0
 0.79976 0
 0.79988 0
