 0.2 12.0751
 0.20012 11.3923
 0.20024 10.6727
 0.20036 9.92052
 0.20048 9.14054
 0.2006 8.33752
 0.20072 7.51152
 0.20084 6.66536
 0.20096 5.80708
 0.20108 4.94622
 0.2012 4.09839
 0.20132 3.27785
 0.20144 2.49576
 0.20156 1.7613
 0.20168 1.08277
 0.2018 0.468997
 0.20192 -0.0737984
 0.20204 -0.542594
 0.20216 -0.936449
 0.20228 -1.2543
 0.2024 -1.49477
 0.20252 -1.65908
 0.20264 -1.75023
 0.20276 -1.76904
 0.20288 -1.72005
 0.203 -1.60763
 0.20312 -1.43886
 0.20324 -1.2289
 0.20336 -0.994364
 0.20348 -0.750899
 0.2036 -0.5135
 0.20372 -0.297234
 0.20384 -0.117109
 0.20396 0.0204254
 0.20408 0.111836
 0.2042 0.152532
 0.20432 0.136797
 0.20444 0.060508
 0.20456 -0.0729776
 0.20468 -0.256413
 0.2048 -0.482575
 0.20492 -0.744883
 0.20504 -1.03877
 0.20516 -1.35524
 0.20528 -1.68027
 0.2054 -2.00077
 0.20552 -2.30537
 0.20564 -2.58287
 0.20576 -2.82149
 0.20588 -3.01258
 0.206 -3.15613
 0.20612 -3.25233
 0.20624 -3.29834
 0.20636 -3.29059
 0.20648 -3.22961
 0.2066 -3.12559
 0.20672 -2.99124
 0.20684 -2.83871
 0.20696 -2.67759
 0.20708 -2.5171
 0.2072 -2.36872
 0.20732 -2.24216
 0.20744 -2.14169
 0.20756 -2.06956
 0.20768 -2.0282
 0.2078 -2.02098
 0.20792 -2.0477
 0.20804 -2.10515
 0.20816 -2.19148
 0.20828 -2.30534
 0.2084 -2.4458
 0.20852 -2.60872
 0.20864 -2.78464
 0.20876 -2.96335
 0.20888 -3.13536
 0.209 -3.29231
 0.20912 -3.42557
 0.20924 -3.52703
 0.20936 -3.59543
 0.20948 -3.63548
 0.2096 -3.65253
 0.20972 -3.65078
 0.20984 -3.63354
 0.20996 -3.60546
 0.21008 -3.57006
 0.2102 -3.52941
 0.21032 -3.48701
 0.21044 -3.44322
 0.21056 -3.39741
 0.21068 -3.35062
 0.2108 -3.30467
 0.21092 -3.26183
 0.21104 -3.22491
 0.21116 -3.19701
 0.21128 -3.17944
 0.2114 -3.16778
 0.21152 -3.15489
 0.21164 -3.13562
 0.21176 -3.10696
 0.21188 -3.06627
 0.212 -3.01083
 0.21212 -2.94091
 0.21224 -2.85779
 0.21236 -2.76298
 0.21248 -2.66284
 0.2126 -2.56687
 0.21272 -2.48411
 0.21284 -2.42159
 0.21296 -2.38485
 0.21308 -2.37714
 0.2132 -2.40201
 0.21332 -2.46378
 0.21344 -2.56817
 0.21356 -2.72018
 0.21368 -2.91963
 0.2138 -3.16421
 0.21392 -3.45185
 0.21404 -3.78004
 0.21416 -4.14467
 0.21428 -4.54131
 0.2144 -4.96455
 0.21452 -5.4052
 0.21464 -5.84885
 0.21476 -6.28065
 0.21488 -6.6883
 0.215 -7.06105
 0.21512 -7.39051
 0.21524 -7.66656
 0.21536 -7.88025
 0.21548 -8.02278
 0.2156 -8.08911
 0.21572 -8.07921
 0.21584 -7.99384
 0.21596 -7.83346
 0.21608 -7.59771
 0.2162 -7.28457
 0.21632 -6.89174
 0.21644 -6.41715
 0.21656 -5.86362
 0.21668 -5.24316
 0.2168 -4.56846
 0.21692 -3.85128
 0.21704 -3.10228
 0.21716 -2.33265
 0.21728 -1.55464
 0.2174 -0.77913
 0.21752 -0.0167905
 0.21764 0.725335
 0.21776 1.44209
 0.21788 2.12845
 0.218 2.77872
 0.21812 3.38444
 0.21824 3.93417
 0.21836 4.41544
 0.21848 4.81633
 0.2186 5.13346
 0.21872 5.37289
 0.21884 5.54212
 0.21896 5.64831
 0.21908 5.69776
 0.2192 5.6972
 0.21932 5.6515
 0.21944 5.5644
 0.21956 5.43904
 0.21968 5.27679
 0.2198 5.07792
 0.21992 4.8429
 0.22004 4.57316
 0.22016 4.2729
 0.22028 3.94905
 0.2204 3.61202
 0.22052 3.27086
 0.22064 2.92685
 0.22076 2.57461
 0.22088 2.20687
 0.221 1.82051
 0.22112 1.41439
 0.22124 0.991707
 0.22136 0.560411
 0.22148 0.130259
 0.2216 -0.287008
 0.22172 -0.678417
 0.22184 -1.03009
 0.22196 -1.32927
 0.22208 -1.56372
 0.2222 -1.72251
 0.22232 -1.79918
 0.22244 -1.79173
 0.22256 -1.69684
 0.22268 -1.5083
 0.2228 -1.21451
 0.22292 -0.808404
 0.22304 -0.29041
 0.22316 0.335861
 0.22328 1.0584
 0.2234 1.86074
 0.22352 2.72181
 0.22364 3.6179
 0.22376 4.52469
 0.22388 5.41893
 0.224 6.27838
 0.22412 7.08088
 0.22424 7.80545
 0.22436 8.43721
 0.22448 8.96262
 0.2246 9.36743
 0.22472 9.63755
 0.22484 9.75879
 0.22496 9.72664
 0.22508 9.54172
 0.2252 9.20832
 0.22532 8.73705
 0.22544 8.1429
 0.22556 7.44763
 0.22568 6.67387
 0.2258 5.84323
 0.22592 4.97597
 0.22604 4.09209
 0.22616 3.21155
 0.22628 2.35187
 0.2264 1.5262
 0.22652 0.749905
 0.22664 0.0377831
 0.22676 -0.596933
 0.22688 -1.14454
 0.227 -1.601
 0.22712 -1.96385
 0.22724 -2.23319
 0.22736 -2.4141
 0.22748 -2.51677
 0.2276 -2.55541
 0.22772 -2.54118
 0.22784 -2.48372
 0.22796 -2.39206
 0.22808 -2.27472
 0.2282 -2.14
 0.22832 -1.99381
 0.22844 -1.8411
 0.22856 -1.68868
 0.22868 -1.5419
 0.2288 -1.40579
 0.22892 -1.28431
 0.22904 -1.18054
 0.22916 -1.09714
 0.22928 -1.0339
 0.2294 -0.98538
 0.22952 -0.944062
 0.22964 -0.903529
 0.22976 -0.862135
 0.22988 -0.818994
 0.23 -0.775162
 0.23012 -0.733084
 0.23024 -0.695893
 0.23036 -0.667654
 0.23048 -0.651891
 0.2306 -0.65337
 0.23072 -0.676977
 0.23084 -0.72464
 0.23096 -0.796564
 0.23108 -0.892149
 0.2312 -1.01156
 0.23132 -1.15745
 0.23144 -1.33355
 0.23156 -1.54228
 0.23168 -1.78351
 0.2318 -2.05489
 0.23192 -2.35314
 0.23204 -2.67234
 0.23216 -3.00512
 0.23228 -3.34233
 0.2324 -3.67437
 0.23252 -3.991
 0.23264 -4.27957
 0.23276 -4.52933
 0.23288 -4.73449
 0.233 -4.89302
 0.23312 -5.00217
 0.23324 -5.05974
 0.23336 -5.06399
 0.23348 -5.01485
 0.2336 -4.91143
 0.23372 -4.75329
 0.23384 -4.5397
 0.23396 -4.27016
 0.23408 -3.94291
 0.2342 -3.55802
 0.23432 -3.11822
 0.23444 -2.62743
 0.23456 -2.09062
 0.23468 -1.51517
 0.2348 -0.905302
 0.23492 -0.261504
 0.23504 0.416501
 0.23516 1.1257
 0.23528 1.8649
 0.2354 2.63325
 0.23552 3.42613
 0.23564 4.23427
 0.23576 5.0478
 0.23588 5.85423
 0.236 6.63847
 0.23612 7.38242
 0.23624 8.06937
 0.23636 8.68518
 0.23648 9.21659
 0.2366 9.6512
 0.23672 9.97768
 0.23684 10.1826
 0.23696 10.2532
 0.23708 10.1828
 0.2372 9.96811
 0.23732 9.6078
 0.23744 9.1035
 0.23756 8.46548
 0.23768 7.70669
 0.2378 6.8412
 0.23792 5.88675
 0.23804 4.8631
 0.23816 3.79119
 0.23828 2.69254
 0.2384 1.58677
 0.23852 0.49343
 0.23864 -0.568091
 0.23876 -1.57886
 0.23888 -2.52037
 0.239 -3.37901
 0.23912 -4.14716
 0.23924 -4.82148
 0.23936 -5.40421
 0.23948 -5.90034
 0.2396 -6.31765
 0.23972 -6.66372
 0.23984 -6.94765
 0.23996 -7.18178
 0.24008 -7.3783
 0.2402 -7.55097
 0.24032 -7.71347
 0.24044 -7.87751
 0.24056 -8.05514
 0.24068 -8.25836
 0.2408 -8.49588
 0.24092 -8.77345
 0.24104 -9.09408
 0.24116 -9.45767
 0.24128 -9.85942
 0.2414 -10.2915
 0.24152 -10.7483
 0.24164 -11.2262
 0.24176 -11.7226
 0.24188 -12.2307
 0.242 -12.7387
 0.24212 -13.2337
 0.24224 -13.7012
 0.24236 -14.1293
 0.24248 -14.5078
 0.2426 -14.8262
 0.24272 -15.0754
 0.24284 -15.2534
 0.24296 -15.3604
 0.24308 -15.3971
 0.2432 -15.367
 0.24332 -15.276
 0.24344 -15.1297
 0.24356 -14.9297
 0.24368 -14.6756
 0.2438 -14.3654
 0.24392 -14.0046
 0.24404 -13.6044
 0.24416 -13.1789
 0.24428 -12.7427
 0.2444 -12.3077
 0.24452 -11.8858
 0.24464 -11.489
 0.24476 -11.1265
 0.24488 -10.8015
 0.245 -10.5139
 0.24512 -10.262
 0.24524 -10.0395
 0.24536 -9.83844
 0.24548 -9.65268
 0.2456 -9.47853
 0.24572 -9.31571
 0.24584 -9.16491
 0.24596 -9.02243
 0.24608 -8.88076
 0.2462 -8.7298
 0.24632 -8.55952
 0.24644 -8.3609
 0.24656 -8.12484
 0.24668 -7.84088
 0.2468 -7.50058
 0.24692 -7.10206
 0.24704 -6.64849
 0.24716 -6.14617
 0.24728 -5.60805
 0.2474 -5.04734
 0.24752 -4.47568
 0.24764 -3.9026
 0.24776 -3.33433
 0.24788 -2.77633
 0.248 -2.23487
 0.24812 -1.71762
 0.24824 -1.23345
 0.24836 -0.790397
 0.24848 -0.39491
 0.2486 -0.0536856
 0.24872 0.224831
 0.24884 0.434472
 0.24896 0.57606
 0.24908 0.653759
 0.2492 0.675301
 0.24932 0.652436
 0.24944 0.59632
 0.24956 0.517395
 0.24968 0.423876
 0.2498 0.322181
 0.24992 0.218409
 0.25004 0.118625
 0.25016 0.0291832
 0.25028 -0.0435544
 0.2504 -0.0941605
 0.25052 -0.119077
 0.25064 -0.115506
 0.25076 -0.0794892
 0.25088 -0.00879126
 0.251 0.0960036
 0.25112 0.232878
 0.25124 0.398341
 0.25136 0.587363
 0.25148 0.795672
 0.2516 1.01994
 0.25172 1.25951
 0.25184 1.51439
 0.25196 1.78491
 0.25208 2.07232
 0.2522 2.37803
 0.25232 2.70357
 0.25244 3.049
 0.25256 3.41792
 0.25268 3.81343
 0.2528 4.23729
 0.25292 4.69092
 0.25304 5.1757
 0.25316 5.69287
 0.25328 6.2431
 0.2534 6.82721
 0.25352 7.4436
 0.25364 8.08872
 0.25376 8.75722
 0.25388 9.44354
 0.254 10.1394
 0.25412 10.8333
 0.25424 11.5136
 0.25436 12.1694
 0.25448 12.7902
 0.2546 13.363
 0.25472 13.8768
 0.25484 14.32
 0.25496 14.6777
 0.25508 14.937
 0.2552 15.0874
 0.25532 15.1195
 0.25544 15.0256
 0.25556 14.8015
 0.25568 14.4448
 0.2558 13.954
 0.25592 13.3285
 0.25604 12.5743
 0.25616 11.7008
 0.25628 10.7179
 0.2564 9.63686
 0.25652 8.47031
 0.25664 7.23143
 0.25676 5.93275
 0.25688 4.5973
 0.257 3.25385
 0.25712 1.92751
 0.25724 0.641281
 0.25736 -0.582593
 0.25748 -1.72371
 0.2576 -2.76388
 0.25772 -3.68636
 0.25784 -4.47458
 0.25796 -5.11445
 0.25808 -5.59781
 0.2582 -5.91786
 0.25832 -6.07305
 0.25844 -6.06492
 0.25856 -5.89644
 0.25868 -5.57102
 0.2588 -5.09565
 0.25892 -4.49264
 0.25904 -3.78614
 0.25916 -2.99862
 0.25928 -2.15214
 0.2594 -1.26864
 0.25952 -0.369477
 0.25964 0.524177
 0.25976 1.39066
 0.25988 2.20844
 0.26 2.95814
 0.26012 3.62201
 0.26024 4.18477
 0.26036 4.63848
 0.26048 4.9766
 0.2606 5.19348
 0.26072 5.28494
 0.26084 5.2521
 0.26096 5.10303
 0.26108 4.84596
 0.2612 4.4894
 0.26132 4.04224
 0.26144 3.51364
 0.26156 2.91377
 0.26168 2.25529
 0.2618 1.55197
 0.26192 0.816192
 0.26204 0.0596506
 0.26216 -0.706307
 0.26228 -1.47269
 0.2624 -2.23207
 0.26252 -2.97467
 0.26264 -3.69072
 0.26276 -4.37264
 0.26288 -5.01513
 0.263 -5.6138
 0.26312 -6.16464
 0.26324 -6.66402
 0.26336 -7.10877
 0.26348 -7.49696
 0.2636 -7.82939
 0.26372 -8.10944
 0.26384 -8.33799
 0.26396 -8.51223
 0.26408 -8.62975
 0.2642 -8.68734
 0.26432 -8.68291
 0.26444 -8.61961
 0.26456 -8.50594
 0.26468 -8.3488
 0.2648 -8.15285
 0.26492 -7.92194
 0.26504 -7.65991
 0.26516 -7.37042
 0.26528 -7.05724
 0.2654 -6.72327
 0.26552 -6.36948
 0.26564 -5.99473
 0.26576 -5.5982
 0.26588 -5.18736
 0.266 -4.77175
 0.26612 -4.35778
 0.26624 -3.95384
 0.26636 -3.56386
 0.26648 -3.18533
 0.2666 -2.81293
 0.26672 -2.44626
 0.26684 -2.08605
 0.26696 -1.7331
 0.26708 -1.38815
 0.2672 -1.05188
 0.26732 -0.724216
 0.26744 -0.404756
 0.26756 -0.0934783
 0.26768 0.209223
 0.2678 0.506767
 0.26792 0.81101
 0.26804 1.12835
 0.26816 1.46129
 0.26828 1.81435
 0.2684 2.18676
 0.26852 2.57484
 0.26864 2.97662
 0.26876 3.39252
 0.26888 3.8216
 0.269 4.2621
 0.26912 4.71222
 0.26924 5.1697
 0.26936 5.62885
 0.26948 6.07953
 0.2696 6.51044
 0.26972 6.90969
 0.26984 7.26007
 0.26996 7.54346
 0.27008 7.74992
 0.2702 7.8708
 0.27032 7.89861
 0.27044 7.83003
 0.27056 7.66026
 0.27068 7.38448
 0.2708 7.00135
 0.27092 6.51134
 0.27104 5.91541
 0.27116 5.21472
 0.27128 4.41256
 0.2714 3.51914
 0.27152 2.54966
 0.27164 1.52097
 0.27176 0.451051
 0.27188 -0.639218
 0.272 -1.73195
 0.27212 -2.81287
 0.27224 -3.86775
 0.27236 -4.88613
 0.27248 -5.85756
 0.2726 -6.76691
 0.27272 -7.6052
 0.27284 -8.36589
 0.27296 -9.04124
 0.27308 -9.62356
 0.2732 -10.1063
 0.27332 -10.4865
 0.27344 -10.7651
 0.27356 -10.9447
 0.27368 -11.029
 0.2738 -11.0224
 0.27392 -10.9295
 0.27404 -10.7538
 0.27416 -10.4977
 0.27428 -10.1653
 0.2744 -9.75977
 0.27452 -9.28966
 0.27464 -8.76494
 0.27476 -8.19013
 0.27488 -7.57336
 0.275 -6.92496
 0.27512 -6.25507
 0.27524 -5.57067
 0.27536 -4.877
 0.27548 -4.18011
 0.2756 -3.48616
 0.27572 -2.80085
 0.27584 -2.13021
 0.27596 -1.48089
 0.27608 -0.860383
 0.2762 -0.275144
 0.27632 0.273646
 0.27644 0.78839
 0.27656 1.27475
 0.27668 1.73707
 0.2768 2.18052
 0.27692 2.61455
 0.27704 3.05034
 0.27716 3.49664
 0.27728 3.95666
 0.2774 4.43259
 0.27752 4.92715
 0.27764 5.44215
 0.27776 5.97564
 0.27788 6.52709
 0.278 7.09683
 0.27812 7.68614
 0.27824 8.29173
 0.27836 8.90206
 0.27848 9.50332
 0.2786 10.0821
 0.27872 10.6247
 0.27884 11.1134
 0.27896 11.5284
 0.27908 11.8481
 0.2792 12.0579
 0.27932 12.1511
 0.27944 12.1254
 0.27956 11.9798
 0.27968 11.7179
 0.2798 11.3494
 0.27992 10.8826
 0.28004 10.3238
 0.28016 9.67751
 0.28028 8.95528
 0.2804 8.17465
 0.28052 7.35181
 0.28064 6.50322
 0.28076 5.64857
 0.28088 4.81222
 0.281 4.02005
 0.28112 3.29786
 0.28124 2.662
 0.28136 2.11578
 0.28148 1.65722
 0.2816 1.28287
 0.28172 0.983145
 0.28184 0.745888
 0.28196 0.560027
 0.28208 0.422848
 0.2822 0.335752
 0.28232 0.295209
 0.28244 0.296929
 0.28256 0.33861
 0.28268 0.414326
 0.2828 0.511895
 0.28292 0.614571
 0.28304 0.705912
 0.28316 0.770852
 0.28328 0.80622
 0.2834 0.820005
 0.28352 0.821781
 0.28364 0.822126
 0.28376 0.833639
 0.28388 0.869207
 0.284 0.936554
 0.28412 1.02725
 0.28424 1.12983
 0.28436 1.23323
 0.28448 1.32487
 0.2846 1.39314
 0.28472 1.43214
 0.28484 1.44415
 0.28496 1.43261
 0.28508 1.40026
 0.2852 1.34749
 0.28532 1.26719
 0.28544 1.1501
 0.28556 0.988137
 0.28568 0.773661
 0.2858 0.499122
 0.28592 0.157544
 0.28604 -0.247983
 0.28616 -0.703016
 0.28628 -1.19257
 0.2864 -1.70062
 0.28652 -2.20961
 0.28664 -2.70504
 0.28676 -3.17739
 0.28688 -3.62242
 0.287 -4.03628
 0.28712 -4.41499
 0.28724 -4.75278
 0.28736 -5.04529
 0.28748 -5.2892
 0.2876 -5.48369
 0.28772 -5.6289
 0.28784 -5.72539
 0.28796 -5.77476
 0.28808 -5.78374
 0.2882 -5.76007
 0.28832 -5.71097
 0.28844 -5.64478
 0.28856 -5.57145
 0.28868 -5.49864
 0.2888 -5.43186
 0.28892 -5.37351
 0.28904 -5.32438
 0.28916 -5.28513
 0.28928 -5.25616
 0.2894 -5.23513
 0.28952 -5.21905
 0.28964 -5.20262
 0.28976 -5.17901
 0.28988 -5.14109
 0.29 -5.08219
 0.29012 -4.99862
 0.29024 -4.88908
 0.29036 -4.75255
 0.29048 -4.58669
 0.2906 -4.38837
 0.29072 -4.15574
 0.29084 -3.88807
 0.29096 -3.58745
 0.29108 -3.25805
 0.2912 -2.9045
 0.29132 -2.53345
 0.29144 -2.15444
 0.29156 -1.776
 0.29168 -1.40932
 0.2918 -1.06732
 0.29192 -0.763239
 0.29204 -0.508594
 0.29216 -0.310827
 0.29228 -0.176079
 0.2924 -0.110955
 0.29252 -0.123041
 0.29264 -0.219877
 0.29276 -0.407838
 0.29288 -0.691764
 0.293 -1.0741
 0.29312 -1.5564
 0.29324 -2.13924
 0.29336 -2.81499
 0.29348 -3.57131
 0.2936 -4.39696
 0.29372 -5.27686
 0.29384 -6.19281
 0.29396 -7.12678
 0.29408 -8.06207
 0.2942 -8.98417
 0.29432 -9.87903
 0.29444 -10.7315
 0.29456 -11.5249
 0.29468 -12.2416
 0.2948 -12.8641
 0.29492 -13.3758
 0.29504 -13.7599
 0.29516 -13.9993
 0.29528 -14.0802
 0.2954 -14.0026
 0.29552 -13.7724
 0.29564 -13.3962
 0.29576 -12.8865
 0.29588 -12.2583
 0.296 -11.5253
 0.29612 -10.7013
 0.29624 -9.7975
 0.29636 -8.82496
 0.29648 -7.79613
 0.2966 -6.72644
 0.29672 -5.6333
 0.29684 -4.536
 0.29696 -3.45846
 0.29708 -2.42601
 0.2972 -1.46484
 0.29732 -0.596434
 0.29744 0.167836
 0.29756 0.822281
 0.29768 1.36257
 0.2978 1.78917
 0.29792 2.10269
 0.29804 2.30549
 0.29816 2.40086
 0.29828 2.38864
 0.2984 2.26888
 0.29852 2.0433
 0.29864 1.7159
 0.29876 1.29159
 0.29888 0.782168
 0.299 0.205676
 0.29912 -0.41792
 0.29924 -1.06705
 0.29936 -1.7222
 0.29948 -2.36861
 0.2996 -2.99438
 0.29972 -3.58722
 0.29984 -4.13939
 0.29996 -4.64472
 0.30008 -5.10118
 0.3002 -5.50629
 0.30032 -5.85603
 0.30044 -6.14674
 0.30056 -6.3757
 0.30068 -6.5405
 0.3008 -6.63995
 0.30092 -6.68017
 0.30104 -6.67026
 0.30116 -6.62145
 0.30128 -6.54592
 0.3014 -6.45495
 0.30152 -6.35732
 0.30164 -6.26087
 0.30176 -6.17479
 0.30188 -6.10106
 0.302 -6.04239
 0.30212 -6.00096
 0.30224 -5.97956
 0.30236 -5.98082
 0.30248 -6.00766
 0.3026 -6.06403
 0.30272 -6.15496
 0.30284 -6.28328
 0.30296 -6.44692
 0.30308 -6.64374
 0.3032 -6.87265
 0.30332 -7.13338
 0.30344 -7.42735
 0.30356 -7.75785
 0.30368 -8.12701
 0.3038 -8.53653
 0.30392 -8.99019
 0.30404 -9.48696
 0.30416 -10.0235
 0.30428 -10.5963
 0.3044 -11.2021
 0.30452 -11.8346
 0.30464 -12.4827
 0.30476 -13.1326
 0.30488 -13.7744
 0.305 -14.4018
 0.30512 -15.0045
 0.30524 -15.5672
 0.30536 -16.0732
 0.30548 -16.504
 0.3056 -16.8413
 0.30572 -17.0706
 0.30584 -17.1779
 0.30596 -17.1534
 0.30608 -16.9907
 0.3062 -16.6861
 0.30632 -16.2356
 0.30644 -15.6362
 0.30656 -14.8907
 0.30668 -14.0088
 0.3068 -13.0007
 0.30692 -11.8725
 0.30704 -10.6303
 0.30716 -9.2884
 0.30728 -7.86722
 0.3074 -6.38757
 0.30752 -4.87074
 0.30764 -3.33648
 0.30776 -1.80236
 0.30788 -0.2847
 0.308 1.20362
 0.30812 2.65192
 0.30824 4.05035
 0.30836 5.38902
 0.30848 6.66018
 0.3086 7.85959
 0.30872 8.98398
 0.30884 10.025
 0.30896 10.9719
 0.30908 11.8168
 0.3092 12.5616
 0.30932 13.2083
 0.30944 13.7587
 0.30956 14.2152
 0.30968 14.5796
 0.3098 14.8539
 0.30992 15.0385
 0.31004 15.1299
 0.31016 15.1237
 0.31028 15.0151
 0.3104 14.797
 0.31052 14.4613
 0.31064 14.003
 0.31076 13.4243
 0.31088 12.735
 0.311 11.9475
 0.31112 11.0707
 0.31124 10.1109
 0.31136 9.07758
 0.31148 7.97961
 0.3116 6.82568
 0.31172 5.62473
 0.31184 4.38579
 0.31196 3.12211
 0.31208 1.85027
 0.3122 0.587664
 0.31232 -0.645019
 0.31244 -1.82323
 0.31256 -2.92291
 0.31268 -3.92606
 0.3128 -4.82135
 0.31292 -5.60367
 0.31304 -6.2698
 0.31316 -6.81648
 0.31328 -7.24242
 0.3134 -7.54666
 0.31352 -7.72759
 0.31364 -7.78376
 0.31376 -7.71425
 0.31388 -7.52002
 0.314 -7.206
 0.31412 -6.77767
 0.31424 -6.24304
 0.31436 -5.61373
 0.31448 -4.90636
 0.3146 -4.1388
 0.31472 -3.32751
 0.31484 -2.48708
 0.31496 -1.62978
 0.31508 -0.766655
 0.3152 0.0944962
 0.31532 0.946173
 0.31544 1.77904
 0.31556 2.58308
 0.31568 3.34639
 0.3158 4.05732
 0.31592 4.7059
 0.31604 5.28298
 0.31616 5.77933
 0.31628 6.18658
 0.3164 6.4976
 0.31652 6.71362
 0.31664 6.83978
 0.31676 6.88416
 0.31688 6.85442
 0.317 6.7597
 0.31712 6.60568
 0.31724 6.39509
 0.31736 6.13206
 0.31748 5.82246
 0.3176 5.47327
 0.31772 5.09535
 0.31784 4.6997
 0.31796 4.29698
 0.31808 3.89801
 0.3182 3.51379
 0.31832 3.15843
 0.31844 2.84293
 0.31856 2.56927
 0.31868 2.33542
 0.3188 2.13832
 0.31892 1.97356
 0.31904 1.8359
 0.31916 1.72285
 0.31928 1.63226
 0.3194 1.56002
 0.31952 1.50176
 0.31964 1.45032
 0.31976 1.39519
 0.31988 1.32565
 0.32 1.23092
 0.32012 1.10006
 0.32024 0.921258
 0.32036 0.680375
 0.32048 0.370245
 0.3206 -0.00802631
 0.32072 -0.45303
 0.32084 -0.963714
 0.32096 -1.5365
 0.32108 -2.16833
 0.3212 -2.8525
 0.32132 -3.58056
 0.32144 -4.34253
 0.32156 -5.12634
 0.32168 -5.9136
 0.3218 -6.68424
 0.32192 -7.41867
 0.32204 -8.09716
 0.32216 -8.69923
 0.32228 -9.20306
 0.3224 -9.5864
 0.32252 -9.8376
 0.32264 -9.95017
 0.32276 -9.91502
 0.32288 -9.7237
 0.323 -9.36877
 0.32312 -8.84519
 0.32324 -8.15697
 0.32336 -7.30916
 0.32348 -6.30811
 0.3236 -5.16819
 0.32372 -3.91002
 0.32384 -2.55406
 0.32396 -1.11913
 0.32408 0.374984
 0.3242 1.90658
 0.32432 3.44921
 0.32444 4.97535
 0.32456 6.46601
 0.32468 7.90273
 0.3248 9.26566
 0.32492 10.5354
 0.32504 11.6931
 0.32516 12.7253
 0.32528 13.625
 0.3254 14.3818
 0.32552 14.9879
 0.32564 15.4431
 0.32576 15.7494
 0.32588 15.9077
 0.326 15.9182
 0.32612 15.7823
 0.32624 15.5046
 0.32636 15.098
 0.32648 14.5774
 0.3266 13.9556
 0.32672 13.2457
 0.32684 12.4609
 0.32696 11.6142
 0.32708 10.7178
 0.3272 9.78116
 0.32732 8.81411
 0.32744 7.83207
 0.32756 6.84795
 0.32768 5.87354
 0.3278 4.91986
 0.32792 3.99725
 0.32804 3.11579
 0.32816 2.28546
 0.32828 1.51361
 0.3284 0.801642
 0.32852 0.148323
 0.32864 -0.448649
 0.32876 -0.991711
 0.32888 -1.48327
 0.329 -1.92555
 0.32912 -2.32121
 0.32924 -2.67279
 0.32936 -2.98619
 0.32948 -3.26918
 0.3296 -3.53031
 0.32972 -3.77942
 0.32984 -4.0226
 0.32996 -4.26445
 0.33008 -4.51005
 0.3302 -4.76436
 0.33032 -5.03143
 0.33044 -5.3135
 0.33056 -5.60914
 0.33068 -5.91395
 0.3308 -6.22336
 0.33092 -6.53283
 0.33104 -6.83779
 0.33116 -7.13313
 0.33128 -7.41286
 0.3314 -7.66925
 0.33152 -7.89401
 0.33164 -8.07762
 0.33176 -8.21333
 0.33188 -8.29915
 0.332 -8.33265
 0.33212 -8.31177
 0.33224 -8.23725
 0.33236 -8.10955
 0.33248 -7.93018
 0.3326 -7.706
 0.33272 -7.44687
 0.33284 -7.16286
 0.33296 -6.86407
 0.33308 -6.56064
 0.3332 -6.26318
 0.33332 -5.98479
 0.33344 -5.73964
 0.33356 -5.54203
 0.33368 -5.40114
 0.3338 -5.32127
 0.33392 -5.30475
 0.33404 -5.35502
 0.33416 -5.47228
 0.33428 -5.65242
 0.3344 -5.89064
 0.33452 -6.18073
 0.33464 -6.51316
 0.33476 -6.8755
 0.33488 -7.25534
 0.335 -7.64032
 0.33512 -8.01779
 0.33524 -8.37328
 0.33536 -8.68974
 0.33548 -8.949
 0.3356 -9.13679
 0.33572 -9.2474
 0.33584 -9.27877
 0.33596 -9.22916
 0.33608 -9.09668
 0.3362 -8.88343
 0.33632 -8.59542
 0.33644 -8.24054
 0.33656 -7.82504
 0.33668 -7.35706
 0.3368 -6.8471
 0.33692 -6.30586
 0.33704 -5.74439
 0.33716 -5.17463
 0.33728 -4.61052
 0.3374 -4.06785
 0.33752 -3.56171
 0.33764 -3.1017
 0.33776 -2.6913
 0.33788 -2.3316
 0.338 -2.02353
 0.33812 -1.76761
 0.33824 -1.56203
 0.33836 -1.4025
 0.33848 -1.28446
 0.3386 -1.20692
 0.33872 -1.16645
 0.33884 -1.1576
 0.33896 -1.1714
 0.33908 -1.19853
 0.3392 -1.22908
 0.33932 -1.25161
 0.33944 -1.25437
 0.33956 -1.23075
 0.33968 -1.17665
 0.3398 -1.09016
 0.33992 -0.969892
 0.34004 -0.815134
 0.34016 -0.625548
 0.34028 -0.401563
 0.3404 -0.144223
 0.34052 0.146607
 0.34064 0.472443
 0.34076 0.833288
 0.34088 1.22327
 0.341 1.63138
 0.34112 2.04803
 0.34124 2.46343
 0.34136 2.86554
 0.34148 3.24662
 0.3416 3.60425
 0.34172 3.93485
 0.34184 4.23409
 0.34196 4.49823
 0.34208 4.72464
 0.3422 4.9106
 0.34232 5.05337
 0.34244 5.15018
 0.34256 5.19776
 0.34268 5.19286
 0.3428 5.13385
 0.34292 5.02591
 0.34304 4.87605
 0.34316 4.68834
 0.34328 4.46906
 0.3434 4.22603
 0.34352 3.96202
 0.34364 3.68027
 0.34376 3.38522
 0.34388 3.08119
 0.344 2.7705
 0.34412 2.45512
 0.34424 2.13764
 0.34436 1.81935
 0.34448 1.5012
 0.3446 1.18415
 0.34472 0.869659
 0.34484 0.558221
 0.34496 0.248644
 0.34508 -0.0589187
 0.3452 -0.362971
 0.34532 -0.665004
 0.34544 -0.965474
 0.34556 -1.26477
 0.34568 -1.56524
 0.3458 -1.86787
 0.34592 -2.17197
 0.34604 -2.47473
 0.34616 -2.77392
 0.34628 -3.0648
 0.3464 -3.33773
 0.34652 -3.5826
 0.34664 -3.79038
 0.34676 -3.95495
 0.34688 -4.07233
 0.347 -4.14126
 0.34712 -4.16219
 0.34724 -4.13552
 0.34736 -4.06256
 0.34748 -3.94758
 0.3476 -3.79319
 0.34772 -3.60283
 0.34784 -3.38132
 0.34796 -3.1351
 0.34808 -2.87214
 0.3482 -2.6017
 0.34832 -2.34088
 0.34844 -2.11191
 0.34856 -1.93763
 0.34868 -1.83822
 0.3488 -1.82754
 0.34892 -1.91418
 0.34904 -2.10307
 0.34916 -2.39589
 0.34928 -2.79327
 0.3494 -3.28952
 0.34952 -3.87314
 0.34964 -4.53237
 0.34976 -5.25422
 0.34988 -6.02518
 0.35 -6.82998
 0.35012 -7.65035
 0.35024 -8.46458
 0.35036 -9.24455
 0.35048 -9.95963
 0.3506 -10.5763
 0.35072 -11.0638
 0.35084 -11.3991
 0.35096 -11.5641
 0.35108 -11.5469
 0.3512 -11.3404
 0.35132 -10.9391
 0.35144 -10.3485
 0.35156 -9.58233
 0.35168 -8.65485
 0.3518 -7.5809
 0.35192 -6.37617
 0.35204 -5.06167
 0.35216 -3.66205
 0.35228 -2.20349
 0.3524 -0.713621
 0.35252 0.777536
 0.35264 2.23529
 0.35276 3.6268
 0.35288 4.92351
 0.353 6.1009
 0.35312 7.14224
 0.35324 8.03319
 0.35336 8.76131
 0.35348 9.3263
 0.3536 9.73333
 0.35372 9.98781
 0.35384 10.0952
 0.35396 10.0638
 0.35408 9.90807
 0.3542 9.64313
 0.35432 9.28207
 0.35444 8.83761
 0.35456 8.32495
 0.35468 7.7618
 0.3548 7.16609
 0.35492 6.5565
 0.35504 5.94796
 0.35516 5.35159
 0.35528 4.77866
 0.3554 4.23706
 0.35552 3.72607
 0.35564 3.24332
 0.35576 2.78647
 0.35588 2.35308
 0.356 1.9385
 0.35612 1.53631
 0.35624 1.14461
 0.35636 0.765358
 0.35648 0.400655
 0.3566 0.051777
 0.35672 -0.280537
 0.35684 -0.598174
 0.35696 -0.904515
 0.35708 -1.20206
 0.3572 -1.49306
 0.35732 -1.77838
 0.35744 -2.05318
 0.35756 -2.30883
 0.35768 -2.53661
 0.3578 -2.72844
 0.35792 -2.87655
 0.35804 -2.97345
 0.35816 -3.01408
 0.35828 -3.00047
 0.3584 -2.93684
 0.35852 -2.82723
 0.35864 -2.67551
 0.35876 -2.48507
 0.35888 -2.25752
 0.359 -1.99455
 0.35912 -1.6982
 0.35924 -1.37179
 0.35936 -1.02299
 0.35948 -0.664287
 0.3596 -0.309277
 0.35972 0.0293021
 0.35984 0.340507
 0.35996 0.613235
 0.36008 0.837618
 0.3602 1.00713
 0.36032 1.11911
 0.36044 1.17113
 0.36056 1.16024
 0.36068 1.08259
 0.3608 0.93346
 0.36092 0.70944
 0.36104 0.409172
 0.36116 0.0343628
 0.36128 -0.410907
 0.3614 -0.918673
 0.36152 -1.47903
 0.36164 -2.08112
 0.36176 -2.7163
 0.36188 -3.37548
 0.362 -4.04842
 0.36212 -4.7269
 0.36224 -5.40447
 0.36236 -6.07542
 0.36248 -6.73332
 0.3626 -7.3706
 0.36272 -7.97672
 0.36284 -8.53996
 0.36296 -9.05134
 0.36308 -9.50428
 0.3632 -9.89507
 0.36332 -10.2216
 0.36344 -10.4837
 0.36356 -10.6825
 0.36368 -10.8205
 0.3638 -10.8988
 0.36392 -10.9215
 0.36404 -10.892
 0.36416 -10.8096
 0.36428 -10.6727
 0.3644 -10.48
 0.36452 -10.2327
 0.36464 -9.93338
 0.36476 -9.58979
 0.36488 -9.20917
 0.365 -8.79951
 0.36512 -8.36892
 0.36524 -7.92442
 0.36536 -7.47074
 0.36548 -7.0105
 0.3656 -6.54361
 0.36572 -6.06914
 0.36584 -5.58471
 0.36596 -5.08732
 0.36608 -4.57872
 0.3662 -4.06558
 0.36632 -3.55524
 0.36644 -3.05308
 0.36656 -2.56205
 0.36668 -2.0831
 0.3668 -1.61474
 0.36692 -1.15569
 0.36704 -0.698142
 0.36716 -0.233041
 0.36728 0.246746
 0.3674 0.743945
 0.36752 1.2574
 0.36764 1.78355
 0.36776 2.31657
 0.36788 2.8462
 0.368 3.36463
 0.36812 3.86954
 0.36824 4.36059
 0.36836 4.83756
 0.36848 5.29902
 0.3686 5.74245
 0.36872 6.16427
 0.36884 6.56155
 0.36896 6.92783
 0.36908 7.25064
 0.3692 7.51698
 0.36932 7.71728
 0.36944 7.84656
 0.36956 7.90419
 0.36968 7.89021
 0.3698 7.80963
 0.36992 7.67152
 0.37004 7.48208
 0.37016 7.24526
 0.37028 6.96615
 0.3704 6.64917
 0.37052 6.2969
 0.37064 5.91212
 0.37076 5.49758
 0.37088 5.05613
 0.371 4.59406
 0.37112 4.12001
 0.37124 3.64453
 0.37136 3.17684
 0.37148 2.7227
 0.3716 2.28518
 0.37172 1.86784
 0.37184 1.47122
 0.37196 1.09596
 0.37208 0.745671
 0.3722 0.424397
 0.37232 0.132922
 0.37244 -0.12557
 0.37256 -0.345292
 0.37268 -0.520556
 0.3728 -0.645833
 0.37292 -0.717131
 0.37304 -0.731579
 0.37316 -0.690321
 0.37328 -0.598818
 0.3734 -0.462704
 0.37352 -0.285329
 0.37364 -0.0694979
 0.37376 0.181096
 0.37388 0.462215
 0.374 0.766904
 0.37412 1.08446
 0.37424 1.40615
 0.37436 1.72714
 0.37448 2.0404
 0.3746 2.338
 0.37472 2.61235
 0.37484 2.85652
 0.37496 3.06512
 0.37508 3.23427
 0.3752 3.36541
 0.37532 3.46114
 0.37544 3.5228
 0.37556 3.55191
 0.37568 3.5514
 0.3758 3.52496
 0.37592 3.47722
 0.37604 3.41501
 0.37616 3.34748
 0.37628 3.27962
 0.3764 3.21417
 0.37652 3.15499
 0.37664 3.10581
 0.37676 3.06978
 0.37688 3.04882
 0.377 3.04471
 0.37712 3.05802
 0.37724 3.08884
 0.37736 3.14163
 0.37748 3.22275
 0.3776 3.33343
 0.37772 3.47115
 0.37784 3.63257
 0.37796 3.81306
 0.37808 4.00699
 0.3782 4.20767
 0.37832 4.4104
 0.37844 4.60971
 0.37856 4.79846
 0.37868 4.96926
 0.3788 5.11618
 0.37892 5.23555
 0.37904 5.32329
 0.37916 5.37503
 0.37928 5.3843
 0.3794 5.33828
 0.37952 5.22464
 0.37964 5.03993
 0.37976 4.78485
 0.37988 4.46325
 0.38 4.08199
 0.38012 3.64881
 0.38024 3.17348
 0.38036 2.66642
 0.38048 2.14136
 0.3806 1.61409
 0.38072 1.10275
 0.38084 0.622647
 0.38096 0.187091
 0.38108 -0.19075
 0.3812 -0.499534
 0.38132 -0.728563
 0.38144 -0.864625
 0.38156 -0.897315
 0.38168 -0.822445
 0.3818 -0.640881
 0.38192 -0.359284
 0.38204 0.0135151
 0.38216 0.467548
 0.38228 0.99225
 0.3824 1.57558
 0.38252 2.20243
 0.38264 2.85515
 0.38276 3.51293
 0.38288 4.15651
 0.383 4.76621
 0.38312 5.32294
 0.38324 5.81278
 0.38336 6.22782
 0.38348 6.5624
 0.3836 6.81218
 0.38372 6.97712
 0.38384 7.06305
 0.38396 7.07959
 0.38408 7.03715
 0.3842 6.94607
 0.38432 6.81344
 0.38444 6.64798
 0.38456 6.4601
 0.38468 6.26192
 0.3848 6.06581
 0.38492 5.88621
 0.38504 5.73964
 0.38516 5.64213
 0.38528 5.60422
 0.3854 5.62853
 0.38552 5.71601
 0.38564 5.86736
 0.38576 6.07851
 0.38588 6.34103
 0.386 6.64445
 0.38612 6.97666
 0.38624 7.32864
 0.38636 7.69533
 0.38648 8.06953
 0.3866 8.44157
 0.38672 8.80337
 0.38684 9.14813
 0.38696 9.46568
 0.38708 9.74415
 0.3872 9.97078
 0.38732 10.1362
 0.38744 10.2344
 0.38756 10.2593
 0.38768 10.2051
 0.3878 10.0703
 0.38792 9.85689
 0.38804 9.56984
 0.38816 9.21512
 0.38828 8.79512
 0.3884 8.31096
 0.38852 7.76823
 0.38864 7.17626
 0.38876 6.54133
 0.38888 5.86999
 0.389 5.16984
 0.38912 4.45027
 0.38924 3.72106
 0.38936 2.99069
 0.38948 2.2675
 0.3896 1.56087
 0.38972 0.879617
 0.38984 0.229807
 0.38996 -0.385306
 0.39008 -0.964381
 0.3902 -1.50579
 0.39032 -2.00626
 0.39044 -2.46266
 0.39056 -2.87757
 0.39068 -3.25489
 0.3908 -3.5971
 0.39092 -3.90697
 0.39104 -4.18709
 0.39116 -4.44093
 0.39128 -4.66983
 0.3914 -4.87457
 0.39152 -5.05628
 0.39164 -5.21685
 0.39176 -5.35775
 0.39188 -5.4793
 0.392 -5.58142
 0.39212 -5.66355
 0.39224 -5.7266
 0.39236 -5.77115
 0.39248 -5.79806
 0.3926 -5.80619
 0.39272 -5.79503
 0.39284 -5.76446
 0.39296 -5.7151
 0.39308 -5.64766
 0.3932 -5.56222
 0.39332 -5.45926
 0.39344 -5.34058
 0.39356 -5.20806
 0.39368 -5.06302
 0.3938 -4.90668
 0.39392 -4.73998
 0.39404 -4.56279
 0.39416 -4.37456
 0.39428 -4.17379
 0.3944 -3.96067
 0.39452 -3.73386
 0.39464 -3.49286
 0.39476 -3.23803
 0.39488 -2.9691
 0.395 -2.68328
 0.39512 -2.378
 0.39524 -2.056
 0.39536 -1.71996
 0.39548 -1.36957
 0.3956 -1.005
 0.39572 -0.62744
 0.39584 -0.238743
 0.39596 0.158315
 0.39608 0.560425
 0.3962 0.963391
 0.39632 1.36393
 0.39644 1.75927
 0.39656 2.14591
 0.39668 2.52467
 0.3968 2.89783
 0.39692 3.26588
 0.39704 3.62603
 0.39716 3.97778
 0.39728 4.32459
 0.3974 4.66679
 0.39752 5.00252
 0.39764 5.33143
 0.39776 5.65362
 0.39788 5.96967
 0.398 6.2802
 0.39812 6.58551
 0.39824 6.88552
 0.39836 7.179
 0.39848 7.46422
 0.3986 7.73741
 0.39872 7.99108
 0.39884 8.21738
 0.39896 8.41022
 0.39908 8.56382
 0.3992 8.67141
 0.39932 8.72856
 0.39944 8.73285
 0.39956 8.68129
 0.39968 8.57007
 0.3998 8.3953
 0.39992 8.15325
 0.40004 7.8411
 0.40016 7.45782
 0.40028 7.004
 0.4004 6.4819
 0.40052 5.89597
 0.40064 5.25239
 0.40076 4.55815
 0.40088 3.82017
 0.401 3.04558
 0.40112 2.24348
 0.40124 1.42103
 0.40136 0.58279
 0.40148 -0.265337
 0.4016 -1.11613
 0.40172 -1.96195
 0.40184 -2.79276
 0.40196 -3.5977
 0.40208 -4.36633
 0.4022 -5.09089
 0.40232 -5.76486
 0.40244 -6.38334
 0.40256 -6.94366
 0.40268 -7.44371
 0.4028 -7.8809
 0.40292 -8.25277
 0.40304 -8.55851
 0.40316 -8.79909
 0.40328 -8.97378
 0.4034 -9.08171
 0.40352 -9.12228
 0.40364 -9.09523
 0.40376 -9.00177
 0.40388 -8.84799
 0.404 -8.64277
 0.40412 -8.39559
 0.40424 -8.11433
 0.40436 -7.80645
 0.40448 -7.47766
 0.4046 -7.13014
 0.40472 -6.76592
 0.40484 -6.38794
 0.40496 -5.99748
 0.40508 -5.59379
 0.4052 -5.17552
 0.40532 -4.74178
 0.40544 -4.29248
 0.40556 -3.82994
 0.40568 -3.35709
 0.4058 -2.87463
 0.40592 -2.37918
 0.40604 -1.86477
 0.40616 -1.32483
 0.40628 -0.752112
 0.4064 -0.139098
 0.40652 0.517889
 0.40664 1.21693
 0.40676 1.95694
 0.40688 2.73453
 0.407 3.5432
 0.40712 4.37532
 0.40724 5.22381
 0.40736 6.0817
 0.40748 6.94359
 0.4076 7.80626
 0.40772 8.66544
 0.40784 9.51339
 0.40796 10.3403
 0.40808 11.1359
 0.4082 11.8881
 0.40832 12.5795
 0.40844 13.1909
 0.40856 13.7088
 0.40868 14.123
 0.4088 14.4242
 0.40892 14.6086
 0.40904 14.6735
 0.40916 14.6167
 0.40928 14.4352
 0.4094 14.127
 0.40952 13.6907
 0.40964 13.1264
 0.40976 12.4414
 0.40988 11.6478
 0.41 10.7578
 0.41012 9.78441
 0.41024 8.74485
 0.41036 7.66679
 0.41048 6.57935
 0.4106 5.50891
 0.41072 4.48064
 0.41084 3.51704
 0.41096 2.63787
 0.41108 1.86268
 0.4112 1.21116
 0.41132 0.702698
 0.41144 0.352133
 0.41156 0.170674
 0.41168 0.162727
 0.4118 0.323547
 0.41192 0.645989
 0.41204 1.12258
 0.41216 1.74386
 0.41228 2.49348
 0.4124 3.34498
 0.41252 4.27041
 0.41264 5.24142
 0.41276 6.23171
 0.41288 7.21749
 0.413 8.17539
 0.41312 9.0821
 0.41324 9.91499
 0.41336 10.6532
 0.41348 11.2836
 0.4136 11.7946
 0.41372 12.1809
 0.41384 12.4406
 0.41396 12.5731
 0.41408 12.5803
 0.4142 12.4679
 0.41432 12.2488
 0.41444 11.9414
 0.41456 11.5653
 0.41468 11.1397
 0.4148 10.6788
 0.41492 10.1945
 0.41504 9.69865
 0.41516 9.2013
 0.41528 8.70986
 0.4154 8.22894
 0.41552 7.76066
 0.41564 7.30936
 0.41576 6.87876
 0.41588 6.47132
 0.416 6.08726
 0.41612 5.72087
 0.41624 5.36293
 0.41636 5.00148
 0.41648 4.62503
 0.4166 4.222
 0.41672 3.78327
 0.41684 3.3049
 0.41696 2.78398
 0.41708 2.21856
 0.4172 1.61103
 0.41732 0.967405
 0.41744 0.294879
 0.41756 -0.401731
 0.41768 -1.12007
 0.4178 -1.85966
 0.41792 -2.61791
 0.41804 -3.38901
 0.41816 -4.16042
 0.41828 -4.91825
 0.4184 -5.65205
 0.41852 -6.35269
 0.41864 -7.00991
 0.41876 -7.61531
 0.41888 -8.16254
 0.419 -8.64334
 0.41912 -9.04987
 0.41924 -9.37799
 0.41936 -9.62651
 0.41948 -9.79496
 0.4196 -9.88114
 0.41972 -9.88123
 0.41984 -9.79021
 0.41996 -9.60479
 0.42008 -9.3263
 0.4202 -8.96223
 0.42032 -8.51874
 0.42044 -7.99884
 0.42056 -7.4074
 0.42068 -6.75155
 0.4208 -6.03813
 0.42092 -5.27426
 0.42104 -4.47231
 0.42116 -3.64704
 0.42128 -2.81181
 0.4214 -1.97611
 0.42152 -1.14913
 0.42164 -0.341049
 0.42176 0.43722
 0.42188 1.1745
 0.422 1.86162
 0.42212 2.49548
 0.42224 3.07611
 0.42236 3.60206
 0.42248 4.07114
 0.4226 4.48362
 0.42272 4.84171
 0.42284 5.14725
 0.42296 5.40256
 0.42308 5.61505
 0.4232 5.79618
 0.42332 5.95317
 0.42344 6.08854
 0.42356 6.20503
 0.42368 6.30518
 0.4238 6.39095
 0.42392 6.46359
 0.42404 6.52226
 0.42416 6.56209
 0.42428 6.57719
 0.4244 6.56126
 0.42452 6.50843
 0.42464 6.41092
 0.42476 6.25958
 0.42488 6.04567
 0.425 5.76112
 0.42512 5.39452
 0.42524 4.93433
 0.42536 4.37715
 0.42548 3.72482
 0.4256 2.98181
 0.42572 2.15454
 0.42584 1.25236
 0.42596 0.284829
 0.42608 -0.739204
 0.4262 -1.8091
 0.42632 -2.91221
 0.42644 -4.03346
 0.42656 -5.158
 0.42668 -6.26861
 0.4268 -7.34649
 0.42692 -8.37124
 0.42704 -9.32361
 0.42716 -10.183
 0.42728 -10.9323
 0.4274 -11.5616
 0.42752 -12.0676
 0.42764 -12.4503
 0.42776 -12.7138
 0.42788 -12.8652
 0.428 -12.9087
 0.42812 -12.8444
 0.42824 -12.6741
 0.42836 -12.4027
 0.42848 -12.0372
 0.4286 -11.5848
 0.42872 -11.0551
 0.42884 -10.4604
 0.42896 -9.81465
 0.42908 -9.13071
 0.4292 -8.42247
 0.42932 -7.70195
 0.42944 -6.97748
 0.42956 -6.25336
 0.42968 -5.5319
 0.4298 -4.81227
 0.42992 -4.09325
 0.43004 -3.37967
 0.43016 -2.68067
 0.43028 -2.00298
 0.4304 -1.35117
 0.43052 -0.729154
 0.43064 -0.141087
 0.43076 0.410123
 0.43088 0.923302
 0.431 1.39566
 0.43112 1.82498
 0.43124 2.21241
 0.43136 2.56002
 0.43148 2.86895
 0.4316 3.13913
 0.43172 3.36939
 0.43184 3.55874
 0.43196 3.7082
 0.43208 3.82497
 0.4322 3.91745
 0.43232 3.99227
 0.43244 4.05343
 0.43256 4.10524
 0.43268 4.15268
 0.4328 4.20111
 0.43292 4.25661
 0.43304 4.32622
 0.43316 4.41148
 0.43328 4.5089
 0.4334 4.61347
 0.43352 4.72088
 0.43364 4.82753
 0.43376 4.92893
 0.43388 5.01825
 0.434 5.08506
 0.43412 5.11613
 0.43424 5.0984
 0.43436 5.02101
 0.43448 4.87604
 0.4346 4.655
 0.43472 4.34912
 0.43484 3.94835
 0.43496 3.44464
 0.43508 2.83708
 0.4352 2.13385
 0.43532 1.34631
 0.43544 0.485244
 0.43556 -0.439143
 0.43568 -1.41601
 0.4358 -2.43242
 0.43592 -3.47197
 0.43604 -4.51555
 0.43616 -5.54364
 0.43628 -6.53708
 0.4364 -7.47853
 0.43652 -8.35147
 0.43664 -9.1384
 0.43676 -9.8217
 0.43688 -10.3846
 0.437 -10.8177
 0.43712 -11.1239
 0.43724 -11.3104
 0.43736 -11.3822
 0.43748 -11.3415
 0.4376 -11.19
 0.43772 -10.9309
 0.43784 -10.5685
 0.43796 -10.1104
 0.43808 -9.56526
 0.4382 -8.94061
 0.43832 -8.24307
 0.43844 -7.47963
 0.43856 -6.65891
 0.43868 -5.79174
 0.4388 -4.88893
 0.43892 -3.95867
 0.43904 -3.00307
 0.43916 -2.01879
 0.43928 -1.00486
 0.4394 0.0342692
 0.43952 1.09127
 0.43964 2.15722
 0.43976 3.22216
 0.43988 4.27639
 0.44 5.31199
 0.44012 6.32052
 0.44024 7.28817
 0.44036 8.19982
 0.44048 9.04229
 0.4406 9.80594
 0.44072 10.4836
 0.44084 11.0686
 0.44096 11.5535
 0.44108 11.9307
 0.4412 12.1945
 0.44132 12.3406
 0.44144 12.3679
 0.44156 12.2773
 0.44168 12.0741
 0.4418 11.7685
 0.44192 11.3729
 0.44204 10.8997
 0.44216 10.3643
 0.44228 9.79054
 0.4424 9.20124
 0.44252 8.61547
 0.44264 8.04939
 0.44276 7.51691
 0.44288 7.03093
 0.443 6.60398
 0.44312 6.24454
 0.44324 5.96032
 0.44336 5.76094
 0.44348 5.65505
 0.4436 5.64864
 0.44372 5.73953
 0.44384 5.91675
 0.44396 6.16586
 0.44408 6.47178
 0.4442 6.81543
 0.44432 7.174
 0.44444 7.52914
 0.44456 7.86614
 0.44468 8.17168
 0.4448 8.43396
 0.44492 8.6414
 0.44504 8.78361
 0.44516 8.8533
 0.44528 8.84159
 0.4454 8.73945
 0.44552 8.54007
 0.44564 8.23996
 0.44576 7.84604
 0.44588 7.3709
 0.446 6.8282
 0.44612 6.23293
 0.44624 5.60092
 0.44636 4.94669
 0.44648 4.28049
 0.4466 3.61046
 0.44672 2.94369
 0.44684 2.28629
 0.44696 1.64436
 0.44708 1.0238
 0.4472 0.430331
 0.44732 -0.129054
 0.44744 -0.649818
 0.44756 -1.13095
 0.44768 -1.57426
 0.4478 -1.98484
 0.44792 -2.36664
 0.44804 -2.72286
 0.44816 -3.05824
 0.44828 -3.37647
 0.4484 -3.68005
 0.44852 -3.96871
 0.44864 -4.24119
 0.44876 -4.49337
 0.44888 -4.71959
 0.449 -4.91459
 0.44912 -5.07497
 0.44924 -5.19929
 0.44936 -5.28714
 0.44948 -5.33605
 0.4496 -5.3406
 0.44972 -5.29629
 0.44984 -5.20255
 0.44996 -5.06263
 0.45008 -4.88023
 0.4502 -4.65841
 0.45032 -4.39958
 0.45044 -4.10685
 0.45056 -3.78531
 0.45068 -3.4415
 0.4508 -3.08665
 0.45092 -2.73257
 0.45104 -2.38975
 0.45116 -2.06529
 0.45128 -1.7639
 0.4514 -1.4892
 0.45152 -1.24817
 0.45164 -1.04993
 0.45176 -0.900195
 0.45188 -0.799986
 0.452 -0.747896
 0.45212 -0.742476
 0.45224 -0.782707
 0.45236 -0.868682
 0.45248 -0.9993
 0.4526 -1.17097
 0.45272 -1.37746
 0.45284 -1.61019
 0.45296 -1.86235
 0.45308 -2.12951
 0.4532 -2.41088
 0.45332 -2.70404
 0.45344 -3.00311
 0.45356 -3.29475
 0.45368 -3.56616
 0.4538 -3.8112
 0.45392 -4.02688
 0.45404 -4.21065
 0.45416 -4.36009
 0.45428 -4.47358
 0.4544 -4.55026
 0.45452 -4.5914
 0.45464 -4.6019
 0.45476 -4.58807
 0.45488 -4.55577
 0.455 -4.50761
 0.45512 -4.44404
 0.45524 -4.36633
 0.45536 -4.28328
 0.45548 -4.21244
 0.4556 -4.17703
 0.45572 -4.18998
 0.45584 -4.25467
 0.45596 -4.37346
 0.45608 -4.5487
 0.4562 -4.7816
 0.45632 -5.06805
 0.45644 -5.40168
 0.45656 -5.77324
 0.45668 -6.17136
 0.4568 -6.58432
 0.45692 -7.00135
 0.45704 -7.41317
 0.45716 -7.81079
 0.45728 -8.18029
 0.4574 -8.50073
 0.45752 -8.7425
 0.45764 -8.87966
 0.45776 -8.90374
 0.45788 -8.81146
 0.458 -8.59999
 0.45812 -8.26687
 0.45824 -7.81365
 0.45836 -7.24926
 0.45848 -6.58429
 0.4586 -5.83057
 0.45872 -5.00044
 0.45884 -4.10638
 0.45896 -3.16115
 0.45908 -2.1784
 0.4592 -1.17237
 0.45932 -0.160358
 0.45944 0.835898
 0.45956 1.78896
 0.45968 2.68143
 0.4598 3.50596
 0.45992 4.25567
 0.46004 4.92386
 0.46016 5.50468
 0.46028 5.9965
 0.4604 6.40065
 0.46052 6.71815
 0.46064 6.94933
 0.46076 7.09447
 0.46088 7.15385
 0.461 7.12879
 0.46112 7.02126
 0.46124 6.83286
 0.46136 6.56672
 0.46148 6.22996
 0.4616 5.83155
 0.46172 5.37486
 0.46184 4.86181
 0.46196 4.29791
 0.46208 3.69062
 0.4622 3.04649
 0.46232 2.37056
 0.46244 1.66761
 0.46256 0.943607
 0.46268 0.205754
 0.4628 -0.538527
 0.46292 -1.28189
 0.46304 -2.01707
 0.46316 -2.73486
 0.46328 -3.42518
 0.4634 -4.0796
 0.46352 -4.69202
 0.46364 -5.25683
 0.46376 -5.7686
 0.46388 -6.22357
 0.464 -6.62711
 0.46412 -6.98707
 0.46424 -7.30945
 0.46436 -7.59715
 0.46448 -7.85034
 0.4646 -8.06964
 0.46472 -8.2567
 0.46484 -8.41312
 0.46496 -8.54048
 0.46508 -8.64166
 0.4652 -8.72316
 0.46532 -8.79182
 0.46544 -8.8533
 0.46556 -8.91254
 0.46568 -8.97255
 0.4658 -9.03566
 0.46592 -9.09954
 0.46604 -9.15223
 0.46616 -9.18074
 0.46628 -9.17624
 0.4664 -9.13589
 0.46652 -9.06102
 0.46664 -8.95285
 0.46676 -8.81183
 0.46688 -8.63834
 0.467 -8.43274
 0.46712 -8.19448
 0.46724 -7.92192
 0.46736 -7.61353
 0.46748 -7.26839
 0.4676 -6.88705
 0.46772 -6.47491
 0.46784 -6.03724
 0.46796 -5.58631
 0.46808 -5.13973
 0.4682 -4.71607
 0.46832 -4.32901
 0.46844 -3.9871
 0.46856 -3.69688
 0.46868 -3.46455
 0.4688 -3.29814
 0.46892 -3.20631
 0.46904 -3.19728
 0.46916 -3.27556
 0.46928 -3.44395
 0.4694 -3.70512
 0.46952 -4.0614
 0.46964 -4.50848
 0.46976 -5.03463
 0.46988 -5.62761
 0.47 -6.26996
 0.47012 -6.94064
 0.47024 -7.61779
 0.47036 -8.28381
 0.47048 -8.92347
 0.4706 -9.52232
 0.47072 -10.0658
 0.47084 -10.5356
 0.47096 -10.912
 0.47108 -11.1769
 0.4712 -11.3191
 0.47132 -11.3289
 0.47144 -11.1966
 0.47156 -10.9132
 0.47168 -10.481
 0.4718 -9.90725
 0.47192 -9.19982
 0.47204 -8.3709
 0.47216 -7.4369
 0.47228 -6.41309
 0.4724 -5.31183
 0.47252 -4.14465
 0.47264 -2.92242
 0.47276 -1.65819
 0.47288 -0.368739
 0.473 0.925143
 0.47312 2.20323
 0.47324 3.45012
 0.47336 4.65098
 0.47348 5.78954
 0.4736 6.85063
 0.47372 7.82585
 0.47384 8.7079
 0.47396 9.49046
 0.47408 10.1732
 0.4742 10.7587
 0.47432 11.2478
 0.47444 11.6396
 0.47456 11.933
 0.47468 12.1266
 0.4748 12.221
 0.47492 12.2192
 0.47504 12.1324
 0.47516 11.9723
 0.47528 11.7491
 0.4754 11.4731
 0.47552 11.1571
 0.47564 10.8135
 0.47576 10.4533
 0.47588 10.0878
 0.476 9.72731
 0.47612 9.377
 0.47624 9.03961
 0.47636 8.71917
 0.47648 8.42045
 0.4766 8.14843
 0.47672 7.90923
 0.47684 7.71008
 0.47696 7.55522
 0.47708 7.44042
 0.4772 7.35975
 0.47732 7.30607
 0.47744 7.2715
 0.47756 7.24736
 0.47768 7.22536
 0.4778 7.19738
 0.47792 7.15471
 0.47804 7.08869
 0.47816 6.99533
 0.47828 6.87242
 0.4784 6.7168
 0.47852 6.52443
 0.47864 6.29014
 0.47876 6.00592
 0.47888 5.6618
 0.479 5.25149
 0.47912 4.77619
 0.47924 4.24196
 0.47936 3.65868
 0.47948 3.03653
 0.4796 2.38492
 0.47972 1.71255
 0.47984 1.02766
 0.47996 0.339212
 0.48008 -0.345145
 0.4802 -1.02093
 0.48032 -1.68228
 0.48044 -2.3224
 0.48056 -2.9319
 0.48068 -3.49874
 0.4808 -4.00818
 0.48092 -4.44453
 0.48104 -4.79651
 0.48116 -5.05995
 0.48128 -5.23782
 0.4814 -5.33617
 0.48152 -5.36084
 0.48164 -5.31665
 0.48176 -5.20717
 0.48188 -5.03676
 0.482 -4.81139
 0.48212 -4.53617
 0.48224 -4.21694
 0.48236 -3.86296
 0.48248 -3.48275
 0.4826 -3.08809
 0.48272 -2.69424
 0.48284 -2.31839
 0.48296 -1.97789
 0.48308 -1.68556
 0.4832 -1.44827
 0.48332 -1.26893
 0.48344 -1.14985
 0.48356 -1.09417
 0.48368 -1.10704
 0.4838 -1.19313
 0.48392 -1.35047
 0.48404 -1.57303
 0.48416 -1.85285
 0.48428 -2.17955
 0.4844 -2.54172
 0.48452 -2.93201
 0.48464 -3.34101
 0.48476 -3.75554
 0.48488 -4.16126
 0.485 -4.54434
 0.48512 -4.89429
 0.48524 -5.20331
 0.48536 -5.46384
 0.48548 -5.66763
 0.4856 -5.80374
 0.48572 -5.86078
 0.48584 -5.83296
 0.48596 -5.72517
 0.48608 -5.54577
 0.4862 -5.30632
 0.48632 -5.01968
 0.48644 -4.69649
 0.48656 -4.34379
 0.48668 -3.97
 0.4868 -3.5852
 0.48692 -3.19929
 0.48704 -2.82185
 0.48716 -2.46106
 0.48728 -2.12463
 0.4874 -1.82084
 0.48752 -1.55968
 0.48764 -1.35178
 0.48776 -1.20378
 0.48788 -1.11527
 0.488 -1.08091
 0.48812 -1.09519
 0.48824 -1.1518
 0.48836 -1.24428
 0.48848 -1.36732
 0.4886 -1.5173
 0.48872 -1.6906
 0.48884 -1.88536
 0.48896 -2.1008
 0.48908 -2.33538
 0.4892 -2.58774
 0.48932 -2.85662
 0.48944 -3.1399
 0.48956 -3.43531
 0.48968 -3.7451
 0.4898 -4.07507
 0.48992 -4.43221
 0.49004 -4.82076
 0.49016 -5.23949
 0.49028 -5.68373
 0.4904 -6.14977
 0.49052 -6.63265
 0.49064 -7.1252
 0.49076 -7.61937
 0.49088 -8.10435
 0.491 -8.56911
 0.49112 -9.00349
 0.49124 -9.39687
 0.49136 -9.73874
 0.49148 -10.0189
 0.4916 -10.2252
 0.49172 -10.3418
 0.49184 -10.3546
 0.49196 -10.2543
 0.49208 -10.0394
 0.4922 -9.71628
 0.49232 -9.29501
 0.49244 -8.78465
 0.49256 -8.19644
 0.49268 -7.54096
 0.4928 -6.82735
 0.49292 -6.06313
 0.49304 -5.25576
 0.49316 -4.41477
 0.49328 -3.55053
 0.4934 -2.67349
 0.49352 -1.79454
 0.49364 -0.927432
 0.49376 -0.0869493
 0.49388 0.716894
 0.494 1.4811
 0.49412 2.20831
 0.49424 2.90495
 0.49436 3.57871
 0.49448 4.2354
 0.4946 4.87661
 0.49472 5.49882
 0.49484 6.08968
 0.49496 6.63218
 0.49508 7.11141
 0.4952 7.5156
 0.49532 7.83284
 0.49544 8.05163
 0.49556 8.16433
 0.49568 8.17029
 0.4958 8.06927
 0.49592 7.85778
 0.49604 7.52918
 0.49616 7.07616
 0.49628 6.49123
 0.4964 5.76737
 0.49652 4.9034
 0.49664 3.90775
 0.49676 2.79648
 0.49688 1.59833
 0.497 0.344789
 0.49712 -0.934814
 0.49724 -2.21007
 0.49736 -3.44958
 0.49748 -4.62354
 0.4976 -5.7121
 0.49772 -6.70208
 0.49784 -7.58114
 0.49796 -8.33733
 0.49808 -8.95854
 0.4982 -9.43338
 0.49832 -9.7518
 0.49844 -9.90527
 0.49856 -9.89047
 0.49868 -9.71078
 0.4988 -9.37618
 0.49892 -8.90627
 0.49904 -8.32186
 0.49916 -7.64385
 0.49928 -6.89656
 0.4994 -6.10412
 0.49952 -5.2862
 0.49964 -4.45404
 0.49976 -3.61639
 0.49988 -2.78045
 0.5 -1.95247
 0.50012 -1.1388
 0.50024 -0.344189
 0.50036 0.429942
 0.50048 1.18195
 0.5006 1.90965
 0.50072 2.61184
 0.50084 3.29018
 0.50096 3.95252
 0.50108 4.60636
 0.5012 5.25797
 0.50132 5.91524
 0.50144 6.58403
 0.50156 7.26549
 0.50168 7.95794
 0.5018 8.65896
 0.50192 9.36509
 0.50204 10.0733
 0.50216 10.7801
 0.50228 11.4778
 0.5024 12.1552
 0.50252 12.8044
 0.50264 13.4207
 0.50276 14.0001
 0.50288 14.5382
 0.503 15.029
 0.50312 15.469
 0.50324 15.8575
 0.50336 16.1924
 0.50348 16.4728
 0.5036 16.6975
 0.50372 16.8663
 0.50384 16.9787
 0.50396 17.0345
 0.50408 17.0321
 0.5042 16.9714
 0.50432 16.8591
 0.50444 16.7023
 0.50456 16.5044
 0.50468 16.2669
 0.5048 15.9911
 0.50492 15.6761
 0.50504 15.3198
 0.50516 14.9171
 0.50528 14.4634
 0.5054 13.9557
 0.50552 13.3945
 0.50564 12.7831
 0.50576 12.1248
 0.50588 11.4233
 0.506 10.6822
 0.50612 9.90787
 0.50624 9.10268
 0.50636 8.26443
 0.50648 7.39261
 0.5066 6.49194
 0.50672 5.57125
 0.50684 4.64034
 0.50696 3.71374
 0.50708 2.80815
 0.5072 1.93931
 0.50732 1.12106
 0.50744 0.366187
 0.50756 -0.316756
 0.50768 -0.920632
 0.5078 -1.4386
 0.50792 -1.86413
 0.50804 -2.1921
 0.50816 -2.41903
 0.50828 -2.53817
 0.5084 -2.54176
 0.50852 -2.42597
 0.50864 -2.19503
 0.50876 -1.85904
 0.50888 -1.43063
 0.509 -0.929458
 0.50912 -0.375692
 0.50924 0.213816
 0.50936 0.823137
 0.50948 1.43678
 0.5096 2.04035
 0.50972 2.61919
 0.50984 3.15771
 0.50996 3.64043
 0.51008 4.0544
 0.5102 4.38703
 0.51032 4.62453
 0.51044 4.75354
 0.51056 4.7646
 0.51068 4.65446
 0.5108 4.4224
 0.51092 4.07247
 0.51104 3.61322
 0.51116 3.05228
 0.51128 2.39586
 0.5114 1.65048
 0.51152 0.823
 0.51164 -0.079526
 0.51176 -1.04634
 0.51188 -2.06181
 0.512 -3.10845
 0.51212 -4.17068
 0.51224 -5.23258
 0.51236 -6.27565
 0.51248 -7.28026
 0.5126 -8.22855
 0.51272 -9.10436
 0.51284 -9.89228
 0.51296 -10.5802
 0.51308 -11.1551
 0.5132 -11.6057
 0.51332 -11.923
 0.51344 -12.1
 0.51356 -12.1305
 0.51368 -12.0094
 0.5138 -11.7392
 0.51392 -11.329
 0.51404 -10.7909
 0.51416 -10.1365
 0.51428 -9.3791
 0.5144 -8.53761
 0.51452 -7.6324
 0.51464 -6.68242
 0.51476 -5.70588
 0.51488 -4.72066
 0.515 -3.74497
 0.51512 -2.79776
 0.51524 -1.89492
 0.51536 -1.04827
 0.51548 -0.267701
 0.5156 0.437226
 0.51572 1.05883
 0.51584 1.59408
 0.51596 2.0424
 0.51608 2.4041
 0.5162 2.67936
 0.51632 2.87142
 0.51644 2.9883
 0.51656 3.03895
 0.51668 3.03036
 0.5168 2.96866
 0.51692 2.86013
 0.51704 2.71134
 0.51716 2.53029
 0.51728 2.324
 0.5174 2.09817
 0.51752 1.85883
 0.51764 1.61236
 0.51776 1.36518
 0.51788 1.12476
 0.518 0.900896
 0.51812 0.703357
 0.51824 0.542082
 0.51836 0.424987
 0.51848 0.35452
 0.5186 0.330336
 0.51872 0.353189
 0.51884 0.424455
 0.51896 0.545421
 0.51908 0.716835
 0.5192 0.935106
 0.51932 1.19593
 0.51944 1.49401
 0.51956 1.82286
 0.51968 2.17537
 0.5198 2.54203
 0.51992 2.90918
 0.52004 3.26224
 0.52016 3.58759
 0.52028 3.87133
 0.5204 4.1021
 0.52052 4.27815
 0.52064 4.40095
 0.52076 4.47181
 0.52088 4.49197
 0.521 4.46306
 0.52112 4.3895
 0.52124 4.2789
 0.52136 4.13779
 0.52148 3.97226
 0.5216 3.78799
 0.52172 3.59146
 0.52184 3.39532
 0.52196 3.21549
 0.52208 3.06515
 0.5222 2.95577
 0.52232 2.89857
 0.52244 2.89887
 0.52256 2.95429
 0.52268 3.06077
 0.5228 3.21484
 0.52292 3.41297
 0.52304 3.64863
 0.52316 3.91162
 0.52328 4.19153
 0.5234 4.48167
 0.52352 4.77691
 0.52364 5.07422
 0.52376 5.36688
 0.52388 5.64138
 0.524 5.88451
 0.52412 6.08815
 0.52424 6.24693
 0.52436 6.35668
 0.52448 6.41851
 0.5246 6.4355
 0.52472 6.4096
 0.52484 6.34046
 0.52496 6.22849
 0.52508 6.07978
 0.5252 5.90288
 0.52532 5.70606
 0.52544 5.49473
 0.52556 5.27286
 0.52568 5.04279
 0.5258 4.812
 0.52592 4.58985
 0.52604 4.38343
 0.52616 4.19289
 0.52628 4.01599
 0.5264 3.84964
 0.52652 3.69045
 0.52664 3.53682
 0.52676 3.38954
 0.52688 3.25095
 0.527 3.12167
 0.52712 2.99864
 0.52724 2.87684
 0.52736 2.74956
 0.52748 2.61187
 0.5276 2.46105
 0.52772 2.29391
 0.52784 2.10436
 0.52796 1.88682
 0.52808 1.63844
 0.5282 1.36244
 0.52832 1.06333
 0.52844 0.744979
 0.52856 0.408367
 0.52868 0.0539242
 0.5288 -0.315944
 0.52892 -0.698105
 0.52904 -1.08859
 0.52916 -1.48309
 0.52928 -1.87508
 0.5294 -2.25552
 0.52952 -2.61844
 0.52964 -2.95967
 0.52976 -3.27256
 0.52988 -3.5488
 0.53 -3.78033
 0.53012 -3.9616
 0.53024 -4.09119
 0.53036 -4.16812
 0.53048 -4.19054
 0.5306 -4.15452
 0.53072 -4.0607
 0.53084 -3.91448
 0.53096 -3.72157
 0.53108 -3.48686
 0.5312 -3.21415
 0.53132 -2.90867
 0.53144 -2.57715
 0.53156 -2.22306
 0.53168 -1.85125
 0.5318 -1.47101
 0.53192 -1.09266
 0.53204 -0.726366
 0.53216 -0.379933
 0.53228 -0.0592223
 0.5324 0.229979
 0.53252 0.48147
 0.53264 0.689629
 0.53276 0.854104
 0.53288 0.976635
 0.533 1.05638
 0.53312 1.08982
 0.53324 1.07229
 0.53336 0.999907
 0.53348 0.869119
 0.5336 0.676349
 0.53372 0.425295
 0.53384 0.123885
 0.53396 -0.219626
 0.53408 -0.597342
 0.5342 -1.00288
 0.53432 -1.43029
 0.53444 -1.87364
 0.53456 -2.32832
 0.53468 -2.79353
 0.5348 -3.27081
 0.53492 -3.76119
 0.53504 -4.26006
 0.53516 -4.76012
 0.53528 -5.25314
 0.5354 -5.73247
 0.53552 -6.19332
 0.53564 -6.63761
 0.53576 -7.07481
 0.53588 -7.51576
 0.536 -7.97135
 0.53612 -8.45211
 0.53624 -8.96802
 0.53636 -9.52903
 0.53648 -10.1444
 0.5366 -10.8145
 0.53672 -11.533
 0.53684 -12.2928
 0.53696 -13.0873
 0.53708 -13.914
 0.5372 -14.7715
 0.53732 -15.6582
 0.53744 -16.5689
 0.53756 -17.4874
 0.53768 -18.3899
 0.5378 -19.2533
 0.53792 -20.0545
 0.53804 -20.7707
 0.53816 -21.3789
 0.53828 -21.8565
 0.5384 -22.1807
 0.53852 -22.3334
 0.53864 -22.3119
 0.53876 -22.1179
 0.53888 -21.7542
 0.539 -21.2263
 0.53912 -20.5397
 0.53924 -19.7002
 0.53936 -18.714
 0.53948 -17.5965
 0.5396 -16.3795
 0.53972 -15.0931
 0.53984 -13.7631
 0.53996 -12.4156
 0.54008 -11.0765
 0.5402 -9.77153
 0.54032 -8.52612
 0.54044 -7.36474
 0.54056 -6.30301
 0.54068 -5.34754
 0.5408 -4.50373
 0.54092 -3.77433
 0.54104 -3.15828
 0.54116 -2.65242
 0.54128 -2.25402
 0.5414 -1.95944
 0.54152 -1.75504
 0.54164 -1.61977
 0.54176 -1.53772
 0.54188 -1.49398
 0.542 -1.47288
 0.54212 -1.45982
 0.54224 -1.4409
 0.54236 -1.40194
 0.54248 -1.33187
 0.5426 -1.22639
 0.54272 -1.08257
 0.54284 -0.899801
 0.54296 -0.678271
 0.54308 -0.418116
 0.5432 -0.120911
 0.54332 0.212786
 0.54344 0.578977
 0.54356 0.970343
 0.54368 1.37784
 0.5438 1.79325
 0.54392 2.2065
 0.54404 2.60763
 0.54416 2.98838
 0.54428 3.33984
 0.5444 3.65138
 0.54452 3.91524
 0.54464 4.12589
 0.54476 4.27938
 0.54488 4.37406
 0.545 4.40411
 0.54512 4.35918
 0.54524 4.22909
 0.54536 4.00676
 0.54548 3.69174
 0.5456 3.28574
 0.54572 2.7953
 0.54584 2.22828
 0.54596 1.59368
 0.54608 0.899404
 0.5462 0.152559
 0.54632 -0.636115
 0.54644 -1.45302
 0.54656 -2.28389
 0.54668 -3.11284
 0.5468 -3.92603
 0.54692 -4.70962
 0.54704 -5.44315
 0.54716 -6.10032
 0.54728 -6.65747
 0.5474 -7.09824
 0.54752 -7.41454
 0.54764 -7.60588
 0.54776 -7.67746
 0.54788 -7.63429
 0.548 -7.48083
 0.54812 -7.21991
 0.54824 -6.85516
 0.54836 -6.3952
 0.54848 -5.85228
 0.5486 -5.24364
 0.54872 -4.59007
 0.54884 -3.91202
 0.54896 -3.22904
 0.54908 -2.56624
 0.5492 -1.94951
 0.54932 -1.40046
 0.54944 -0.93464
 0.54956 -0.557195
 0.54968 -0.263053
 0.5498 -0.0457887
 0.54992 0.0998276
 0.55004 0.177379
 0.55016 0.189121
 0.55028 0.139287
 0.5504 0.0366453
 0.55052 -0.107327
 0.55064 -0.275621
 0.55076 -0.448476
 0.55088 -0.606937
 0.551 -0.735151
 0.55112 -0.81744
 0.55124 -0.84106
 0.55136 -0.795326
 0.55148 -0.674189
 0.5516 -0.482965
 0.55172 -0.231751
 0.55184 0.071172
 0.55196 0.419125
 0.55208 0.80717
 0.5522 1.22874
 0.55232 1.67341
 0.55244 2.12891
 0.55256 2.5823
 0.55268 3.01761
 0.5528 3.41805
 0.55292 3.76823
 0.55304 4.05579
 0.55316 4.2716
 0.55328 4.40792
 0.5534 4.45838
 0.55352 4.42121
 0.55364 4.29997
 0.55376 4.09785
 0.55388 3.81441
 0.554 3.44629
 0.55412 2.98983
 0.55424 2.44979
 0.55436 1.83582
 0.55448 1.15748
 0.5546 0.425136
 0.55472 -0.34923
 0.55484 -1.15434
 0.55496 -1.97839
 0.55508 -2.80888
 0.5552 -3.63454
 0.55532 -4.44487
 0.55544 -5.23262
 0.55556 -5.99305
 0.55568 -6.72182
 0.5558 -7.41095
 0.55592 -8.04675
 0.55604 -8.61162
 0.55616 -9.09086
 0.55628 -9.48284
 0.5564 -9.78906
 0.55652 -10.012
 0.55664 -10.1561
 0.55676 -10.2265
 0.55688 -10.2273
 0.557 -10.1661
 0.55712 -10.0535
 0.55724 -9.89995
 0.55736 -9.71335
 0.55748 -9.49828
 0.5576 -9.25813
 0.55772 -8.99706
 0.55784 -8.72474
 0.55796 -8.45591
 0.55808 -8.2086
 0.5582 -7.99591
 0.55832 -7.82112
 0.55844 -7.68599
 0.55856 -7.59163
 0.55868 -7.53895
 0.5588 -7.52965
 0.55892 -7.56545
 0.55904 -7.64387
 0.55916 -7.76091
 0.55928 -7.91352
 0.5594 -8.09824
 0.55952 -8.31148
 0.55964 -8.5502
 0.55976 -8.81099
 0.55988 -9.0892
 0.56 -9.37606
 0.56012 -9.6601
 0.56024 -9.93408
 0.56036 -10.1958
 0.56048 -10.4431
 0.5606 -10.6706
 0.56072 -10.8679
 0.56084 -11.0237
 0.56096 -11.1271
 0.56108 -11.1696
 0.5612 -11.1408
 0.56132 -11.033
 0.56144 -10.8475
 0.56156 -10.5884
 0.56168 -10.2595
 0.5618 -9.86224
 0.56192 -9.39613
 0.56204 -8.86565
 0.56216 -8.2766
 0.56228 -7.63169
 0.5624 -6.93156
 0.56252 -6.17806
 0.56264 -5.38078
 0.56276 -4.55663
 0.56288 -3.7244
 0.563 -2.90405
 0.56312 -2.11696
 0.56324 -1.38632
 0.56336 -0.725819
 0.56348 -0.138894
 0.5636 0.372941
 0.56372 0.807955
 0.56384 1.16103
 0.56396 1.42689
 0.56408 1.6027
 0.5642 1.68577
 0.56432 1.6709
 0.56444 1.55115
 0.56456 1.32133
 0.56468 0.984182
 0.5648 0.550329
 0.56492 0.0354489
 0.56504 -0.541498
 0.56516 -1.15955
 0.56528 -1.7993
 0.5654 -2.4488
 0.56552 -3.09983
 0.56564 -3.74661
 0.56576 -4.38307
 0.56588 -5.00131
 0.566 -5.59174
 0.56612 -6.14531
 0.56624 -6.65399
 0.56636 -7.10608
 0.56648 -7.48815
 0.5666 -7.78881
 0.56672 -8.00338
 0.56684 -8.13514
 0.56696 -8.1932
 0.56708 -8.18845
 0.5672 -8.13158
 0.56732 -8.03137
 0.56744 -7.89622
 0.56756 -7.73244
 0.56768 -7.544
 0.5678 -7.33493
 0.56792 -7.11112
 0.56804 -6.88218
 0.56816 -6.65326
 0.56828 -6.42744
 0.5684 -6.21139
 0.56852 -6.01205
 0.56864 -5.83406
 0.56876 -5.67756
 0.56888 -5.53814
 0.569 -5.4098
 0.56912 -5.28666
 0.56924 -5.1643
 0.56936 -5.03922
 0.56948 -4.90856
 0.5696 -4.7702
 0.56972 -4.62247
 0.56984 -4.46463
 0.56996 -4.2931
 0.57008 -4.10344
 0.5702 -3.89923
 0.57032 -3.68518
 0.57044 -3.46444
 0.57056 -3.24066
 0.57068 -3.01851
 0.5708 -2.80373
 0.57092 -2.60168
 0.57104 -2.41539
 0.57116 -2.24679
 0.57128 -2.0954
 0.5714 -1.95918
 0.57152 -1.83499
 0.57164 -1.7234
 0.57176 -1.62521
 0.57188 -1.54062
 0.572 -1.47163
 0.57212 -1.41809
 0.57224 -1.37511
 0.57236 -1.33759
 0.57248 -1.30094
 0.5726 -1.26091
 0.57272 -1.21361
 0.57284 -1.15608
 0.57296 -1.08904
 0.57308 -1.01645
 0.5732 -0.945154
 0.57332 -0.884648
 0.57344 -0.844683
 0.57356 -0.832163
 0.57368 -0.847076
 0.5738 -0.88895
 0.57392 -0.957336
 0.57404 -1.0515
 0.57416 -1.17198
 0.57428 -1.32028
 0.5744 -1.49796
 0.57452 -1.70604
 0.57464 -1.94532
 0.57476 -2.21501
 0.57488 -2.51211
 0.575 -2.82944
 0.57512 -3.15726
 0.57524 -3.48149
 0.57536 -3.78692
 0.57548 -4.05914
 0.5756 -4.29033
 0.57572 -4.47805
 0.57584 -4.6196
 0.57596 -4.71243
 0.57608 -4.7541
 0.5762 -4.74272
 0.57632 -4.67665
 0.57644 -4.55471
 0.57656 -4.37607
 0.57668 -4.14026
 0.5768 -3.84997
 0.57692 -3.51143
 0.57704 -3.13359
 0.57716 -2.72708
 0.57728 -2.30585
 0.5774 -1.88429
 0.57752 -1.47636
 0.57764 -1.09089
 0.57776 -0.73765
 0.57788 -0.427081
 0.578 -0.169446
 0.57812 0.0261046
 0.57824 0.153716
 0.57836 0.208476
 0.57848 0.188124
 0.5786 0.0918698
 0.57872 -0.0786408
 0.57884 -0.317719
 0.57896 -0.616433
 0.57908 -0.964689
 0.5792 -1.34979
 0.57932 -1.757
 0.57944 -2.17104
 0.57956 -2.57691
 0.57968 -2.95963
 0.5798 -3.30067
 0.57992 -3.58124
 0.58004 -3.78279
 0.58016 -3.89022
 0.58028 -3.89256
 0.5804 -3.78054
 0.58052 -3.55031
 0.58064 -3.20209
 0.58076 -2.73938
 0.58088 -2.16938
 0.581 -1.50111
 0.58112 -0.748017
 0.58124 0.0686511
 0.58136 0.926939
 0.58148 1.80475
 0.5816 2.68047
 0.58172 3.53178
 0.58184 4.3351
 0.58196 5.06693
 0.58208 5.70435
 0.5822 6.22756
 0.58232 6.61862
 0.58244 6.86162
 0.58256 6.9458
 0.58268 6.86417
 0.5828 6.61253
 0.58292 6.19109
 0.58304 5.6039
 0.58316 4.86832
 0.58328 4.00949
 0.5834 3.05037
 0.58352 2.01318
 0.58364 0.919215
 0.58376 -0.211506
 0.58388 -1.35906
 0.584 -2.5038
 0.58412 -3.6253
 0.58424 -4.70298
 0.58436 -5.71637
 0.58448 -6.64516
 0.5846 -7.47083
 0.58472 -8.17621
 0.58484 -8.74812
 0.58496 -9.1783
 0.58508 -9.4664
 0.5852 -9.62477
 0.58532 -9.66689
 0.58544 -9.60198
 0.58556 -9.43898
 0.58568 -9.18677
 0.5858 -8.85365
 0.58592 -8.44801
 0.58604 -7.97747
 0.58616 -7.45346
 0.58628 -6.88956
 0.5864 -6.30125
 0.58652 -5.70567
 0.58664 -5.12047
 0.58676 -4.56311
 0.58688 -4.04748
 0.587 -3.58476
 0.58712 -3.18091
 0.58724 -2.83686
 0.58736 -2.55476
 0.58748 -2.33928
 0.5876 -2.19238
 0.58772 -2.11479
 0.58784 -2.10568
 0.58796 -2.16471
 0.58808 -2.29344
 0.5882 -2.48911
 0.58832 -2.74517
 0.58844 -3.05357
 0.58856 -3.40761
 0.58868 -3.79855
 0.5888 -4.21704
 0.58892 -4.65464
 0.58904 -5.10305
 0.58916 -5.55382
 0.58928 -6.00225
 0.5894 -6.44303
 0.58952 -6.87287
 0.58964 -7.29189
 0.58976 -7.70157
 0.58988 -8.10596
 0.59 -8.50654
 0.59012 -8.90223
 0.59024 -9.29477
 0.59036 -9.6887
 0.59048 -10.0831
 0.5906 -10.4699
 0.59072 -10.8448
 0.59084 -11.2041
 0.59096 -11.5443
 0.59108 -11.8635
 0.5912 -12.1596
 0.59132 -12.4281
 0.59144 -12.664
 0.59156 -12.8594
 0.59168 -13.0049
 0.5918 -13.0899
 0.59192 -13.103
 0.59204 -13.0364
 0.59216 -12.8843
 0.59228 -12.64
 0.5924 -12.2975
 0.59252 -11.8657
 0.59264 -11.3595
 0.59276 -10.792
 0.59288 -10.1752
 0.593 -9.51953
 0.59312 -8.83499
 0.59324 -8.1318
 0.59336 -7.42142
 0.59348 -6.71808
 0.5936 -6.03627
 0.59372 -5.39124
 0.59384 -4.79921
 0.59396 -4.27355
 0.59408 -3.82446
 0.5942 -3.46083
 0.59432 -3.19072
 0.59444 -3.01753
 0.59456 -2.93257
 0.59468 -2.92521
 0.5948 -2.98519
 0.59492 -3.10421
 0.59504 -3.27567
 0.59516 -3.49228
 0.59528 -3.74565
 0.5954 -4.02326
 0.59552 -4.30842
 0.59564 -4.58728
 0.59576 -4.84446
 0.59588 -5.06546
 0.596 -5.24025
 0.59612 -5.36038
 0.59624 -5.41728
 0.59636 -5.40381
 0.59648 -5.31665
 0.5966 -5.15578
 0.59672 -4.92144
 0.59684 -4.61358
 0.59696 -4.23048
 0.59708 -3.77006
 0.5972 -3.23257
 0.59732 -2.61994
 0.59744 -1.94179
 0.59756 -1.20792
 0.59768 -0.42514
 0.5978 0.398613
 0.59792 1.2573
 0.59804 2.14713
 0.59816 3.06272
 0.59828 3.99025
 0.5984 4.91284
 0.59852 5.81426
 0.59864 6.67846
 0.59876 7.48935
 0.59888 8.23071
 0.599 8.88586
 0.59912 9.43871
 0.59924 9.87501
 0.59936 10.1823
 0.59948 10.3534
 0.5996 10.3784
 0.59972 10.2466
 0.59984 9.94747
 0.59996 9.47029
 0.60008 8.80414
 0.6002 7.94637
 0.60032 6.91685
 0.60044 5.74401
 0.60056 4.45643
 0.60068 3.08214
 0.6008 1.64845
 0.60092 0.1826
 0.60104 -1.28815
 0.60116 -2.73668
 0.60128 -4.13557
 0.6014 -5.45962
 0.60152 -6.68465
 0.60164 -7.78544
 0.60176 -8.73728
 0.60188 -9.51668
 0.602 -10.101
 0.60212 -10.4687
 0.60224 -10.6107
 0.60236 -10.5463
 0.60248 -10.3003
 0.6026 -9.8976
 0.60272 -9.36011
 0.60284 -8.70836
 0.60296 -7.96286
 0.60308 -7.14415
 0.6032 -6.27456
 0.60332 -5.37847
 0.60344 -4.47776
 0.60356 -3.59472
 0.60368 -2.75173
 0.6038 -1.9694
 0.60392 -1.26576
 0.60404 -0.65646
 0.60416 -0.156599
 0.60428 0.229103
 0.6044 0.51361
 0.60452 0.710183
 0.60464 0.831254
 0.60476 0.886647
 0.60488 0.885669
 0.605 0.837851
 0.60512 0.753332
 0.60524 0.646917
 0.60536 0.535247
 0.60548 0.433858
 0.6056 0.358349
 0.60572 0.324257
 0.60584 0.345544
 0.60596 0.431092
 0.60608 0.585424
 0.6062 0.813169
 0.60632 1.11215
 0.60644 1.47522
 0.60656 1.89641
 0.60668 2.36844
 0.6068 2.88268
 0.60692 3.43001
 0.60704 3.99978
 0.60716 4.57887
 0.60728 5.1488
 0.6074 5.69007
 0.60752 6.1831
 0.60764 6.61004
 0.60776 6.95195
 0.60788 7.19119
 0.608 7.31771
 0.60812 7.32555
 0.60824 7.21099
 0.60836 6.97459
 0.60848 6.61611
 0.6086 6.13651
 0.60872 5.54099
 0.60884 4.83709
 0.60896 4.03403
 0.60908 3.14498
 0.6092 2.18658
 0.60932 1.17873
 0.60944 0.141918
 0.60956 -0.904409
 0.60968 -1.94221
 0.6098 -2.9512
 0.60992 -3.91344
 0.61004 -4.81584
 0.61016 -5.64848
 0.61028 -6.40526
 0.6104 -7.07904
 0.61052 -7.66326
 0.61064 -8.15416
 0.61076 -8.55158
 0.61088 -8.85818
 0.611 -9.0805
 0.61112 -9.22804
 0.61124 -9.31202
 0.61136 -9.34462
 0.61148 -9.33717
 0.6116 -9.29958
 0.61172 -9.24349
 0.61184 -9.18475
 0.61196 -9.13865
 0.61208 -9.11893
 0.6122 -9.13463
 0.61232 -9.19444
 0.61244 -9.30873
 0.61256 -9.4847
 0.61268 -9.72671
 0.6128 -10.034
 0.61292 -10.3996
 0.61304 -10.8139
 0.61316 -11.2688
 0.61328 -11.7556
 0.6134 -12.266
 0.61352 -12.7935
 0.61364 -13.3311
 0.61376 -13.8653
 0.61388 -14.3735
 0.614 -14.8321
 0.61412 -15.2203
 0.61424 -15.5228
 0.61436 -15.7256
 0.61448 -15.8172
 0.6146 -15.7907
 0.61472 -15.6433
 0.61484 -15.3803
 0.61496 -15.0128
 0.61508 -14.5485
 0.6152 -13.9934
 0.61532 -13.3547
 0.61544 -12.6383
 0.61556 -11.8501
 0.61568 -10.9991
 0.6158 -10.1055
 0.61592 -9.19774
 0.61604 -8.30403
 0.61616 -7.44906
 0.61628 -6.65214
 0.6164 -5.92659
 0.61652 -5.28095
 0.61664 -4.71857
 0.61676 -4.23878
 0.61688 -3.83463
 0.617 -3.49985
 0.61712 -3.23244
 0.61724 -3.02937
 0.61736 -2.88755
 0.61748 -2.80453
 0.6176 -2.77549
 0.61772 -2.79079
 0.61784 -2.83255
 0.61796 -2.88073
 0.61808 -2.9148
 0.6182 -2.91528
 0.61832 -2.86707
 0.61844 -2.75985
 0.61856 -2.5875
 0.61868 -2.34707
 0.6188 -2.03962
 0.61892 -1.66897
 0.61904 -1.23593
 0.61916 -0.74119
 0.61928 -0.186888
 0.6194 0.425775
 0.61952 1.09554
 0.61964 1.81799
 0.61976 2.58708
 0.61988 3.39641
 0.62 4.23933
 0.62012 5.10412
 0.62024 5.97526
 0.62036 6.83886
 0.62048 7.6821
 0.6206 8.49248
 0.62072 9.25954
 0.62084 9.97969
 0.62096 10.6505
 0.62108 11.2686
 0.6212 11.8337
 0.62132 12.346
 0.62144 12.8055
 0.62156 13.2122
 0.62168 13.5661
 0.6218 13.8606
 0.62192 14.0857
 0.62204 14.2335
 0.62216 14.3065
 0.62228 14.3117
 0.6224 14.2559
 0.62252 14.1476
 0.62264 13.9983
 0.62276 13.815
 0.62288 13.5986
 0.623 13.3492
 0.62312 13.0669
 0.62324 12.7492
 0.62336 12.3929
 0.62348 11.9953
 0.6236 11.5529
 0.62372 11.0679
 0.62384 10.5533
 0.62396 10.023
 0.62408 9.48595
 0.6242 8.94393
 0.62432 8.39735
 0.62444 7.84626
 0.62456 7.28725
 0.62468 6.71482
 0.6248 6.12758
 0.62492 5.52839
 0.62504 4.92026
 0.62516 4.30278
 0.62528 3.67462
 0.6254 3.03376
 0.62552 2.37872
 0.62564 1.70985
 0.62576 1.01983
 0.62588 0.296912
 0.626 -0.465446
 0.62612 -1.27032
 0.62624 -2.11934
 0.62636 -3.01404
 0.62648 -3.95428
 0.6266 -4.93472
 0.62672 -5.95158
 0.62684 -7.00678
 0.62696 -8.10651
 0.62708 -9.25348
 0.6272 -10.4411
 0.62732 -11.6575
 0.62744 -12.8885
 0.62756 -14.1217
 0.62768 -15.3454
 0.6278 -16.5427
 0.62792 -17.7013
 0.62804 -18.8147
 0.62816 -19.8774
 0.62828 -20.884
 0.6284 -21.8295
 0.62852 -22.7131
 0.62864 -23.5372
 0.62876 -24.2914
 0.62888 -24.9547
 0.629 -25.5044
 0.62912 -25.9244
 0.62924 -26.2092
 0.62936 -26.3594
 0.62948 -26.3783
 0.6296 -26.2692
 0.62972 -26.04
 0.62984 -25.7002
 0.62996 -25.2543
 0.63008 -24.7048
 0.6302 -24.053
 0.63032 -23.2994
 0.63044 -22.4439
 0.63056 -21.482
 0.63068 -20.4149
 0.6308 -19.2653
 0.63092 -18.063
 0.63104 -16.8385
 0.63116 -15.6176
 0.63128 -14.4187
 0.6314 -13.2573
 0.63152 -12.1476
 0.63164 -11.0983
 0.63176 -10.1126
 0.63188 -9.19233
 0.632 -8.34062
 0.63212 -7.56166
 0.63224 -6.86163
 0.63236 -6.24821
 0.63248 -5.72989
 0.6326 -5.31584
 0.63272 -5.00714
 0.63284 -4.79134
 0.63296 -4.65212
 0.63308 -4.57141
 0.6332 -4.5342
 0.63332 -4.52934
 0.63344 -4.54682
 0.63356 -4.57791
 0.63368 -4.61865
 0.6338 -4.66752
 0.63392 -4.72387
 0.63404 -4.78657
 0.63416 -4.85258
 0.63428 -4.91622
 0.6344 -4.9694
 0.63452 -5.00448
 0.63464 -5.014
 0.63476 -4.99281
 0.63488 -4.94136
 0.635 -4.8642
 0.63512 -4.76696
 0.63524 -4.6518
 0.63536 -4.51486
 0.63548 -4.34999
 0.6356 -4.15012
 0.63572 -3.90842
 0.63584 -3.61913
 0.63596 -3.27722
 0.63608 -2.87902
 0.6362 -2.42412
 0.63632 -1.91538
 0.63644 -1.35757
 0.63656 -0.754552
 0.63668 -0.111405
 0.6368 0.564435
 0.63692 1.26914
 0.63704 2.00139
 0.63716 2.75946
 0.63728 3.53635
 0.6374 4.31657
 0.63752 5.08085
 0.63764 5.8088
 0.63776 6.48239
 0.63788 7.08561
 0.638 7.6029
 0.63812 8.02169
 0.63824 8.33262
 0.63836 8.52845
 0.63848 8.60238
 0.6386 8.54829
 0.63872 8.36275
 0.63884 8.04787
 0.63896 7.60438
 0.63908 7.03338
 0.6392 6.33691
 0.63932 5.52192
 0.63944 4.60154
 0.63956 3.59471
 0.63968 2.52373
 0.6398 1.41008
 0.63992 0.274895
 0.64004 -0.86116
 0.64016 -1.97981
 0.64028 -3.06341
 0.6404 -4.09263
 0.64052 -5.0479
 0.64064 -5.91082
 0.64076 -6.66696
 0.64088 -7.30701
 0.641 -7.82371
 0.64112 -8.2111
 0.64124 -8.46121
 0.64136 -8.56662
 0.64148 -8.52387
 0.6416 -8.33633
 0.64172 -8.01149
 0.64184 -7.55843
 0.64196 -6.98737
 0.64208 -6.3089
 0.6422 -5.53404
 0.64232 -4.67705
 0.64244 -3.75681
 0.64256 -2.79238
 0.64268 -1.80226
 0.6428 -0.80233
 0.64292 0.19538
 0.64304 1.18215
 0.64316 2.14655
 0.64328 3.06716
 0.6434 3.92105
 0.64352 4.68764
 0.64364 5.35067
 0.64376 5.89664
 0.64388 6.31821
 0.644 6.61062
 0.64412 6.77225
 0.64424 6.80409
 0.64436 6.71302
 0.64448 6.50858
 0.6446 6.19918
 0.64472 5.79229
 0.64484 5.29411
 0.64496 4.70792
 0.64508 4.03582
 0.6452 3.28907
 0.64532 2.48961
 0.64544 1.6599
 0.64556 0.822009
 0.64568 -0.00252055
 0.6458 -0.796138
 0.64592 -1.54969
 0.64604 -2.25679
 0.64616 -2.915
 0.64628 -3.52509
 0.6464 -4.0923
 0.64652 -4.62034
 0.64664 -5.10806
 0.64676 -5.55201
 0.64688 -5.94718
 0.647 -6.28656
 0.64712 -6.56269
 0.64724 -6.77497
 0.64736 -6.92591
 0.64748 -7.01841
 0.6476 -7.05698
 0.64772 -7.04741
 0.64784 -6.9913
 0.64796 -6.8866
 0.64808 -6.72937
 0.6482 -6.51552
 0.64832 -6.23818
 0.64844 -5.88863
 0.64856 -5.46332
 0.64868 -4.96445
 0.6488 -4.39701
 0.64892 -3.768
 0.64904 -3.08788
 0.64916 -2.37008
 0.64928 -1.62743
 0.6494 -0.872612
 0.64952 -0.116508
 0.64964 0.633494
 0.64976 1.37107
 0.64988 2.08792
 0.65 2.77503
 0.65012 3.42342
 0.65024 4.02628
 0.65036 4.57436
 0.65048 5.05838
 0.6506 5.47252
 0.65072 5.81271
 0.65084 6.07641
 0.65096 6.26248
 0.65108 6.37397
 0.6512 6.4165
 0.65132 6.39544
 0.65144 6.31539
 0.65156 6.17594
 0.65168 5.97364
 0.6518 5.70675
 0.65192 5.37746
 0.65204 4.98935
 0.65216 4.54601
 0.65228 4.05153
 0.6524 3.512
 0.65252 2.93343
 0.65264 2.32242
 0.65276 1.68616
 0.65288 1.03217
 0.653 0.368647
 0.65312 -0.296394
 0.65324 -0.954042
 0.65336 -1.59503
 0.65348 -2.20756
 0.6536 -2.774
 0.65372 -3.27796
 0.65384 -3.70904
 0.65396 -4.06321
 0.65408 -4.33804
 0.6542 -4.53292
 0.65432 -4.65041
 0.65444 -4.69427
 0.65456 -4.66852
 0.65468 -4.57798
 0.6548 -4.42785
 0.65492 -4.22461
 0.65504 -3.97705
 0.65516 -3.69807
 0.65528 -3.40152
 0.6554 -3.10145
 0.65552 -2.81474
 0.65564 -2.55941
 0.65576 -2.3468
 0.65588 -2.182
 0.656 -2.06631
 0.65612 -2.00138
 0.65624 -1.98789
 0.65636 -2.02416
 0.65648 -2.10706
 0.6566 -2.23047
 0.65672 -2.38776
 0.65684 -2.5718
 0.65696 -2.77471
 0.65708 -2.98658
 0.6572 -3.19504
 0.65732 -3.38753
 0.65744 -3.55142
 0.65756 -3.67375
 0.65768 -3.74649
 0.6578 -3.76875
 0.65792 -3.74219
 0.65804 -3.66789
 0.65816 -3.54484
 0.65828 -3.37273
 0.6584 -3.15258
 0.65852 -2.88888
 0.65864 -2.59175
 0.65876 -2.27226
 0.65888 -1.94263
 0.659 -1.61475
 0.65912 -1.29972
 0.65924 -1.00883
 0.65936 -0.753268
 0.65948 -0.543735
 0.6596 -0.38774
 0.65972 -0.286747
 0.65984 -0.240047
 0.65996 -0.24708
 0.66008 -0.30827
 0.6602 -0.42118
 0.66032 -0.580365
 0.66044 -0.780381
 0.66056 -1.01319
 0.66068 -1.26753
 0.6608 -1.53073
 0.66092 -1.78907
 0.66104 -2.03064
 0.66116 -2.24555
 0.66128 -2.42478
 0.6614 -2.55944
 0.66152 -2.64252
 0.66164 -2.67124
 0.66176 -2.64318
 0.66188 -2.55355
 0.662 -2.39814
 0.66212 -2.17646
 0.66224 -1.89563
 0.66236 -1.56571
 0.66248 -1.1958
 0.6626 -0.795725
 0.66272 -0.376166
 0.66284 0.050147
 0.66296 0.46974
 0.66308 0.870823
 0.6632 1.24369
 0.66332 1.57997
 0.66344 1.8715
 0.66356 2.11217
 0.66368 2.29665
 0.6638 2.41441
 0.66392 2.45346
 0.66404 2.40578
 0.66416 2.26814
 0.66428 2.04318
 0.6644 1.73517
 0.66452 1.35025
 0.66464 0.895276
 0.66476 0.37871
 0.66488 -0.186613
 0.665 -0.786468
 0.66512 -1.40752
 0.66524 -2.03864
 0.66536 -2.66917
 0.66548 -3.28935
 0.6656 -3.89016
 0.66572 -4.46077
 0.66584 -4.98671
 0.66596 -5.45574
 0.66608 -5.8581
 0.6662 -6.18612
 0.66632 -6.4349
 0.66644 -6.60143
 0.66656 -6.68553
 0.66668 -6.68761
 0.6668 -6.61199
 0.66692 -6.46824
 0.66704 -6.26624
 0.66716 -6.01433
 0.66728 -5.72149
 0.6674 -5.39646
 0.66752 -5.0452
 0.66764 -4.67324
 0.66776 -4.28575
 0.66788 -3.88883
 0.668 -3.48809
 0.66812 -3.09066
 0.66824 -2.70195
 0.66836 -2.32572
 0.66848 -1.96381
 0.6686 -1.61684
 0.66872 -1.28519
 0.66884 -0.96607
 0.66896 -0.656141
 0.66908 -0.355126
 0.6692 -0.0640335
 0.66932 0.220909
 0.66944 0.502107
 0.66956 0.779051
 0.66968 1.04883
 0.6698 1.30754
 0.66992 1.55446
 0.67004 1.79126
 0.67016 2.02036
 0.67028 2.24175
 0.6704 2.45399
 0.67052 2.65371
 0.67064 2.83777
 0.67076 3.00406
 0.67088 3.15063
 0.671 3.27897
 0.67112 3.39594
 0.67124 3.50726
 0.67136 3.61194
 0.67148 3.7105
 0.6716 3.80608
 0.67172 3.90539
 0.67184 4.01238
 0.67196 4.127
 0.67208 4.24785
 0.6722 4.37391
 0.67232 4.50554
 0.67244 4.64349
 0.67256 4.78983
 0.67268 4.94589
 0.6728 5.11204
 0.67292 5.28807
 0.67304 5.47049
 0.67316 5.65253
 0.67328 5.83019
 0.6734 6.00556
 0.67352 6.17659
 0.67364 6.33805
 0.67376 6.48377
 0.67388 6.61109
 0.674 6.71915
 0.67412 6.80864
 0.67424 6.87979
 0.67436 6.93423
 0.67448 6.97401
 0.6746 6.99927
 0.67472 7.00866
 0.67484 7.0003
 0.67496 6.97218
 0.67508 6.92394
 0.6752 6.85608
 0.67532 6.76657
 0.67544 6.65206
 0.67556 6.51582
 0.67568 6.36246
 0.6758 6.19595
 0.67592 6.01925
 0.67604 5.83353
 0.67616 5.63813
 0.67628 5.43514
 0.6764 5.22452
 0.67652 5.00636
 0.67664 4.78506
 0.67676 4.56769
 0.67688 4.36202
 0.677 4.1755
 0.67712 4.01348
 0.67724 3.88101
 0.67736 3.78345
 0.67748 3.72154
 0.6776 3.69209
 0.67772 3.6918
 0.67784 3.71743
 0.67796 3.76568
 0.67808 3.83648
 0.6782 3.92954
 0.67832 4.03876
 0.67844 4.1593
 0.67856 4.28552
 0.67868 4.40802
 0.6788 4.51572
 0.67892 4.59661
 0.67904 4.64079
 0.67916 4.6403
 0.67928 4.58558
 0.6794 4.47048
 0.67952 4.29511
 0.67964 4.06081
 0.67976 3.76927
 0.67988 3.42259
 0.68 3.0237
 0.68012 2.57098
 0.68024 2.06521
 0.68036 1.51269
 0.68048 0.919079
 0.6806 0.290776
 0.68072 -0.363815
 0.68084 -1.03475
 0.68096 -1.7116
 0.68108 -2.38616
 0.6812 -3.04687
 0.68132 -3.6787
 0.68144 -4.27115
 0.68156 -4.81713
 0.68168 -5.31044
 0.6818 -5.74528
 0.68192 -6.11667
 0.68204 -6.4198
 0.68216 -6.64601
 0.68228 -6.78832
 0.6824 -6.8442
 0.68252 -6.81215
 0.68264 -6.69212
 0.68276 -6.48482
 0.68288 -6.19213
 0.683 -5.81561
 0.68312 -5.35837
 0.68324 -4.83035
 0.68336 -4.24426
 0.68348 -3.61138
 0.6836 -2.94163
 0.68372 -2.24435
 0.68384 -1.52865
 0.68396 -0.805169
 0.68408 -0.0876307
 0.6842 0.608026
 0.68432 1.26628
 0.68444 1.87696
 0.68456 2.43337
 0.68468 2.92792
 0.6848 3.35345
 0.68492 3.70412
 0.68504 3.97396
 0.68516 4.15971
 0.68528 4.26149
 0.6854 4.28071
 0.68552 4.22063
 0.68564 4.08465
 0.68576 3.87603
 0.68588 3.59903
 0.686 3.26476
 0.68612 2.88719
 0.68624 2.48151
 0.68636 2.06222
 0.68648 1.63767
 0.6866 1.21636
 0.68672 0.810448
 0.68684 0.428707
 0.68696 0.0768985
 0.68708 -0.238269
 0.6872 -0.509864
 0.68732 -0.729775
 0.68744 -0.891357
 0.68756 -0.99266
 0.68768 -1.0323
 0.6878 -1.00874
 0.68792 -0.923322
 0.68804 -0.78267
 0.68816 -0.591606
 0.68828 -0.355934
 0.6884 -0.0805548
 0.68852 0.231906
 0.68864 0.573531
 0.68876 0.934553
 0.68888 1.31133
 0.689 1.70411
 0.68912 2.11134
 0.68924 2.52958
 0.68936 2.95267
 0.68948 3.37663
 0.6896 3.79933
 0.68972 4.21778
 0.68984 4.6278
 0.68996 5.027
 0.69008 5.41038
 0.6902 5.77082
 0.69032 6.10214
 0.69044 6.3994
 0.69056 6.65812
 0.69068 6.87945
 0.6908 7.06391
 0.69092 7.20712
 0.69104 7.3015
 0.69116 7.34029
 0.69128 7.31779
 0.6914 7.22919
 0.69152 7.07071
 0.69164 6.84207
 0.69176 6.54572
 0.69188 6.18643
 0.692 5.76973
 0.69212 5.30506
 0.69224 4.80121
 0.69236 4.26548
 0.69248 3.70234
 0.6926 3.11557
 0.69272 2.50622
 0.69284 1.87575
 0.69296 1.22821
 0.69308 0.569252
 0.6932 -0.0944794
 0.69332 -0.751529
 0.69344 -1.38986
 0.69356 -2.00081
 0.69368 -2.58044
 0.6938 -3.12741
 0.69392 -3.64241
 0.69404 -4.12806
 0.69416 -4.58727
 0.69428 -5.02009
 0.6944 -5.42407
 0.69452 -5.79297
 0.69464 -6.11933
 0.69476 -6.39509
 0.69488 -6.61253
 0.695 -6.76527
 0.69512 -6.84791
 0.69524 -6.86098
 0.69536 -6.81367
 0.69548 -6.71401
 0.6956 -6.56816
 0.69572 -6.38034
 0.69584 -6.15354
 0.69596 -5.88729
 0.69608 -5.57844
 0.6962 -5.22825
 0.69632 -4.84354
 0.69644 -4.43466
 0.69656 -4.01764
 0.69668 -3.61079
 0.6968 -3.23175
 0.69692 -2.89677
 0.69704 -2.62105
 0.69716 -2.41583
 0.69728 -2.28346
 0.6974 -2.22287
 0.69752 -2.23471
 0.69764 -2.31953
 0.69776 -2.47712
 0.69788 -2.70979
 0.698 -3.02533
 0.69812 -3.43246
 0.69824 -3.92917
 0.69836 -4.50688
 0.69848 -5.15323
 0.6986 -5.8489
 0.69872 -6.57189
 0.69884 -7.3036
 0.69896 -8.02689
 0.69908 -8.72656
 0.6992 -9.39425
 0.69932 -10.0262
 0.69944 -10.6192
 0.69956 -11.1697
 0.69968 -11.6747
 0.6998 -12.1319
 0.69992 -12.5341
 0.70004 -12.8665
 0.70016 -13.1186
 0.70028 -13.2921
 0.7004 -13.3907
 0.70052 -13.4204
 0.70064 -13.3936
 0.70076 -13.3205
 0.70088 -13.2055
 0.701 -13.0522
 0.70112 -12.8606
 0.70124 -12.6268
 0.70136 -12.3451
 0.70148 -12.0085
 0.7016 -11.6098
 0.70172 -11.141
 0.70184 -10.5949
 0.70196 -9.97404
 0.70208 -9.28995
 0.7022 -8.54787
 0.70232 -7.7479
 0.70244 -6.89239
 0.70256 -5.983
 0.70268 -5.01942
 0.7028 -4.00839
 0.70292 -2.96145
 0.70304 -1.89238
 0.70316 -0.817277
 0.70328 0.248071
 0.7034 1.28616
 0.70352 2.27834
 0.70364 3.20518
 0.70376 4.04548
 0.70388 4.78057
 0.704 5.40681
 0.70412 5.92562
 0.70424 6.33637
 0.70436 6.63915
 0.70448 6.83606
 0.7046 6.92899
 0.70472 6.92073
 0.70484 6.81774
 0.70496 6.62935
 0.70508 6.36676
 0.7052 6.04038
 0.70532 5.65962
 0.70544 5.23661
 0.70556 4.7842
 0.70568 4.3172
 0.7058 3.8518
 0.70592 3.39955
 0.70604 2.96281
 0.70616 2.54097
 0.70628 2.13184
 0.7064 1.73098
 0.70652 1.33442
 0.70664 0.938381
 0.70676 0.540471
 0.70688 0.139779
 0.707 -0.26301
 0.70712 -0.666395
 0.70724 -1.06718
 0.70736 -1.46298
 0.70748 -1.85461
 0.7076 -2.24275
 0.70772 -2.63007
 0.70784 -3.01843
 0.70796 -3.40706
 0.70808 -3.7922
 0.7082 -4.16717
 0.70832 -4.52274
 0.70844 -4.84866
 0.70856 -5.13616
 0.70868 -5.37753
 0.7088 -5.5674
 0.70892 -5.70545
 0.70904 -5.79758
 0.70916 -5.8513
 0.70928 -5.87477
 0.7094 -5.87432
 0.70952 -5.85574
 0.70964 -5.82382
 0.70976 -5.78119
 0.70988 -5.73273
 0.71 -5.68375
 0.71012 -5.64136
 0.71024 -5.61471
 0.71036 -5.6142
 0.71048 -5.64937
 0.7106 -5.72815
 0.71072 -5.8565
 0.71084 -6.03877
 0.71096 -6.27277
 0.71108 -6.55124
 0.7112 -6.86571
 0.71132 -7.20717
 0.71144 -7.56757
 0.71156 -7.9377
 0.71168 -8.31077
 0.7118 -8.67891
 0.71192 -9.03295
 0.71204 -9.36371
 0.71216 -9.65905
 0.71228 -9.9041
 0.7124 -10.0853
 0.71252 -10.1909
 0.71264 -10.2123
 0.71276 -10.1428
 0.71288 -9.97684
 0.713 -9.71266
 0.71312 -9.35055
 0.71324 -8.89338
 0.71336 -8.34496
 0.71348 -7.70975
 0.7136 -6.99437
 0.71372 -6.20864
 0.71384 -5.36562
 0.71396 -4.47763
 0.71408 -3.55674
 0.7142 -2.62067
 0.71432 -1.68995
 0.71444 -0.782564
 0.71456 0.0875322
 0.71468 0.911063
 0.7148 1.6796
 0.71492 2.38615
 0.71504 3.0254
 0.71516 3.59483
 0.71528 4.0944
 0.7154 4.52558
 0.71552 4.89268
 0.71564 5.20443
 0.71576 5.47552
 0.71588 5.72087
 0.716 5.95253
 0.71612 6.18109
 0.71624 6.42187
 0.71636 6.69143
 0.71648 7.00462
 0.7166 7.37099
 0.71672 7.79827
 0.71684 8.2926
 0.71696 8.85496
 0.71708 9.4828
 0.7172 10.1697
 0.71732 10.909
 0.71744 11.6915
 0.71756 12.5044
 0.71768 13.332
 0.7178 14.157
 0.71792 14.9661
 0.71804 15.7507
 0.71816 16.5045
 0.71828 17.2191
 0.7184 17.8854
 0.71852 18.4926
 0.71864 19.0288
 0.71876 19.4814
 0.71888 19.8439
 0.719 20.1178
 0.71912 20.3102
 0.71924 20.43
 0.71936 20.4863
 0.71948 20.4888
 0.7196 20.4486
 0.71972 20.3766
 0.71984 20.2814
 0.71996 20.1643
 0.72008 20.0243
 0.7202 19.8613
 0.72032 19.6755
 0.72044 19.4693
 0.72056 19.2511
 0.72068 19.0353
 0.7208 18.8338
 0.72092 18.6498
 0.72104 18.4809
 0.72116 18.3214
 0.72128 18.1656
 0.7214 18.0105
 0.72152 17.8555
 0.72164 17.7
 0.72176 17.5449
 0.72188 17.3952
 0.722 17.2599
 0.72212 17.1431
 0.72224 17.0473
 0.72236 16.9748
 0.72248 16.9255
 0.7226 16.8931
 0.72272 16.8676
 0.72284 16.8437
 0.72296 16.8212
 0.72308 16.7999
 0.7232 16.7803
 0.72332 16.7598
 0.72344 16.73
 0.72356 16.6794
 0.72368 16.5957
 0.7238 16.4659
 0.72392 16.2747
 0.72404 16.0105
 0.72416 15.6675
 0.72428 15.24
 0.7244 14.7225
 0.72452 14.1113
 0.72464 13.4091
 0.72476 12.6228
 0.72488 11.7578
 0.725 10.82
 0.72512 9.81597
 0.72524 8.75126
 0.72536 7.6372
 0.72548 6.48957
 0.7256 5.32846
 0.72572 4.17583
 0.72584 3.05256
 0.72596 1.97911
 0.72608 0.971338
 0.7262 0.04344
 0.72632 -0.789293
 0.72644 -1.51233
 0.72656 -2.1147
 0.72668 -2.59425
 0.7268 -2.95489
 0.72692 -3.20102
 0.72704 -3.33859
 0.72716 -3.3694
 0.72728 -3.2946
 0.7274 -3.11906
 0.72752 -2.85027
 0.72764 -2.5025
 0.72776 -2.09057
 0.72788 -1.62785
 0.728 -1.12722
 0.72812 -0.600864
 0.72824 -0.0619019
 0.72836 0.473679
 0.72848 0.990955
 0.7286 1.47868
 0.72872 1.93103
 0.72884 2.34503
 0.72896 2.71806
 0.72908 3.04636
 0.7292 3.32026
 0.72932 3.52944
 0.72944 3.66531
 0.72956 3.72166
 0.72968 3.69665
 0.7298 3.58742
 0.72992 3.39062
 0.73004 3.10416
 0.73016 2.72869
 0.73028 2.26867
 0.7304 1.7347
 0.73052 1.13784
 0.73064 0.490618
 0.73076 -0.193388
 0.73088 -0.900909
 0.731 -1.61863
 0.73112 -2.3312
 0.73124 -3.01817
 0.73136 -3.65914
 0.73148 -4.23433
 0.7316 -4.72494
 0.73172 -5.11312
 0.73184 -5.38167
 0.73196 -5.51449
 0.73208 -5.50151
 0.7322 -5.33818
 0.73232 -5.02632
 0.73244 -4.57541
 0.73256 -3.99575
 0.73268 -3.30305
 0.7328 -2.51486
 0.73292 -1.64875
 0.73304 -0.722195
 0.73316 0.246063
 0.73328 1.23471
 0.7334 2.22025
 0.73352 3.17797
 0.73364 4.08308
 0.73376 4.91327
 0.73388 5.65245
 0.734 6.28752
 0.73412 6.81385
 0.73424 7.23073
 0.73436 7.54384
 0.73448 7.76102
 0.7346 7.88853
 0.73472 7.93502
 0.73484 7.90955
 0.73496 7.82192
 0.73508 7.68093
 0.7352 7.49364
 0.73532 7.26973
 0.73544 7.02488
 0.73556 6.77653
 0.73568 6.54227
 0.7358 6.33223
 0.73592 6.14769
 0.73604 5.98904
 0.73616 5.85254
 0.73628 5.73209
 0.7364 5.61784
 0.73652 5.50388
 0.73664 5.38742
 0.73676 5.26604
 0.73688 5.13627
 0.737 4.99143
 0.73712 4.82925
 0.73724 4.65021
 0.73736 4.45114
 0.73748 4.22592
 0.7376 3.96606
 0.73772 3.66327
 0.73784 3.31676
 0.73796 2.92962
 0.73808 2.50312
 0.7382 2.04039
 0.73832 1.54825
 0.73844 1.03722
 0.73856 0.515941
 0.73868 -0.00907103
 0.7388 -0.530697
 0.73892 -1.03865
 0.73904 -1.5202
 0.73916 -1.96949
 0.73928 -2.38564
 0.7394 -2.77168
 0.73952 -3.13297
 0.73964 -3.47121
 0.73976 -3.78788
 0.73988 -4.08692
 0.74 -4.37239
 0.74012 -4.64762
 0.74024 -4.91792
 0.74036 -5.19456
 0.74048 -5.49458
 0.7406 -5.83583
 0.74072 -6.23482
 0.74084 -6.70939
 0.74096 -7.2796
 0.74108 -7.96293
 0.7412 -8.76615
 0.74132 -9.6804
 0.74144 -10.6857
 0.74156 -11.7609
 0.74168 -12.8884
 0.7418 -14.0509
 0.74192 -15.2306
 0.74204 -16.4094
 0.74216 -17.5682
 0.74228 -18.6864
 0.7424 -19.7386
 0.74252 -20.6948
 0.74264 -21.5241
 0.74276 -22.1969
 0.74288 -22.6831
 0.743 -22.9551
 0.74312 -22.9912
 0.74324 -22.7881
 0.74336 -22.36
 0.74348 -21.7285
 0.7436 -20.914
 0.74372 -19.9353
 0.74384 -18.8122
 0.74396 -17.5666
 0.74408 -16.2231
 0.7442 -14.8084
 0.74432 -13.3499
 0.74444 -11.8764
 0.74456 -10.4202
 0.74468 -9.01495
 0.7448 -7.69414
 0.74492 -6.49008
 0.74504 -5.4301
 0.74516 -4.53477
 0.74528 -3.81074
 0.7454 -3.2566
 0.74552 -2.86566
 0.74564 -2.6315
 0.74576 -2.54771
 0.74588 -2.60481
 0.746 -2.79015
 0.74612 -3.08565
 0.74624 -3.47184
 0.74636 -3.92927
 0.74648 -4.43807
 0.7466 -4.97629
 0.74672 -5.51937
 0.74684 -6.04209
 0.74696 -6.52134
 0.74708 -6.93868
 0.7472 -7.28014
 0.74732 -7.53506
 0.74744 -7.69831
 0.74756 -7.77176
 0.74768 -7.75794
 0.7478 -7.6603
 0.74792 -7.48498
 0.74804 -7.24086
 0.74816 -6.93992
 0.74828 -6.59381
 0.7484 -6.21382
 0.74852 -5.81083
 0.74864 -5.39692
 0.74876 -4.98894
 0.74888 -4.60407
 0.749 -4.25689
 0.74912 -3.95988
 0.74924 -3.72343
 0.74936 -3.55717
 0.74948 -3.4642
 0.7496 -3.44271
 0.74972 -3.49029
 0.74984 -3.60265
 0.74996 -3.77203
 0.75008 -3.99042
 0.7502 -4.25025
 0.75032 -4.54668
 0.75044 -4.87545
 0.75056 -5.233
 0.75068 -5.61069
 0.7508 -5.99436
 0.75092 -6.36919
 0.75104 -6.72139
 0.75116 -7.03719
 0.75128 -7.30386
 0.7514 -7.51069
 0.75152 -7.65216
 0.75164 -7.72508
 0.75176 -7.72736
 0.75188 -7.66259
 0.752 -7.53861
 0.75212 -7.36257
 0.75224 -7.13955
 0.75236 -6.87144
 0.75248 -6.55949
 0.7526 -6.20576
 0.75272 -5.82063
 0.75284 -5.41814
 0.75296 -5.0136
 0.75308 -4.6209
 0.7532 -4.25295
 0.75332 -3.92305
 0.75344 -3.64172
 0.75356 -3.41558
 0.75368 -3.24938
 0.7538 -3.14592
 0.75392 -3.10114
 0.75404 -3.10866
 0.75416 -3.16165
 0.75428 -3.25364
 0.7544 -3.37978
 0.75452 -3.53663
 0.75464 -3.71829
 0.75476 -3.91353
 0.75488 -4.11082
 0.755 -4.30075
 0.75512 -4.47808
 0.75524 -4.63734
 0.75536 -4.76923
 0.75548 -4.86622
 0.7556 -4.92406
 0.75572 -4.93992
 0.75584 -4.91282
 0.75596 -4.84482
 0.75608 -4.73925
 0.7562 -4.60162
 0.75632 -4.43822
 0.75644 -4.25365
 0.75656 -4.05169
 0.75668 -3.83892
 0.7568 -3.6238
 0.75692 -3.41154
 0.75704 -3.20309
 0.75716 -2.99737
 0.75728 -2.79779
 0.7574 -2.61363
 0.75752 -2.45152
 0.75764 -2.31371
 0.75776 -2.19927
 0.75788 -2.10662
 0.758 -2.03243
 0.75812 -1.97214
 0.75824 -1.92125
 0.75836 -1.87667
 0.75848 -1.83704
 0.7586 -1.80072
 0.75872 -1.76303
 0.75884 -1.71798
 0.75896 -1.66287
 0.75908 -1.59655
 0.7592 -1.51656
 0.75932 -1.4163
 0.75944 -1.28734
 0.75956 -1.12678
 0.75968 -0.937801
 0.7598 -0.729046
 0.75992 -0.509375
 0.76004 -0.289192
 0.76016 -0.0784519
 0.76028 0.116483
 0.7604 0.290862
 0.76052 0.441447
 0.76064 0.565515
 0.76076 0.658578
 0.76088 0.716881
 0.761 0.737898
 0.76112 0.719127
 0.76124 0.657649
 0.76136 0.552967
 0.76148 0.405774
 0.7616 0.22035
 0.76172 0.00647057
 0.76184 -0.221063
 0.76196 -0.448197
 0.76208 -0.661387
 0.7622 -0.849414
 0.76232 -1.00273
 0.76244 -1.11232
 0.76256 -1.17013
 0.76268 -1.1692
 0.7628 -1.10884
 0.76292 -0.990628
 0.76304 -0.81709
 0.76316 -0.591119
 0.76328 -0.319222
 0.7634 -0.0129212
 0.76352 0.318524
 0.76364 0.666567
 0.76376 1.01812
 0.76388 1.35811
 0.764 1.67335
 0.76412 1.95549
 0.76424 2.198
 0.76436 2.39358
 0.76448 2.53547
 0.7646 2.61433
 0.76472 2.62398
 0.76484 2.56749
 0.76496 2.44893
 0.76508 2.27365
 0.7652 2.04817
 0.76532 1.78488
 0.76544 1.4972
 0.76556 1.19494
 0.76568 0.889133
 0.7658 0.593536
 0.76592 0.321416
 0.76604 0.0827223
 0.76616 -0.119416
 0.76628 -0.282111
 0.7664 -0.403071
 0.76652 -0.480661
 0.76664 -0.507493
 0.76676 -0.478276
 0.76688 -0.388984
 0.767 -0.234717
 0.76712 -0.0113931
 0.76724 0.283225
 0.76736 0.64701
 0.76748 1.07831
 0.7676 1.57043
 0.76772 2.11139
 0.76784 2.68964
 0.76796 3.29419
 0.76808 3.91742
 0.7682 4.55516
 0.76832 5.20364
 0.76844 5.86176
 0.76856 6.5288
 0.76868 7.19912
 0.7688 7.86337
 0.76892 8.50742
 0.76904 9.11459
 0.76916 9.6676
 0.76928 10.151
 0.7694 10.5508
 0.76952 10.8558
 0.76964 11.0648
 0.76976 11.1799
 0.76988 11.2012
 0.77 11.1296
 0.77012 10.9646
 0.77024 10.7041
 0.77036 10.345
 0.77048 9.8815
 0.7706 9.30799
 0.77072 8.62277
 0.77084 7.82963
 0.77096 6.93752
 0.77108 5.95873
 0.7712 4.9064
 0.77132 3.79299
 0.77144 2.63169
 0.77156 1.43844
 0.77168 0.226929
 0.7718 -0.989191
 0.77192 -2.19587
 0.77204 -3.3804
 0.77216 -4.52974
 0.77228 -5.6293
 0.7724 -6.66298
 0.77252 -7.61413
 0.77264 -8.4677
 0.77276 -9.21188
 0.77288 -9.83824
 0.773 -10.3421
 0.77312 -10.7206
 0.77324 -10.9698
 0.77336 -11.0854
 0.77348 -11.0686
 0.7736 -10.9314
 0.77372 -10.6859
 0.77384 -10.3433
 0.77396 -9.9147
 0.77408 -9.4093
 0.7742 -8.8363
 0.77432 -8.20626
 0.77444 -7.53314
 0.77456 -6.83119
 0.77468 -6.11312
 0.7748 -5.39094
 0.77492 -4.67409
 0.77504 -3.9702
 0.77516 -3.28808
 0.77528 -2.64194
 0.7754 -2.04447
 0.77552 -1.50042
 0.77564 -1.01164
 0.77576 -0.585477
 0.77588 -0.230198
 0.776 0.0448604
 0.77612 0.228841
 0.77624 0.310723
 0.77636 0.282921
 0.77648 0.146806
 0.7766 -0.0940756
 0.77672 -0.435452
 0.77684 -0.873132
 0.77696 -1.40477
 0.77708 -2.0283
 0.7772 -2.7367
 0.77732 -3.51826
 0.77744 -4.36778
 0.77756 -5.28266
 0.77768 -6.25179
 0.7778 -7.25679
 0.77792 -8.27726
 0.77804 -9.29054
 0.77816 -10.2732
 0.77828 -11.2014
 0.7784 -12.0586
 0.77852 -12.8395
 0.77864 -13.5411
 0.77876 -14.1598
 0.77888 -14.6915
 0.779 -15.1315
 0.77912 -15.4752
 0.77924 -15.7225
 0.77936 -15.8701
 0.77948 -15.9063
 0.7796 -15.8213
 0.77972 -15.6178
 0.77984 -15.3018
 0.77996 -14.8826
 0.78008 -14.3717
 0.7802 -13.782
 0.78032 -13.1283
 0.78044 -12.4189
 0.78056 -11.6556
 0.78068 -10.8401
 0.7808 -9.9772
 0.78092 -9.07178
 0.78104 -8.12914
 0.78116 -7.15567
 0.78128 -6.15798
 0.7814 -5.15028
 0.78152 -4.15285
 0.78164 -3.18275
 0.78176 -2.25053
 0.78188 -1.36907
 0.782 -0.549827
 0.78212 0.197884
 0.78224 0.867766
 0.78236 1.45606
 0.78248 1.95717
 0.7826 2.36319
 0.78272 2.6691
 0.78284 2.87226
 0.78296 2.97023
 0.78308 2.96169
 0.7832 2.84734
 0.78332 2.63012
 0.78344 2.31865
 0.78356 1.92437
 0.78368 1.4583
 0.7838 0.933604
 0.78392 0.367945
 0.78404 -0.220611
 0.78416 -0.816258
 0.78428 -1.40564
 0.7844 -1.97702
 0.78452 -2.51863
 0.78464 -3.02062
 0.78476 -3.47582
 0.78488 -3.87821
 0.785 -4.22174
 0.78512 -4.50104
 0.78524 -4.71109
 0.78536 -4.84806
 0.78548 -4.90863
 0.7856 -4.88936
 0.78572 -4.78924
 0.78584 -4.61199
 0.78596 -4.36421
 0.78608 -4.05198
 0.7862 -3.6804
 0.78632 -3.25509
 0.78644 -2.78145
 0.78656 -2.26327
 0.78668 -1.70204
 0.7868 -1.09833
 0.78692 -0.453509
 0.78704 0.23061
 0.78716 0.949856
 0.78728 1.69745
 0.7874 2.46496
 0.78752 3.23803
 0.78764 4.00097
 0.78776 4.74085
 0.78788 5.44851
 0.788 6.11483
 0.78812 6.72945
 0.78824 7.28514
 0.78836 7.77879
 0.78848 8.20764
 0.7886 8.56781
 0.78872 8.85482
 0.78884 9.06525
 0.78896 9.19587
 0.78908 9.2438
 0.7892 9.21069
 0.78932 9.10342
 0.78944 8.933
 0.78956 8.71673
 0.78968 8.47217
 0.7898 8.21425
 0.78992 7.95307
 0.79004 7.70004
 0.79016 7.46553
 0.79028 7.2534
 0.7904 7.06057
 0.79052 6.88254
 0.79064 6.71495
 0.79076 6.55328
 0.79088 6.39263
 0.791 6.2304
 0.79112 6.06603
 0.79124 5.89403
 0.79136 5.70393
 0.79148 5.4825
 0.7916 5.21544
 0.79172 4.8887
 0.79184 4.49218
 0.79196 4.02119
 0.79208 3.46953
 0.7922 2.83278
 0.79232 2.11341
 0.79244 1.32247
 0.79256 0.472799
 0.79268 -0.423484
 0.7928 -1.35493
 0.79292 -2.31118
 0.79304 -3.28428
 0.79316 -4.26663
 0.79328 -5.24693
 0.7934 -6.21147
 0.79352 -7.14675
 0.79364 -8.03996
 0.79376 -8.87854
 0.79388 -9.65324
 0.794 -10.3557
 0.79412 -10.9748
 0.79424 -11.5004
 0.79436 -11.9288
 0.79448 -12.2634
 0.7946 -12.5089
 0.79472 -12.666
 0.79484 -12.7336
 0.79496 -12.7102
 0.79508 -12.597
 0.7952 -12.4002
 0.79532 -12.1281
 0.79544 -11.7892
 0.79556 -11.3914
 0.79568 -10.9423
 0.7958 -10.4497
 0.79592 -9.92238
 0.79604 -9.37125
 0.79616 -8.80916
 0.79628 -8.24681
 0.7964 -7.69057
 0.79652 -7.14236
 0.79664 -6.60524
 0.79676 -6.08843
 0.79688 -5.60185
 0.797 -5.15495
 0.79712 -4.75053
 0.79724 -4.38371
 0.79736 -4.04831
 0.79748 -3.73837
 0.7976 -3.4494
 0.79772 -3.17715
 0.79784 -2.91544
 0.79796 -2.65778
 0.79808 -2.39644
 0.7982 -2.12741
 0.79832 -1.84877
 0.79844 -1.56065
 0.79856 -1.26607
 0.79868 -0.965283
 0.7988 -0.655682
 0.79892 -0.334571
 0.79904 0.000724051
 0.79916 0.348115
 0.79928 0.698602
 0.7994 1.0417
 0.79952 1.36785
 0.79964 1.66953
 0.79976 1.93851
 0.79988 2.16563
