 0.2 -4.30288
 0.20012 -3.87894
 0.20024 -3.42278
 0.20036 -2.93876
 0.20048 -2.43046
 0.2006 -1.90087
 0.20072 -1.3533
 0.20084 -0.793121
 0.20096 -0.226789
 0.20108 0.339853
 0.2012 0.902337
 0.20132 1.45735
 0.20144 2.00062
 0.20156 2.52744
 0.20168 3.03377
 0.2018 3.51799
 0.20192 3.97814
 0.20204 4.41155
 0.20216 4.81561
 0.20228 5.18801
 0.2024 5.52557
 0.20252 5.8262
 0.20264 6.08855
 0.20276 6.31194
 0.20288 6.49671
 0.203 6.64255
 0.20312 6.7481
 0.20324 6.81066
 0.20336 6.82728
 0.20348 6.79867
 0.2036 6.72619
 0.20372 6.61093
 0.20384 6.45533
 0.20396 6.26477
 0.20408 6.04573
 0.2042 5.80506
 0.20432 5.55018
 0.20444 5.28885
 0.20456 5.02592
 0.20468 4.76539
 0.2048 4.51142
 0.20492 4.26861
 0.20504 4.04362
 0.20516 3.8442
 0.20528 3.67973
 0.2054 3.55793
 0.20552 3.48318
 0.20564 3.45946
 0.20576 3.49003
 0.20588 3.57542
 0.206 3.71271
 0.20612 3.89633
 0.20624 4.11907
 0.20636 4.3728
 0.20648 4.65058
 0.2066 4.94793
 0.20672 5.26034
 0.20684 5.58236
 0.20696 5.90753
 0.20708 6.22815
 0.2072 6.53546
 0.20732 6.81887
 0.20744 7.06874
 0.20756 7.27582
 0.20768 7.43126
 0.2078 7.52645
 0.20792 7.55471
 0.20804 7.51368
 0.20816 7.40479
 0.20828 7.23095
 0.2084 6.99492
 0.20852 6.69866
 0.20864 6.34345
 0.20876 5.93129
 0.20888 5.46581
 0.209 4.95112
 0.20912 4.39183
 0.20924 3.79487
 0.20936 3.17059
 0.20948 2.53141
 0.2096 1.89165
 0.20972 1.26556
 0.20984 0.666768
 0.20996 0.106925
 0.21008 -0.406322
 0.2102 -0.867558
 0.21032 -1.27097
 0.21044 -1.61056
 0.21056 -1.88049
 0.21068 -2.07451
 0.2108 -2.18725
 0.21092 -2.21498
 0.21104 -2.15386
 0.21116 -2.00252
 0.21128 -1.76386
 0.2114 -1.44451
 0.21152 -1.05359
 0.21164 -0.60149
 0.21176 -0.0983347
 0.21188 0.447118
 0.212 1.02743
 0.21212 1.63695
 0.21224 2.2697
 0.21236 2.91777
 0.21248 3.57341
 0.2126 4.22768
 0.21272 4.87005
 0.21284 5.4901
 0.21296 6.07768
 0.21308 6.62326
 0.2132 7.12154
 0.21332 7.57043
 0.21344 7.96974
 0.21356 8.31936
 0.21368 8.61952
 0.2138 8.87039
 0.21392 9.0716
 0.21404 9.22253
 0.21416 9.32222
 0.21428 9.3714
 0.2144 9.37205
 0.21452 9.32665
 0.21464 9.24017
 0.21476 9.11922
 0.21488 8.97093
 0.215 8.80303
 0.21512 8.62198
 0.21524 8.43161
 0.21536 8.23386
 0.21548 8.02893
 0.2156 7.8173
 0.21572 7.59908
 0.21584 7.37392
 0.21596 7.14223
 0.21608 6.90484
 0.2162 6.66244
 0.21632 6.41552
 0.21644 6.16472
 0.21656 5.91016
 0.21668 5.65175
 0.2168 5.39015
 0.21692 5.12587
 0.21704 4.85939
 0.21716 4.59214
 0.21728 4.32667
 0.2174 4.06836
 0.21752 3.82519
 0.21764 3.60534
 0.21776 3.41765
 0.21788 3.27037
 0.218 3.16832
 0.21812 3.11591
 0.21824 3.11764
 0.21836 3.17731
 0.21848 3.29834
 0.2186 3.48295
 0.21872 3.7303
 0.21884 4.03787
 0.21896 4.40216
 0.21908 4.8181
 0.2192 5.27913
 0.21932 5.77748
 0.21944 6.30364
 0.21956 6.84686
 0.21968 7.39584
 0.2198 7.93807
 0.21992 8.46371
 0.22004 8.96676
 0.22016 9.44052
 0.22028 9.87718
 0.2204 10.2684
 0.22052 10.6055
 0.22064 10.8819
 0.22076 11.0929
 0.22088 11.2347
 0.221 11.3062
 0.22112 11.3089
 0.22124 11.247
 0.22136 11.1245
 0.22148 10.9443
 0.2216 10.7094
 0.22172 10.4232
 0.22184 10.0903
 0.22196 9.71298
 0.22208 9.29232
 0.2222 8.83128
 0.22232 8.33455
 0.22244 7.80862
 0.22256 7.26144
 0.22268 6.70104
 0.2228 6.13585
 0.22292 5.5738
 0.22304 5.02037
 0.22316 4.47921
 0.22328 3.95261
 0.2234 3.44463
 0.22352 2.96077
 0.22364 2.50717
 0.22376 2.09124
 0.22388 1.71997
 0.224 1.40077
 0.22412 1.1405
 0.22424 0.944351
 0.22436 0.816024
 0.22448 0.75703
 0.2246 0.765758
 0.22472 0.839204
 0.22484 0.972884
 0.22496 1.16175
 0.22508 1.39981
 0.2252 1.68008
 0.22532 1.99491
 0.22544 2.33513
 0.22556 2.69084
 0.22568 3.05058
 0.2258 3.40113
 0.22592 3.73002
 0.22604 4.0253
 0.22616 4.27579
 0.22628 4.47208
 0.2264 4.60618
 0.22652 4.67209
 0.22664 4.66702
 0.22676 4.58914
 0.22688 4.43884
 0.227 4.21891
 0.22712 3.93671
 0.22724 3.60167
 0.22736 3.22468
 0.22748 2.81782
 0.2276 2.39334
 0.22772 1.96451
 0.22784 1.54375
 0.22796 1.14238
 0.22808 0.770874
 0.2282 0.439154
 0.22832 0.154898
 0.22844 -0.0747354
 0.22856 -0.243875
 0.22868 -0.347689
 0.2288 -0.38213
 0.22892 -0.345322
 0.22904 -0.238642
 0.22916 -0.0669466
 0.22928 0.163738
 0.2294 0.445671
 0.22952 0.769681
 0.22964 1.12687
 0.22976 1.50838
 0.22988 1.90658
 0.23 2.31409
 0.23012 2.72394
 0.23024 3.12911
 0.23036 3.52428
 0.23048 3.90412
 0.2306 4.26303
 0.23072 4.59514
 0.23084 4.89563
 0.23096 5.1601
 0.23108 5.38508
 0.2312 5.56709
 0.23132 5.70354
 0.23144 5.79378
 0.23156 5.83834
 0.23168 5.83718
 0.2318 5.79122
 0.23192 5.70205
 0.23204 5.57199
 0.23216 5.40413
 0.23228 5.20177
 0.2324 4.96663
 0.23252 4.70136
 0.23264 4.40984
 0.23276 4.09627
 0.23288 3.76505
 0.233 3.42253
 0.23312 3.07682
 0.23324 2.73668
 0.23336 2.40993
 0.23348 2.10257
 0.2336 1.82099
 0.23372 1.57256
 0.23384 1.36292
 0.23396 1.19619
 0.23408 1.07495
 0.2342 0.999585
 0.23432 0.970355
 0.23444 0.987243
 0.23456 1.04797
 0.23468 1.14876
 0.2348 1.28553
 0.23492 1.45258
 0.23504 1.64241
 0.23516 1.84628
 0.23528 2.05558
 0.2354 2.26248
 0.23552 2.45979
 0.23564 2.6384
 0.23576 2.78789
 0.23588 2.90071
 0.236 2.97153
 0.23612 2.99723
 0.23624 2.97794
 0.23636 2.91553
 0.23648 2.81483
 0.2366 2.68362
 0.23672 2.53076
 0.23684 2.36535
 0.23696 2.19713
 0.23708 2.0356
 0.2372 1.88972
 0.23732 1.76859
 0.23744 1.68141
 0.23756 1.63762
 0.23768 1.64858
 0.2378 1.7255
 0.23792 1.87478
 0.23804 2.10141
 0.23816 2.4086
 0.23828 2.79728
 0.2384 3.26634
 0.23852 3.81006
 0.23864 4.41948
 0.23876 5.08491
 0.23888 5.79683
 0.239 6.54639
 0.23912 7.32629
 0.23924 8.12987
 0.23936 8.94996
 0.23948 9.77911
 0.2396 10.6097
 0.23972 11.4335
 0.23984 12.2438
 0.23996 13.034
 0.24008 13.7977
 0.2402 14.5273
 0.24032 15.2128
 0.24044 15.8447
 0.24056 16.4189
 0.24068 16.9338
 0.2408 17.3883
 0.24092 17.7815
 0.24104 18.1124
 0.24116 18.3794
 0.24128 18.5804
 0.2414 18.7129
 0.24152 18.7737
 0.24164 18.7598
 0.24176 18.6678
 0.24188 18.4963
 0.242 18.2488
 0.24212 17.9296
 0.24224 17.548
 0.24236 17.119
 0.24248 16.6558
 0.2426 16.1686
 0.24272 15.6667
 0.24284 15.1592
 0.24296 14.6524
 0.24308 14.1504
 0.2432 13.6575
 0.24332 13.1791
 0.24344 12.7222
 0.24356 12.2933
 0.24368 11.8986
 0.2438 11.5458
 0.24392 11.2377
 0.24404 10.9748
 0.24416 10.755
 0.24428 10.5709
 0.2444 10.414
 0.24452 10.2774
 0.24464 10.1548
 0.24476 10.0397
 0.24488 9.92499
 0.245 9.80913
 0.24512 9.69196
 0.24524 9.57158
 0.24536 9.44472
 0.24548 9.30758
 0.2456 9.15821
 0.24572 8.99411
 0.24584 8.81123
 0.24596 8.60605
 0.24608 8.37639
 0.2462 8.12258
 0.24632 7.84591
 0.24644 7.54628
 0.24656 7.22286
 0.24668 6.87546
 0.2468 6.50659
 0.24692 6.1198
 0.24704 5.71496
 0.24716 5.294
 0.24728 4.86204
 0.2474 4.42625
 0.24752 3.99302
 0.24764 3.56711
 0.24776 3.15396
 0.24788 2.76263
 0.248 2.40327
 0.24812 2.08446
 0.24824 1.81425
 0.24836 1.60119
 0.24848 1.45437
 0.2486 1.38273
 0.24872 1.39277
 0.24884 1.48572
 0.24896 1.66142
 0.24908 1.9204
 0.2492 2.25964
 0.24932 2.67149
 0.24944 3.14654
 0.24956 3.67642
 0.24968 4.25403
 0.2498 4.86981
 0.24992 5.50794
 0.25004 6.15268
 0.25016 6.78934
 0.25028 7.40258
 0.2504 7.97684
 0.25052 8.49725
 0.25064 8.94993
 0.25076 9.32473
 0.25088 9.61615
 0.251 9.81906
 0.25112 9.92868
 0.25124 9.94403
 0.25136 9.86752
 0.25148 9.7018
 0.2516 9.44825
 0.25172 9.10778
 0.25184 8.68733
 0.25196 8.19933
 0.25208 7.65579
 0.2522 7.06873
 0.25232 6.45202
 0.25244 5.81944
 0.25256 5.18346
 0.25268 4.55558
 0.2528 3.94483
 0.25292 3.35884
 0.25304 2.80517
 0.25316 2.29092
 0.25328 1.82084
 0.2534 1.39934
 0.25352 1.03106
 0.25364 0.721822
 0.25376 0.476815
 0.25388 0.295968
 0.254 0.176988
 0.25412 0.116983
 0.25424 0.111809
 0.25436 0.154936
 0.25448 0.240853
 0.2546 0.365703
 0.25472 0.526227
 0.25484 0.719523
 0.25496 0.942576
 0.25508 1.19327
 0.2552 1.46875
 0.25532 1.76653
 0.25544 2.08422
 0.25556 2.41981
 0.25568 2.77122
 0.2558 3.13703
 0.25592 3.51631
 0.25604 3.90745
 0.25616 4.31005
 0.25628 4.72525
 0.2564 5.15527
 0.25652 5.59997
 0.25664 6.05588
 0.25676 6.5192
 0.25688 6.9865
 0.257 7.45387
 0.25712 7.91692
 0.25724 8.37231
 0.25736 8.81546
 0.25748 9.24088
 0.2576 9.64118
 0.25772 10.0077
 0.25784 10.3322
 0.25796 10.6108
 0.25808 10.8414
 0.2582 11.0212
 0.25832 11.146
 0.25844 11.2108
 0.25856 11.2144
 0.25868 11.1586
 0.2588 11.0457
 0.25892 10.8774
 0.25904 10.6563
 0.25916 10.384
 0.25928 10.0633
 0.2594 9.69857
 0.25952 9.29545
 0.25964 8.86224
 0.25976 8.40838
 0.25988 7.94131
 0.26 7.46298
 0.26012 6.97441
 0.26024 6.47725
 0.26036 5.97445
 0.26048 5.47126
 0.2606 4.97014
 0.26072 4.47151
 0.26084 3.97583
 0.26096 3.48416
 0.26108 2.99747
 0.2612 2.51865
 0.26132 2.04947
 0.26144 1.591
 0.26156 1.14372
 0.26168 0.706412
 0.2618 0.278132
 0.26192 -0.138821
 0.26204 -0.538419
 0.26216 -0.91387
 0.26228 -1.25881
 0.2624 -1.56832
 0.26252 -1.83909
 0.26264 -2.06618
 0.26276 -2.24291
 0.26288 -2.36301
 0.263 -2.42005
 0.26312 -2.40814
 0.26324 -2.32495
 0.26336 -2.16821
 0.26348 -1.93576
 0.2636 -1.62562
 0.26372 -1.23627
 0.26384 -0.768718
 0.26396 -0.229263
 0.26408 0.371982
 0.2642 1.02432
 0.26432 1.71711
 0.26444 2.43959
 0.26456 3.18015
 0.26468 3.92591
 0.2648 4.66324
 0.26492 5.37799
 0.26504 6.05536
 0.26516 6.68227
 0.26528 7.24865
 0.2654 7.74464
 0.26552 8.16092
 0.26564 8.49129
 0.26576 8.7318
 0.26588 8.88324
 0.266 8.95287
 0.26612 8.95037
 0.26624 8.88559
 0.26636 8.76864
 0.26648 8.61169
 0.2666 8.42848
 0.26672 8.23292
 0.26684 8.03725
 0.26696 7.8545
 0.26708 7.69493
 0.2672 7.56706
 0.26732 7.47854
 0.26744 7.4371
 0.26756 7.44778
 0.26768 7.50957
 0.2678 7.61894
 0.26792 7.76873
 0.26804 7.94846
 0.26816 8.14723
 0.26828 8.35402
 0.2684 8.55707
 0.26852 8.74307
 0.26864 8.89758
 0.26876 9.00876
 0.26888 9.06716
 0.269 9.06614
 0.26912 9.00383
 0.26924 8.87897
 0.26936 8.68964
 0.26948 8.43388
 0.2696 8.11423
 0.26972 7.73846
 0.26984 7.31552
 0.26996 6.85538
 0.27008 6.36854
 0.2702 5.8653
 0.27032 5.35688
 0.27044 4.85517
 0.27056 4.37176
 0.27068 3.91736
 0.2708 3.49946
 0.27092 3.12432
 0.27104 2.79492
 0.27116 2.51209
 0.27128 2.27702
 0.2714 2.09264
 0.27152 1.96137
 0.27164 1.88217
 0.27176 1.85082
 0.27188 1.86255
 0.272 1.91229
 0.27212 1.99516
 0.27224 2.10667
 0.27236 2.24081
 0.27248 2.39186
 0.2726 2.55686
 0.27272 2.73587
 0.27284 2.92994
 0.27296 3.13992
 0.27308 3.36396
 0.2732 3.60036
 0.27332 3.84619
 0.27344 4.09778
 0.27356 4.35193
 0.27368 4.607
 0.2738 4.86331
 0.27392 5.12146
 0.27404 5.38252
 0.27416 5.64565
 0.27428 5.90953
 0.2744 6.17317
 0.27452 6.43398
 0.27464 6.68525
 0.27476 6.91797
 0.27488 7.1227
 0.275 7.29203
 0.27512 7.42453
 0.27524 7.51893
 0.27536 7.57321
 0.27548 7.5851
 0.2756 7.55336
 0.27572 7.47649
 0.27584 7.35235
 0.27596 7.17813
 0.27608 6.95171
 0.2762 6.67411
 0.27632 6.3469
 0.27644 5.9732
 0.27656 5.55746
 0.27668 5.10617
 0.2768 4.62663
 0.27692 4.1283
 0.27704 3.6184
 0.27716 3.10101
 0.27728 2.58034
 0.2774 2.06293
 0.27752 1.55482
 0.27764 1.06003
 0.27776 0.583541
 0.27788 0.131497
 0.278 -0.289053
 0.27812 -0.672824
 0.27824 -1.01622
 0.27836 -1.31639
 0.27848 -1.57259
 0.2786 -1.78305
 0.27872 -1.94522
 0.27884 -2.05771
 0.27896 -2.12215
 0.27908 -2.13928
 0.2792 -2.10907
 0.27932 -2.03156
 0.27944 -1.90817
 0.27956 -1.74027
 0.27968 -1.52817
 0.2798 -1.27517
 0.27992 -0.985213
 0.28004 -0.662258
 0.28016 -0.309128
 0.28028 0.0710053
 0.2804 0.475743
 0.28052 0.90342
 0.28064 1.3497
 0.28076 1.8092
 0.28088 2.27812
 0.281 2.7541
 0.28112 3.23295
 0.28124 3.70986
 0.28136 4.17999
 0.28148 4.64032
 0.2816 5.08829
 0.28172 5.52133
 0.28184 5.93869
 0.28196 6.3375
 0.28208 6.71394
 0.2822 7.06433
 0.28232 7.38642
 0.28244 7.67765
 0.28256 7.93632
 0.28268 8.16298
 0.2828 8.35869
 0.28292 8.52313
 0.28304 8.65668
 0.28316 8.76365
 0.28328 8.84855
 0.2834 8.91543
 0.28352 8.96517
 0.28364 8.99859
 0.28376 9.01512
 0.28388 9.01492
 0.284 9.0019
 0.28412 8.98024
 0.28424 8.95317
 0.28436 8.9231
 0.28448 8.89241
 0.2846 8.86173
 0.28472 8.83008
 0.28484 8.79643
 0.28496 8.76074
 0.28508 8.7199
 0.2852 8.66805
 0.28532 8.59947
 0.28544 8.50947
 0.28556 8.39678
 0.28568 8.26117
 0.2858 8.10488
 0.28592 7.92859
 0.28604 7.73079
 0.28616 7.51064
 0.28628 7.26769
 0.2864 7.00121
 0.28652 6.71041
 0.28664 6.39622
 0.28676 6.0609
 0.28688 5.70662
 0.287 5.33784
 0.28712 4.96289
 0.28724 4.59006
 0.28736 4.22748
 0.28748 3.88229
 0.2876 3.55976
 0.28772 3.2632
 0.28784 2.99467
 0.28796 2.75662
 0.28808 2.55111
 0.2882 2.37944
 0.28832 2.24323
 0.28844 2.14466
 0.28856 2.086
 0.28868 2.06817
 0.2888 2.09056
 0.28892 2.15075
 0.28904 2.24012
 0.28916 2.34766
 0.28928 2.46354
 0.2894 2.57769
 0.28952 2.68042
 0.28964 2.7627
 0.28976 2.81663
 0.28988 2.83454
 0.29 2.81056
 0.29012 2.74198
 0.29024 2.62634
 0.29036 2.46064
 0.29048 2.24149
 0.2906 1.9656
 0.29072 1.63133
 0.29084 1.23886
 0.29096 0.792901
 0.29108 0.303918
 0.2912 -0.217139
 0.29132 -0.759827
 0.29144 -1.31328
 0.29156 -1.86696
 0.29168 -2.4105
 0.2918 -2.9337
 0.29192 -3.42722
 0.29204 -3.88659
 0.29216 -4.31063
 0.29228 -4.69723
 0.2924 -5.04335
 0.29252 -5.34502
 0.29264 -5.5981
 0.29276 -5.79938
 0.29288 -5.94772
 0.293 -6.04636
 0.29312 -6.10061
 0.29324 -6.11364
 0.29336 -6.0885
 0.29348 -6.02844
 0.2936 -5.93747
 0.29372 -5.81987
 0.29384 -5.68029
 0.29396 -5.52162
 0.29408 -5.34244
 0.2942 -5.14062
 0.29432 -4.91601
 0.29444 -4.66972
 0.29456 -4.40445
 0.29468 -4.1237
 0.2948 -3.83082
 0.29492 -3.52713
 0.29504 -3.21194
 0.29516 -2.88693
 0.29528 -2.55899
 0.2954 -2.23502
 0.29552 -1.92104
 0.29564 -1.62144
 0.29576 -1.34027
 0.29588 -1.08006
 0.296 -0.841936
 0.29612 -0.628927
 0.29624 -0.44245
 0.29636 -0.28198
 0.29648 -0.145451
 0.2966 -0.0295522
 0.29672 0.0694014
 0.29684 0.154646
 0.29696 0.227127
 0.29708 0.286474
 0.2972 0.337605
 0.29732 0.389137
 0.29744 0.449068
 0.29756 0.524624
 0.29768 0.622459
 0.2978 0.74872
 0.29792 0.904681
 0.29804 1.08899
 0.29816 1.30051
 0.29828 1.5358
 0.2984 1.78925
 0.29852 2.0521
 0.29864 2.31419
 0.29876 2.56562
 0.29888 2.79731
 0.299 3.00406
 0.29912 3.18316
 0.29924 3.32917
 0.29936 3.43682
 0.29948 3.50136
 0.2996 3.51698
 0.29972 3.4776
 0.29984 3.37869
 0.29996 3.22068
 0.30008 3.00486
 0.3002 2.73284
 0.30032 2.40672
 0.30044 2.03272
 0.30056 1.62237
 0.30068 1.18946
 0.3008 0.747921
 0.30092 0.310691
 0.30104 -0.114126
 0.30116 -0.521271
 0.30128 -0.906575
 0.3014 -1.26696
 0.30152 -1.59844
 0.30164 -1.89529
 0.30176 -2.15177
 0.30188 -2.36481
 0.302 -2.5337
 0.30212 -2.65777
 0.30224 -2.73364
 0.30236 -2.75602
 0.30248 -2.7245
 0.3026 -2.64404
 0.30272 -2.52176
 0.30284 -2.36531
 0.30296 -2.18147
 0.30308 -1.97361
 0.3032 -1.74381
 0.30332 -1.4926
 0.30344 -1.22101
 0.30356 -0.931375
 0.30368 -0.626353
 0.3038 -0.30798
 0.30392 0.0242916
 0.30404 0.371499
 0.30416 0.733487
 0.30428 1.10367
 0.3044 1.47319
 0.30452 1.8361
 0.30464 2.18988
 0.30476 2.53351
 0.30488 2.86658
 0.305 3.1874
 0.30512 3.49343
 0.30524 3.78222
 0.30536 4.05123
 0.30548 4.29927
 0.3056 4.52431
 0.30572 4.72349
 0.30584 4.89348
 0.30596 5.03025
 0.30608 5.13171
 0.3062 5.19823
 0.30632 5.23553
 0.30644 5.25045
 0.30656 5.24889
 0.30668 5.23478
 0.3068 5.21017
 0.30692 5.17687
 0.30704 5.13791
 0.30716 5.09562
 0.30728 5.052
 0.3074 5.00812
 0.30752 4.96496
 0.30764 4.92583
 0.30776 4.89433
 0.30788 4.87415
 0.308 4.86703
 0.30812 4.87111
 0.30824 4.8836
 0.30836 4.90038
 0.30848 4.91724
 0.3086 4.93043
 0.30872 4.93865
 0.30884 4.94286
 0.30896 4.94373
 0.30908 4.94208
 0.3092 4.93925
 0.30932 4.93652
 0.30944 4.93625
 0.30956 4.94005
 0.30968 4.94843
 0.3098 4.96198
 0.30992 4.98147
 0.31004 5.01072
 0.31016 5.05414
 0.31028 5.11424
 0.3104 5.19265
 0.31052 5.29093
 0.31064 5.40899
 0.31076 5.54384
 0.31088 5.6914
 0.311 5.8478
 0.31112 6.0088
 0.31124 6.17048
 0.31136 6.32975
 0.31148 6.48198
 0.3116 6.62318
 0.31172 6.74978
 0.31184 6.85803
 0.31196 6.94373
 0.31208 7.00162
 0.3122 7.02968
 0.31232 7.02809
 0.31244 6.99764
 0.31256 6.93934
 0.31268 6.85693
 0.3128 6.75581
 0.31292 6.64174
 0.31304 6.51986
 0.31316 6.39506
 0.31328 6.27101
 0.3134 6.1502
 0.31352 6.03674
 0.31364 5.93314
 0.31376 5.84069
 0.31388 5.76113
 0.314 5.69695
 0.31412 5.64977
 0.31424 5.61939
 0.31436 5.60498
 0.31448 5.60599
 0.3146 5.62148
 0.31472 5.64947
 0.31484 5.68646
 0.31496 5.72833
 0.31508 5.77181
 0.3152 5.81352
 0.31532 5.85262
 0.31544 5.88971
 0.31556 5.92433
 0.31568 5.95897
 0.3158 5.99737
 0.31592 6.04327
 0.31604 6.10038
 0.31616 6.17249
 0.31628 6.26258
 0.3164 6.37244
 0.31652 6.50342
 0.31664 6.65578
 0.31676 6.82779
 0.31688 7.02039
 0.317 7.23496
 0.31712 7.47356
 0.31724 7.73965
 0.31736 8.03216
 0.31748 8.34869
 0.3176 8.68664
 0.31772 9.0411
 0.31784 9.40548
 0.31796 9.76898
 0.31808 10.1201
 0.3182 10.4476
 0.31832 10.7428
 0.31844 10.9978
 0.31856 11.2054
 0.31868 11.3619
 0.3188 11.4661
 0.31892 11.5147
 0.31904 11.5043
 0.31916 11.4269
 0.31928 11.2736
 0.3194 11.0408
 0.31952 10.7262
 0.31964 10.3289
 0.31976 9.84865
 0.31988 9.29069
 0.32 8.66636
 0.32012 7.98707
 0.32024 7.2638
 0.32036 6.50636
 0.32048 5.72436
 0.3206 4.92729
 0.32072 4.12166
 0.32084 3.31374
 0.32096 2.51034
 0.32108 1.71971
 0.3212 0.955896
 0.32132 0.231503
 0.32144 -0.444292
 0.32156 -1.06302
 0.32168 -1.61628
 0.3218 -2.09618
 0.32192 -2.50018
 0.32204 -2.82776
 0.32216 -3.07789
 0.32228 -3.2497
 0.3224 -3.3424
 0.32252 -3.35582
 0.32264 -3.2908
 0.32276 -3.14908
 0.32288 -2.9345
 0.323 -2.65088
 0.32312 -2.30341
 0.32324 -1.90028
 0.32336 -1.44905
 0.32348 -0.956495
 0.3236 -0.430708
 0.32372 0.118259
 0.32384 0.680863
 0.32396 1.24869
 0.32408 1.81234
 0.3242 2.36218
 0.32432 2.88867
 0.32444 3.38185
 0.32456 3.8331
 0.32468 4.23563
 0.3248 4.58613
 0.32492 4.88349
 0.32504 5.12578
 0.32516 5.31188
 0.32528 5.44318
 0.3254 5.52252
 0.32552 5.55302
 0.32564 5.53863
 0.32576 5.48423
 0.32588 5.39457
 0.326 5.27537
 0.32612 5.13327
 0.32624 4.97462
 0.32636 4.80645
 0.32648 4.63636
 0.3266 4.47079
 0.32672 4.31481
 0.32684 4.17087
 0.32696 4.04132
 0.32708 3.9283
 0.3272 3.8308
 0.32732 3.74511
 0.32744 3.66652
 0.32756 3.59172
 0.32768 3.51899
 0.3278 3.44702
 0.32792 3.37428
 0.32804 3.29849
 0.32816 3.2176
 0.32828 3.1311
 0.3284 3.03796
 0.32852 2.93718
 0.32864 2.82829
 0.32876 2.71117
 0.32888 2.58595
 0.329 2.45254
 0.32912 2.31394
 0.32924 2.1765
 0.32936 2.04718
 0.32948 1.9328
 0.3296 1.83847
 0.32972 1.76771
 0.32984 1.72337
 0.32996 1.70837
 0.33008 1.72586
 0.3302 1.77724
 0.33032 1.86187
 0.33044 1.97899
 0.33056 2.12844
 0.33068 2.30959
 0.3308 2.52214
 0.33092 2.76619
 0.33104 3.04133
 0.33116 3.34471
 0.33128 3.67312
 0.3314 4.02371
 0.33152 4.39326
 0.33164 4.7783
 0.33176 5.17529
 0.33188 5.58058
 0.332 5.99022
 0.33212 6.40032
 0.33224 6.80882
 0.33236 7.2149
 0.33248 7.61544
 0.3326 8.00538
 0.33272 8.38028
 0.33284 8.73521
 0.33296 9.06532
 0.33308 9.36607
 0.3332 9.63228
 0.33332 9.85824
 0.33344 10.0382
 0.33356 10.1678
 0.33368 10.2446
 0.3338 10.2686
 0.33392 10.2415
 0.33404 10.1658
 0.33416 10.0438
 0.33428 9.87725
 0.3344 9.66868
 0.33452 9.42686
 0.33464 9.16173
 0.33476 8.88292
 0.33488 8.59995
 0.335 8.31985
 0.33512 8.04944
 0.33524 7.79649
 0.33536 7.56884
 0.33548 7.37441
 0.3356 7.21935
 0.33572 7.10698
 0.33584 7.03693
 0.33596 7.00725
 0.33608 7.01534
 0.3362 7.05833
 0.33632 7.13327
 0.33644 7.23414
 0.33656 7.35
 0.33668 7.47019
 0.3368 7.58418
 0.33692 7.68364
 0.33704 7.76477
 0.33716 7.82458
 0.33728 7.86078
 0.3374 7.87087
 0.33752 7.85169
 0.33764 7.80193
 0.33776 7.72288
 0.33788 7.61795
 0.338 7.48982
 0.33812 7.34133
 0.33824 7.17587
 0.33836 6.99768
 0.33848 6.81357
 0.3386 6.63163
 0.33872 6.46034
 0.33884 6.3082
 0.33896 6.18097
 0.33908 6.08014
 0.3392 6.00615
 0.33932 5.95761
 0.33944 5.93451
 0.33956 5.93822
 0.33968 5.96971
 0.3398 6.02892
 0.33992 6.11612
 0.34004 6.23409
 0.34016 6.38555
 0.34028 6.5721
 0.3404 6.79324
 0.34052 7.04732
 0.34064 7.33145
 0.34076 7.63937
 0.34088 7.96438
 0.341 8.30204
 0.34112 8.65191
 0.34124 9.0143
 0.34136 9.39027
 0.34148 9.77892
 0.3416 10.1745
 0.34172 10.5695
 0.34184 10.9563
 0.34196 11.3263
 0.34208 11.6682
 0.3422 11.9708
 0.34232 12.2255
 0.34244 12.4256
 0.34256 12.566
 0.34268 12.6449
 0.3428 12.6653
 0.34292 12.6302
 0.34304 12.5379
 0.34316 12.3839
 0.34328 12.1634
 0.3434 11.8717
 0.34352 11.5074
 0.34364 11.0764
 0.34376 10.5862
 0.34388 10.0438
 0.344 9.45819
 0.34412 8.84185
 0.34424 8.20788
 0.34436 7.56796
 0.34448 6.93233
 0.3446 6.309
 0.34472 5.70337
 0.34484 5.11859
 0.34496 4.5592
 0.34508 4.03538
 0.3452 3.55865
 0.34532 3.14045
 0.34544 2.79198
 0.34556 2.52122
 0.34568 2.33239
 0.3458 2.22974
 0.34592 2.218
 0.34604 2.29722
 0.34616 2.46265
 0.34628 2.70664
 0.3464 3.02067
 0.34652 3.39757
 0.34664 3.83039
 0.34676 4.31149
 0.34688 4.83457
 0.347 5.39323
 0.34712 5.97836
 0.34724 6.58067
 0.34736 7.19085
 0.34748 7.79975
 0.3476 8.3995
 0.34772 8.98212
 0.34784 9.53881
 0.34796 10.0612
 0.34808 10.5456
 0.3482 10.9936
 0.34832 11.4108
 0.34844 11.8037
 0.34856 12.1786
 0.34868 12.5449
 0.3488 12.9124
 0.34892 13.2845
 0.34904 13.6607
 0.34916 14.0411
 0.34928 14.4258
 0.3494 14.8149
 0.34952 15.2062
 0.34964 15.5957
 0.34976 15.981
 0.34988 16.3608
 0.35 16.7329
 0.35012 17.093
 0.35024 17.4323
 0.35036 17.7406
 0.35048 18.0088
 0.3506 18.2261
 0.35072 18.3784
 0.35084 18.4542
 0.35096 18.4532
 0.35108 18.377
 0.3512 18.2285
 0.35132 18.011
 0.35144 17.7286
 0.35156 17.3912
 0.35168 17.01
 0.3518 16.5944
 0.35192 16.1533
 0.35204 15.6957
 0.35216 15.2316
 0.35228 14.772
 0.3524 14.3253
 0.35252 13.8967
 0.35264 13.4948
 0.35276 13.1293
 0.35288 12.8064
 0.353 12.5277
 0.35312 12.2929
 0.35324 12.0974
 0.35336 11.9359
 0.35348 11.8009
 0.3536 11.6808
 0.35372 11.5639
 0.35384 11.4405
 0.35396 11.3012
 0.35408 11.137
 0.3542 10.9394
 0.35432 10.7031
 0.35444 10.4274
 0.35456 10.1129
 0.35468 9.75853
 0.3548 9.3627
 0.35492 8.92478
 0.35504 8.44234
 0.35516 7.918
 0.35528 7.35954
 0.3554 6.77526
 0.35552 6.17591
 0.35564 5.57458
 0.35576 4.98285
 0.35588 4.4108
 0.356 3.86756
 0.35612 3.3612
 0.35624 2.89755
 0.35636 2.47863
 0.35648 2.10412
 0.3566 1.77362
 0.35672 1.48713
 0.35684 1.24474
 0.35696 1.04784
 0.35708 0.900879
 0.3572 0.803317
 0.35732 0.752607
 0.35744 0.745201
 0.35756 0.774273
 0.35768 0.831819
 0.3578 0.911388
 0.35792 1.00711
 0.35804 1.11461
 0.35816 1.23102
 0.35828 1.35539
 0.3584 1.48796
 0.35852 1.62928
 0.35864 1.77988
 0.35876 1.94019
 0.35888 2.11069
 0.359 2.28967
 0.35912 2.47337
 0.35924 2.66048
 0.35936 2.84947
 0.35948 3.03968
 0.3596 3.23157
 0.35972 3.42542
 0.35984 3.62189
 0.35996 3.82209
 0.36008 4.02525
 0.3602 4.22916
 0.36032 4.43154
 0.36044 4.63023
 0.36056 4.823
 0.36068 5.0079
 0.3608 5.18368
 0.36092 5.3496
 0.36104 5.50651
 0.36116 5.65476
 0.36128 5.793
 0.3614 5.92105
 0.36152 6.03999
 0.36164 6.15226
 0.36176 6.26026
 0.36188 6.36485
 0.362 6.46584
 0.36212 6.56478
 0.36224 6.66407
 0.36236 6.76556
 0.36248 6.87157
 0.3626 6.98435
 0.36272 7.10522
 0.36284 7.23263
 0.36296 7.36427
 0.36308 7.49779
 0.3632 7.63251
 0.36332 7.76888
 0.36344 7.90713
 0.36356 8.04679
 0.36368 8.18692
 0.3638 8.3268
 0.36392 8.46737
 0.36404 8.6105
 0.36416 8.75626
 0.36428 8.90434
 0.3644 9.05387
 0.36452 9.20283
 0.36464 9.34929
 0.36476 9.49246
 0.36488 9.63494
 0.365 9.77945
 0.36512 9.92834
 0.36524 10.0832
 0.36536 10.2441
 0.36548 10.4083
 0.3656 10.5697
 0.36572 10.722
 0.36584 10.8582
 0.36596 10.9704
 0.36608 11.0513
 0.3662 11.0954
 0.36632 11.0981
 0.36644 11.0564
 0.36656 10.9682
 0.36668 10.8336
 0.3668 10.6522
 0.36692 10.422
 0.36704 10.141
 0.36716 9.80857
 0.36728 9.42527
 0.3674 8.99389
 0.36752 8.52234
 0.36764 8.02165
 0.36776 7.50458
 0.36788 6.98476
 0.368 6.47602
 0.36812 5.98984
 0.36824 5.53607
 0.36836 5.1232
 0.36848 4.759
 0.3686 4.45072
 0.36872 4.20146
 0.36884 4.01573
 0.36896 3.89935
 0.36908 3.85684
 0.3692 3.88838
 0.36932 3.99211
 0.36944 4.16494
 0.36956 4.40207
 0.36968 4.69688
 0.3698 5.03945
 0.36992 5.41867
 0.37004 5.82492
 0.37016 6.25157
 0.37028 6.6929
 0.3704 7.14377
 0.37052 7.59782
 0.37064 8.04912
 0.37076 8.49315
 0.37088 8.92247
 0.371 9.32845
 0.37112 9.70578
 0.37124 10.0539
 0.37136 10.3731
 0.37148 10.6627
 0.3716 10.9216
 0.37172 11.1498
 0.37184 11.3512
 0.37196 11.5293
 0.37208 11.6836
 0.3722 11.8121
 0.37232 11.9132
 0.37244 11.986
 0.37256 12.031
 0.37268 12.0484
 0.3728 12.0394
 0.37292 12.0079
 0.37304 11.959
 0.37316 11.8952
 0.37328 11.8174
 0.3734 11.7268
 0.37352 11.6258
 0.37364 11.5178
 0.37376 11.4047
 0.37388 11.2866
 0.374 11.1659
 0.37412 11.0472
 0.37424 10.9344
 0.37436 10.8301
 0.37448 10.7353
 0.3746 10.6521
 0.37472 10.5827
 0.37484 10.5284
 0.37496 10.4888
 0.37508 10.4626
 0.3752 10.4486
 0.37532 10.4463
 0.37544 10.454
 0.37556 10.4679
 0.37568 10.4842
 0.3758 10.4994
 0.37592 10.5109
 0.37604 10.5157
 0.37616 10.512
 0.37628 10.4983
 0.3764 10.4754
 0.37652 10.4455
 0.37664 10.4095
 0.37676 10.3689
 0.37688 10.3258
 0.377 10.2829
 0.37712 10.2419
 0.37724 10.2046
 0.37736 10.1724
 0.37748 10.1477
 0.3776 10.1334
 0.37772 10.1326
 0.37784 10.1484
 0.37796 10.1827
 0.37808 10.2365
 0.3782 10.3103
 0.37832 10.4056
 0.37844 10.5218
 0.37856 10.6551
 0.37868 10.8009
 0.3788 10.9528
 0.37892 11.1039
 0.37904 11.2486
 0.37916 11.382
 0.37928 11.4993
 0.3794 11.5964
 0.37952 11.6705
 0.37964 11.7197
 0.37976 11.742
 0.37988 11.7353
 0.38 11.6976
 0.38012 11.6244
 0.38024 11.5101
 0.38036 11.3478
 0.38048 11.1334
 0.3806 10.8669
 0.38072 10.5499
 0.38084 10.1862
 0.38096 9.77893
 0.38108 9.33017
 0.3812 8.84313
 0.38132 8.32158
 0.38144 7.7684
 0.38156 7.18502
 0.38168 6.57284
 0.3818 5.93357
 0.38192 5.26921
 0.38204 4.58521
 0.38216 3.89143
 0.38228 3.19888
 0.3824 2.51914
 0.38252 1.86135
 0.38264 1.23294
 0.38276 0.640369
 0.38288 0.0899636
 0.383 -0.410908
 0.38312 -0.855287
 0.38324 -1.23757
 0.38336 -1.55326
 0.38348 -1.79679
 0.3836 -1.96127
 0.38372 -2.04044
 0.38384 -2.02937
 0.38396 -1.92423
 0.38408 -1.72555
 0.3842 -1.43579
 0.38432 -1.05905
 0.38444 -0.599912
 0.38456 -0.0623579
 0.38468 0.54886
 0.3848 1.22907
 0.38492 1.97336
 0.38504 2.77664
 0.38516 3.63419
 0.38528 4.54212
 0.3854 5.4968
 0.38552 6.48674
 0.38564 7.49593
 0.38576 8.51075
 0.38588 9.51969
 0.386 10.5122
 0.38612 11.4781
 0.38624 12.4077
 0.38636 13.2935
 0.38648 14.1284
 0.3866 14.906
 0.38672 15.6204
 0.38684 16.2646
 0.38696 16.8307
 0.38708 17.3109
 0.3872 17.6982
 0.38732 17.9851
 0.38744 18.1676
 0.38756 18.2572
 0.38768 18.2669
 0.3878 18.205
 0.38792 18.0789
 0.38804 17.8964
 0.38816 17.6665
 0.38828 17.3989
 0.3884 17.1022
 0.38852 16.7839
 0.38864 16.4515
 0.38876 16.1135
 0.38888 15.7798
 0.389 15.4601
 0.38912 15.1615
 0.38924 14.8894
 0.38936 14.6495
 0.38948 14.4414
 0.3896 14.2566
 0.38972 14.0908
 0.38984 13.942
 0.38996 13.8082
 0.39008 13.6866
 0.3902 13.5729
 0.39032 13.4612
 0.39044 13.345
 0.39056 13.2192
 0.39068 13.0773
 0.3908 12.9123
 0.39092 12.7179
 0.39104 12.4905
 0.39116 12.2308
 0.39128 11.9403
 0.3914 11.6198
 0.39152 11.2719
 0.39164 10.8991
 0.39176 10.5007
 0.39188 10.0772
 0.392 9.62986
 0.39212 9.16078
 0.39224 8.67326
 0.39236 8.17272
 0.39248 7.66464
 0.3926 7.15462
 0.39272 6.64899
 0.39284 6.1537
 0.39296 5.67182
 0.39308 5.20358
 0.3932 4.74689
 0.39332 4.30198
 0.39344 3.8715
 0.39356 3.45803
 0.39368 3.06517
 0.3938 2.69604
 0.39392 2.35233
 0.39404 2.03438
 0.39416 1.74223
 0.39428 1.47575
 0.3944 1.23411
 0.39452 1.01722
 0.39464 0.824314
 0.39476 0.654544
 0.39488 0.508845
 0.395 0.390953
 0.39512 0.305603
 0.39524 0.257385
 0.39536 0.246295
 0.39548 0.270259
 0.3956 0.328062
 0.39572 0.418756
 0.39584 0.543032
 0.39596 0.702264
 0.39608 0.897635
 0.3962 1.12962
 0.39632 1.39756
 0.39644 1.69965
 0.39656 2.03386
 0.39668 2.399
 0.3968 2.79339
 0.39692 3.21321
 0.39704 3.65352
 0.39716 4.10946
 0.39728 4.57606
 0.3974 5.05126
 0.39752 5.53344
 0.39764 6.01857
 0.39776 6.50113
 0.39788 6.97375
 0.398 7.42898
 0.39812 7.861
 0.39824 8.26539
 0.39836 8.64056
 0.39848 8.98574
 0.3986 9.29977
 0.39872 9.58055
 0.39884 9.82662
 0.39896 10.0371
 0.39908 10.2103
 0.3992 10.3452
 0.39932 10.4424
 0.39944 10.5021
 0.39956 10.5256
 0.39968 10.5167
 0.3998 10.4814
 0.39992 10.4272
 0.40004 10.3617
 0.40016 10.2913
 0.40028 10.219
 0.4004 10.1457
 0.40052 10.0722
 0.40064 9.99915
 0.40076 9.92844
 0.40088 9.86212
 0.401 9.80337
 0.40112 9.75607
 0.40124 9.72284
 0.40136 9.70407
 0.40148 9.69979
 0.4016 9.70962
 0.40172 9.73209
 0.40184 9.76433
 0.40196 9.80237
 0.40208 9.84197
 0.4022 9.88065
 0.40232 9.9206
 0.40244 9.96352
 0.40256 10.0111
 0.40268 10.0635
 0.4028 10.1192
 0.40292 10.1756
 0.40304 10.23
 0.40316 10.2798
 0.40328 10.3238
 0.4034 10.3626
 0.40352 10.3969
 0.40364 10.4265
 0.40376 10.4521
 0.40388 10.4748
 0.404 10.4969
 0.40412 10.5205
 0.40424 10.5449
 0.40436 10.5669
 0.40448 10.5848
 0.4046 10.5984
 0.40472 10.6105
 0.40484 10.6245
 0.40496 10.6422
 0.40508 10.6641
 0.4052 10.6902
 0.40532 10.7203
 0.40544 10.7534
 0.40556 10.7883
 0.40568 10.8244
 0.4058 10.8601
 0.40592 10.8935
 0.40604 10.9225
 0.40616 10.9447
 0.40628 10.9595
 0.4064 10.9662
 0.40652 10.9638
 0.40664 10.9489
 0.40676 10.9186
 0.40688 10.8716
 0.407 10.8096
 0.40712 10.735
 0.40724 10.6488
 0.40736 10.5509
 0.40748 10.4419
 0.4076 10.3225
 0.40772 10.1934
 0.40784 10.0557
 0.40796 9.90895
 0.40808 9.75217
 0.4082 9.58506
 0.40832 9.40612
 0.40844 9.21314
 0.40856 9.00473
 0.40868 8.77969
 0.4088 8.53507
 0.40892 8.26727
 0.40904 7.97512
 0.40916 7.65944
 0.40928 7.32404
 0.4094 6.97235
 0.40952 6.60654
 0.40964 6.22865
 0.40976 5.84062
 0.40988 5.44549
 0.41 5.04917
 0.41012 4.6577
 0.41024 4.27775
 0.41036 3.91962
 0.41048 3.59387
 0.4106 3.31012
 0.41072 3.07814
 0.41084 2.90839
 0.41096 2.8068
 0.41108 2.77094
 0.4112 2.79502
 0.41132 2.87246
 0.41144 2.9995
 0.41156 3.17396
 0.41168 3.39435
 0.4118 3.65968
 0.41192 3.96756
 0.41204 4.31433
 0.41216 4.69639
 0.41228 5.10802
 0.4124 5.53963
 0.41252 5.98162
 0.41264 6.42497
 0.41276 6.85947
 0.41288 7.27494
 0.413 7.66777
 0.41312 8.0422
 0.41324 8.40357
 0.41336 8.75491
 0.41348 9.0968
 0.4136 9.42708
 0.41372 9.74086
 0.41384 10.0317
 0.41396 10.2935
 0.41408 10.5201
 0.4142 10.7056
 0.41432 10.8452
 0.41444 10.937
 0.41456 10.9788
 0.41468 10.9685
 0.4148 10.9065
 0.41492 10.7935
 0.41504 10.628
 0.41516 10.4056
 0.41528 10.1237
 0.4154 9.78141
 0.41552 9.37992
 0.41564 8.92512
 0.41576 8.42703
 0.41588 7.89708
 0.416 7.34684
 0.41612 6.78807
 0.41624 6.23264
 0.41636 5.69223
 0.41648 5.17735
 0.4166 4.69989
 0.41672 4.27147
 0.41684 3.90237
 0.41696 3.59906
 0.41708 3.36563
 0.4172 3.20592
 0.41732 3.12279
 0.41744 3.11857
 0.41756 3.19319
 0.41768 3.34263
 0.4178 3.56043
 0.41792 3.83965
 0.41804 4.1728
 0.41816 4.55199
 0.41828 4.96836
 0.4184 5.41247
 0.41852 5.8746
 0.41864 6.34261
 0.41876 6.80353
 0.41888 7.24602
 0.419 7.6643
 0.41912 8.05477
 0.41924 8.41349
 0.41936 8.73579
 0.41948 9.01664
 0.4196 9.25188
 0.41972 9.43845
 0.41984 9.57358
 0.41996 9.65488
 0.42008 9.68065
 0.4202 9.6501
 0.42032 9.56411
 0.42044 9.42366
 0.42056 9.23077
 0.42068 8.9893
 0.4208 8.70432
 0.42092 8.37968
 0.42104 8.01721
 0.42116 7.61838
 0.42128 7.18614
 0.4214 6.7246
 0.42152 6.23952
 0.42164 5.73737
 0.42176 5.22546
 0.42188 4.71132
 0.422 4.20182
 0.42212 3.70367
 0.42224 3.22244
 0.42236 2.76371
 0.42248 2.33453
 0.4226 1.94202
 0.42272 1.59366
 0.42284 1.29598
 0.42296 1.05291
 0.42308 0.866621
 0.4232 0.738864
 0.42332 0.670273
 0.42344 0.66063
 0.42356 0.708519
 0.42368 0.813465
 0.4238 0.97485
 0.42392 1.1924
 0.42404 1.46631
 0.42416 1.79648
 0.42428 2.18355
 0.4244 2.62555
 0.42452 3.11798
 0.42464 3.6529
 0.42476 4.22029
 0.42488 4.81201
 0.425 5.42535
 0.42512 6.05988
 0.42524 6.71561
 0.42536 7.39282
 0.42548 8.0921
 0.4256 8.81131
 0.42572 9.54111
 0.42584 10.2706
 0.42596 10.9886
 0.42608 11.6837
 0.4262 12.3451
 0.42632 12.9614
 0.42644 13.5241
 0.42656 14.0282
 0.42668 14.4743
 0.4268 14.8644
 0.42692 15.1977
 0.42704 15.4689
 0.42716 15.6711
 0.42728 15.7975
 0.4274 15.8412
 0.42752 15.7954
 0.42764 15.6623
 0.42776 15.453
 0.42788 15.1794
 0.428 14.8538
 0.42812 14.4877
 0.42824 14.0924
 0.42836 13.679
 0.42848 13.2564
 0.4286 12.8294
 0.42872 12.3993
 0.42884 11.9679
 0.42896 11.5405
 0.42908 11.1244
 0.4292 10.7272
 0.42932 10.3556
 0.42944 10.0169
 0.42956 9.71738
 0.42968 9.45534
 0.4298 9.22571
 0.42992 9.02326
 0.43004 8.84286
 0.43016 8.68044
 0.43028 8.53281
 0.4304 8.39839
 0.43052 8.27867
 0.43064 8.1768
 0.43076 8.09395
 0.43088 8.02889
 0.431 7.9778
 0.43112 7.93758
 0.43124 7.90873
 0.43136 7.89165
 0.43148 7.88562
 0.4316 7.89058
 0.43172 7.90872
 0.43184 7.94279
 0.43196 7.99563
 0.43208 8.06953
 0.4322 8.16535
 0.43232 8.28362
 0.43244 8.42145
 0.43256 8.57434
 0.43268 8.74202
 0.4328 8.92792
 0.43292 9.13942
 0.43304 9.38261
 0.43316 9.65846
 0.43328 9.96344
 0.4334 10.2954
 0.43352 10.653
 0.43364 11.0343
 0.43376 11.4368
 0.43388 11.8578
 0.434 12.295
 0.43412 12.7472
 0.43424 13.2119
 0.43436 13.6866
 0.43448 14.1705
 0.4346 14.6609
 0.43472 15.1506
 0.43484 15.6288
 0.43496 16.0815
 0.43508 16.4999
 0.4352 16.8807
 0.43532 17.2232
 0.43544 17.5263
 0.43556 17.7886
 0.43568 18.0099
 0.4358 18.1897
 0.43592 18.3247
 0.43604 18.4115
 0.43616 18.447
 0.43628 18.4316
 0.4364 18.3662
 0.43652 18.2518
 0.43664 18.0899
 0.43676 17.8846
 0.43688 17.6425
 0.437 17.3723
 0.43712 17.0775
 0.43724 16.7576
 0.43736 16.4113
 0.43748 16.0369
 0.4376 15.6329
 0.43772 15.1973
 0.43784 14.7323
 0.43796 14.2431
 0.43808 13.735
 0.4382 13.2113
 0.43832 12.6722
 0.43844 12.1179
 0.43856 11.5508
 0.43868 10.9737
 0.4388 10.3889
 0.43892 9.79761
 0.43904 9.20028
 0.43916 8.60196
 0.43928 8.00924
 0.4394 7.42882
 0.43952 6.86802
 0.43964 6.33366
 0.43976 5.83105
 0.43988 5.36174
 0.44 4.92716
 0.44012 4.52891
 0.44024 4.1697
 0.44036 3.85363
 0.44048 3.5831
 0.4406 3.35842
 0.44072 3.18003
 0.44084 3.0478
 0.44096 2.96194
 0.44108 2.9224
 0.4412 2.92657
 0.44132 2.9725
 0.44144 3.0575
 0.44156 3.17857
 0.44168 3.33373
 0.4418 3.52201
 0.44192 3.74108
 0.44204 3.98587
 0.44216 4.25169
 0.44228 4.53523
 0.4424 4.8336
 0.44252 5.14561
 0.44264 5.46908
 0.44276 5.79906
 0.44288 6.13009
 0.443 6.45564
 0.44312 6.76953
 0.44324 7.06599
 0.44336 7.33878
 0.44348 7.58166
 0.4436 7.78812
 0.44372 7.95131
 0.44384 8.06508
 0.44396 8.12838
 0.44408 8.14257
 0.4442 8.10759
 0.44432 8.02052
 0.44444 7.87724
 0.44456 7.67386
 0.44468 7.41234
 0.4448 7.09933
 0.44492 6.7441
 0.44504 6.35651
 0.44516 5.94543
 0.44528 5.51867
 0.4454 5.08443
 0.44552 4.65166
 0.44564 4.22956
 0.44576 3.82716
 0.44588 3.45216
 0.446 3.10866
 0.44612 2.79965
 0.44624 2.52934
 0.44636 2.304
 0.44648 2.13252
 0.4466 2.02127
 0.44672 1.9706
 0.44684 1.97622
 0.44696 2.03125
 0.44708 2.13005
 0.4472 2.26943
 0.44732 2.4481
 0.44744 2.66342
 0.44756 2.91195
 0.44768 3.19014
 0.4478 3.4945
 0.44792 3.82216
 0.44804 4.17156
 0.44816 4.54295
 0.44828 4.93577
 0.4484 5.34658
 0.44852 5.76882
 0.44864 6.1967
 0.44876 6.62607
 0.44888 7.05601
 0.449 7.48538
 0.44912 7.91125
 0.44924 8.32592
 0.44936 8.72099
 0.44948 9.09068
 0.4496 9.42967
 0.44972 9.73267
 0.44984 9.99444
 0.44996 10.2097
 0.45008 10.3713
 0.4502 10.4715
 0.45032 10.5055
 0.45044 10.4715
 0.45056 10.3686
 0.45068 10.1993
 0.4508 9.96697
 0.45092 9.67675
 0.45104 9.33551
 0.45116 8.95286
 0.45128 8.54374
 0.4514 8.1219
 0.45152 7.69937
 0.45164 7.28813
 0.45176 6.90008
 0.45188 6.54691
 0.452 6.24059
 0.45212 5.9947
 0.45224 5.81935
 0.45236 5.72008
 0.45248 5.7033
 0.4526 5.77495
 0.45272 5.93729
 0.45284 6.18812
 0.45296 6.5194
 0.45308 6.92135
 0.4532 7.38193
 0.45332 7.88735
 0.45344 8.425
 0.45356 8.98264
 0.45368 9.54826
 0.4538 10.1103
 0.45392 10.6573
 0.45404 11.1775
 0.45416 11.6591
 0.45428 12.0954
 0.4544 12.4817
 0.45452 12.8121
 0.45464 13.0808
 0.45476 13.2864
 0.45488 13.4336
 0.455 13.5332
 0.45512 13.595
 0.45524 13.6273
 0.45536 13.6365
 0.45548 13.6283
 0.4556 13.6083
 0.45572 13.5808
 0.45584 13.5495
 0.45596 13.5165
 0.45608 13.484
 0.4562 13.4529
 0.45632 13.4218
 0.45644 13.3888
 0.45656 13.3521
 0.45668 13.3078
 0.4568 13.2493
 0.45692 13.1664
 0.45704 13.0474
 0.45716 12.8844
 0.45728 12.6729
 0.4574 12.4113
 0.45752 12.0975
 0.45764 11.7303
 0.45776 11.3102
 0.45788 10.8402
 0.458 10.3281
 0.45812 9.78247
 0.45824 9.21283
 0.45836 8.62938
 0.45848 8.04237
 0.4586 7.46354
 0.45872 6.90587
 0.45884 6.38084
 0.45896 5.8981
 0.45908 5.46572
 0.4592 5.08925
 0.45932 4.77195
 0.45944 4.51627
 0.45956 4.32481
 0.45968 4.19933
 0.4598 4.14041
 0.45992 4.14254
 0.46004 4.19533
 0.46016 4.28868
 0.46028 4.41174
 0.4604 4.55268
 0.46052 4.69959
 0.46064 4.83938
 0.46076 4.96203
 0.46088 5.06147
 0.461 5.13511
 0.46112 5.1813
 0.46124 5.19917
 0.46136 5.18856
 0.46148 5.14973
 0.4616 5.08321
 0.46172 4.99001
 0.46184 4.87228
 0.46196 4.73765
 0.46208 4.59464
 0.4622 4.44994
 0.46232 4.31219
 0.46244 4.19109
 0.46256 4.09678
 0.46268 4.03851
 0.4628 4.02216
 0.46292 4.05081
 0.46304 4.12614
 0.46316 4.24908
 0.46328 4.41914
 0.4634 4.63525
 0.46352 4.89582
 0.46364 5.19804
 0.46376 5.53826
 0.46388 5.91207
 0.464 6.31269
 0.46412 6.73442
 0.46424 7.17214
 0.46436 7.61751
 0.46448 8.06117
 0.4646 8.49317
 0.46472 8.90419
 0.46484 9.28557
 0.46496 9.62929
 0.46508 9.92741
 0.4652 10.1742
 0.46532 10.3658
 0.46544 10.4974
 0.46556 10.5649
 0.46568 10.5667
 0.4658 10.5028
 0.46592 10.3736
 0.46604 10.1819
 0.46616 9.93023
 0.46628 9.62373
 0.4664 9.27025
 0.46652 8.87836
 0.46664 8.45704
 0.46676 8.01616
 0.46688 7.56655
 0.467 7.11929
 0.46712 6.68508
 0.46724 6.27119
 0.46736 5.88472
 0.46748 5.53441
 0.4676 5.22807
 0.46772 4.96994
 0.46784 4.76272
 0.46796 4.60773
 0.46808 4.50326
 0.4682 4.44629
 0.46832 4.43305
 0.46844 4.45918
 0.46856 4.5203
 0.46868 4.61174
 0.4688 4.72718
 0.46892 4.85859
 0.46904 4.99783
 0.46916 5.13804
 0.46928 5.27558
 0.4694 5.40677
 0.46952 5.52791
 0.46964 5.63633
 0.46976 5.7326
 0.46988 5.81812
 0.47 5.89645
 0.47012 5.9734
 0.47024 6.05289
 0.47036 6.13521
 0.47048 6.22005
 0.4706 6.3071
 0.47072 6.39637
 0.47084 6.48985
 0.47096 6.59108
 0.47108 6.70282
 0.4712 6.82599
 0.47132 6.95896
 0.47144 7.09786
 0.47156 7.23821
 0.47168 7.37459
 0.4718 7.49995
 0.47192 7.60766
 0.47204 7.68993
 0.47216 7.74035
 0.47228 7.75747
 0.4724 7.7434
 0.47252 7.70046
 0.47264 7.63017
 0.47276 7.53268
 0.47288 7.4065
 0.473 7.24956
 0.47312 7.06057
 0.47324 6.83921
 0.47336 6.58852
 0.47348 6.31369
 0.4736 6.02082
 0.47372 5.71669
 0.47384 5.40761
 0.47396 5.09876
 0.47408 4.7925
 0.4742 4.48806
 0.47432 4.18122
 0.47444 3.86652
 0.47456 3.53775
 0.47468 3.19247
 0.4748 2.8315
 0.47492 2.45593
 0.47504 2.06889
 0.47516 1.67558
 0.47528 1.28134
 0.4754 0.889466
 0.47552 0.502097
 0.47564 0.119763
 0.47576 -0.257029
 0.47588 -0.626954
 0.476 -0.986203
 0.47612 -1.32657
 0.47624 -1.63735
 0.47636 -1.90641
 0.47648 -2.12072
 0.4766 -2.26724
 0.47672 -2.34054
 0.47684 -2.33674
 0.47696 -2.2507
 0.47708 -2.08238
 0.4772 -1.83604
 0.47732 -1.51853
 0.47744 -1.13678
 0.47756 -0.696109
 0.47768 -0.200332
 0.4778 0.346122
 0.47792 0.938418
 0.47804 1.56919
 0.47816 2.22865
 0.47828 2.9048
 0.4784 3.58516
 0.47852 4.25747
 0.47864 4.9123
 0.47876 5.54584
 0.47888 6.15012
 0.479 6.71486
 0.47912 7.23433
 0.47924 7.70815
 0.47936 8.13949
 0.47948 8.53103
 0.4796 8.88254
 0.47972 9.19345
 0.47984 9.46373
 0.47996 9.69372
 0.48008 9.88462
 0.4802 10.0385
 0.48032 10.158
 0.48044 10.2453
 0.48056 10.3008
 0.48068 10.3228
 0.4808 10.3094
 0.48092 10.265
 0.48104 10.1958
 0.48116 10.1047
 0.48128 9.99003
 0.4814 9.84844
 0.48152 9.67969
 0.48164 9.48612
 0.48176 9.27055
 0.48188 9.03553
 0.482 8.78304
 0.48212 8.51504
 0.48224 8.23433
 0.48236 7.94579
 0.48248 7.65554
 0.4826 7.36869
 0.48272 7.09019
 0.48284 6.82417
 0.48296 6.57171
 0.48308 6.33482
 0.4832 6.11826
 0.48332 5.9296
 0.48344 5.77527
 0.48356 5.65844
 0.48368 5.58107
 0.4838 5.54396
 0.48392 5.54829
 0.48404 5.59563
 0.48416 5.68697
 0.48428 5.81981
 0.4844 5.9881
 0.48452 6.18581
 0.48464 6.40993
 0.48476 6.65855
 0.48488 6.9304
 0.485 7.22284
 0.48512 7.53076
 0.48524 7.847
 0.48536 8.16251
 0.48548 8.47007
 0.4856 8.76163
 0.48572 9.02933
 0.48584 9.266
 0.48596 9.46448
 0.48608 9.61769
 0.4862 9.72078
 0.48632 9.77318
 0.48644 9.77691
 0.48656 9.73353
 0.48668 9.641
 0.4868 9.49489
 0.48692 9.29052
 0.48704 9.0265
 0.48716 8.70384
 0.48728 8.32521
 0.4874 7.89487
 0.48752 7.41903
 0.48764 6.90769
 0.48776 6.37078
 0.48788 5.8179
 0.488 5.25841
 0.48812 4.70139
 0.48824 4.15294
 0.48836 3.61704
 0.48848 3.09668
 0.4886 2.59645
 0.48872 2.12464
 0.48884 1.69115
 0.48896 1.30507
 0.48908 0.972812
 0.4892 0.699442
 0.48932 0.48882
 0.48944 0.343702
 0.48956 0.262712
 0.48968 0.243176
 0.4898 0.282784
 0.48992 0.379407
 0.49004 0.530797
 0.49016 0.734961
 0.49028 0.991595
 0.4904 1.30044
 0.49052 1.6595
 0.49064 2.06402
 0.49076 2.50817
 0.49088 2.98615
 0.491 3.49278
 0.49112 4.02393
 0.49124 4.57587
 0.49136 5.14448
 0.49148 5.7252
 0.4916 6.31303
 0.49172 6.90137
 0.49184 7.48375
 0.49196 8.05451
 0.49208 8.6085
 0.4922 9.13971
 0.49232 9.64105
 0.49244 10.1071
 0.49256 10.5357
 0.49268 10.9259
 0.4928 11.2759
 0.49292 11.5834
 0.49304 11.8462
 0.49316 12.0617
 0.49328 12.2268
 0.4934 12.3407
 0.49352 12.4051
 0.49364 12.4263
 0.49376 12.4125
 0.49388 12.3696
 0.494 12.3005
 0.49412 12.2076
 0.49424 12.0957
 0.49436 11.9697
 0.49448 11.8323
 0.4946 11.6845
 0.49472 11.5272
 0.49484 11.3624
 0.49496 11.1919
 0.49508 11.0177
 0.4952 10.8428
 0.49532 10.6707
 0.49544 10.5035
 0.49556 10.3402
 0.49568 10.1744
 0.4958 9.99932
 0.49592 9.81319
 0.49604 9.61757
 0.49616 9.41444
 0.49628 9.20475
 0.4964 8.99045
 0.49652 8.77424
 0.49664 8.55961
 0.49676 8.35045
 0.49688 8.1505
 0.497 7.96347
 0.49712 7.79239
 0.49724 7.63916
 0.49736 7.50225
 0.49748 7.37989
 0.4976 7.27374
 0.49772 7.18893
 0.49784 7.12933
 0.49796 7.09524
 0.49808 7.08349
 0.4982 7.08952
 0.49832 7.1086
 0.49844 7.13519
 0.49856 7.1637
 0.49868 7.18752
 0.4988 7.19937
 0.49892 7.19152
 0.49904 7.1566
 0.49916 7.08896
 0.49928 6.98527
 0.4994 6.8475
 0.49952 6.67748
 0.49964 6.47529
 0.49976 6.2403
 0.49988 5.97248
 0.5 5.67384
 0.50012 5.35042
 0.50024 5.00878
 0.50036 4.65533
 0.50048 4.2971
 0.5006 3.9414
 0.50072 3.59653
 0.50084 3.27183
 0.50096 2.97821
 0.50108 2.72389
 0.5012 2.51521
 0.50132 2.35595
 0.50144 2.24785
 0.50156 2.19285
 0.50168 2.19172
 0.5018 2.24524
 0.50192 2.35409
 0.50204 2.51672
 0.50216 2.72916
 0.50228 2.98748
 0.5024 3.28792
 0.50252 3.62546
 0.50264 3.99413
 0.50276 4.3875
 0.50288 4.79678
 0.503 5.21244
 0.50312 5.62925
 0.50324 6.04228
 0.50336 6.44693
 0.50348 6.8365
 0.5036 7.20441
 0.50372 7.54624
 0.50384 7.85832
 0.50396 8.13803
 0.50408 8.38412
 0.5042 8.59844
 0.50432 8.78339
 0.50444 8.94133
 0.50456 9.0764
 0.50468 9.19354
 0.5048 9.29803
 0.50492 9.39686
 0.50504 9.4968
 0.50516 9.60324
 0.50528 9.72275
 0.5054 9.86407
 0.50552 10.04
 0.50564 10.263
 0.50576 10.5414
 0.50588 10.8787
 0.506 11.2766
 0.50612 11.7346
 0.50624 12.2461
 0.50636 12.8051
 0.50648 13.4043
 0.5066 14.036
 0.50672 14.6932
 0.50684 15.369
 0.50696 16.0557
 0.50708 16.7422
 0.5072 17.4152
 0.50732 18.0589
 0.50744 18.6545
 0.50756 19.1801
 0.50768 19.6142
 0.5078 19.9433
 0.50792 20.1617
 0.50804 20.2656
 0.50816 20.2554
 0.50828 20.1358
 0.5084 19.9124
 0.50852 19.5921
 0.50864 19.18
 0.50876 18.6778
 0.50888 18.0871
 0.509 17.4119
 0.50912 16.6637
 0.50924 15.8556
 0.50936 15.0034
 0.50948 14.1234
 0.5096 13.2363
 0.50972 12.3622
 0.50984 11.5142
 0.50996 10.6994
 0.51008 9.9235
 0.5102 9.18919
 0.51032 8.49744
 0.51044 7.8469
 0.51056 7.23392
 0.51068 6.65966
 0.5108 6.12976
 0.51092 5.65014
 0.51104 5.22166
 0.51116 4.84129
 0.51128 4.50542
 0.5114 4.21195
 0.51152 3.9579
 0.51164 3.73471
 0.51176 3.53434
 0.51188 3.35006
 0.512 3.1773
 0.51212 3.01486
 0.51224 2.86385
 0.51236 2.72605
 0.51248 2.60671
 0.5126 2.51296
 0.51272 2.4473
 0.51284 2.40732
 0.51296 2.39072
 0.51308 2.3978
 0.5132 2.42845
 0.51332 2.48223
 0.51344 2.55688
 0.51356 2.65268
 0.51368 2.77144
 0.5138 2.91803
 0.51392 3.10208
 0.51404 3.33012
 0.51416 3.59969
 0.51428 3.90543
 0.5144 4.24178
 0.51452 4.60048
 0.51464 4.97245
 0.51476 5.35135
 0.51488 5.73645
 0.515 6.12671
 0.51512 6.52219
 0.51524 6.92363
 0.51536 7.32945
 0.51548 7.73759
 0.5156 8.14462
 0.51572 8.54734
 0.51584 8.93487
 0.51596 9.29244
 0.51608 9.61259
 0.5162 9.89862
 0.51632 10.1545
 0.51644 10.3834
 0.51656 10.5901
 0.51668 10.7803
 0.5168 10.9567
 0.51692 11.1183
 0.51704 11.2646
 0.51716 11.3935
 0.51728 11.5055
 0.5174 11.6043
 0.51752 11.6945
 0.51764 11.7816
 0.51776 11.8698
 0.51788 11.9677
 0.518 12.0827
 0.51812 12.2139
 0.51824 12.3562
 0.51836 12.5064
 0.51848 12.6624
 0.5186 12.8207
 0.51872 12.9772
 0.51884 13.131
 0.51896 13.2812
 0.51908 13.4254
 0.5192 13.5604
 0.51932 13.6814
 0.51944 13.7824
 0.51956 13.857
 0.51968 13.8993
 0.5198 13.9075
 0.51992 13.8803
 0.52004 13.8206
 0.52016 13.7353
 0.52028 13.6305
 0.5204 13.5083
 0.52052 13.3706
 0.52064 13.219
 0.52076 13.0556
 0.52088 12.8811
 0.521 12.6992
 0.52112 12.5171
 0.52124 12.3415
 0.52136 12.1775
 0.52148 12.0299
 0.5216 11.9036
 0.52172 11.8021
 0.52184 11.7259
 0.52196 11.6746
 0.52208 11.6443
 0.5222 11.6307
 0.52232 11.6326
 0.52244 11.6518
 0.52256 11.691
 0.52268 11.753
 0.5228 11.8372
 0.52292 11.9426
 0.52304 12.0635
 0.52316 12.1907
 0.52328 12.3173
 0.5234 12.4398
 0.52352 12.5562
 0.52364 12.6608
 0.52376 12.7468
 0.52388 12.8077
 0.524 12.8379
 0.52412 12.8322
 0.52424 12.785
 0.52436 12.6881
 0.52448 12.5315
 0.5246 12.3047
 0.52472 12.0019
 0.52484 11.6203
 0.52496 11.1591
 0.52508 10.6237
 0.5252 10.0209
 0.52532 9.35507
 0.52544 8.62362
 0.52556 7.82547
 0.52568 6.97185
 0.5258 6.07623
 0.52592 5.15252
 0.52604 4.21499
 0.52616 3.27827
 0.52628 2.35749
 0.5264 1.4703
 0.52652 0.636013
 0.52664 -0.126394
 0.52676 -0.801841
 0.52688 -1.37678
 0.527 -1.84265
 0.52712 -2.19429
 0.52724 -2.4266
 0.52736 -2.53168
 0.52748 -2.49244
 0.5276 -2.30253
 0.52772 -1.96802
 0.52784 -1.49667
 0.52796 -0.89776
 0.52808 -0.182253
 0.5282 0.638111
 0.52832 1.5506
 0.52844 2.53862
 0.52856 3.58189
 0.52868 4.65917
 0.5288 5.75059
 0.52892 6.83915
 0.52904 7.91155
 0.52916 8.95404
 0.52928 9.95279
 0.5294 10.8908
 0.52952 11.7479
 0.52964 12.5143
 0.52976 13.1839
 0.52988 13.7528
 0.53 14.2193
 0.53012 14.5838
 0.53024 14.8469
 0.53036 15.0104
 0.53048 15.081
 0.5306 15.0706
 0.53072 14.9892
 0.53084 14.8444
 0.53096 14.6412
 0.53108 14.3857
 0.5312 14.0851
 0.53132 13.7474
 0.53144 13.3825
 0.53156 12.9989
 0.53168 12.6028
 0.5318 12.2009
 0.53192 11.7978
 0.53204 11.3973
 0.53216 11.0033
 0.53228 10.6209
 0.5324 10.2543
 0.53252 9.90266
 0.53264 9.56292
 0.53276 9.23856
 0.53288 8.93478
 0.533 8.65767
 0.53312 8.41184
 0.53324 8.20074
 0.53336 8.02484
 0.53348 7.88334
 0.5336 7.77782
 0.53372 7.7099
 0.53384 7.68115
 0.53396 7.69353
 0.53408 7.74853
 0.5342 7.84467
 0.53432 7.97966
 0.53444 8.15214
 0.53456 8.36427
 0.53468 8.61647
 0.5348 8.90522
 0.53492 9.22532
 0.53504 9.56874
 0.53516 9.92738
 0.53528 10.2945
 0.5354 10.6674
 0.53552 11.0429
 0.53564 11.414
 0.53576 11.7723
 0.53588 12.1094
 0.536 12.417
 0.53612 12.6883
 0.53624 12.9181
 0.53636 13.1008
 0.53648 13.2296
 0.5366 13.2973
 0.53672 13.2987
 0.53684 13.2294
 0.53696 13.0898
 0.53708 12.8836
 0.5372 12.6161
 0.53732 12.2913
 0.53744 11.9118
 0.53756 11.4824
 0.53768 11.0121
 0.5378 10.5101
 0.53792 9.98542
 0.53804 9.44658
 0.53816 8.90179
 0.53828 8.35968
 0.5384 7.83093
 0.53852 7.32666
 0.53864 6.85665
 0.53876 6.42897
 0.53888 6.04943
 0.539 5.71845
 0.53912 5.43496
 0.53924 5.19735
 0.53936 5.00457
 0.53948 4.85522
 0.5396 4.74597
 0.53972 4.67221
 0.53984 4.63194
 0.53996 4.62351
 0.54008 4.64543
 0.5402 4.69655
 0.54032 4.77427
 0.54044 4.87441
 0.54056 4.99255
 0.54068 5.1255
 0.5408 5.272
 0.54092 5.43437
 0.54104 5.61792
 0.54116 5.82628
 0.54128 6.06159
 0.5414 6.32514
 0.54152 6.61887
 0.54164 6.94631
 0.54176 7.30748
 0.54188 7.69948
 0.542 8.11965
 0.54212 8.56361
 0.54224 9.0259
 0.54236 9.50053
 0.54248 9.98177
 0.5426 10.4656
 0.54272 10.9485
 0.54284 11.4257
 0.54296 11.8897
 0.54308 12.333
 0.5432 12.7515
 0.54332 13.1422
 0.54344 13.5025
 0.54356 13.8286
 0.54368 14.1148
 0.5438 14.3617
 0.54392 14.5708
 0.54404 14.7435
 0.54416 14.8844
 0.54428 14.9996
 0.5444 15.0973
 0.54452 15.1839
 0.54464 15.2611
 0.54476 15.3289
 0.54488 15.3878
 0.545 15.4388
 0.54512 15.4813
 0.54524 15.5132
 0.54536 15.5328
 0.54548 15.5381
 0.5456 15.5287
 0.54572 15.5029
 0.54584 15.4541
 0.54596 15.3754
 0.54608 15.2593
 0.5462 15.0966
 0.54632 14.8767
 0.54644 14.5899
 0.54656 14.2301
 0.54668 13.7965
 0.5468 13.2905
 0.54692 12.7141
 0.54704 12.0701
 0.54716 11.364
 0.54728 10.6017
 0.5474 9.78884
 0.54752 8.93259
 0.54764 8.03973
 0.54776 7.12065
 0.54788 6.18985
 0.548 5.26206
 0.54812 4.35235
 0.54824 3.4761
 0.54836 2.64827
 0.54848 1.88236
 0.5486 1.1894
 0.54872 0.575814
 0.54884 0.0461654
 0.54896 -0.396168
 0.54908 -0.748917
 0.5492 -1.01361
 0.54932 -1.19269
 0.54944 -1.28917
 0.54956 -1.30704
 0.54968 -1.25067
 0.5498 -1.12884
 0.54992 -0.952504
 0.55004 -0.731892
 0.55016 -0.477104
 0.55028 -0.198132
 0.5504 0.0954732
 0.55052 0.393517
 0.55064 0.686915
 0.55076 0.96965
 0.55088 1.2367
 0.551 1.48318
 0.55112 1.70525
 0.55124 1.90176
 0.55136 2.07304
 0.55148 2.22036
 0.5516 2.34493
 0.55172 2.45007
 0.55184 2.54349
 0.55196 2.63287
 0.55208 2.72499
 0.5522 2.82597
 0.55232 2.94175
 0.55244 3.07807
 0.55256 3.24175
 0.55268 3.43891
 0.5528 3.67425
 0.55292 3.95147
 0.55304 4.27399
 0.55316 4.64335
 0.55328 5.05958
 0.5534 5.52036
 0.55352 6.02351
 0.55364 6.56505
 0.55376 7.1355
 0.55388 7.72106
 0.554 8.30595
 0.55412 8.87533
 0.55424 9.41572
 0.55436 9.91551
 0.55448 10.3654
 0.5546 10.7564
 0.55472 11.0801
 0.55484 11.3303
 0.55496 11.5024
 0.55508 11.5955
 0.5552 11.6126
 0.55532 11.5593
 0.55544 11.4415
 0.55556 11.2631
 0.55568 11.0334
 0.5558 10.7664
 0.55592 10.4818
 0.55604 10.2018
 0.55616 9.94744
 0.55628 9.73554
 0.5564 9.57759
 0.55652 9.48078
 0.55664 9.45125
 0.55676 9.4918
 0.55688 9.60287
 0.557 9.78298
 0.55712 10.0249
 0.55724 10.3155
 0.55736 10.6386
 0.55748 10.9809
 0.5576 11.3311
 0.55772 11.6732
 0.55784 11.9899
 0.55796 12.2611
 0.55808 12.4666
 0.5582 12.5886
 0.55832 12.6167
 0.55844 12.5462
 0.55856 12.3752
 0.55868 12.1044
 0.5588 11.7402
 0.55892 11.2898
 0.55904 10.7607
 0.55916 10.1649
 0.55928 9.52075
 0.5594 8.84709
 0.55952 8.16042
 0.55964 7.47725
 0.55976 6.81579
 0.55988 6.19257
 0.56 5.62244
 0.56012 5.1179
 0.56024 4.68764
 0.56036 4.33489
 0.56048 4.0597
 0.5606 3.86099
 0.56072 3.73321
 0.56084 3.66729
 0.56096 3.65558
 0.56108 3.69123
 0.5612 3.76492
 0.56132 3.86467
 0.56144 3.97817
 0.56156 4.09246
 0.56168 4.1934
 0.5618 4.26649
 0.56192 4.30043
 0.56204 4.28772
 0.56216 4.22487
 0.56228 4.11099
 0.5624 3.94844
 0.56252 3.74257
 0.56264 3.49987
 0.56276 3.23051
 0.56288 2.94458
 0.563 2.65084
 0.56312 2.35769
 0.56324 2.07407
 0.56336 1.80929
 0.56348 1.57542
 0.5636 1.38616
 0.56372 1.25658
 0.56384 1.19931
 0.56396 1.22352
 0.56408 1.33339
 0.5642 1.52844
 0.56432 1.80689
 0.56444 2.16271
 0.56456 2.5878
 0.56468 3.07314
 0.5648 3.60803
 0.56492 4.18169
 0.56504 4.7833
 0.56516 5.40207
 0.56528 6.02801
 0.5654 6.64969
 0.56552 7.25269
 0.56564 7.82109
 0.56576 8.33893
 0.56588 8.79591
 0.566 9.18405
 0.56612 9.50145
 0.56624 9.75002
 0.56636 9.93368
 0.56648 10.0592
 0.5666 10.1322
 0.56672 10.1583
 0.56684 10.1447
 0.56696 10.0991
 0.56708 10.0293
 0.5672 9.94214
 0.56732 9.84326
 0.56744 9.74019
 0.56756 9.64195
 0.56768 9.5592
 0.5678 9.50038
 0.56792 9.46977
 0.56804 9.47076
 0.56816 9.5015
 0.56828 9.55636
 0.5684 9.62677
 0.56852 9.70488
 0.56864 9.78516
 0.56876 9.86229
 0.56888 9.93092
 0.569 9.98645
 0.56912 10.0251
 0.56924 10.0454
 0.56936 10.0463
 0.56948 10.0259
 0.5696 9.98133
 0.56972 9.9099
 0.56984 9.8114
 0.56996 9.68578
 0.57008 9.53314
 0.5702 9.35812
 0.57032 9.16849
 0.57044 8.97366
 0.57056 8.78139
 0.57068 8.59845
 0.5708 8.43008
 0.57092 8.28002
 0.57104 8.1495
 0.57116 8.03798
 0.57128 7.94406
 0.5714 7.86676
 0.57152 7.80538
 0.57164 7.75951
 0.57176 7.72712
 0.57188 7.70576
 0.572 7.6943
 0.57212 7.6912
 0.57224 7.69192
 0.57236 7.69255
 0.57248 7.68952
 0.5726 7.67969
 0.57272 7.66055
 0.57284 7.63229
 0.57296 7.59709
 0.57308 7.56072
 0.5732 7.52853
 0.57332 7.50463
 0.57344 7.4917
 0.57356 7.49213
 0.57368 7.5078
 0.5738 7.54027
 0.57392 7.59052
 0.57404 7.65907
 0.57416 7.74697
 0.57428 7.8554
 0.5744 7.9829
 0.57452 8.12696
 0.57464 8.28494
 0.57476 8.45307
 0.57488 8.62444
 0.575 8.79011
 0.57512 8.93951
 0.57524 9.06421
 0.57536 9.15831
 0.57548 9.21755
 0.5756 9.23802
 0.57572 9.21835
 0.57584 9.15858
 0.57596 9.05795
 0.57608 8.91522
 0.5762 8.72883
 0.57632 8.49778
 0.57644 8.22333
 0.57656 7.90882
 0.57668 7.55789
 0.5768 7.17586
 0.57692 6.7708
 0.57704 6.35161
 0.57716 5.92749
 0.57728 5.506
 0.5774 5.09258
 0.57752 4.69202
 0.57764 4.30843
 0.57776 3.94264
 0.57788 3.59602
 0.578 3.27278
 0.57812 2.97705
 0.57824 2.71306
 0.57836 2.48459
 0.57848 2.29277
 0.5786 2.13634
 0.57872 2.01506
 0.57884 1.92904
 0.57896 1.87785
 0.57908 1.86099
 0.5792 1.87752
 0.57932 1.92693
 0.57944 2.00894
 0.57956 2.12327
 0.57968 2.27036
 0.5798 2.45303
 0.57992 2.6714
 0.58004 2.92399
 0.58016 3.21073
 0.58028 3.53217
 0.5804 3.88959
 0.58052 4.28717
 0.58064 4.72958
 0.58076 5.214
 0.58088 5.73323
 0.581 6.27873
 0.58112 6.84234
 0.58124 7.4166
 0.58136 7.99619
 0.58148 8.57664
 0.5816 9.15353
 0.58172 9.72198
 0.58184 10.2759
 0.58196 10.8099
 0.58208 11.3171
 0.5822 11.7886
 0.58232 12.215
 0.58244 12.5857
 0.58256 12.8879
 0.58268 13.1122
 0.5828 13.2614
 0.58292 13.3424
 0.58304 13.3627
 0.58316 13.3289
 0.58328 13.246
 0.5834 13.1155
 0.58352 12.9393
 0.58364 12.7206
 0.58376 12.4624
 0.58388 12.1694
 0.584 11.8481
 0.58412 11.5077
 0.58424 11.1586
 0.58436 10.8105
 0.58448 10.4744
 0.5846 10.1624
 0.58472 9.88199
 0.58484 9.6345
 0.58496 9.41939
 0.58508 9.23776
 0.5852 9.0902
 0.58532 8.97707
 0.58544 8.90035
 0.58556 8.85752
 0.58568 8.8446
 0.5858 8.85776
 0.58592 8.89179
 0.58604 8.94015
 0.58616 8.99514
 0.58628 9.0492
 0.5864 9.09642
 0.58652 9.13017
 0.58664 9.14402
 0.58676 9.13298
 0.58688 9.09296
 0.587 9.01982
 0.58712 8.90841
 0.58724 8.75813
 0.58736 8.57029
 0.58748 8.34829
 0.5876 8.1004
 0.58772 7.83563
 0.58784 7.56318
 0.58796 7.29256
 0.58808 7.03196
 0.5882 6.78916
 0.58832 6.57133
 0.58844 6.3845
 0.58856 6.23386
 0.58868 6.12321
 0.5888 6.05676
 0.58892 6.03879
 0.58904 6.07372
 0.58916 6.16429
 0.58928 6.3086
 0.5894 6.50303
 0.58952 6.74136
 0.58964 7.01506
 0.58976 7.31457
 0.58988 7.62978
 0.59 7.95235
 0.59012 8.27655
 0.59024 8.59707
 0.59036 8.90903
 0.59048 9.20819
 0.5906 9.49268
 0.59072 9.7609
 0.59084 10.0103
 0.59096 10.2382
 0.59108 10.4427
 0.5912 10.624
 0.59132 10.7845
 0.59144 10.9283
 0.59156 11.061
 0.59168 11.1894
 0.5918 11.3217
 0.59192 11.4643
 0.59204 11.6193
 0.59216 11.7877
 0.59228 11.97
 0.5924 12.1662
 0.59252 12.3748
 0.59264 12.5931
 0.59276 12.8195
 0.59288 13.0529
 0.593 13.2922
 0.59312 13.5354
 0.59324 13.7797
 0.59336 14.02
 0.59348 14.2475
 0.5936 14.453
 0.59372 14.627
 0.59384 14.7592
 0.59396 14.8454
 0.59408 14.8843
 0.5942 14.8749
 0.59432 14.8168
 0.59444 14.7117
 0.59456 14.5618
 0.59468 14.3696
 0.5948 14.1376
 0.59492 13.8688
 0.59504 13.5665
 0.59516 13.2349
 0.59528 12.8781
 0.5954 12.5045
 0.59552 12.1258
 0.59564 11.7531
 0.59576 11.3958
 0.59588 11.0618
 0.596 10.7536
 0.59612 10.4729
 0.59624 10.2206
 0.59636 9.99551
 0.59648 9.7955
 0.5966 9.61819
 0.59672 9.46054
 0.59684 9.3188
 0.59696 9.18835
 0.59708 9.0626
 0.5972 8.93607
 0.59732 8.80303
 0.59744 8.65425
 0.59756 8.48034
 0.59768 8.27439
 0.5978 8.03247
 0.59792 7.75467
 0.59804 7.44541
 0.59816 7.10985
 0.59828 6.75588
 0.5984 6.39249
 0.59852 6.02914
 0.59864 5.67566
 0.59876 5.34237
 0.59888 5.04099
 0.599 4.78596
 0.59912 4.58992
 0.59924 4.46156
 0.59936 4.41063
 0.59948 4.44777
 0.5996 4.58225
 0.59972 4.82059
 0.59984 5.16702
 0.59996 5.61905
 0.60008 6.17027
 0.6002 6.8113
 0.60032 7.53032
 0.60044 8.31543
 0.60056 9.15437
 0.60068 10.0348
 0.6008 10.9437
 0.60092 11.8625
 0.60104 12.7713
 0.60116 13.6586
 0.60128 14.5151
 0.6014 15.3285
 0.60152 16.0871
 0.60164 16.7798
 0.60176 17.3949
 0.60188 17.9216
 0.602 18.3537
 0.60212 18.6885
 0.60224 18.9269
 0.60236 19.072
 0.60248 19.1254
 0.6026 19.0891
 0.60272 18.9633
 0.60284 18.7515
 0.60296 18.464
 0.60308 18.1086
 0.6032 17.6881
 0.60332 17.207
 0.60344 16.6727
 0.60356 16.0913
 0.60368 15.4699
 0.6038 14.8198
 0.60392 14.153
 0.60404 13.4808
 0.60416 12.8121
 0.60428 12.1525
 0.6044 11.5075
 0.60452 10.885
 0.60464 10.2926
 0.60476 9.73927
 0.60488 9.23037
 0.605 8.76838
 0.60512 8.35598
 0.60524 7.996
 0.60536 7.68824
 0.60548 7.43142
 0.6056 7.22558
 0.60572 7.06846
 0.60584 6.95442
 0.60596 6.87608
 0.60608 6.82623
 0.6062 6.79921
 0.60632 6.79165
 0.60644 6.79628
 0.60656 6.80425
 0.60668 6.80944
 0.6068 6.80609
 0.60692 6.78979
 0.60704 6.75709
 0.60716 6.70645
 0.60728 6.63695
 0.6074 6.54992
 0.60752 6.44748
 0.60764 6.3314
 0.60776 6.20481
 0.60788 6.07352
 0.608 5.94434
 0.60812 5.82279
 0.60824 5.71114
 0.60836 5.61175
 0.60848 5.53336
 0.6086 5.48212
 0.60872 5.46099
 0.60884 5.47199
 0.60896 5.51697
 0.60908 5.59694
 0.6092 5.71193
 0.60932 5.86174
 0.60944 6.04449
 0.60956 6.25787
 0.60968 6.49944
 0.6098 6.76383
 0.60992 7.04185
 0.61004 7.32378
 0.61016 7.60376
 0.61028 7.87931
 0.6104 8.14699
 0.61052 8.40081
 0.61064 8.63732
 0.61076 8.8541
 0.61088 9.0495
 0.611 9.22154
 0.61112 9.36916
 0.61124 9.49182
 0.61136 9.58914
 0.61148 9.66096
 0.6116 9.70717
 0.61172 9.72879
 0.61184 9.7327
 0.61196 9.72906
 0.61208 9.72738
 0.6122 9.7324
 0.61232 9.74573
 0.61244 9.76592
 0.61256 9.79012
 0.61268 9.81761
 0.6128 9.84732
 0.61292 9.87838
 0.61304 9.90987
 0.61316 9.9388
 0.61328 9.9623
 0.6134 9.97796
 0.61352 9.98393
 0.61364 9.9779
 0.61376 9.95567
 0.61388 9.90885
 0.614 9.828
 0.61412 9.70511
 0.61424 9.53641
 0.61436 9.32293
 0.61448 9.07324
 0.6146 8.79568
 0.61472 8.49533
 0.61484 8.17746
 0.61496 7.84675
 0.61508 7.50851
 0.6152 7.16789
 0.61532 6.82768
 0.61544 6.48955
 0.61556 6.15514
 0.61568 5.82686
 0.6158 5.50796
 0.61592 5.20282
 0.61604 4.91745
 0.61616 4.65696
 0.61628 4.42359
 0.6164 4.21483
 0.61652 4.02166
 0.61664 3.83695
 0.61676 3.65467
 0.61688 3.4687
 0.617 3.2724
 0.61712 3.06118
 0.61724 2.83393
 0.61736 2.59295
 0.61748 2.34126
 0.6176 2.08151
 0.61772 1.81619
 0.61784 1.54811
 0.61796 1.27916
 0.61808 1.00803
 0.6182 0.733096
 0.61832 0.453054
 0.61844 0.168934
 0.61856 -0.116057
 0.61868 -0.399147
 0.6188 -0.677489
 0.61892 -0.946382
 0.61904 -1.19872
 0.61916 -1.43002
 0.61928 -1.63837
 0.6194 -1.82314
 0.61952 -1.98409
 0.61964 -2.12168
 0.61976 -2.23703
 0.61988 -2.33281
 0.62 -2.41066
 0.62012 -2.46874
 0.62024 -2.50316
 0.62036 -2.50776
 0.62048 -2.47595
 0.6206 -2.40159
 0.62072 -2.2793
 0.62084 -2.1038
 0.62096 -1.8742
 0.62108 -1.59342
 0.6212 -1.26409
 0.62132 -0.8891
 0.62144 -0.471994
 0.62156 -0.0146202
 0.62168 0.482691
 0.6218 1.02147
 0.62192 1.60649
 0.62204 2.24132
 0.62216 2.92566
 0.62228 3.65581
 0.6224 4.42354
 0.62252 5.2197
 0.62264 6.03579
 0.62276 6.86398
 0.62288 7.6948
 0.623 8.52197
 0.62312 9.3407
 0.62324 10.1469
 0.62336 10.9398
 0.62348 11.7182
 0.6236 12.4796
 0.62372 13.2202
 0.62384 13.9322
 0.62396 14.6037
 0.62408 15.2248
 0.6242 15.788
 0.62432 16.2914
 0.62444 16.7379
 0.62456 17.1312
 0.62468 17.4743
 0.6248 17.7712
 0.62492 18.0298
 0.62504 18.2587
 0.62516 18.4668
 0.62528 18.6599
 0.6254 18.8377
 0.62552 18.9997
 0.62564 19.1432
 0.62576 19.2673
 0.62588 19.3776
 0.626 19.4824
 0.62612 19.5892
 0.62624 19.7033
 0.62636 19.8239
 0.62648 19.9474
 0.6266 20.0689
 0.62672 20.1838
 0.62684 20.2859
 0.62696 20.3658
 0.62708 20.4132
 0.6272 20.4192
 0.62732 20.3813
 0.62744 20.3033
 0.62756 20.1926
 0.62768 20.0596
 0.6278 19.9117
 0.62792 19.75
 0.62804 19.5744
 0.62816 19.385
 0.62828 19.1842
 0.6284 18.9751
 0.62852 18.7582
 0.62864 18.5338
 0.62876 18.302
 0.62888 18.0638
 0.629 17.8209
 0.62912 17.5748
 0.62924 17.3254
 0.62936 17.0672
 0.62948 16.7914
 0.6296 16.4858
 0.62972 16.1386
 0.62984 15.7417
 0.62996 15.2901
 0.63008 14.7789
 0.6302 14.2033
 0.63032 13.558
 0.63044 12.8464
 0.63056 12.0793
 0.63068 11.2699
 0.6308 10.4312
 0.63092 9.57599
 0.63104 8.71605
 0.63116 7.86223
 0.63128 7.02553
 0.6314 6.21837
 0.63152 5.45397
 0.63164 4.744
 0.63176 4.09638
 0.63188 3.51729
 0.632 3.0136
 0.63212 2.59238
 0.63224 2.26078
 0.63236 2.02488
 0.63248 1.88239
 0.6326 1.8233
 0.63272 1.83636
 0.63284 1.9106
 0.63296 2.03507
 0.63308 2.20056
 0.6332 2.3994
 0.63332 2.62435
 0.63344 2.86791
 0.63356 3.12323
 0.63368 3.38967
 0.6338 3.67005
 0.63392 3.96531
 0.63404 4.27466
 0.63416 4.59737
 0.63428 4.93237
 0.6344 5.27445
 0.63452 5.62061
 0.63464 5.97156
 0.63476 6.3276
 0.63488 6.68896
 0.635 7.05636
 0.63512 7.42966
 0.63524 7.8079
 0.63536 8.19021
 0.63548 8.57704
 0.6356 8.96556
 0.63572 9.34816
 0.63584 9.71831
 0.63596 10.0716
 0.63608 10.4041
 0.6362 10.7107
 0.63632 10.988
 0.63644 11.241
 0.63656 11.4746
 0.63668 11.6933
 0.6368 11.9021
 0.63692 12.106
 0.63704 12.3094
 0.63716 12.5175
 0.63728 12.7357
 0.6374 12.9683
 0.63752 13.2179
 0.63764 13.492
 0.63776 13.7919
 0.63788 14.1155
 0.638 14.4608
 0.63812 14.8259
 0.63824 15.2118
 0.63836 15.6145
 0.63848 16.0248
 0.6386 16.4334
 0.63872 16.8304
 0.63884 17.2059
 0.63896 17.5499
 0.63908 17.851
 0.6392 18.097
 0.63932 18.2762
 0.63944 18.3789
 0.63956 18.3956
 0.63968 18.3167
 0.6398 18.145
 0.63992 17.884
 0.64004 17.5356
 0.64016 17.1018
 0.64028 16.5845
 0.6404 15.9915
 0.64052 15.3317
 0.64064 14.6154
 0.64076 13.8537
 0.64088 13.0579
 0.641 12.2398
 0.64112 11.4131
 0.64124 10.5909
 0.64136 9.78611
 0.64148 9.00927
 0.6416 8.27391
 0.64172 7.5913
 0.64184 6.96658
 0.64196 6.4072
 0.64208 5.92094
 0.6422 5.51291
 0.64232 5.18534
 0.64244 4.93787
 0.64256 4.76987
 0.64268 4.67884
 0.6428 4.66148
 0.64292 4.71442
 0.64304 4.83352
 0.64316 5.01508
 0.64328 5.2562
 0.6434 5.55305
 0.64352 5.90104
 0.64364 6.2893
 0.64376 6.70716
 0.64388 7.14499
 0.644 7.5914
 0.64412 8.03787
 0.64424 8.47952
 0.64436 8.91273
 0.64448 9.33455
 0.6446 9.74217
 0.64472 10.1339
 0.64484 10.5091
 0.64496 10.867
 0.64508 11.2071
 0.6452 11.5275
 0.64532 11.8272
 0.64544 12.1072
 0.64556 12.3716
 0.64568 12.6286
 0.6458 12.8848
 0.64592 13.146
 0.64604 13.4182
 0.64616 13.7046
 0.64628 14.0067
 0.6464 14.326
 0.64652 14.6616
 0.64664 15.0116
 0.64676 15.3719
 0.64688 15.7369
 0.647 16.1007
 0.64712 16.4581
 0.64724 16.8035
 0.64736 17.1306
 0.64748 17.4314
 0.6476 17.6982
 0.64772 17.9224
 0.64784 18.0978
 0.64796 18.217
 0.64808 18.2731
 0.6482 18.2597
 0.64832 18.1709
 0.64844 18.0015
 0.64856 17.7518
 0.64868 17.4237
 0.6488 17.0233
 0.64892 16.5576
 0.64904 16.0338
 0.64916 15.4588
 0.64928 14.84
 0.6494 14.185
 0.64952 13.5009
 0.64964 12.7939
 0.64976 12.0705
 0.64988 11.3387
 0.65 10.6073
 0.65012 9.88504
 0.65024 9.18168
 0.65036 8.50743
 0.65048 7.87136
 0.6506 7.27967
 0.65072 6.73687
 0.65084 6.24514
 0.65096 5.80615
 0.65108 5.42168
 0.6512 5.09368
 0.65132 4.82412
 0.65144 4.6151
 0.65156 4.46988
 0.65168 4.39169
 0.6518 4.38422
 0.65192 4.45019
 0.65204 4.59313
 0.65216 4.81418
 0.65228 5.11219
 0.6524 5.48308
 0.65252 5.92077
 0.65264 6.41775
 0.65276 6.96695
 0.65288 7.56183
 0.653 8.19618
 0.65312 8.86322
 0.65324 9.55659
 0.65336 10.2701
 0.65348 10.9965
 0.6536 11.726
 0.65372 12.4478
 0.65384 13.1481
 0.65396 13.8116
 0.65408 14.4226
 0.6542 14.9701
 0.65432 15.4457
 0.65444 15.846
 0.65456 16.1731
 0.65468 16.4311
 0.6548 16.6242
 0.65492 16.7564
 0.65504 16.8317
 0.65516 16.8521
 0.65528 16.818
 0.6554 16.7291
 0.65552 16.5889
 0.65564 16.4026
 0.65576 16.1767
 0.65588 15.9211
 0.656 15.6469
 0.65612 15.3639
 0.65624 15.0802
 0.65636 14.8019
 0.65648 14.5303
 0.6566 14.2614
 0.65672 13.9907
 0.65684 13.7139
 0.65696 13.4267
 0.65708 13.1268
 0.6572 12.8162
 0.65732 12.4991
 0.65744 12.1782
 0.65756 11.8535
 0.65768 11.5257
 0.6578 11.1945
 0.65792 10.8599
 0.65804 10.5234
 0.65816 10.1867
 0.65828 9.85086
 0.6584 9.51813
 0.65852 9.19426
 0.65864 8.88631
 0.65876 8.60137
 0.65888 8.34626
 0.659 8.12671
 0.65912 7.94574
 0.65924 7.80366
 0.65936 7.70043
 0.65948 7.63837
 0.6596 7.62059
 0.65972 7.65189
 0.65984 7.73777
 0.65996 7.88032
 0.66008 8.07895
 0.6602 8.32989
 0.66032 8.629
 0.66044 8.97156
 0.66056 9.35272
 0.66068 9.76762
 0.6608 10.211
 0.66092 10.6782
 0.66104 11.1661
 0.66116 11.6723
 0.66128 12.1951
 0.6614 12.7324
 0.66152 13.2809
 0.66164 13.8329
 0.66176 14.3701
 0.66188 14.8736
 0.662 15.3269
 0.66212 15.7187
 0.66224 16.0444
 0.66236 16.2997
 0.66248 16.4802
 0.6626 16.5811
 0.66272 16.5996
 0.66284 16.534
 0.66296 16.3815
 0.66308 16.1394
 0.6632 15.8043
 0.66332 15.372
 0.66344 14.8379
 0.66356 14.198
 0.66368 13.4627
 0.6638 12.6563
 0.66392 11.8032
 0.66404 10.9269
 0.66416 10.0457
 0.66428 9.17506
 0.6644 8.33063
 0.66452 7.52803
 0.66464 6.78106
 0.66476 6.09963
 0.66488 5.4931
 0.665 4.97106
 0.66512 4.54334
 0.66524 4.22063
 0.66536 4.01506
 0.66548 3.94071
 0.6656 4.00661
 0.66572 4.20502
 0.66584 4.52239
 0.66596 4.94538
 0.66608 5.46108
 0.6662 6.05643
 0.66632 6.71599
 0.66644 7.42421
 0.66656 8.16629
 0.66668 8.93099
 0.6668 9.7092
 0.66692 10.4919
 0.66704 11.2696
 0.66716 12.0323
 0.66728 12.7683
 0.6674 13.4642
 0.66752 14.1042
 0.66764 14.6799
 0.66776 15.1893
 0.66788 15.6283
 0.668 15.9931
 0.66812 16.2802
 0.66824 16.4899
 0.66836 16.6246
 0.66848 16.6864
 0.6686 16.6757
 0.66872 16.5908
 0.66884 16.429
 0.66896 16.1884
 0.66908 15.8679
 0.6692 15.4677
 0.66932 14.9902
 0.66944 14.44
 0.66956 13.8241
 0.66968 13.1469
 0.6698 12.4149
 0.66992 11.6366
 0.67004 10.8199
 0.67016 9.97193
 0.67028 9.1003
 0.6704 8.21418
 0.67052 7.32327
 0.67064 6.43843
 0.67076 5.57212
 0.67088 4.73726
 0.671 3.94515
 0.67112 3.2057
 0.67124 2.52734
 0.67136 1.91641
 0.67148 1.37793
 0.6716 0.914743
 0.67172 0.530263
 0.67184 0.225788
 0.67196 0.00347148
 0.67208 -0.135093
 0.6722 -0.188061
 0.67232 -0.159768
 0.67244 -0.0576831
 0.67256 0.110596
 0.67268 0.337479
 0.6728 0.613668
 0.67292 0.93217
 0.67304 1.28815
 0.67316 1.67793
 0.67328 2.10061
 0.6734 2.55607
 0.67352 3.0433
 0.67364 3.56044
 0.67376 4.10458
 0.67388 4.67241
 0.674 5.26117
 0.67412 5.86688
 0.67424 6.48293
 0.67436 7.10911
 0.67448 7.74687
 0.6746 8.39722
 0.67472 9.05983
 0.67484 9.73361
 0.67496 10.4145
 0.67508 11.0973
 0.6752 11.773
 0.67532 12.4286
 0.67544 13.0517
 0.67556 13.6326
 0.67568 14.163
 0.6758 14.6355
 0.67592 15.0437
 0.67604 15.3811
 0.67616 15.6479
 0.67628 15.8484
 0.6764 15.9842
 0.67652 16.0567
 0.67664 16.0675
 0.67676 16.02
 0.67688 15.918
 0.677 15.7644
 0.67712 15.5648
 0.67724 15.3313
 0.67736 15.0789
 0.67748 14.8223
 0.6776 14.5753
 0.67772 14.3512
 0.67784 14.1616
 0.67796 14.0149
 0.67808 13.915
 0.6782 13.8599
 0.67832 13.845
 0.67844 13.8668
 0.67856 13.9215
 0.67868 14.0069
 0.6788 14.1203
 0.67892 14.2626
 0.67904 14.4356
 0.67916 14.6377
 0.67928 14.8631
 0.6794 15.1037
 0.67952 15.3497
 0.67964 15.5894
 0.67976 15.8117
 0.67988 16.0097
 0.68 16.1818
 0.68012 16.33
 0.68024 16.4576
 0.68036 16.5661
 0.68048 16.6566
 0.6806 16.7294
 0.68072 16.7832
 0.68084 16.8163
 0.68096 16.8241
 0.68108 16.8019
 0.6812 16.7457
 0.68132 16.6529
 0.68144 16.5231
 0.68156 16.3598
 0.68168 16.1683
 0.6818 15.952
 0.68192 15.7112
 0.68204 15.443
 0.68216 15.1451
 0.68228 14.8175
 0.6824 14.4642
 0.68252 14.0886
 0.68264 13.6948
 0.68276 13.2875
 0.68288 12.8709
 0.683 12.4501
 0.68312 12.0315
 0.68324 11.6216
 0.68336 11.2266
 0.68348 10.8512
 0.6836 10.4979
 0.68372 10.1695
 0.68384 9.86978
 0.68396 9.60366
 0.68408 9.37562
 0.6842 9.18843
 0.68432 9.0428
 0.68444 8.93906
 0.68456 8.87852
 0.68468 8.86116
 0.6848 8.88674
 0.68492 8.95537
 0.68504 9.06577
 0.68516 9.21611
 0.68528 9.40397
 0.6854 9.62593
 0.68552 9.8785
 0.68564 10.1566
 0.68576 10.4543
 0.68588 10.7659
 0.686 11.0858
 0.68612 11.4099
 0.68624 11.7343
 0.68636 12.0507
 0.68648 12.3488
 0.6866 12.618
 0.68672 12.8492
 0.68684 13.0323
 0.68696 13.1572
 0.68708 13.215
 0.6872 13.1981
 0.68732 13.1017
 0.68744 12.922
 0.68756 12.6571
 0.68768 12.3076
 0.6878 11.8745
 0.68792 11.3567
 0.68804 10.752
 0.68816 10.0576
 0.68828 9.27471
 0.6884 8.41239
 0.68852 7.48137
 0.68864 6.49346
 0.68876 5.4644
 0.68888 4.41261
 0.689 3.35858
 0.68912 2.32344
 0.68924 1.32501
 0.68936 0.379241
 0.68948 -0.498406
 0.6896 -1.29423
 0.68972 -1.9957
 0.68984 -2.5898
 0.68996 -3.06111
 0.69008 -3.39364
 0.6902 -3.57257
 0.69032 -3.58955
 0.69044 -3.44303
 0.69056 -3.13466
 0.69068 -2.67113
 0.6908 -2.06584
 0.69092 -1.33586
 0.69104 -0.501477
 0.69116 0.415441
 0.69128 1.39444
 0.6914 2.41543
 0.69152 3.45845
 0.69164 4.50406
 0.69176 5.53302
 0.69188 6.52628
 0.692 7.46436
 0.69212 8.32826
 0.69224 9.10174
 0.69236 9.7738
 0.69248 10.3412
 0.6926 10.8045
 0.69272 11.1689
 0.69284 11.4432
 0.69296 11.6369
 0.69308 11.7569
 0.6932 11.8099
 0.69332 11.8027
 0.69344 11.7426
 0.69356 11.637
 0.69368 11.4938
 0.6938 11.3209
 0.69392 11.1253
 0.69404 10.9133
 0.69416 10.69
 0.69428 10.4578
 0.6944 10.2161
 0.69452 9.95691
 0.69464 9.67306
 0.69476 9.35759
 0.69488 9.00334
 0.695 8.60887
 0.69512 8.18313
 0.69524 7.7377
 0.69536 7.28288
 0.69548 6.82705
 0.6956 6.3783
 0.69572 5.94283
 0.69584 5.526
 0.69596 5.13384
 0.69608 4.77454
 0.6962 4.45831
 0.69632 4.19542
 0.69644 3.99682
 0.69656 3.87484
 0.69668 3.83616
 0.6968 3.88514
 0.69692 4.02523
 0.69704 4.2519
 0.69716 4.55245
 0.69728 4.91227
 0.6974 5.31966
 0.69752 5.76467
 0.69764 6.23824
 0.69776 6.73494
 0.69788 7.2514
 0.698 7.78244
 0.69812 8.31674
 0.69824 8.84198
 0.69836 9.34956
 0.69848 9.8341
 0.6986 10.2944
 0.69872 10.7349
 0.69884 11.1615
 0.69896 11.5797
 0.69908 11.9972
 0.6992 12.4204
 0.69932 12.8561
 0.69944 13.3091
 0.69956 13.7836
 0.69968 14.2825
 0.6998 14.8032
 0.69992 15.34
 0.70004 15.8932
 0.70016 16.4707
 0.70028 17.0785
 0.7004 17.7166
 0.70052 18.3777
 0.70064 19.048
 0.70076 19.7111
 0.70088 20.3511
 0.701 20.9535
 0.70112 21.5098
 0.70124 22.016
 0.70136 22.4685
 0.70148 22.8648
 0.7016 23.203
 0.70172 23.4826
 0.70184 23.7093
 0.70196 23.8882
 0.70208 24.0155
 0.7022 24.0837
 0.70232 24.0883
 0.70244 24.0291
 0.70256 23.917
 0.70268 23.7666
 0.7028 23.5928
 0.70292 23.4092
 0.70304 23.2252
 0.70316 23.0439
 0.70328 22.8664
 0.7034 22.6905
 0.70352 22.5114
 0.70364 22.3232
 0.70376 22.119
 0.70388 21.8917
 0.704 21.6389
 0.70412 21.3638
 0.70424 21.07
 0.70436 20.7604
 0.70448 20.4342
 0.7046 20.0848
 0.70472 19.7052
 0.70484 19.2884
 0.70496 18.8307
 0.70508 18.3329
 0.7052 17.7976
 0.70532 17.2295
 0.70544 16.6374
 0.70556 16.0334
 0.70568 15.4305
 0.7058 14.8381
 0.70592 14.2615
 0.70604 13.7036
 0.70616 13.1667
 0.70628 12.6529
 0.7064 12.1644
 0.70652 11.7039
 0.70664 11.2721
 0.70676 10.8698
 0.70688 10.4971
 0.707 10.1519
 0.70712 9.8301
 0.70724 9.52815
 0.70736 9.24282
 0.70748 8.97148
 0.7076 8.71009
 0.70772 8.45541
 0.70784 8.21168
 0.70796 7.98408
 0.70808 7.7753
 0.7082 7.58806
 0.70832 7.42515
 0.70844 7.28878
 0.70856 7.18441
 0.70868 7.12073
 0.7088 7.1061
 0.70892 7.14882
 0.70904 7.25685
 0.70916 7.43767
 0.70928 7.69608
 0.7094 8.03133
 0.70952 8.43884
 0.70964 8.91387
 0.70976 9.44802
 0.70988 10.0273
 0.71 10.6413
 0.71012 11.2811
 0.71024 11.9372
 0.71036 12.6003
 0.71048 13.262
 0.7106 13.9109
 0.71072 14.5348
 0.71084 15.1216
 0.71096 15.6598
 0.71108 16.1393
 0.7112 16.5502
 0.71132 16.8837
 0.71144 17.1368
 0.71156 17.31
 0.71168 17.4061
 0.7118 17.4327
 0.71192 17.3984
 0.71204 17.3099
 0.71216 17.1745
 0.71228 16.9997
 0.7124 16.7918
 0.71252 16.5557
 0.71264 16.2968
 0.71276 16.0209
 0.71288 15.7337
 0.713 15.441
 0.71312 15.1495
 0.71324 14.8688
 0.71336 14.6107
 0.71348 14.3815
 0.7136 14.1819
 0.71372 14.0077
 0.71384 13.8513
 0.71396 13.7054
 0.71408 13.5628
 0.7142 13.4156
 0.71432 13.2565
 0.71444 13.0813
 0.71456 12.8871
 0.71468 12.6709
 0.7148 12.4297
 0.71492 12.1602
 0.71504 11.8569
 0.71516 11.5132
 0.71528 11.1191
 0.7154 10.6661
 0.71552 10.1513
 0.71564 9.58045
 0.71576 8.96498
 0.71588 8.31956
 0.716 7.65664
 0.71612 6.98838
 0.71624 6.32706
 0.71636 5.68417
 0.71648 5.06912
 0.7166 4.48958
 0.71672 3.95269
 0.71684 3.46558
 0.71696 3.03628
 0.71708 2.67388
 0.7172 2.38568
 0.71732 2.17792
 0.71744 2.05463
 0.71756 2.01622
 0.71768 2.05777
 0.7178 2.16616
 0.71792 2.32878
 0.71804 2.53677
 0.71816 2.78144
 0.71828 3.05383
 0.7184 3.34312
 0.71852 3.63976
 0.71864 3.93743
 0.71876 4.23085
 0.71888 4.5147
 0.719 4.78335
 0.71912 5.03201
 0.71924 5.26082
 0.71936 5.47155
 0.71948 5.66388
 0.7196 5.83774
 0.71972 5.99619
 0.71984 6.14804
 0.71996 6.29764
 0.72008 6.44758
 0.7202 6.60024
 0.72032 6.75942
 0.72044 6.93265
 0.72056 7.12541
 0.72068 7.33963
 0.7208 7.57665
 0.72092 7.83778
 0.72104 8.12446
 0.72116 8.43737
 0.72128 8.77274
 0.7214 9.12707
 0.72152 9.49988
 0.72164 9.88988
 0.72176 10.2928
 0.72188 10.7048
 0.722 11.1246
 0.72212 11.5512
 0.72224 11.9837
 0.72236 12.4189
 0.72248 12.8518
 0.7226 13.2798
 0.72272 13.7021
 0.72284 14.1184
 0.72296 14.5277
 0.72308 14.9281
 0.7232 15.3146
 0.72332 15.6859
 0.72344 16.0379
 0.72356 16.3648
 0.72368 16.6634
 0.7238 16.9309
 0.72392 17.1613
 0.72404 17.3481
 0.72416 17.4864
 0.72428 17.5721
 0.7244 17.6032
 0.72452 17.5772
 0.72464 17.4885
 0.72476 17.3312
 0.72488 17.0999
 0.725 16.7897
 0.72512 16.4006
 0.72524 15.9366
 0.72536 15.4016
 0.72548 14.8061
 0.7256 14.1633
 0.72572 13.4857
 0.72584 12.7887
 0.72596 12.0897
 0.72608 11.4044
 0.7262 10.7463
 0.72632 10.1266
 0.72644 9.5539
 0.72656 9.03925
 0.72668 8.59592
 0.7268 8.23572
 0.72692 7.96975
 0.72704 7.80863
 0.72716 7.75712
 0.72728 7.81784
 0.7274 7.98838
 0.72752 8.25972
 0.72764 8.61998
 0.72776 9.05396
 0.72788 9.54513
 0.728 10.0785
 0.72812 10.6397
 0.72824 11.2157
 0.72836 11.7965
 0.72848 12.3739
 0.7286 12.9374
 0.72872 13.4777
 0.72884 13.9871
 0.72896 14.4564
 0.72908 14.8759
 0.7292 15.2395
 0.72932 15.5424
 0.72944 15.7843
 0.72956 15.9667
 0.72968 16.0944
 0.7298 16.1741
 0.72992 16.2106
 0.73004 16.2058
 0.73016 16.1626
 0.73028 16.0829
 0.7304 15.9677
 0.73052 15.8182
 0.73064 15.6363
 0.73076 15.4224
 0.73088 15.1769
 0.731 14.9043
 0.73112 14.6077
 0.73124 14.2881
 0.73136 13.946
 0.73148 13.5811
 0.7316 13.1927
 0.73172 12.7785
 0.73184 12.3389
 0.73196 11.8802
 0.73208 11.4132
 0.7322 10.949
 0.73232 10.4988
 0.73244 10.0718
 0.73256 9.67521
 0.73268 9.3141
 0.7328 8.99396
 0.73292 8.71947
 0.73304 8.49342
 0.73316 8.32333
 0.73328 8.21749
 0.7334 8.18309
 0.73352 8.22742
 0.73364 8.35852
 0.73376 8.58375
 0.73388 8.90304
 0.734 9.30273
 0.73412 9.76338
 0.73424 10.2651
 0.73436 10.7893
 0.73448 11.3199
 0.7346 11.8449
 0.73472 12.3543
 0.73484 12.8383
 0.73496 13.2877
 0.73508 13.6909
 0.7352 14.0316
 0.73532 14.2957
 0.73544 14.4724
 0.73556 14.5494
 0.73568 14.5119
 0.7358 14.3467
 0.73592 14.0523
 0.73604 13.6421
 0.73616 13.1322
 0.73628 12.5387
 0.7364 11.8767
 0.73652 11.1611
 0.73664 10.4052
 0.73676 9.61996
 0.73688 8.8156
 0.737 8.00272
 0.73712 7.19471
 0.73724 6.4078
 0.73736 5.6521
 0.73748 4.93557
 0.7376 4.2683
 0.73772 3.66219
 0.73784 3.12752
 0.73796 2.66614
 0.73808 2.27514
 0.7382 1.95087
 0.73832 1.68797
 0.73844 1.48071
 0.73856 1.31863
 0.73868 1.19156
 0.7388 1.09297
 0.73892 1.01694
 0.73904 0.957728
 0.73916 0.907292
 0.73928 0.857452
 0.7394 0.804115
 0.73952 0.744921
 0.73964 0.680316
 0.73976 0.610488
 0.73988 0.536169
 0.74 0.457039
 0.74012 0.371819
 0.74024 0.281113
 0.74036 0.187655
 0.74048 0.0948946
 0.7406 0.0103855
 0.74072 -0.0607248
 0.74084 -0.115932
 0.74096 -0.154667
 0.74108 -0.176162
 0.7412 -0.177285
 0.74132 -0.153968
 0.74144 -0.102989
 0.74156 -0.0263812
 0.74168 0.0693687
 0.7418 0.178602
 0.74192 0.295845
 0.74204 0.418478
 0.74216 0.544124
 0.74228 0.668648
 0.7424 0.787463
 0.74252 0.899044
 0.74264 1.00295
 0.74276 1.10052
 0.74288 1.19583
 0.743 1.29479
 0.74312 1.40071
 0.74324 1.51199
 0.74336 1.62549
 0.74348 1.73909
 0.7436 1.8555
 0.74372 1.97643
 0.74384 2.10476
 0.74396 2.24503
 0.74408 2.4013
 0.7442 2.57776
 0.74432 2.77906
 0.74444 3.00845
 0.74456 3.26352
 0.74468 3.54107
 0.7448 3.83709
 0.74492 4.14374
 0.74504 4.45453
 0.74516 4.76773
 0.74528 5.08653
 0.7454 5.41388
 0.74552 5.75095
 0.74564 6.09874
 0.74576 6.46065
 0.74588 6.83624
 0.746 7.22351
 0.74612 7.62079
 0.74624 8.02645
 0.74636 8.43868
 0.74648 8.85628
 0.7466 9.27897
 0.74672 9.70409
 0.74684 10.1302
 0.74696 10.559
 0.74708 10.9895
 0.7472 11.4175
 0.74732 11.8377
 0.74744 12.246
 0.74756 12.6396
 0.74768 13.0145
 0.7478 13.3658
 0.74792 13.6898
 0.74804 13.9823
 0.74816 14.2381
 0.74828 14.4523
 0.7484 14.6214
 0.74852 14.7457
 0.74864 14.8285
 0.74876 14.8771
 0.74888 14.8962
 0.749 14.888
 0.74912 14.8556
 0.74924 14.8
 0.74936 14.7216
 0.74948 14.6197
 0.7496 14.4934
 0.74972 14.3424
 0.74984 14.1686
 0.74996 13.975
 0.75008 13.7663
 0.7502 13.5482
 0.75032 13.3251
 0.75044 13.0971
 0.75056 12.86
 0.75068 12.6071
 0.7508 12.3298
 0.75092 12.0233
 0.75104 11.6846
 0.75116 11.3133
 0.75128 10.9123
 0.7514 10.4867
 0.75152 10.0431
 0.75164 9.58628
 0.75176 9.11973
 0.75188 8.64506
 0.752 8.16307
 0.75212 7.67269
 0.75224 7.17177
 0.75236 6.66059
 0.75248 6.14373
 0.7526 5.62708
 0.75272 5.11756
 0.75284 4.62262
 0.75296 4.14712
 0.75308 3.69507
 0.7532 3.26812
 0.75332 2.86727
 0.75344 2.48805
 0.75356 2.12532
 0.75368 1.77703
 0.7538 1.4438
 0.75392 1.1278
 0.75404 0.832371
 0.75416 0.564617
 0.75428 0.334359
 0.7544 0.149229
 0.75452 0.0155582
 0.75464 -0.0603724
 0.75476 -0.0750584
 0.75488 -0.027178
 0.755 0.0848605
 0.75512 0.262897
 0.75524 0.508063
 0.75536 0.822218
 0.75548 1.21273
 0.7556 1.68618
 0.75572 2.24635
 0.75584 2.8918
 0.75596 3.61726
 0.75608 4.4144
 0.7562 5.26814
 0.75632 6.16094
 0.75644 7.07604
 0.75656 7.99669
 0.75668 8.907
 0.7568 9.79636
 0.75692 10.6568
 0.75704 11.4812
 0.75716 12.2621
 0.75728 12.9914
 0.7574 13.6588
 0.75752 14.2526
 0.75764 14.7597
 0.75776 15.1697
 0.75788 15.4791
 0.758 15.6895
 0.75812 15.8064
 0.75824 15.8412
 0.75836 15.807
 0.75848 15.7145
 0.7586 15.5735
 0.75872 15.392
 0.75884 15.1751
 0.75896 14.926
 0.75908 14.6471
 0.7592 14.3426
 0.75932 14.0207
 0.75944 13.6904
 0.75956 13.3612
 0.75968 13.047
 0.7598 12.7578
 0.75992 12.4991
 0.76004 12.2737
 0.76016 12.0802
 0.76028 11.9123
 0.7604 11.7635
 0.76052 11.6322
 0.76064 11.5186
 0.76076 11.4244
 0.76088 11.3514
 0.761 11.3036
 0.76112 11.2864
 0.76124 11.3002
 0.76136 11.3428
 0.76148 11.4117
 0.7616 11.5029
 0.76172 11.6102
 0.76184 11.7301
 0.76196 11.8598
 0.76208 11.9978
 0.7622 12.147
 0.76232 12.3135
 0.76244 12.5025
 0.76256 12.7158
 0.76268 12.9535
 0.7628 13.2124
 0.76292 13.4885
 0.76304 13.7739
 0.76316 14.0609
 0.76328 14.3469
 0.7634 14.631
 0.76352 14.9125
 0.76364 15.1917
 0.76376 15.4688
 0.76388 15.7427
 0.764 16.0122
 0.76412 16.2735
 0.76424 16.5201
 0.76436 16.7444
 0.76448 16.9395
 0.7646 17.0969
 0.76472 17.2102
 0.76484 17.2772
 0.76496 17.2991
 0.76508 17.2802
 0.7652 17.2229
 0.76532 17.1265
 0.76544 16.9863
 0.76556 16.7968
 0.76568 16.5519
 0.7658 16.2449
 0.76592 15.8733
 0.76604 15.4378
 0.76616 14.9433
 0.76628 14.3969
 0.7664 13.8066
 0.76652 13.1807
 0.76664 12.533
 0.76676 11.8754
 0.76688 11.2148
 0.767 10.5549
 0.76712 9.89855
 0.76724 9.24791
 0.76736 8.60945
 0.76748 7.99768
 0.7676 7.43036
 0.76772 6.92697
 0.76784 6.50604
 0.76796 6.17936
 0.76808 5.95491
 0.7682 5.836
 0.76832 5.82156
 0.76844 5.90924
 0.76856 6.09532
 0.76868 6.37218
 0.7688 6.73425
 0.76892 7.18137
 0.76904 7.7145
 0.76916 8.33532
 0.76928 9.04802
 0.7694 9.84866
 0.76952 10.7192
 0.76964 11.6361
 0.76976 12.5748
 0.76988 13.5131
 0.77 14.4321
 0.77012 15.3137
 0.77024 16.142
 0.77036 16.9069
 0.77048 17.5987
 0.7706 18.2084
 0.77072 18.7281
 0.77084 19.1471
 0.77096 19.4525
 0.77108 19.6325
 0.7712 19.676
 0.77132 19.5719
 0.77144 19.3213
 0.77156 18.94
 0.77168 18.4482
 0.7718 17.8659
 0.77192 17.2121
 0.77204 16.5057
 0.77216 15.7693
 0.77228 15.0219
 0.7724 14.2788
 0.77252 13.5554
 0.77264 12.867
 0.77276 12.2289
 0.77288 11.6575
 0.773 11.1686
 0.77312 10.7699
 0.77324 10.4637
 0.77336 10.2513
 0.77348 10.1236
 0.7736 10.0621
 0.77372 10.0467
 0.77384 10.0578
 0.77396 10.0758
 0.77408 10.0807
 0.7742 10.0529
 0.77432 9.98256
 0.77444 9.86185
 0.77456 9.68382
 0.77468 9.44192
 0.7748 9.12961
 0.77492 8.74032
 0.77504 8.27108
 0.77516 7.73488
 0.77528 7.14797
 0.7754 6.52474
 0.77552 5.8866
 0.77564 5.25851
 0.77576 4.66565
 0.77588 4.1335
 0.776 3.68674
 0.77612 3.34663
 0.77624 3.1251
 0.77636 3.02344
 0.77648 3.04091
 0.7766 3.17309
 0.77672 3.41614
 0.77684 3.7688
 0.77696 4.23045
 0.77708 4.79484
 0.7772 5.44411
 0.77732 6.16334
 0.77744 6.9382
 0.77756 7.75074
 0.77768 8.58275
 0.7778 9.41514
 0.77792 10.2276
 0.77804 11.0025
 0.77816 11.7288
 0.77828 12.4047
 0.7784 13.0345
 0.77852 13.6268
 0.77864 14.1937
 0.77876 14.7399
 0.77888 15.2616
 0.779 15.754
 0.77912 16.2152
 0.77924 16.6464
 0.77936 17.0465
 0.77948 17.4165
 0.7796 17.7598
 0.77972 18.0808
 0.77984 18.3862
 0.77996 18.6842
 0.78008 18.9793
 0.7802 19.2723
 0.78032 19.5566
 0.78044 19.8204
 0.78056 20.0478
 0.78068 20.2245
 0.7808 20.3508
 0.78092 20.4359
 0.78104 20.4891
 0.78116 20.5192
 0.78128 20.5351
 0.7814 20.5445
 0.78152 20.5515
 0.78164 20.5518
 0.78176 20.538
 0.78188 20.5016
 0.782 20.433
 0.78212 20.3249
 0.78224 20.173
 0.78236 19.9828
 0.78248 19.7624
 0.7826 19.521
 0.78272 19.2634
 0.78284 18.9841
 0.78296 18.6747
 0.78308 18.3273
 0.7832 17.9344
 0.78332 17.4891
 0.78344 16.9848
 0.78356 16.4232
 0.78368 15.8158
 0.7838 15.1752
 0.78392 14.5144
 0.78404 13.8457
 0.78416 13.1784
 0.78428 12.5162
 0.7844 11.8597
 0.78452 11.211
 0.78464 10.5722
 0.78476 9.94713
 0.78488 9.34119
 0.785 8.75878
 0.78512 8.20192
 0.78524 7.67106
 0.78536 7.16646
 0.78548 6.68815
 0.7856 6.23034
 0.78572 5.7844
 0.78584 5.34167
 0.78596 4.89445
 0.78608 4.43789
 0.7862 3.97194
 0.78632 3.4982
 0.78644 3.01318
 0.78656 2.51208
 0.78668 1.99001
 0.7868 1.44291
 0.78692 0.870857
 0.78704 0.276651
 0.78716 -0.332682
 0.78728 -0.947624
 0.7874 -1.55804
 0.78752 -2.15385
 0.78764 -2.72502
 0.78776 -3.26164
 0.78788 -3.75398
 0.788 -4.19485
 0.78812 -4.5798
 0.78824 -4.90623
 0.78836 -5.16842
 0.78848 -5.35593
 0.7886 -5.45687
 0.78872 -5.45891
 0.78884 -5.35261
 0.78896 -5.13416
 0.78908 -4.80217
 0.7892 -4.35951
 0.78932 -3.81196
 0.78944 -3.16852
 0.78956 -2.4391
 0.78968 -1.63305
 0.7898 -0.759682
 0.78992 0.172049
 0.79004 1.15531
 0.79016 2.18256
 0.79028 3.2452
 0.7904 4.33399
 0.79052 5.43428
 0.79064 6.52882
 0.79076 7.59979
 0.79088 8.6326
 0.791 9.61513
 0.79112 10.5354
 0.79124 11.383
 0.79136 12.1493
 0.79148 12.8309
 0.7916 13.4255
 0.79172 13.9308
 0.79184 14.3444
 0.79196 14.6639
 0.79208 14.8868
 0.7922 15.0127
 0.79232 15.0401
 0.79244 14.9616
 0.79256 14.7763
 0.79268 14.4849
 0.7928 14.0884
 0.79292 13.5866
 0.79304 12.981
 0.79316 12.2792
 0.79328 11.4935
 0.7934 10.6384
 0.79352 9.7256
 0.79364 8.7667
 0.79376 7.77317
 0.79388 6.75653
 0.794 5.72844
 0.79412 4.70127
 0.79424 3.68733
 0.79436 2.70572
 0.79448 1.78438
 0.7946 0.948139
 0.79472 0.221508
 0.79484 -0.371079
 0.79496 -0.805678
 0.79508 -1.06666
 0.7952 -1.15061
 0.79532 -1.06257
 0.79544 -0.811708
 0.79556 -0.406991
 0.79568 0.142347
 0.7958 0.827732
 0.79592 1.64184
 0.79604 2.57557
 0.79616 3.61344
 0.79628 4.7383
 0.7964 5.92523
 0.79652 7.14388
 0.79664 8.36421
 0.79676 9.55643
 0.79688 10.6908
 0.797 11.74
 0.79712 12.6896
 0.79724 13.5316
 0.79736 14.2632
 0.79748 14.8836
 0.7976 15.3926
 0.79772 15.79
 0.79784 16.0708
 0.79796 16.2268
 0.79808 16.2553
 0.7982 16.1621
 0.79832 15.9536
 0.79844 15.6406
 0.79856 15.2386
 0.79868 14.763
 0.7988 14.2292
 0.79892 13.6536
 0.79904 13.0489
 0.79916 12.4216
 0.79928 11.7795
 0.7994 11.1284
 0.79952 10.4738
 0.79964 9.8224
 0.79976 9.18336
 0.79988 8.57483
