 0.2 -0.107742
 0.20012 -0.107881
 0.20024 -0.108018
 0.20036 -0.108154
 0.20048 -0.108289
 0.2006 -0.108422
 0.20072 -0.108553
 0.20084 -0.108684
 0.20096 -0.108813
 0.20108 -0.10894
 0.2012 -0.109067
 0.20132 -0.109192
 0.20144 -0.109315
 0.20156 -0.109438
 0.20168 -0.109559
 0.2018 -0.10968
 0.20192 -0.109798
 0.20204 -0.109916
 0.20216 -0.110033
 0.20228 -0.110148
 0.2024 -0.110262
 0.20252 -0.110375
 0.20264 -0.110487
 0.20276 -0.110597
 0.20288 -0.110707
 0.203 -0.110815
 0.20312 -0.110922
 0.20324 -0.111028
 0.20336 -0.111133
 0.20348 -0.111236
 0.2036 -0.111339
 0.20372 -0.111441
 0.20384 -0.111541
 0.20396 -0.111641
 0.20408 -0.111739
 0.2042 -0.111837
 0.20432 -0.111933
 0.20444 -0.112029
 0.20456 -0.112123
 0.20468 -0.112216
 0.2048 -0.112309
 0.20492 -0.112401
 0.20504 -0.112491
 0.20516 -0.112581
 0.20528 -0.11267
 0.2054 -0.112758
 0.20552 -0.112846
 0.20564 -0.112932
 0.20576 -0.113018
 0.20588 -0.113103
 0.206 -0.113187
 0.20612 -0.11327
 0.20624 -0.113353
 0.20636 -0.113435
 0.20648 -0.113517
 0.2066 -0.113598
 0.20672 -0.113678
 0.20684 -0.113758
 0.20696 -0.113837
 0.20708 -0.113915
 0.2072 -0.113994
 0.20732 -0.114071
 0.20744 -0.114148
 0.20756 -0.114225
 0.20768 -0.114301
 0.2078 -0.114377
 0.20792 -0.114452
 0.20804 -0.114526
 0.20816 -0.1146
 0.20828 -0.114673
 0.2084 -0.114746
 0.20852 -0.114818
 0.20864 -0.11489
 0.20876 -0.114961
 0.20888 -0.115031
 0.209 -0.115101
 0.20912 -0.115169
 0.20924 -0.115238
 0.20936 -0.115305
 0.20948 -0.115372
 0.2096 -0.115438
 0.20972 -0.115504
 0.20984 -0.115568
 0.20996 -0.115632
 0.21008 -0.115695
 0.2102 -0.115758
 0.21032 -0.115819
 0.21044 -0.11588
 0.21056 -0.11594
 0.21068 -0.115999
 0.2108 -0.116057
 0.21092 -0.116115
 0.21104 -0.116172
 0.21116 -0.116228
 0.21128 -0.116283
 0.2114 -0.116337
 0.21152 -0.116391
 0.21164 -0.116443
 0.21176 -0.116495
 0.21188 -0.116546
 0.212 -0.116596
 0.21212 -0.116645
 0.21224 -0.116694
 0.21236 -0.116741
 0.21248 -0.116788
 0.2126 -0.116833
 0.21272 -0.116878
 0.21284 -0.116921
 0.21296 -0.116964
 0.21308 -0.117005
 0.2132 -0.117046
 0.21332 -0.117085
 0.21344 -0.117124
 0.21356 -0.117161
 0.21368 -0.117197
 0.2138 -0.117232
 0.21392 -0.117265
 0.21404 -0.117298
 0.21416 -0.117329
 0.21428 -0.117359
 0.2144 -0.117387
 0.21452 -0.117415
 0.21464 -0.117441
 0.21476 -0.117465
 0.21488 -0.117489
 0.215 -0.11751
 0.21512 -0.117531
 0.21524 -0.117549
 0.21536 -0.117567
 0.21548 -0.117582
 0.2156 -0.117596
 0.21572 -0.117609
 0.21584 -0.117619
 0.21596 -0.117628
 0.21608 -0.117635
 0.2162 -0.11764
 0.21632 -0.117643
 0.21644 -0.117645
 0.21656 -0.117644
 0.21668 -0.117642
 0.2168 -0.117637
 0.21692 -0.117631
 0.21704 -0.117622
 0.21716 -0.117611
 0.21728 -0.117598
 0.2174 -0.117583
 0.21752 -0.117565
 0.21764 -0.117545
 0.21776 -0.117523
 0.21788 -0.117498
 0.218 -0.117471
 0.21812 -0.117441
 0.21824 -0.117409
 0.21836 -0.117374
 0.21848 -0.117337
 0.2186 -0.117297
 0.21872 -0.117254
 0.21884 -0.117208
 0.21896 -0.117159
 0.21908 -0.117107
 0.2192 -0.117052
 0.21932 -0.116994
 0.21944 -0.116933
 0.21956 -0.116868
 0.21968 -0.1168
 0.2198 -0.116729
 0.21992 -0.116654
 0.22004 -0.116575
 0.22016 -0.116493
 0.22028 -0.116408
 0.2204 -0.116319
 0.22052 -0.116226
 0.22064 -0.11613
 0.22076 -0.116031
 0.22088 -0.115928
 0.221 -0.115821
 0.22112 -0.115711
 0.22124 -0.115597
 0.22136 -0.11548
 0.22148 -0.115359
 0.2216 -0.115235
 0.22172 -0.115108
 0.22184 -0.114977
 0.22196 -0.114842
 0.22208 -0.114705
 0.2222 -0.114564
 0.22232 -0.11442
 0.22244 -0.114273
 0.22256 -0.114123
 0.22268 -0.113969
 0.2228 -0.113813
 0.22292 -0.113654
 0.22304 -0.113491
 0.22316 -0.113326
 0.22328 -0.113158
 0.2234 -0.112987
 0.22352 -0.112813
 0.22364 -0.112636
 0.22376 -0.112456
 0.22388 -0.112273
 0.224 -0.112088
 0.22412 -0.1119
 0.22424 -0.111709
 0.22436 -0.111516
 0.22448 -0.11132
 0.2246 -0.111121
 0.22472 -0.11092
 0.22484 -0.110716
 0.22496 -0.11051
 0.22508 -0.110301
 0.2252 -0.11009
 0.22532 -0.109877
 0.22544 -0.109661
 0.22556 -0.109442
 0.22568 -0.109222
 0.2258 -0.108999
 0.22592 -0.108774
 0.22604 -0.108547
 0.22616 -0.108318
 0.22628 -0.108086
 0.2264 -0.107853
 0.22652 -0.107617
 0.22664 -0.10738
 0.22676 -0.10714
 0.22688 -0.106898
 0.227 -0.106655
 0.22712 -0.106409
 0.22724 -0.106162
 0.22736 -0.105913
 0.22748 -0.105662
 0.2276 -0.105409
 0.22772 -0.105155
 0.22784 -0.104898
 0.22796 -0.10464
 0.22808 -0.10438
 0.2282 -0.104119
 0.22832 -0.103855
 0.22844 -0.103591
 0.22856 -0.103324
 0.22868 -0.103056
 0.2288 -0.102786
 0.22892 -0.102515
 0.22904 -0.102242
 0.22916 -0.101968
 0.22928 -0.101692
 0.2294 -0.101415
 0.22952 -0.101137
 0.22964 -0.100857
 0.22976 -0.100575
 0.22988 -0.100293
 0.23 -0.100009
 0.23012 -0.0997236
 0.23024 -0.0994371
 0.23036 -0.0991493
 0.23048 -0.0988603
 0.2306 -0.0985702
 0.23072 -0.0982788
 0.23084 -0.0979863
 0.23096 -0.0976926
 0.23108 -0.0973978
 0.2312 -0.0971019
 0.23132 -0.0968048
 0.23144 -0.0965065
 0.23156 -0.0962072
 0.23168 -0.0959068
 0.2318 -0.0956053
 0.23192 -0.0953027
 0.23204 -0.0949991
 0.23216 -0.0946945
 0.23228 -0.0943889
 0.2324 -0.0940823
 0.23252 -0.0937747
 0.23264 -0.0934661
 0.23276 -0.0931565
 0.23288 -0.0928459
 0.233 -0.0925343
 0.23312 -0.0922217
 0.23324 -0.0919082
 0.23336 -0.0915936
 0.23348 -0.0912781
 0.2336 -0.0909617
 0.23372 -0.0906442
 0.23384 -0.0903258
 0.23396 -0.0900065
 0.23408 -0.0896862
 0.2342 -0.0893649
 0.23432 -0.0890427
 0.23444 -0.0887195
 0.23456 -0.0883953
 0.23468 -0.0880701
 0.2348 -0.087744
 0.23492 -0.0874168
 0.23504 -0.0870886
 0.23516 -0.0867593
 0.23528 -0.086429
 0.2354 -0.0860977
 0.23552 -0.0857653
 0.23564 -0.0854318
 0.23576 -0.0850972
 0.23588 -0.0847615
 0.236 -0.0844247
 0.23612 -0.0840868
 0.23624 -0.0837478
 0.23636 -0.0834076
 0.23648 -0.0830662
 0.2366 -0.0827237
 0.23672 -0.0823798
 0.23684 -0.0820347
 0.23696 -0.0816883
 0.23708 -0.0813406
 0.2372 -0.0809914
 0.23732 -0.0806409
 0.23744 -0.080289
 0.23756 -0.0799357
 0.23768 -0.0795811
 0.2378 -0.0792249
 0.23792 -0.0788674
 0.23804 -0.0785085
 0.23816 -0.0781482
 0.23828 -0.0777864
 0.2384 -0.0774233
 0.23852 -0.0770588
 0.23864 -0.0766929
 0.23876 -0.0763257
 0.23888 -0.0759572
 0.239 -0.0755873
 0.23912 -0.0752162
 0.23924 -0.0748438
 0.23936 -0.0744701
 0.23948 -0.0740952
 0.2396 -0.0737191
 0.23972 -0.0733418
 0.23984 -0.0729634
 0.23996 -0.0725837
 0.24008 -0.072203
 0.2402 -0.0718211
 0.24032 -0.0714381
 0.24044 -0.0710541
 0.24056 -0.0706689
 0.24068 -0.0702828
 0.2408 -0.0698956
 0.24092 -0.0695074
 0.24104 -0.0691181
 0.24116 -0.068728
 0.24128 -0.0683368
 0.2414 -0.0679447
 0.24152 -0.0675517
 0.24164 -0.0671578
 0.24176 -0.0667631
 0.24188 -0.0663675
 0.242 -0.0659712
 0.24212 -0.0655741
 0.24224 -0.0651763
 0.24236 -0.0647779
 0.24248 -0.0643788
 0.2426 -0.0639791
 0.24272 -0.0635789
 0.24284 -0.0631781
 0.24296 -0.0627768
 0.24308 -0.0623751
 0.2432 -0.061973
 0.24332 -0.0615704
 0.24344 -0.0611676
 0.24356 -0.0607644
 0.24368 -0.060361
 0.2438 -0.0599573
 0.24392 -0.0595534
 0.24404 -0.0591493
 0.24416 -0.0587451
 0.24428 -0.0583407
 0.2444 -0.0579363
 0.24452 -0.0575318
 0.24464 -0.0571273
 0.24476 -0.0567228
 0.24488 -0.0563184
 0.245 -0.055914
 0.24512 -0.0555098
 0.24524 -0.0551058
 0.24536 -0.054702
 0.24548 -0.0542984
 0.2456 -0.0538952
 0.24572 -0.0534923
 0.24584 -0.0530899
 0.24596 -0.0526878
 0.24608 -0.0522863
 0.2462 -0.0518853
 0.24632 -0.0514849
 0.24644 -0.0510851
 0.24656 -0.0506859
 0.24668 -0.0502875
 0.2468 -0.0498898
 0.24692 -0.0494929
 0.24704 -0.0490969
 0.24716 -0.0487017
 0.24728 -0.0483074
 0.2474 -0.0479142
 0.24752 -0.0475219
 0.24764 -0.0471308
 0.24776 -0.0467407
 0.24788 -0.0463518
 0.248 -0.045964
 0.24812 -0.0455774
 0.24824 -0.0451921
 0.24836 -0.044808
 0.24848 -0.0444254
 0.2486 -0.0440442
 0.24872 -0.0436646
 0.24884 -0.0432865
 0.24896 -0.0429102
 0.24908 -0.0425356
 0.2492 -0.0421629
 0.24932 -0.041792
 0.24944 -0.041423
 0.24956 -0.041056
 0.24968 -0.040691
 0.2498 -0.0403281
 0.24992 -0.0399673
 0.25004 -0.0396087
 0.25016 -0.0392524
 0.25028 -0.0388983
 0.2504 -0.0385465
 0.25052 -0.0381971
 0.25064 -0.0378501
 0.25076 -0.0375056
 0.25088 -0.0371634
 0.251 -0.0368239
 0.25112 -0.0364868
 0.25124 -0.0361523
 0.25136 -0.0358204
 0.25148 -0.035491
 0.2516 -0.0351643
 0.25172 -0.0348401
 0.25184 -0.0345184
 0.25196 -0.0341993
 0.25208 -0.0338828
 0.2522 -0.0335688
 0.25232 -0.0332573
 0.25244 -0.0329483
 0.25256 -0.0326417
 0.25268 -0.0323377
 0.2528 -0.0320361
 0.25292 -0.0317369
 0.25304 -0.0314402
 0.25316 -0.0311459
 0.25328 -0.0308541
 0.2534 -0.0305648
 0.25352 -0.030278
 0.25364 -0.0299937
 0.25376 -0.0297118
 0.25388 -0.0294324
 0.254 -0.0291554
 0.25412 -0.0288808
 0.25424 -0.0286087
 0.25436 -0.0283389
 0.25448 -0.0280715
 0.2546 -0.0278064
 0.25472 -0.0275436
 0.25484 -0.027283
 0.25496 -0.0270246
 0.25508 -0.0267685
 0.2552 -0.0265145
 0.25532 -0.0262626
 0.25544 -0.0260128
 0.25556 -0.0257651
 0.25568 -0.0255194
 0.2558 -0.0252757
 0.25592 -0.0250339
 0.25604 -0.0247941
 0.25616 -0.0245562
 0.25628 -0.0243201
 0.2564 -0.0240859
 0.25652 -0.0238535
 0.25664 -0.0236229
 0.25676 -0.023394
 0.25688 -0.0231668
 0.257 -0.0229413
 0.25712 -0.0227174
 0.25724 -0.0224951
 0.25736 -0.0222745
 0.25748 -0.0220553
 0.2576 -0.0218377
 0.25772 -0.0216216
 0.25784 -0.0214069
 0.25796 -0.0211937
 0.25808 -0.0209818
 0.2582 -0.0207713
 0.25832 -0.0205621
 0.25844 -0.0203543
 0.25856 -0.0201476
 0.25868 -0.0199422
 0.2588 -0.0197381
 0.25892 -0.019535
 0.25904 -0.0193332
 0.25916 -0.0191324
 0.25928 -0.0189327
 0.2594 -0.018734
 0.25952 -0.0185363
 0.25964 -0.0183396
 0.25976 -0.0181439
 0.25988 -0.0179491
 0.26 -0.0177551
 0.26012 -0.0175621
 0.26024 -0.0173698
 0.26036 -0.0171783
 0.26048 -0.0169876
 0.2606 -0.0167976
 0.26072 -0.0166084
 0.26084 -0.0164198
 0.26096 -0.0162318
 0.26108 -0.0160445
 0.2612 -0.0158578
 0.26132 -0.0156717
 0.26144 -0.0154862
 0.26156 -0.0153012
 0.26168 -0.0151168
 0.2618 -0.014933
 0.26192 -0.0147496
 0.26204 -0.0145668
 0.26216 -0.0143845
 0.26228 -0.0142027
 0.2624 -0.0140213
 0.26252 -0.0138405
 0.26264 -0.0136601
 0.26276 -0.0134802
 0.26288 -0.0133007
 0.263 -0.0131217
 0.26312 -0.0129431
 0.26324 -0.012765
 0.26336 -0.0125873
 0.26348 -0.0124101
 0.2636 -0.0122333
 0.26372 -0.0120568
 0.26384 -0.0118808
 0.26396 -0.0117052
 0.26408 -0.01153
 0.2642 -0.0113551
 0.26432 -0.0111807
 0.26444 -0.0110066
 0.26456 -0.0108329
 0.26468 -0.0106597
 0.2648 -0.0104868
 0.26492 -0.0103143
 0.26504 -0.0101422
 0.26516 -0.00997055
 0.26528 -0.0097993
 0.2654 -0.00962848
 0.26552 -0.00945809
 0.26564 -0.00928812
 0.26576 -0.00911859
 0.26588 -0.00894948
 0.266 -0.00878081
 0.26612 -0.00861256
 0.26624 -0.00844475
 0.26636 -0.00827741
 0.26648 -0.00811056
 0.2666 -0.00794423
 0.26672 -0.00777846
 0.26684 -0.00761327
 0.26696 -0.00744871
 0.26708 -0.00728479
 0.2672 -0.00712156
 0.26732 -0.00695903
 0.26744 -0.00679721
 0.26756 -0.00663614
 0.26768 -0.00647582
 0.2678 -0.00631628
 0.26792 -0.00615754
 0.26804 -0.0059996
 0.26816 -0.00584247
 0.26828 -0.00568616
 0.2684 -0.00553068
 0.26852 -0.00537602
 0.26864 -0.0052222
 0.26876 -0.00506921
 0.26888 -0.00491704
 0.269 -0.0047657
 0.26912 -0.00461517
 0.26924 -0.00446544
 0.26936 -0.0043165
 0.26948 -0.00416832
 0.2696 -0.0040209
 0.26972 -0.00387422
 0.26984 -0.00372826
 0.26996 -0.00358301
 0.27008 -0.00343846
 0.2702 -0.00329462
 0.27032 -0.00315145
 0.27044 -0.00300897
 0.27056 -0.00286715
 0.27068 -0.00272599
 0.2708 -0.00258548
 0.27092 -0.00244561
 0.27104 -0.00230638
 0.27116 -0.00216776
 0.27128 -0.00202976
 0.2714 -0.00189237
 0.27152 -0.00175557
 0.27164 -0.00161933
 0.27176 -0.00148362
 0.27188 -0.0013484
 0.272 -0.00121364
 0.27212 -0.00107931
 0.27224 -0.000945382
 0.27236 -0.000811812
 0.27248 -0.000678573
 0.2726 -0.000545637
 0.27272 -0.000412978
 0.27284 -0.000280569
 0.27296 -0.000148385
 0.27308 -1.63993e-05
 0.2732 0.000115415
 0.27332 0.000247084
 0.27344 0.000378633
 0.27356 0.000510087
 0.27368 0.000641464
 0.2738 0.000772782
 0.27392 0.000904059
 0.27404 0.00103531
 0.27416 0.00116656
 0.27428 0.00129782
 0.2744 0.00142911
 0.27452 0.00156045
 0.27464 0.00169186
 0.27476 0.00182335
 0.27488 0.00195494
 0.275 0.00208667
 0.27512 0.00221854
 0.27524 0.00235061
 0.27536 0.00248288
 0.27548 0.0026154
 0.2756 0.00274818
 0.27572 0.00288127
 0.27584 0.00301469
 0.27596 0.00314846
 0.27608 0.00328263
 0.2762 0.00341721
 0.27632 0.00355223
 0.27644 0.00368773
 0.27656 0.00382374
 0.27668 0.00396028
 0.2768 0.00409738
 0.27692 0.00423508
 0.27704 0.00437339
 0.27716 0.00451236
 0.27728 0.00465201
 0.2774 0.00479237
 0.27752 0.00493347
 0.27764 0.00507535
 0.27776 0.00521803
 0.27788 0.00536151
 0.278 0.00550582
 0.27812 0.00565097
 0.27824 0.00579699
 0.27836 0.00594394
 0.27848 0.00609184
 0.2786 0.00624075
 0.27872 0.00639072
 0.27884 0.00654179
 0.27896 0.006694
 0.27908 0.0068474
 0.2792 0.00700203
 0.27932 0.00715792
 0.27944 0.00731508
 0.27956 0.00747355
 0.27968 0.00763335
 0.2798 0.00779454
 0.27992 0.00795718
 0.28004 0.00812132
 0.28016 0.00828703
 0.28028 0.00845436
 0.2804 0.00862337
 0.28052 0.00879412
 0.28064 0.00896667
 0.28076 0.00914107
 0.28088 0.00931738
 0.281 0.00949567
 0.28112 0.00967597
 0.28124 0.00985834
 0.28136 0.0100428
 0.28148 0.0102293
 0.2816 0.0104179
 0.28172 0.0106085
 0.28184 0.0108012
 0.28196 0.0109959
 0.28208 0.0111926
 0.2822 0.0113913
 0.28232 0.011592
 0.28244 0.0117947
 0.28256 0.0119993
 0.28268 0.0122059
 0.2828 0.0124143
 0.28292 0.0126247
 0.28304 0.0128369
 0.28316 0.013051
 0.28328 0.013267
 0.2834 0.0134849
 0.28352 0.0137046
 0.28364 0.0139261
 0.28376 0.0141495
 0.28388 0.0143746
 0.284 0.0146016
 0.28412 0.0148303
 0.28424 0.0150607
 0.28436 0.0152928
 0.28448 0.0155265
 0.2846 0.0157618
 0.28472 0.0159986
 0.28484 0.0162369
 0.28496 0.0164767
 0.28508 0.0167177
 0.2852 0.0169602
 0.28532 0.0172038
 0.28544 0.0174487
 0.28556 0.0176948
 0.28568 0.017942
 0.2858 0.0181902
 0.28592 0.0184394
 0.28604 0.0186896
 0.28616 0.0189407
 0.28628 0.0191927
 0.2864 0.0194455
 0.28652 0.019699
 0.28664 0.0199532
 0.28676 0.0202081
 0.28688 0.0204635
 0.287 0.0207195
 0.28712 0.020976
 0.28724 0.0212329
 0.28736 0.0214902
 0.28748 0.0217478
 0.2876 0.0220057
 0.28772 0.0222638
 0.28784 0.0225221
 0.28796 0.0227806
 0.28808 0.023039
 0.2882 0.0232975
 0.28832 0.023556
 0.28844 0.0238143
 0.28856 0.0240725
 0.28868 0.0243305
 0.2888 0.0245883
 0.28892 0.0248458
 0.28904 0.0251029
 0.28916 0.0253595
 0.28928 0.0256158
 0.2894 0.0258715
 0.28952 0.0261266
 0.28964 0.0263811
 0.28976 0.026635
 0.28988 0.0268881
 0.29 0.0271404
 0.29012 0.0273919
 0.29024 0.0276426
 0.29036 0.0278922
 0.29048 0.0281409
 0.2906 0.0283886
 0.29072 0.0286351
 0.29084 0.0288805
 0.29096 0.0291247
 0.29108 0.0293677
 0.2912 0.0296093
 0.29132 0.0298496
 0.29144 0.0300886
 0.29156 0.030326
 0.29168 0.0305621
 0.2918 0.0307966
 0.29192 0.0310297
 0.29204 0.0312612
 0.29216 0.0314913
 0.29228 0.0317197
 0.2924 0.0319466
 0.29252 0.0321719
 0.29264 0.0323956
 0.29276 0.0326176
 0.29288 0.0328379
 0.293 0.0330566
 0.29312 0.0332735
 0.29324 0.0334887
 0.29336 0.0337022
 0.29348 0.0339138
 0.2936 0.0341237
 0.29372 0.0343317
 0.29384 0.0345379
 0.29396 0.0347422
 0.29408 0.0349446
 0.2942 0.0351451
 0.29432 0.0353436
 0.29444 0.0355402
 0.29456 0.0357347
 0.29468 0.0359273
 0.2948 0.0361178
 0.29492 0.0363063
 0.29504 0.0364928
 0.29516 0.0366771
 0.29528 0.0368594
 0.2954 0.0370395
 0.29552 0.0372176
 0.29564 0.0373935
 0.29576 0.0375672
 0.29588 0.0377387
 0.296 0.0379081
 0.29612 0.0380752
 0.29624 0.03824
 0.29636 0.0384025
 0.29648 0.0385628
 0.2966 0.0387208
 0.29672 0.0388766
 0.29684 0.0390301
 0.29696 0.0391812
 0.29708 0.0393302
 0.2972 0.0394768
 0.29732 0.0396211
 0.29744 0.0397632
 0.29756 0.0399029
 0.29768 0.0400403
 0.2978 0.0401755
 0.29792 0.0403083
 0.29804 0.0404388
 0.29816 0.0405669
 0.29828 0.0406927
 0.2984 0.0408162
 0.29852 0.0409373
 0.29864 0.041056
 0.29876 0.0411723
 0.29888 0.0412862
 0.299 0.0413977
 0.29912 0.0415067
 0.29924 0.0416131
 0.29936 0.041717
 0.29948 0.0418183
 0.2996 0.0419169
 0.29972 0.0420127
 0.29984 0.0421057
 0.29996 0.0421959
 0.30008 0.0422832
 0.3002 0.0423676
 0.30032 0.0424489
 0.30044 0.0425272
 0.30056 0.0426025
 0.30068 0.0426746
 0.3008 0.0427435
 0.30092 0.0428092
 0.30104 0.0428716
 0.30116 0.0429307
 0.30128 0.0429863
 0.3014 0.0430384
 0.30152 0.043087
 0.30164 0.0431321
 0.30176 0.0431734
 0.30188 0.0432111
 0.302 0.043245
 0.30212 0.043275
 0.30224 0.0433012
 0.30236 0.0433234
 0.30248 0.0433416
 0.3026 0.0433558
 0.30272 0.0433658
 0.30284 0.0433717
 0.30296 0.0433735
 0.30308 0.0433709
 0.3032 0.0433641
 0.30332 0.043353
 0.30344 0.0433375
 0.30356 0.0433175
 0.30368 0.0432931
 0.3038 0.0432642
 0.30392 0.0432307
 0.30404 0.0431926
 0.30416 0.0431499
 0.30428 0.0431025
 0.3044 0.0430504
 0.30452 0.0429935
 0.30464 0.0429318
 0.30476 0.0428653
 0.30488 0.0427939
 0.305 0.0427176
 0.30512 0.0426363
 0.30524 0.0425499
 0.30536 0.0424584
 0.30548 0.0423618
 0.3056 0.04226
 0.30572 0.042153
 0.30584 0.0420406
 0.30596 0.0419229
 0.30608 0.0417997
 0.3062 0.0416711
 0.30632 0.0415369
 0.30644 0.0413972
 0.30656 0.0412518
 0.30668 0.0411007
 0.3068 0.0409439
 0.30692 0.0407813
 0.30704 0.0406128
 0.30716 0.0404384
 0.30728 0.040258
 0.3074 0.0400716
 0.30752 0.0398791
 0.30764 0.0396804
 0.30776 0.0394756
 0.30788 0.0392645
 0.308 0.039047
 0.30812 0.0388231
 0.30824 0.0385928
 0.30836 0.038356
 0.30848 0.0381125
 0.3086 0.0378623
 0.30872 0.0376053
 0.30884 0.0373415
 0.30896 0.0370708
 0.30908 0.0367931
 0.3092 0.0365083
 0.30932 0.0362164
 0.30944 0.0359173
 0.30956 0.0356109
 0.30968 0.0352971
 0.3098 0.0349759
 0.30992 0.0346472
 0.31004 0.0343108
 0.31016 0.0339668
 0.31028 0.033615
 0.3104 0.0332554
 0.31052 0.0328879
 0.31064 0.0325124
 0.31076 0.0321288
 0.31088 0.031737
 0.311 0.031337
 0.31112 0.0309287
 0.31124 0.0305119
 0.31136 0.0300868
 0.31148 0.0296532
 0.3116 0.0292112
 0.31172 0.0287609
 0.31184 0.0283021
 0.31196 0.027835
 0.31208 0.0273596
 0.3122 0.0268758
 0.31232 0.0263837
 0.31244 0.0258833
 0.31256 0.0253747
 0.31268 0.0248579
 0.3128 0.0243328
 0.31292 0.0237996
 0.31304 0.0232584
 0.31316 0.022709
 0.31328 0.0221517
 0.3134 0.0215864
 0.31352 0.0210132
 0.31364 0.0204322
 0.31376 0.0198432
 0.31388 0.0192465
 0.314 0.018642
 0.31412 0.0180297
 0.31424 0.0174096
 0.31436 0.0167819
 0.31448 0.0161466
 0.3146 0.0155037
 0.31472 0.0148533
 0.31484 0.0141955
 0.31496 0.0135302
 0.31508 0.0128575
 0.3152 0.0121776
 0.31532 0.0114904
 0.31544 0.010796
 0.31556 0.0100944
 0.31568 0.00938577
 0.3158 0.00867008
 0.31592 0.00794738
 0.31604 0.00721772
 0.31616 0.00648116
 0.31628 0.00573775
 0.3164 0.00498752
 0.31652 0.00423055
 0.31664 0.00346688
 0.31676 0.00269658
 0.31688 0.0019197
 0.317 0.0011363
 0.31712 0.000346435
 0.31724 -0.000449834
 0.31736 -0.00125245
 0.31748 -0.00206136
 0.3176 -0.0028765
 0.31772 -0.00369781
 0.31784 -0.00452524
 0.31796 -0.00535873
 0.31808 -0.00619823
 0.3182 -0.00704367
 0.31832 -0.00789499
 0.31844 -0.00875215
 0.31856 -0.00961507
 0.31868 -0.0104837
 0.3188 -0.011358
 0.31892 -0.0122379
 0.31904 -0.0131233
 0.31916 -0.0140143
 0.31928 -0.0149106
 0.3194 -0.0158123
 0.31952 -0.0167194
 0.31964 -0.0176317
 0.31976 -0.0185491
 0.31988 -0.0194718
 0.32 -0.0203994
 0.32012 -0.0213322
 0.32024 -0.0222699
 0.32036 -0.0232125
 0.32048 -0.0241599
 0.3206 -0.0251121
 0.32072 -0.0260691
 0.32084 -0.0270308
 0.32096 -0.0279971
 0.32108 -0.0289679
 0.3212 -0.0299432
 0.32132 -0.030923
 0.32144 -0.0319072
 0.32156 -0.0328957
 0.32168 -0.0338886
 0.3218 -0.0348858
 0.32192 -0.0358873
 0.32204 -0.0368932
 0.32216 -0.0379033
 0.32228 -0.0389176
 0.3224 -0.0399362
 0.32252 -0.0409591
 0.32264 -0.0419861
 0.32276 -0.0430174
 0.32288 -0.0440528
 0.323 -0.0450924
 0.32312 -0.0461362
 0.32324 -0.0471841
 0.32336 -0.0482361
 0.32348 -0.0492922
 0.3236 -0.0503524
 0.32372 -0.0514167
 0.32384 -0.052485
 0.32396 -0.0535573
 0.32408 -0.0546337
 0.3242 -0.055714
 0.32432 -0.0567984
 0.32444 -0.0578867
 0.32456 -0.0589789
 0.32468 -0.0600751
 0.3248 -0.0611753
 0.32492 -0.0622793
 0.32504 -0.0633872
 0.32516 -0.0644989
 0.32528 -0.0656146
 0.3254 -0.0667341
 0.32552 -0.0678574
 0.32564 -0.0689846
 0.32576 -0.0701156
 0.32588 -0.0712503
 0.326 -0.0723889
 0.32612 -0.0735311
 0.32624 -0.074677
 0.32636 -0.0758266
 0.32648 -0.0769798
 0.3266 -0.0781366
 0.32672 -0.0792971
 0.32684 -0.0804611
 0.32696 -0.0816287
 0.32708 -0.0827999
 0.3272 -0.0839745
 0.32732 -0.0851527
 0.32744 -0.0863344
 0.32756 -0.0875196
 0.32768 -0.0887083
 0.3278 -0.0899005
 0.32792 -0.0910962
 0.32804 -0.0922953
 0.32816 -0.0934978
 0.32828 -0.0947038
 0.3284 -0.0959132
 0.32852 -0.097126
 0.32864 -0.0983422
 0.32876 -0.0995616
 0.32888 -0.100784
 0.329 -0.10201
 0.32912 -0.103239
 0.32924 -0.104471
 0.32936 -0.105707
 0.32948 -0.106945
 0.3296 -0.108186
 0.32972 -0.109429
 0.32984 -0.110675
 0.32996 -0.111924
 0.33008 -0.113176
 0.3302 -0.114429
 0.33032 -0.115685
 0.33044 -0.116943
 0.33056 -0.118203
 0.33068 -0.119465
 0.3308 -0.120729
 0.33092 -0.121995
 0.33104 -0.123262
 0.33116 -0.124531
 0.33128 -0.125801
 0.3314 -0.127072
 0.33152 -0.128344
 0.33164 -0.129617
 0.33176 -0.13089
 0.33188 -0.132165
 0.332 -0.13344
 0.33212 -0.134715
 0.33224 -0.135991
 0.33236 -0.137266
 0.33248 -0.138542
 0.3326 -0.139818
 0.33272 -0.141094
 0.33284 -0.142369
 0.33296 -0.143644
 0.33308 -0.144919
 0.3332 -0.146193
 0.33332 -0.147466
 0.33344 -0.148739
 0.33356 -0.15001
 0.33368 -0.151281
 0.3338 -0.15255
 0.33392 -0.153819
 0.33404 -0.155086
 0.33416 -0.156352
 0.33428 -0.157616
 0.3344 -0.158878
 0.33452 -0.160139
 0.33464 -0.161398
 0.33476 -0.162655
 0.33488 -0.163909
 0.335 -0.165162
 0.33512 -0.166412
 0.33524 -0.16766
 0.33536 -0.168906
 0.33548 -0.170148
 0.3356 -0.171388
 0.33572 -0.172625
 0.33584 -0.173859
 0.33596 -0.17509
 0.33608 -0.176318
 0.3362 -0.177543
 0.33632 -0.178763
 0.33644 -0.179981
 0.33656 -0.181194
 0.33668 -0.182404
 0.3368 -0.18361
 0.33692 -0.184812
 0.33704 -0.18601
 0.33716 -0.187203
 0.33728 -0.188392
 0.3374 -0.189576
 0.33752 -0.190756
 0.33764 -0.191931
 0.33776 -0.193101
 0.33788 -0.194266
 0.338 -0.195426
 0.33812 -0.196581
 0.33824 -0.19773
 0.33836 -0.198874
 0.33848 -0.200012
 0.3386 -0.201144
 0.33872 -0.20227
 0.33884 -0.203389
 0.33896 -0.204503
 0.33908 -0.20561
 0.3392 -0.20671
 0.33932 -0.207804
 0.33944 -0.208891
 0.33956 -0.209971
 0.33968 -0.211043
 0.3398 -0.212108
 0.33992 -0.213166
 0.34004 -0.214216
 0.34016 -0.215259
 0.34028 -0.216294
 0.3404 -0.21732
 0.34052 -0.218339
 0.34064 -0.21935
 0.34076 -0.220352
 0.34088 -0.221345
 0.341 -0.222331
 0.34112 -0.223307
 0.34124 -0.224275
 0.34136 -0.225233
 0.34148 -0.226183
 0.3416 -0.227123
 0.34172 -0.228055
 0.34184 -0.228977
 0.34196 -0.22989
 0.34208 -0.230793
 0.3422 -0.231687
 0.34232 -0.232571
 0.34244 -0.233446
 0.34256 -0.234312
 0.34268 -0.235167
 0.3428 -0.236014
 0.34292 -0.23685
 0.34304 -0.237677
 0.34316 -0.238494
 0.34328 -0.239302
 0.3434 -0.240099
 0.34352 -0.240888
 0.34364 -0.241666
 0.34376 -0.242435
 0.34388 -0.243194
 0.344 -0.243943
 0.34412 -0.244682
 0.34424 -0.245411
 0.34436 -0.24613
 0.34448 -0.24684
 0.3446 -0.247539
 0.34472 -0.248228
 0.34484 -0.248907
 0.34496 -0.249576
 0.34508 -0.250235
 0.3452 -0.250884
 0.34532 -0.251522
 0.34544 -0.252151
 0.34556 -0.252769
 0.34568 -0.253376
 0.3458 -0.253973
 0.34592 -0.25456
 0.34604 -0.255137
 0.34616 -0.255702
 0.34628 -0.256258
 0.3464 -0.256802
 0.34652 -0.257336
 0.34664 -0.257859
 0.34676 -0.258372
 0.34688 -0.258874
 0.347 -0.259365
 0.34712 -0.259845
 0.34724 -0.260314
 0.34736 -0.260773
 0.34748 -0.26122
 0.3476 -0.261657
 0.34772 -0.262083
 0.34784 -0.262498
 0.34796 -0.262901
 0.34808 -0.263294
 0.3482 -0.263676
 0.34832 -0.264046
 0.34844 -0.264405
 0.34856 -0.264753
 0.34868 -0.26509
 0.3488 -0.265416
 0.34892 -0.26573
 0.34904 -0.266033
 0.34916 -0.266325
 0.34928 -0.266605
 0.3494 -0.266874
 0.34952 -0.267131
 0.34964 -0.267377
 0.34976 -0.267611
 0.34988 -0.267834
 0.35 -0.268045
 0.35012 -0.268245
 0.35024 -0.268433
 0.35036 -0.268609
 0.35048 -0.268773
 0.3506 -0.268926
 0.35072 -0.269067
 0.35084 -0.269196
 0.35096 -0.269313
 0.35108 -0.269418
 0.3512 -0.269512
 0.35132 -0.269593
 0.35144 -0.269663
 0.35156 -0.26972
 0.35168 -0.269765
 0.3518 -0.269798
 0.35192 -0.269819
 0.35204 -0.269828
 0.35216 -0.269824
 0.35228 -0.269808
 0.3524 -0.269779
 0.35252 -0.269737
 0.35264 -0.269683
 0.35276 -0.269617
 0.35288 -0.269537
 0.353 -0.269445
 0.35312 -0.269339
 0.35324 -0.269221
 0.35336 -0.26909
 0.35348 -0.268945
 0.3536 -0.268788
 0.35372 -0.268617
 0.35384 -0.268433
 0.35396 -0.268235
 0.35408 -0.268024
 0.3542 -0.267799
 0.35432 -0.26756
 0.35444 -0.267308
 0.35456 -0.267042
 0.35468 -0.266763
 0.3548 -0.266469
 0.35492 -0.266161
 0.35504 -0.26584
 0.35516 -0.265504
 0.35528 -0.265154
 0.3554 -0.264789
 0.35552 -0.264411
 0.35564 -0.264017
 0.35576 -0.26361
 0.35588 -0.263187
 0.356 -0.262751
 0.35612 -0.262299
 0.35624 -0.261833
 0.35636 -0.261352
 0.35648 -0.260856
 0.3566 -0.260345
 0.35672 -0.25982
 0.35684 -0.259279
 0.35696 -0.258723
 0.35708 -0.258152
 0.3572 -0.257566
 0.35732 -0.256964
 0.35744 -0.256347
 0.35756 -0.255714
 0.35768 -0.255066
 0.3578 -0.254402
 0.35792 -0.253723
 0.35804 -0.253027
 0.35816 -0.252316
 0.35828 -0.251588
 0.3584 -0.250845
 0.35852 -0.250086
 0.35864 -0.24931
 0.35876 -0.248518
 0.35888 -0.24771
 0.359 -0.246886
 0.35912 -0.246046
 0.35924 -0.245189
 0.35936 -0.244317
 0.35948 -0.243428
 0.3596 -0.242522
 0.35972 -0.241601
 0.35984 -0.240663
 0.35996 -0.23971
 0.36008 -0.23874
 0.3602 -0.237754
 0.36032 -0.236752
 0.36044 -0.235734
 0.36056 -0.2347
 0.36068 -0.23365
 0.3608 -0.232584
 0.36092 -0.231502
 0.36104 -0.230405
 0.36116 -0.229292
 0.36128 -0.228164
 0.3614 -0.227021
 0.36152 -0.225863
 0.36164 -0.22469
 0.36176 -0.223502
 0.36188 -0.222299
 0.362 -0.221081
 0.36212 -0.219849
 0.36224 -0.218603
 0.36236 -0.217343
 0.36248 -0.216068
 0.3626 -0.214779
 0.36272 -0.213476
 0.36284 -0.212159
 0.36296 -0.210829
 0.36308 -0.209485
 0.3632 -0.208127
 0.36332 -0.206756
 0.36344 -0.205371
 0.36356 -0.203973
 0.36368 -0.202563
 0.3638 -0.201139
 0.36392 -0.199702
 0.36404 -0.198253
 0.36416 -0.19679
 0.36428 -0.195316
 0.3644 -0.193829
 0.36452 -0.19233
 0.36464 -0.190818
 0.36476 -0.189295
 0.36488 -0.187759
 0.365 -0.186212
 0.36512 -0.184653
 0.36524 -0.183083
 0.36536 -0.181501
 0.36548 -0.179908
 0.3656 -0.178304
 0.36572 -0.176688
 0.36584 -0.175062
 0.36596 -0.173425
 0.36608 -0.171777
 0.3662 -0.170119
 0.36632 -0.16845
 0.36644 -0.16677
 0.36656 -0.165081
 0.36668 -0.163382
 0.3668 -0.161672
 0.36692 -0.159953
 0.36704 -0.158224
 0.36716 -0.156485
 0.36728 -0.154737
 0.3674 -0.152979
 0.36752 -0.151212
 0.36764 -0.149436
 0.36776 -0.147651
 0.36788 -0.145857
 0.368 -0.144054
 0.36812 -0.142243
 0.36824 -0.140423
 0.36836 -0.138595
 0.36848 -0.136758
 0.3686 -0.134913
 0.36872 -0.13306
 0.36884 -0.131199
 0.36896 -0.12933
 0.36908 -0.127454
 0.3692 -0.12557
 0.36932 -0.123679
 0.36944 -0.12178
 0.36956 -0.119875
 0.36968 -0.117962
 0.3698 -0.116042
 0.36992 -0.114116
 0.37004 -0.112183
 0.37016 -0.110243
 0.37028 -0.108297
 0.3704 -0.106345
 0.37052 -0.104386
 0.37064 -0.102421
 0.37076 -0.10045
 0.37088 -0.0984733
 0.371 -0.0964906
 0.37112 -0.0945022
 0.37124 -0.0925082
 0.37136 -0.0905089
 0.37148 -0.0885042
 0.3716 -0.0864944
 0.37172 -0.0844795
 0.37184 -0.0824597
 0.37196 -0.080435
 0.37208 -0.0784055
 0.3722 -0.0763713
 0.37232 -0.0743325
 0.37244 -0.0722892
 0.37256 -0.0702416
 0.37268 -0.0681895
 0.3728 -0.0661333
 0.37292 -0.0640728
 0.37304 -0.0620082
 0.37316 -0.0599396
 0.37328 -0.0578669
 0.3734 -0.0557903
 0.37352 -0.0537098
 0.37364 -0.0516255
 0.37376 -0.0495375
 0.37388 -0.0474458
 0.374 -0.0453505
 0.37412 -0.0432518
 0.37424 -0.0411497
 0.37436 -0.0390443
 0.37448 -0.0369356
 0.3746 -0.0348239
 0.37472 -0.032709
 0.37484 -0.0305913
 0.37496 -0.0284706
 0.37508 -0.0263472
 0.3752 -0.0242211
 0.37532 -0.0220924
 0.37544 -0.0199612
 0.37556 -0.0178275
 0.37568 -0.0156915
 0.3758 -0.0135534
 0.37592 -0.0114131
 0.37604 -0.00927091
 0.37616 -0.0071269
 0.37628 -0.0049812
 0.3764 -0.00283391
 0.37652 -0.000685121
 0.37664 0.00146508
 0.37676 0.00361659
 0.37688 0.00576932
 0.377 0.00792318
 0.37712 0.0100781
 0.37724 0.0122339
 0.37736 0.0143906
 0.37748 0.016548
 0.3776 0.0187061
 0.37772 0.0208646
 0.37784 0.0230234
 0.37796 0.0251826
 0.37808 0.0273418
 0.3782 0.0295011
 0.37832 0.0316603
 0.37844 0.0338193
 0.37856 0.0359779
 0.37868 0.0381361
 0.3788 0.0402937
 0.37892 0.0424506
 0.37904 0.0446067
 0.37916 0.0467618
 0.37928 0.048916
 0.3794 0.0510689
 0.37952 0.0532206
 0.37964 0.0553709
 0.37976 0.0575197
 0.37988 0.0596669
 0.38 0.0618123
 0.38012 0.0639558
 0.38024 0.0660973
 0.38036 0.0682368
 0.38048 0.070374
 0.3806 0.0725088
 0.38072 0.0746413
 0.38084 0.0767711
 0.38096 0.0788983
 0.38108 0.0810226
 0.3812 0.0831441
 0.38132 0.0852625
 0.38144 0.0873778
 0.38156 0.0894899
 0.38168 0.0915985
 0.3818 0.0937036
 0.38192 0.0958051
 0.38204 0.0979028
 0.38216 0.0999965
 0.38228 0.102086
 0.3824 0.104172
 0.38252 0.106253
 0.38264 0.108329
 0.38276 0.110401
 0.38288 0.112469
 0.383 0.114531
 0.38312 0.116588
 0.38324 0.11864
 0.38336 0.120687
 0.38348 0.122728
 0.3836 0.124763
 0.38372 0.126792
 0.38384 0.128816
 0.38396 0.130833
 0.38408 0.132844
 0.3842 0.134848
 0.38432 0.136846
 0.38444 0.138837
 0.38456 0.140821
 0.38468 0.142798
 0.3848 0.144767
 0.38492 0.146729
 0.38504 0.148683
 0.38516 0.15063
 0.38528 0.152568
 0.3854 0.154499
 0.38552 0.156421
 0.38564 0.158334
 0.38576 0.160239
 0.38588 0.162135
 0.386 0.164023
 0.38612 0.165901
 0.38624 0.16777
 0.38636 0.169629
 0.38648 0.171479
 0.3866 0.173319
 0.38672 0.175149
 0.38684 0.176968
 0.38696 0.178778
 0.38708 0.180577
 0.3872 0.182365
 0.38732 0.184142
 0.38744 0.185908
 0.38756 0.187662
 0.38768 0.189405
 0.3878 0.191137
 0.38792 0.192856
 0.38804 0.194563
 0.38816 0.196258
 0.38828 0.197941
 0.3884 0.199611
 0.38852 0.201268
 0.38864 0.202912
 0.38876 0.204542
 0.38888 0.20616
 0.389 0.207764
 0.38912 0.209355
 0.38924 0.210931
 0.38936 0.212494
 0.38948 0.214044
 0.3896 0.215578
 0.38972 0.217099
 0.38984 0.218606
 0.38996 0.220098
 0.39008 0.221575
 0.3902 0.223038
 0.39032 0.224486
 0.39044 0.22592
 0.39056 0.227338
 0.39068 0.228742
 0.3908 0.230131
 0.39092 0.231505
 0.39104 0.232864
 0.39116 0.234208
 0.39128 0.235538
 0.3914 0.236852
 0.39152 0.238152
 0.39164 0.239436
 0.39176 0.240706
 0.39188 0.241961
 0.392 0.243202
 0.39212 0.244427
 0.39224 0.245638
 0.39236 0.246834
 0.39248 0.248015
 0.3926 0.249182
 0.39272 0.250334
 0.39284 0.251471
 0.39296 0.252594
 0.39308 0.253702
 0.3932 0.254795
 0.39332 0.255873
 0.39344 0.256937
 0.39356 0.257987
 0.39368 0.259021
 0.3938 0.260042
 0.39392 0.261048
 0.39404 0.262039
 0.39416 0.263016
 0.39428 0.263979
 0.3944 0.264928
 0.39452 0.265862
 0.39464 0.266782
 0.39476 0.267687
 0.39488 0.268579
 0.395 0.269456
 0.39512 0.27032
 0.39524 0.271169
 0.39536 0.272004
 0.39548 0.272825
 0.3956 0.273632
 0.39572 0.274426
 0.39584 0.275205
 0.39596 0.275971
 0.39608 0.276722
 0.3962 0.27746
 0.39632 0.278184
 0.39644 0.278895
 0.39656 0.279592
 0.39668 0.280275
 0.3968 0.280944
 0.39692 0.2816
 0.39704 0.282243
 0.39716 0.282871
 0.39728 0.283486
 0.3974 0.284088
 0.39752 0.284676
 0.39764 0.28525
 0.39776 0.285811
 0.39788 0.286358
 0.398 0.286892
 0.39812 0.287412
 0.39824 0.287918
 0.39836 0.288411
 0.39848 0.28889
 0.3986 0.289355
 0.39872 0.289807
 0.39884 0.290245
 0.39896 0.29067
 0.39908 0.291081
 0.3992 0.291478
 0.39932 0.291862
 0.39944 0.292232
 0.39956 0.292588
 0.39968 0.292931
 0.3998 0.29326
 0.39992 0.293576
 0.40004 0.293878
 0.40016 0.294166
 0.40028 0.29444
 0.4004 0.294701
 0.40052 0.294948
 0.40064 0.295182
 0.40076 0.295401
 0.40088 0.295607
 0.401 0.2958
 0.40112 0.295978
 0.40124 0.296143
 0.40136 0.296295
 0.40148 0.296433
 0.4016 0.296557
 0.40172 0.296668
 0.40184 0.296765
 0.40196 0.296848
 0.40208 0.296919
 0.4022 0.296975
 0.40232 0.297019
 0.40244 0.297048
 0.40256 0.297064
 0.40268 0.297067
 0.4028 0.297057
 0.40292 0.297033
 0.40304 0.296995
 0.40316 0.296944
 0.40328 0.29688
 0.4034 0.296802
 0.40352 0.296711
 0.40364 0.296607
 0.40376 0.296489
 0.40388 0.296358
 0.404 0.296213
 0.40412 0.296055
 0.40424 0.295884
 0.40436 0.2957
 0.40448 0.295502
 0.4046 0.295291
 0.40472 0.295066
 0.40484 0.294829
 0.40496 0.294578
 0.40508 0.294314
 0.4052 0.294037
 0.40532 0.293747
 0.40544 0.293444
 0.40556 0.293128
 0.40568 0.292799
 0.4058 0.292456
 0.40592 0.292101
 0.40604 0.291733
 0.40616 0.291353
 0.40628 0.290959
 0.4064 0.290553
 0.40652 0.290135
 0.40664 0.289703
 0.40676 0.289259
 0.40688 0.288803
 0.407 0.288334
 0.40712 0.287852
 0.40724 0.287358
 0.40736 0.286852
 0.40748 0.286333
 0.4076 0.285802
 0.40772 0.285259
 0.40784 0.284704
 0.40796 0.284137
 0.40808 0.283558
 0.4082 0.282967
 0.40832 0.282365
 0.40844 0.28175
 0.40856 0.281124
 0.40868 0.280487
 0.4088 0.279838
 0.40892 0.279178
 0.40904 0.278506
 0.40916 0.277823
 0.40928 0.277129
 0.4094 0.276424
 0.40952 0.275708
 0.40964 0.274981
 0.40976 0.274244
 0.40988 0.273495
 0.41 0.272736
 0.41012 0.271966
 0.41024 0.271186
 0.41036 0.270396
 0.41048 0.269595
 0.4106 0.268783
 0.41072 0.267962
 0.41084 0.26713
 0.41096 0.266289
 0.41108 0.265437
 0.4112 0.264576
 0.41132 0.263704
 0.41144 0.262823
 0.41156 0.261932
 0.41168 0.261031
 0.4118 0.260121
 0.41192 0.259201
 0.41204 0.258272
 0.41216 0.257333
 0.41228 0.256385
 0.4124 0.255428
 0.41252 0.254461
 0.41264 0.253486
 0.41276 0.252502
 0.41288 0.251508
 0.413 0.250506
 0.41312 0.249496
 0.41324 0.248476
 0.41336 0.247449
 0.41348 0.246413
 0.4136 0.245368
 0.41372 0.244316
 0.41384 0.243256
 0.41396 0.242187
 0.41408 0.241111
 0.4142 0.240028
 0.41432 0.238936
 0.41444 0.237838
 0.41456 0.236732
 0.41468 0.235619
 0.4148 0.234499
 0.41492 0.233372
 0.41504 0.232238
 0.41516 0.231098
 0.41528 0.229951
 0.4154 0.228798
 0.41552 0.227639
 0.41564 0.226473
 0.41576 0.225302
 0.41588 0.224125
 0.416 0.222942
 0.41612 0.221754
 0.41624 0.220561
 0.41636 0.219362
 0.41648 0.218158
 0.4166 0.21695
 0.41672 0.215736
 0.41684 0.214518
 0.41696 0.213296
 0.41708 0.21207
 0.4172 0.210839
 0.41732 0.209605
 0.41744 0.208367
 0.41756 0.207125
 0.41768 0.20588
 0.4178 0.204632
 0.41792 0.203381
 0.41804 0.202127
 0.41816 0.200871
 0.41828 0.199612
 0.4184 0.198351
 0.41852 0.197087
 0.41864 0.195822
 0.41876 0.194555
 0.41888 0.193286
 0.419 0.192015
 0.41912 0.190743
 0.41924 0.18947
 0.41936 0.188196
 0.41948 0.18692
 0.4196 0.185644
 0.41972 0.184367
 0.41984 0.183089
 0.41996 0.181811
 0.42008 0.180532
 0.4202 0.179253
 0.42032 0.177974
 0.42044 0.176695
 0.42056 0.175416
 0.42068 0.174136
 0.4208 0.172857
 0.42092 0.171579
 0.42104 0.1703
 0.42116 0.169022
 0.42128 0.167745
 0.4214 0.166468
 0.42152 0.165191
 0.42164 0.163916
 0.42176 0.16264
 0.42188 0.161366
 0.422 0.160092
 0.42212 0.158819
 0.42224 0.157547
 0.42236 0.156276
 0.42248 0.155006
 0.4226 0.153737
 0.42272 0.152469
 0.42284 0.151203
 0.42296 0.149937
 0.42308 0.148673
 0.4232 0.14741
 0.42332 0.146148
 0.42344 0.144888
 0.42356 0.14363
 0.42368 0.142372
 0.4238 0.141117
 0.42392 0.139863
 0.42404 0.13861
 0.42416 0.137359
 0.42428 0.13611
 0.4244 0.134863
 0.42452 0.133618
 0.42464 0.132374
 0.42476 0.131132
 0.42488 0.129892
 0.425 0.128655
 0.42512 0.127419
 0.42524 0.126185
 0.42536 0.124953
 0.42548 0.123724
 0.4256 0.122497
 0.42572 0.121271
 0.42584 0.120049
 0.42596 0.118828
 0.42608 0.11761
 0.4262 0.116394
 0.42632 0.115181
 0.42644 0.11397
 0.42656 0.112762
 0.42668 0.111556
 0.4268 0.110353
 0.42692 0.109153
 0.42704 0.107956
 0.42716 0.106761
 0.42728 0.10557
 0.4274 0.104382
 0.42752 0.103196
 0.42764 0.102015
 0.42776 0.100836
 0.42788 0.0996614
 0.428 0.0984901
 0.42812 0.0973226
 0.42824 0.0961589
 0.42836 0.0949992
 0.42848 0.0938436
 0.4286 0.0926921
 0.42872 0.0915449
 0.42884 0.0904021
 0.42896 0.0892638
 0.42908 0.0881301
 0.4292 0.087001
 0.42932 0.0858768
 0.42944 0.0847575
 0.42956 0.0836431
 0.42968 0.0825339
 0.4298 0.0814297
 0.42992 0.0803308
 0.43004 0.0792373
 0.43016 0.0781491
 0.43028 0.0770664
 0.4304 0.0759892
 0.43052 0.0749176
 0.43064 0.0738517
 0.43076 0.0727915
 0.43088 0.0717369
 0.431 0.0706881
 0.43112 0.0696451
 0.43124 0.0686078
 0.43136 0.0675764
 0.43148 0.0665507
 0.4316 0.0655308
 0.43172 0.0645168
 0.43184 0.0635087
 0.43196 0.0625064
 0.43208 0.06151
 0.4322 0.0605196
 0.43232 0.0595351
 0.43244 0.0585565
 0.43256 0.0575839
 0.43268 0.0566174
 0.4328 0.0556568
 0.43292 0.0547022
 0.43304 0.0537536
 0.43316 0.0528111
 0.43328 0.0518746
 0.4334 0.0509442
 0.43352 0.0500199
 0.43364 0.0491016
 0.43376 0.0481895
 0.43388 0.0472834
 0.434 0.0463835
 0.43412 0.0454897
 0.43424 0.0446022
 0.43436 0.0437208
 0.43448 0.0428456
 0.4346 0.0419766
 0.43472 0.0411138
 0.43484 0.0402572
 0.43496 0.0394069
 0.43508 0.0385628
 0.4352 0.0377249
 0.43532 0.0368933
 0.43544 0.036068
 0.43556 0.0352489
 0.43568 0.0344362
 0.4358 0.0336297
 0.43592 0.0328295
 0.43604 0.0320356
 0.43616 0.031248
 0.43628 0.0304668
 0.4364 0.0296919
 0.43652 0.0289233
 0.43664 0.0281611
 0.43676 0.0274052
 0.43688 0.0266557
 0.437 0.0259127
 0.43712 0.0251761
 0.43724 0.0244458
 0.43736 0.0237221
 0.43748 0.0230047
 0.4376 0.0222937
 0.43772 0.0215891
 0.43784 0.0208909
 0.43796 0.020199
 0.43808 0.0195134
 0.4382 0.0188341
 0.43832 0.0181611
 0.43844 0.0174943
 0.43856 0.0168337
 0.43868 0.0161793
 0.4388 0.0155312
 0.43892 0.0148891
 0.43904 0.0142532
 0.43916 0.0136235
 0.43928 0.0129998
 0.4394 0.0123821
 0.43952 0.0117705
 0.43964 0.0111648
 0.43976 0.0105652
 0.43988 0.00997146
 0.44 0.00938367
 0.44012 0.00880177
 0.44024 0.00822574
 0.44036 0.00765556
 0.44048 0.0070912
 0.4406 0.00653262
 0.44072 0.00597981
 0.44084 0.00543276
 0.44096 0.00489148
 0.44108 0.00435598
 0.4412 0.00382629
 0.44132 0.00330243
 0.44144 0.0027844
 0.44156 0.00227223
 0.44168 0.00176592
 0.4418 0.00126546
 0.44192 0.000770874
 0.44204 0.000282152
 0.44216 -0.000200702
 0.44228 -0.000677685
 0.4424 -0.00114879
 0.44252 -0.00161402
 0.44264 -0.00207337
 0.44276 -0.00252682
 0.44288 -0.0029744
 0.443 -0.00341611
 0.44312 -0.00385198
 0.44324 -0.00428203
 0.44336 -0.00470627
 0.44348 -0.00512471
 0.4436 -0.00553735
 0.44372 -0.00594421
 0.44384 -0.00634529
 0.44396 -0.00674059
 0.44408 -0.00713011
 0.4442 -0.00751388
 0.44432 -0.00789193
 0.44444 -0.0082643
 0.44456 -0.00863104
 0.44468 -0.0089922
 0.4448 -0.00934781
 0.44492 -0.00969792
 0.44504 -0.0100426
 0.44516 -0.0103818
 0.44528 -0.0107157
 0.4454 -0.0110443
 0.44552 -0.0113675
 0.44564 -0.0116856
 0.44576 -0.0119985
 0.44588 -0.0123062
 0.446 -0.0126089
 0.44612 -0.0129065
 0.44624 -0.0131992
 0.44636 -0.0134871
 0.44648 -0.01377
 0.4466 -0.0140482
 0.44672 -0.0143217
 0.44684 -0.0145906
 0.44696 -0.0148548
 0.44708 -0.0151144
 0.4472 -0.0153696
 0.44732 -0.0156204
 0.44744 -0.0158668
 0.44756 -0.0161089
 0.44768 -0.0163468
 0.4478 -0.0165806
 0.44792 -0.0168103
 0.44804 -0.0170359
 0.44816 -0.0172576
 0.44828 -0.0174755
 0.4484 -0.0176895
 0.44852 -0.0178998
 0.44864 -0.0181063
 0.44876 -0.0183093
 0.44888 -0.0185086
 0.449 -0.0187044
 0.44912 -0.0188967
 0.44924 -0.0190855
 0.44936 -0.0192709
 0.44948 -0.0194529
 0.4496 -0.0196317
 0.44972 -0.0198072
 0.44984 -0.0199796
 0.44996 -0.0201489
 0.45008 -0.0203152
 0.4502 -0.0204786
 0.45032 -0.020639
 0.45044 -0.0207967
 0.45056 -0.0209516
 0.45068 -0.0211038
 0.4508 -0.0212534
 0.45092 -0.0214005
 0.45104 -0.021545
 0.45116 -0.0216872
 0.45128 -0.021827
 0.4514 -0.0219645
 0.45152 -0.0220997
 0.45164 -0.0222327
 0.45176 -0.0223637
 0.45188 -0.0224925
 0.452 -0.0226193
 0.45212 -0.0227442
 0.45224 -0.0228671
 0.45236 -0.0229882
 0.45248 -0.0231076
 0.4526 -0.0232252
 0.45272 -0.0233411
 0.45284 -0.0234555
 0.45296 -0.0235683
 0.45308 -0.0236796
 0.4532 -0.0237895
 0.45332 -0.023898
 0.45344 -0.0240053
 0.45356 -0.0241113
 0.45368 -0.0242163
 0.4538 -0.0243201
 0.45392 -0.0244229
 0.45404 -0.0245249
 0.45416 -0.0246259
 0.45428 -0.0247261
 0.4544 -0.0248256
 0.45452 -0.0249244
 0.45464 -0.0250227
 0.45476 -0.0251204
 0.45488 -0.0252176
 0.455 -0.0253145
 0.45512 -0.025411
 0.45524 -0.0255073
 0.45536 -0.0256034
 0.45548 -0.0256993
 0.4556 -0.0257952
 0.45572 -0.0258912
 0.45584 -0.0259872
 0.45596 -0.0260833
 0.45608 -0.0261797
 0.4562 -0.0262764
 0.45632 -0.0263734
 0.45644 -0.0264709
 0.45656 -0.0265688
 0.45668 -0.0266674
 0.4568 -0.0267667
 0.45692 -0.0268667
 0.45704 -0.0269676
 0.45716 -0.0270695
 0.45728 -0.0271725
 0.4574 -0.0272767
 0.45752 -0.0273821
 0.45764 -0.0274889
 0.45776 -0.0275972
 0.45788 -0.0277071
 0.458 -0.0278187
 0.45812 -0.0279321
 0.45824 -0.0280474
 0.45836 -0.0281648
 0.45848 -0.0282843
 0.4586 -0.028406
 0.45872 -0.0285302
 0.45884 -0.0286567
 0.45896 -0.0287859
 0.45908 -0.0289177
 0.4592 -0.0290523
 0.45932 -0.0291897
 0.45944 -0.0293301
 0.45956 -0.0294735
 0.45968 -0.0296199
 0.4598 -0.0297695
 0.45992 -0.0299222
 0.46004 -0.030078
 0.46016 -0.0302369
 0.46028 -0.0303989
 0.4604 -0.0305641
 0.46052 -0.0307324
 0.46064 -0.0309037
 0.46076 -0.031078
 0.46088 -0.0312553
 0.461 -0.0314355
 0.46112 -0.0316184
 0.46124 -0.031804
 0.46136 -0.0319923
 0.46148 -0.0321832
 0.4616 -0.0323765
 0.46172 -0.0325723
 0.46184 -0.0327705
 0.46196 -0.0329709
 0.46208 -0.0331735
 0.4622 -0.0333782
 0.46232 -0.033585
 0.46244 -0.0337938
 0.46256 -0.0340045
 0.46268 -0.0342171
 0.4628 -0.0344314
 0.46292 -0.0346475
 0.46304 -0.0348651
 0.46316 -0.0350843
 0.46328 -0.035305
 0.4634 -0.0355271
 0.46352 -0.0357506
 0.46364 -0.0359754
 0.46376 -0.0362014
 0.46388 -0.0364285
 0.464 -0.0366567
 0.46412 -0.036886
 0.46424 -0.0371162
 0.46436 -0.0373474
 0.46448 -0.0375795
 0.4646 -0.0378124
 0.46472 -0.0380461
 0.46484 -0.0382805
 0.46496 -0.0385156
 0.46508 -0.0387513
 0.4652 -0.0389876
 0.46532 -0.0392244
 0.46544 -0.0394616
 0.46556 -0.0396992
 0.46568 -0.0399372
 0.4658 -0.0401755
 0.46592 -0.0404141
 0.46604 -0.0406529
 0.46616 -0.0408919
 0.46628 -0.041131
 0.4664 -0.0413703
 0.46652 -0.0416097
 0.46664 -0.0418492
 0.46676 -0.0420886
 0.46688 -0.0423281
 0.467 -0.0425675
 0.46712 -0.0428068
 0.46724 -0.0430461
 0.46736 -0.0432851
 0.46748 -0.043524
 0.4676 -0.0437626
 0.46772 -0.0440009
 0.46784 -0.0442389
 0.46796 -0.0444764
 0.46808 -0.0447135
 0.4682 -0.0449502
 0.46832 -0.0451863
 0.46844 -0.0454218
 0.46856 -0.0456566
 0.46868 -0.0458908
 0.4688 -0.0461242
 0.46892 -0.0463569
 0.46904 -0.0465886
 0.46916 -0.0468195
 0.46928 -0.0470494
 0.4694 -0.0472783
 0.46952 -0.0475062
 0.46964 -0.0477329
 0.46976 -0.0479584
 0.46988 -0.0481826
 0.47 -0.0484056
 0.47012 -0.0486272
 0.47024 -0.0488474
 0.47036 -0.0490661
 0.47048 -0.0492833
 0.4706 -0.049499
 0.47072 -0.049713
 0.47084 -0.0499253
 0.47096 -0.0501359
 0.47108 -0.0503448
 0.4712 -0.0505519
 0.47132 -0.0507573
 0.47144 -0.0509609
 0.47156 -0.0511628
 0.47168 -0.0513628
 0.4718 -0.051561
 0.47192 -0.0517574
 0.47204 -0.0519519
 0.47216 -0.0521446
 0.47228 -0.0523354
 0.4724 -0.0525243
 0.47252 -0.0527114
 0.47264 -0.0528965
 0.47276 -0.0530797
 0.47288 -0.0532609
 0.473 -0.0534402
 0.47312 -0.0536175
 0.47324 -0.0537928
 0.47336 -0.0539661
 0.47348 -0.0541373
 0.4736 -0.0543066
 0.47372 -0.0544738
 0.47384 -0.054639
 0.47396 -0.0548021
 0.47408 -0.0549632
 0.4742 -0.0551223
 0.47432 -0.0552793
 0.47444 -0.0554342
 0.47456 -0.0555871
 0.47468 -0.0557378
 0.4748 -0.0558865
 0.47492 -0.056033
 0.47504 -0.0561774
 0.47516 -0.0563197
 0.47528 -0.0564598
 0.4754 -0.0565978
 0.47552 -0.0567336
 0.47564 -0.0568671
 0.47576 -0.0569985
 0.47588 -0.0571276
 0.476 -0.0572545
 0.47612 -0.057379
 0.47624 -0.0575012
 0.47636 -0.0576211
 0.47648 -0.0577386
 0.4766 -0.0578537
 0.47672 -0.0579663
 0.47684 -0.0580765
 0.47696 -0.0581842
 0.47708 -0.0582894
 0.4772 -0.0583922
 0.47732 -0.0584924
 0.47744 -0.0585901
 0.47756 -0.0586853
 0.47768 -0.0587778
 0.4778 -0.0588678
 0.47792 -0.0589552
 0.47804 -0.0590399
 0.47816 -0.059122
 0.47828 -0.0592014
 0.4784 -0.0592781
 0.47852 -0.059352
 0.47864 -0.0594233
 0.47876 -0.0594918
 0.47888 -0.0595576
 0.479 -0.0596206
 0.47912 -0.0596807
 0.47924 -0.0597382
 0.47936 -0.0597928
 0.47948 -0.0598445
 0.4796 -0.0598935
 0.47972 -0.0599395
 0.47984 -0.0599827
 0.47996 -0.0600229
 0.48008 -0.0600602
 0.4802 -0.0600945
 0.48032 -0.0601257
 0.48044 -0.0601539
 0.48056 -0.0601789
 0.48068 -0.0602008
 0.4808 -0.0602195
 0.48092 -0.060235
 0.48104 -0.0602472
 0.48116 -0.0602561
 0.48128 -0.0602617
 0.4814 -0.0602639
 0.48152 -0.0602627
 0.48164 -0.060258
 0.48176 -0.0602498
 0.48188 -0.060238
 0.482 -0.0602227
 0.48212 -0.0602038
 0.48224 -0.0601812
 0.48236 -0.0601549
 0.48248 -0.0601248
 0.4826 -0.060091
 0.48272 -0.0600534
 0.48284 -0.0600119
 0.48296 -0.0599665
 0.48308 -0.0599172
 0.4832 -0.0598639
 0.48332 -0.0598065
 0.48344 -0.0597451
 0.48356 -0.0596795
 0.48368 -0.0596097
 0.4838 -0.0595356
 0.48392 -0.0594573
 0.48404 -0.0593745
 0.48416 -0.0592874
 0.48428 -0.0591958
 0.4844 -0.0590996
 0.48452 -0.0589989
 0.48464 -0.0588935
 0.48476 -0.0587835
 0.48488 -0.0586687
 0.485 -0.0585491
 0.48512 -0.0584247
 0.48524 -0.0582954
 0.48536 -0.0581611
 0.48548 -0.0580218
 0.4856 -0.0578774
 0.48572 -0.0577279
 0.48584 -0.0575733
 0.48596 -0.0574134
 0.48608 -0.0572482
 0.4862 -0.0570777
 0.48632 -0.0569018
 0.48644 -0.0567205
 0.48656 -0.0565337
 0.48668 -0.0563412
 0.4868 -0.0561432
 0.48692 -0.0559395
 0.48704 -0.05573
 0.48716 -0.0555146
 0.48728 -0.0552934
 0.4874 -0.0550662
 0.48752 -0.054833
 0.48764 -0.0545937
 0.48776 -0.0543484
 0.48788 -0.0540969
 0.488 -0.0538392
 0.48812 -0.0535754
 0.48824 -0.0533052
 0.48836 -0.0530287
 0.48848 -0.0527458
 0.4886 -0.0524566
 0.48872 -0.0521608
 0.48884 -0.0518586
 0.48896 -0.0515498
 0.48908 -0.0512344
 0.4892 -0.0509124
 0.48932 -0.0505837
 0.48944 -0.0502483
 0.48956 -0.0499062
 0.48968 -0.0495575
 0.4898 -0.0492021
 0.48992 -0.0488402
 0.49004 -0.0484718
 0.49016 -0.0480972
 0.49028 -0.0477163
 0.4904 -0.0473293
 0.49052 -0.0469362
 0.49064 -0.0465373
 0.49076 -0.0461327
 0.49088 -0.0457226
 0.491 -0.0453071
 0.49112 -0.0448864
 0.49124 -0.0444606
 0.49136 -0.0440299
 0.49148 -0.0435945
 0.4916 -0.0431545
 0.49172 -0.0427101
 0.49184 -0.0422615
 0.49196 -0.0418087
 0.49208 -0.0413521
 0.4922 -0.0408917
 0.49232 -0.0404276
 0.49244 -0.0399601
 0.49256 -0.0394892
 0.49268 -0.0390151
 0.4928 -0.0385379
 0.49292 -0.0380578
 0.49304 -0.037575
 0.49316 -0.0370894
 0.49328 -0.0366013
 0.4934 -0.0361107
 0.49352 -0.0356178
 0.49364 -0.0351227
 0.49376 -0.0346255
 0.49388 -0.0341263
 0.494 -0.0336253
 0.49412 -0.0331224
 0.49424 -0.032618
 0.49436 -0.0321119
 0.49448 -0.0316044
 0.4946 -0.0310955
 0.49472 -0.0305854
 0.49484 -0.0300741
 0.49496 -0.0295617
 0.49508 -0.0290484
 0.4952 -0.0285342
 0.49532 -0.0280192
 0.49544 -0.0275036
 0.49556 -0.0269874
 0.49568 -0.0264707
 0.4958 -0.0259537
 0.49592 -0.0254364
 0.49604 -0.0249188
 0.49616 -0.0244012
 0.49628 -0.0238835
 0.4964 -0.0233658
 0.49652 -0.0228483
 0.49664 -0.022331
 0.49676 -0.021814
 0.49688 -0.0212975
 0.497 -0.0207814
 0.49712 -0.0202658
 0.49724 -0.0197509
 0.49736 -0.0192368
 0.49748 -0.0187235
 0.4976 -0.018211
 0.49772 -0.0176996
 0.49784 -0.0171893
 0.49796 -0.0166801
 0.49808 -0.0161722
 0.4982 -0.0156657
 0.49832 -0.0151605
 0.49844 -0.0146569
 0.49856 -0.0141549
 0.49868 -0.0136546
 0.4988 -0.013156
 0.49892 -0.0126593
 0.49904 -0.0121645
 0.49916 -0.0116718
 0.49928 -0.0111813
 0.4994 -0.0106929
 0.49952 -0.0102069
 0.49964 -0.00972327
 0.49976 -0.00924214
 0.49988 -0.00876359
 0.5 -0.00828773
 0.50012 -0.00781463
 0.50024 -0.00734439
 0.50036 -0.00687709
 0.50048 -0.00641284
 0.5006 -0.00595172
 0.50072 -0.00549381
 0.50084 -0.00503922
 0.50096 -0.00458801
 0.50108 -0.00414026
 0.5012 -0.00369605
 0.50132 -0.00325544
 0.50144 -0.00281852
 0.50156 -0.00238534
 0.50168 -0.00195598
 0.5018 -0.00153049
 0.50192 -0.00110893
 0.50204 -0.000691382
 0.50216 -0.000277893
 0.50228 0.000131469
 0.5024 0.000536643
 0.50252 0.000937567
 0.50264 0.00133418
 0.50276 0.00172642
 0.50288 0.00211423
 0.503 0.00249755
 0.50312 0.00287629
 0.50324 0.00325041
 0.50336 0.00361985
 0.50348 0.00398457
 0.5036 0.0043445
 0.50372 0.00469961
 0.50384 0.00504983
 0.50396 0.00539512
 0.50408 0.00573544
 0.5042 0.00607072
 0.50432 0.00640096
 0.50444 0.00672611
 0.50456 0.00704617
 0.50468 0.00736109
 0.5048 0.00767087
 0.50492 0.00797547
 0.50504 0.00827486
 0.50516 0.00856904
 0.50528 0.00885796
 0.5054 0.0091416
 0.50552 0.00941995
 0.50564 0.00969296
 0.50576 0.00996061
 0.50588 0.0102229
 0.506 0.0104797
 0.50612 0.010731
 0.50624 0.0109768
 0.50636 0.0112171
 0.50648 0.0114517
 0.5066 0.0116807
 0.50672 0.0119039
 0.50684 0.0121215
 0.50696 0.0123332
 0.50708 0.0125392
 0.5072 0.0127393
 0.50732 0.0129336
 0.50744 0.0131219
 0.50756 0.0133043
 0.50768 0.0134808
 0.5078 0.0136513
 0.50792 0.0138158
 0.50804 0.0139742
 0.50816 0.0141265
 0.50828 0.0142728
 0.5084 0.0144129
 0.50852 0.0145469
 0.50864 0.0146746
 0.50876 0.0147962
 0.50888 0.0149115
 0.509 0.0150205
 0.50912 0.0151232
 0.50924 0.0152197
 0.50936 0.0153098
 0.50948 0.0153937
 0.5096 0.0154713
 0.50972 0.0155427
 0.50984 0.0156079
 0.50996 0.015667
 0.51008 0.0157199
 0.5102 0.0157667
 0.51032 0.0158074
 0.51044 0.0158421
 0.51056 0.0158707
 0.51068 0.0158933
 0.5108 0.0159099
 0.51092 0.0159205
 0.51104 0.0159251
 0.51116 0.0159238
 0.51128 0.0159165
 0.5114 0.0159033
 0.51152 0.0158842
 0.51164 0.0158592
 0.51176 0.0158283
 0.51188 0.0157916
 0.512 0.015749
 0.51212 0.0157006
 0.51224 0.0156464
 0.51236 0.0155864
 0.51248 0.0155206
 0.5126 0.0154491
 0.51272 0.0153718
 0.51284 0.0152887
 0.51296 0.0152
 0.51308 0.0151056
 0.5132 0.0150055
 0.51332 0.0148997
 0.51344 0.0147883
 0.51356 0.0146712
 0.51368 0.0145485
 0.5138 0.0144202
 0.51392 0.0142862
 0.51404 0.0141466
 0.51416 0.0140015
 0.51428 0.0138507
 0.5144 0.0136944
 0.51452 0.0135325
 0.51464 0.0133651
 0.51476 0.0131921
 0.51488 0.0130136
 0.515 0.0128296
 0.51512 0.0126401
 0.51524 0.012445
 0.51536 0.0122445
 0.51548 0.0120385
 0.5156 0.011827
 0.51572 0.0116101
 0.51584 0.0113877
 0.51596 0.0111599
 0.51608 0.0109266
 0.5162 0.0106879
 0.51632 0.0104439
 0.51644 0.0101944
 0.51656 0.00993952
 0.51668 0.00967927
 0.5168 0.00941365
 0.51692 0.00914267
 0.51704 0.0088663
 0.51716 0.00858456
 0.51728 0.00829744
 0.5174 0.00800498
 0.51752 0.0077072
 0.51764 0.00740416
 0.51776 0.00709591
 0.51788 0.00678248
 0.518 0.00646393
 0.51812 0.0061403
 0.51824 0.00581164
 0.51836 0.00547799
 0.51848 0.00513941
 0.5186 0.00479592
 0.51872 0.00444758
 0.51884 0.00409441
 0.51896 0.00373647
 0.51908 0.00337381
 0.5192 0.00300645
 0.51932 0.00263445
 0.51944 0.00225787
 0.51956 0.00187674
 0.51968 0.00149118
 0.5198 0.00110132
 0.51992 0.00070729
 0.52004 0.00030924
 0.52016 -9.26931e-05
 0.52028 -0.000498367
 0.5204 -0.000907639
 0.52052 -0.00132033
 0.52064 -0.00173625
 0.52076 -0.00215519
 0.52088 -0.00257698
 0.521 -0.00300143
 0.52112 -0.00342834
 0.52124 -0.00385753
 0.52136 -0.0042888
 0.52148 -0.00472195
 0.5216 -0.00515678
 0.52172 -0.0055931
 0.52184 -0.00603071
 0.52196 -0.00646941
 0.52208 -0.00690902
 0.5222 -0.00734937
 0.52232 -0.0077903
 0.52244 -0.00823164
 0.52256 -0.00867323
 0.52268 -0.0091149
 0.5228 -0.0095565
 0.52292 -0.00999786
 0.52304 -0.0104389
 0.52316 -0.0108794
 0.52328 -0.0113193
 0.5234 -0.0117585
 0.52352 -0.0121968
 0.52364 -0.0126342
 0.52376 -0.0130704
 0.52388 -0.0135055
 0.524 -0.0139392
 0.52412 -0.0143714
 0.52424 -0.0148021
 0.52436 -0.0152311
 0.52448 -0.0156583
 0.5246 -0.0160836
 0.52472 -0.016507
 0.52484 -0.0169282
 0.52496 -0.0173473
 0.52508 -0.0177641
 0.5252 -0.0181785
 0.52532 -0.0185904
 0.52544 -0.0189997
 0.52556 -0.0194063
 0.52568 -0.0198101
 0.5258 -0.0202111
 0.52592 -0.0206091
 0.52604 -0.0210039
 0.52616 -0.0213956
 0.52628 -0.0217841
 0.5264 -0.0221691
 0.52652 -0.0225507
 0.52664 -0.0229287
 0.52676 -0.023303
 0.52688 -0.0236736
 0.527 -0.0240403
 0.52712 -0.0244031
 0.52724 -0.0247618
 0.52736 -0.0251164
 0.52748 -0.0254667
 0.5276 -0.0258126
 0.52772 -0.0261541
 0.52784 -0.0264911
 0.52796 -0.0268235
 0.52808 -0.0271511
 0.5282 -0.0274739
 0.52832 -0.0277919
 0.52844 -0.0281049
 0.52856 -0.0284128
 0.52868 -0.0287155
 0.5288 -0.029013
 0.52892 -0.0293051
 0.52904 -0.0295918
 0.52916 -0.029873
 0.52928 -0.0301486
 0.5294 -0.0304184
 0.52952 -0.0306825
 0.52964 -0.0309407
 0.52976 -0.0311929
 0.52988 -0.0314391
 0.53 -0.0316791
 0.53012 -0.0319128
 0.53024 -0.0321403
 0.53036 -0.0323613
 0.53048 -0.0325758
 0.5306 -0.0327836
 0.53072 -0.0329848
 0.53084 -0.0331792
 0.53096 -0.0333668
 0.53108 -0.0335473
 0.5312 -0.0337208
 0.53132 -0.0338872
 0.53144 -0.0340464
 0.53156 -0.0341983
 0.53168 -0.0343428
 0.5318 -0.0344799
 0.53192 -0.0346094
 0.53204 -0.0347314
 0.53216 -0.0348456
 0.53228 -0.0349521
 0.5324 -0.0350507
 0.53252 -0.0351415
 0.53264 -0.0352242
 0.53276 -0.0352989
 0.53288 -0.0353655
 0.533 -0.0354238
 0.53312 -0.0354738
 0.53324 -0.0355155
 0.53336 -0.0355487
 0.53348 -0.0355734
 0.5336 -0.0355895
 0.53372 -0.0355969
 0.53384 -0.0355957
 0.53396 -0.0355857
 0.53408 -0.0355669
 0.5342 -0.0355392
 0.53432 -0.0355026
 0.53444 -0.0354571
 0.53456 -0.0354026
 0.53468 -0.0353392
 0.5348 -0.0352666
 0.53492 -0.035185
 0.53504 -0.0350943
 0.53516 -0.0349945
 0.53528 -0.0348854
 0.5354 -0.0347672
 0.53552 -0.0346397
 0.53564 -0.034503
 0.53576 -0.0343569
 0.53588 -0.0342015
 0.536 -0.0340367
 0.53612 -0.0338625
 0.53624 -0.0336788
 0.53636 -0.0334856
 0.53648 -0.0332827
 0.5366 -0.0330703
 0.53672 -0.0328482
 0.53684 -0.0326163
 0.53696 -0.0323748
 0.53708 -0.0321234
 0.5372 -0.0318622
 0.53732 -0.0315911
 0.53744 -0.0313101
 0.53756 -0.0310191
 0.53768 -0.0307182
 0.5378 -0.0304074
 0.53792 -0.0300865
 0.53804 -0.0297555
 0.53816 -0.0294145
 0.53828 -0.0290635
 0.5384 -0.0287023
 0.53852 -0.0283309
 0.53864 -0.0279494
 0.53876 -0.0275577
 0.53888 -0.0271559
 0.539 -0.0267437
 0.53912 -0.0263213
 0.53924 -0.0258887
 0.53936 -0.0254459
 0.53948 -0.024993
 0.5396 -0.02453
 0.53972 -0.024057
 0.53984 -0.0235741
 0.53996 -0.0230814
 0.54008 -0.0225789
 0.5402 -0.0220669
 0.54032 -0.0215453
 0.54044 -0.0210142
 0.54056 -0.0204737
 0.54068 -0.0199239
 0.5408 -0.0193649
 0.54092 -0.0187967
 0.54104 -0.0182194
 0.54116 -0.0176332
 0.54128 -0.017038
 0.5414 -0.0164339
 0.54152 -0.0158211
 0.54164 -0.0151997
 0.54176 -0.0145697
 0.54188 -0.0139311
 0.542 -0.0132842
 0.54212 -0.0126289
 0.54224 -0.0119654
 0.54236 -0.0112937
 0.54248 -0.010614
 0.5426 -0.00992618
 0.54272 -0.0092305
 0.54284 -0.00852699
 0.54296 -0.00781571
 0.54308 -0.00709677
 0.5432 -0.00637024
 0.54332 -0.00563619
 0.54344 -0.00489472
 0.54356 -0.00414589
 0.54368 -0.00338979
 0.5438 -0.0026265
 0.54392 -0.00185611
 0.54404 -0.00107868
 0.54416 -0.000294299
 0.54428 0.000496948
 0.5444 0.00129499
 0.54452 0.00209973
 0.54464 0.00291111
 0.54476 0.00372903
 0.54488 0.00455342
 0.545 0.00538421
 0.54512 0.0062213
 0.54524 0.00706461
 0.54536 0.00791408
 0.54548 0.00876961
 0.5456 0.00963113
 0.54572 0.0104986
 0.54584 0.0113718
 0.54596 0.0122508
 0.54608 0.0131355
 0.5462 0.0140257
 0.54632 0.0149215
 0.54644 0.0158226
 0.54656 0.0167292
 0.54668 0.0176409
 0.5468 0.0185579
 0.54692 0.01948
 0.54704 0.0204071
 0.54716 0.0213391
 0.54728 0.0222761
 0.5474 0.0232178
 0.54752 0.0241642
 0.54764 0.0251153
 0.54776 0.0260707
 0.54788 0.0270305
 0.548 0.0279945
 0.54812 0.0289626
 0.54824 0.0299346
 0.54836 0.0309104
 0.54848 0.03189
 0.5486 0.0328732
 0.54872 0.0338599
 0.54884 0.0348499
 0.54896 0.0358434
 0.54908 0.03684
 0.5492 0.0378397
 0.54932 0.0388424
 0.54944 0.039848
 0.54956 0.0408563
 0.54968 0.0418673
 0.5498 0.0428807
 0.54992 0.0438965
 0.55004 0.0449144
 0.55016 0.0459344
 0.55028 0.0469563
 0.5504 0.0479799
 0.55052 0.049005
 0.55064 0.0500316
 0.55076 0.0510593
 0.55088 0.052088
 0.551 0.0531176
 0.55112 0.0541478
 0.55124 0.0551785
 0.55136 0.0562095
 0.55148 0.0572405
 0.5516 0.0582714
 0.55172 0.059302
 0.55184 0.060332
 0.55196 0.0613613
 0.55208 0.0623897
 0.5522 0.063417
 0.55232 0.0644431
 0.55244 0.0654676
 0.55256 0.0664906
 0.55268 0.0675118
 0.5528 0.0685309
 0.55292 0.069548
 0.55304 0.0705626
 0.55316 0.0715749
 0.55328 0.0725845
 0.5534 0.0735912
 0.55352 0.0745951
 0.55364 0.0755958
 0.55376 0.0765932
 0.55388 0.0775871
 0.554 0.0785774
 0.55412 0.0795639
 0.55424 0.0805465
 0.55436 0.0815249
 0.55448 0.0824991
 0.5546 0.0834689
 0.55472 0.0844343
 0.55484 0.085395
 0.55496 0.086351
 0.55508 0.0873021
 0.5552 0.0882482
 0.55532 0.0891891
 0.55544 0.0901248
 0.55556 0.0910551
 0.55568 0.0919799
 0.5558 0.0928991
 0.55592 0.0938124
 0.55604 0.0947199
 0.55616 0.0956213
 0.55628 0.0965165
 0.5564 0.0974055
 0.55652 0.0982881
 0.55664 0.0991641
 0.55676 0.100033
 0.55688 0.100896
 0.557 0.101751
 0.55712 0.1026
 0.55724 0.103441
 0.55736 0.104275
 0.55748 0.105102
 0.5576 0.105921
 0.55772 0.106732
 0.55784 0.107536
 0.55796 0.108331
 0.55808 0.109119
 0.5582 0.109898
 0.55832 0.110669
 0.55844 0.111432
 0.55856 0.112186
 0.55868 0.112931
 0.5588 0.113668
 0.55892 0.114396
 0.55904 0.115115
 0.55916 0.115824
 0.55928 0.116525
 0.5594 0.117216
 0.55952 0.117898
 0.55964 0.11857
 0.55976 0.119232
 0.55988 0.119885
 0.56 0.120528
 0.56012 0.121161
 0.56024 0.121783
 0.56036 0.122396
 0.56048 0.122998
 0.5606 0.123589
 0.56072 0.12417
 0.56084 0.12474
 0.56096 0.1253
 0.56108 0.125848
 0.5612 0.126386
 0.56132 0.126912
 0.56144 0.127427
 0.56156 0.127931
 0.56168 0.128423
 0.5618 0.128904
 0.56192 0.129373
 0.56204 0.12983
 0.56216 0.130275
 0.56228 0.130709
 0.5624 0.13113
 0.56252 0.131539
 0.56264 0.131936
 0.56276 0.132321
 0.56288 0.132693
 0.563 0.133052
 0.56312 0.133399
 0.56324 0.133733
 0.56336 0.134054
 0.56348 0.134362
 0.5636 0.134657
 0.56372 0.134939
 0.56384 0.135208
 0.56396 0.135464
 0.56408 0.135706
 0.5642 0.135935
 0.56432 0.136151
 0.56444 0.136353
 0.56456 0.136542
 0.56468 0.136718
 0.5648 0.13688
 0.56492 0.137028
 0.56504 0.137163
 0.56516 0.137284
 0.56528 0.137392
 0.5654 0.137486
 0.56552 0.137566
 0.56564 0.137633
 0.56576 0.137686
 0.56588 0.137725
 0.566 0.13775
 0.56612 0.137761
 0.56624 0.137759
 0.56636 0.137742
 0.56648 0.137712
 0.5666 0.137667
 0.56672 0.137609
 0.56684 0.137536
 0.56696 0.137449
 0.56708 0.137348
 0.5672 0.137233
 0.56732 0.137104
 0.56744 0.13696
 0.56756 0.136802
 0.56768 0.13663
 0.5678 0.136443
 0.56792 0.136242
 0.56804 0.136027
 0.56816 0.135797
 0.56828 0.135553
 0.5684 0.135295
 0.56852 0.135022
 0.56864 0.134735
 0.56876 0.134433
 0.56888 0.134117
 0.569 0.133786
 0.56912 0.133441
 0.56924 0.133081
 0.56936 0.132707
 0.56948 0.132319
 0.5696 0.131916
 0.56972 0.131499
 0.56984 0.131068
 0.56996 0.130622
 0.57008 0.130163
 0.5702 0.129689
 0.57032 0.129202
 0.57044 0.1287
 0.57056 0.128185
 0.57068 0.127656
 0.5708 0.127113
 0.57092 0.126557
 0.57104 0.125987
 0.57116 0.125404
 0.57128 0.124807
 0.5714 0.124197
 0.57152 0.123573
 0.57164 0.122937
 0.57176 0.122287
 0.57188 0.121625
 0.572 0.120949
 0.57212 0.120261
 0.57224 0.11956
 0.57236 0.118846
 0.57248 0.11812
 0.5726 0.117382
 0.57272 0.116631
 0.57284 0.115868
 0.57296 0.115092
 0.57308 0.114305
 0.5732 0.113505
 0.57332 0.112694
 0.57344 0.11187
 0.57356 0.111035
 0.57368 0.110189
 0.5738 0.10933
 0.57392 0.10846
 0.57404 0.107579
 0.57416 0.106687
 0.57428 0.105783
 0.5744 0.104868
 0.57452 0.103942
 0.57464 0.103005
 0.57476 0.102057
 0.57488 0.101098
 0.575 0.100128
 0.57512 0.0991481
 0.57524 0.0981574
 0.57536 0.0971561
 0.57548 0.0961445
 0.5756 0.0951225
 0.57572 0.0940903
 0.57584 0.093048
 0.57596 0.0919956
 0.57608 0.0909333
 0.5762 0.0898611
 0.57632 0.0887791
 0.57644 0.0876874
 0.57656 0.0865861
 0.57668 0.0854752
 0.5768 0.084355
 0.57692 0.0832254
 0.57704 0.0820865
 0.57716 0.0809384
 0.57728 0.0797813
 0.5774 0.0786152
 0.57752 0.0774401
 0.57764 0.0762563
 0.57776 0.0750638
 0.57788 0.0738627
 0.578 0.0726532
 0.57812 0.0714355
 0.57824 0.0702095
 0.57836 0.0689755
 0.57848 0.0677334
 0.5786 0.0664835
 0.57872 0.0652257
 0.57884 0.0639602
 0.57896 0.062687
 0.57908 0.0614062
 0.5792 0.0601179
 0.57932 0.0588221
 0.57944 0.0575191
 0.57956 0.0562087
 0.57968 0.0548913
 0.5798 0.0535669
 0.57992 0.0522355
 0.58004 0.0508974
 0.58016 0.0495525
 0.58028 0.0482011
 0.5804 0.0468432
 0.58052 0.045479
 0.58064 0.0441085
 0.58076 0.0427319
 0.58088 0.0413493
 0.581 0.0399608
 0.58112 0.0385666
 0.58124 0.0371668
 0.58136 0.0357616
 0.58148 0.034351
 0.5816 0.0329352
 0.58172 0.0315143
 0.58184 0.0300886
 0.58196 0.0286582
 0.58208 0.0272232
 0.5822 0.0257837
 0.58232 0.0243399
 0.58244 0.022892
 0.58256 0.02144
 0.58268 0.0199843
 0.5828 0.0185249
 0.58292 0.017062
 0.58304 0.0155958
 0.58316 0.0141265
 0.58328 0.0126543
 0.5834 0.0111793
 0.58352 0.00970175
 0.58364 0.00822192
 0.58376 0.00674001
 0.58388 0.00525624
 0.584 0.00377084
 0.58412 0.00228404
 0.58424 0.000796055
 0.58436 -0.000692931
 0.58448 -0.00218275
 0.5846 -0.00367324
 0.58472 -0.00516422
 0.58484 -0.00665554
 0.58496 -0.00814704
 0.58508 -0.00963853
 0.5852 -0.0111299
 0.58532 -0.0126209
 0.58544 -0.0141114
 0.58556 -0.0156013
 0.58568 -0.0170903
 0.5858 -0.0185784
 0.58592 -0.0200653
 0.58604 -0.021551
 0.58616 -0.0230351
 0.58628 -0.0245176
 0.5864 -0.0259983
 0.58652 -0.027477
 0.58664 -0.0289536
 0.58676 -0.0304279
 0.58688 -0.0318998
 0.587 -0.033369
 0.58712 -0.0348354
 0.58724 -0.0362988
 0.58736 -0.0377592
 0.58748 -0.0392162
 0.5876 -0.0406698
 0.58772 -0.0421198
 0.58784 -0.043566
 0.58796 -0.0450083
 0.58808 -0.0464465
 0.5882 -0.0478805
 0.58832 -0.04931
 0.58844 -0.050735
 0.58856 -0.0521553
 0.58868 -0.0535707
 0.5888 -0.0549811
 0.58892 -0.0563863
 0.58904 -0.0577861
 0.58916 -0.0591805
 0.58928 -0.0605692
 0.5894 -0.0619521
 0.58952 -0.0633291
 0.58964 -0.0646999
 0.58976 -0.0660645
 0.58988 -0.0674227
 0.59 -0.0687743
 0.59012 -0.0701191
 0.59024 -0.0714571
 0.59036 -0.0727881
 0.59048 -0.0741118
 0.5906 -0.0754282
 0.59072 -0.0767371
 0.59084 -0.0780383
 0.59096 -0.0793317
 0.59108 -0.0806171
 0.5912 -0.0818944
 0.59132 -0.0831634
 0.59144 -0.0844241
 0.59156 -0.0856762
 0.59168 -0.0869196
 0.5918 -0.0881542
 0.59192 -0.0893798
 0.59204 -0.0905964
 0.59216 -0.0918037
 0.59228 -0.0930016
 0.5924 -0.09419
 0.59252 -0.0953688
 0.59264 -0.0965378
 0.59276 -0.0976968
 0.59288 -0.0988458
 0.593 -0.0999845
 0.59312 -0.101113
 0.59324 -0.102231
 0.59336 -0.103338
 0.59348 -0.104435
 0.5936 -0.10552
 0.59372 -0.106595
 0.59384 -0.107659
 0.59396 -0.108711
 0.59408 -0.109753
 0.5942 -0.110783
 0.59432 -0.111802
 0.59444 -0.11281
 0.59456 -0.113806
 0.59468 -0.114791
 0.5948 -0.115765
 0.59492 -0.116727
 0.59504 -0.117677
 0.59516 -0.118616
 0.59528 -0.119543
 0.5954 -0.120459
 0.59552 -0.121363
 0.59564 -0.122255
 0.59576 -0.123135
 0.59588 -0.124003
 0.596 -0.124859
 0.59612 -0.125704
 0.59624 -0.126536
 0.59636 -0.127356
 0.59648 -0.128164
 0.5966 -0.12896
 0.59672 -0.129744
 0.59684 -0.130516
 0.59696 -0.131275
 0.59708 -0.132022
 0.5972 -0.132756
 0.59732 -0.133478
 0.59744 -0.134187
 0.59756 -0.134883
 0.59768 -0.135567
 0.5978 -0.136238
 0.59792 -0.136895
 0.59804 -0.13754
 0.59816 -0.138172
 0.59828 -0.138791
 0.5984 -0.139397
 0.59852 -0.139989
 0.59864 -0.140568
 0.59876 -0.141134
 0.59888 -0.141687
 0.599 -0.142226
 0.59912 -0.142751
 0.59924 -0.143263
 0.59936 -0.143761
 0.59948 -0.144246
 0.5996 -0.144717
 0.59972 -0.145175
 0.59984 -0.145618
 0.59996 -0.146048
 0.60008 -0.146465
 0.6002 -0.146867
 0.60032 -0.147256
 0.60044 -0.14763
 0.60056 -0.147991
 0.60068 -0.148339
 0.6008 -0.148672
 0.60092 -0.148991
 0.60104 -0.149296
 0.60116 -0.149588
 0.60128 -0.149865
 0.6014 -0.150129
 0.60152 -0.150379
 0.60164 -0.150614
 0.60176 -0.150836
 0.60188 -0.151044
 0.602 -0.151238
 0.60212 -0.151418
 0.60224 -0.151585
 0.60236 -0.151737
 0.60248 -0.151876
 0.6026 -0.152001
 0.60272 -0.152113
 0.60284 -0.152211
 0.60296 -0.152295
 0.60308 -0.152365
 0.6032 -0.152422
 0.60332 -0.152466
 0.60344 -0.152496
 0.60356 -0.152512
 0.60368 -0.152515
 0.6038 -0.152504
 0.60392 -0.15248
 0.60404 -0.152443
 0.60416 -0.152392
 0.60428 -0.152328
 0.6044 -0.15225
 0.60452 -0.15216
 0.60464 -0.152056
 0.60476 -0.151939
 0.60488 -0.151808
 0.605 -0.151664
 0.60512 -0.151508
 0.60524 -0.151338
 0.60536 -0.151155
 0.60548 -0.150959
 0.6056 -0.150749
 0.60572 -0.150527
 0.60584 -0.150292
 0.60596 -0.150044
 0.60608 -0.149783
 0.6062 -0.149509
 0.60632 -0.149222
 0.60644 -0.148922
 0.60656 -0.14861
 0.60668 -0.148284
 0.6068 -0.147946
 0.60692 -0.147596
 0.60704 -0.147232
 0.60716 -0.146856
 0.60728 -0.146467
 0.6074 -0.146066
 0.60752 -0.145652
 0.60764 -0.145226
 0.60776 -0.144787
 0.60788 -0.144335
 0.608 -0.143871
 0.60812 -0.143395
 0.60824 -0.142906
 0.60836 -0.142405
 0.60848 -0.141892
 0.6086 -0.141366
 0.60872 -0.140828
 0.60884 -0.140277
 0.60896 -0.139714
 0.60908 -0.139138
 0.6092 -0.13855
 0.60932 -0.13795
 0.60944 -0.137337
 0.60956 -0.136711
 0.60968 -0.136074
 0.6098 -0.135424
 0.60992 -0.134761
 0.61004 -0.134086
 0.61016 -0.133399
 0.61028 -0.132699
 0.6104 -0.131987
 0.61052 -0.131263
 0.61064 -0.130527
 0.61076 -0.129778
 0.61088 -0.129017
 0.611 -0.128244
 0.61112 -0.127459
 0.61124 -0.126661
 0.61136 -0.125852
 0.61148 -0.12503
 0.6116 -0.124197
 0.61172 -0.123351
 0.61184 -0.122494
 0.61196 -0.121625
 0.61208 -0.120744
 0.6122 -0.119851
 0.61232 -0.118947
 0.61244 -0.118031
 0.61256 -0.117104
 0.61268 -0.116165
 0.6128 -0.115215
 0.61292 -0.114254
 0.61304 -0.113282
 0.61316 -0.112299
 0.61328 -0.111305
 0.6134 -0.110301
 0.61352 -0.109286
 0.61364 -0.108261
 0.61376 -0.107226
 0.61388 -0.106181
 0.614 -0.105127
 0.61412 -0.104063
 0.61424 -0.102991
 0.61436 -0.101909
 0.61448 -0.100818
 0.6146 -0.099719
 0.61472 -0.0986112
 0.61484 -0.0974951
 0.61496 -0.0963708
 0.61508 -0.0952385
 0.6152 -0.0940982
 0.61532 -0.0929502
 0.61544 -0.0917946
 0.61556 -0.0906316
 0.61568 -0.0894612
 0.6158 -0.0882838
 0.61592 -0.0870993
 0.61604 -0.0859081
 0.61616 -0.0847101
 0.61628 -0.0835056
 0.6164 -0.0822947
 0.61652 -0.0810776
 0.61664 -0.0798545
 0.61676 -0.0786254
 0.61688 -0.0773905
 0.617 -0.0761501
 0.61712 -0.0749041
 0.61724 -0.0736529
 0.61736 -0.0723965
 0.61748 -0.071135
 0.6176 -0.0698688
 0.61772 -0.0685978
 0.61784 -0.0673222
 0.61796 -0.0660423
 0.61808 -0.0647581
 0.6182 -0.0634698
 0.61832 -0.0621775
 0.61844 -0.0608814
 0.61856 -0.0595817
 0.61868 -0.0582785
 0.6188 -0.0569719
 0.61892 -0.0556621
 0.61904 -0.0543493
 0.61916 -0.0530335
 0.61928 -0.051715
 0.6194 -0.0503939
 0.61952 -0.0490703
 0.61964 -0.0477444
 0.61976 -0.0464163
 0.61988 -0.0450863
 0.62 -0.0437543
 0.62012 -0.0424207
 0.62024 -0.0410855
 0.62036 -0.039749
 0.62048 -0.0384112
 0.6206 -0.0370724
 0.62072 -0.0357326
 0.62084 -0.0343922
 0.62096 -0.0330511
 0.62108 -0.0317096
 0.6212 -0.0303678
 0.62132 -0.0290259
 0.62144 -0.0276839
 0.62156 -0.0263422
 0.62168 -0.0250007
 0.6218 -0.0236597
 0.62192 -0.0223193
 0.62204 -0.0209796
 0.62216 -0.0196408
 0.62228 -0.018303
 0.6224 -0.0169664
 0.62252 -0.0156311
 0.62264 -0.0142973
 0.62276 -0.012965
 0.62288 -0.0116344
 0.623 -0.0103057
 0.62312 -0.00897908
 0.62324 -0.00765458
 0.62336 -0.00633238
 0.62348 -0.00501262
 0.6236 -0.00369544
 0.62372 -0.00238091
 0.62384 -0.00106914
 0.62396 0.000239796
 0.62408 0.00154579
 0.6242 0.00284876
 0.62432 0.00414859
 0.62444 0.00544521
 0.62456 0.0067385
 0.62468 0.0080284
 0.6248 0.0093148
 0.62492 0.0105976
 0.62504 0.0118768
 0.62516 0.0131522
 0.62528 0.0144238
 0.6254 0.0156914
 0.62552 0.0169551
 0.62564 0.0182146
 0.62576 0.01947
 0.62588 0.0207211
 0.626 0.0219679
 0.62612 0.0232103
 0.62624 0.0244481
 0.62636 0.0256814
 0.62648 0.02691
 0.6266 0.0281339
 0.62672 0.029353
 0.62684 0.0305671
 0.62696 0.0317761
 0.62708 0.0329799
 0.6272 0.0341782
 0.62732 0.0353711
 0.62744 0.0365583
 0.62756 0.0377397
 0.62768 0.0389153
 0.6278 0.0400847
 0.62792 0.041248
 0.62804 0.0424049
 0.62816 0.0435554
 0.62828 0.0446992
 0.6284 0.0458364
 0.62852 0.0469667
 0.62864 0.0480899
 0.62876 0.049206
 0.62888 0.0503148
 0.629 0.0514162
 0.62912 0.05251
 0.62924 0.0535961
 0.62936 0.0546744
 0.62948 0.0557448
 0.6296 0.0568072
 0.62972 0.0578614
 0.62984 0.0589074
 0.62996 0.0599449
 0.63008 0.060974
 0.6302 0.0619945
 0.63032 0.0630063
 0.63044 0.0640093
 0.63056 0.0650034
 0.63068 0.0659886
 0.6308 0.0669646
 0.63092 0.0679315
 0.63104 0.068889
 0.63116 0.0698372
 0.63128 0.0707759
 0.6314 0.071705
 0.63152 0.0726244
 0.63164 0.0735341
 0.63176 0.074434
 0.63188 0.0753241
 0.632 0.0762043
 0.63212 0.0770746
 0.63224 0.0779348
 0.63236 0.0787851
 0.63248 0.0796252
 0.6326 0.0804552
 0.63272 0.081275
 0.63284 0.0820847
 0.63296 0.082884
 0.63308 0.0836731
 0.6332 0.0844519
 0.63332 0.0852203
 0.63344 0.0859782
 0.63356 0.0867257
 0.63368 0.0874627
 0.6338 0.0881892
 0.63392 0.088905
 0.63404 0.0896102
 0.63416 0.0903047
 0.63428 0.0909885
 0.6344 0.0916615
 0.63452 0.0923236
 0.63464 0.0929748
 0.63476 0.0936151
 0.63488 0.0942444
 0.635 0.0948626
 0.63512 0.0954697
 0.63524 0.0960657
 0.63536 0.0966506
 0.63548 0.0972241
 0.6356 0.0977864
 0.63572 0.0983374
 0.63584 0.098877
 0.63596 0.0994052
 0.63608 0.0999219
 0.6362 0.100427
 0.63632 0.100921
 0.63644 0.101403
 0.63656 0.101873
 0.63668 0.102332
 0.6368 0.102779
 0.63692 0.103214
 0.63704 0.103637
 0.63716 0.104049
 0.63728 0.104448
 0.6374 0.104836
 0.63752 0.105211
 0.63764 0.105575
 0.63776 0.105926
 0.63788 0.106265
 0.638 0.106592
 0.63812 0.106906
 0.63824 0.107208
 0.63836 0.107497
 0.63848 0.107774
 0.6386 0.108038
 0.63872 0.108289
 0.63884 0.108527
 0.63896 0.108752
 0.63908 0.108963
 0.6392 0.109162
 0.63932 0.109347
 0.63944 0.109519
 0.63956 0.109677
 0.63968 0.109822
 0.6398 0.109953
 0.63992 0.11007
 0.64004 0.110173
 0.64016 0.110263
 0.64028 0.110339
 0.6404 0.1104
 0.64052 0.110448
 0.64064 0.110482
 0.64076 0.110501
 0.64088 0.110507
 0.641 0.110498
 0.64112 0.110474
 0.64124 0.110437
 0.64136 0.110385
 0.64148 0.110319
 0.6416 0.110238
 0.64172 0.110143
 0.64184 0.110034
 0.64196 0.10991
 0.64208 0.109772
 0.6422 0.109619
 0.64232 0.109451
 0.64244 0.109269
 0.64256 0.109072
 0.64268 0.108861
 0.6428 0.108636
 0.64292 0.108396
 0.64304 0.108142
 0.64316 0.107873
 0.64328 0.107591
 0.6434 0.107294
 0.64352 0.106983
 0.64364 0.106658
 0.64376 0.106319
 0.64388 0.105967
 0.644 0.105601
 0.64412 0.105221
 0.64424 0.104828
 0.64436 0.104422
 0.64448 0.104003
 0.6446 0.10357
 0.64472 0.103125
 0.64484 0.102666
 0.64496 0.102195
 0.64508 0.101712
 0.6452 0.101215
 0.64532 0.100706
 0.64544 0.100185
 0.64556 0.0996513
 0.64568 0.0991053
 0.6458 0.0985473
 0.64592 0.0979772
 0.64604 0.0973951
 0.64616 0.0968012
 0.64628 0.0961955
 0.6464 0.0955781
 0.64652 0.0949491
 0.64664 0.0943086
 0.64676 0.0936568
 0.64688 0.0929936
 0.647 0.0923191
 0.64712 0.0916336
 0.64724 0.090937
 0.64736 0.0902295
 0.64748 0.0895111
 0.6476 0.088782
 0.64772 0.0880421
 0.64784 0.0872918
 0.64796 0.0865309
 0.64808 0.0857596
 0.6482 0.0849781
 0.64832 0.0841863
 0.64844 0.0833845
 0.64856 0.0825726
 0.64868 0.0817508
 0.6488 0.0809191
 0.64892 0.0800777
 0.64904 0.0792267
 0.64916 0.0783661
 0.64928 0.0774961
 0.6494 0.0766168
 0.64952 0.0757282
 0.64964 0.0748305
 0.64976 0.0739237
 0.64988 0.073008
 0.65 0.0720835
 0.65012 0.0711503
 0.65024 0.0702085
 0.65036 0.0692582
 0.65048 0.0682995
 0.6506 0.0673327
 0.65072 0.0663578
 0.65084 0.0653749
 0.65096 0.0643841
 0.65108 0.0633857
 0.6512 0.0623797
 0.65132 0.0613663
 0.65144 0.0603456
 0.65156 0.0593177
 0.65168 0.0582827
 0.6518 0.0572408
 0.65192 0.0561921
 0.65204 0.0551367
 0.65216 0.0540747
 0.65228 0.0530062
 0.6524 0.0519314
 0.65252 0.0508502
 0.65264 0.0497628
 0.65276 0.0486693
 0.65288 0.0475699
 0.653 0.0464647
 0.65312 0.0453536
 0.65324 0.044237
 0.65336 0.0431148
 0.65348 0.0419872
 0.6536 0.0408543
 0.65372 0.0397162
 0.65384 0.038573
 0.65396 0.0374249
 0.65408 0.0362718
 0.6542 0.035114
 0.65432 0.0339515
 0.65444 0.0327844
 0.65456 0.031613
 0.65468 0.0304372
 0.6548 0.0292573
 0.65492 0.0280732
 0.65504 0.0268852
 0.65516 0.0256933
 0.65528 0.0244977
 0.6554 0.0232984
 0.65552 0.0220957
 0.65564 0.0208895
 0.65576 0.01968
 0.65588 0.0184673
 0.656 0.0172516
 0.65612 0.0160328
 0.65624 0.0148112
 0.65636 0.0135868
 0.65648 0.0123597
 0.6566 0.0111301
 0.65672 0.009898
 0.65684 0.00866364
 0.65696 0.00742713
 0.65708 0.00618862
 0.6572 0.00494825
 0.65732 0.00370616
 0.65744 0.00246251
 0.65756 0.00121745
 0.65768 -2.88927e-05
 0.6578 -0.00127636
 0.65792 -0.0025248
 0.65804 -0.00377408
 0.65816 -0.00502404
 0.65828 -0.00627454
 0.6584 -0.00752544
 0.65852 -0.00877657
 0.65864 -0.0100278
 0.65876 -0.0112789
 0.65888 -0.0125297
 0.659 -0.0137802
 0.65912 -0.0150301
 0.65924 -0.0162793
 0.65936 -0.0175276
 0.65948 -0.0187749
 0.6596 -0.0200211
 0.65972 -0.0212661
 0.65984 -0.0225095
 0.65996 -0.0237515
 0.66008 -0.0249918
 0.6602 -0.0262303
 0.66032 -0.0274668
 0.66044 -0.0287014
 0.66056 -0.0299338
 0.66068 -0.0311639
 0.6608 -0.0323917
 0.66092 -0.0336169
 0.66104 -0.0348395
 0.66116 -0.0360594
 0.66128 -0.0372763
 0.6614 -0.0384903
 0.66152 -0.0397012
 0.66164 -0.0409089
 0.66176 -0.0421133
 0.66188 -0.0433144
 0.662 -0.0445119
 0.66212 -0.0457059
 0.66224 -0.0468963
 0.66236 -0.0480829
 0.66248 -0.0492657
 0.6626 -0.0504446
 0.66272 -0.0516195
 0.66284 -0.0527903
 0.66296 -0.053957
 0.66308 -0.0551195
 0.6632 -0.0562776
 0.66332 -0.0574314
 0.66344 -0.0585806
 0.66356 -0.0597253
 0.66368 -0.0608653
 0.6638 -0.0620006
 0.66392 -0.0631311
 0.66404 -0.0642566
 0.66416 -0.0653771
 0.66428 -0.0664925
 0.6644 -0.0676026
 0.66452 -0.0687074
 0.66464 -0.0698068
 0.66476 -0.0709007
 0.66488 -0.0719889
 0.665 -0.0730714
 0.66512 -0.074148
 0.66524 -0.0752187
 0.66536 -0.0762834
 0.66548 -0.077342
 0.6656 -0.0783944
 0.66572 -0.0794404
 0.66584 -0.0804801
 0.66596 -0.0815133
 0.66608 -0.0825399
 0.6662 -0.0835598
 0.66632 -0.0845729
 0.66644 -0.0855792
 0.66656 -0.0865784
 0.66668 -0.0875707
 0.6668 -0.0885558
 0.66692 -0.0895336
 0.66704 -0.090504
 0.66716 -0.091467
 0.66728 -0.0924225
 0.6674 -0.0933703
 0.66752 -0.0943103
 0.66764 -0.0952425
 0.66776 -0.0961667
 0.66788 -0.0970827
 0.668 -0.0979905
 0.66812 -0.0988899
 0.66824 -0.0997807
 0.66836 -0.100663
 0.66848 -0.101536
 0.6686 -0.1024
 0.66872 -0.103255
 0.66884 -0.104101
 0.66896 -0.104937
 0.66908 -0.105764
 0.6692 -0.106581
 0.66932 -0.107388
 0.66944 -0.108185
 0.66956 -0.108971
 0.66968 -0.109748
 0.6698 -0.110514
 0.66992 -0.111269
 0.67004 -0.112014
 0.67016 -0.112748
 0.67028 -0.113471
 0.6704 -0.114184
 0.67052 -0.114885
 0.67064 -0.115575
 0.67076 -0.116254
 0.67088 -0.116922
 0.671 -0.117579
 0.67112 -0.118224
 0.67124 -0.118857
 0.67136 -0.119479
 0.67148 -0.12009
 0.6716 -0.120688
 0.67172 -0.121275
 0.67184 -0.12185
 0.67196 -0.122412
 0.67208 -0.122963
 0.6722 -0.123502
 0.67232 -0.124028
 0.67244 -0.124542
 0.67256 -0.125044
 0.67268 -0.125534
 0.6728 -0.126011
 0.67292 -0.126476
 0.67304 -0.126929
 0.67316 -0.12737
 0.67328 -0.127798
 0.6734 -0.128214
 0.67352 -0.128618
 0.67364 -0.129009
 0.67376 -0.129388
 0.67388 -0.129754
 0.674 -0.130108
 0.67412 -0.13045
 0.67424 -0.13078
 0.67436 -0.131097
 0.67448 -0.131402
 0.6746 -0.131694
 0.67472 -0.131975
 0.67484 -0.132243
 0.67496 -0.132499
 0.67508 -0.132743
 0.6752 -0.132974
 0.67532 -0.133193
 0.67544 -0.1334
 0.67556 -0.133595
 0.67568 -0.133778
 0.6758 -0.133948
 0.67592 -0.134107
 0.67604 -0.134253
 0.67616 -0.134387
 0.67628 -0.134509
 0.6764 -0.134619
 0.67652 -0.134717
 0.67664 -0.134802
 0.67676 -0.134876
 0.67688 -0.134937
 0.677 -0.134987
 0.67712 -0.135024
 0.67724 -0.135049
 0.67736 -0.135063
 0.67748 -0.135064
 0.6776 -0.135053
 0.67772 -0.13503
 0.67784 -0.134996
 0.67796 -0.134949
 0.67808 -0.13489
 0.6782 -0.13482
 0.67832 -0.134737
 0.67844 -0.134642
 0.67856 -0.134536
 0.67868 -0.134418
 0.6788 -0.134287
 0.67892 -0.134145
 0.67904 -0.133991
 0.67916 -0.133825
 0.67928 -0.133648
 0.6794 -0.133458
 0.67952 -0.133257
 0.67964 -0.133045
 0.67976 -0.132821
 0.67988 -0.132585
 0.68 -0.132338
 0.68012 -0.132079
 0.68024 -0.131809
 0.68036 -0.131527
 0.68048 -0.131234
 0.6806 -0.13093
 0.68072 -0.130615
 0.68084 -0.13029
 0.68096 -0.129953
 0.68108 -0.129605
 0.6812 -0.129247
 0.68132 -0.128879
 0.68144 -0.1285
 0.68156 -0.128111
 0.68168 -0.127712
 0.6818 -0.127303
 0.68192 -0.126884
 0.68204 -0.126455
 0.68216 -0.126017
 0.68228 -0.125568
 0.6824 -0.12511
 0.68252 -0.124643
 0.68264 -0.124166
 0.68276 -0.12368
 0.68288 -0.123184
 0.683 -0.122679
 0.68312 -0.122165
 0.68324 -0.121642
 0.68336 -0.121109
 0.68348 -0.120568
 0.6836 -0.120018
 0.68372 -0.119459
 0.68384 -0.118892
 0.68396 -0.118316
 0.68408 -0.117732
 0.6842 -0.117139
 0.68432 -0.116538
 0.68444 -0.115929
 0.68456 -0.115311
 0.68468 -0.114686
 0.6848 -0.114053
 0.68492 -0.113412
 0.68504 -0.112763
 0.68516 -0.112107
 0.68528 -0.111443
 0.6854 -0.110773
 0.68552 -0.110094
 0.68564 -0.109409
 0.68576 -0.108717
 0.68588 -0.108018
 0.686 -0.107311
 0.68612 -0.106599
 0.68624 -0.105879
 0.68636 -0.105153
 0.68648 -0.104421
 0.6866 -0.103682
 0.68672 -0.102937
 0.68684 -0.102186
 0.68696 -0.101429
 0.68708 -0.100666
 0.6872 -0.0998967
 0.68732 -0.099122
 0.68744 -0.0983418
 0.68756 -0.0975561
 0.68768 -0.096765
 0.6878 -0.0959686
 0.68792 -0.095167
 0.68804 -0.0943604
 0.68816 -0.0935488
 0.68828 -0.0927324
 0.6884 -0.0919112
 0.68852 -0.0910854
 0.68864 -0.0902551
 0.68876 -0.0894205
 0.68888 -0.0885816
 0.689 -0.0877385
 0.68912 -0.0868915
 0.68924 -0.0860405
 0.68936 -0.0851857
 0.68948 -0.0843273
 0.6896 -0.0834653
 0.68972 -0.0825998
 0.68984 -0.0817311
 0.68996 -0.0808591
 0.69008 -0.0799839
 0.6902 -0.0791058
 0.69032 -0.0782247
 0.69044 -0.0773407
 0.69056 -0.076454
 0.69068 -0.0755647
 0.6908 -0.0746729
 0.69092 -0.0737786
 0.69104 -0.0728819
 0.69116 -0.071983
 0.69128 -0.071082
 0.6914 -0.0701789
 0.69152 -0.0692739
 0.69164 -0.068367
 0.69176 -0.0674583
 0.69188 -0.066548
 0.692 -0.0656361
 0.69212 -0.0647227
 0.69224 -0.0638079
 0.69236 -0.0628918
 0.69248 -0.0619744
 0.6926 -0.0610559
 0.69272 -0.0601364
 0.69284 -0.0592159
 0.69296 -0.0582946
 0.69308 -0.0573725
 0.6932 -0.0564497
 0.69332 -0.0555263
 0.69344 -0.0546024
 0.69356 -0.053678
 0.69368 -0.0527534
 0.6938 -0.0518285
 0.69392 -0.0509034
 0.69404 -0.0499783
 0.69416 -0.0490533
 0.69428 -0.0481284
 0.6944 -0.0472038
 0.69452 -0.0462796
 0.69464 -0.0453559
 0.69476 -0.0444328
 0.69488 -0.0435105
 0.695 -0.042589
 0.69512 -0.0416685
 0.69524 -0.0407491
 0.69536 -0.0398308
 0.69548 -0.0389138
 0.6956 -0.0379982
 0.69572 -0.037084
 0.69584 -0.0361714
 0.69596 -0.0352605
 0.69608 -0.0343514
 0.6962 -0.0334442
 0.69632 -0.032539
 0.69644 -0.0316359
 0.69656 -0.030735
 0.69668 -0.0298364
 0.6968 -0.0289403
 0.69692 -0.0280467
 0.69704 -0.0271557
 0.69716 -0.0262676
 0.69728 -0.0253823
 0.6974 -0.0244999
 0.69752 -0.0236207
 0.69764 -0.0227447
 0.69776 -0.021872
 0.69788 -0.0210028
 0.698 -0.0201372
 0.69812 -0.0192754
 0.69824 -0.0184176
 0.69836 -0.0175639
 0.69848 -0.0167144
 0.6986 -0.0158694
 0.69872 -0.0150291
 0.69884 -0.0141936
 0.69896 -0.013363
 0.69908 -0.0125376
 0.6992 -0.0117175
 0.69932 -0.0109029
 0.69944 -0.0100938
 0.69956 -0.00929046
 0.69968 -0.00849292
 0.6998 -0.0077013
 0.69992 -0.0069157
 0.70004 -0.00613623
 0.70016 -0.00536298
 0.70028 -0.00459605
 0.7004 -0.00383555
 0.70052 -0.00308158
 0.70064 -0.00233422
 0.70076 -0.00159357
 0.70088 -0.000859721
 0.701 -0.00013276
 0.70112 0.000587223
 0.70124 0.00130014
 0.70136 0.0020059
 0.70148 0.00270441
 0.7016 0.00339558
 0.70172 0.00407931
 0.70184 0.0047555
 0.70196 0.0054241
 0.70208 0.00608502
 0.7022 0.00673819
 0.70232 0.00738355
 0.70244 0.00802106
 0.70256 0.00865067
 0.70268 0.00927232
 0.7028 0.00988597
 0.70292 0.0104916
 0.70304 0.0110891
 0.70316 0.0116784
 0.70328 0.0122596
 0.7034 0.0128325
 0.70352 0.0133972
 0.70364 0.0139535
 0.70376 0.0145014
 0.70388 0.0150409
 0.704 0.0155719
 0.70412 0.0160944
 0.70424 0.0166084
 0.70436 0.0171137
 0.70448 0.0176104
 0.7046 0.0180985
 0.70472 0.0185778
 0.70484 0.0190483
 0.70496 0.0195101
 0.70508 0.019963
 0.7052 0.020407
 0.70532 0.0208421
 0.70544 0.0212683
 0.70556 0.0216854
 0.70568 0.0220936
 0.7058 0.0224927
 0.70592 0.0228828
 0.70604 0.0232637
 0.70616 0.0236355
 0.70628 0.0239981
 0.7064 0.0243515
 0.70652 0.0246956
 0.70664 0.0250305
 0.70676 0.025356
 0.70688 0.0256722
 0.707 0.025979
 0.70712 0.0262764
 0.70724 0.0265644
 0.70736 0.0268429
 0.70748 0.0271118
 0.7076 0.0273713
 0.70772 0.0276211
 0.70784 0.0278613
 0.70796 0.0280919
 0.70808 0.0283128
 0.7082 0.028524
 0.70832 0.0287254
 0.70844 0.028917
 0.70856 0.0290989
 0.70868 0.0292709
 0.7088 0.029433
 0.70892 0.0295852
 0.70904 0.0297276
 0.70916 0.0298601
 0.70928 0.0299827
 0.7094 0.0300955
 0.70952 0.0301985
 0.70964 0.0302916
 0.70976 0.0303749
 0.70988 0.0304484
 0.71 0.0305121
 0.71012 0.030566
 0.71024 0.0306101
 0.71036 0.0306445
 0.71048 0.0306692
 0.7106 0.0306843
 0.71072 0.0306899
 0.71084 0.0306862
 0.71096 0.0306732
 0.71108 0.0306512
 0.7112 0.0306201
 0.71132 0.0305801
 0.71144 0.0305313
 0.71156 0.0304739
 0.71168 0.030408
 0.7118 0.0303336
 0.71192 0.0302508
 0.71204 0.0301598
 0.71216 0.0300605
 0.71228 0.0299531
 0.7124 0.0298376
 0.71252 0.0297141
 0.71264 0.0295826
 0.71276 0.0294432
 0.71288 0.0292961
 0.713 0.0291411
 0.71312 0.0289785
 0.71324 0.0288083
 0.71336 0.0286306
 0.71348 0.0284455
 0.7136 0.028253
 0.71372 0.0280533
 0.71384 0.0278464
 0.71396 0.0276324
 0.71408 0.0274114
 0.7142 0.0271834
 0.71432 0.0269485
 0.71444 0.0267069
 0.71456 0.0264586
 0.71468 0.0262036
 0.7148 0.0259421
 0.71492 0.0256742
 0.71504 0.0254
 0.71516 0.0251195
 0.71528 0.0248328
 0.7154 0.02454
 0.71552 0.0242412
 0.71564 0.0239364
 0.71576 0.0236259
 0.71588 0.0233096
 0.716 0.0229876
 0.71612 0.02266
 0.71624 0.0223269
 0.71636 0.0219885
 0.71648 0.0216446
 0.7166 0.0212956
 0.71672 0.0209413
 0.71684 0.020582
 0.71696 0.0202176
 0.71708 0.0198483
 0.7172 0.019474
 0.71732 0.0190949
 0.71744 0.018711
 0.71756 0.0183224
 0.71768 0.0179293
 0.7178 0.0175316
 0.71792 0.0171295
 0.71804 0.0167231
 0.71816 0.0163124
 0.71828 0.0158975
 0.7184 0.0154786
 0.71852 0.0150557
 0.71864 0.0146289
 0.71876 0.0141984
 0.71888 0.0137641
 0.719 0.0133261
 0.71912 0.0128847
 0.71924 0.0124397
 0.71936 0.0119914
 0.71948 0.0115399
 0.7196 0.0110851
 0.71972 0.0106273
 0.71984 0.0101664
 0.71996 0.00970265
 0.72008 0.009236
 0.7202 0.00876656
 0.72032 0.00829442
 0.72044 0.00781967
 0.72056 0.00734237
 0.72068 0.00686261
 0.7208 0.00638048
 0.72092 0.00589605
 0.72104 0.0054094
 0.72116 0.00492063
 0.72128 0.00442979
 0.7214 0.00393699
 0.72152 0.00344229
 0.72164 0.00294579
 0.72176 0.00244755
 0.72188 0.00194767
 0.722 0.00144622
 0.72212 0.000943291
 0.72224 0.000438953
 0.72236 -6.67069e-05
 0.72248 -0.000573609
 0.7226 -0.00108167
 0.72272 -0.00159082
 0.72284 -0.00210096
 0.72296 -0.00261202
 0.72308 -0.00312391
 0.7232 -0.00363656
 0.72332 -0.00414989
 0.72344 -0.00466381
 0.72356 -0.00517825
 0.72368 -0.00569314
 0.7238 -0.00620838
 0.72392 -0.00672391
 0.72404 -0.00723963
 0.72416 -0.00775545
 0.72428 -0.00827129
 0.7244 -0.00878705
 0.72452 -0.00930261
 0.72464 -0.00981788
 0.72476 -0.0103327
 0.72488 -0.0108471
 0.725 -0.0113608
 0.72512 -0.0118739
 0.72524 -0.0123862
 0.72536 -0.0128976
 0.72548 -0.013408
 0.7256 -0.0139174
 0.72572 -0.0144256
 0.72584 -0.0149326
 0.72596 -0.0154382
 0.72608 -0.0159423
 0.7262 -0.016445
 0.72632 -0.016946
 0.72644 -0.0174452
 0.72656 -0.0179426
 0.72668 -0.018438
 0.7268 -0.0189314
 0.72692 -0.0194226
 0.72704 -0.0199115
 0.72716 -0.020398
 0.72728 -0.0208821
 0.7274 -0.0213635
 0.72752 -0.0218423
 0.72764 -0.0223183
 0.72776 -0.0227914
 0.72788 -0.0232614
 0.728 -0.0237283
 0.72812 -0.0241919
 0.72824 -0.024652
 0.72836 -0.0251085
 0.72848 -0.0255613
 0.7286 -0.0260102
 0.72872 -0.026455
 0.72884 -0.0268956
 0.72896 -0.0273318
 0.72908 -0.0277636
 0.7292 -0.0281907
 0.72932 -0.0286131
 0.72944 -0.0290307
 0.72956 -0.0294433
 0.72968 -0.029851
 0.7298 -0.0302536
 0.72992 -0.030651
 0.73004 -0.0310432
 0.73016 -0.0314301
 0.73028 -0.0318116
 0.7304 -0.0321877
 0.73052 -0.0325582
 0.73064 -0.0329232
 0.73076 -0.0332826
 0.73088 -0.0336364
 0.731 -0.0339844
 0.73112 -0.0343267
 0.73124 -0.0346633
 0.73136 -0.034994
 0.73148 -0.0353188
 0.7316 -0.0356376
 0.73172 -0.0359504
 0.73184 -0.0362571
 0.73196 -0.0365577
 0.73208 -0.036852
 0.7322 -0.0371401
 0.73232 -0.0374219
 0.73244 -0.0376974
 0.73256 -0.0379666
 0.73268 -0.0382293
 0.7328 -0.0384856
 0.73292 -0.0387354
 0.73304 -0.0389788
 0.73316 -0.0392155
 0.73328 -0.0394457
 0.7334 -0.0396693
 0.73352 -0.0398862
 0.73364 -0.0400964
 0.73376 -0.0402999
 0.73388 -0.0404966
 0.734 -0.0406865
 0.73412 -0.0408695
 0.73424 -0.0410457
 0.73436 -0.0412149
 0.73448 -0.0413772
 0.7346 -0.0415324
 0.73472 -0.0416807
 0.73484 -0.0418218
 0.73496 -0.0419558
 0.73508 -0.0420827
 0.7352 -0.0422024
 0.73532 -0.0423149
 0.73544 -0.0424202
 0.73556 -0.0425184
 0.73568 -0.0426093
 0.7358 -0.042693
 0.73592 -0.0427695
 0.73604 -0.0428388
 0.73616 -0.0429008
 0.73628 -0.0429556
 0.7364 -0.043003
 0.73652 -0.0430432
 0.73664 -0.0430761
 0.73676 -0.0431016
 0.73688 -0.0431198
 0.737 -0.0431307
 0.73712 -0.0431341
 0.73724 -0.0431302
 0.73736 -0.0431188
 0.73748 -0.0431
 0.7376 -0.0430737
 0.73772 -0.0430399
 0.73784 -0.0429986
 0.73796 -0.0429498
 0.73808 -0.0428935
 0.7382 -0.0428296
 0.73832 -0.0427581
 0.73844 -0.042679
 0.73856 -0.0425923
 0.73868 -0.0424979
 0.7388 -0.0423959
 0.73892 -0.0422862
 0.73904 -0.0421689
 0.73916 -0.0420439
 0.73928 -0.0419113
 0.7394 -0.0417711
 0.73952 -0.0416233
 0.73964 -0.0414678
 0.73976 -0.0413048
 0.73988 -0.0411342
 0.74 -0.040956
 0.74012 -0.0407703
 0.74024 -0.040577
 0.74036 -0.0403761
 0.74048 -0.0401678
 0.7406 -0.0399521
 0.74072 -0.039729
 0.74084 -0.0394987
 0.74096 -0.0392612
 0.74108 -0.0390165
 0.7412 -0.0387649
 0.74132 -0.0385063
 0.74144 -0.0382409
 0.74156 -0.0379687
 0.74168 -0.0376898
 0.7418 -0.0374042
 0.74192 -0.0371121
 0.74204 -0.0368136
 0.74216 -0.0365086
 0.74228 -0.0361972
 0.7424 -0.0358795
 0.74252 -0.0355555
 0.74264 -0.0352253
 0.74276 -0.034889
 0.74288 -0.0345465
 0.743 -0.034198
 0.74312 -0.0338435
 0.74324 -0.033483
 0.74336 -0.0331167
 0.74348 -0.0327446
 0.7436 -0.0323667
 0.74372 -0.0319831
 0.74384 -0.0315939
 0.74396 -0.0311991
 0.74408 -0.0307988
 0.7442 -0.0303931
 0.74432 -0.0299819
 0.74444 -0.0295653
 0.74456 -0.0291435
 0.74468 -0.0287164
 0.7448 -0.0282842
 0.74492 -0.0278468
 0.74504 -0.0274043
 0.74516 -0.0269568
 0.74528 -0.0265044
 0.7454 -0.026047
 0.74552 -0.0255848
 0.74564 -0.0251178
 0.74576 -0.0246461
 0.74588 -0.0241697
 0.746 -0.0236886
 0.74612 -0.0232031
 0.74624 -0.0227129
 0.74636 -0.0222184
 0.74648 -0.0217194
 0.7466 -0.0212161
 0.74672 -0.0207084
 0.74684 -0.0201965
 0.74696 -0.0196802
 0.74708 -0.0191598
 0.7472 -0.0186351
 0.74732 -0.0181062
 0.74744 -0.0175731
 0.74756 -0.017036
 0.74768 -0.0164949
 0.7478 -0.0159498
 0.74792 -0.0154009
 0.74804 -0.0148482
 0.74816 -0.0142917
 0.74828 -0.0137317
 0.7484 -0.013168
 0.74852 -0.0126008
 0.74864 -0.0120302
 0.74876 -0.0114562
 0.74888 -0.0108789
 0.749 -0.0102983
 0.74912 -0.00971449
 0.74924 -0.00912751
 0.74936 -0.00853743
 0.74948 -0.00794431
 0.7496 -0.0073482
 0.74972 -0.00674916
 0.74984 -0.00614723
 0.74996 -0.00554246
 0.75008 -0.00493487
 0.7502 -0.00432449
 0.75032 -0.00371136
 0.75044 -0.00309553
 0.75056 -0.00247704
 0.75068 -0.00185595
 0.7508 -0.00123228
 0.75092 -0.000606107
 0.75104 2.25408e-05
 0.75116 0.000653613
 0.75128 0.00128706
 0.7514 0.00192285
 0.75152 0.00256092
 0.75164 0.00320122
 0.75176 0.00384372
 0.75188 0.00448837
 0.752 0.00513512
 0.75212 0.00578392
 0.75224 0.00643473
 0.75236 0.00708751
 0.75248 0.0077422
 0.7526 0.00839875
 0.75272 0.00905714
 0.75284 0.00971729
 0.75296 0.0103792
 0.75308 0.0110428
 0.7532 0.011708
 0.75332 0.0123748
 0.75344 0.0130431
 0.75356 0.013713
 0.75368 0.0143843
 0.7538 0.0150569
 0.75392 0.015731
 0.75404 0.0164063
 0.75416 0.0170828
 0.75428 0.0177605
 0.7544 0.0184392
 0.75452 0.019119
 0.75464 0.0197996
 0.75476 0.0204812
 0.75488 0.0211635
 0.755 0.0218465
 0.75512 0.0225301
 0.75524 0.0232143
 0.75536 0.0238989
 0.75548 0.024584
 0.7556 0.0252694
 0.75572 0.0259551
 0.75584 0.0266409
 0.75596 0.0273269
 0.75608 0.0280129
 0.7562 0.0286988
 0.75632 0.0293846
 0.75644 0.0300702
 0.75656 0.0307555
 0.75668 0.0314404
 0.7568 0.0321247
 0.75692 0.0328085
 0.75704 0.0334917
 0.75716 0.034174
 0.75728 0.0348555
 0.7574 0.0355361
 0.75752 0.0362156
 0.75764 0.0368941
 0.75776 0.0375714
 0.75788 0.0382473
 0.758 0.0389219
 0.75812 0.0395949
 0.75824 0.0402664
 0.75836 0.0409361
 0.75848 0.0416041
 0.7586 0.0422701
 0.75872 0.0429341
 0.75884 0.043596
 0.75896 0.0442557
 0.75908 0.044913
 0.7592 0.0455679
 0.75932 0.0462204
 0.75944 0.0468703
 0.75956 0.0475176
 0.75968 0.0481623
 0.7598 0.0488042
 0.75992 0.0494434
 0.76004 0.0500799
 0.76016 0.0507134
 0.76028 0.0513441
 0.7604 0.0519719
 0.76052 0.0525967
 0.76064 0.0532187
 0.76076 0.0538377
 0.76088 0.0544538
 0.761 0.055067
 0.76112 0.0556773
 0.76124 0.0562847
 0.76136 0.0568893
 0.76148 0.0574909
 0.7616 0.0580896
 0.76172 0.0586853
 0.76184 0.059278
 0.76196 0.0598677
 0.76208 0.0604543
 0.7622 0.0610379
 0.76232 0.0616183
 0.76244 0.0621956
 0.76256 0.0627697
 0.76268 0.0633407
 0.7628 0.0639085
 0.76292 0.0644732
 0.76304 0.0650346
 0.76316 0.0655928
 0.76328 0.0661478
 0.7634 0.0666995
 0.76352 0.067248
 0.76364 0.0677932
 0.76376 0.068335
 0.76388 0.0688735
 0.764 0.0694087
 0.76412 0.0699405
 0.76424 0.0704688
 0.76436 0.0709938
 0.76448 0.0715153
 0.7646 0.0720333
 0.76472 0.0725479
 0.76484 0.0730589
 0.76496 0.0735664
 0.76508 0.0740704
 0.7652 0.0745708
 0.76532 0.0750678
 0.76544 0.0755612
 0.76556 0.0760512
 0.76568 0.0765378
 0.7658 0.0770209
 0.76592 0.0775006
 0.76604 0.077977
 0.76616 0.0784499
 0.76628 0.0789194
 0.7664 0.0793855
 0.76652 0.0798481
 0.76664 0.0803073
 0.76676 0.080763
 0.76688 0.0812153
 0.767 0.0816641
 0.76712 0.0821094
 0.76724 0.0825511
 0.76736 0.0829893
 0.76748 0.0834239
 0.7676 0.0838549
 0.76772 0.0842822
 0.76784 0.0847058
 0.76796 0.0851258
 0.76808 0.085542
 0.7682 0.0859545
 0.76832 0.0863632
 0.76844 0.0867681
 0.76856 0.0871691
 0.76868 0.0875663
 0.7688 0.0879596
 0.76892 0.088349
 0.76904 0.0887345
 0.76916 0.0891161
 0.76928 0.0894937
 0.7694 0.0898674
 0.76952 0.0902371
 0.76964 0.0906028
 0.76976 0.0909645
 0.76988 0.0913222
 0.77 0.0916759
 0.77012 0.0920256
 0.77024 0.0923712
 0.77036 0.0927128
 0.77048 0.0930503
 0.7706 0.0933837
 0.77072 0.0937131
 0.77084 0.0940384
 0.77096 0.0943597
 0.77108 0.0946769
 0.7712 0.0949901
 0.77132 0.0952993
 0.77144 0.0956044
 0.77156 0.0959056
 0.77168 0.0962027
 0.7718 0.0964957
 0.77192 0.0967848
 0.77204 0.09707
 0.77216 0.0973511
 0.77228 0.0976282
 0.7724 0.0979013
 0.77252 0.0981704
 0.77264 0.0984356
 0.77276 0.0986967
 0.77288 0.0989538
 0.773 0.099207
 0.77312 0.0994561
 0.77324 0.0997012
 0.77336 0.0999424
 0.77348 0.10018
 0.7736 0.100413
 0.77372 0.100642
 0.77384 0.100867
 0.77396 0.101088
 0.77408 0.101305
 0.7742 0.101518
 0.77432 0.101728
 0.77444 0.101933
 0.77456 0.102134
 0.77468 0.102331
 0.7748 0.102524
 0.77492 0.102713
 0.77504 0.102898
 0.77516 0.103079
 0.77528 0.103256
 0.7754 0.103429
 0.77552 0.103598
 0.77564 0.103763
 0.77576 0.103924
 0.77588 0.104081
 0.776 0.104234
 0.77612 0.104383
 0.77624 0.104528
 0.77636 0.104669
 0.77648 0.104805
 0.7766 0.104938
 0.77672 0.105067
 0.77684 0.105191
 0.77696 0.105311
 0.77708 0.105427
 0.7772 0.105539
 0.77732 0.105646
 0.77744 0.105749
 0.77756 0.105848
 0.77768 0.105942
 0.7778 0.106033
 0.77792 0.106119
 0.77804 0.1062
 0.77816 0.106278
 0.77828 0.106352
 0.7784 0.106421
 0.77852 0.106486
 0.77864 0.106547
 0.77876 0.106603
 0.77888 0.106656
 0.779 0.106704
 0.77912 0.106748
 0.77924 0.106788
 0.77936 0.106824
 0.77948 0.106855
 0.7796 0.106882
 0.77972 0.106904
 0.77984 0.106923
 0.77996 0.106937
 0.78008 0.106946
 0.7802 0.106951
 0.78032 0.106951
 0.78044 0.106947
 0.78056 0.106938
 0.78068 0.106924
 0.7808 0.106906
 0.78092 0.106882
 0.78104 0.106855
 0.78116 0.106822
 0.78128 0.106784
 0.7814 0.106742
 0.78152 0.106694
 0.78164 0.106642
 0.78176 0.106585
 0.78188 0.106523
 0.782 0.106455
 0.78212 0.106383
 0.78224 0.106305
 0.78236 0.106223
 0.78248 0.106135
 0.7826 0.106042
 0.78272 0.105944
 0.78284 0.105841
 0.78296 0.105732
 0.78308 0.105618
 0.7832 0.105499
 0.78332 0.105374
 0.78344 0.105244
 0.78356 0.105109
 0.78368 0.104968
 0.7838 0.104822
 0.78392 0.104671
 0.78404 0.104514
 0.78416 0.104351
 0.78428 0.104184
 0.7844 0.104011
 0.78452 0.103833
 0.78464 0.103649
 0.78476 0.103461
 0.78488 0.103267
 0.785 0.103068
 0.78512 0.102865
 0.78524 0.102656
 0.78536 0.102443
 0.78548 0.102224
 0.7856 0.102001
 0.78572 0.101773
 0.78584 0.10154
 0.78596 0.101303
 0.78608 0.101061
 0.7862 0.100814
 0.78632 0.100563
 0.78644 0.100308
 0.78656 0.100048
 0.78668 0.0997837
 0.7868 0.0995153
 0.78692 0.0992426
 0.78704 0.0989658
 0.78716 0.0986849
 0.78728 0.0984
 0.7874 0.0981112
 0.78752 0.0978184
 0.78764 0.0975217
 0.78776 0.0972213
 0.78788 0.0969172
 0.788 0.0966094
 0.78812 0.0962979
 0.78824 0.0959829
 0.78836 0.0956645
 0.78848 0.0953426
 0.7886 0.0950173
 0.78872 0.0946888
 0.78884 0.094357
 0.78896 0.0940219
 0.78908 0.0936838
 0.7892 0.0933425
 0.78932 0.0929983
 0.78944 0.092651
 0.78956 0.0923008
 0.78968 0.0919477
 0.7898 0.0915917
 0.78992 0.0912329
 0.79004 0.0908712
 0.79016 0.0905068
 0.79028 0.0901395
 0.7904 0.0897694
 0.79052 0.0893964
 0.79064 0.0890207
 0.79076 0.088642
 0.79088 0.0882605
 0.791 0.0878761
 0.79112 0.0874888
 0.79124 0.0870986
 0.79136 0.0867053
 0.79148 0.0863091
 0.7916 0.08591
 0.79172 0.0855079
 0.79184 0.0851028
 0.79196 0.0846948
 0.79208 0.0842839
 0.7922 0.0838701
 0.79232 0.0834534
 0.79244 0.0830337
 0.79256 0.0826112
 0.79268 0.0821858
 0.7928 0.0817574
 0.79292 0.0813261
 0.79304 0.0808919
 0.79316 0.0804548
 0.79328 0.0800147
 0.7934 0.0795717
 0.79352 0.0791257
 0.79364 0.0786768
 0.79376 0.078225
 0.79388 0.0777702
 0.794 0.0773125
 0.79412 0.0768519
 0.79424 0.0763884
 0.79436 0.0759219
 0.79448 0.0754525
 0.7946 0.0749802
 0.79472 0.0745049
 0.79484 0.0740266
 0.79496 0.0735455
 0.79508 0.0730613
 0.7952 0.0725742
 0.79532 0.072084
 0.79544 0.0715908
 0.79556 0.0710945
 0.79568 0.0705951
 0.7958 0.0700926
 0.79592 0.069587
 0.79604 0.0690782
 0.79616 0.0685663
 0.79628 0.0680513
 0.7964 0.0675333
 0.79652 0.0670122
 0.79664 0.0664881
 0.79676 0.065961
 0.79688 0.0654309
 0.797 0.0648978
 0.79712 0.0643618
 0.79724 0.063823
 0.79736 0.0632815
 0.79748 0.0627371
 0.7976 0.06219
 0.79772 0.0616403
 0.79784 0.0610879
 0.79796 0.060533
 0.79808 0.0599755
 0.7982 0.0594156
 0.79832 0.0588532
 0.79844 0.0582885
 0.79856 0.0577214
 0.79868 0.057152
 0.7988 0.0565804
 0.79892 0.0560066
 0.79904 0.0554307
 0.79916 0.0548526
 0.79928 0.0542724
 0.7994 0.0536902
 0.79952 0.053106
 0.79964 0.0525198
 0.79976 0.0519316
 0.79988 0.0513416
