 0.2 -0.10214
 0.20012 -0.102519
 0.20024 -0.102894
 0.20036 -0.103266
 0.20048 -0.103635
 0.2006 -0.104001
 0.20072 -0.104364
 0.20084 -0.104725
 0.20096 -0.105082
 0.20108 -0.105436
 0.2012 -0.105787
 0.20132 -0.106135
 0.20144 -0.106479
 0.20156 -0.106821
 0.20168 -0.107159
 0.2018 -0.107495
 0.20192 -0.107827
 0.20204 -0.108156
 0.20216 -0.108482
 0.20228 -0.108805
 0.2024 -0.109125
 0.20252 -0.109441
 0.20264 -0.109754
 0.20276 -0.110064
 0.20288 -0.110371
 0.203 -0.110675
 0.20312 -0.110975
 0.20324 -0.111271
 0.20336 -0.111565
 0.20348 -0.111855
 0.2036 -0.112142
 0.20372 -0.112425
 0.20384 -0.112706
 0.20396 -0.112983
 0.20408 -0.113256
 0.2042 -0.113526
 0.20432 -0.113793
 0.20444 -0.114057
 0.20456 -0.114317
 0.20468 -0.114574
 0.2048 -0.114828
 0.20492 -0.115078
 0.20504 -0.115325
 0.20516 -0.115569
 0.20528 -0.115809
 0.2054 -0.116046
 0.20552 -0.11628
 0.20564 -0.116511
 0.20576 -0.116739
 0.20588 -0.116963
 0.206 -0.117184
 0.20612 -0.117402
 0.20624 -0.117617
 0.20636 -0.117829
 0.20648 -0.118038
 0.2066 -0.118243
 0.20672 -0.118446
 0.20684 -0.118646
 0.20696 -0.118843
 0.20708 -0.119036
 0.2072 -0.119227
 0.20732 -0.119415
 0.20744 -0.119601
 0.20756 -0.119783
 0.20768 -0.119962
 0.2078 -0.120138
 0.20792 -0.120312
 0.20804 -0.120482
 0.20816 -0.12065
 0.20828 -0.120815
 0.2084 -0.120976
 0.20852 -0.121135
 0.20864 -0.121291
 0.20876 -0.121444
 0.20888 -0.121593
 0.209 -0.12174
 0.20912 -0.121884
 0.20924 -0.122025
 0.20936 -0.122162
 0.20948 -0.122297
 0.2096 -0.122428
 0.20972 -0.122557
 0.20984 -0.122682
 0.20996 -0.122805
 0.21008 -0.122924
 0.2102 -0.123041
 0.21032 -0.123154
 0.21044 -0.123264
 0.21056 -0.123372
 0.21068 -0.123476
 0.2108 -0.123578
 0.21092 -0.123676
 0.21104 -0.123772
 0.21116 -0.123865
 0.21128 -0.123955
 0.2114 -0.124041
 0.21152 -0.124125
 0.21164 -0.124207
 0.21176 -0.124285
 0.21188 -0.12436
 0.212 -0.124432
 0.21212 -0.124502
 0.21224 -0.124569
 0.21236 -0.124633
 0.21248 -0.124694
 0.2126 -0.124752
 0.21272 -0.124807
 0.21284 -0.12486
 0.21296 -0.124909
 0.21308 -0.124956
 0.2132 -0.125
 0.21332 -0.125042
 0.21344 -0.12508
 0.21356 -0.125116
 0.21368 -0.125148
 0.2138 -0.125178
 0.21392 -0.125206
 0.21404 -0.12523
 0.21416 -0.125252
 0.21428 -0.125271
 0.2144 -0.125287
 0.21452 -0.1253
 0.21464 -0.125311
 0.21476 -0.125319
 0.21488 -0.125324
 0.215 -0.125326
 0.21512 -0.125326
 0.21524 -0.125323
 0.21536 -0.125317
 0.21548 -0.125308
 0.2156 -0.125297
 0.21572 -0.125282
 0.21584 -0.125265
 0.21596 -0.125245
 0.21608 -0.125222
 0.2162 -0.125196
 0.21632 -0.125167
 0.21644 -0.125135
 0.21656 -0.1251
 0.21668 -0.125062
 0.2168 -0.125021
 0.21692 -0.124977
 0.21704 -0.12493
 0.21716 -0.12488
 0.21728 -0.124826
 0.2174 -0.12477
 0.21752 -0.12471
 0.21764 -0.124647
 0.21776 -0.124581
 0.21788 -0.124511
 0.218 -0.124438
 0.21812 -0.124362
 0.21824 -0.124282
 0.21836 -0.124199
 0.21848 -0.124112
 0.2186 -0.124021
 0.21872 -0.123927
 0.21884 -0.123829
 0.21896 -0.123727
 0.21908 -0.123622
 0.2192 -0.123512
 0.21932 -0.123399
 0.21944 -0.123282
 0.21956 -0.123161
 0.21968 -0.123036
 0.2198 -0.122907
 0.21992 -0.122774
 0.22004 -0.122636
 0.22016 -0.122495
 0.22028 -0.12235
 0.2204 -0.122201
 0.22052 -0.122048
 0.22064 -0.121891
 0.22076 -0.121731
 0.22088 -0.121566
 0.221 -0.121398
 0.22112 -0.121227
 0.22124 -0.121052
 0.22136 -0.120873
 0.22148 -0.120692
 0.2216 -0.120507
 0.22172 -0.120319
 0.22184 -0.120127
 0.22196 -0.119933
 0.22208 -0.119736
 0.2222 -0.119535
 0.22232 -0.119332
 0.22244 -0.119125
 0.22256 -0.118916
 0.22268 -0.118703
 0.2228 -0.118488
 0.22292 -0.11827
 0.22304 -0.118049
 0.22316 -0.117825
 0.22328 -0.117598
 0.2234 -0.117368
 0.22352 -0.117136
 0.22364 -0.116901
 0.22376 -0.116663
 0.22388 -0.116423
 0.224 -0.116179
 0.22412 -0.115934
 0.22424 -0.115685
 0.22436 -0.115434
 0.22448 -0.11518
 0.2246 -0.114924
 0.22472 -0.114665
 0.22484 -0.114404
 0.22496 -0.11414
 0.22508 -0.113874
 0.2252 -0.113606
 0.22532 -0.113335
 0.22544 -0.113062
 0.22556 -0.112786
 0.22568 -0.112509
 0.2258 -0.112229
 0.22592 -0.111948
 0.22604 -0.111664
 0.22616 -0.111378
 0.22628 -0.11109
 0.2264 -0.110801
 0.22652 -0.110509
 0.22664 -0.110216
 0.22676 -0.109921
 0.22688 -0.109624
 0.227 -0.109326
 0.22712 -0.109026
 0.22724 -0.108724
 0.22736 -0.108421
 0.22748 -0.108116
 0.2276 -0.10781
 0.22772 -0.107502
 0.22784 -0.107193
 0.22796 -0.106883
 0.22808 -0.106571
 0.2282 -0.106258
 0.22832 -0.105944
 0.22844 -0.105629
 0.22856 -0.105313
 0.22868 -0.104996
 0.2288 -0.104677
 0.22892 -0.104358
 0.22904 -0.104038
 0.22916 -0.103716
 0.22928 -0.103394
 0.2294 -0.103071
 0.22952 -0.102747
 0.22964 -0.102423
 0.22976 -0.102097
 0.22988 -0.101771
 0.23 -0.101445
 0.23012 -0.101118
 0.23024 -0.10079
 0.23036 -0.100462
 0.23048 -0.100133
 0.2306 -0.0998035
 0.23072 -0.0994739
 0.23084 -0.0991439
 0.23096 -0.0988136
 0.23108 -0.098483
 0.2312 -0.0981522
 0.23132 -0.0978211
 0.23144 -0.0974899
 0.23156 -0.0971586
 0.23168 -0.0968272
 0.2318 -0.0964957
 0.23192 -0.0961642
 0.23204 -0.0958326
 0.23216 -0.095501
 0.23228 -0.0951694
 0.2324 -0.094838
 0.23252 -0.0945066
 0.23264 -0.0941753
 0.23276 -0.0938442
 0.23288 -0.0935133
 0.233 -0.0931827
 0.23312 -0.0928523
 0.23324 -0.0925221
 0.23336 -0.0921923
 0.23348 -0.0918627
 0.2336 -0.0915333
 0.23372 -0.0912043
 0.23384 -0.0908755
 0.23396 -0.090547
 0.23408 -0.0902188
 0.2342 -0.0898908
 0.23432 -0.0895632
 0.23444 -0.0892358
 0.23456 -0.0889088
 0.23468 -0.088582
 0.2348 -0.0882556
 0.23492 -0.0879295
 0.23504 -0.0876037
 0.23516 -0.0872782
 0.23528 -0.0869531
 0.2354 -0.0866282
 0.23552 -0.0863037
 0.23564 -0.0859794
 0.23576 -0.0856553
 0.23588 -0.0853315
 0.236 -0.0850078
 0.23612 -0.0846843
 0.23624 -0.0843608
 0.23636 -0.0840374
 0.23648 -0.0837141
 0.2366 -0.0833908
 0.23672 -0.0830674
 0.23684 -0.082744
 0.23696 -0.0824205
 0.23708 -0.0820969
 0.2372 -0.0817731
 0.23732 -0.0814491
 0.23744 -0.081125
 0.23756 -0.0808007
 0.23768 -0.0804763
 0.2378 -0.0801518
 0.23792 -0.0798271
 0.23804 -0.0795024
 0.23816 -0.0791776
 0.23828 -0.0788527
 0.2384 -0.0785279
 0.23852 -0.078203
 0.23864 -0.0778781
 0.23876 -0.0775532
 0.23888 -0.0772285
 0.239 -0.0769038
 0.23912 -0.0765793
 0.23924 -0.0762548
 0.23936 -0.0759306
 0.23948 -0.0756066
 0.2396 -0.0752828
 0.23972 -0.0749592
 0.23984 -0.074636
 0.23996 -0.074313
 0.24008 -0.0739903
 0.2402 -0.073668
 0.24032 -0.073346
 0.24044 -0.0730245
 0.24056 -0.0727033
 0.24068 -0.0723826
 0.2408 -0.0720623
 0.24092 -0.0717425
 0.24104 -0.0714231
 0.24116 -0.0711043
 0.24128 -0.070786
 0.2414 -0.0704683
 0.24152 -0.0701511
 0.24164 -0.0698345
 0.24176 -0.0695186
 0.24188 -0.0692033
 0.242 -0.0688886
 0.24212 -0.0685746
 0.24224 -0.0682613
 0.24236 -0.0679488
 0.24248 -0.067637
 0.2426 -0.067326
 0.24272 -0.0670158
 0.24284 -0.0667065
 0.24296 -0.066398
 0.24308 -0.0660905
 0.2432 -0.0657838
 0.24332 -0.065478
 0.24344 -0.0651732
 0.24356 -0.0648693
 0.24368 -0.0645664
 0.2438 -0.0642645
 0.24392 -0.0639635
 0.24404 -0.0636635
 0.24416 -0.0633645
 0.24428 -0.0630666
 0.2444 -0.0627696
 0.24452 -0.0624737
 0.24464 -0.0621789
 0.24476 -0.0618851
 0.24488 -0.0615924
 0.245 -0.0613008
 0.24512 -0.0610103
 0.24524 -0.0607209
 0.24536 -0.0604327
 0.24548 -0.0601457
 0.2456 -0.0598599
 0.24572 -0.0595753
 0.24584 -0.059292
 0.24596 -0.05901
 0.24608 -0.0587294
 0.2462 -0.0584501
 0.24632 -0.0581722
 0.24644 -0.0578958
 0.24656 -0.0576209
 0.24668 -0.0573474
 0.2468 -0.0570755
 0.24692 -0.0568051
 0.24704 -0.0565362
 0.24716 -0.0562689
 0.24728 -0.0560032
 0.2474 -0.0557391
 0.24752 -0.0554766
 0.24764 -0.0552158
 0.24776 -0.0549566
 0.24788 -0.0546991
 0.248 -0.0544435
 0.24812 -0.0541896
 0.24824 -0.0539375
 0.24836 -0.0536873
 0.24848 -0.0534391
 0.2486 -0.0531927
 0.24872 -0.0529484
 0.24884 -0.0527061
 0.24896 -0.0524658
 0.24908 -0.0522276
 0.2492 -0.0519914
 0.24932 -0.0517574
 0.24944 -0.0515254
 0.24956 -0.0512956
 0.24968 -0.0510679
 0.2498 -0.0508424
 0.24992 -0.0506191
 0.25004 -0.050398
 0.25016 -0.0501791
 0.25028 -0.0499624
 0.2504 -0.0497478
 0.25052 -0.0495355
 0.25064 -0.0493252
 0.25076 -0.049117
 0.25088 -0.0489107
 0.251 -0.0487063
 0.25112 -0.0485036
 0.25124 -0.0483027
 0.25136 -0.0481034
 0.25148 -0.0479059
 0.2516 -0.0477099
 0.25172 -0.0475156
 0.25184 -0.0473229
 0.25196 -0.0471319
 0.25208 -0.0469426
 0.2522 -0.046755
 0.25232 -0.0465692
 0.25244 -0.046385
 0.25256 -0.0462027
 0.25268 -0.0460222
 0.2528 -0.0458435
 0.25292 -0.0456668
 0.25304 -0.045492
 0.25316 -0.0453191
 0.25328 -0.0451482
 0.2534 -0.0449792
 0.25352 -0.0448122
 0.25364 -0.0446471
 0.25376 -0.044484
 0.25388 -0.0443228
 0.254 -0.0441636
 0.25412 -0.0440063
 0.25424 -0.0438509
 0.25436 -0.0436975
 0.25448 -0.0435461
 0.2546 -0.0433966
 0.25472 -0.043249
 0.25484 -0.0431034
 0.25496 -0.0429596
 0.25508 -0.0428177
 0.2552 -0.0426776
 0.25532 -0.0425392
 0.25544 -0.0424026
 0.25556 -0.0422675
 0.25568 -0.0421341
 0.2558 -0.0420023
 0.25592 -0.0418719
 0.25604 -0.041743
 0.25616 -0.0416156
 0.25628 -0.0414895
 0.2564 -0.0413647
 0.25652 -0.0412413
 0.25664 -0.041119
 0.25676 -0.040998
 0.25688 -0.0408781
 0.257 -0.0407593
 0.25712 -0.0406415
 0.25724 -0.0405248
 0.25736 -0.040409
 0.25748 -0.0402941
 0.2576 -0.0401801
 0.25772 -0.0400669
 0.25784 -0.0399545
 0.25796 -0.0398428
 0.25808 -0.0397318
 0.2582 -0.0396215
 0.25832 -0.0395117
 0.25844 -0.0394025
 0.25856 -0.0392938
 0.25868 -0.0391855
 0.2588 -0.0390776
 0.25892 -0.0389701
 0.25904 -0.0388629
 0.25916 -0.038756
 0.25928 -0.0386493
 0.2594 -0.0385428
 0.25952 -0.0384364
 0.25964 -0.0383301
 0.25976 -0.0382238
 0.25988 -0.0381175
 0.26 -0.0380112
 0.26012 -0.0379048
 0.26024 -0.0377982
 0.26036 -0.0376914
 0.26048 -0.0375843
 0.2606 -0.037477
 0.26072 -0.0373693
 0.26084 -0.0372613
 0.26096 -0.0371528
 0.26108 -0.0370438
 0.2612 -0.0369343
 0.26132 -0.0368243
 0.26144 -0.0367136
 0.26156 -0.0366023
 0.26168 -0.0364903
 0.2618 -0.0363775
 0.26192 -0.036264
 0.26204 -0.0361497
 0.26216 -0.0360345
 0.26228 -0.0359185
 0.2624 -0.0358015
 0.26252 -0.0356836
 0.26264 -0.0355647
 0.26276 -0.0354448
 0.26288 -0.0353239
 0.263 -0.0352018
 0.26312 -0.0350786
 0.26324 -0.0349543
 0.26336 -0.0348288
 0.26348 -0.0347021
 0.2636 -0.0345743
 0.26372 -0.0344453
 0.26384 -0.034315
 0.26396 -0.0341835
 0.26408 -0.0340508
 0.2642 -0.0339169
 0.26432 -0.0337817
 0.26444 -0.0336451
 0.26456 -0.0335073
 0.26468 -0.0333682
 0.2648 -0.0332277
 0.26492 -0.0330858
 0.26504 -0.0329425
 0.26516 -0.0327977
 0.26528 -0.0326516
 0.2654 -0.0325039
 0.26552 -0.0323548
 0.26564 -0.0322041
 0.26576 -0.032052
 0.26588 -0.0318985
 0.266 -0.0317434
 0.26612 -0.0315869
 0.26624 -0.031429
 0.26636 -0.0312697
 0.26648 -0.031109
 0.2666 -0.030947
 0.26672 -0.0307837
 0.26684 -0.0306191
 0.26696 -0.0304532
 0.26708 -0.0302861
 0.2672 -0.0301178
 0.26732 -0.0299482
 0.26744 -0.0297775
 0.26756 -0.0296055
 0.26768 -0.0294322
 0.2678 -0.0292577
 0.26792 -0.0290819
 0.26804 -0.0289049
 0.26816 -0.0287266
 0.26828 -0.028547
 0.2684 -0.0283661
 0.26852 -0.028184
 0.26864 -0.0280005
 0.26876 -0.0278156
 0.26888 -0.0276295
 0.269 -0.027442
 0.26912 -0.0272531
 0.26924 -0.0270629
 0.26936 -0.0268712
 0.26948 -0.0266782
 0.2696 -0.0264837
 0.26972 -0.0262878
 0.26984 -0.0260904
 0.26996 -0.0258915
 0.27008 -0.0256912
 0.2702 -0.0254893
 0.27032 -0.0252859
 0.27044 -0.025081
 0.27056 -0.0248745
 0.27068 -0.0246665
 0.2708 -0.0244568
 0.27092 -0.0242456
 0.27104 -0.0240328
 0.27116 -0.0238184
 0.27128 -0.0236024
 0.2714 -0.0233848
 0.27152 -0.0231655
 0.27164 -0.0229446
 0.27176 -0.022722
 0.27188 -0.0224978
 0.272 -0.0222719
 0.27212 -0.0220444
 0.27224 -0.0218151
 0.27236 -0.0215841
 0.27248 -0.0213515
 0.2726 -0.021117
 0.27272 -0.0208808
 0.27284 -0.0206428
 0.27296 -0.0204031
 0.27308 -0.0201615
 0.2732 -0.0199181
 0.27332 -0.019673
 0.27344 -0.0194261
 0.27356 -0.0191774
 0.27368 -0.018927
 0.2738 -0.0186748
 0.27392 -0.0184209
 0.27404 -0.0181653
 0.27416 -0.017908
 0.27428 -0.017649
 0.2744 -0.0173883
 0.27452 -0.0171259
 0.27464 -0.0168619
 0.27476 -0.0165962
 0.27488 -0.0163288
 0.275 -0.0160597
 0.27512 -0.015789
 0.27524 -0.0155166
 0.27536 -0.0152425
 0.27548 -0.0149668
 0.2756 -0.0146894
 0.27572 -0.0144103
 0.27584 -0.0141295
 0.27596 -0.0138471
 0.27608 -0.0135629
 0.2762 -0.0132771
 0.27632 -0.0129896
 0.27644 -0.0127004
 0.27656 -0.0124095
 0.27668 -0.0121169
 0.2768 -0.0118226
 0.27692 -0.0115266
 0.27704 -0.0112291
 0.27716 -0.0109299
 0.27728 -0.0106291
 0.2774 -0.0103268
 0.27752 -0.0100229
 0.27764 -0.00971746
 0.27776 -0.0094105
 0.27788 -0.00910202
 0.278 -0.00879205
 0.27812 -0.00848059
 0.27824 -0.00816766
 0.27836 -0.00785328
 0.27848 -0.00753745
 0.2786 -0.0072202
 0.27872 -0.00690153
 0.27884 -0.00658146
 0.27896 -0.00626001
 0.27908 -0.0059372
 0.2792 -0.00561303
 0.27932 -0.00528753
 0.27944 -0.0049607
 0.27956 -0.00463256
 0.27968 -0.00430313
 0.2798 -0.00397241
 0.27992 -0.00364044
 0.28004 -0.00330719
 0.28016 -0.00297267
 0.28028 -0.00263687
 0.2804 -0.00229979
 0.28052 -0.00196144
 0.28064 -0.00162184
 0.28076 -0.00128105
 0.28088 -0.000939145
 0.281 -0.000596163
 0.28112 -0.000252113
 0.28124 9.30283e-05
 0.28136 0.000439284
 0.28148 0.000786674
 0.2816 0.00113523
 0.28172 0.00148501
 0.28184 0.00183607
 0.28196 0.00218846
 0.28208 0.00254226
 0.2822 0.00289751
 0.28232 0.00325427
 0.28244 0.00361261
 0.28256 0.0039726
 0.28268 0.00433429
 0.2828 0.00469776
 0.28292 0.00506306
 0.28304 0.00543021
 0.28316 0.00579919
 0.28328 0.00617
 0.2834 0.00654262
 0.28352 0.00691703
 0.28364 0.00729322
 0.28376 0.00767116
 0.28388 0.00805083
 0.284 0.00843223
 0.28412 0.00881533
 0.28424 0.0092001
 0.28436 0.00958654
 0.28448 0.00997462
 0.2846 0.0103643
 0.28472 0.0107556
 0.28484 0.0111485
 0.28496 0.0115428
 0.28508 0.0119387
 0.2852 0.0123359
 0.28532 0.0127345
 0.28544 0.0131345
 0.28556 0.0135357
 0.28568 0.0139382
 0.2858 0.0143418
 0.28592 0.0147465
 0.28604 0.0151524
 0.28616 0.0155592
 0.28628 0.0159671
 0.2864 0.0163759
 0.28652 0.0167855
 0.28664 0.0171961
 0.28676 0.0176073
 0.28688 0.0180194
 0.287 0.0184321
 0.28712 0.0188454
 0.28724 0.0192593
 0.28736 0.0196738
 0.28748 0.0200887
 0.2876 0.0205041
 0.28772 0.0209199
 0.28784 0.021336
 0.28796 0.0217523
 0.28808 0.0221689
 0.2882 0.0225857
 0.28832 0.0230027
 0.28844 0.0234197
 0.28856 0.0238367
 0.28868 0.0242538
 0.2888 0.0246707
 0.28892 0.0250876
 0.28904 0.0255043
 0.28916 0.0259207
 0.28928 0.0263369
 0.2894 0.0267528
 0.28952 0.0271683
 0.28964 0.0275834
 0.28976 0.0279981
 0.28988 0.0284122
 0.29 0.0288257
 0.29012 0.0292387
 0.29024 0.029651
 0.29036 0.0300625
 0.29048 0.0304733
 0.2906 0.0308833
 0.29072 0.0312924
 0.29084 0.0317006
 0.29096 0.0321078
 0.29108 0.032514
 0.2912 0.0329192
 0.29132 0.0333232
 0.29144 0.033726
 0.29156 0.0341276
 0.29168 0.0345278
 0.2918 0.0349266
 0.29192 0.0353241
 0.29204 0.03572
 0.29216 0.0361143
 0.29228 0.0365071
 0.2924 0.0368981
 0.29252 0.0372874
 0.29264 0.037675
 0.29276 0.0380607
 0.29288 0.0384444
 0.293 0.0388262
 0.29312 0.039206
 0.29324 0.0395837
 0.29336 0.0399593
 0.29348 0.0403327
 0.2936 0.0407039
 0.29372 0.0410728
 0.29384 0.0414394
 0.29396 0.0418036
 0.29408 0.0421653
 0.2942 0.0425246
 0.29432 0.0428813
 0.29444 0.0432354
 0.29456 0.0435869
 0.29468 0.0439357
 0.2948 0.0442817
 0.29492 0.0446249
 0.29504 0.0449651
 0.29516 0.0453024
 0.29528 0.0456367
 0.2954 0.0459678
 0.29552 0.0462958
 0.29564 0.0466205
 0.29576 0.046942
 0.29588 0.0472601
 0.296 0.0475748
 0.29612 0.0478861
 0.29624 0.0481941
 0.29636 0.0484985
 0.29648 0.0487996
 0.2966 0.0490972
 0.29672 0.0493914
 0.29684 0.0496821
 0.29696 0.0499693
 0.29708 0.050253
 0.2972 0.0505333
 0.29732 0.05081
 0.29744 0.0510831
 0.29756 0.0513527
 0.29768 0.0516188
 0.2978 0.0518812
 0.29792 0.0521399
 0.29804 0.052395
 0.29816 0.0526465
 0.29828 0.0528942
 0.2984 0.0531382
 0.29852 0.0533784
 0.29864 0.0536149
 0.29876 0.0538476
 0.29888 0.0540764
 0.299 0.0543014
 0.29912 0.0545225
 0.29924 0.0547396
 0.29936 0.0549527
 0.29948 0.0551618
 0.2996 0.0553668
 0.29972 0.0555677
 0.29984 0.0557644
 0.29996 0.0559569
 0.30008 0.0561452
 0.3002 0.0563292
 0.30032 0.0565089
 0.30044 0.0566841
 0.30056 0.056855
 0.30068 0.0570214
 0.3008 0.0571833
 0.30092 0.0573407
 0.30104 0.0574935
 0.30116 0.0576416
 0.30128 0.0577851
 0.3014 0.0579239
 0.30152 0.0580581
 0.30164 0.0581874
 0.30176 0.058312
 0.30188 0.0584318
 0.302 0.0585468
 0.30212 0.0586569
 0.30224 0.0587621
 0.30236 0.0588623
 0.30248 0.0589576
 0.3026 0.0590478
 0.30272 0.059133
 0.30284 0.0592132
 0.30296 0.0592882
 0.30308 0.059358
 0.3032 0.0594227
 0.30332 0.0594822
 0.30344 0.0595366
 0.30356 0.0595858
 0.30368 0.0596297
 0.3038 0.0596685
 0.30392 0.059702
 0.30404 0.0597303
 0.30416 0.0597533
 0.30428 0.059771
 0.3044 0.0597835
 0.30452 0.0597907
 0.30464 0.0597925
 0.30476 0.0597891
 0.30488 0.0597802
 0.305 0.0597659
 0.30512 0.0597463
 0.30524 0.0597211
 0.30536 0.0596905
 0.30548 0.0596544
 0.3056 0.0596128
 0.30572 0.0595656
 0.30584 0.0595128
 0.30596 0.0594544
 0.30608 0.0593904
 0.3062 0.0593208
 0.30632 0.0592454
 0.30644 0.0591644
 0.30656 0.0590776
 0.30668 0.058985
 0.3068 0.0588867
 0.30692 0.0587826
 0.30704 0.0586727
 0.30716 0.0585571
 0.30728 0.0584356
 0.3074 0.0583083
 0.30752 0.0581752
 0.30764 0.0580362
 0.30776 0.0578913
 0.30788 0.0577406
 0.308 0.057584
 0.30812 0.0574216
 0.30824 0.0572532
 0.30836 0.0570789
 0.30848 0.0568986
 0.3086 0.0567124
 0.30872 0.0565203
 0.30884 0.0563222
 0.30896 0.0561181
 0.30908 0.055908
 0.3092 0.0556918
 0.30932 0.0554695
 0.30944 0.0552411
 0.30956 0.0550066
 0.30968 0.0547659
 0.3098 0.054519
 0.30992 0.0542658
 0.31004 0.0540064
 0.31016 0.0537405
 0.31028 0.0534683
 0.3104 0.0531896
 0.31052 0.0529043
 0.31064 0.0526125
 0.31076 0.052314
 0.31088 0.0520089
 0.311 0.0516972
 0.31112 0.0513787
 0.31124 0.0510534
 0.31136 0.0507212
 0.31148 0.0503822
 0.3116 0.0500361
 0.31172 0.0496829
 0.31184 0.0493226
 0.31196 0.0489551
 0.31208 0.0485802
 0.3122 0.048198
 0.31232 0.0478084
 0.31244 0.0474113
 0.31256 0.0470067
 0.31268 0.0465944
 0.3128 0.0461745
 0.31292 0.045747
 0.31304 0.0453118
 0.31316 0.0448689
 0.31328 0.0444184
 0.3134 0.0439604
 0.31352 0.0434948
 0.31364 0.0430217
 0.31376 0.0425411
 0.31388 0.042053
 0.314 0.0415576
 0.31412 0.0410548
 0.31424 0.0405446
 0.31436 0.0400271
 0.31448 0.0395023
 0.3146 0.0389703
 0.31472 0.0384311
 0.31484 0.0378847
 0.31496 0.0373312
 0.31508 0.0367705
 0.3152 0.0362028
 0.31532 0.0356281
 0.31544 0.0350462
 0.31556 0.0344574
 0.31568 0.0338615
 0.3158 0.0332587
 0.31592 0.0326489
 0.31604 0.0320322
 0.31616 0.0314085
 0.31628 0.0307779
 0.3164 0.0301405
 0.31652 0.0294962
 0.31664 0.0288452
 0.31676 0.0281873
 0.31688 0.0275227
 0.317 0.0268514
 0.31712 0.0261733
 0.31724 0.0254886
 0.31736 0.0247973
 0.31748 0.0240994
 0.3176 0.0233948
 0.31772 0.0226838
 0.31784 0.0219663
 0.31796 0.0212423
 0.31808 0.0205118
 0.3182 0.019775
 0.31832 0.0190318
 0.31844 0.0182822
 0.31856 0.0175264
 0.31868 0.0167643
 0.3188 0.015996
 0.31892 0.0152214
 0.31904 0.0144407
 0.31916 0.0136539
 0.31928 0.012861
 0.3194 0.012062
 0.31952 0.011257
 0.31964 0.010446
 0.31976 0.00962902
 0.31988 0.00880613
 0.32 0.00797733
 0.32012 0.00714268
 0.32024 0.0063022
 0.32036 0.00545592
 0.32048 0.00460389
 0.3206 0.00374613
 0.32072 0.00288267
 0.32084 0.00201356
 0.32096 0.00113882
 0.32108 0.000258494
 0.3212 -0.000627384
 0.32132 -0.00151876
 0.32144 -0.00241557
 0.32156 -0.00331778
 0.32168 -0.00422531
 0.3218 -0.00513813
 0.32192 -0.00605618
 0.32204 -0.0069794
 0.32216 -0.00790775
 0.32228 -0.00884116
 0.3224 -0.00977958
 0.32252 -0.010723
 0.32264 -0.0116713
 0.32276 -0.0126244
 0.32288 -0.0135824
 0.323 -0.0145451
 0.32312 -0.0155125
 0.32324 -0.0164845
 0.32336 -0.0174612
 0.32348 -0.0184423
 0.3236 -0.019428
 0.32372 -0.0204181
 0.32384 -0.0214126
 0.32396 -0.0224114
 0.32408 -0.0234145
 0.3242 -0.0244218
 0.32432 -0.0254333
 0.32444 -0.0264489
 0.32456 -0.0274685
 0.32468 -0.0284922
 0.3248 -0.0295198
 0.32492 -0.0305513
 0.32504 -0.0315867
 0.32516 -0.0326258
 0.32528 -0.0336686
 0.3254 -0.034715
 0.32552 -0.035765
 0.32564 -0.0368184
 0.32576 -0.0378754
 0.32588 -0.0389357
 0.326 -0.0399993
 0.32612 -0.0410663
 0.32624 -0.0421366
 0.32636 -0.0432102
 0.32648 -0.044287
 0.3266 -0.0453671
 0.32672 -0.0464504
 0.32684 -0.0475369
 0.32696 -0.0486267
 0.32708 -0.0497197
 0.3272 -0.0508159
 0.32732 -0.0519152
 0.32744 -0.0530178
 0.32756 -0.0541234
 0.32768 -0.0552322
 0.3278 -0.0563441
 0.32792 -0.0574591
 0.32804 -0.0585771
 0.32816 -0.0596981
 0.32828 -0.0608221
 0.3284 -0.0619491
 0.32852 -0.063079
 0.32864 -0.0642118
 0.32876 -0.0653475
 0.32888 -0.066486
 0.329 -0.0676272
 0.32912 -0.0687711
 0.32924 -0.0699175
 0.32936 -0.0710663
 0.32948 -0.0722176
 0.3296 -0.0733711
 0.32972 -0.0745268
 0.32984 -0.0756847
 0.32996 -0.0768445
 0.33008 -0.0780063
 0.3302 -0.07917
 0.33032 -0.0803354
 0.33044 -0.0815025
 0.33056 -0.0826711
 0.33068 -0.0838412
 0.3308 -0.0850127
 0.33092 -0.0861854
 0.33104 -0.0873593
 0.33116 -0.0885343
 0.33128 -0.0897102
 0.3314 -0.0908871
 0.33152 -0.0920648
 0.33164 -0.0932432
 0.33176 -0.0944223
 0.33188 -0.0956019
 0.332 -0.096782
 0.33212 -0.0979624
 0.33224 -0.0991432
 0.33236 -0.100324
 0.33248 -0.101505
 0.3326 -0.102687
 0.33272 -0.103868
 0.33284 -0.105049
 0.33296 -0.10623
 0.33308 -0.10741
 0.3332 -0.108591
 0.33332 -0.10977
 0.33344 -0.11095
 0.33356 -0.112128
 0.33368 -0.113307
 0.3338 -0.114484
 0.33392 -0.11566
 0.33404 -0.116836
 0.33416 -0.118011
 0.33428 -0.119184
 0.3344 -0.120356
 0.33452 -0.121528
 0.33464 -0.122697
 0.33476 -0.123866
 0.33488 -0.125033
 0.335 -0.126198
 0.33512 -0.127361
 0.33524 -0.128523
 0.33536 -0.129683
 0.33548 -0.130841
 0.3356 -0.131997
 0.33572 -0.13315
 0.33584 -0.134302
 0.33596 -0.135451
 0.33608 -0.136597
 0.3362 -0.137741
 0.33632 -0.138883
 0.33644 -0.140022
 0.33656 -0.141158
 0.33668 -0.14229
 0.3368 -0.14342
 0.33692 -0.144547
 0.33704 -0.145671
 0.33716 -0.146792
 0.33728 -0.147909
 0.3374 -0.149022
 0.33752 -0.150133
 0.33764 -0.151239
 0.33776 -0.152342
 0.33788 -0.153441
 0.338 -0.154536
 0.33812 -0.155627
 0.33824 -0.156714
 0.33836 -0.157797
 0.33848 -0.158876
 0.3386 -0.15995
 0.33872 -0.16102
 0.33884 -0.162085
 0.33896 -0.163146
 0.33908 -0.164202
 0.3392 -0.165253
 0.33932 -0.166299
 0.33944 -0.16734
 0.33956 -0.168376
 0.33968 -0.169407
 0.3398 -0.170432
 0.33992 -0.171451
 0.34004 -0.172465
 0.34016 -0.173472
 0.34028 -0.174474
 0.3404 -0.17547
 0.34052 -0.176459
 0.34064 -0.177442
 0.34076 -0.178419
 0.34088 -0.179389
 0.341 -0.180352
 0.34112 -0.181308
 0.34124 -0.182257
 0.34136 -0.183199
 0.34148 -0.184134
 0.3416 -0.185062
 0.34172 -0.185982
 0.34184 -0.186894
 0.34196 -0.187799
 0.34208 -0.188696
 0.3422 -0.189585
 0.34232 -0.190466
 0.34244 -0.191339
 0.34256 -0.192204
 0.34268 -0.193061
 0.3428 -0.193909
 0.34292 -0.194749
 0.34304 -0.195581
 0.34316 -0.196405
 0.34328 -0.19722
 0.3434 -0.198027
 0.34352 -0.198825
 0.34364 -0.199615
 0.34376 -0.200396
 0.34388 -0.201169
 0.344 -0.201933
 0.34412 -0.202689
 0.34424 -0.203436
 0.34436 -0.204175
 0.34448 -0.204905
 0.3446 -0.205626
 0.34472 -0.206339
 0.34484 -0.207043
 0.34496 -0.207739
 0.34508 -0.208425
 0.3452 -0.209103
 0.34532 -0.209772
 0.34544 -0.210432
 0.34556 -0.211083
 0.34568 -0.211725
 0.3458 -0.212357
 0.34592 -0.21298
 0.34604 -0.213595
 0.34616 -0.214199
 0.34628 -0.214794
 0.3464 -0.21538
 0.34652 -0.215956
 0.34664 -0.216522
 0.34676 -0.217079
 0.34688 -0.217626
 0.347 -0.218163
 0.34712 -0.21869
 0.34724 -0.219207
 0.34736 -0.219714
 0.34748 -0.220211
 0.3476 -0.220698
 0.34772 -0.221175
 0.34784 -0.221642
 0.34796 -0.222098
 0.34808 -0.222545
 0.3482 -0.222981
 0.34832 -0.223406
 0.34844 -0.223822
 0.34856 -0.224226
 0.34868 -0.224621
 0.3488 -0.225005
 0.34892 -0.225378
 0.34904 -0.225741
 0.34916 -0.226093
 0.34928 -0.226434
 0.3494 -0.226765
 0.34952 -0.227085
 0.34964 -0.227394
 0.34976 -0.227692
 0.34988 -0.227979
 0.35 -0.228256
 0.35012 -0.228521
 0.35024 -0.228775
 0.35036 -0.229018
 0.35048 -0.22925
 0.3506 -0.229471
 0.35072 -0.229681
 0.35084 -0.229879
 0.35096 -0.230066
 0.35108 -0.230242
 0.3512 -0.230406
 0.35132 -0.230559
 0.35144 -0.2307
 0.35156 -0.23083
 0.35168 -0.230948
 0.3518 -0.231055
 0.35192 -0.23115
 0.35204 -0.231234
 0.35216 -0.231305
 0.35228 -0.231366
 0.3524 -0.231414
 0.35252 -0.231451
 0.35264 -0.231476
 0.35276 -0.231489
 0.35288 -0.23149
 0.353 -0.231479
 0.35312 -0.231456
 0.35324 -0.231422
 0.35336 -0.231375
 0.35348 -0.231316
 0.3536 -0.231246
 0.35372 -0.231163
 0.35384 -0.231068
 0.35396 -0.230961
 0.35408 -0.230841
 0.3542 -0.23071
 0.35432 -0.230566
 0.35444 -0.230409
 0.35456 -0.230241
 0.35468 -0.23006
 0.3548 -0.229866
 0.35492 -0.22966
 0.35504 -0.229442
 0.35516 -0.229211
 0.35528 -0.228967
 0.3554 -0.228711
 0.35552 -0.228442
 0.35564 -0.22816
 0.35576 -0.227865
 0.35588 -0.227558
 0.356 -0.227238
 0.35612 -0.226905
 0.35624 -0.226558
 0.35636 -0.226199
 0.35648 -0.225827
 0.3566 -0.225441
 0.35672 -0.225042
 0.35684 -0.22463
 0.35696 -0.224204
 0.35708 -0.223765
 0.3572 -0.223312
 0.35732 -0.222845
 0.35744 -0.222365
 0.35756 -0.22187
 0.35768 -0.221362
 0.3578 -0.22084
 0.35792 -0.220304
 0.35804 -0.219754
 0.35816 -0.21919
 0.35828 -0.218612
 0.3584 -0.21802
 0.35852 -0.217413
 0.35864 -0.216792
 0.35876 -0.216157
 0.35888 -0.215508
 0.359 -0.214844
 0.35912 -0.214166
 0.35924 -0.213474
 0.35936 -0.212768
 0.35948 -0.212048
 0.3596 -0.211314
 0.35972 -0.210566
 0.35984 -0.209803
 0.35996 -0.209027
 0.36008 -0.208237
 0.3602 -0.207434
 0.36032 -0.206616
 0.36044 -0.205785
 0.36056 -0.20494
 0.36068 -0.204081
 0.3608 -0.203209
 0.36092 -0.202324
 0.36104 -0.201425
 0.36116 -0.200512
 0.36128 -0.199586
 0.3614 -0.198647
 0.36152 -0.197695
 0.36164 -0.19673
 0.36176 -0.195752
 0.36188 -0.19476
 0.362 -0.193756
 0.36212 -0.192739
 0.36224 -0.191709
 0.36236 -0.190667
 0.36248 -0.189611
 0.3626 -0.188543
 0.36272 -0.187463
 0.36284 -0.18637
 0.36296 -0.185264
 0.36308 -0.184146
 0.3632 -0.183015
 0.36332 -0.181872
 0.36344 -0.180717
 0.36356 -0.179549
 0.36368 -0.17837
 0.3638 -0.177178
 0.36392 -0.175975
 0.36404 -0.174759
 0.36416 -0.173532
 0.36428 -0.172293
 0.3644 -0.171043
 0.36452 -0.169781
 0.36464 -0.168507
 0.36476 -0.167223
 0.36488 -0.165926
 0.365 -0.164619
 0.36512 -0.163301
 0.36524 -0.161971
 0.36536 -0.160631
 0.36548 -0.15928
 0.3656 -0.157918
 0.36572 -0.156546
 0.36584 -0.155163
 0.36596 -0.153769
 0.36608 -0.152366
 0.3662 -0.150952
 0.36632 -0.149527
 0.36644 -0.148093
 0.36656 -0.146649
 0.36668 -0.145195
 0.3668 -0.143731
 0.36692 -0.142257
 0.36704 -0.140774
 0.36716 -0.139281
 0.36728 -0.137779
 0.3674 -0.136267
 0.36752 -0.134747
 0.36764 -0.133217
 0.36776 -0.131678
 0.36788 -0.130129
 0.368 -0.128573
 0.36812 -0.127007
 0.36824 -0.125432
 0.36836 -0.123849
 0.36848 -0.122257
 0.3686 -0.120657
 0.36872 -0.119048
 0.36884 -0.117431
 0.36896 -0.115806
 0.36908 -0.114173
 0.3692 -0.112531
 0.36932 -0.110882
 0.36944 -0.109225
 0.36956 -0.10756
 0.36968 -0.105888
 0.3698 -0.104208
 0.36992 -0.10252
 0.37004 -0.100825
 0.37016 -0.0991234
 0.37028 -0.0974144
 0.3704 -0.0956985
 0.37052 -0.0939757
 0.37064 -0.0922462
 0.37076 -0.0905102
 0.37088 -0.0887676
 0.371 -0.0870188
 0.37112 -0.0852636
 0.37124 -0.0835023
 0.37136 -0.081735
 0.37148 -0.0799618
 0.3716 -0.0781827
 0.37172 -0.0763979
 0.37184 -0.0746075
 0.37196 -0.0728115
 0.37208 -0.0710101
 0.3722 -0.0692034
 0.37232 -0.0673914
 0.37244 -0.0655743
 0.37256 -0.0637521
 0.37268 -0.0619248
 0.3728 -0.0600926
 0.37292 -0.0582554
 0.37304 -0.0564134
 0.37316 -0.0545667
 0.37328 -0.0527152
 0.3734 -0.050859
 0.37352 -0.0489982
 0.37364 -0.0471328
 0.37376 -0.0452628
 0.37388 -0.0433884
 0.374 -0.0415095
 0.37412 -0.0396262
 0.37424 -0.0377386
 0.37436 -0.0358466
 0.37448 -0.0339505
 0.3746 -0.03205
 0.37472 -0.0301455
 0.37484 -0.0282369
 0.37496 -0.0263242
 0.37508 -0.0244077
 0.3752 -0.0224873
 0.37532 -0.0205632
 0.37544 -0.0186355
 0.37556 -0.0167043
 0.37568 -0.0147698
 0.3758 -0.0128321
 0.37592 -0.0108912
 0.37604 -0.0089473
 0.37616 -0.00700056
 0.37628 -0.00505107
 0.3764 -0.00309897
 0.37652 -0.00114438
 0.37664 0.000812576
 0.37676 0.00277177
 0.37688 0.00473309
 0.377 0.00669639
 0.37712 0.00866155
 0.37724 0.0106285
 0.37736 0.012597
 0.37748 0.0145672
 0.3776 0.0165388
 0.37772 0.0185118
 0.37784 0.0204861
 0.37796 0.0224617
 0.37808 0.0244383
 0.3782 0.026416
 0.37832 0.0283946
 0.37844 0.030374
 0.37856 0.0323542
 0.37868 0.034335
 0.3788 0.0363163
 0.37892 0.0382981
 0.37904 0.0402802
 0.37916 0.0422624
 0.37928 0.0442448
 0.3794 0.0462271
 0.37952 0.0482093
 0.37964 0.0501913
 0.37976 0.0521729
 0.37988 0.054154
 0.38 0.0561346
 0.38012 0.0581146
 0.38024 0.0600937
 0.38036 0.062072
 0.38048 0.0640492
 0.3806 0.0660254
 0.38072 0.0680003
 0.38084 0.0699739
 0.38096 0.0719461
 0.38108 0.0739167
 0.3812 0.0758857
 0.38132 0.0778529
 0.38144 0.0798183
 0.38156 0.0817817
 0.38168 0.083743
 0.3818 0.0857022
 0.38192 0.087659
 0.38204 0.0896135
 0.38216 0.0915656
 0.38228 0.093515
 0.3824 0.0954618
 0.38252 0.0974057
 0.38264 0.0993468
 0.38276 0.101285
 0.38288 0.10322
 0.383 0.105151
 0.38312 0.10708
 0.38324 0.109005
 0.38336 0.110926
 0.38348 0.112843
 0.3836 0.114757
 0.38372 0.116667
 0.38384 0.118573
 0.38396 0.120474
 0.38408 0.122372
 0.3842 0.124264
 0.38432 0.126153
 0.38444 0.128036
 0.38456 0.129915
 0.38468 0.131789
 0.3848 0.133657
 0.38492 0.135521
 0.38504 0.137379
 0.38516 0.139231
 0.38528 0.141078
 0.3854 0.142919
 0.38552 0.144754
 0.38564 0.146583
 0.38576 0.148406
 0.38588 0.150222
 0.386 0.152032
 0.38612 0.153835
 0.38624 0.155631
 0.38636 0.15742
 0.38648 0.159201
 0.3866 0.160976
 0.38672 0.162742
 0.38684 0.164501
 0.38696 0.166253
 0.38708 0.167996
 0.3872 0.169731
 0.38732 0.171457
 0.38744 0.173175
 0.38756 0.174884
 0.38768 0.176585
 0.3878 0.178276
 0.38792 0.179958
 0.38804 0.181631
 0.38816 0.183295
 0.38828 0.184949
 0.3884 0.186593
 0.38852 0.188228
 0.38864 0.189853
 0.38876 0.191467
 0.38888 0.193071
 0.389 0.194665
 0.38912 0.196249
 0.38924 0.197822
 0.38936 0.199385
 0.38948 0.200937
 0.3896 0.202478
 0.38972 0.204009
 0.38984 0.205528
 0.38996 0.207037
 0.39008 0.208535
 0.3902 0.210022
 0.39032 0.211498
 0.39044 0.212963
 0.39056 0.214416
 0.39068 0.215858
 0.3908 0.217289
 0.39092 0.218709
 0.39104 0.220116
 0.39116 0.221513
 0.39128 0.222897
 0.3914 0.224271
 0.39152 0.225632
 0.39164 0.226982
 0.39176 0.22832
 0.39188 0.229646
 0.392 0.230961
 0.39212 0.232264
 0.39224 0.233554
 0.39236 0.234833
 0.39248 0.2361
 0.3926 0.237355
 0.39272 0.238598
 0.39284 0.239828
 0.39296 0.241046
 0.39308 0.242252
 0.3932 0.243445
 0.39332 0.244626
 0.39344 0.245795
 0.39356 0.246951
 0.39368 0.248095
 0.3938 0.249226
 0.39392 0.250345
 0.39404 0.251452
 0.39416 0.252545
 0.39428 0.253627
 0.3944 0.254696
 0.39452 0.255752
 0.39464 0.256796
 0.39476 0.257828
 0.39488 0.258847
 0.395 0.259853
 0.39512 0.260848
 0.39524 0.261829
 0.39536 0.262798
 0.39548 0.263755
 0.3956 0.264699
 0.39572 0.265631
 0.39584 0.26655
 0.39596 0.267457
 0.39608 0.268351
 0.3962 0.269233
 0.39632 0.270103
 0.39644 0.27096
 0.39656 0.271804
 0.39668 0.272636
 0.3968 0.273456
 0.39692 0.274263
 0.39704 0.275058
 0.39716 0.275841
 0.39728 0.276611
 0.3974 0.277368
 0.39752 0.278113
 0.39764 0.278846
 0.39776 0.279566
 0.39788 0.280274
 0.398 0.280969
 0.39812 0.281652
 0.39824 0.282322
 0.39836 0.28298
 0.39848 0.283625
 0.3986 0.284257
 0.39872 0.284877
 0.39884 0.285484
 0.39896 0.286078
 0.39908 0.28666
 0.3992 0.287228
 0.39932 0.287784
 0.39944 0.288327
 0.39956 0.288857
 0.39968 0.289374
 0.3998 0.289878
 0.39992 0.290369
 0.40004 0.290846
 0.40016 0.291311
 0.40028 0.291763
 0.4004 0.292202
 0.40052 0.292628
 0.40064 0.293041
 0.40076 0.293441
 0.40088 0.293827
 0.401 0.294201
 0.40112 0.294562
 0.40124 0.294909
 0.40136 0.295243
 0.40148 0.295565
 0.4016 0.295873
 0.40172 0.296168
 0.40184 0.296449
 0.40196 0.296718
 0.40208 0.296974
 0.4022 0.297216
 0.40232 0.297445
 0.40244 0.297661
 0.40256 0.297864
 0.40268 0.298054
 0.4028 0.298231
 0.40292 0.298394
 0.40304 0.298545
 0.40316 0.298682
 0.40328 0.298806
 0.4034 0.298917
 0.40352 0.299015
 0.40364 0.2991
 0.40376 0.299171
 0.40388 0.299229
 0.404 0.299274
 0.40412 0.299306
 0.40424 0.299324
 0.40436 0.29933
 0.40448 0.299321
 0.4046 0.2993
 0.40472 0.299265
 0.40484 0.299217
 0.40496 0.299155
 0.40508 0.29908
 0.4052 0.298992
 0.40532 0.29889
 0.40544 0.298776
 0.40556 0.298648
 0.40568 0.298506
 0.4058 0.298352
 0.40592 0.298185
 0.40604 0.298004
 0.40616 0.297811
 0.40628 0.297605
 0.4064 0.297386
 0.40652 0.297154
 0.40664 0.296909
 0.40676 0.296652
 0.40688 0.296382
 0.407 0.296099
 0.40712 0.295804
 0.40724 0.295497
 0.40736 0.295177
 0.40748 0.294845
 0.4076 0.294501
 0.40772 0.294144
 0.40784 0.293775
 0.40796 0.293394
 0.40808 0.293001
 0.4082 0.292595
 0.40832 0.292177
 0.40844 0.291748
 0.40856 0.291306
 0.40868 0.290852
 0.4088 0.290387
 0.40892 0.28991
 0.40904 0.28942
 0.40916 0.28892
 0.40928 0.288407
 0.4094 0.287883
 0.40952 0.287347
 0.40964 0.2868
 0.40976 0.286242
 0.40988 0.285672
 0.41 0.285091
 0.41012 0.284499
 0.41024 0.283896
 0.41036 0.283282
 0.41048 0.282656
 0.4106 0.28202
 0.41072 0.281373
 0.41084 0.280715
 0.41096 0.280046
 0.41108 0.279366
 0.4112 0.278676
 0.41132 0.277976
 0.41144 0.277264
 0.41156 0.276543
 0.41168 0.275811
 0.4118 0.275068
 0.41192 0.274316
 0.41204 0.273553
 0.41216 0.27278
 0.41228 0.271997
 0.4124 0.271203
 0.41252 0.2704
 0.41264 0.269587
 0.41276 0.268764
 0.41288 0.267931
 0.413 0.267088
 0.41312 0.266235
 0.41324 0.265373
 0.41336 0.264501
 0.41348 0.26362
 0.4136 0.26273
 0.41372 0.26183
 0.41384 0.260921
 0.41396 0.260003
 0.41408 0.259075
 0.4142 0.258139
 0.41432 0.257194
 0.41444 0.25624
 0.41456 0.255278
 0.41468 0.254307
 0.4148 0.253328
 0.41492 0.25234
 0.41504 0.251344
 0.41516 0.25034
 0.41528 0.249328
 0.4154 0.248309
 0.41552 0.247281
 0.41564 0.246246
 0.41576 0.245203
 0.41588 0.244153
 0.416 0.243096
 0.41612 0.242031
 0.41624 0.24096
 0.41636 0.239881
 0.41648 0.238796
 0.4166 0.237705
 0.41672 0.236606
 0.41684 0.235502
 0.41696 0.234391
 0.41708 0.233274
 0.4172 0.232151
 0.41732 0.231022
 0.41744 0.229887
 0.41756 0.228747
 0.41768 0.227601
 0.4178 0.22645
 0.41792 0.225294
 0.41804 0.224133
 0.41816 0.222967
 0.41828 0.221795
 0.4184 0.22062
 0.41852 0.219439
 0.41864 0.218254
 0.41876 0.217064
 0.41888 0.21587
 0.419 0.214672
 0.41912 0.21347
 0.41924 0.212264
 0.41936 0.211054
 0.41948 0.20984
 0.4196 0.208623
 0.41972 0.207402
 0.41984 0.206177
 0.41996 0.204949
 0.42008 0.203718
 0.4202 0.202483
 0.42032 0.201246
 0.42044 0.200005
 0.42056 0.198761
 0.42068 0.197515
 0.4208 0.196266
 0.42092 0.195014
 0.42104 0.19376
 0.42116 0.192503
 0.42128 0.191244
 0.4214 0.189982
 0.42152 0.188718
 0.42164 0.187453
 0.42176 0.186185
 0.42188 0.184914
 0.422 0.183642
 0.42212 0.182369
 0.42224 0.181093
 0.42236 0.179815
 0.42248 0.178536
 0.4226 0.177256
 0.42272 0.175974
 0.42284 0.17469
 0.42296 0.173406
 0.42308 0.17212
 0.4232 0.170833
 0.42332 0.169545
 0.42344 0.168256
 0.42356 0.166966
 0.42368 0.165675
 0.4238 0.164383
 0.42392 0.163091
 0.42404 0.161798
 0.42416 0.160504
 0.42428 0.15921
 0.4244 0.157915
 0.42452 0.156619
 0.42464 0.155324
 0.42476 0.154027
 0.42488 0.152731
 0.425 0.151434
 0.42512 0.150137
 0.42524 0.14884
 0.42536 0.147543
 0.42548 0.146245
 0.4256 0.144948
 0.42572 0.143651
 0.42584 0.142353
 0.42596 0.141056
 0.42608 0.139759
 0.4262 0.138462
 0.42632 0.137166
 0.42644 0.13587
 0.42656 0.134574
 0.42668 0.133279
 0.4268 0.131984
 0.42692 0.130689
 0.42704 0.129396
 0.42716 0.128103
 0.42728 0.12681
 0.4274 0.125518
 0.42752 0.124228
 0.42764 0.122938
 0.42776 0.121649
 0.42788 0.120361
 0.428 0.119074
 0.42812 0.117788
 0.42824 0.116504
 0.42836 0.115221
 0.42848 0.11394
 0.4286 0.11266
 0.42872 0.111383
 0.42884 0.110107
 0.42896 0.108832
 0.42908 0.10756
 0.4292 0.106291
 0.42932 0.105023
 0.42944 0.103758
 0.42956 0.102495
 0.42968 0.101235
 0.4298 0.0999772
 0.42992 0.0987222
 0.43004 0.0974699
 0.43016 0.0962205
 0.43028 0.094974
 0.4304 0.0937303
 0.43052 0.0924897
 0.43064 0.0912521
 0.43076 0.0900177
 0.43088 0.0887864
 0.431 0.0875585
 0.43112 0.0863338
 0.43124 0.0851125
 0.43136 0.0838947
 0.43148 0.0826805
 0.4316 0.0814698
 0.43172 0.0802627
 0.43184 0.0790594
 0.43196 0.0778599
 0.43208 0.0766641
 0.4322 0.0754722
 0.43232 0.0742841
 0.43244 0.0730998
 0.43256 0.0719193
 0.43268 0.0707427
 0.4328 0.06957
 0.43292 0.0684012
 0.43304 0.0672362
 0.43316 0.0660752
 0.43328 0.0649182
 0.4334 0.063765
 0.43352 0.0626159
 0.43364 0.0614709
 0.43376 0.0603298
 0.43388 0.0591929
 0.434 0.0580602
 0.43412 0.0569315
 0.43424 0.0558071
 0.43436 0.054687
 0.43448 0.0535711
 0.4346 0.0524595
 0.43472 0.0513523
 0.43484 0.0502494
 0.43496 0.0491509
 0.43508 0.0480569
 0.4352 0.0469673
 0.43532 0.0458823
 0.43544 0.0448018
 0.43556 0.0437258
 0.43568 0.0426545
 0.4358 0.0415877
 0.43592 0.0405255
 0.43604 0.039468
 0.43616 0.0384152
 0.43628 0.037367
 0.4364 0.0363234
 0.43652 0.0352846
 0.43664 0.0342504
 0.43676 0.0332209
 0.43688 0.0321961
 0.437 0.031176
 0.43712 0.0301606
 0.43724 0.0291499
 0.43736 0.0281439
 0.43748 0.0271427
 0.4376 0.0261463
 0.43772 0.0251547
 0.43784 0.0241679
 0.43796 0.0231859
 0.43808 0.0222087
 0.4382 0.0212364
 0.43832 0.020269
 0.43844 0.0193065
 0.43856 0.0183489
 0.43868 0.0173962
 0.4388 0.0164484
 0.43892 0.0155055
 0.43904 0.0145675
 0.43916 0.0136345
 0.43928 0.0127063
 0.4394 0.011783
 0.43952 0.0108647
 0.43964 0.00995119
 0.43976 0.00904262
 0.43988 0.00813896
 0.44 0.0072402
 0.44012 0.00634633
 0.44024 0.00545737
 0.44036 0.0045733
 0.44048 0.00369412
 0.4406 0.00281984
 0.44072 0.00195047
 0.44084 0.00108599
 0.44096 0.000226416
 0.44108 -0.00062825
 0.4412 -0.00147801
 0.44132 -0.00232285
 0.44144 -0.00316278
 0.44156 -0.00399779
 0.44168 -0.00482788
 0.4418 -0.00565305
 0.44192 -0.00647328
 0.44204 -0.00728853
 0.44216 -0.00809878
 0.44228 -0.00890399
 0.4424 -0.00970413
 0.44252 -0.0104992
 0.44264 -0.0112891
 0.44276 -0.012074
 0.44288 -0.0128536
 0.443 -0.0136282
 0.44312 -0.0143976
 0.44324 -0.0151618
 0.44336 -0.0159209
 0.44348 -0.0166749
 0.4436 -0.0174238
 0.44372 -0.0181676
 0.44384 -0.0189063
 0.44396 -0.01964
 0.44408 -0.0203686
 0.4442 -0.0210921
 0.44432 -0.0218107
 0.44444 -0.0225242
 0.44456 -0.0232328
 0.44468 -0.0239364
 0.4448 -0.0246351
 0.44492 -0.0253288
 0.44504 -0.0260176
 0.44516 -0.0267016
 0.44528 -0.0273806
 0.4454 -0.0280549
 0.44552 -0.0287242
 0.44564 -0.0293888
 0.44576 -0.0300485
 0.44588 -0.0307035
 0.446 -0.0313537
 0.44612 -0.0319991
 0.44624 -0.0326399
 0.44636 -0.0332759
 0.44648 -0.0339072
 0.4466 -0.034534
 0.44672 -0.035156
 0.44684 -0.0357736
 0.44696 -0.0363865
 0.44708 -0.0369949
 0.4472 -0.0375989
 0.44732 -0.0381983
 0.44744 -0.0387933
 0.44756 -0.0393839
 0.44768 -0.0399701
 0.4478 -0.0405519
 0.44792 -0.0411294
 0.44804 -0.0417026
 0.44816 -0.0422714
 0.44828 -0.042836
 0.4484 -0.0433963
 0.44852 -0.0439524
 0.44864 -0.0445042
 0.44876 -0.0450519
 0.44888 -0.0455954
 0.449 -0.0461347
 0.44912 -0.0466699
 0.44924 -0.0472011
 0.44936 -0.0477282
 0.44948 -0.0482513
 0.4496 -0.0487705
 0.44972 -0.0492856
 0.44984 -0.0497969
 0.44996 -0.0503043
 0.45008 -0.0508079
 0.4502 -0.0513076
 0.45032 -0.0518035
 0.45044 -0.0522957
 0.45056 -0.0527842
 0.45068 -0.0532689
 0.4508 -0.05375
 0.45092 -0.0542274
 0.45104 -0.0547012
 0.45116 -0.0551715
 0.45128 -0.0556381
 0.4514 -0.0561013
 0.45152 -0.0565609
 0.45164 -0.057017
 0.45176 -0.0574696
 0.45188 -0.0579188
 0.452 -0.0583646
 0.45212 -0.0588069
 0.45224 -0.0592459
 0.45236 -0.0596815
 0.45248 -0.0601138
 0.4526 -0.0605427
 0.45272 -0.0609684
 0.45284 -0.0613909
 0.45296 -0.0618101
 0.45308 -0.0622262
 0.4532 -0.062639
 0.45332 -0.0630487
 0.45344 -0.0634553
 0.45356 -0.0638587
 0.45368 -0.0642591
 0.4538 -0.0646564
 0.45392 -0.0650506
 0.45404 -0.0654419
 0.45416 -0.0658301
 0.45428 -0.0662155
 0.4544 -0.0665979
 0.45452 -0.0669775
 0.45464 -0.0673542
 0.45476 -0.0677281
 0.45488 -0.0680993
 0.455 -0.0684677
 0.45512 -0.0688334
 0.45524 -0.0691964
 0.45536 -0.0695568
 0.45548 -0.0699146
 0.4556 -0.0702698
 0.45572 -0.0706224
 0.45584 -0.0709726
 0.45596 -0.0713202
 0.45608 -0.0716654
 0.4562 -0.0720082
 0.45632 -0.0723487
 0.45644 -0.0726867
 0.45656 -0.0730225
 0.45668 -0.0733561
 0.4568 -0.0736874
 0.45692 -0.0740166
 0.45704 -0.0743436
 0.45716 -0.0746685
 0.45728 -0.0749913
 0.4574 -0.0753122
 0.45752 -0.075631
 0.45764 -0.0759479
 0.45776 -0.076263
 0.45788 -0.0765762
 0.458 -0.0768877
 0.45812 -0.0771976
 0.45824 -0.0775058
 0.45836 -0.0778125
 0.45848 -0.0781177
 0.4586 -0.0784215
 0.45872 -0.0787238
 0.45884 -0.0790249
 0.45896 -0.0793246
 0.45908 -0.0796232
 0.4592 -0.0799205
 0.45932 -0.0802166
 0.45944 -0.0805116
 0.45956 -0.0808055
 0.45968 -0.0810981
 0.4598 -0.0813896
 0.45992 -0.0816798
 0.46004 -0.0819687
 0.46016 -0.0822563
 0.46028 -0.0825427
 0.4604 -0.0828276
 0.46052 -0.0831112
 0.46064 -0.0833933
 0.46076 -0.083674
 0.46088 -0.0839533
 0.461 -0.084231
 0.46112 -0.0845073
 0.46124 -0.0847819
 0.46136 -0.0850551
 0.46148 -0.0853266
 0.4616 -0.0855965
 0.46172 -0.0858648
 0.46184 -0.0861315
 0.46196 -0.0863964
 0.46208 -0.0866597
 0.4622 -0.0869211
 0.46232 -0.0871807
 0.46244 -0.0874383
 0.46256 -0.0876938
 0.46268 -0.0879473
 0.4628 -0.0881985
 0.46292 -0.0884475
 0.46304 -0.0886941
 0.46316 -0.0889383
 0.46328 -0.08918
 0.4634 -0.0894191
 0.46352 -0.0896556
 0.46364 -0.0898895
 0.46376 -0.0901206
 0.46388 -0.090349
 0.464 -0.0905746
 0.46412 -0.0907973
 0.46424 -0.0910171
 0.46436 -0.0912339
 0.46448 -0.0914477
 0.4646 -0.0916585
 0.46472 -0.0918661
 0.46484 -0.0920706
 0.46496 -0.0922718
 0.46508 -0.0924698
 0.4652 -0.0926646
 0.46532 -0.092856
 0.46544 -0.0930441
 0.46556 -0.0932289
 0.46568 -0.0934103
 0.4658 -0.0935883
 0.46592 -0.0937629
 0.46604 -0.093934
 0.46616 -0.0941016
 0.46628 -0.0942657
 0.4664 -0.0944262
 0.46652 -0.0945832
 0.46664 -0.0947365
 0.46676 -0.0948862
 0.46688 -0.0950323
 0.467 -0.0951746
 0.46712 -0.0953132
 0.46724 -0.095448
 0.46736 -0.095579
 0.46748 -0.0957062
 0.4676 -0.0958295
 0.46772 -0.095949
 0.46784 -0.0960645
 0.46796 -0.0961761
 0.46808 -0.0962838
 0.4682 -0.0963874
 0.46832 -0.0964871
 0.46844 -0.0965826
 0.46856 -0.0966742
 0.46868 -0.0967616
 0.4688 -0.0968449
 0.46892 -0.096924
 0.46904 -0.0969989
 0.46916 -0.0970695
 0.46928 -0.0971359
 0.4694 -0.097198
 0.46952 -0.0972557
 0.46964 -0.0973091
 0.46976 -0.0973581
 0.46988 -0.0974026
 0.47 -0.0974427
 0.47012 -0.0974782
 0.47024 -0.0975092
 0.47036 -0.0975357
 0.47048 -0.0975575
 0.4706 -0.0975747
 0.47072 -0.0975872
 0.47084 -0.097595
 0.47096 -0.0975981
 0.47108 -0.0975965
 0.4712 -0.09759
 0.47132 -0.0975788
 0.47144 -0.0975627
 0.47156 -0.0975417
 0.47168 -0.0975159
 0.4718 -0.0974851
 0.47192 -0.0974494
 0.47204 -0.0974088
 0.47216 -0.0973632
 0.47228 -0.0973127
 0.4724 -0.0972572
 0.47252 -0.0971968
 0.47264 -0.0971315
 0.47276 -0.0970612
 0.47288 -0.0969859
 0.473 -0.0969056
 0.47312 -0.0968203
 0.47324 -0.0967299
 0.47336 -0.0966345
 0.47348 -0.096534
 0.4736 -0.0964283
 0.47372 -0.0963174
 0.47384 -0.0962014
 0.47396 -0.0960801
 0.47408 -0.0959535
 0.4742 -0.0958218
 0.47432 -0.0956847
 0.47444 -0.0955424
 0.47456 -0.0953947
 0.47468 -0.0952418
 0.4748 -0.0950836
 0.47492 -0.09492
 0.47504 -0.0947511
 0.47516 -0.0945769
 0.47528 -0.0943974
 0.4754 -0.0942126
 0.47552 -0.0940225
 0.47564 -0.0938272
 0.47576 -0.0936266
 0.47588 -0.0934208
 0.476 -0.0932097
 0.47612 -0.0929934
 0.47624 -0.0927719
 0.47636 -0.0925452
 0.47648 -0.0923134
 0.4766 -0.0920763
 0.47672 -0.0918341
 0.47684 -0.0915867
 0.47696 -0.0913342
 0.47708 -0.0910766
 0.4772 -0.0908139
 0.47732 -0.0905461
 0.47744 -0.0902732
 0.47756 -0.0899954
 0.47768 -0.0897125
 0.4778 -0.0894246
 0.47792 -0.0891319
 0.47804 -0.0888342
 0.47816 -0.0885316
 0.47828 -0.0882242
 0.4784 -0.087912
 0.47852 -0.087595
 0.47864 -0.0872733
 0.47876 -0.0869468
 0.47888 -0.0866155
 0.479 -0.0862796
 0.47912 -0.0859389
 0.47924 -0.0855936
 0.47936 -0.0852436
 0.47948 -0.0848889
 0.4796 -0.0845295
 0.47972 -0.0841655
 0.47984 -0.0837969
 0.47996 -0.0834236
 0.48008 -0.0830457
 0.4802 -0.0826633
 0.48032 -0.0822762
 0.48044 -0.0818846
 0.48056 -0.0814884
 0.48068 -0.0810877
 0.4808 -0.0806825
 0.48092 -0.0802727
 0.48104 -0.0798585
 0.48116 -0.0794397
 0.48128 -0.0790165
 0.4814 -0.0785888
 0.48152 -0.0781567
 0.48164 -0.0777202
 0.48176 -0.0772792
 0.48188 -0.0768339
 0.482 -0.0763842
 0.48212 -0.0759301
 0.48224 -0.0754716
 0.48236 -0.0750089
 0.48248 -0.0745418
 0.4826 -0.0740704
 0.48272 -0.0735947
 0.48284 -0.0731147
 0.48296 -0.0726305
 0.48308 -0.0721421
 0.4832 -0.0716494
 0.48332 -0.0711525
 0.48344 -0.0706514
 0.48356 -0.0701461
 0.48368 -0.0696367
 0.4838 -0.0691231
 0.48392 -0.0686054
 0.48404 -0.0680835
 0.48416 -0.0675575
 0.48428 -0.0670274
 0.4844 -0.0664931
 0.48452 -0.0659546
 0.48464 -0.065412
 0.48476 -0.0648653
 0.48488 -0.0643143
 0.485 -0.0637592
 0.48512 -0.0632
 0.48524 -0.0626365
 0.48536 -0.0620689
 0.48548 -0.0614971
 0.4856 -0.0609211
 0.48572 -0.0603409
 0.48584 -0.0597565
 0.48596 -0.0591679
 0.48608 -0.0585751
 0.4862 -0.0579781
 0.48632 -0.0573769
 0.48644 -0.0567715
 0.48656 -0.0561617
 0.48668 -0.0555478
 0.4868 -0.0549295
 0.48692 -0.054307
 0.48704 -0.0536801
 0.48716 -0.053049
 0.48728 -0.0524135
 0.4874 -0.0517737
 0.48752 -0.0511295
 0.48764 -0.050481
 0.48776 -0.0498281
 0.48788 -0.0491708
 0.488 -0.048509
 0.48812 -0.0478428
 0.48824 -0.0471722
 0.48836 -0.0464971
 0.48848 -0.0458176
 0.4886 -0.0451336
 0.48872 -0.0444452
 0.48884 -0.0437524
 0.48896 -0.0430553
 0.48908 -0.0423538
 0.4892 -0.041648
 0.48932 -0.040938
 0.48944 -0.0402239
 0.48956 -0.0395058
 0.48968 -0.0387838
 0.4898 -0.0380581
 0.48992 -0.0373287
 0.49004 -0.0365959
 0.49016 -0.0358597
 0.49028 -0.0351203
 0.4904 -0.0343779
 0.49052 -0.0336324
 0.49064 -0.0328842
 0.49076 -0.0321332
 0.49088 -0.0313798
 0.491 -0.0306238
 0.49112 -0.0298656
 0.49124 -0.0291052
 0.49136 -0.0283426
 0.49148 -0.0275781
 0.4916 -0.0268117
 0.49172 -0.0260435
 0.49184 -0.0252735
 0.49196 -0.024502
 0.49208 -0.0237289
 0.4922 -0.0229546
 0.49232 -0.022179
 0.49244 -0.0214023
 0.49256 -0.0206246
 0.49268 -0.0198462
 0.4928 -0.0190671
 0.49292 -0.0182874
 0.49304 -0.0175072
 0.49316 -0.0167268
 0.49328 -0.0159463
 0.4934 -0.0151656
 0.49352 -0.0143851
 0.49364 -0.0136047
 0.49376 -0.0128247
 0.49388 -0.012045
 0.494 -0.0112659
 0.49412 -0.0104874
 0.49424 -0.00970963
 0.49436 -0.00893275
 0.49448 -0.00815685
 0.4946 -0.00738205
 0.49472 -0.00660846
 0.49484 -0.00583618
 0.49496 -0.00506535
 0.49508 -0.00429604
 0.4952 -0.00352836
 0.49532 -0.00276238
 0.49544 -0.00199821
 0.49556 -0.00123593
 0.49568 -0.00047562
 0.4958 0.000282617
 0.49592 0.0010387
 0.49604 0.00179253
 0.49616 0.00254403
 0.49628 0.00329311
 0.4964 0.00403967
 0.49652 0.00478363
 0.49664 0.00552489
 0.49676 0.00626338
 0.49688 0.00699899
 0.497 0.00773165
 0.49712 0.00846126
 0.49724 0.00918772
 0.49736 0.00991097
 0.49748 0.0106309
 0.4976 0.0113474
 0.49772 0.0120604
 0.49784 0.0127699
 0.49796 0.0134757
 0.49808 0.0141777
 0.4982 0.0148759
 0.49832 0.0155702
 0.49844 0.0162604
 0.49856 0.0169466
 0.49868 0.0176285
 0.4988 0.0183062
 0.49892 0.0189796
 0.49904 0.0196485
 0.49916 0.0203128
 0.49928 0.0209726
 0.4994 0.0216276
 0.49952 0.0222779
 0.49964 0.0229233
 0.49976 0.0235637
 0.49988 0.024199
 0.5 0.0248293
 0.50012 0.0254543
 0.50024 0.026074
 0.50036 0.0266883
 0.50048 0.0272971
 0.5006 0.0279003
 0.50072 0.0284979
 0.50084 0.0290897
 0.50096 0.0296758
 0.50108 0.0302559
 0.5012 0.03083
 0.50132 0.0313981
 0.50144 0.03196
 0.50156 0.0325157
 0.50168 0.033065
 0.5018 0.0336079
 0.50192 0.0341444
 0.50204 0.0346743
 0.50216 0.0351977
 0.50228 0.0357143
 0.5024 0.0362243
 0.50252 0.0367274
 0.50264 0.0372237
 0.50276 0.037713
 0.50288 0.0381953
 0.503 0.0386706
 0.50312 0.0391386
 0.50324 0.0395995
 0.50336 0.0400529
 0.50348 0.040499
 0.5036 0.0409376
 0.50372 0.0413686
 0.50384 0.041792
 0.50396 0.0422076
 0.50408 0.0426155
 0.5042 0.0430155
 0.50432 0.0434077
 0.50444 0.0437919
 0.50456 0.0441682
 0.50468 0.0445364
 0.5048 0.0448966
 0.50492 0.0452487
 0.50504 0.0455927
 0.50516 0.0459284
 0.50528 0.0462561
 0.5054 0.0465756
 0.50552 0.0468869
 0.50564 0.0471901
 0.50576 0.0474852
 0.50588 0.0477721
 0.506 0.0480508
 0.50612 0.0483214
 0.50624 0.0485839
 0.50636 0.0488382
 0.50648 0.0490843
 0.5066 0.0493222
 0.50672 0.049552
 0.50684 0.0497736
 0.50696 0.0499871
 0.50708 0.0501924
 0.5072 0.0503895
 0.50732 0.0505786
 0.50744 0.0507596
 0.50756 0.0509326
 0.50768 0.0510977
 0.5078 0.0512549
 0.50792 0.0514043
 0.50804 0.0515459
 0.50816 0.0516799
 0.50828 0.0518063
 0.5084 0.051925
 0.50852 0.0520362
 0.50864 0.0521399
 0.50876 0.052236
 0.50888 0.0523247
 0.509 0.052406
 0.50912 0.0524799
 0.50924 0.0525464
 0.50936 0.0526055
 0.50948 0.0526573
 0.5096 0.0527019
 0.50972 0.0527391
 0.50984 0.0527692
 0.50996 0.052792
 0.51008 0.0528077
 0.5102 0.0528163
 0.51032 0.0528177
 0.51044 0.0528121
 0.51056 0.0527994
 0.51068 0.0527797
 0.5108 0.0527531
 0.51092 0.0527195
 0.51104 0.0526789
 0.51116 0.0526315
 0.51128 0.0525773
 0.5114 0.0525162
 0.51152 0.0524484
 0.51164 0.0523738
 0.51176 0.0522926
 0.51188 0.0522046
 0.512 0.0521101
 0.51212 0.052009
 0.51224 0.0519013
 0.51236 0.0517871
 0.51248 0.0516664
 0.5126 0.0515393
 0.51272 0.0514058
 0.51284 0.051266
 0.51296 0.0511198
 0.51308 0.0509673
 0.5132 0.0508086
 0.51332 0.0506436
 0.51344 0.0504725
 0.51356 0.0502952
 0.51368 0.0501119
 0.5138 0.0499225
 0.51392 0.0497272
 0.51404 0.0495258
 0.51416 0.0493185
 0.51428 0.0491053
 0.5144 0.0488863
 0.51452 0.0486613
 0.51464 0.0484306
 0.51476 0.048194
 0.51488 0.0479517
 0.515 0.0477037
 0.51512 0.0474499
 0.51524 0.0471905
 0.51536 0.0469254
 0.51548 0.0466548
 0.5156 0.0463785
 0.51572 0.0460967
 0.51584 0.0458094
 0.51596 0.0455166
 0.51608 0.0452183
 0.5162 0.0449146
 0.51632 0.0446055
 0.51644 0.0442909
 0.51656 0.0439711
 0.51668 0.0436458
 0.5168 0.0433153
 0.51692 0.0429795
 0.51704 0.0426384
 0.51716 0.042292
 0.51728 0.0419405
 0.5174 0.0415838
 0.51752 0.0412219
 0.51764 0.0408548
 0.51776 0.0404826
 0.51788 0.0401054
 0.518 0.039723
 0.51812 0.0393356
 0.51824 0.0389431
 0.51836 0.0385457
 0.51848 0.0381433
 0.5186 0.0377359
 0.51872 0.0373238
 0.51884 0.0369069
 0.51896 0.0364852
 0.51908 0.0360588
 0.5192 0.0356279
 0.51932 0.0351926
 0.51944 0.034753
 0.51956 0.0343092
 0.51968 0.0338614
 0.5198 0.0334098
 0.51992 0.0329545
 0.52004 0.0324956
 0.52016 0.0320334
 0.52028 0.031568
 0.5204 0.0310995
 0.52052 0.0306281
 0.52064 0.0301539
 0.52076 0.0296772
 0.52088 0.0291981
 0.521 0.0287167
 0.52112 0.0282332
 0.52124 0.0277476
 0.52136 0.0272602
 0.52148 0.0267711
 0.5216 0.0262803
 0.52172 0.025788
 0.52184 0.0252943
 0.52196 0.0247992
 0.52208 0.024303
 0.5222 0.0238057
 0.52232 0.0233075
 0.52244 0.0228085
 0.52256 0.0223088
 0.52268 0.0218085
 0.5228 0.0213078
 0.52292 0.0208068
 0.52304 0.0203056
 0.52316 0.0198043
 0.52328 0.019303
 0.5234 0.0188018
 0.52352 0.018301
 0.52364 0.0178005
 0.52376 0.0173005
 0.52388 0.0168011
 0.524 0.0163024
 0.52412 0.0158045
 0.52424 0.0153076
 0.52436 0.0148118
 0.52448 0.0143171
 0.5246 0.0138237
 0.52472 0.0133318
 0.52484 0.0128413
 0.52496 0.0123525
 0.52508 0.0118654
 0.5252 0.0113801
 0.52532 0.0108968
 0.52544 0.0104155
 0.52556 0.0099363
 0.52568 0.0094593
 0.5258 0.0089846
 0.52592 0.00851227
 0.52604 0.00804243
 0.52616 0.00757515
 0.52628 0.00711053
 0.5264 0.00664866
 0.52652 0.00618964
 0.52664 0.00573355
 0.52676 0.00528048
 0.52688 0.00483054
 0.527 0.0043838
 0.52712 0.00394037
 0.52724 0.00350033
 0.52736 0.00306378
 0.52748 0.0026308
 0.5276 0.00220149
 0.52772 0.00177595
 0.52784 0.00135425
 0.52796 0.000936504
 0.52808 0.000522788
 0.5282 0.000113188
 0.52832 -0.000292214
 0.52844 -0.000693337
 0.52856 -0.0010901
 0.52868 -0.00148242
 0.5288 -0.00187021
 0.52892 -0.0022534
 0.52904 -0.0026319
 0.52916 -0.00300563
 0.52928 -0.0033745
 0.5294 -0.00373844
 0.52952 -0.00409736
 0.52964 -0.00445117
 0.52976 -0.0047998
 0.52988 -0.00514315
 0.53 -0.00548114
 0.53012 -0.0058137
 0.53024 -0.00614073
 0.53036 -0.00646215
 0.53048 -0.00677788
 0.5306 -0.00708784
 0.53072 -0.00739194
 0.53084 -0.00769011
 0.53096 -0.00798227
 0.53108 -0.00826834
 0.5312 -0.00854823
 0.53132 -0.00882187
 0.53144 -0.00908918
 0.53156 -0.00935008
 0.53168 -0.00960448
 0.5318 -0.00985232
 0.53192 -0.0100935
 0.53204 -0.010328
 0.53216 -0.0105558
 0.53228 -0.0107767
 0.5324 -0.0109908
 0.53252 -0.0111979
 0.53264 -0.0113981
 0.53276 -0.0115911
 0.53288 -0.011777
 0.533 -0.0119557
 0.53312 -0.0121272
 0.53324 -0.0122913
 0.53336 -0.012448
 0.53348 -0.0125972
 0.5336 -0.0127389
 0.53372 -0.0128731
 0.53384 -0.0129995
 0.53396 -0.0131183
 0.53408 -0.0132292
 0.5342 -0.0133324
 0.53432 -0.0134277
 0.53444 -0.0135151
 0.53456 -0.0135946
 0.53468 -0.0136661
 0.5348 -0.0137296
 0.53492 -0.013785
 0.53504 -0.0138323
 0.53516 -0.0138715
 0.53528 -0.0139026
 0.5354 -0.0139257
 0.53552 -0.0139406
 0.53564 -0.0139475
 0.53576 -0.0139464
 0.53588 -0.0139372
 0.536 -0.0139199
 0.53612 -0.0138946
 0.53624 -0.0138612
 0.53636 -0.0138197
 0.53648 -0.0137702
 0.5366 -0.0137126
 0.53672 -0.0136469
 0.53684 -0.0135732
 0.53696 -0.0134914
 0.53708 -0.0134015
 0.5372 -0.0133035
 0.53732 -0.0131976
 0.53744 -0.0130838
 0.53756 -0.0129621
 0.53768 -0.0128327
 0.5378 -0.0126955
 0.53792 -0.0125508
 0.53804 -0.0123987
 0.53816 -0.0122392
 0.53828 -0.0120724
 0.5384 -0.0118984
 0.53852 -0.0117171
 0.53864 -0.0115286
 0.53876 -0.011333
 0.53888 -0.0111304
 0.539 -0.0109206
 0.53912 -0.0107039
 0.53924 -0.0104803
 0.53936 -0.0102498
 0.53948 -0.0100124
 0.5396 -0.00976819
 0.53972 -0.00951725
 0.53984 -0.00925959
 0.53996 -0.00899527
 0.54008 -0.00872432
 0.5402 -0.00844681
 0.54032 -0.00816278
 0.54044 -0.00787226
 0.54056 -0.00757532
 0.54068 -0.00727199
 0.5408 -0.00696232
 0.54092 -0.00664636
 0.54104 -0.00632417
 0.54116 -0.00599578
 0.54128 -0.00566125
 0.5414 -0.00532064
 0.54152 -0.004974
 0.54164 -0.00462138
 0.54176 -0.00426285
 0.54188 -0.00389846
 0.542 -0.00352828
 0.54212 -0.00315235
 0.54224 -0.00277073
 0.54236 -0.00238349
 0.54248 -0.00199068
 0.5426 -0.00159235
 0.54272 -0.00118858
 0.54284 -0.000779398
 0.54296 -0.000364881
 0.54308 5.49205e-05
 0.5432 0.000479952
 0.54332 0.000910156
 0.54344 0.00134547
 0.54356 0.00178584
 0.54368 0.00223119
 0.5438 0.00268147
 0.54392 0.00313662
 0.54404 0.00359658
 0.54416 0.00406129
 0.54428 0.0045307
 0.5444 0.00500474
 0.54452 0.00548336
 0.54464 0.00596651
 0.54476 0.00645411
 0.54488 0.00694612
 0.545 0.00744248
 0.54512 0.00794313
 0.54524 0.008448
 0.54536 0.00895706
 0.54548 0.00947022
 0.5456 0.00998745
 0.54572 0.0105087
 0.54584 0.0110338
 0.54596 0.0115629
 0.54608 0.0120958
 0.5462 0.0126324
 0.54632 0.0131728
 0.54644 0.0137169
 0.54656 0.0142646
 0.54668 0.0148159
 0.5468 0.0153707
 0.54692 0.015929
 0.54704 0.0164908
 0.54716 0.0170558
 0.54728 0.0176243
 0.5474 0.018196
 0.54752 0.0187709
 0.54764 0.0193491
 0.54776 0.0199304
 0.54788 0.0205149
 0.548 0.0211024
 0.54812 0.021693
 0.54824 0.0222867
 0.54836 0.0228832
 0.54848 0.0234827
 0.5486 0.0240851
 0.54872 0.0246902
 0.54884 0.025298
 0.54896 0.0259085
 0.54908 0.0265216
 0.5492 0.0271372
 0.54932 0.0277552
 0.54944 0.0283753
 0.54956 0.0289977
 0.54968 0.029622
 0.5498 0.0302483
 0.54992 0.0308763
 0.55004 0.031506
 0.55016 0.0321373
 0.55028 0.0327699
 0.5504 0.0334039
 0.55052 0.034039
 0.55064 0.0346751
 0.55076 0.0353121
 0.55088 0.0359499
 0.551 0.0365882
 0.55112 0.037227
 0.55124 0.0378661
 0.55136 0.0385054
 0.55148 0.0391447
 0.5516 0.0397838
 0.55172 0.0404227
 0.55184 0.0410613
 0.55196 0.0416993
 0.55208 0.0423367
 0.5522 0.0429733
 0.55232 0.0436089
 0.55244 0.0442435
 0.55256 0.0448769
 0.55268 0.0455091
 0.5528 0.0461398
 0.55292 0.0467689
 0.55304 0.0473964
 0.55316 0.048022
 0.55328 0.0486458
 0.5534 0.0492675
 0.55352 0.0498871
 0.55364 0.0505043
 0.55376 0.0511192
 0.55388 0.0517315
 0.554 0.0523412
 0.55412 0.0529481
 0.55424 0.0535521
 0.55436 0.0541531
 0.55448 0.0547509
 0.5546 0.0553455
 0.55472 0.0559367
 0.55484 0.0565243
 0.55496 0.0571084
 0.55508 0.0576886
 0.5552 0.058265
 0.55532 0.0588374
 0.55544 0.0594058
 0.55556 0.05997
 0.55568 0.0605299
 0.5558 0.0610855
 0.55592 0.0616366
 0.55604 0.0621832
 0.55616 0.0627252
 0.55628 0.0632624
 0.5564 0.0637948
 0.55652 0.0643223
 0.55664 0.0648448
 0.55676 0.0653622
 0.55688 0.0658744
 0.557 0.0663813
 0.55712 0.0668829
 0.55724 0.067379
 0.55736 0.0678695
 0.55748 0.0683544
 0.5576 0.0688335
 0.55772 0.0693068
 0.55784 0.0697742
 0.55796 0.0702355
 0.55808 0.0706907
 0.5582 0.0711398
 0.55832 0.0715826
 0.55844 0.072019
 0.55856 0.072449
 0.55868 0.0728725
 0.5588 0.0732894
 0.55892 0.0736997
 0.55904 0.0741033
 0.55916 0.0745
 0.55928 0.0748898
 0.5594 0.0752727
 0.55952 0.0756485
 0.55964 0.0760172
 0.55976 0.0763786
 0.55988 0.0767327
 0.56 0.0770794
 0.56012 0.0774187
 0.56024 0.0777503
 0.56036 0.0780743
 0.56048 0.0783906
 0.5606 0.078699
 0.56072 0.0789996
 0.56084 0.0792922
 0.56096 0.0795767
 0.56108 0.0798532
 0.5612 0.0801215
 0.56132 0.0803815
 0.56144 0.0806332
 0.56156 0.0808765
 0.56168 0.0811113
 0.5618 0.0813376
 0.56192 0.0815554
 0.56204 0.0817645
 0.56216 0.081965
 0.56228 0.0821569
 0.5624 0.08234
 0.56252 0.0825144
 0.56264 0.0826799
 0.56276 0.0828367
 0.56288 0.0829846
 0.563 0.0831236
 0.56312 0.0832538
 0.56324 0.083375
 0.56336 0.0834873
 0.56348 0.0835906
 0.5636 0.0836849
 0.56372 0.0837702
 0.56384 0.0838465
 0.56396 0.0839137
 0.56408 0.0839718
 0.5642 0.0840208
 0.56432 0.0840607
 0.56444 0.0840916
 0.56456 0.0841133
 0.56468 0.0841258
 0.5648 0.0841292
 0.56492 0.0841234
 0.56504 0.0841085
 0.56516 0.0840843
 0.56528 0.084051
 0.5654 0.0840085
 0.56552 0.0839569
 0.56564 0.0838961
 0.56576 0.0838261
 0.56588 0.083747
 0.566 0.0836587
 0.56612 0.0835612
 0.56624 0.0834546
 0.56636 0.0833388
 0.56648 0.0832138
 0.5666 0.0830796
 0.56672 0.0829363
 0.56684 0.0827837
 0.56696 0.082622
 0.56708 0.0824511
 0.5672 0.082271
 0.56732 0.0820818
 0.56744 0.0818835
 0.56756 0.0816762
 0.56768 0.0814598
 0.5678 0.0812346
 0.56792 0.0810005
 0.56804 0.0807577
 0.56816 0.0805061
 0.56828 0.0802459
 0.5684 0.0799769
 0.56852 0.0796994
 0.56864 0.0794132
 0.56876 0.0791185
 0.56888 0.0788153
 0.569 0.0785035
 0.56912 0.0781833
 0.56924 0.0778546
 0.56936 0.0775174
 0.56948 0.0771719
 0.5696 0.076818
 0.56972 0.0764558
 0.56984 0.0760853
 0.56996 0.0757065
 0.57008 0.0753195
 0.5702 0.0749242
 0.57032 0.0745208
 0.57044 0.0741093
 0.57056 0.0736896
 0.57068 0.0732619
 0.5708 0.0728262
 0.57092 0.0723824
 0.57104 0.0719307
 0.57116 0.0714711
 0.57128 0.0710035
 0.5714 0.0705281
 0.57152 0.0700448
 0.57164 0.0695538
 0.57176 0.069055
 0.57188 0.0685486
 0.572 0.0680344
 0.57212 0.0675126
 0.57224 0.0669833
 0.57236 0.0664464
 0.57248 0.0659021
 0.5726 0.0653502
 0.57272 0.064791
 0.57284 0.0642244
 0.57296 0.0636505
 0.57308 0.0630692
 0.5732 0.0624808
 0.57332 0.0618852
 0.57344 0.0612824
 0.57356 0.0606725
 0.57368 0.0600556
 0.5738 0.0594316
 0.57392 0.0588007
 0.57404 0.0581629
 0.57416 0.0575183
 0.57428 0.0568668
 0.5744 0.0562086
 0.57452 0.0555436
 0.57464 0.0548719
 0.57476 0.0541937
 0.57488 0.0535088
 0.575 0.0528174
 0.57512 0.0521196
 0.57524 0.0514153
 0.57536 0.0507045
 0.57548 0.0499875
 0.5756 0.0492641
 0.57572 0.0485345
 0.57584 0.0477987
 0.57596 0.0470568
 0.57608 0.0463086
 0.5762 0.0455544
 0.57632 0.0447941
 0.57644 0.0440277
 0.57656 0.0432553
 0.57668 0.0424769
 0.5768 0.0416924
 0.57692 0.040902
 0.57704 0.0401056
 0.57716 0.0393033
 0.57728 0.038495
 0.5774 0.0376809
 0.57752 0.0368608
 0.57764 0.0360348
 0.57776 0.0352029
 0.57788 0.0343651
 0.578 0.0335214
 0.57812 0.0326717
 0.57824 0.0318162
 0.57836 0.0309547
 0.57848 0.0300874
 0.5786 0.0292142
 0.57872 0.0283353
 0.57884 0.0274505
 0.57896 0.0265599
 0.57908 0.0256635
 0.5792 0.0247614
 0.57932 0.0238536
 0.57944 0.0229402
 0.57956 0.0220211
 0.57968 0.0210964
 0.5798 0.0201662
 0.57992 0.0192304
 0.58004 0.0182891
 0.58016 0.0173423
 0.58028 0.0163901
 0.5804 0.0154325
 0.58052 0.0144696
 0.58064 0.0135013
 0.58076 0.0125279
 0.58088 0.0115492
 0.581 0.0105655
 0.58112 0.00957685
 0.58124 0.00858339
 0.58136 0.0075853
 0.58148 0.00658272
 0.5816 0.00557581
 0.58172 0.00456472
 0.58184 0.00354958
 0.58196 0.00253056
 0.58208 0.00150779
 0.5822 0.00048145
 0.58232 -0.000548326
 0.58244 -0.00158139
 0.58256 -0.00261759
 0.58268 -0.0036568
 0.5828 -0.00469888
 0.58292 -0.00574367
 0.58304 -0.00679104
 0.58316 -0.00784086
 0.58328 -0.00889297
 0.5834 -0.00994724
 0.58352 -0.0110035
 0.58364 -0.0120617
 0.58376 -0.0131215
 0.58388 -0.0141829
 0.584 -0.0152458
 0.58412 -0.0163099
 0.58424 -0.0173751
 0.58436 -0.0184414
 0.58448 -0.0195084
 0.5846 -0.0205761
 0.58472 -0.0216444
 0.58484 -0.022713
 0.58496 -0.0237818
 0.58508 -0.0248507
 0.5852 -0.0259194
 0.58532 -0.026988
 0.58544 -0.0280561
 0.58556 -0.0291237
 0.58568 -0.0301906
 0.5858 -0.0312567
 0.58592 -0.0323218
 0.58604 -0.0333859
 0.58616 -0.0344489
 0.58628 -0.0355105
 0.5864 -0.0365707
 0.58652 -0.0376294
 0.58664 -0.0386864
 0.58676 -0.0397416
 0.58688 -0.0407949
 0.587 -0.0418462
 0.58712 -0.0428954
 0.58724 -0.0439423
 0.58736 -0.0449867
 0.58748 -0.0460287
 0.5876 -0.047068
 0.58772 -0.0481046
 0.58784 -0.0491383
 0.58796 -0.050169
 0.58808 -0.0511965
 0.5882 -0.0522209
 0.58832 -0.0532419
 0.58844 -0.0542594
 0.58856 -0.0552734
 0.58868 -0.0562837
 0.5888 -0.0572902
 0.58892 -0.0582928
 0.58904 -0.0592914
 0.58916 -0.0602858
 0.58928 -0.061276
 0.5894 -0.0622619
 0.58952 -0.0632432
 0.58964 -0.06422
 0.58976 -0.065192
 0.58988 -0.0661591
 0.59 -0.0671213
 0.59012 -0.0680784
 0.59024 -0.0690302
 0.59036 -0.0699767
 0.59048 -0.0709177
 0.5906 -0.0718531
 0.59072 -0.0727828
 0.59084 -0.0737068
 0.59096 -0.0746248
 0.59108 -0.0755368
 0.5912 -0.0764428
 0.59132 -0.0773424
 0.59144 -0.0782358
 0.59156 -0.0791227
 0.59168 -0.0800031
 0.5918 -0.0808769
 0.59192 -0.0817441
 0.59204 -0.0826045
 0.59216 -0.0834581
 0.59228 -0.0843048
 0.5924 -0.0851447
 0.59252 -0.0859775
 0.59264 -0.0868034
 0.59276 -0.0876221
 0.59288 -0.0884338
 0.593 -0.0892384
 0.59312 -0.0900358
 0.59324 -0.090826
 0.59336 -0.0916089
 0.59348 -0.0923846
 0.5936 -0.093153
 0.59372 -0.093914
 0.59384 -0.0946676
 0.59396 -0.0954138
 0.59408 -0.0961525
 0.5942 -0.0968838
 0.59432 -0.0976077
 0.59444 -0.098324
 0.59456 -0.0990327
 0.59468 -0.099734
 0.5948 -0.100428
 0.59492 -0.101114
 0.59504 -0.101792
 0.59516 -0.102462
 0.59528 -0.103125
 0.5954 -0.10378
 0.59552 -0.104428
 0.59564 -0.105067
 0.59576 -0.105698
 0.59588 -0.106322
 0.596 -0.106937
 0.59612 -0.107544
 0.59624 -0.108143
 0.59636 -0.108734
 0.59648 -0.109316
 0.5966 -0.10989
 0.59672 -0.110456
 0.59684 -0.111014
 0.59696 -0.111562
 0.59708 -0.112103
 0.5972 -0.112635
 0.59732 -0.113158
 0.59744 -0.113672
 0.59756 -0.114178
 0.59768 -0.114675
 0.5978 -0.115163
 0.59792 -0.115643
 0.59804 -0.116114
 0.59816 -0.116576
 0.59828 -0.117029
 0.5984 -0.117473
 0.59852 -0.117908
 0.59864 -0.118334
 0.59876 -0.118751
 0.59888 -0.119159
 0.599 -0.119558
 0.59912 -0.119947
 0.59924 -0.120328
 0.59936 -0.120699
 0.59948 -0.121061
 0.5996 -0.121413
 0.59972 -0.121757
 0.59984 -0.12209
 0.59996 -0.122415
 0.60008 -0.12273
 0.6002 -0.123035
 0.60032 -0.123331
 0.60044 -0.123617
 0.60056 -0.123894
 0.60068 -0.124162
 0.6008 -0.124419
 0.60092 -0.124668
 0.60104 -0.124906
 0.60116 -0.125135
 0.60128 -0.125354
 0.6014 -0.125564
 0.60152 -0.125764
 0.60164 -0.125954
 0.60176 -0.126134
 0.60188 -0.126305
 0.602 -0.126466
 0.60212 -0.126617
 0.60224 -0.126758
 0.60236 -0.126889
 0.60248 -0.127011
 0.6026 -0.127122
 0.60272 -0.127224
 0.60284 -0.127315
 0.60296 -0.127397
 0.60308 -0.127469
 0.6032 -0.12753
 0.60332 -0.127582
 0.60344 -0.127624
 0.60356 -0.127656
 0.60368 -0.127678
 0.6038 -0.12769
 0.60392 -0.127691
 0.60404 -0.127683
 0.60416 -0.127665
 0.60428 -0.127637
 0.6044 -0.127599
 0.60452 -0.127551
 0.60464 -0.127493
 0.60476 -0.127425
 0.60488 -0.127348
 0.605 -0.12726
 0.60512 -0.127162
 0.60524 -0.127054
 0.60536 -0.126936
 0.60548 -0.126808
 0.6056 -0.12667
 0.60572 -0.126522
 0.60584 -0.126364
 0.60596 -0.126196
 0.60608 -0.126018
 0.6062 -0.12583
 0.60632 -0.125632
 0.60644 -0.125424
 0.60656 -0.125205
 0.60668 -0.124977
 0.6068 -0.124738
 0.60692 -0.124488
 0.60704 -0.124229
 0.60716 -0.123958
 0.60728 -0.123678
 0.6074 -0.123387
 0.60752 -0.123085
 0.60764 -0.122772
 0.60776 -0.122449
 0.60788 -0.122115
 0.608 -0.12177
 0.60812 -0.121414
 0.60824 -0.121047
 0.60836 -0.12067
 0.60848 -0.120281
 0.6086 -0.119881
 0.60872 -0.119469
 0.60884 -0.119047
 0.60896 -0.118613
 0.60908 -0.118168
 0.6092 -0.117711
 0.60932 -0.117243
 0.60944 -0.116763
 0.60956 -0.116272
 0.60968 -0.115769
 0.6098 -0.115254
 0.60992 -0.114727
 0.61004 -0.114188
 0.61016 -0.113637
 0.61028 -0.113075
 0.6104 -0.112499
 0.61052 -0.111912
 0.61064 -0.111312
 0.61076 -0.1107
 0.61088 -0.110076
 0.611 -0.109439
 0.61112 -0.108789
 0.61124 -0.108128
 0.61136 -0.107454
 0.61148 -0.106768
 0.6116 -0.106069
 0.61172 -0.105359
 0.61184 -0.104637
 0.61196 -0.103904
 0.61208 -0.103158
 0.6122 -0.102401
 0.61232 -0.101633
 0.61244 -0.100853
 0.61256 -0.100062
 0.61268 -0.0992603
 0.6128 -0.0984472
 0.61292 -0.0976232
 0.61304 -0.0967883
 0.61316 -0.0959427
 0.61328 -0.0950864
 0.6134 -0.0942197
 0.61352 -0.0933425
 0.61364 -0.0924551
 0.61376 -0.0915575
 0.61388 -0.0906499
 0.614 -0.0897325
 0.61412 -0.0888053
 0.61424 -0.0878685
 0.61436 -0.0869222
 0.61448 -0.0859665
 0.6146 -0.0850016
 0.61472 -0.0840276
 0.61484 -0.0830447
 0.61496 -0.082053
 0.61508 -0.0810526
 0.6152 -0.0800437
 0.61532 -0.0790265
 0.61544 -0.0780012
 0.61556 -0.0769678
 0.61568 -0.0759266
 0.6158 -0.0748777
 0.61592 -0.0738213
 0.61604 -0.0727574
 0.61616 -0.0716862
 0.61628 -0.0706078
 0.6164 -0.0695224
 0.61652 -0.06843
 0.61664 -0.0673309
 0.61676 -0.0662251
 0.61688 -0.0651128
 0.617 -0.0639941
 0.61712 -0.0628691
 0.61724 -0.061738
 0.61736 -0.0606009
 0.61748 -0.0594579
 0.6176 -0.0583092
 0.61772 -0.0571548
 0.61784 -0.055995
 0.61796 -0.0548298
 0.61808 -0.0536594
 0.6182 -0.0524839
 0.61832 -0.0513034
 0.61844 -0.0501181
 0.61856 -0.048928
 0.61868 -0.0477334
 0.6188 -0.0465343
 0.61892 -0.0453309
 0.61904 -0.0441232
 0.61916 -0.0429115
 0.61928 -0.0416958
 0.6194 -0.0404764
 0.61952 -0.0392532
 0.61964 -0.0380265
 0.61976 -0.0367964
 0.61988 -0.0355631
 0.62 -0.0343266
 0.62012 -0.0330871
 0.62024 -0.0318447
 0.62036 -0.0305996
 0.62048 -0.029352
 0.6206 -0.0281018
 0.62072 -0.0268494
 0.62084 -0.0255948
 0.62096 -0.0243381
 0.62108 -0.0230794
 0.6212 -0.021819
 0.62132 -0.0205569
 0.62144 -0.0192933
 0.62156 -0.0180283
 0.62168 -0.0167621
 0.6218 -0.0154947
 0.62192 -0.0142263
 0.62204 -0.012957
 0.62216 -0.0116869
 0.62228 -0.0104161
 0.6224 -0.00914477
 0.62252 -0.00787296
 0.62264 -0.00660079
 0.62276 -0.00532836
 0.62288 -0.00405577
 0.623 -0.00278313
 0.62312 -0.00151054
 0.62324 -0.000238101
 0.62336 0.00103407
 0.62348 0.00230586
 0.6236 0.00357718
 0.62372 0.00484792
 0.62384 0.00611797
 0.62396 0.00738722
 0.62408 0.0086556
 0.6242 0.00992299
 0.62432 0.0111893
 0.62444 0.0124545
 0.62456 0.0137183
 0.62468 0.0149808
 0.6248 0.0162418
 0.62492 0.0175013
 0.62504 0.018759
 0.62516 0.020015
 0.62528 0.021269
 0.6254 0.0225209
 0.62552 0.0237706
 0.62564 0.0250179
 0.62576 0.0262628
 0.62588 0.027505
 0.626 0.0287444
 0.62612 0.0299809
 0.62624 0.0312143
 0.62636 0.0324445
 0.62648 0.0336714
 0.6266 0.0348948
 0.62672 0.0361146
 0.62684 0.0373307
 0.62696 0.0385429
 0.62708 0.039751
 0.6272 0.0409549
 0.62732 0.0421546
 0.62744 0.0433498
 0.62756 0.0445404
 0.62768 0.0457264
 0.6278 0.0469074
 0.62792 0.0480836
 0.62804 0.0492546
 0.62816 0.0504203
 0.62828 0.0515807
 0.6284 0.0527356
 0.62852 0.0538848
 0.62864 0.0550282
 0.62876 0.0561658
 0.62888 0.0572973
 0.629 0.0584227
 0.62912 0.0595417
 0.62924 0.0606543
 0.62936 0.0617603
 0.62948 0.0628596
 0.6296 0.0639522
 0.62972 0.0650377
 0.62984 0.0661162
 0.62996 0.0671875
 0.63008 0.0682516
 0.6302 0.0693082
 0.63032 0.0703574
 0.63044 0.071399
 0.63056 0.0724329
 0.63068 0.073459
 0.6308 0.0744773
 0.63092 0.0754876
 0.63104 0.0764899
 0.63116 0.077484
 0.63128 0.0784699
 0.6314 0.0794474
 0.63152 0.0804165
 0.63164 0.081377
 0.63176 0.0823288
 0.63188 0.0832718
 0.632 0.0842059
 0.63212 0.0851311
 0.63224 0.0860471
 0.63236 0.0869539
 0.63248 0.0878514
 0.6326 0.0887395
 0.63272 0.0896181
 0.63284 0.090487
 0.63296 0.0913462
 0.63308 0.0921956
 0.6332 0.0930352
 0.63332 0.0938648
 0.63344 0.0946843
 0.63356 0.0954938
 0.63368 0.0962931
 0.6338 0.0970822
 0.63392 0.097861
 0.63404 0.0986293
 0.63416 0.0993872
 0.63428 0.100135
 0.6344 0.100871
 0.63452 0.101597
 0.63464 0.102313
 0.63476 0.103017
 0.63488 0.10371
 0.635 0.104393
 0.63512 0.105064
 0.63524 0.105724
 0.63536 0.106373
 0.63548 0.10701
 0.6356 0.107636
 0.63572 0.108251
 0.63584 0.108854
 0.63596 0.109445
 0.63608 0.110025
 0.6362 0.110593
 0.63632 0.111149
 0.63644 0.111693
 0.63656 0.112224
 0.63668 0.112744
 0.6368 0.113251
 0.63692 0.113746
 0.63704 0.114229
 0.63716 0.114699
 0.63728 0.115156
 0.6374 0.1156
 0.63752 0.116031
 0.63764 0.116449
 0.63776 0.116854
 0.63788 0.117246
 0.638 0.117624
 0.63812 0.117989
 0.63824 0.118339
 0.63836 0.118676
 0.63848 0.118999
 0.6386 0.119308
 0.63872 0.119603
 0.63884 0.119883
 0.63896 0.120149
 0.63908 0.120401
 0.6392 0.120638
 0.63932 0.12086
 0.63944 0.121066
 0.63956 0.121258
 0.63968 0.121435
 0.6398 0.121596
 0.63992 0.121742
 0.64004 0.121872
 0.64016 0.121986
 0.64028 0.122085
 0.6404 0.122167
 0.64052 0.122233
 0.64064 0.122282
 0.64076 0.122315
 0.64088 0.122331
 0.641 0.12233
 0.64112 0.122313
 0.64124 0.122279
 0.64136 0.122228
 0.64148 0.12216
 0.6416 0.122075
 0.64172 0.121973
 0.64184 0.121854
 0.64196 0.121719
 0.64208 0.121566
 0.6422 0.121397
 0.64232 0.121211
 0.64244 0.121007
 0.64256 0.120787
 0.64268 0.120551
 0.6428 0.120297
 0.64292 0.120027
 0.64304 0.119739
 0.64316 0.119435
 0.64328 0.119115
 0.6434 0.118777
 0.64352 0.118423
 0.64364 0.118052
 0.64376 0.117664
 0.64388 0.11726
 0.644 0.116839
 0.64412 0.116402
 0.64424 0.115949
 0.64436 0.115479
 0.64448 0.114993
 0.6446 0.11449
 0.64472 0.113972
 0.64484 0.113437
 0.64496 0.112886
 0.64508 0.112319
 0.6452 0.111737
 0.64532 0.111138
 0.64544 0.110524
 0.64556 0.109894
 0.64568 0.109248
 0.6458 0.108588
 0.64592 0.107911
 0.64604 0.10722
 0.64616 0.106513
 0.64628 0.105791
 0.6464 0.105055
 0.64652 0.104303
 0.64664 0.103536
 0.64676 0.102755
 0.64688 0.101958
 0.647 0.101148
 0.64712 0.100322
 0.64724 0.0994824
 0.64736 0.0986281
 0.64748 0.0977595
 0.6476 0.0968766
 0.64772 0.0959796
 0.64784 0.0950685
 0.64796 0.0941434
 0.64808 0.0932044
 0.6482 0.0922515
 0.64832 0.0912848
 0.64844 0.0903045
 0.64856 0.0893105
 0.64868 0.088303
 0.6488 0.0872821
 0.64892 0.0862478
 0.64904 0.0852001
 0.64916 0.0841393
 0.64928 0.0830654
 0.6494 0.0819784
 0.64952 0.0808784
 0.64964 0.0797655
 0.64976 0.0786398
 0.64988 0.0775014
 0.65 0.0763504
 0.65012 0.0751867
 0.65024 0.0740107
 0.65036 0.0728222
 0.65048 0.0716214
 0.6506 0.0704084
 0.65072 0.0691833
 0.65084 0.0679462
 0.65096 0.0666971
 0.65108 0.0654363
 0.6512 0.0641637
 0.65132 0.0628795
 0.65144 0.0615839
 0.65156 0.0602771
 0.65168 0.058959
 0.6518 0.05763
 0.65192 0.05629
 0.65204 0.0549392
 0.65216 0.0535779
 0.65228 0.052206
 0.6524 0.0508237
 0.65252 0.0494313
 0.65264 0.0480287
 0.65276 0.0466163
 0.65288 0.0451941
 0.653 0.0437622
 0.65312 0.042321
 0.65324 0.0408705
 0.65336 0.0394109
 0.65348 0.0379425
 0.6536 0.0364653
 0.65372 0.0349795
 0.65384 0.0334854
 0.65396 0.0319831
 0.65408 0.0304728
 0.6542 0.0289546
 0.65432 0.0274287
 0.65444 0.0258953
 0.65456 0.0243545
 0.65468 0.0228066
 0.6548 0.0212517
 0.65492 0.01969
 0.65504 0.0181217
 0.65516 0.0165468
 0.65528 0.0149657
 0.6554 0.0133786
 0.65552 0.0117856
 0.65564 0.0101869
 0.65576 0.00858269
 0.65588 0.00697324
 0.656 0.0053587
 0.65612 0.00373926
 0.65624 0.00211514
 0.65636 0.000486511
 0.65648 -0.00114642
 0.6566 -0.00278345
 0.65672 -0.0044244
 0.65684 -0.00606905
 0.65696 -0.00771723
 0.65708 -0.00936873
 0.6572 -0.0110234
 0.65732 -0.0126809
 0.65744 -0.0143412
 0.65756 -0.016004
 0.65768 -0.0176692
 0.6578 -0.0193366
 0.65792 -0.0210059
 0.65804 -0.022677
 0.65816 -0.0243497
 0.65828 -0.0260237
 0.6584 -0.027699
 0.65852 -0.0293753
 0.65864 -0.0310524
 0.65876 -0.0327301
 0.65888 -0.0344082
 0.659 -0.0360866
 0.65912 -0.0377651
 0.65924 -0.0394433
 0.65936 -0.0411213
 0.65948 -0.0427988
 0.6596 -0.0444755
 0.65972 -0.0461514
 0.65984 -0.0478262
 0.65996 -0.0494998
 0.66008 -0.0511721
 0.6602 -0.0528427
 0.66032 -0.0545116
 0.66044 -0.0561787
 0.66056 -0.0578437
 0.66068 -0.0595065
 0.6608 -0.0611669
 0.66092 -0.0628248
 0.66104 -0.0644801
 0.66116 -0.0661324
 0.66128 -0.0677818
 0.6614 -0.069428
 0.66152 -0.0710708
 0.66164 -0.0727101
 0.66176 -0.0743457
 0.66188 -0.0759775
 0.662 -0.0776052
 0.66212 -0.0792288
 0.66224 -0.0808479
 0.66236 -0.0824626
 0.66248 -0.0840725
 0.6626 -0.0856775
 0.66272 -0.0872776
 0.66284 -0.0888724
 0.66296 -0.0904618
 0.66308 -0.0920457
 0.6632 -0.093624
 0.66332 -0.0951964
 0.66344 -0.0967629
 0.66356 -0.0983232
 0.66368 -0.0998774
 0.6638 -0.101425
 0.66392 -0.102966
 0.66404 -0.104501
 0.66416 -0.106028
 0.66428 -0.107549
 0.6644 -0.109062
 0.66452 -0.110568
 0.66464 -0.112066
 0.66476 -0.113557
 0.66488 -0.11504
 0.665 -0.116515
 0.66512 -0.117982
 0.66524 -0.11944
 0.66536 -0.12089
 0.66548 -0.122331
 0.6656 -0.123764
 0.66572 -0.125187
 0.66584 -0.126602
 0.66596 -0.128007
 0.66608 -0.129403
 0.6662 -0.13079
 0.66632 -0.132167
 0.66644 -0.133534
 0.66656 -0.134892
 0.66668 -0.13624
 0.6668 -0.137577
 0.66692 -0.138905
 0.66704 -0.140222
 0.66716 -0.141529
 0.66728 -0.142825
 0.6674 -0.14411
 0.66752 -0.145385
 0.66764 -0.146648
 0.66776 -0.147901
 0.66788 -0.149141
 0.668 -0.150371
 0.66812 -0.151588
 0.66824 -0.152794
 0.66836 -0.153988
 0.66848 -0.15517
 0.6686 -0.156339
 0.66872 -0.157496
 0.66884 -0.15864
 0.66896 -0.159772
 0.66908 -0.16089
 0.6692 -0.161996
 0.66932 -0.163088
 0.66944 -0.164167
 0.66956 -0.165233
 0.66968 -0.166285
 0.6698 -0.167323
 0.66992 -0.168347
 0.67004 -0.169357
 0.67016 -0.170352
 0.67028 -0.171333
 0.6704 -0.1723
 0.67052 -0.173251
 0.67064 -0.174188
 0.67076 -0.175109
 0.67088 -0.176016
 0.671 -0.176906
 0.67112 -0.177782
 0.67124 -0.178641
 0.67136 -0.179486
 0.67148 -0.180314
 0.6716 -0.181127
 0.67172 -0.181924
 0.67184 -0.182705
 0.67196 -0.18347
 0.67208 -0.184219
 0.6722 -0.184951
 0.67232 -0.185668
 0.67244 -0.186368
 0.67256 -0.187052
 0.67268 -0.18772
 0.6728 -0.188372
 0.67292 -0.189007
 0.67304 -0.189625
 0.67316 -0.190227
 0.67328 -0.190812
 0.6734 -0.191381
 0.67352 -0.191932
 0.67364 -0.192468
 0.67376 -0.192986
 0.67388 -0.193487
 0.674 -0.193972
 0.67412 -0.19444
 0.67424 -0.194891
 0.67436 -0.195325
 0.67448 -0.195742
 0.6746 -0.196142
 0.67472 -0.196525
 0.67484 -0.196891
 0.67496 -0.197239
 0.67508 -0.197571
 0.6752 -0.197886
 0.67532 -0.198183
 0.67544 -0.198464
 0.67556 -0.198727
 0.67568 -0.198973
 0.6758 -0.199202
 0.67592 -0.199414
 0.67604 -0.199609
 0.67616 -0.199786
 0.67628 -0.199947
 0.6764 -0.20009
 0.67652 -0.200216
 0.67664 -0.200325
 0.67676 -0.200417
 0.67688 -0.200491
 0.677 -0.200549
 0.67712 -0.200589
 0.67724 -0.200612
 0.67736 -0.200618
 0.67748 -0.200606
 0.6776 -0.200578
 0.67772 -0.200532
 0.67784 -0.200469
 0.67796 -0.200388
 0.67808 -0.200291
 0.6782 -0.200176
 0.67832 -0.200044
 0.67844 -0.199895
 0.67856 -0.199728
 0.67868 -0.199544
 0.6788 -0.199343
 0.67892 -0.199125
 0.67904 -0.198889
 0.67916 -0.198636
 0.67928 -0.198366
 0.6794 -0.198079
 0.67952 -0.197774
 0.67964 -0.197452
 0.67976 -0.197112
 0.67988 -0.196755
 0.68 -0.196381
 0.68012 -0.19599
 0.68024 -0.195581
 0.68036 -0.195155
 0.68048 -0.194711
 0.6806 -0.194251
 0.68072 -0.193773
 0.68084 -0.193277
 0.68096 -0.192765
 0.68108 -0.192235
 0.6812 -0.191688
 0.68132 -0.191124
 0.68144 -0.190543
 0.68156 -0.189945
 0.68168 -0.18933
 0.6818 -0.188699
 0.68192 -0.188051
 0.68204 -0.187387
 0.68216 -0.186706
 0.68228 -0.186009
 0.6824 -0.185296
 0.68252 -0.184567
 0.68264 -0.183821
 0.68276 -0.183061
 0.68288 -0.182284
 0.683 -0.181492
 0.68312 -0.180685
 0.68324 -0.179863
 0.68336 -0.179025
 0.68348 -0.178173
 0.6836 -0.177307
 0.68372 -0.176426
 0.68384 -0.175531
 0.68396 -0.174621
 0.68408 -0.173698
 0.6842 -0.172761
 0.68432 -0.171811
 0.68444 -0.170847
 0.68456 -0.16987
 0.68468 -0.16888
 0.6848 -0.167877
 0.68492 -0.166861
 0.68504 -0.165833
 0.68516 -0.164792
 0.68528 -0.16374
 0.6854 -0.162675
 0.68552 -0.161599
 0.68564 -0.160511
 0.68576 -0.159411
 0.68588 -0.1583
 0.686 -0.157178
 0.68612 -0.156045
 0.68624 -0.154902
 0.68636 -0.153747
 0.68648 -0.152583
 0.6866 -0.151408
 0.68672 -0.150223
 0.68684 -0.149029
 0.68696 -0.147824
 0.68708 -0.14661
 0.6872 -0.145387
 0.68732 -0.144155
 0.68744 -0.142914
 0.68756 -0.141664
 0.68768 -0.140406
 0.6878 -0.139139
 0.68792 -0.137864
 0.68804 -0.136581
 0.68816 -0.13529
 0.68828 -0.133992
 0.6884 -0.132686
 0.68852 -0.131373
 0.68864 -0.130052
 0.68876 -0.128725
 0.68888 -0.127391
 0.689 -0.12605
 0.68912 -0.124703
 0.68924 -0.12335
 0.68936 -0.121991
 0.68948 -0.120625
 0.6896 -0.119254
 0.68972 -0.117878
 0.68984 -0.116496
 0.68996 -0.115109
 0.69008 -0.113716
 0.6902 -0.112319
 0.69032 -0.110917
 0.69044 -0.109511
 0.69056 -0.1081
 0.69068 -0.106685
 0.6908 -0.105265
 0.69092 -0.103842
 0.69104 -0.102415
 0.69116 -0.100985
 0.69128 -0.0995507
 0.6914 -0.0981135
 0.69152 -0.0966731
 0.69164 -0.0952299
 0.69176 -0.0937839
 0.69188 -0.0923352
 0.692 -0.0908842
 0.69212 -0.0894308
 0.69224 -0.0879754
 0.69236 -0.086518
 0.69248 -0.0850588
 0.6926 -0.0835981
 0.69272 -0.0821358
 0.69284 -0.0806723
 0.69296 -0.0792077
 0.69308 -0.0777421
 0.6932 -0.0762758
 0.69332 -0.0748088
 0.69344 -0.0733413
 0.69356 -0.0718735
 0.69368 -0.0704056
 0.6938 -0.0689377
 0.69392 -0.06747
 0.69404 -0.0660027
 0.69416 -0.0645359
 0.69428 -0.0630699
 0.6944 -0.0616048
 0.69452 -0.0601408
 0.69464 -0.058678
 0.69476 -0.0572167
 0.69488 -0.055757
 0.695 -0.0542992
 0.69512 -0.0528435
 0.69524 -0.05139
 0.69536 -0.0499389
 0.69548 -0.0484903
 0.6956 -0.0470445
 0.69572 -0.0456016
 0.69584 -0.0441617
 0.69596 -0.0427251
 0.69608 -0.0412917
 0.6962 -0.0398618
 0.69632 -0.0384354
 0.69644 -0.0370127
 0.69656 -0.0355939
 0.69668 -0.0341789
 0.6968 -0.032768
 0.69692 -0.0313613
 0.69704 -0.029959
 0.69716 -0.0285611
 0.69728 -0.0271678
 0.6974 -0.0257794
 0.69752 -0.0243958
 0.69764 -0.0230173
 0.69776 -0.0216439
 0.69788 -0.0202757
 0.698 -0.0189129
 0.69812 -0.0175557
 0.69824 -0.0162042
 0.69836 -0.0148585
 0.69848 -0.0135187
 0.6986 -0.012185
 0.69872 -0.0108575
 0.69884 -0.00953632
 0.69896 -0.00822166
 0.69908 -0.00691363
 0.6992 -0.00561237
 0.69932 -0.00431801
 0.69944 -0.00303069
 0.69956 -0.00175056
 0.69968 -0.000477747
 0.6998 0.000787603
 0.69992 0.00204535
 0.70004 0.00329536
 0.70016 0.00453748
 0.70028 0.00577156
 0.7004 0.00699745
 0.70052 0.008215
 0.70064 0.00942409
 0.70076 0.0106246
 0.70088 0.0118164
 0.701 0.0129995
 0.70112 0.0141737
 0.70124 0.015339
 0.70136 0.0164952
 0.70148 0.0176424
 0.7016 0.0187804
 0.70172 0.0199092
 0.70184 0.0210287
 0.70196 0.0221387
 0.70208 0.0232394
 0.7022 0.0243304
 0.70232 0.0254119
 0.70244 0.0264838
 0.70256 0.0275459
 0.70268 0.0285982
 0.7028 0.0296407
 0.70292 0.0306733
 0.70304 0.031696
 0.70316 0.0327086
 0.70328 0.0337112
 0.7034 0.0347036
 0.70352 0.0356859
 0.70364 0.0366579
 0.70376 0.0376196
 0.70388 0.0385709
 0.704 0.0395119
 0.70412 0.0404424
 0.70424 0.0413625
 0.70436 0.0422719
 0.70448 0.0431708
 0.7046 0.044059
 0.70472 0.0449365
 0.70484 0.0458032
 0.70496 0.0466591
 0.70508 0.0475041
 0.7052 0.0483382
 0.70532 0.0491613
 0.70544 0.0499734
 0.70556 0.0507743
 0.70568 0.0515642
 0.7058 0.0523429
 0.70592 0.0531103
 0.70604 0.0538665
 0.70616 0.0546113
 0.70628 0.0553448
 0.7064 0.0560668
 0.70652 0.0567774
 0.70664 0.0574764
 0.70676 0.0581639
 0.70688 0.0588398
 0.707 0.059504
 0.70712 0.0601566
 0.70724 0.0607973
 0.70736 0.0614263
 0.70748 0.0620434
 0.7076 0.0626487
 0.70772 0.063242
 0.70784 0.0638233
 0.70796 0.0643925
 0.70808 0.0649497
 0.7082 0.0654948
 0.70832 0.0660276
 0.70844 0.0665483
 0.70856 0.0670567
 0.70868 0.0675527
 0.7088 0.0680364
 0.70892 0.0685077
 0.70904 0.0689665
 0.70916 0.0694128
 0.70928 0.0698465
 0.7094 0.0702677
 0.70952 0.0706762
 0.70964 0.0710719
 0.70976 0.071455
 0.70988 0.0718252
 0.71 0.0721826
 0.71012 0.0725272
 0.71024 0.0728588
 0.71036 0.0731774
 0.71048 0.073483
 0.7106 0.0737755
 0.71072 0.0740551
 0.71084 0.0743215
 0.71096 0.0745748
 0.71108 0.074815
 0.7112 0.0750421
 0.71132 0.0752562
 0.71144 0.0754572
 0.71156 0.0756453
 0.71168 0.0758205
 0.7118 0.0759828
 0.71192 0.0761323
 0.71204 0.0762691
 0.71216 0.0763933
 0.71228 0.0765048
 0.7124 0.0766037
 0.71252 0.0766902
 0.71264 0.0767644
 0.71276 0.0768263
 0.71288 0.076876
 0.713 0.0769137
 0.71312 0.0769393
 0.71324 0.0769531
 0.71336 0.0769552
 0.71348 0.0769455
 0.7136 0.0769243
 0.71372 0.0768917
 0.71384 0.0768476
 0.71396 0.0767924
 0.71408 0.0767259
 0.7142 0.0766484
 0.71432 0.07656
 0.71444 0.0764607
 0.71456 0.0763507
 0.71468 0.0762301
 0.7148 0.076099
 0.71492 0.0759574
 0.71504 0.0758055
 0.71516 0.0756434
 0.71528 0.0754711
 0.7154 0.0752889
 0.71552 0.0750968
 0.71564 0.0748949
 0.71576 0.0746832
 0.71588 0.0744621
 0.716 0.0742314
 0.71612 0.0739913
 0.71624 0.073742
 0.71636 0.0734836
 0.71648 0.0732161
 0.7166 0.0729397
 0.71672 0.0726546
 0.71684 0.0723608
 0.71696 0.0720585
 0.71708 0.0717479
 0.7172 0.0714291
 0.71732 0.0711021
 0.71744 0.0707672
 0.71756 0.0704244
 0.71768 0.070074
 0.7178 0.069716
 0.71792 0.0693506
 0.71804 0.0689778
 0.71816 0.0685979
 0.71828 0.0682109
 0.7184 0.0678169
 0.71852 0.0674161
 0.71864 0.0670085
 0.71876 0.0665943
 0.71888 0.0661734
 0.719 0.0657461
 0.71912 0.0653125
 0.71924 0.0648725
 0.71936 0.0644264
 0.71948 0.0639743
 0.7196 0.0635161
 0.71972 0.0630521
 0.71984 0.0625823
 0.71996 0.0621069
 0.72008 0.0616259
 0.7202 0.0611394
 0.72032 0.0606475
 0.72044 0.0601504
 0.72056 0.0596481
 0.72068 0.0591408
 0.7208 0.0586285
 0.72092 0.0581113
 0.72104 0.0575893
 0.72116 0.0570627
 0.72128 0.0565315
 0.7214 0.0559959
 0.72152 0.0554559
 0.72164 0.0549117
 0.72176 0.0543633
 0.72188 0.0538109
 0.722 0.0532545
 0.72212 0.0526943
 0.72224 0.0521303
 0.72236 0.0515627
 0.72248 0.0509916
 0.7226 0.0504171
 0.72272 0.0498392
 0.72284 0.0492581
 0.72296 0.0486738
 0.72308 0.0480866
 0.7232 0.0474964
 0.72332 0.0469034
 0.72344 0.0463077
 0.72356 0.0457094
 0.72368 0.0451087
 0.7238 0.0445055
 0.72392 0.0439002
 0.72404 0.0432927
 0.72416 0.0426832
 0.72428 0.0420718
 0.7244 0.0414586
 0.72452 0.0408438
 0.72464 0.0402275
 0.72476 0.0396097
 0.72488 0.0389907
 0.725 0.0383706
 0.72512 0.0377496
 0.72524 0.0371278
 0.72536 0.0365053
 0.72548 0.0358823
 0.7256 0.0352589
 0.72572 0.0346352
 0.72584 0.0340114
 0.72596 0.0333875
 0.72608 0.0327637
 0.7262 0.0321401
 0.72632 0.0315167
 0.72644 0.0308937
 0.72656 0.0302713
 0.72668 0.0296494
 0.7268 0.0290282
 0.72692 0.0284077
 0.72704 0.0277882
 0.72716 0.0271698
 0.72728 0.0265524
 0.7274 0.0259364
 0.72752 0.0253216
 0.72764 0.0247083
 0.72776 0.0240964
 0.72788 0.0234861
 0.728 0.0228774
 0.72812 0.0222704
 0.72824 0.0216651
 0.72836 0.0210618
 0.72848 0.0204604
 0.7286 0.019861
 0.72872 0.0192637
 0.72884 0.0186687
 0.72896 0.018076
 0.72908 0.0174857
 0.7292 0.0168979
 0.72932 0.0163127
 0.72944 0.0157302
 0.72956 0.0151504
 0.72968 0.0145734
 0.7298 0.0139994
 0.72992 0.0134283
 0.73004 0.0128604
 0.73016 0.0122956
 0.73028 0.0117341
 0.7304 0.0111761
 0.73052 0.0106216
 0.73064 0.0100708
 0.73076 0.00952366
 0.73088 0.00898028
 0.731 0.00844074
 0.73112 0.0079051
 0.73124 0.00737342
 0.73136 0.00684576
 0.73148 0.0063222
 0.7316 0.00580278
 0.73172 0.00528756
 0.73184 0.00477657
 0.73196 0.00426985
 0.73208 0.00376743
 0.7322 0.00326935
 0.73232 0.00277563
 0.73244 0.0022863
 0.73256 0.00180138
 0.73268 0.00132088
 0.7328 0.000844828
 0.73292 0.000373233
 0.73304 -9.38852e-05
 0.73316 -0.000556508
 0.73328 -0.00101462
 0.7334 -0.0014682
 0.73352 -0.00191723
 0.73364 -0.00236169
 0.73376 -0.00280157
 0.73388 -0.00323685
 0.734 -0.00366751
 0.73412 -0.00409352
 0.73424 -0.00451488
 0.73436 -0.00493155
 0.73448 -0.00534352
 0.7346 -0.00575077
 0.73472 -0.00615328
 0.73484 -0.00655103
 0.73496 -0.00694399
 0.73508 -0.00733211
 0.7352 -0.00771538
 0.73532 -0.00809375
 0.73544 -0.00846718
 0.73556 -0.00883564
 0.73568 -0.00919909
 0.7358 -0.0095575
 0.73592 -0.00991084
 0.73604 -0.0102591
 0.73616 -0.0106022
 0.73628 -0.0109401
 0.7364 -0.0112729
 0.73652 -0.0116005
 0.73664 -0.0119229
 0.73676 -0.01224
 0.73688 -0.0125518
 0.737 -0.0128584
 0.73712 -0.0131597
 0.73724 -0.0134556
 0.73736 -0.0137462
 0.73748 -0.0140314
 0.7376 -0.0143112
 0.73772 -0.0145855
 0.73784 -0.0148544
 0.73796 -0.0151178
 0.73808 -0.0153757
 0.7382 -0.015628
 0.73832 -0.0158747
 0.73844 -0.0161159
 0.73856 -0.0163514
 0.73868 -0.0165813
 0.7388 -0.0168054
 0.73892 -0.0170239
 0.73904 -0.0172366
 0.73916 -0.0174435
 0.73928 -0.0176445
 0.7394 -0.0178397
 0.73952 -0.018029
 0.73964 -0.0182124
 0.73976 -0.0183899
 0.73988 -0.0185613
 0.74 -0.0187267
 0.74012 -0.0188861
 0.74024 -0.0190394
 0.74036 -0.0191865
 0.74048 -0.0193276
 0.7406 -0.0194624
 0.74072 -0.0195911
 0.74084 -0.0197136
 0.74096 -0.0198299
 0.74108 -0.0199399
 0.7412 -0.0200437
 0.74132 -0.0201413
 0.74144 -0.0202327
 0.74156 -0.0203178
 0.74168 -0.0203969
 0.7418 -0.0204698
 0.74192 -0.0205367
 0.74204 -0.0205974
 0.74216 -0.0206522
 0.74228 -0.0207009
 0.7424 -0.0207437
 0.74252 -0.0207806
 0.74264 -0.0208116
 0.74276 -0.0208368
 0.74288 -0.0208561
 0.743 -0.0208697
 0.74312 -0.0208776
 0.74324 -0.0208798
 0.74336 -0.0208762
 0.74348 -0.0208671
 0.7436 -0.0208523
 0.74372 -0.0208319
 0.74384 -0.020806
 0.74396 -0.0207746
 0.74408 -0.0207377
 0.7442 -0.0206954
 0.74432 -0.0206477
 0.74444 -0.0205945
 0.74456 -0.0205361
 0.74468 -0.0204723
 0.7448 -0.0204033
 0.74492 -0.020329
 0.74504 -0.0202495
 0.74516 -0.0201648
 0.74528 -0.020075
 0.7454 -0.0199801
 0.74552 -0.0198801
 0.74564 -0.0197751
 0.74576 -0.0196651
 0.74588 -0.0195501
 0.746 -0.0194302
 0.74612 -0.0193054
 0.74624 -0.0191758
 0.74636 -0.0190415
 0.74648 -0.0189023
 0.7466 -0.0187586
 0.74672 -0.0186102
 0.74684 -0.0184573
 0.74696 -0.0183001
 0.74708 -0.0181384
 0.7472 -0.0179726
 0.74732 -0.0178025
 0.74744 -0.0176283
 0.74756 -0.0174501
 0.74768 -0.0172679
 0.7478 -0.0170817
 0.74792 -0.0168917
 0.74804 -0.0166979
 0.74816 -0.0165003
 0.74828 -0.016299
 0.7484 -0.0160939
 0.74852 -0.0158851
 0.74864 -0.0156726
 0.74876 -0.0154563
 0.74888 -0.0152363
 0.749 -0.0150125
 0.74912 -0.014785
 0.74924 -0.0145538
 0.74936 -0.0143189
 0.74948 -0.0140804
 0.7496 -0.0138381
 0.74972 -0.0135922
 0.74984 -0.0133427
 0.74996 -0.0130895
 0.75008 -0.0128327
 0.7502 -0.0125723
 0.75032 -0.0123082
 0.75044 -0.0120405
 0.75056 -0.0117693
 0.75068 -0.0114944
 0.7508 -0.011216
 0.75092 -0.010934
 0.75104 -0.0106484
 0.75116 -0.0103593
 0.75128 -0.0100666
 0.7514 -0.00977048
 0.75152 -0.00947084
 0.75164 -0.00916774
 0.75176 -0.00886119
 0.75188 -0.00855122
 0.752 -0.00823785
 0.75212 -0.00792112
 0.75224 -0.00760106
 0.75236 -0.00727769
 0.75248 -0.00695108
 0.7526 -0.00662124
 0.75272 -0.00628824
 0.75284 -0.0059521
 0.75296 -0.00561289
 0.75308 -0.00527064
 0.7532 -0.00492541
 0.75332 -0.00457725
 0.75344 -0.0042262
 0.75356 -0.00387232
 0.75368 -0.00351567
 0.7538 -0.0031563
 0.75392 -0.00279429
 0.75404 -0.00242968
 0.75416 -0.00206253
 0.75428 -0.0016929
 0.7544 -0.00132085
 0.75452 -0.000946435
 0.75464 -0.000569716
 0.75476 -0.000190756
 0.75488 0.000190367
 0.755 0.000573569
 0.75512 0.000958768
 0.75524 0.00134588
 0.75536 0.00173484
 0.75548 0.00212556
 0.7556 0.00251796
 0.75572 0.00291197
 0.75584 0.00330751
 0.75596 0.00370452
 0.75608 0.00410292
 0.7562 0.00450265
 0.75632 0.00490363
 0.75644 0.00530579
 0.75656 0.00570907
 0.75668 0.0061134
 0.7568 0.0065187
 0.75692 0.00692491
 0.75704 0.00733196
 0.75716 0.00773976
 0.75728 0.00814825
 0.7574 0.00855736
 0.75752 0.00896705
 0.75764 0.00937728
 0.75776 0.009788
 0.75788 0.0101992
 0.758 0.0106108
 0.75812 0.0110227
 0.75824 0.011435
 0.75836 0.0118475
 0.75848 0.0122602
 0.7586 0.0126731
 0.75872 0.0130861
 0.75884 0.0134991
 0.75896 0.0139121
 0.75908 0.014325
 0.7592 0.0147378
 0.75932 0.0151505
 0.75944 0.0155631
 0.75956 0.0159754
 0.75968 0.0163875
 0.7598 0.0167993
 0.75992 0.0172108
 0.76004 0.017622
 0.76016 0.0180327
 0.76028 0.018443
 0.7604 0.0188526
 0.76052 0.0192616
 0.76064 0.0196698
 0.76076 0.0200773
 0.76088 0.0204839
 0.761 0.0208895
 0.76112 0.0212943
 0.76124 0.021698
 0.76136 0.0221007
 0.76148 0.0225023
 0.7616 0.0229027
 0.76172 0.023302
 0.76184 0.0237
 0.76196 0.0240969
 0.76208 0.0244926
 0.7622 0.024887
 0.76232 0.0252803
 0.76244 0.0256724
 0.76256 0.0260633
 0.76268 0.026453
 0.7628 0.0268416
 0.76292 0.027229
 0.76304 0.0276153
 0.76316 0.0280004
 0.76328 0.0283845
 0.7634 0.0287674
 0.76352 0.0291492
 0.76364 0.02953
 0.76376 0.0299097
 0.76388 0.0302883
 0.764 0.0306658
 0.76412 0.0310423
 0.76424 0.0314178
 0.76436 0.0317922
 0.76448 0.0321655
 0.7646 0.0325378
 0.76472 0.0329091
 0.76484 0.0332793
 0.76496 0.0336484
 0.76508 0.0340165
 0.7652 0.0343836
 0.76532 0.0347495
 0.76544 0.0351143
 0.76556 0.035478
 0.76568 0.0358405
 0.7658 0.0362019
 0.76592 0.0365621
 0.76604 0.0369211
 0.76616 0.0372789
 0.76628 0.0376355
 0.7664 0.037991
 0.76652 0.0383454
 0.76664 0.0386986
 0.76676 0.0390507
 0.76688 0.0394017
 0.767 0.0397517
 0.76712 0.0401005
 0.76724 0.0404484
 0.76736 0.0407951
 0.76748 0.0411409
 0.7676 0.0414855
 0.76772 0.0418292
 0.76784 0.0421717
 0.76796 0.0425132
 0.76808 0.0428535
 0.7682 0.0431928
 0.76832 0.0435311
 0.76844 0.0438682
 0.76856 0.0442043
 0.76868 0.0445392
 0.7688 0.044873
 0.76892 0.0452056
 0.76904 0.0455371
 0.76916 0.0458673
 0.76928 0.0461963
 0.7694 0.0465241
 0.76952 0.0468505
 0.76964 0.0471757
 0.76976 0.0474995
 0.76988 0.0478219
 0.77 0.048143
 0.77012 0.0484627
 0.77024 0.0487809
 0.77036 0.0490977
 0.77048 0.049413
 0.7706 0.0497268
 0.77072 0.0500391
 0.77084 0.0503499
 0.77096 0.0506591
 0.77108 0.0509667
 0.7712 0.0512727
 0.77132 0.0515771
 0.77144 0.0518799
 0.77156 0.052181
 0.77168 0.0524806
 0.7718 0.0527785
 0.77192 0.0530748
 0.77204 0.0533694
 0.77216 0.0536624
 0.77228 0.0539538
 0.7724 0.0542436
 0.77252 0.0545317
 0.77264 0.0548182
 0.77276 0.055103
 0.77288 0.0553861
 0.773 0.0556676
 0.77312 0.0559474
 0.77324 0.0562255
 0.77336 0.0565019
 0.77348 0.0567765
 0.7736 0.0570494
 0.77372 0.0573206
 0.77384 0.0575901
 0.77396 0.0578577
 0.77408 0.0581236
 0.7742 0.0583877
 0.77432 0.05865
 0.77444 0.0589105
 0.77456 0.0591691
 0.77468 0.059426
 0.7748 0.0596809
 0.77492 0.0599341
 0.77504 0.0601853
 0.77516 0.0604347
 0.77528 0.0606822
 0.7754 0.0609278
 0.77552 0.0611715
 0.77564 0.0614133
 0.77576 0.0616532
 0.77588 0.0618911
 0.776 0.0621271
 0.77612 0.0623611
 0.77624 0.0625931
 0.77636 0.0628233
 0.77648 0.0630514
 0.7766 0.0632777
 0.77672 0.063502
 0.77684 0.0637244
 0.77696 0.0639449
 0.77708 0.0641636
 0.7772 0.0643804
 0.77732 0.0645954
 0.77744 0.0648086
 0.77756 0.0650199
 0.77768 0.0652293
 0.7778 0.0654368
 0.77792 0.0656423
 0.77804 0.0658459
 0.77816 0.0660474
 0.77828 0.0662469
 0.7784 0.0664442
 0.77852 0.0666393
 0.77864 0.066832
 0.77876 0.0670223
 0.77888 0.0672101
 0.779 0.0673954
 0.77912 0.0675779
 0.77924 0.0677578
 0.77936 0.0679349
 0.77948 0.0681092
 0.7796 0.0682805
 0.77972 0.0684489
 0.77984 0.0686142
 0.77996 0.0687764
 0.78008 0.0689354
 0.7802 0.069091
 0.78032 0.0692432
 0.78044 0.0693919
 0.78056 0.069537
 0.78068 0.0696784
 0.7808 0.069816
 0.78092 0.0699498
 0.78104 0.0700796
 0.78116 0.0702054
 0.78128 0.070327
 0.7814 0.0704444
 0.78152 0.0705576
 0.78164 0.0706663
 0.78176 0.0707707
 0.78188 0.0708705
 0.782 0.0709658
 0.78212 0.0710566
 0.78224 0.0711427
 0.78236 0.0712243
 0.78248 0.0713012
 0.7826 0.0713736
 0.78272 0.0714414
 0.78284 0.0715046
 0.78296 0.0715633
 0.78308 0.0716176
 0.7832 0.0716675
 0.78332 0.071713
 0.78344 0.0717541
 0.78356 0.071791
 0.78368 0.0718236
 0.7838 0.071852
 0.78392 0.0718762
 0.78404 0.0718964
 0.78416 0.0719124
 0.78428 0.0719244
 0.7844 0.0719324
 0.78452 0.0719365
 0.78464 0.0719366
 0.78476 0.0719329
 0.78488 0.0719253
 0.785 0.071914
 0.78512 0.071899
 0.78524 0.0718802
 0.78536 0.0718579
 0.78548 0.0718319
 0.7856 0.0718025
 0.78572 0.0717695
 0.78584 0.0717331
 0.78596 0.0716934
 0.78608 0.0716502
 0.7862 0.0716038
 0.78632 0.0715542
 0.78644 0.0715013
 0.78656 0.0714453
 0.78668 0.0713862
 0.7868 0.071324
 0.78692 0.0712589
 0.78704 0.0711908
 0.78716 0.0711197
 0.78728 0.0710458
 0.7874 0.0709691
 0.78752 0.0708896
 0.78764 0.0708074
 0.78776 0.0707225
 0.78788 0.0706349
 0.788 0.0705447
 0.78812 0.070452
 0.78824 0.0703567
 0.78836 0.070259
 0.78848 0.0701589
 0.7886 0.0700564
 0.78872 0.0699515
 0.78884 0.0698445
 0.78896 0.0697352
 0.78908 0.0696237
 0.7892 0.0695101
 0.78932 0.0693944
 0.78944 0.0692766
 0.78956 0.0691568
 0.78968 0.069035
 0.7898 0.0689111
 0.78992 0.0687854
 0.79004 0.0686577
 0.79016 0.0685282
 0.79028 0.0683969
 0.7904 0.0682639
 0.79052 0.0681292
 0.79064 0.067993
 0.79076 0.0678552
 0.79088 0.067716
 0.791 0.0675753
 0.79112 0.0674332
 0.79124 0.0672897
 0.79136 0.0671449
 0.79148 0.0669988
 0.7916 0.0668514
 0.79172 0.0667027
 0.79184 0.0665528
 0.79196 0.0664017
 0.79208 0.0662493
 0.7922 0.0660957
 0.79232 0.0659409
 0.79244 0.0657848
 0.79256 0.0656274
 0.79268 0.0654688
 0.7928 0.0653089
 0.79292 0.0651478
 0.79304 0.0649853
 0.79316 0.0648216
 0.79328 0.0646565
 0.7934 0.0644901
 0.79352 0.0643224
 0.79364 0.0641533
 0.79376 0.0639829
 0.79388 0.0638112
 0.794 0.0636381
 0.79412 0.0634637
 0.79424 0.0632879
 0.79436 0.0631108
 0.79448 0.0629323
 0.7946 0.0627525
 0.79472 0.0625714
 0.79484 0.0623889
 0.79496 0.0622051
 0.79508 0.06202
 0.7952 0.0618334
 0.79532 0.0616456
 0.79544 0.0614564
 0.79556 0.0612658
 0.79568 0.0610739
 0.7958 0.0608807
 0.79592 0.0606862
 0.79604 0.0604903
 0.79616 0.060293
 0.79628 0.0600944
 0.7964 0.0598943
 0.79652 0.0596928
 0.79664 0.0594899
 0.79676 0.0592853
 0.79688 0.0590793
 0.797 0.0588716
 0.79712 0.0586623
 0.79724 0.0584513
 0.79736 0.0582387
 0.79748 0.0580245
 0.7976 0.0578085
 0.79772 0.0575909
 0.79784 0.0573717
 0.79796 0.0571508
 0.79808 0.0569282
 0.7982 0.0567039
 0.79832 0.0564779
 0.79844 0.0562502
 0.79856 0.0560208
 0.79868 0.0557896
 0.7988 0.0555568
 0.79892 0.0553222
 0.79904 0.055086
 0.79916 0.054848
 0.79928 0.0546084
 0.7994 0.0543672
 0.79952 0.0541243
 0.79964 0.0538797
 0.79976 0.0536336
 0.79988 0.0533858
