 0.2 -0.6712
 0.20012 -0.67215
 0.20024 -0.706953
 0.20036 -0.776445
 0.20048 -0.88218
 0.2006 -1.02531
 0.20072 -1.20563
 0.20084 -1.4225
 0.20096 -1.67512
 0.20108 -1.96023
 0.2012 -2.27276
 0.20132 -2.60718
 0.20144 -2.95806
 0.20156 -3.31932
 0.20168 -3.68286
 0.2018 -4.04058
 0.20192 -4.3855
 0.20204 -4.71172
 0.20216 -5.01585
 0.20228 -5.29551
 0.2024 -5.54802
 0.20252 -5.77099
 0.20264 -5.96259
 0.20276 -6.12082
 0.20288 -6.24218
 0.203 -6.32403
 0.20312 -6.36685
 0.20324 -6.37274
 0.20336 -6.34447
 0.20348 -6.28466
 0.2036 -6.19632
 0.20372 -6.08301
 0.20384 -5.9469
 0.20396 -5.78923
 0.20408 -5.61044
 0.2042 -5.41031
 0.20432 -5.18814
 0.20444 -4.94282
 0.20456 -4.67283
 0.20468 -4.37676
 0.2048 -4.0549
 0.20492 -3.70935
 0.20504 -3.34154
 0.20516 -2.95257
 0.20528 -2.54321
 0.2054 -2.11379
 0.20552 -1.66492
 0.20564 -1.19691
 0.20576 -0.711177
 0.20588 -0.211393
 0.206 0.298145
 0.20612 0.813382
 0.20624 1.3306
 0.20636 1.84524
 0.20648 2.3517
 0.2066 2.84354
 0.20672 3.31452
 0.20684 3.75999
 0.20696 4.17653
 0.20708 4.56192
 0.2072 4.91498
 0.20732 5.23389
 0.20744 5.51559
 0.20756 5.75632
 0.20768 5.95254
 0.2078 6.1027
 0.20792 6.20695
 0.20804 6.2656
 0.20816 6.27852
 0.20828 6.2461
 0.2084 6.16933
 0.20852 6.05035
 0.20864 5.89284
 0.20876 5.70039
 0.20888 5.47581
 0.209 5.22025
 0.20912 4.93262
 0.20924 4.61242
 0.20936 4.26182
 0.20948 3.88566
 0.2096 3.48996
 0.20972 3.08045
 0.20984 2.66133
 0.20996 2.2354
 0.21008 1.80508
 0.2102 1.37273
 0.21032 0.940908
 0.21044 0.513331
 0.21056 0.0935241
 0.21068 -0.316287
 0.2108 -0.713963
 0.21092 -1.09695
 0.21104 -1.45984
 0.21116 -1.79596
 0.21128 -2.10088
 0.2114 -2.37365
 0.21152 -2.6156
 0.21164 -2.83108
 0.21176 -3.02618
 0.21188 -3.20546
 0.212 -3.37046
 0.21212 -3.52213
 0.21224 -3.66164
 0.21236 -3.79186
 0.21248 -3.91792
 0.2126 -4.04513
 0.21272 -4.17752
 0.21284 -4.31874
 0.21296 -4.47239
 0.21308 -4.64442
 0.2132 -4.84086
 0.21332 -5.06581
 0.21344 -5.3209
 0.21356 -5.60498
 0.21368 -5.90884
 0.2138 -6.22093
 0.21392 -6.53249
 0.21404 -6.83837
 0.21416 -7.13373
 0.21428 -7.41315
 0.2144 -7.66993
 0.21452 -7.89588
 0.21464 -8.08315
 0.21476 -8.22512
 0.21488 -8.31619
 0.215 -8.35106
 0.21512 -8.32334
 0.21524 -8.22675
 0.21536 -8.0568
 0.21548 -7.81155
 0.2156 -7.49552
 0.21572 -7.12154
 0.21584 -6.70355
 0.21596 -6.25279
 0.21608 -5.77811
 0.2162 -5.28828
 0.21632 -4.7925
 0.21644 -4.30067
 0.21656 -3.82356
 0.21668 -3.37227
 0.2168 -2.95701
 0.21692 -2.58645
 0.21704 -2.26997
 0.21716 -2.01745
 0.21728 -1.8381
 0.2174 -1.73885
 0.21752 -1.72249
 0.21764 -1.78585
 0.21776 -1.92148
 0.21788 -2.12021
 0.218 -2.37476
 0.21812 -2.67914
 0.21824 -3.02734
 0.21836 -3.41187
 0.21848 -3.82415
 0.2186 -4.25402
 0.21872 -4.68982
 0.21884 -5.1214
 0.21896 -5.53933
 0.21908 -5.9333
 0.2192 -6.2925
 0.21932 -6.60723
 0.21944 -6.86925
 0.21956 -7.07282
 0.21968 -7.21439
 0.2198 -7.29419
 0.21992 -7.31447
 0.22004 -7.27594
 0.22016 -7.17858
 0.22028 -7.02299
 0.2204 -6.81247
 0.22052 -6.55154
 0.22064 -6.24683
 0.22076 -5.90624
 0.22088 -5.53614
 0.221 -5.14278
 0.22112 -4.73317
 0.22124 -4.31514
 0.22136 -3.89631
 0.22148 -3.48612
 0.2216 -3.0948
 0.22172 -2.73078
 0.22184 -2.39884
 0.22196 -2.10271
 0.22208 -1.84713
 0.2222 -1.63736
 0.22232 -1.4777
 0.22244 -1.37048
 0.22256 -1.31661
 0.22268 -1.31521
 0.2228 -1.36473
 0.22292 -1.46426
 0.22304 -1.61262
 0.22316 -1.80728
 0.22328 -2.04475
 0.2234 -2.32001
 0.22352 -2.62372
 0.22364 -2.94538
 0.22376 -3.27625
 0.22388 -3.60972
 0.224 -3.93983
 0.22412 -4.26026
 0.22424 -4.56379
 0.22436 -4.84358
 0.22448 -5.0942
 0.2246 -5.31178
 0.22472 -5.49356
 0.22484 -5.63724
 0.22496 -5.74053
 0.22508 -5.80192
 0.2252 -5.82139
 0.22532 -5.79968
 0.22544 -5.73878
 0.22556 -5.64405
 0.22568 -5.52122
 0.2258 -5.37499
 0.22592 -5.20852
 0.22604 -5.02409
 0.22616 -4.82456
 0.22628 -4.61353
 0.2264 -4.39444
 0.22652 -4.16908
 0.22664 -3.93829
 0.22676 -3.70229
 0.22688 -3.46129
 0.227 -3.21568
 0.22712 -2.96523
 0.22724 -2.709
 0.22736 -2.44679
 0.22748 -2.17927
 0.2276 -1.90574
 0.22772 -1.62584
 0.22784 -1.34046
 0.22796 -1.05169
 0.22808 -0.761959
 0.2282 -0.473403
 0.22832 -0.188107
 0.22844 0.091794
 0.22856 0.362841
 0.22868 0.620883
 0.2288 0.861445
 0.22892 1.08116
 0.22904 1.27759
 0.22916 1.44825
 0.22928 1.59111
 0.2294 1.70644
 0.22952 1.79558
 0.22964 1.85982
 0.22976 1.90147
 0.22988 1.92356
 0.23 1.92922
 0.23012 1.92142
 0.23024 1.90372
 0.23036 1.87916
 0.23048 1.85031
 0.2306 1.82036
 0.23072 1.79341
 0.23084 1.77329
 0.23096 1.76222
 0.23108 1.76154
 0.2312 1.77243
 0.23132 1.7955
 0.23144 1.82955
 0.23156 1.87243
 0.23168 1.92135
 0.2318 1.97315
 0.23192 2.0249
 0.23204 2.07439
 0.23216 2.11954
 0.23228 2.15772
 0.2324 2.18681
 0.23252 2.20508
 0.23264 2.21055
 0.23276 2.20086
 0.23288 2.17359
 0.233 2.12656
 0.23312 2.05781
 0.23324 1.9653
 0.23336 1.84608
 0.23348 1.69984
 0.2336 1.52768
 0.23372 1.33121
 0.23384 1.11163
 0.23396 0.869653
 0.23408 0.604792
 0.2342 0.315931
 0.23432 0.00355049
 0.23444 -0.330838
 0.23456 -0.685292
 0.23468 -1.05797
 0.2348 -1.44656
 0.23492 -1.84719
 0.23504 -2.25521
 0.23516 -2.66591
 0.23528 -3.07363
 0.2354 -3.47182
 0.23552 -3.85679
 0.23564 -4.22534
 0.23576 -4.57424
 0.23588 -4.89989
 0.236 -5.1971
 0.23612 -5.4585
 0.23624 -5.67653
 0.23636 -5.84608
 0.23648 -5.96368
 0.2366 -6.02664
 0.23672 -6.03227
 0.23684 -5.97944
 0.23696 -5.86935
 0.23708 -5.70366
 0.2372 -5.48401
 0.23732 -5.21342
 0.23744 -4.89528
 0.23756 -4.53337
 0.23768 -4.13272
 0.2378 -3.69847
 0.23792 -3.23618
 0.23804 -2.75431
 0.23816 -2.2634
 0.23828 -1.77309
 0.2384 -1.29256
 0.23852 -0.830211
 0.23864 -0.393702
 0.23876 0.00977349
 0.23888 0.375578
 0.239 0.700551
 0.23912 0.981566
 0.23924 1.21544
 0.23936 1.3998
 0.23948 1.53368
 0.2396 1.61941
 0.23972 1.66084
 0.23984 1.66099
 0.23996 1.62294
 0.24008 1.55189
 0.2402 1.45347
 0.24032 1.33278
 0.24044 1.19648
 0.24056 1.05103
 0.24068 0.902503
 0.2408 0.755805
 0.24092 0.614061
 0.24104 0.480433
 0.24116 0.358304
 0.24128 0.250952
 0.2414 0.160831
 0.24152 0.0885027
 0.24164 0.03194
 0.24176 -0.0107529
 0.24188 -0.0394156
 0.242 -0.0533141
 0.24212 -0.052191
 0.24224 -0.0354357
 0.24236 -0.00318835
 0.24248 0.0429369
 0.2426 0.100729
 0.24272 0.16809
 0.24284 0.244042
 0.24296 0.327399
 0.24308 0.415388
 0.2432 0.504991
 0.24332 0.594328
 0.24344 0.682402
 0.24356 0.769081
 0.24368 0.853718
 0.2438 0.934113
 0.24392 1.00637
 0.24404 1.06617
 0.24416 1.10926
 0.24428 1.13148
 0.2444 1.131
 0.24452 1.1069
 0.24464 1.05955
 0.24476 0.989225
 0.24488 0.895832
 0.245 0.78091
 0.24512 0.647774
 0.24524 0.499601
 0.24536 0.337917
 0.24548 0.164397
 0.2456 -0.019266
 0.24572 -0.209346
 0.24584 -0.401207
 0.24596 -0.589618
 0.24608 -0.769803
 0.2462 -0.936859
 0.24632 -1.08683
 0.24644 -1.21823
 0.24656 -1.32945
 0.24668 -1.42015
 0.2468 -1.4897
 0.24692 -1.53732
 0.24704 -1.56352
 0.24716 -1.56925
 0.24728 -1.55575
 0.2474 -1.52417
 0.24752 -1.47645
 0.24764 -1.4144
 0.24776 -1.34022
 0.24788 -1.25622
 0.248 -1.16485
 0.24812 -1.06809
 0.24824 -0.968048
 0.24836 -0.866061
 0.24848 -0.763567
 0.2486 -0.662218
 0.24872 -0.562751
 0.24884 -0.466222
 0.24896 -0.373755
 0.24908 -0.286413
 0.2492 -0.204949
 0.24932 -0.128226
 0.24944 -0.0543302
 0.24956 0.01956
 0.24968 0.0954809
 0.2498 0.174117
 0.24992 0.255626
 0.25004 0.340486
 0.25016 0.428709
 0.25028 0.519619
 0.2504 0.613065
 0.25052 0.709654
 0.25064 0.809541
 0.25076 0.911434
 0.25088 1.01371
 0.251 1.11451
 0.25112 1.21226
 0.25124 1.30387
 0.25136 1.38458
 0.25148 1.44965
 0.2516 1.49411
 0.25172 1.51372
 0.25184 1.50724
 0.25196 1.47416
 0.25208 1.41504
 0.2522 1.33168
 0.25232 1.22686
 0.25244 1.10316
 0.25256 0.963144
 0.25268 0.810686
 0.2528 0.651281
 0.25292 0.490628
 0.25304 0.334262
 0.25316 0.187432
 0.25328 0.0569504
 0.2534 -0.0507181
 0.25352 -0.130002
 0.25364 -0.175718
 0.25376 -0.183862
 0.25388 -0.153122
 0.254 -0.0842056
 0.25412 0.0197098
 0.25424 0.154136
 0.25436 0.313956
 0.25448 0.493615
 0.2546 0.687724
 0.25472 0.890008
 0.25484 1.0942
 0.25496 1.29544
 0.25508 1.48984
 0.2552 1.67339
 0.25532 1.84197
 0.25544 1.99235
 0.25556 2.12192
 0.25568 2.22861
 0.2558 2.31146
 0.25592 2.37122
 0.25604 2.41174
 0.25616 2.43851
 0.25628 2.45763
 0.2564 2.47566
 0.25652 2.49905
 0.25664 2.53317
 0.25676 2.58281
 0.25688 2.65065
 0.257 2.73668
 0.25712 2.84001
 0.25724 2.95979
 0.25736 3.09464
 0.25748 3.24308
 0.2576 3.40347
 0.25772 3.57372
 0.25784 3.75134
 0.25796 3.9324
 0.25808 4.11103
 0.2582 4.28163
 0.25832 4.43862
 0.25844 4.57616
 0.25856 4.68846
 0.25868 4.77133
 0.2588 4.82163
 0.25892 4.83915
 0.25904 4.8263
 0.25916 4.78639
 0.25928 4.72305
 0.2594 4.64016
 0.25952 4.54126
 0.25964 4.42886
 0.25976 4.30504
 0.25988 4.17163
 0.26 4.03165
 0.26012 3.88839
 0.26024 3.74314
 0.26036 3.59679
 0.26048 3.45104
 0.2606 3.30792
 0.26072 3.16836
 0.26084 3.03268
 0.26096 2.89936
 0.26108 2.76524
 0.2612 2.62615
 0.26132 2.47766
 0.26144 2.31537
 0.26156 2.13647
 0.26168 1.94225
 0.2618 1.73493
 0.26192 1.51687
 0.26204 1.28858
 0.26216 1.05172
 0.26228 0.809832
 0.2624 0.567264
 0.26252 0.327638
 0.26264 0.0947762
 0.26276 -0.126877
 0.26288 -0.332628
 0.263 -0.517289
 0.26312 -0.675267
 0.26324 -0.800742
 0.26336 -0.888089
 0.26348 -0.93208
 0.2636 -0.93134
 0.26372 -0.888739
 0.26384 -0.807554
 0.26396 -0.689817
 0.26408 -0.536327
 0.2642 -0.348938
 0.26432 -0.130929
 0.26444 0.112456
 0.26456 0.375654
 0.26468 0.652443
 0.2648 0.935827
 0.26492 1.21793
 0.26504 1.49062
 0.26516 1.74655
 0.26528 1.9795
 0.2654 2.18387
 0.26552 2.35505
 0.26564 2.49149
 0.26576 2.59367
 0.26588 2.66209
 0.266 2.69629
 0.26612 2.69587
 0.26624 2.66098
 0.26636 2.59384
 0.26648 2.49875
 0.2666 2.38047
 0.26672 2.24417
 0.26684 2.09584
 0.26696 1.94246
 0.26708 1.79202
 0.2672 1.65089
 0.26732 1.52377
 0.26744 1.41536
 0.26756 1.32895
 0.26768 1.26645
 0.2678 1.22753
 0.26792 1.21121
 0.26804 1.21615
 0.26816 1.24003
 0.26828 1.28007
 0.2684 1.33171
 0.26852 1.3898
 0.26864 1.44946
 0.26876 1.506
 0.26888 1.55522
 0.269 1.59175
 0.26912 1.6089
 0.26924 1.60215
 0.26936 1.56765
 0.26948 1.50154
 0.2696 1.40196
 0.26972 1.26908
 0.26984 1.10658
 0.26996 0.918902
 0.27008 0.712601
 0.2702 0.495297
 0.27032 0.274774
 0.27044 0.0597903
 0.27056 -0.14214
 0.27068 -0.324562
 0.2708 -0.481789
 0.27092 -0.608513
 0.27104 -0.698149
 0.27116 -0.743921
 0.27128 -0.740857
 0.2714 -0.684507
 0.27152 -0.572293
 0.27164 -0.403313
 0.27176 -0.179497
 0.27188 0.0947938
 0.272 0.414093
 0.27212 0.769988
 0.27224 1.15412
 0.27236 1.55751
 0.27248 1.9708
 0.2726 2.38711
 0.27272 2.80014
 0.27284 3.20422
 0.27296 3.59279
 0.27308 3.95797
 0.2732 4.29183
 0.27332 4.58744
 0.27344 4.83964
 0.27356 5.04545
 0.27368 5.20304
 0.2738 5.31264
 0.27392 5.37527
 0.27404 5.39354
 0.27416 5.37119
 0.27428 5.31138
 0.2744 5.21843
 0.27452 5.09636
 0.27464 4.94801
 0.27476 4.77618
 0.27488 4.58349
 0.275 4.37451
 0.27512 4.15608
 0.27524 3.93549
 0.27536 3.71994
 0.27548 3.51547
 0.2756 3.32687
 0.27572 3.15768
 0.27584 3.01047
 0.27596 2.8862
 0.27608 2.78413
 0.2762 2.70436
 0.27632 2.6474
 0.27644 2.61299
 0.27656 2.60102
 0.27668 2.61108
 0.2768 2.64289
 0.27692 2.69559
 0.27704 2.76603
 0.27716 2.84942
 0.27728 2.93999
 0.2774 3.03029
 0.27752 3.11292
 0.27764 3.18117
 0.27776 3.22948
 0.27788 3.25356
 0.278 3.25332
 0.27812 3.23019
 0.27824 3.18412
 0.27836 3.11468
 0.27848 3.02161
 0.2786 2.90433
 0.27872 2.76253
 0.27884 2.59586
 0.27896 2.40483
 0.27908 2.19086
 0.2792 1.95618
 0.27932 1.70468
 0.27944 1.44228
 0.27956 1.17518
 0.27968 0.909549
 0.2798 0.650837
 0.27992 0.403356
 0.28004 0.166847
 0.28016 -0.0595
 0.28028 -0.27522
 0.2804 -0.480486
 0.28052 -0.674834
 0.28064 -0.85678
 0.28076 -1.02475
 0.28088 -1.17657
 0.281 -1.31028
 0.28112 -1.42406
 0.28124 -1.51647
 0.28136 -1.58625
 0.28148 -1.63302
 0.2816 -1.65717
 0.28172 -1.66007
 0.28184 -1.64416
 0.28196 -1.61227
 0.28208 -1.56493
 0.2822 -1.5027
 0.28232 -1.42588
 0.28244 -1.33292
 0.28256 -1.22383
 0.28268 -1.09934
 0.2828 -0.961072
 0.28292 -0.811699
 0.28304 -0.65363
 0.28316 -0.488507
 0.28328 -0.319621
 0.2834 -0.151639
 0.28352 0.0113513
 0.28364 0.166816
 0.28376 0.314781
 0.28388 0.457609
 0.284 0.598231
 0.28412 0.739031
 0.28424 0.882192
 0.28436 1.02836
 0.28448 1.17734
 0.2846 1.33015
 0.28472 1.48816
 0.28484 1.6533
 0.28496 1.82765
 0.28508 2.01191
 0.2852 2.20618
 0.28532 2.41349
 0.28544 2.63762
 0.28556 2.8816
 0.28568 3.14559
 0.2858 3.427
 0.28592 3.72229
 0.28604 4.0281
 0.28616 4.34031
 0.28628 4.6544
 0.2864 4.96651
 0.28652 5.27227
 0.28664 5.56663
 0.28676 5.84478
 0.28688 6.10293
 0.287 6.33779
 0.28712 6.54774
 0.28724 6.73017
 0.28736 6.8799
 0.28748 6.99144
 0.2876 7.06034
 0.28772 7.08539
 0.28784 7.06666
 0.28796 7.004
 0.28808 6.89759
 0.2882 6.74982
 0.28832 6.5641
 0.28844 6.34383
 0.28856 6.09303
 0.28868 5.81628
 0.2888 5.51691
 0.28892 5.19756
 0.28904 4.86095
 0.28916 4.50935
 0.28928 4.14787
 0.2894 3.78363
 0.28952 3.4239
 0.28964 3.07483
 0.28976 2.74056
 0.28988 2.42482
 0.29 2.13127
 0.29012 1.86247
 0.29024 1.61923
 0.29036 1.40267
 0.29048 1.21388
 0.2906 1.05353
 0.29072 0.922442
 0.29084 0.822462
 0.29096 0.754294
 0.29108 0.717409
 0.2912 0.710978
 0.29132 0.730896
 0.29144 0.772541
 0.29156 0.83151
 0.29168 0.903597
 0.2918 0.98493
 0.29192 1.07238
 0.29204 1.16305
 0.29216 1.2548
 0.29228 1.34509
 0.2924 1.43066
 0.29252 1.50895
 0.29264 1.57709
 0.29276 1.63122
 0.29288 1.66757
 0.293 1.68513
 0.29312 1.68312
 0.29324 1.66152
 0.29336 1.62226
 0.29348 1.56665
 0.2936 1.49586
 0.29372 1.41228
 0.29384 1.31847
 0.29396 1.216
 0.29408 1.10636
 0.2942 0.991157
 0.29432 0.872956
 0.29444 0.753854
 0.29456 0.635493
 0.29468 0.520911
 0.2948 0.413941
 0.29492 0.317399
 0.29504 0.232975
 0.29516 0.163323
 0.29528 0.10954
 0.2954 0.0718179
 0.29552 0.0512487
 0.29564 0.0488845
 0.29576 0.0645322
 0.29588 0.0980265
 0.296 0.149736
 0.29612 0.219975
 0.29624 0.308513
 0.29636 0.414917
 0.29648 0.53948
 0.2966 0.681561
 0.29672 0.839544
 0.29684 1.01174
 0.29696 1.19637
 0.29708 1.39053
 0.2972 1.59108
 0.29732 1.79632
 0.29744 2.00477
 0.29756 2.2137
 0.29768 2.42009
 0.2978 2.62167
 0.29792 2.81639
 0.29804 3.00246
 0.29816 3.17833
 0.29828 3.34335
 0.2984 3.49655
 0.29852 3.63718
 0.29864 3.7653
 0.29876 3.88107
 0.29888 3.98458
 0.299 4.07673
 0.29912 4.15903
 0.29924 4.2329
 0.29936 4.29934
 0.29948 4.35991
 0.2996 4.41755
 0.29972 4.47514
 0.29984 4.53465
 0.29996 4.59671
 0.30008 4.66084
 0.3002 4.72564
 0.30032 4.78791
 0.30044 4.84411
 0.30056 4.89018
 0.30068 4.92172
 0.3008 4.93428
 0.30092 4.9245
 0.30104 4.88924
 0.30116 4.82583
 0.30128 4.73154
 0.3014 4.60358
 0.30152 4.43814
 0.30164 4.23072
 0.30176 3.97777
 0.30188 3.67734
 0.302 3.33036
 0.30212 2.93899
 0.30224 2.50736
 0.30236 2.0424
 0.30248 1.55257
 0.3026 1.04722
 0.30272 0.536466
 0.30284 0.0298978
 0.30296 -0.464501
 0.30308 -0.939458
 0.3032 -1.3883
 0.30332 -1.80555
 0.30344 -2.18599
 0.30356 -2.52329
 0.30368 -2.81097
 0.3038 -3.04403
 0.30392 -3.21886
 0.30404 -3.33428
 0.30416 -3.38932
 0.30428 -3.38475
 0.3044 -3.32394
 0.30452 -3.21275
 0.30464 -3.05883
 0.30476 -2.87029
 0.30488 -2.65456
 0.305 -2.4186
 0.30512 -2.1695
 0.30524 -1.91332
 0.30536 -1.65288
 0.30548 -1.39067
 0.3056 -1.13051
 0.30572 -0.876077
 0.30584 -0.630616
 0.30596 -0.397876
 0.30608 -0.181476
 0.3062 0.0138967
 0.30632 0.183909
 0.30644 0.325695
 0.30656 0.439392
 0.30668 0.526589
 0.3068 0.588956
 0.30692 0.627915
 0.30704 0.64559
 0.30716 0.645181
 0.30728 0.627819
 0.3074 0.591548
 0.30752 0.534851
 0.30764 0.457872
 0.30776 0.361094
 0.30788 0.246254
 0.308 0.116787
 0.30812 -0.0224046
 0.30824 -0.165324
 0.30836 -0.305573
 0.30848 -0.437096
 0.3086 -0.556037
 0.30872 -0.659382
 0.30884 -0.744367
 0.30896 -0.808236
 0.30908 -0.849241
 0.3092 -0.86631
 0.30932 -0.856249
 0.30944 -0.814817
 0.30956 -0.738895
 0.30968 -0.62807
 0.3098 -0.483044
 0.30992 -0.305844
 0.31004 -0.100117
 0.31016 0.12908
 0.31028 0.377111
 0.3104 0.638996
 0.31052 0.909612
 0.31064 1.18499
 0.31076 1.46272
 0.31088 1.74071
 0.311 2.01703
 0.31112 2.2897
 0.31124 2.55584
 0.31136 2.81116
 0.31148 3.05093
 0.3116 3.27179
 0.31172 3.47354
 0.31184 3.65655
 0.31196 3.82182
 0.31208 3.97188
 0.3122 4.10953
 0.31232 4.23549
 0.31244 4.35015
 0.31256 4.45361
 0.31268 4.54424
 0.3128 4.61889
 0.31292 4.67465
 0.31304 4.70858
 0.31316 4.71957
 0.31328 4.70787
 0.3134 4.67514
 0.31352 4.62432
 0.31364 4.55699
 0.31376 4.47274
 0.31388 4.37163
 0.314 4.25316
 0.31412 4.1159
 0.31424 3.9586
 0.31436 3.7823
 0.31448 3.58954
 0.3146 3.3842
 0.31472 3.17185
 0.31484 2.95773
 0.31496 2.74574
 0.31508 2.53916
 0.3152 2.33969
 0.31532 2.14853
 0.31544 1.96534
 0.31556 1.78865
 0.31568 1.61858
 0.3158 1.45638
 0.31592 1.3027
 0.31604 1.15876
 0.31616 1.02644
 0.31628 0.908212
 0.3164 0.805107
 0.31652 0.715773
 0.31664 0.637059
 0.31676 0.565323
 0.31688 0.498862
 0.317 0.437992
 0.31712 0.383984
 0.31724 0.337992
 0.31736 0.30072
 0.31748 0.272731
 0.3176 0.254698
 0.31772 0.245172
 0.31784 0.242078
 0.31796 0.243109
 0.31808 0.245501
 0.3182 0.245298
 0.31832 0.237304
 0.31844 0.217223
 0.31856 0.183754
 0.31868 0.138316
 0.3188 0.0829048
 0.31892 0.0180657
 0.31904 -0.0569428
 0.31916 -0.143225
 0.31928 -0.241166
 0.3194 -0.348823
 0.31952 -0.46214
 0.31964 -0.576658
 0.31976 -0.686711
 0.31988 -0.786456
 0.32 -0.869969
 0.32012 -0.931136
 0.32024 -0.962325
 0.32036 -0.955398
 0.32048 -0.903009
 0.3206 -0.802363
 0.32072 -0.654824
 0.32084 -0.463702
 0.32096 -0.233195
 0.32108 0.0328556
 0.3212 0.330647
 0.32132 0.655599
 0.32144 0.999641
 0.32156 1.35276
 0.32168 1.70484
 0.3218 2.046
 0.32192 2.36765
 0.32204 2.66311
 0.32216 2.92559
 0.32228 3.1478
 0.3224 3.32298
 0.32252 3.44507
 0.32264 3.51328
 0.32276 3.53048
 0.32288 3.50241
 0.323 3.43606
 0.32312 3.33735
 0.32324 3.21178
 0.32336 3.06559
 0.32348 2.90704
 0.3236 2.74572
 0.32372 2.59049
 0.32384 2.44892
 0.32396 2.32533
 0.32408 2.22148
 0.3242 2.1396
 0.32432 2.08125
 0.32444 2.0472
 0.32456 2.03731
 0.32468 2.04798
 0.3248 2.07383
 0.32492 2.10795
 0.32504 2.14404
 0.32516 2.17816
 0.32528 2.20678
 0.3254 2.22644
 0.32552 2.23281
 0.32564 2.22109
 0.32576 2.18786
 0.32588 2.13111
 0.326 2.05145
 0.32612 1.95024
 0.32624 1.82775
 0.32636 1.68496
 0.32648 1.52459
 0.3266 1.35069
 0.32672 1.1683
 0.32684 0.982679
 0.32696 0.799794
 0.32708 0.623715
 0.3272 0.456865
 0.32732 0.300781
 0.32744 0.156098
 0.32756 0.0237803
 0.32768 -0.0956287
 0.3278 -0.202409
 0.32792 -0.297445
 0.32804 -0.382453
 0.32816 -0.458704
 0.32828 -0.525567
 0.3284 -0.583409
 0.32852 -0.635007
 0.32864 -0.683876
 0.32876 -0.733009
 0.32888 -0.785317
 0.329 -0.845138
 0.32912 -0.915858
 0.32924 -1.00051
 0.32936 -1.10029
 0.32948 -1.21547
 0.3296 -1.34564
 0.32972 -1.49024
 0.32984 -1.64849
 0.32996 -1.81924
 0.33008 -2.00038
 0.3302 -2.19049
 0.33032 -2.38976
 0.33044 -2.59693
 0.33056 -2.8094
 0.33068 -3.02453
 0.3308 -3.2409
 0.33092 -3.45642
 0.33104 -3.66695
 0.33116 -3.86722
 0.33128 -4.0515
 0.3314 -4.21519
 0.33152 -4.35466
 0.33164 -4.46715
 0.33176 -4.54983
 0.33188 -4.59976
 0.332 -4.61476
 0.33212 -4.59361
 0.33224 -4.53424
 0.33236 -4.43451
 0.33248 -4.29329
 0.3326 -4.1101
 0.33272 -3.88462
 0.33284 -3.61622
 0.33296 -3.3053
 0.33308 -2.95492
 0.3332 -2.57109
 0.33332 -2.16119
 0.33344 -1.73231
 0.33356 -1.29068
 0.33368 -0.842302
 0.3338 -0.393248
 0.33392 0.0498827
 0.33404 0.480809
 0.33416 0.892453
 0.33428 1.27665
 0.3344 1.62586
 0.33452 1.93264
 0.33464 2.19004
 0.33476 2.39268
 0.33488 2.53613
 0.335 2.61743
 0.33512 2.6372
 0.33524 2.59881
 0.33536 2.50669
 0.33548 2.36502
 0.3356 2.17799
 0.33572 1.95032
 0.33584 1.68666
 0.33596 1.39257
 0.33608 1.07419
 0.3362 0.740251
 0.33632 0.401179
 0.33644 0.0672896
 0.33656 -0.250574
 0.33668 -0.542584
 0.3368 -0.800972
 0.33692 -1.01953
 0.33704 -1.19515
 0.33716 -1.32687
 0.33728 -1.41405
 0.3374 -1.45591
 0.33752 -1.4518
 0.33764 -1.40222
 0.33776 -1.30826
 0.33788 -1.17068
 0.338 -0.991295
 0.33812 -0.773127
 0.33824 -0.52174
 0.33836 -0.244438
 0.33848 0.0516582
 0.3386 0.359684
 0.33872 0.673394
 0.33884 0.987454
 0.33896 1.29871
 0.33908 1.60684
 0.3392 1.91099
 0.33932 2.20895
 0.33944 2.49761
 0.33956 2.77474
 0.33968 3.03931
 0.3398 3.2895
 0.33992 3.52384
 0.34004 3.74135
 0.34016 3.94163
 0.34028 4.12532
 0.3404 4.29357
 0.34052 4.44662
 0.34064 4.58384
 0.34076 4.70514
 0.34088 4.80991
 0.341 4.89589
 0.34112 4.95932
 0.34124 4.99714
 0.34136 5.00749
 0.34148 4.98902
 0.3416 4.93951
 0.34172 4.85701
 0.34184 4.74053
 0.34196 4.58903
 0.34208 4.40234
 0.3422 4.18103
 0.34232 3.92609
 0.34244 3.63935
 0.34256 3.32437
 0.34268 2.98539
 0.3428 2.62666
 0.34292 2.2535
 0.34304 1.87198
 0.34316 1.48931
 0.34328 1.11301
 0.3434 0.750825
 0.34352 0.410535
 0.34364 0.100104
 0.34376 -0.173209
 0.34388 -0.402302
 0.344 -0.581402
 0.34412 -0.706117
 0.34424 -0.772928
 0.34436 -0.779382
 0.34448 -0.725415
 0.3446 -0.613059
 0.34472 -0.445163
 0.34484 -0.225784
 0.34496 0.0400266
 0.34508 0.347023
 0.3452 0.689842
 0.34532 1.06165
 0.34544 1.45457
 0.34556 1.86073
 0.34568 2.27228
 0.3458 2.68142
 0.34592 3.08058
 0.34604 3.4632
 0.34616 3.82298
 0.34628 4.15307
 0.3464 4.44819
 0.34652 4.70548
 0.34664 4.92369
 0.34676 5.10213
 0.34688 5.24131
 0.347 5.34167
 0.34712 5.40261
 0.34724 5.42338
 0.34736 5.40514
 0.34748 5.34944
 0.3476 5.25797
 0.34772 5.13225
 0.34784 4.97389
 0.34796 4.78443
 0.34808 4.56599
 0.3482 4.32268
 0.34832 4.05968
 0.34844 3.78104
 0.34856 3.49
 0.34868 3.1894
 0.3488 2.8815
 0.34892 2.56831
 0.34904 2.25372
 0.34916 1.943
 0.34928 1.64134
 0.3494 1.35316
 0.34952 1.08257
 0.34964 0.832625
 0.34976 0.607071
 0.34988 0.409389
 0.35 0.242618
 0.35012 0.107757
 0.35024 0.00322429
 0.35036 -0.0730917
 0.35048 -0.123204
 0.3506 -0.149025
 0.35072 -0.151941
 0.35084 -0.132709
 0.35096 -0.0929977
 0.35108 -0.0370962
 0.3512 0.0301177
 0.35132 0.10351
 0.35144 0.177952
 0.35156 0.250381
 0.35168 0.319594
 0.3518 0.383583
 0.35192 0.440525
 0.35204 0.489064
 0.35216 0.53025
 0.35228 0.566932
 0.3524 0.602111
 0.35252 0.638394
 0.35264 0.676922
 0.35276 0.717449
 0.35288 0.760257
 0.353 0.807033
 0.35312 0.860634
 0.35324 0.923785
 0.35336 0.999438
 0.35348 1.09032
 0.3536 1.19578
 0.35372 1.31423
 0.35384 1.44485
 0.35396 1.58667
 0.35408 1.73763
 0.3542 1.89304
 0.35432 2.04689
 0.35444 2.19383
 0.35456 2.33045
 0.35468 2.45629
 0.3548 2.57125
 0.35492 2.67314
 0.35504 2.75907
 0.35516 2.82622
 0.35528 2.87213
 0.3554 2.89373
 0.35552 2.88835
 0.35564 2.85483
 0.35576 2.79092
 0.35588 2.69421
 0.356 2.56468
 0.35612 2.40401
 0.35624 2.21634
 0.35636 2.00615
 0.35648 1.77709
 0.3566 1.53029
 0.35672 1.26475
 0.35684 0.980423
 0.35696 0.679523
 0.35708 0.364778
 0.3572 0.0388229
 0.35732 -0.295041
 0.35744 -0.632666
 0.35756 -0.97002
 0.35768 -1.30201
 0.3578 -1.62213
 0.35792 -1.92608
 0.35804 -2.21249
 0.35816 -2.48081
 0.35828 -2.73102
 0.3584 -2.96295
 0.35852 -3.17676
 0.35864 -3.3709
 0.35876 -3.54269
 0.35888 -3.6897
 0.359 -3.81153
 0.35912 -3.90879
 0.35924 -3.98267
 0.35936 -4.03564
 0.35948 -4.07065
 0.3596 -4.08995
 0.35972 -4.09659
 0.35984 -4.09329
 0.35996 -4.08012
 0.36008 -4.05665
 0.3602 -4.0229
 0.36032 -3.97992
 0.36044 -3.92838
 0.36056 -3.86851
 0.36068 -3.80091
 0.3608 -3.72768
 0.36092 -3.65124
 0.36104 -3.57187
 0.36116 -3.48893
 0.36128 -3.401
 0.3614 -3.30572
 0.36152 -3.20111
 0.36164 -3.08754
 0.36176 -2.96594
 0.36188 -2.83818
 0.362 -2.70696
 0.36212 -2.57439
 0.36224 -2.44187
 0.36236 -2.3094
 0.36248 -2.17716
 0.3626 -2.04594
 0.36272 -1.91724
 0.36284 -1.79095
 0.36296 -1.6672
 0.36308 -1.54711
 0.3632 -1.43209
 0.36332 -1.32389
 0.36344 -1.22447
 0.36356 -1.13448
 0.36368 -1.05226
 0.3638 -0.975565
 0.36392 -0.901472
 0.36404 -0.826899
 0.36416 -0.748505
 0.36428 -0.663473
 0.3644 -0.57151
 0.36452 -0.472139
 0.36464 -0.363797
 0.36476 -0.24446
 0.36488 -0.112913
 0.365 0.0324944
 0.36512 0.193001
 0.36524 0.369855
 0.36536 0.564124
 0.36548 0.776386
 0.3656 1.00634
 0.36572 1.25319
 0.36584 1.51558
 0.36596 1.79082
 0.36608 2.07563
 0.3662 2.36395
 0.36632 2.65092
 0.36644 2.9338
 0.36656 3.20913
 0.36668 3.47291
 0.3668 3.72121
 0.36692 3.94975
 0.36704 4.15398
 0.36716 4.32985
 0.36728 4.47286
 0.3674 4.57901
 0.36752 4.64479
 0.36764 4.66631
 0.36776 4.63942
 0.36788 4.56114
 0.368 4.43003
 0.36812 4.24646
 0.36824 4.01496
 0.36836 3.73896
 0.36848 3.42282
 0.3686 3.07146
 0.36872 2.68983
 0.36884 2.28312
 0.36896 1.85742
 0.36908 1.41861
 0.3692 0.972818
 0.36932 0.526973
 0.36944 0.0875467
 0.36956 -0.339135
 0.36968 -0.746242
 0.3698 -1.1271
 0.36992 -1.47576
 0.37004 -1.78695
 0.37016 -2.05785
 0.37028 -2.28719
 0.3704 -2.47475
 0.37052 -2.62194
 0.37064 -2.72976
 0.37076 -2.79898
 0.37088 -2.83114
 0.371 -2.82804
 0.37112 -2.7911
 0.37124 -2.72238
 0.37136 -2.62426
 0.37148 -2.49851
 0.3716 -2.34629
 0.37172 -2.16843
 0.37184 -1.96562
 0.37196 -1.73944
 0.37208 -1.49125
 0.3722 -1.22175
 0.37232 -0.932278
 0.37244 -0.623178
 0.37256 -0.29541
 0.37268 0.0485323
 0.3728 0.406218
 0.37292 0.775755
 0.37304 1.15532
 0.37316 1.5435
 0.37328 1.93936
 0.3734 2.34134
 0.37352 2.74648
 0.37364 3.15065
 0.37376 3.54839
 0.37388 3.9345
 0.374 4.30488
 0.37412 4.65528
 0.37424 4.98219
 0.37436 5.28372
 0.37448 5.55846
 0.3746 5.80723
 0.37472 6.03093
 0.37484 6.22995
 0.37496 6.40439
 0.37508 6.55313
 0.3752 6.67365
 0.37532 6.76271
 0.37544 6.81838
 0.37556 6.83893
 0.37568 6.82372
 0.3758 6.77389
 0.37592 6.69072
 0.37604 6.57563
 0.37616 6.43033
 0.37628 6.25569
 0.3764 6.05092
 0.37652 5.81492
 0.37664 5.54612
 0.37676 5.24464
 0.37688 4.91095
 0.377 4.54577
 0.37712 4.15179
 0.37724 3.7332
 0.37736 3.2952
 0.37748 2.8427
 0.3776 2.38308
 0.37772 1.92344
 0.37784 1.46972
 0.37796 1.02705
 0.37808 0.599986
 0.3782 0.192306
 0.37832 -0.191826
 0.37844 -0.548171
 0.37856 -0.873109
 0.37868 -1.1643
 0.3788 -1.42001
 0.37892 -1.63785
 0.37904 -1.8151
 0.37916 -1.95034
 0.37928 -2.04325
 0.3794 -2.09402
 0.37952 -2.10437
 0.37964 -2.07926
 0.37976 -2.02512
 0.37988 -1.94795
 0.38 -1.85273
 0.38012 -1.74363
 0.38024 -1.62382
 0.38036 -1.49594
 0.38048 -1.36183
 0.3806 -1.22266
 0.38072 -1.0791
 0.38084 -0.932681
 0.38096 -0.786512
 0.38108 -0.64406
 0.3812 -0.507762
 0.38132 -0.379563
 0.38144 -0.261446
 0.38156 -0.153364
 0.38168 -0.0517915
 0.3818 0.0485689
 0.38192 0.152281
 0.38204 0.26193
 0.38216 0.379114
 0.38228 0.504118
 0.3824 0.636421
 0.38252 0.775088
 0.38264 0.919059
 0.38276 1.06724
 0.38288 1.21998
 0.383 1.37865
 0.38312 1.54387
 0.38324 1.7153
 0.38336 1.89328
 0.38348 2.07879
 0.3836 2.2703
 0.38372 2.46336
 0.38384 2.65309
 0.38396 2.83663
 0.38408 3.01322
 0.3842 3.18367
 0.38432 3.35002
 0.38444 3.5147
 0.38456 3.68026
 0.38468 3.84938
 0.3848 4.0241
 0.38492 4.20392
 0.38504 4.38876
 0.38516 4.57952
 0.38528 4.77716
 0.3854 4.98025
 0.38552 5.18695
 0.38564 5.39808
 0.38576 5.61596
 0.38588 5.8424
 0.386 6.07743
 0.38612 6.31937
 0.38624 6.56419
 0.38636 6.80722
 0.38648 7.04359
 0.3866 7.26812
 0.38672 7.47535
 0.38684 7.66278
 0.38696 7.82968
 0.38708 7.97431
 0.3872 8.09495
 0.38732 8.19116
 0.38744 8.26467
 0.38756 8.31683
 0.38768 8.34724
 0.3878 8.35492
 0.38792 8.33891
 0.38804 8.29854
 0.38816 8.23565
 0.38828 8.15435
 0.3884 8.05925
 0.38852 7.9554
 0.38864 7.84817
 0.38876 7.74268
 0.38888 7.6408
 0.389 7.54492
 0.38912 7.45713
 0.38924 7.37827
 0.38936 7.30732
 0.38948 7.24286
 0.3896 7.18385
 0.38972 7.12992
 0.38984 7.08047
 0.38996 7.03605
 0.39008 6.99683
 0.3902 6.96066
 0.39032 6.92393
 0.39044 6.88258
 0.39056 6.83216
 0.39068 6.7682
 0.3908 6.68775
 0.39092 6.58912
 0.39104 6.47064
 0.39116 6.33205
 0.39128 6.17515
 0.3914 6.00273
 0.39152 5.81737
 0.39164 5.62149
 0.39176 5.41811
 0.39188 5.21052
 0.392 5.00105
 0.39212 4.79289
 0.39224 4.58991
 0.39236 4.3958
 0.39248 4.21426
 0.3926 4.04907
 0.39272 3.90307
 0.39284 3.77696
 0.39296 3.67066
 0.39308 3.584
 0.3932 3.51506
 0.39332 3.46051
 0.39344 3.41749
 0.39356 3.38345
 0.39368 3.35586
 0.3938 3.3312
 0.39392 3.30646
 0.39404 3.27853
 0.39416 3.24363
 0.39428 3.19858
 0.3944 3.14158
 0.39452 3.07194
 0.39464 2.9895
 0.39476 2.89636
 0.39488 2.7962
 0.395 2.6928
 0.39512 2.58995
 0.39524 2.49296
 0.39536 2.40651
 0.39548 2.334
 0.3956 2.27781
 0.39572 2.24026
 0.39584 2.22362
 0.39596 2.22941
 0.39608 2.25973
 0.3962 2.31711
 0.39632 2.40418
 0.39644 2.52141
 0.39656 2.66672
 0.39668 2.83672
 0.3968 3.02562
 0.39692 3.22721
 0.39704 3.43563
 0.39716 3.64468
 0.39728 3.84817
 0.3974 4.04135
 0.39752 4.22127
 0.39764 4.3864
 0.39776 4.53585
 0.39788 4.66952
 0.398 4.78778
 0.39812 4.89079
 0.39824 4.97785
 0.39836 5.04698
 0.39848 5.09861
 0.3986 5.13548
 0.39872 5.16153
 0.39884 5.18196
 0.39896 5.20139
 0.39908 5.22319
 0.3992 5.2508
 0.39932 5.28678
 0.39944 5.33277
 0.39956 5.3886
 0.39968 5.4524
 0.3998 5.5211
 0.39992 5.59084
 0.40004 5.65739
 0.40016 5.7164
 0.40028 5.76479
 0.4004 5.80089
 0.40052 5.82224
 0.40064 5.82614
 0.40076 5.80991
 0.40088 5.77122
 0.401 5.70945
 0.40112 5.6251
 0.40124 5.51845
 0.40136 5.39022
 0.40148 5.2412
 0.4016 5.0738
 0.40172 4.89204
 0.40184 4.7011
 0.40196 4.50704
 0.40208 4.31619
 0.4022 4.13491
 0.40232 3.96902
 0.40244 3.82365
 0.40256 3.70249
 0.40268 3.60748
 0.4028 3.53849
 0.40292 3.49381
 0.40304 3.47097
 0.40316 3.46784
 0.40328 3.48308
 0.4034 3.51569
 0.40352 3.5651
 0.40364 3.62979
 0.40376 3.70783
 0.40388 3.7965
 0.404 3.89261
 0.40412 3.99293
 0.40424 4.09408
 0.40436 4.19187
 0.40448 4.282
 0.4046 4.36236
 0.40472 4.43341
 0.40484 4.49857
 0.40496 4.56226
 0.40508 4.62777
 0.4052 4.69726
 0.40532 4.77149
 0.40544 4.85071
 0.40556 4.9351
 0.40568 5.02498
 0.4058 5.11935
 0.40592 5.21675
 0.40604 5.31598
 0.40616 5.41601
 0.40628 5.5159
 0.4064 5.61554
 0.40652 5.71559
 0.40664 5.81488
 0.40676 5.91036
 0.40688 5.99733
 0.407 6.07129
 0.40712 6.12906
 0.40724 6.16881
 0.40736 6.18975
 0.40748 6.1913
 0.4076 6.1712
 0.40772 6.12775
 0.40784 6.06189
 0.40796 5.97496
 0.40808 5.86716
 0.4082 5.73835
 0.40832 5.58961
 0.40844 5.42148
 0.40856 5.23428
 0.40868 5.03024
 0.4088 4.8123
 0.40892 4.58379
 0.40904 4.34812
 0.40916 4.10787
 0.40928 3.86533
 0.4094 3.62244
 0.40952 3.38182
 0.40964 3.14884
 0.40976 2.92753
 0.40988 2.72024
 0.41 2.53057
 0.41012 2.36399
 0.41024 2.22534
 0.41036 2.11757
 0.41048 2.04381
 0.4106 2.00601
 0.41072 2.00439
 0.41084 2.03964
 0.41096 2.11155
 0.41108 2.2192
 0.4112 2.36195
 0.41132 2.53739
 0.41144 2.74287
 0.41156 2.97385
 0.41168 3.22429
 0.4118 3.48944
 0.41192 3.76474
 0.41204 4.04476
 0.41216 4.32285
 0.41228 4.5943
 0.4124 4.85552
 0.41252 5.10343
 0.41264 5.33563
 0.41276 5.5496
 0.41288 5.74188
 0.413 5.91061
 0.41312 6.05434
 0.41324 6.17221
 0.41336 6.26591
 0.41348 6.33854
 0.4136 6.3955
 0.41372 6.44239
 0.41384 6.48364
 0.41396 6.52212
 0.41408 6.55933
 0.4142 6.59656
 0.41432 6.63269
 0.41444 6.66601
 0.41456 6.69481
 0.41468 6.71817
 0.4148 6.73606
 0.41492 6.74911
 0.41504 6.75683
 0.41516 6.75871
 0.41528 6.75339
 0.4154 6.73845
 0.41552 6.70873
 0.41564 6.65701
 0.41576 6.57627
 0.41588 6.46139
 0.416 6.31125
 0.41612 6.12654
 0.41624 5.90922
 0.41636 5.66326
 0.41648 5.39279
 0.4166 5.10166
 0.41672 4.79357
 0.41684 4.47189
 0.41696 4.13884
 0.41708 3.79684
 0.4172 3.44808
 0.41732 3.09485
 0.41744 2.73997
 0.41756 2.38945
 0.41768 2.05039
 0.4178 1.72954
 0.41792 1.43127
 0.41804 1.15661
 0.41816 0.905628
 0.41828 0.677262
 0.4184 0.469547
 0.41852 0.280234
 0.41864 0.10637
 0.41876 -0.0555763
 0.41888 -0.208252
 0.419 -0.352246
 0.41912 -0.48743
 0.41924 -0.613235
 0.41936 -0.729808
 0.41948 -0.838653
 0.4196 -0.943206
 0.41972 -1.04698
 0.41984 -1.15339
 0.41996 -1.26456
 0.42008 -1.38044
 0.4202 -1.50017
 0.42032 -1.62242
 0.42044 -1.74485
 0.42056 -1.86444
 0.42068 -1.97753
 0.4208 -2.08039
 0.42092 -2.17046
 0.42104 -2.24706
 0.42116 -2.31003
 0.42128 -2.35919
 0.4214 -2.39282
 0.42152 -2.40783
 0.42164 -2.40072
 0.42176 -2.36754
 0.42188 -2.30392
 0.422 -2.20648
 0.42212 -2.07432
 0.42224 -1.90696
 0.42236 -1.70499
 0.42248 -1.47067
 0.4226 -1.20657
 0.42272 -0.915052
 0.42284 -0.59821
 0.42296 -0.257695
 0.42308 0.104922
 0.4232 0.487675
 0.42332 0.888062
 0.42344 1.30252
 0.42356 1.72709
 0.42368 2.15712
 0.4238 2.58671
 0.42392 3.00973
 0.42404 3.42128
 0.42416 3.81786
 0.42428 4.19624
 0.4244 4.55441
 0.42452 4.8925
 0.42464 5.21056
 0.42476 5.50799
 0.42488 5.78262
 0.425 6.03245
 0.42512 6.25665
 0.42524 6.45484
 0.42536 6.62711
 0.42548 6.77319
 0.4256 6.89212
 0.42572 6.98435
 0.42584 7.05145
 0.42596 7.09582
 0.42608 7.11978
 0.4262 7.12545
 0.42632 7.115
 0.42644 7.08946
 0.42656 7.04755
 0.42668 6.98751
 0.4268 6.90885
 0.42692 6.814
 0.42704 6.70506
 0.42716 6.5835
 0.42728 6.45064
 0.4274 6.30803
 0.42752 6.15939
 0.42764 6.00852
 0.42776 5.85855
 0.42788 5.7111
 0.428 5.56579
 0.42812 5.42111
 0.42824 5.27536
 0.42836 5.12653
 0.42848 4.97349
 0.4286 4.81739
 0.42872 4.66108
 0.42884 4.50598
 0.42896 4.35187
 0.42908 4.1983
 0.4292 4.04431
 0.42932 3.88913
 0.42944 3.73052
 0.42956 3.56526
 0.42968 3.39058
 0.4298 3.20414
 0.42992 3.00509
 0.43004 2.79495
 0.43016 2.57648
 0.43028 2.35263
 0.4304 2.12697
 0.43052 1.90351
 0.43064 1.68418
 0.43076 1.46918
 0.43088 1.25917
 0.431 1.05509
 0.43112 0.860011
 0.43124 0.678248
 0.43136 0.513387
 0.43148 0.370572
 0.4316 0.253996
 0.43172 0.167537
 0.43184 0.11463
 0.43196 0.0979449
 0.43208 0.11871
 0.4322 0.177656
 0.43232 0.275276
 0.43244 0.410522
 0.43256 0.580708
 0.43268 0.783163
 0.4328 1.01559
 0.43292 1.27576
 0.43304 1.56083
 0.43316 1.86412
 0.43328 2.17897
 0.4334 2.49948
 0.43352 2.81877
 0.43364 3.13093
 0.43376 3.43027
 0.43388 3.71136
 0.434 3.96896
 0.43412 4.19788
 0.43424 4.39277
 0.43436 4.54893
 0.43448 4.66353
 0.4346 4.73613
 0.43472 4.76803
 0.43484 4.76072
 0.43496 4.71561
 0.43508 4.63536
 0.4352 4.52467
 0.43532 4.38664
 0.43544 4.2243
 0.43556 4.04093
 0.43568 3.83945
 0.4358 3.62242
 0.43592 3.39218
 0.43604 3.15119
 0.43616 2.90322
 0.43628 2.65244
 0.4364 2.40169
 0.43652 2.15274
 0.43664 1.90566
 0.43676 1.65957
 0.43688 1.41349
 0.437 1.16651
 0.43712 0.917185
 0.43724 0.664441
 0.43736 0.409317
 0.43748 0.154551
 0.4376 -0.0961668
 0.43772 -0.33906
 0.43784 -0.570114
 0.43796 -0.785285
 0.43808 -0.98102
 0.4382 -1.15562
 0.43832 -1.30703
 0.43844 -1.43193
 0.43856 -1.52686
 0.43868 -1.58809
 0.4388 -1.61133
 0.43892 -1.59232
 0.43904 -1.52708
 0.43916 -1.41171
 0.43928 -1.24345
 0.4394 -1.02296
 0.43952 -0.755538
 0.43964 -0.448062
 0.43976 -0.107297
 0.43988 0.260756
 0.44 0.650782
 0.44012 1.05827
 0.44024 1.47913
 0.44036 1.90843
 0.44048 2.34087
 0.4406 2.77138
 0.44072 3.19485
 0.44084 3.60513
 0.44096 3.99652
 0.44108 4.36356
 0.4412 4.70124
 0.44132 5.00629
 0.44144 5.28
 0.44156 5.52868
 0.44168 5.75942
 0.4418 5.97869
 0.44192 6.18981
 0.44204 6.39423
 0.44216 6.59324
 0.44228 6.7886
 0.4424 6.98185
 0.44252 7.17426
 0.44264 7.36681
 0.44276 7.56092
 0.44288 7.75889
 0.443 7.96296
 0.44312 8.17471
 0.44324 8.39465
 0.44336 8.62025
 0.44348 8.84455
 0.4436 9.05823
 0.44372 9.25191
 0.44384 9.41802
 0.44396 9.55397
 0.44408 9.65755
 0.4442 9.7264
 0.44432 9.75901
 0.44444 9.754
 0.44456 9.70988
 0.44468 9.62536
 0.4448 9.49838
 0.44492 9.3255
 0.44504 9.10333
 0.44516 8.83001
 0.44528 8.50512
 0.4454 8.13275
 0.44552 7.71947
 0.44564 7.27223
 0.44576 6.79777
 0.44588 6.30103
 0.446 5.7854
 0.44612 5.25658
 0.44624 4.71932
 0.44636 4.17772
 0.44648 3.63897
 0.4466 3.11078
 0.44672 2.60104
 0.44684 2.12036
 0.44696 1.6811
 0.44708 1.2947
 0.4472 0.971488
 0.44732 0.720059
 0.44744 0.545821
 0.44756 0.453938
 0.44768 0.449735
 0.4478 0.538573
 0.44792 0.724183
 0.44804 1.00741
 0.44816 1.3856
 0.44828 1.85758
 0.4484 2.41944
 0.44852 3.06326
 0.44864 3.78127
 0.44876 4.56362
 0.44888 5.39451
 0.449 6.25727
 0.44912 7.13591
 0.44924 8.01487
 0.44936 8.87969
 0.44948 9.71622
 0.4496 10.5092
 0.44972 11.2429
 0.44984 11.9026
 0.44996 12.4785
 0.45008 12.9642
 0.4502 13.3569
 0.45032 13.6531
 0.45044 13.8527
 0.45056 13.9566
 0.45068 13.9641
 0.4508 13.88
 0.45092 13.7148
 0.45104 13.4796
 0.45116 13.1852
 0.45128 12.8422
 0.4514 12.4608
 0.45152 12.0524
 0.45164 11.6298
 0.45176 11.2058
 0.45188 10.7908
 0.452 10.3902
 0.45212 10.0071
 0.45224 9.64239
 0.45236 9.29704
 0.45248 8.97073
 0.4526 8.66446
 0.45272 8.38065
 0.45284 8.1165
 0.45296 7.86598
 0.45308 7.62215
 0.4532 7.37793
 0.45332 7.12623
 0.45344 6.85972
 0.45356 6.56997
 0.45368 6.24806
 0.4538 5.88528
 0.45392 5.4773
 0.45404 5.02333
 0.45416 4.52397
 0.45428 3.98107
 0.4544 3.39848
 0.45452 2.78079
 0.45464 2.13114
 0.45476 1.45257
 0.45488 0.751105
 0.455 0.0353037
 0.45512 -0.685541
 0.45524 -1.40065
 0.45536 -2.09834
 0.45548 -2.76589
 0.4556 -3.38986
 0.45572 -3.95667
 0.45584 -4.45264
 0.45596 -4.86838
 0.45608 -5.19616
 0.4562 -5.42922
 0.45632 -5.56506
 0.45644 -5.60438
 0.45656 -5.54841
 0.45668 -5.39801
 0.4568 -5.15437
 0.45692 -4.82189
 0.45704 -4.4067
 0.45716 -3.91567
 0.45728 -3.35848
 0.4574 -2.74586
 0.45752 -2.09
 0.45764 -1.40276
 0.45776 -0.696822
 0.45788 0.0125246
 0.458 0.711402
 0.45812 1.38624
 0.45824 2.02598
 0.45836 2.62492
 0.45848 3.17861
 0.4586 3.68258
 0.45872 4.13152
 0.45884 4.5202
 0.45896 4.84667
 0.45908 5.10946
 0.4592 5.30832
 0.45932 5.44506
 0.45944 5.52219
 0.45956 5.54246
 0.45968 5.50739
 0.4598 5.42105
 0.45992 5.29138
 0.46004 5.12643
 0.46016 4.9344
 0.46028 4.72007
 0.4604 4.48613
 0.46052 4.23659
 0.46064 3.97592
 0.46076 3.71086
 0.46088 3.44828
 0.461 3.19362
 0.46112 2.95224
 0.46124 2.72773
 0.46136 2.52237
 0.46148 2.33805
 0.4616 2.17702
 0.46172 2.04236
 0.46184 1.93446
 0.46196 1.85172
 0.46208 1.79196
 0.4622 1.7519
 0.46232 1.73077
 0.46244 1.72695
 0.46256 1.73725
 0.46268 1.75796
 0.4628 1.78308
 0.46292 1.80595
 0.46304 1.82014
 0.46316 1.81947
 0.46328 1.80045
 0.4634 1.76031
 0.46352 1.69656
 0.46364 1.6062
 0.46376 1.48666
 0.46388 1.33788
 0.464 1.16095
 0.46412 0.959098
 0.46424 0.737138
 0.46436 0.498409
 0.46448 0.247236
 0.4646 -0.0121304
 0.46472 -0.27519
 0.46484 -0.535855
 0.46496 -0.787776
 0.46508 -1.0252
 0.4652 -1.24335
 0.46532 -1.43863
 0.46544 -1.60752
 0.46556 -1.74548
 0.46568 -1.84608
 0.4658 -1.90613
 0.46592 -1.92517
 0.46604 -1.90463
 0.46616 -1.8482
 0.46628 -1.76002
 0.4664 -1.64322
 0.46652 -1.50046
 0.46664 -1.33323
 0.46676 -1.14323
 0.46688 -0.932822
 0.467 -0.703277
 0.46712 -0.454427
 0.46724 -0.185427
 0.46736 0.103022
 0.46748 0.409712
 0.4676 0.730228
 0.46772 1.05872
 0.46784 1.39335
 0.46796 1.73397
 0.46808 2.08152
 0.4682 2.4377
 0.46832 2.80325
 0.46844 3.17732
 0.46856 3.55762
 0.46868 3.94063
 0.4688 4.323
 0.46892 4.70123
 0.46904 5.07099
 0.46916 5.4258
 0.46928 5.76008
 0.4694 6.07047
 0.46952 6.35435
 0.46964 6.61183
 0.46976 6.84292
 0.46988 7.04611
 0.47 7.21947
 0.47012 7.36114
 0.47024 7.4674
 0.47036 7.53701
 0.47048 7.57092
 0.4706 7.57231
 0.47072 7.54533
 0.47084 7.49416
 0.47096 7.42312
 0.47108 7.3364
 0.4712 7.23985
 0.47132 7.13815
 0.47144 7.03524
 0.47156 6.93471
 0.47168 6.83952
 0.4718 6.75252
 0.47192 6.67684
 0.47204 6.61578
 0.47216 6.57495
 0.47228 6.56254
 0.4724 6.58458
 0.47252 6.64475
 0.47264 6.7438
 0.47276 6.88177
 0.47288 7.05837
 0.473 7.2724
 0.47312 7.52245
 0.47324 7.8065
 0.47336 8.12253
 0.47348 8.46856
 0.4736 8.84264
 0.47372 9.24285
 0.47384 9.66772
 0.47396 10.1148
 0.47408 10.5809
 0.4742 11.0593
 0.47432 11.5409
 0.47444 12.0163
 0.47456 12.4783
 0.47468 12.9221
 0.4748 13.3437
 0.47492 13.7399
 0.47504 14.1111
 0.47516 14.458
 0.47528 14.7809
 0.4754 15.0795
 0.47552 15.3531
 0.47564 15.6012
 0.47576 15.8229
 0.47588 16.0161
 0.476 16.1793
 0.47612 16.3115
 0.47624 16.4141
 0.47636 16.4913
 0.47648 16.5492
 0.4766 16.5919
 0.47672 16.6225
 0.47684 16.6431
 0.47696 16.6519
 0.47708 16.6445
 0.4772 16.6164
 0.47732 16.5646
 0.47744 16.4877
 0.47756 16.3834
 0.47768 16.2493
 0.4778 16.0845
 0.47792 15.8913
 0.47804 15.6726
 0.47816 15.4311
 0.47828 15.1682
 0.4784 14.8833
 0.47852 14.575
 0.47864 14.2426
 0.47876 13.885
 0.47888 13.504
 0.479 13.1058
 0.47912 12.6971
 0.47924 12.2834
 0.47936 11.8693
 0.47948 11.4602
 0.4796 11.0623
 0.47972 10.682
 0.47984 10.3231
 0.47996 9.98595
 0.48008 9.6701
 0.4802 9.37493
 0.48032 9.10002
 0.48044 8.84481
 0.48056 8.60975
 0.48068 8.3969
 0.4808 8.2078
 0.48092 8.04076
 0.48104 7.89196
 0.48116 7.75876
 0.48128 7.63972
 0.4814 7.53258
 0.48152 7.43366
 0.48164 7.33902
 0.48176 7.24428
 0.48188 7.14713
 0.482 7.04779
 0.48212 6.94645
 0.48224 6.84358
 0.48236 6.74111
 0.48248 6.64146
 0.4826 6.54427
 0.48272 6.44861
 0.48284 6.35493
 0.48296 6.26456
 0.48308 6.17896
 0.4832 6.09806
 0.48332 6.02082
 0.48344 5.94746
 0.48356 5.87966
 0.48368 5.81854
 0.4838 5.76578
 0.48392 5.7217
 0.48404 5.68543
 0.48416 5.65644
 0.48428 5.63308
 0.4844 5.61237
 0.48452 5.592
 0.48464 5.57145
 0.48476 5.54918
 0.48488 5.52324
 0.485 5.49266
 0.48512 5.45703
 0.48524 5.41801
 0.48536 5.37816
 0.48548 5.33793
 0.4856 5.29708
 0.48572 5.25661
 0.48584 5.2161
 0.48596 5.17539
 0.48608 5.13593
 0.4862 5.10036
 0.48632 5.07214
 0.48644 5.05371
 0.48656 5.04674
 0.48668 5.05316
 0.4868 5.0758
 0.48692 5.11717
 0.48704 5.17917
 0.48716 5.26324
 0.48728 5.36896
 0.4874 5.49599
 0.48752 5.6461
 0.48764 5.82096
 0.48776 6.02181
 0.48788 6.25295
 0.488 6.51822
 0.48812 6.81763
 0.48824 7.1501
 0.48836 7.51538
 0.48848 7.91461
 0.4886 8.34867
 0.48872 8.81612
 0.48884 9.31446
 0.48896 9.84178
 0.48908 10.3951
 0.4892 10.9703
 0.48932 11.5638
 0.48944 12.1714
 0.48956 12.7867
 0.48968 13.4041
 0.4898 14.0168
 0.48992 14.6164
 0.49004 15.1959
 0.49016 15.7512
 0.49028 16.2763
 0.4904 16.7646
 0.49052 17.2104
 0.49064 17.6097
 0.49076 17.9625
 0.49088 18.2682
 0.491 18.5247
 0.49112 18.7322
 0.49124 18.8929
 0.49136 19.0085
 0.49148 19.081
 0.4916 19.1121
 0.49172 19.1024
 0.49184 19.0528
 0.49196 18.9649
 0.49208 18.8378
 0.4922 18.6736
 0.49232 18.4767
 0.49244 18.2506
 0.49256 17.996
 0.49268 17.7114
 0.4928 17.3932
 0.49292 17.0406
 0.49304 16.6547
 0.49316 16.2349
 0.49328 15.7805
 0.4934 15.292
 0.49352 14.7721
 0.49364 14.2267
 0.49376 13.6626
 0.49388 13.0849
 0.494 12.5002
 0.49412 11.9156
 0.49424 11.334
 0.49436 10.7588
 0.49448 10.1947
 0.4946 9.64856
 0.49472 9.12823
 0.49484 8.64156
 0.49496 8.19419
 0.49508 7.79135
 0.4952 7.43801
 0.49532 7.13772
 0.49544 6.89304
 0.49556 6.70403
 0.49568 6.56793
 0.4958 6.48315
 0.49592 6.4493
 0.49604 6.46449
 0.49616 6.52749
 0.49628 6.63754
 0.4964 6.79167
 0.49652 6.98656
 0.49664 7.21819
 0.49676 7.48222
 0.49688 7.77408
 0.497 8.08918
 0.49712 8.42116
 0.49724 8.76538
 0.49736 9.11766
 0.49748 9.47208
 0.4976 9.82312
 0.49772 10.166
 0.49784 10.4938
 0.49796 10.7999
 0.49808 11.0773
 0.4982 11.3184
 0.49832 11.5172
 0.49844 11.6699
 0.49856 11.7725
 0.49868 11.8208
 0.4988 11.8119
 0.49892 11.742
 0.49904 11.6092
 0.49916 11.4142
 0.49928 11.1567
 0.4994 10.8382
 0.49952 10.4634
 0.49964 10.0381
 0.49976 9.57057
 0.49988 9.07025
 0.5 8.54654
 0.50012 8.01036
 0.50024 7.47266
 0.50036 6.94218
 0.50048 6.42677
 0.5006 5.93562
 0.50072 5.4776
 0.50084 5.06194
 0.50096 4.69944
 0.50108 4.39735
 0.5012 4.16053
 0.50132 3.99353
 0.50144 3.89884
 0.50156 3.87648
 0.50168 3.92351
 0.5018 4.03321
 0.50192 4.19897
 0.50204 4.41311
 0.50216 4.66695
 0.50228 4.95329
 0.5024 5.26679
 0.50252 5.60118
 0.50264 5.94712
 0.50276 6.2954
 0.50288 6.63531
 0.503 6.95656
 0.50312 7.25257
 0.50324 7.51888
 0.50336 7.75099
 0.50348 7.94519
 0.5036 8.09983
 0.50372 8.21612
 0.50384 8.29588
 0.50396 8.34077
 0.50408 8.35516
 0.5042 8.34351
 0.50432 8.30791
 0.50444 8.24874
 0.50456 8.16967
 0.50468 8.07654
 0.5048 7.97546
 0.50492 7.87332
 0.50504 7.77552
 0.50516 7.68399
 0.50528 7.59986
 0.5054 7.52515
 0.50552 7.46168
 0.50564 7.41021
 0.50576 7.37134
 0.50588 7.34761
 0.506 7.33977
 0.50612 7.34528
 0.50624 7.36162
 0.50636 7.38875
 0.50648 7.42806
 0.5066 7.47982
 0.50672 7.54439
 0.50684 7.62098
 0.50696 7.70809
 0.50708 7.80594
 0.5072 7.91786
 0.50732 8.04658
 0.50744 8.1932
 0.50756 8.35873
 0.50768 8.54403
 0.5078 8.74917
 0.50792 8.97311
 0.50804 9.2178
 0.50816 9.4874
 0.50828 9.78606
 0.5084 10.114
 0.50852 10.468
 0.50864 10.8398
 0.50876 11.2208
 0.50888 11.6041
 0.509 11.9832
 0.50912 12.3488
 0.50924 12.6906
 0.50936 12.9998
 0.50948 13.2695
 0.5096 13.4928
 0.50972 13.663
 0.50984 13.7738
 0.50996 13.8184
 0.51008 13.788
 0.5102 13.6733
 0.51032 13.466
 0.51044 13.1651
 0.51056 12.7764
 0.51068 12.3117
 0.5108 11.783
 0.51092 11.2014
 0.51104 10.5788
 0.51116 9.92812
 0.51128 9.26191
 0.5114 8.59165
 0.51152 7.92779
 0.51164 7.28093
 0.51176 6.66183
 0.51188 6.08143
 0.512 5.55179
 0.51212 5.0852
 0.51224 4.69447
 0.51236 4.3887
 0.51248 4.17013
 0.5126 4.03596
 0.51272 3.98059
 0.51284 3.99844
 0.51296 4.08382
 0.51308 4.23072
 0.5132 4.43465
 0.51332 4.68995
 0.51344 4.98995
 0.51356 5.32835
 0.51368 5.69787
 0.5138 6.09118
 0.51392 6.50035
 0.51404 6.91668
 0.51416 7.33122
 0.51428 7.73375
 0.5144 8.11776
 0.51452 8.47911
 0.51464 8.81482
 0.51476 9.12231
 0.51488 9.39918
 0.515 9.64355
 0.51512 9.85261
 0.51524 10.0217
 0.51536 10.15
 0.51548 10.2377
 0.5156 10.2853
 0.51572 10.2938
 0.51584 10.2638
 0.51596 10.196
 0.51608 10.092
 0.5162 9.95508
 0.51632 9.79015
 0.51644 9.60092
 0.51656 9.39142
 0.51668 9.16619
 0.5168 8.92997
 0.51692 8.68732
 0.51704 8.44201
 0.51716 8.19927
 0.51728 7.96552
 0.5174 7.74459
 0.51752 7.54045
 0.51764 7.35793
 0.51776 7.20384
 0.51788 7.08573
 0.518 7.01026
 0.51812 6.98121
 0.51824 7.00065
 0.51836 7.06996
 0.51848 7.19038
 0.5186 7.36186
 0.51872 7.58361
 0.51884 7.85416
 0.51896 8.17021
 0.51908 8.5288
 0.5192 8.92597
 0.51932 9.35787
 0.51944 9.82036
 0.51956 10.3076
 0.51968 10.8103
 0.5198 11.3162
 0.51992 11.8135
 0.52004 12.2938
 0.52016 12.7517
 0.52028 13.1813
 0.5204 13.5772
 0.52052 13.934
 0.52064 14.2478
 0.52076 14.5146
 0.52088 14.7329
 0.521 14.9057
 0.52112 15.0355
 0.52124 15.1228
 0.52136 15.1663
 0.52148 15.1668
 0.5216 15.1272
 0.52172 15.0545
 0.52184 14.957
 0.52196 14.8417
 0.52208 14.7119
 0.5222 14.5711
 0.52232 14.4236
 0.52244 14.2732
 0.52256 14.1235
 0.52268 13.9785
 0.5228 13.8421
 0.52292 13.7149
 0.52304 13.5933
 0.52316 13.4758
 0.52328 13.3653
 0.5234 13.2659
 0.52352 13.1802
 0.52364 13.1092
 0.52376 13.0515
 0.52388 13.0039
 0.524 12.9651
 0.52412 12.9339
 0.52424 12.9086
 0.52436 12.8865
 0.52448 12.8658
 0.5246 12.8445
 0.52472 12.82
 0.52484 12.7904
 0.52496 12.7558
 0.52508 12.7165
 0.5252 12.6708
 0.52532 12.6147
 0.52544 12.5446
 0.52556 12.4571
 0.52568 12.3501
 0.5258 12.2235
 0.52592 12.0794
 0.52604 11.9192
 0.52616 11.7448
 0.52628 11.5596
 0.5264 11.3675
 0.52652 11.1718
 0.52664 10.9751
 0.52676 10.7796
 0.52688 10.5868
 0.527 10.3989
 0.52712 10.22
 0.52724 10.0548
 0.52736 9.90764
 0.52748 9.7822
 0.5276 9.68177
 0.52772 9.60834
 0.52784 9.56232
 0.52796 9.54361
 0.52808 9.55193
 0.5282 9.5855
 0.52832 9.64142
 0.52844 9.71667
 0.52856 9.80912
 0.52868 9.91731
 0.5288 10.0401
 0.52892 10.1773
 0.52904 10.3267
 0.52916 10.485
 0.52928 10.6472
 0.5294 10.8078
 0.52952 10.9622
 0.52964 11.1064
 0.52976 11.2375
 0.52988 11.3519
 0.53 11.4443
 0.53012 11.5103
 0.53024 11.5459
 0.53036 11.5477
 0.53048 11.5116
 0.5306 11.4332
 0.53072 11.3089
 0.53084 11.1346
 0.53096 10.9061
 0.53108 10.6196
 0.5312 10.2744
 0.53132 9.873
 0.53144 9.42002
 0.53156 8.91955
 0.53168 8.37533
 0.5318 7.79156
 0.53192 7.17656
 0.53204 6.54215
 0.53216 5.90025
 0.53228 5.26343
 0.5324 4.64453
 0.53252 4.05665
 0.53264 3.51274
 0.53276 3.0249
 0.53288 2.60554
 0.533 2.26755
 0.53312 2.02185
 0.53324 1.87662
 0.53336 1.83609
 0.53348 1.90141
 0.5336 2.07338
 0.53372 2.35223
 0.53384 2.73463
 0.53396 3.21075
 0.53408 3.76873
 0.5342 4.39634
 0.53432 5.08102
 0.53444 5.80989
 0.53456 6.5693
 0.53468 7.34563
 0.5348 8.12542
 0.53492 8.89388
 0.53504 9.63527
 0.53516 10.3366
 0.53528 10.9852
 0.5354 11.5736
 0.53552 12.0969
 0.53564 12.5517
 0.53576 12.9368
 0.53588 13.2552
 0.536 13.5116
 0.53612 13.7098
 0.53624 13.8527
 0.53636 13.9428
 0.53648 13.9834
 0.5366 13.979
 0.53672 13.9349
 0.53684 13.8563
 0.53696 13.7516
 0.53708 13.63
 0.5372 13.4993
 0.53732 13.3671
 0.53744 13.2382
 0.53756 13.1154
 0.53768 12.9969
 0.5378 12.8789
 0.53792 12.7577
 0.53804 12.6328
 0.53816 12.5045
 0.53828 12.3746
 0.5384 12.2453
 0.53852 12.1176
 0.53864 11.9903
 0.53876 11.861
 0.53888 11.7271
 0.539 11.5838
 0.53912 11.4263
 0.53924 11.249
 0.53936 11.0463
 0.53948 10.811
 0.5396 10.5401
 0.53972 10.237
 0.53984 9.90648
 0.53996 9.55092
 0.54008 9.17159
 0.5402 8.76987
 0.54032 8.34676
 0.54044 7.90326
 0.54056 7.44192
 0.54068 6.96843
 0.5408 6.48881
 0.54092 6.0085
 0.54104 5.53315
 0.54116 5.06906
 0.54128 4.62364
 0.5414 4.20657
 0.54152 3.82804
 0.54164 3.49282
 0.54176 3.20025
 0.54188 2.94975
 0.542 2.74073
 0.54212 2.57224
 0.54224 2.4423
 0.54236 2.34864
 0.54248 2.28912
 0.5426 2.25964
 0.54272 2.25466
 0.54284 2.26948
 0.54296 2.30067
 0.54308 2.34492
 0.5432 2.39818
 0.54332 2.45646
 0.54344 2.51471
 0.54356 2.57019
 0.54368 2.62335
 0.5438 2.67581
 0.54392 2.72756
 0.54404 2.77888
 0.54416 2.83046
 0.54428 2.88405
 0.5444 2.94035
 0.54452 2.99998
 0.54464 3.0657
 0.54476 3.13881
 0.54488 3.21879
 0.545 3.30457
 0.54512 3.39505
 0.54524 3.48808
 0.54536 3.58165
 0.54548 3.67277
 0.5456 3.75717
 0.54572 3.83085
 0.54584 3.89251
 0.54596 3.94345
 0.54608 3.98517
 0.5462 4.01888
 0.54632 4.04609
 0.54644 4.0703
 0.54656 4.09395
 0.54668 4.11806
 0.5468 4.14728
 0.54692 4.18727
 0.54704 4.24378
 0.54716 4.32296
 0.54728 4.43005
 0.5474 4.56698
 0.54752 4.7362
 0.54764 4.93876
 0.54776 5.17351
 0.54788 5.43615
 0.548 5.71981
 0.54812 6.01699
 0.54824 6.32026
 0.54836 6.62116
 0.54848 6.91047
 0.5486 7.18009
 0.54872 7.42134
 0.54884 7.62336
 0.54896 7.77532
 0.54908 7.86644
 0.5492 7.8862
 0.54932 7.82988
 0.54944 7.69608
 0.54956 7.48399
 0.54968 7.19547
 0.5498 6.83418
 0.54992 6.40667
 0.55004 5.92252
 0.55016 5.39136
 0.55028 4.82325
 0.5504 4.22897
 0.55052 3.61939
 0.55064 3.00631
 0.55076 2.40242
 0.55088 1.82012
 0.551 1.27129
 0.55112 0.767538
 0.55124 0.319409
 0.55136 -0.0665141
 0.55148 -0.384337
 0.5516 -0.6291
 0.55172 -0.798165
 0.55184 -0.890385
 0.55196 -0.908093
 0.55208 -0.853671
 0.5522 -0.728406
 0.55232 -0.535912
 0.55244 -0.280756
 0.55256 0.0318871
 0.55268 0.395094
 0.5528 0.80222
 0.55292 1.24843
 0.55304 1.73011
 0.55316 2.24399
 0.55328 2.78569
 0.5534 3.34973
 0.55352 3.93112
 0.55364 4.52591
 0.55376 5.13214
 0.55388 5.74928
 0.554 6.37688
 0.55412 7.00939
 0.55424 7.6411
 0.55436 8.27042
 0.55448 8.89694
 0.5546 9.52057
 0.55472 10.1418
 0.55484 10.7592
 0.55496 11.3679
 0.55508 11.961
 0.5552 12.5317
 0.55532 13.0771
 0.55544 13.595
 0.55556 14.0811
 0.55568 14.53
 0.5558 14.9356
 0.55592 15.2914
 0.55604 15.5955
 0.55616 15.8515
 0.55628 16.0614
 0.5564 16.2232
 0.55652 16.3333
 0.55664 16.3887
 0.55676 16.3866
 0.55688 16.3268
 0.557 16.2135
 0.55712 16.0526
 0.55724 15.8491
 0.55736 15.6061
 0.55748 15.329
 0.5576 15.0248
 0.55772 14.6999
 0.55784 14.361
 0.55796 14.0137
 0.55808 13.6592
 0.5582 13.2971
 0.55832 12.928
 0.55844 12.5558
 0.55856 12.1861
 0.55868 11.8241
 0.5588 11.475
 0.55892 11.1418
 0.55904 10.826
 0.55916 10.5281
 0.55928 10.2484
 0.5594 9.98573
 0.55952 9.73641
 0.55964 9.49822
 0.55976 9.26945
 0.55988 9.04885
 0.56 8.83686
 0.56012 8.63523
 0.56024 8.4459
 0.56036 8.27046
 0.56048 8.10806
 0.5606 7.95715
 0.56072 7.81615
 0.56084 7.68306
 0.56096 7.55619
 0.56108 7.43313
 0.5612 7.31142
 0.56132 7.18989
 0.56144 7.06954
 0.56156 6.95118
 0.56168 6.8345
 0.5618 6.71919
 0.56192 6.60266
 0.56204 6.48066
 0.56216 6.34884
 0.56228 6.20272
 0.5624 6.03875
 0.56252 5.85517
 0.56264 5.65004
 0.56276 5.4222
 0.56288 5.17135
 0.563 4.89771
 0.56312 4.60419
 0.56324 4.29454
 0.56336 3.97168
 0.56348 3.63855
 0.5636 3.2995
 0.56372 2.95761
 0.56384 2.61721
 0.56396 2.2865
 0.56408 1.97446
 0.5642 1.69005
 0.56432 1.44177
 0.56444 1.23594
 0.56456 1.07828
 0.56468 0.974784
 0.5648 0.92871
 0.56492 0.941503
 0.56504 1.01346
 0.56516 1.14149
 0.56528 1.32209
 0.5654 1.55208
 0.56552 1.8261
 0.56564 2.13923
 0.56576 2.48718
 0.56588 2.86156
 0.566 3.25184
 0.56612 3.64813
 0.56624 4.04115
 0.56636 4.42293
 0.56648 4.7873
 0.5666 5.12761
 0.56672 5.43777
 0.56684 5.71626
 0.56696 5.96305
 0.56708 6.17938
 0.5672 6.36819
 0.56732 6.53127
 0.56744 6.66978
 0.56756 6.78575
 0.56768 6.88005
 0.5678 6.95607
 0.56792 7.02085
 0.56804 7.0796
 0.56816 7.13505
 0.56828 7.18875
 0.5684 7.24099
 0.56852 7.29115
 0.56864 7.33909
 0.56876 7.38335
 0.56888 7.41968
 0.569 7.44344
 0.56912 7.44959
 0.56924 7.43339
 0.56936 7.39218
 0.56948 7.32484
 0.5696 7.23059
 0.56972 7.10898
 0.56984 6.95752
 0.56996 6.77372
 0.57008 6.56039
 0.5702 6.32272
 0.57032 6.06686
 0.57044 5.79981
 0.57056 5.52881
 0.57068 5.261
 0.5708 5.00451
 0.57092 4.76827
 0.57104 4.56091
 0.57116 4.38953
 0.57128 4.25959
 0.5714 4.1746
 0.57152 4.1369
 0.57164 4.14862
 0.57176 4.21131
 0.57188 4.32593
 0.572 4.49077
 0.57212 4.69968
 0.57224 4.94543
 0.57236 5.22031
 0.57248 5.51652
 0.5726 5.82642
 0.57272 6.14227
 0.57284 6.45423
 0.57296 6.75184
 0.57308 7.02657
 0.5732 7.27411
 0.57332 7.49229
 0.57344 7.6805
 0.57356 7.83812
 0.57368 7.96402
 0.5738 8.05763
 0.57392 8.11929
 0.57404 8.15104
 0.57416 8.15659
 0.57428 8.13987
 0.5744 8.10426
 0.57452 8.05241
 0.57464 7.98649
 0.57476 7.90984
 0.57488 7.8288
 0.575 7.74959
 0.57512 7.67488
 0.57524 7.60315
 0.57536 7.5304
 0.57548 7.45155
 0.5756 7.36367
 0.57572 7.26563
 0.57584 7.15658
 0.57596 7.03688
 0.57608 6.90679
 0.5762 6.76639
 0.57632 6.61638
 0.57644 6.45914
 0.57656 6.29786
 0.57668 6.13594
 0.5768 5.9754
 0.57692 5.81761
 0.57704 5.66329
 0.57716 5.51426
 0.57728 5.37486
 0.5774 5.25226
 0.57752 5.15335
 0.57764 5.08093
 0.57776 5.03626
 0.57788 5.01879
 0.578 5.02604
 0.57812 5.05537
 0.57824 5.10406
 0.57836 5.16989
 0.57848 5.25012
 0.5786 5.34174
 0.57872 5.44177
 0.57884 5.54634
 0.57896 5.64995
 0.57908 5.75253
 0.5792 5.85547
 0.57932 5.95661
 0.57944 6.05123
 0.57956 6.13682
 0.57968 6.21432
 0.5798 6.28564
 0.57992 6.35501
 0.58004 6.4274
 0.58016 6.50782
 0.58028 6.59942
 0.5804 6.69981
 0.58052 6.8058
 0.58064 6.91387
 0.58076 7.02129
 0.58088 7.12908
 0.581 7.23838
 0.58112 7.34324
 0.58124 7.43939
 0.58136 7.52918
 0.58148 7.61707
 0.5816 7.70159
 0.58172 7.77912
 0.58184 7.8452
 0.58196 7.89426
 0.58208 7.92069
 0.5822 7.91905
 0.58232 7.88983
 0.58244 7.84033
 0.58256 7.77897
 0.58268 7.71591
 0.5828 7.65658
 0.58292 7.60221
 0.58304 7.55561
 0.58316 7.52098
 0.58328 7.49699
 0.5834 7.47443
 0.58352 7.44717
 0.58364 7.41654
 0.58376 7.38472
 0.58388 7.35431
 0.584 7.32888
 0.58412 7.31229
 0.58424 7.30769
 0.58436 7.3127
 0.58448 7.32223
 0.5846 7.32734
 0.58472 7.31804
 0.58484 7.29517
 0.58496 7.26178
 0.58508 7.22059
 0.5852 7.1777
 0.58532 7.14417
 0.58544 7.13149
 0.58556 7.14387
 0.58568 7.18223
 0.5858 7.24758
 0.58592 7.3396
 0.58604 7.45499
 0.58616 7.59006
 0.58628 7.7419
 0.5864 7.90942
 0.58652 8.09313
 0.58664 8.30079
 0.58676 8.53494
 0.58688 8.78754
 0.587 9.04998
 0.58712 9.31292
 0.58724 9.56429
 0.58736 9.7913
 0.58748 9.98686
 0.5876 10.1475
 0.58772 10.27
 0.58784 10.3508
 0.58796 10.3896
 0.58808 10.3893
 0.5882 10.3529
 0.58832 10.2818
 0.58844 10.1757
 0.58856 10.0301
 0.58868 9.83556
 0.5888 9.59028
 0.58892 9.29684
 0.58904 8.95785
 0.58916 8.57626
 0.58928 8.15561
 0.5894 7.70062
 0.58952 7.217
 0.58964 6.71027
 0.58976 6.18585
 0.58988 5.64973
 0.59 5.10492
 0.59012 4.55333
 0.59024 3.99761
 0.59036 3.44291
 0.59048 2.89746
 0.5906 2.37446
 0.59072 1.88757
 0.59084 1.44825
 0.59096 1.06892
 0.59108 0.762334
 0.5912 0.541434
 0.59132 0.418509
 0.59144 0.39744
 0.59156 0.473958
 0.59168 0.644021
 0.5918 0.903556
 0.59192 1.24826
 0.59204 1.67456
 0.59216 2.17894
 0.59228 2.75688
 0.5924 3.4023
 0.59252 4.10629
 0.59264 4.85802
 0.59276 5.64647
 0.59288 6.45507
 0.593 7.26267
 0.59312 8.04768
 0.59324 8.78837
 0.59336 9.46503
 0.59348 10.0693
 0.5936 10.5993
 0.59372 11.0533
 0.59384 11.4298
 0.59396 11.7277
 0.59408 11.9459
 0.5942 12.0832
 0.59432 12.1391
 0.59444 12.1131
 0.59456 12.005
 0.59468 11.8152
 0.5948 11.5457
 0.59492 11.2099
 0.59504 10.8246
 0.59516 10.4071
 0.59528 9.97483
 0.5954 9.54262
 0.59552 9.11864
 0.59564 8.70791
 0.59576 8.31421
 0.59588 7.94076
 0.596 7.59033
 0.59612 7.26571
 0.59624 6.96968
 0.59636 6.70503
 0.59648 6.47565
 0.5966 6.28682
 0.59672 6.14383
 0.59684 6.04788
 0.59696 5.99136
 0.59708 5.96456
 0.5972 5.95602
 0.59732 5.95464
 0.59744 5.95125
 0.59756 5.93865
 0.59768 5.91222
 0.5978 5.86685
 0.59792 5.79725
 0.59804 5.69829
 0.59816 5.56483
 0.59828 5.39174
 0.5984 5.17364
 0.59852 4.9029
 0.59864 4.57169
 0.59876 4.17302
 0.59888 3.70631
 0.599 3.17933
 0.59912 2.60294
 0.59924 1.99017
 0.59936 1.35345
 0.59948 0.704525
 0.5996 0.054447
 0.59972 -0.586502
 0.59984 -1.20461
 0.59996 -1.78543
 0.60008 -2.3145
 0.6002 -2.77735
 0.60032 -3.15953
 0.60044 -3.44604
 0.60056 -3.62149
 0.60068 -3.67483
 0.6008 -3.59654
 0.60092 -3.38788
 0.60104 -3.0579
 0.60116 -2.61922
 0.60128 -2.08548
 0.6014 -1.47007
 0.60152 -0.78644
 0.60164 -0.04782
 0.60176 0.731624
 0.60188 1.5359
 0.602 2.34943
 0.60212 3.15666
 0.60224 3.94206
 0.60236 4.69008
 0.60248 5.38499
 0.6026 6.0149
 0.60272 6.57276
 0.60284 7.05167
 0.60296 7.45388
 0.60308 7.78822
 0.6032 8.06597
 0.60332 8.2985
 0.60344 8.497
 0.60356 8.67302
 0.60368 8.83767
 0.6038 9.00194
 0.60392 9.17355
 0.60404 9.35845
 0.60416 9.56255
 0.60428 9.79179
 0.6044 10.0521
 0.60452 10.3489
 0.60464 10.6827
 0.60476 11.0535
 0.60488 11.4624
 0.605 11.9015
 0.60512 12.3544
 0.60524 12.805
 0.60536 13.2387
 0.60548 13.6416
 0.6056 14
 0.60572 14.3003
 0.60584 14.5313
 0.60596 14.6876
 0.60608 14.7651
 0.6062 14.7595
 0.60632 14.6665
 0.60644 14.4819
 0.60656 14.2028
 0.60668 13.8322
 0.6068 13.3722
 0.60692 12.827
 0.60704 12.2141
 0.60716 11.5554
 0.60728 10.8686
 0.6074 10.166
 0.60752 9.46006
 0.60764 8.76353
 0.60776 8.08904
 0.60788 7.44657
 0.608 6.84293
 0.60812 6.28476
 0.60824 5.77872
 0.60836 5.33144
 0.60848 4.94955
 0.6086 4.6366
 0.60872 4.38992
 0.60884 4.20663
 0.60896 4.08001
 0.60908 3.99641
 0.6092 3.94314
 0.60932 3.91627
 0.60944 3.91595
 0.60956 3.93883
 0.60968 3.98121
 0.6098 4.03991
 0.60992 4.1127
 0.61004 4.19782
 0.61016 4.29349
 0.61028 4.39768
 0.6104 4.50808
 0.61052 4.62245
 0.61064 4.73982
 0.61076 4.86075
 0.61088 4.98617
 0.611 5.11744
 0.61112 5.2559
 0.61124 5.40015
 0.61136 5.54205
 0.61148 5.67514
 0.6116 5.797
 0.61172 5.90302
 0.61184 5.98778
 0.61196 6.04591
 0.61208 6.07206
 0.6122 6.06112
 0.61232 6.00935
 0.61244 5.91356
 0.61256 5.77132
 0.61268 5.58361
 0.6128 5.35079
 0.61292 5.07298
 0.61304 4.7516
 0.61316 4.38795
 0.61328 3.98643
 0.6134 3.55424
 0.61352 3.0961
 0.61364 2.61738
 0.61376 2.12707
 0.61388 1.63479
 0.614 1.15017
 0.61412 0.682789
 0.61424 0.241357
 0.61436 -0.167479
 0.61448 -0.537599
 0.6146 -0.86486
 0.61472 -1.14703
 0.61484 -1.37949
 0.61496 -1.55797
 0.61508 -1.6782
 0.6152 -1.73617
 0.61532 -1.73185
 0.61544 -1.66785
 0.61556 -1.54719
 0.61568 -1.37578
 0.6158 -1.16197
 0.61592 -0.915379
 0.61604 -0.64591
 0.61616 -0.363266
 0.61628 -0.0750218
 0.6164 0.213023
 0.61652 0.496641
 0.61664 0.773662
 0.61676 1.04148
 0.61688 1.2965
 0.617 1.53552
 0.61712 1.75518
 0.61724 1.95332
 0.61736 2.13095
 0.61748 2.29187
 0.6176 2.43916
 0.61772 2.57987
 0.61784 2.72316
 0.61796 2.88015
 0.61808 3.06215
 0.6182 3.27908
 0.61832 3.53552
 0.61844 3.83432
 0.61856 4.17583
 0.61868 4.55909
 0.6188 4.98185
 0.61892 5.44223
 0.61904 5.93904
 0.61916 6.47103
 0.61928 7.03643
 0.6194 7.63186
 0.61952 8.25396
 0.61964 8.89872
 0.61976 9.55541
 0.61988 10.211
 0.62 10.8511
 0.62012 11.4618
 0.62024 12.0331
 0.62036 12.5616
 0.62048 13.0442
 0.6206 13.4775
 0.62072 13.8585
 0.62084 14.1866
 0.62096 14.458
 0.62108 14.6682
 0.6212 14.8133
 0.62132 14.8893
 0.62144 14.8924
 0.62156 14.8181
 0.62168 14.6674
 0.6218 14.4489
 0.62192 14.1737
 0.62204 13.8534
 0.62216 13.4988
 0.62228 13.1177
 0.6224 12.7153
 0.62252 12.2994
 0.62264 11.8811
 0.62276 11.4705
 0.62288 11.0774
 0.623 10.7139
 0.62312 10.3905
 0.62324 10.1177
 0.62336 9.90591
 0.62348 9.76602
 0.6236 9.70861
 0.62372 9.73739
 0.62384 9.84807
 0.62396 10.0348
 0.62408 10.2919
 0.6242 10.6127
 0.62432 10.9879
 0.62444 11.4072
 0.62456 11.857
 0.62468 12.3221
 0.6248 12.7889
 0.62492 13.2444
 0.62504 13.6754
 0.62516 14.0688
 0.62528 14.4112
 0.6254 14.6893
 0.62552 14.889
 0.62564 14.997
 0.62576 15.008
 0.62588 14.9219
 0.626 14.7387
 0.62612 14.4585
 0.62624 14.0849
 0.62636 13.6267
 0.62648 13.0948
 0.6266 12.5014
 0.62672 11.8578
 0.62684 11.1736
 0.62696 10.458
 0.62708 9.72456
 0.6272 8.98758
 0.62732 8.26152
 0.62744 7.56095
 0.62756 6.90132
 0.62768 6.29363
 0.6278 5.74178
 0.62792 5.2486
 0.62804 4.81693
 0.62816 4.44929
 0.62828 4.14525
 0.6284 3.90299
 0.62852 3.71958
 0.62864 3.59177
 0.62876 3.51809
 0.62888 3.49774
 0.629 3.52765
 0.62912 3.60092
 0.62924 3.71037
 0.62936 3.8488
 0.62948 4.00894
 0.6296 4.184
 0.62972 4.37353
 0.62984 4.5803
 0.62996 4.80714
 0.63008 5.05702
 0.6302 5.33309
 0.63032 5.63498
 0.63044 5.95715
 0.63056 6.29451
 0.63068 6.64149
 0.6308 6.99176
 0.63092 7.33907
 0.63104 7.67847
 0.63116 8.00575
 0.63128 8.31669
 0.6314 8.60708
 0.63152 8.87313
 0.63164 9.11049
 0.63176 9.31134
 0.63188 9.46724
 0.632 9.56944
 0.63212 9.60886
 0.63224 9.57781
 0.63236 9.47908
 0.63248 9.32147
 0.6326 9.1138
 0.63272 8.86531
 0.63284 8.58574
 0.63296 8.28492
 0.63308 7.97265
 0.6332 7.65875
 0.63332 7.35305
 0.63344 7.06511
 0.63356 6.80204
 0.63368 6.56998
 0.6338 6.37566
 0.63392 6.22594
 0.63404 6.12959
 0.63416 6.09605
 0.63428 6.13138
 0.6344 6.23325
 0.63452 6.39634
 0.63464 6.61506
 0.63476 6.88263
 0.63488 7.19101
 0.635 7.53206
 0.63512 7.8977
 0.63524 8.2798
 0.63536 8.67031
 0.63548 9.06324
 0.6356 9.45855
 0.63572 9.85769
 0.63584 10.2621
 0.63596 10.6715
 0.63608 11.0778
 0.6362 11.4724
 0.63632 11.8489
 0.63644 12.2041
 0.63656 12.5361
 0.63668 12.8437
 0.6368 13.1282
 0.63692 13.3926
 0.63704 13.6417
 0.63716 13.8806
 0.63728 14.1142
 0.6374 14.3467
 0.63752 14.5751
 0.63764 14.7881
 0.63776 14.9737
 0.63788 15.1198
 0.638 15.2223
 0.63812 15.288
 0.63824 15.3239
 0.63836 15.3364
 0.63848 15.3297
 0.6386 15.3058
 0.63872 15.266
 0.63884 15.2091
 0.63896 15.1282
 0.63908 15.0115
 0.6392 14.8473
 0.63932 14.6237
 0.63944 14.332
 0.63956 13.9748
 0.63968 13.5612
 0.6398 13.1006
 0.63992 12.6014
 0.64004 12.0612
 0.64016 11.4723
 0.64028 10.8266
 0.6404 10.1168
 0.64052 9.34136
 0.64064 8.50407
 0.64076 7.60907
 0.64088 6.66301
 0.641 5.68347
 0.64112 4.69185
 0.64124 3.71137
 0.64136 2.76558
 0.64148 1.87344
 0.6416 1.04563
 0.64172 0.290503
 0.64184 -0.385501
 0.64196 -0.975388
 0.64208 -1.46708
 0.6422 -1.8471
 0.64232 -2.10197
 0.64244 -2.22012
 0.64256 -2.20101
 0.64268 -2.04762
 0.6428 -1.76189
 0.64292 -1.35094
 0.64304 -0.829867
 0.64316 -0.218324
 0.64328 0.45747
 0.6434 1.17102
 0.64352 1.89929
 0.64364 2.62188
 0.64376 3.31929
 0.64388 3.97639
 0.644 4.58013
 0.64412 5.11561
 0.64424 5.56758
 0.64436 5.92078
 0.64448 6.16336
 0.6446 6.29081
 0.64472 6.29658
 0.64484 6.17232
 0.64496 5.91984
 0.64508 5.54497
 0.6452 5.06302
 0.64532 4.49643
 0.64544 3.86738
 0.64556 3.19673
 0.64568 2.5055
 0.6458 1.81362
 0.64592 1.13628
 0.64604 0.487054
 0.64616 -0.119195
 0.64628 -0.667492
 0.6464 -1.14295
 0.64652 -1.53297
 0.64664 -1.82695
 0.64676 -2.00779
 0.64688 -2.06209
 0.647 -1.98796
 0.64712 -1.7862
 0.64724 -1.46686
 0.64736 -1.04343
 0.64748 -0.52926
 0.6476 0.0611117
 0.64772 0.711617
 0.64784 1.4069
 0.64796 2.13388
 0.64808 2.87833
 0.6482 3.62471
 0.64832 4.35751
 0.64844 5.06133
 0.64856 5.72283
 0.64868 6.32865
 0.6488 6.86108
 0.64892 7.30909
 0.64904 7.66661
 0.64916 7.92928
 0.64928 8.09784
 0.6494 8.17413
 0.64952 8.16051
 0.64964 8.06316
 0.64976 7.89064
 0.64988 7.65155
 0.65 7.35516
 0.65012 7.01382
 0.65024 6.64088
 0.65036 6.2498
 0.65048 5.85338
 0.6506 5.46277
 0.65072 5.08951
 0.65084 4.746
 0.65096 4.4427
 0.65108 4.18948
 0.6512 3.99509
 0.65132 3.86622
 0.65144 3.80935
 0.65156 3.82948
 0.65168 3.92541
 0.6518 4.09272
 0.65192 4.32643
 0.65204 4.6193
 0.65216 4.96197
 0.65228 5.34367
 0.6524 5.75413
 0.65252 6.18413
 0.65264 6.62482
 0.65276 7.06682
 0.65288 7.49895
 0.653 7.90972
 0.65312 8.28769
 0.65324 8.62186
 0.65336 8.90159
 0.65348 9.11629
 0.6536 9.25816
 0.65372 9.32605
 0.65384 9.32118
 0.65396 9.24574
 0.65408 9.10365
 0.6542 8.90001
 0.65432 8.64146
 0.65444 8.33305
 0.65456 7.97918
 0.65468 7.58432
 0.6548 7.15468
 0.65492 6.6986
 0.65504 6.22449
 0.65516 5.74079
 0.65528 5.25594
 0.6554 4.77838
 0.65552 4.31644
 0.65564 3.87603
 0.65576 3.45974
 0.65588 3.06925
 0.656 2.70539
 0.65612 2.36837
 0.65624 2.05745
 0.65636 1.77152
 0.65648 1.51049
 0.6566 1.27461
 0.65672 1.06406
 0.65684 0.877337
 0.65696 0.712157
 0.65708 0.566211
 0.6572 0.437197
 0.65732 0.322808
 0.65744 0.220598
 0.65756 0.12806
 0.65768 0.0431478
 0.6578 -0.0350531
 0.65792 -0.106837
 0.65804 -0.172244
 0.65816 -0.231199
 0.65828 -0.283327
 0.6584 -0.328245
 0.65852 -0.365272
 0.65864 -0.394498
 0.65876 -0.415746
 0.65888 -0.428469
 0.659 -0.431491
 0.65912 -0.423326
 0.65924 -0.402486
 0.65936 -0.367468
 0.65948 -0.316276
 0.6596 -0.24626
 0.65972 -0.154853
 0.65984 -0.040895
 0.65996 0.0961365
 0.66008 0.256625
 0.6602 0.440934
 0.66032 0.649296
 0.66044 0.881332
 0.66056 1.13619
 0.66068 1.4127
 0.6608 1.70933
 0.66092 2.02422
 0.66104 2.35303
 0.66116 2.6909
 0.66128 3.03299
 0.6614 3.37444
 0.66152 3.70872
 0.66164 4.02797
 0.66176 4.32473
 0.66188 4.59281
 0.662 4.82719
 0.66212 5.02271
 0.66224 5.17431
 0.66236 5.27749
 0.66248 5.32885
 0.6626 5.32661
 0.66272 5.27148
 0.66284 5.16373
 0.66296 5.0057
 0.66308 4.80273
 0.6632 4.56039
 0.66332 4.2842
 0.66344 3.98
 0.66356 3.6565
 0.66368 3.32356
 0.6638 2.99175
 0.66392 2.6713
 0.66404 2.37229
 0.66416 2.10675
 0.66428 1.88634
 0.6644 1.72202
 0.66452 1.62227
 0.66464 1.59125
 0.66476 1.63246
 0.66488 1.7498
 0.665 1.94497
 0.66512 2.21844
 0.66524 2.57065
 0.66536 3.00214
 0.66548 3.51267
 0.6656 4.10024
 0.66572 4.76149
 0.66584 5.48849
 0.66596 6.27235
 0.66608 7.10178
 0.6662 7.96224
 0.66632 8.83961
 0.66644 9.72073
 0.66656 10.5982
 0.66668 11.4657
 0.6668 12.315
 0.66692 13.1374
 0.66704 13.9252
 0.66716 14.6705
 0.66728 15.3643
 0.6674 15.9967
 0.66752 16.5573
 0.66764 17.0365
 0.66776 17.4276
 0.66788 17.7321
 0.668 17.9489
 0.66812 18.0794
 0.66824 18.1269
 0.66836 18.0946
 0.66848 17.982
 0.6686 17.7836
 0.66872 17.4981
 0.66884 17.1261
 0.66896 16.6693
 0.66908 16.1296
 0.6692 15.5104
 0.66932 14.8204
 0.66944 14.0724
 0.66956 13.2798
 0.66968 12.4559
 0.6698 11.6089
 0.66992 10.7423
 0.67004 9.86549
 0.67016 8.98707
 0.67028 8.11539
 0.6704 7.25983
 0.67052 6.43537
 0.67064 5.6583
 0.67076 4.94155
 0.67088 4.29692
 0.671 3.73211
 0.67112 3.25332
 0.67124 2.86288
 0.67136 2.5546
 0.67148 2.31803
 0.6716 2.14224
 0.67172 2.01674
 0.67184 1.93546
 0.67196 1.89512
 0.67208 1.89066
 0.6722 1.91704
 0.67232 1.96818
 0.67244 2.03598
 0.67256 2.10802
 0.67268 2.17134
 0.6728 2.2136
 0.67292 2.22516
 0.67304 2.2023
 0.67316 2.14236
 0.67328 2.047
 0.6734 1.92318
 0.67352 1.77979
 0.67364 1.62637
 0.67376 1.47279
 0.67388 1.32578
 0.674 1.18701
 0.67412 1.05634
 0.67424 0.934242
 0.67436 0.823255
 0.67448 0.728022
 0.6746 0.654956
 0.67472 0.610842
 0.67484 0.602302
 0.67496 0.632816
 0.67508 0.703086
 0.6752 0.813507
 0.67532 0.962931
 0.67544 1.14859
 0.67556 1.36622
 0.67568 1.60767
 0.6758 1.86287
 0.67592 2.12362
 0.67604 2.38572
 0.67616 2.64684
 0.67628 2.90507
 0.6764 3.15483
 0.67652 3.38951
 0.67664 3.60474
 0.67676 3.79626
 0.67688 3.95999
 0.677 4.0928
 0.67712 4.19159
 0.67724 4.25313
 0.67736 4.27441
 0.67748 4.25388
 0.6776 4.19537
 0.67772 4.10995
 0.67784 4.01021
 0.67796 3.90814
 0.67808 3.81406
 0.6782 3.73184
 0.67832 3.66354
 0.67844 3.61668
 0.67856 3.59538
 0.67868 3.60071
 0.6788 3.6337
 0.67892 3.6954
 0.67904 3.78707
 0.67916 3.91052
 0.67928 4.06758
 0.6794 4.25994
 0.67952 4.48593
 0.67964 4.73687
 0.67976 4.99897
 0.67988 5.25807
 0.68 5.5
 0.68012 5.71431
 0.68024 5.90048
 0.68036 6.05813
 0.68048 6.1842
 0.6806 6.27951
 0.68072 6.34582
 0.68084 6.38484
 0.68096 6.3983
 0.68108 6.38763
 0.6812 6.35404
 0.68132 6.2987
 0.68144 6.22312
 0.68156 6.13024
 0.68168 6.02543
 0.6818 5.91586
 0.68192 5.80871
 0.68204 5.711
 0.68216 5.62504
 0.68228 5.54809
 0.6824 5.47787
 0.68252 5.41213
 0.68264 5.34776
 0.68276 5.28159
 0.68288 5.21044
 0.683 5.13115
 0.68312 5.04066
 0.68324 4.93593
 0.68336 4.81389
 0.68348 4.67141
 0.6836 4.50839
 0.68372 4.32511
 0.68384 4.12138
 0.68396 3.89699
 0.68408 3.65195
 0.6842 3.38788
 0.68432 3.10713
 0.68444 2.81204
 0.68456 2.5047
 0.68468 2.1861
 0.6848 1.85698
 0.68492 1.51807
 0.68504 1.17008
 0.68516 0.813739
 0.68528 0.450087
 0.6854 0.0810346
 0.68552 -0.290563
 0.68564 -0.663917
 0.68576 -1.0377
 0.68588 -1.40951
 0.686 -1.77621
 0.68612 -2.13459
 0.68624 -2.48141
 0.68636 -2.81328
 0.68648 -3.12658
 0.6866 -3.4153
 0.68672 -3.66968
 0.68684 -3.87951
 0.68696 -4.03394
 0.68708 -4.12208
 0.6872 -4.1333
 0.68732 -4.05898
 0.68744 -3.89328
 0.68756 -3.633
 0.68768 -3.2763
 0.6878 -2.82266
 0.68792 -2.27475
 0.68804 -1.63681
 0.68816 -0.913142
 0.68828 -0.108306
 0.6884 0.77233
 0.68852 1.72235
 0.68864 2.72983
 0.68876 3.77918
 0.68888 4.85458
 0.689 5.93868
 0.68912 7.01471
 0.68924 8.06686
 0.68936 9.0831
 0.68948 10.054
 0.6896 10.9728
 0.68972 11.8333
 0.68984 12.629
 0.68996 13.3564
 0.69008 14.0132
 0.6902 14.597
 0.69032 15.106
 0.69044 15.54
 0.69056 15.9001
 0.69068 16.1918
 0.6908 16.4209
 0.69092 16.5915
 0.69104 16.7082
 0.69116 16.7744
 0.69128 16.7929
 0.6914 16.7657
 0.69152 16.6944
 0.69164 16.5788
 0.69176 16.421
 0.69188 16.227
 0.692 16.0019
 0.69212 15.7506
 0.69224 15.478
 0.69236 15.188
 0.69248 14.8841
 0.6926 14.5689
 0.69272 14.244
 0.69284 13.914
 0.69296 13.5874
 0.69308 13.2735
 0.6932 12.9819
 0.69332 12.7185
 0.69344 12.484
 0.69356 12.2784
 0.69368 12.1034
 0.6938 11.9572
 0.69392 11.8344
 0.69404 11.7293
 0.69416 11.6364
 0.69428 11.5501
 0.6944 11.4654
 0.69452 11.3786
 0.69464 11.2861
 0.69476 11.1835
 0.69488 11.0627
 0.695 10.9128
 0.69512 10.7227
 0.69524 10.4822
 0.69536 10.1903
 0.69548 9.85217
 0.6956 9.47337
 0.69572 9.05842
 0.69584 8.6137
 0.69596 8.14689
 0.69608 7.66612
 0.6962 7.17956
 0.69632 6.69517
 0.69644 6.21785
 0.69656 5.74956
 0.69668 5.29277
 0.6968 4.85281
 0.69692 4.43722
 0.69704 4.05342
 0.69716 3.7091
 0.69728 3.40994
 0.6974 3.15444
 0.69752 2.93694
 0.69764 2.75111
 0.69776 2.59071
 0.69788 2.4492
 0.698 2.31917
 0.69812 2.19286
 0.69824 2.06249
 0.69836 1.92135
 0.69848 1.7688
 0.6986 1.60608
 0.69872 1.43173
 0.69884 1.24013
 0.69896 1.02647
 0.69908 0.786987
 0.6992 0.517036
 0.69932 0.213129
 0.69944 -0.123279
 0.69956 -0.486172
 0.69968 -0.866017
 0.6998 -1.25129
 0.69992 -1.6302
 0.70004 -1.99042
 0.70016 -2.31949
 0.70028 -2.605
 0.7004 -2.83631
 0.70052 -3.00697
 0.70064 -3.1098
 0.70076 -3.13424
 0.70088 -3.06792
 0.701 -2.9016
 0.70112 -2.62586
 0.70124 -2.23149
 0.70136 -1.71115
 0.70148 -1.06427
 0.7016 -0.296532
 0.70172 0.572666
 0.70184 1.52022
 0.70196 2.5229
 0.70208 3.55739
 0.7022 4.60025
 0.70232 5.62822
 0.70244 6.61942
 0.70256 7.55385
 0.70268 8.41052
 0.7028 9.16719
 0.70292 9.80207
 0.70304 10.2954
 0.70316 10.6277
 0.70328 10.7841
 0.7034 10.7528
 0.70352 10.5268
 0.70364 10.1113
 0.70376 9.52982
 0.70388 8.80806
 0.704 7.97237
 0.70412 7.0497
 0.70424 6.06732
 0.70436 5.05082
 0.70448 4.02288
 0.7046 3.00439
 0.70472 2.01638
 0.70484 1.07993
 0.70496 0.215729
 0.70508 -0.555839
 0.7052 -1.21807
 0.70532 -1.76027
 0.70544 -2.17271
 0.70556 -2.4482
 0.70568 -2.59213
 0.7058 -2.61972
 0.70592 -2.54813
 0.70604 -2.39717
 0.70616 -2.18808
 0.70628 -1.94186
 0.7064 -1.67362
 0.70652 -1.39395
 0.70664 -1.11253
 0.70676 -0.83903
 0.70688 -0.583101
 0.707 -0.354386
 0.70712 -0.161038
 0.70724 -0.00556907
 0.70736 0.11143
 0.70748 0.18911
 0.7076 0.228258
 0.70772 0.234224
 0.70784 0.216601
 0.70796 0.187601
 0.70808 0.163321
 0.7082 0.160793
 0.70832 0.195121
 0.70844 0.273279
 0.70856 0.399783
 0.70868 0.579043
 0.7088 0.815534
 0.70892 1.11437
 0.70904 1.48122
 0.70916 1.9147
 0.70928 2.40835
 0.7094 2.95608
 0.70952 3.5518
 0.70964 4.18917
 0.70976 4.86074
 0.70988 5.55693
 0.71 6.26625
 0.71012 6.97614
 0.71024 7.67411
 0.71036 8.35017
 0.71048 8.9986
 0.7106 9.61409
 0.71072 10.1913
 0.71084 10.7244
 0.71096 11.2034
 0.71108 11.6179
 0.7112 11.97
 0.71132 12.2642
 0.71144 12.5049
 0.71156 12.6968
 0.71168 12.8444
 0.7118 12.9525
 0.71192 13.0266
 0.71204 13.0706
 0.71216 13.0859
 0.71228 13.0735
 0.7124 13.0337
 0.71252 12.9658
 0.71264 12.8693
 0.71276 12.7438
 0.71288 12.5909
 0.713 12.4196
 0.71312 12.2365
 0.71324 12.0398
 0.71336 11.827
 0.71348 11.5955
 0.7136 11.343
 0.71372 11.0681
 0.71384 10.7707
 0.71396 10.451
 0.71408 10.1136
 0.7142 9.76614
 0.71432 9.41613
 0.71444 9.07113
 0.71456 8.73868
 0.71468 8.42618
 0.7148 8.14046
 0.71492 7.88579
 0.71504 7.66172
 0.71516 7.47068
 0.71528 7.31814
 0.7154 7.20975
 0.71552 7.15117
 0.71564 7.14685
 0.71576 7.19521
 0.71588 7.29304
 0.716 7.43675
 0.71612 7.61935
 0.71624 7.83307
 0.71636 8.07013
 0.71648 8.32277
 0.7166 8.58327
 0.71672 8.84498
 0.71684 9.1022
 0.71696 9.35032
 0.71708 9.58609
 0.7172 9.80426
 0.71732 9.99664
 0.71744 10.1559
 0.71756 10.2752
 0.71768 10.352
 0.7178 10.392
 0.71792 10.4002
 0.71804 10.3803
 0.71816 10.3369
 0.71828 10.2745
 0.7184 10.1976
 0.71852 10.1109
 0.71864 10.0185
 0.71876 9.92252
 0.71888 9.82473
 0.719 9.72604
 0.71912 9.62502
 0.71924 9.52503
 0.71936 9.43152
 0.71948 9.34584
 0.7196 9.26857
 0.71972 9.19539
 0.71984 9.11875
 0.71996 9.03433
 0.72008 8.93908
 0.7202 8.82997
 0.72032 8.70396
 0.72044 8.55802
 0.72056 8.38912
 0.72068 8.19481
 0.7208 7.9736
 0.72092 7.72405
 0.72104 7.44696
 0.72116 7.14523
 0.72128 6.81552
 0.7214 6.45777
 0.72152 6.07859
 0.72164 5.68667
 0.72176 5.29221
 0.72188 4.90492
 0.722 4.53234
 0.72212 4.1817
 0.72224 3.86022
 0.72236 3.57512
 0.72248 3.33365
 0.7226 3.143
 0.72272 3.01075
 0.72284 2.94773
 0.72296 2.96636
 0.72308 3.07682
 0.7232 3.28929
 0.72332 3.61644
 0.72344 4.06423
 0.72356 4.62604
 0.72368 5.29238
 0.7238 6.05384
 0.72392 6.90144
 0.72404 7.82666
 0.72416 8.82164
 0.72428 9.87894
 0.7244 10.9912
 0.72452 12.1508
 0.72464 13.3501
 0.72476 14.5774
 0.72488 15.8081
 0.725 17.0152
 0.72512 18.1719
 0.72524 19.2516
 0.72536 20.2274
 0.72548 21.0826
 0.7256 21.8152
 0.72572 22.4241
 0.72584 22.9089
 0.72596 23.2698
 0.72608 23.5064
 0.7262 23.6155
 0.72632 23.5929
 0.72644 23.4342
 0.72656 23.136
 0.72668 22.6958
 0.7268 22.1211
 0.72692 21.435
 0.72704 20.6619
 0.72716 19.8262
 0.72728 18.9521
 0.7274 18.063
 0.72752 17.1727
 0.72764 16.2887
 0.72776 15.4189
 0.72788 14.5664
 0.728 13.733
 0.72812 12.9227
 0.72824 12.1435
 0.72836 11.4044
 0.72848 10.7147
 0.7286 10.0822
 0.72872 9.51375
 0.72884 9.00646
 0.72896 8.55098
 0.72908 8.13793
 0.7292 7.75794
 0.72932 7.40186
 0.72944 7.0624
 0.72956 6.73534
 0.72968 6.41679
 0.7298 6.10506
 0.72992 5.805
 0.73004 5.52233
 0.73016 5.26018
 0.73028 5.01949
 0.7304 4.79831
 0.73052 4.59372
 0.73064 4.40386
 0.73076 4.22707
 0.73088 4.06426
 0.731 3.91723
 0.73112 3.78936
 0.73124 3.68432
 0.73136 3.60478
 0.73148 3.55123
 0.7316 3.52339
 0.73172 3.52098
 0.73184 3.5406
 0.73196 3.57554
 0.73208 3.61907
 0.7322 3.66534
 0.73232 3.71082
 0.73244 3.75665
 0.73256 3.80457
 0.73268 3.85623
 0.7328 3.91343
 0.73292 3.97849
 0.73304 4.0493
 0.73316 4.11879
 0.73328 4.17979
 0.7334 4.22667
 0.73352 4.25802
 0.73364 4.2737
 0.73376 4.27377
 0.73388 4.25932
 0.734 4.23194
 0.73412 4.19319
 0.73424 4.14422
 0.73436 4.08309
 0.73448 4.00531
 0.7346 3.90628
 0.73472 3.78096
 0.73484 3.62263
 0.73496 3.42515
 0.73508 3.19214
 0.7352 2.93101
 0.73532 2.64883
 0.73544 2.35002
 0.73556 2.03387
 0.73568 1.69894
 0.7358 1.34383
 0.73592 0.96711
 0.73604 0.567364
 0.73616 0.143186
 0.73628 -0.30623
 0.7364 -0.780344
 0.73652 -1.27823
 0.73664 -1.79889
 0.73676 -2.33774
 0.73688 -2.88494
 0.737 -3.43286
 0.73712 -3.98029
 0.73724 -4.52573
 0.73736 -5.06681
 0.73748 -5.59856
 0.7376 -6.11362
 0.73772 -6.60456
 0.73784 -7.06394
 0.73796 -7.48432
 0.73808 -7.85827
 0.7382 -8.17837
 0.73832 -8.43686
 0.73844 -8.62463
 0.73856 -8.7323
 0.73868 -8.75129
 0.7388 -8.68112
 0.73892 -8.52615
 0.73904 -8.28956
 0.73916 -7.97394
 0.73928 -7.58395
 0.7394 -7.12481
 0.73952 -6.60208
 0.73964 -6.02145
 0.73976 -5.38861
 0.73988 -4.7085
 0.74 -3.9824
 0.74012 -3.21051
 0.74024 -2.39315
 0.74036 -1.53471
 0.74048 -0.644155
 0.7406 0.269349
 0.74072 1.19828
 0.74084 2.14128
 0.74096 3.09838
 0.74108 4.06966
 0.7412 5.05607
 0.74132 6.0606
 0.74144 7.08685
 0.74156 8.13776
 0.74168 9.21613
 0.7418 10.3247
 0.74192 11.459
 0.74204 12.6012
 0.74216 13.7319
 0.74228 14.8326
 0.7424 15.8934
 0.74252 16.9092
 0.74264 17.8749
 0.74276 18.7845
 0.74288 19.6309
 0.743 20.4065
 0.74312 21.1047
 0.74324 21.7188
 0.74336 22.2376
 0.74348 22.6485
 0.7436 22.9391
 0.74372 23.0967
 0.74384 23.11
 0.74396 22.9853
 0.74408 22.743
 0.7442 22.4044
 0.74432 21.9895
 0.74444 21.5107
 0.74456 20.9767
 0.74468 20.3955
 0.7448 19.7745
 0.74492 19.1211
 0.74504 18.4424
 0.74516 17.7421
 0.74528 17.0226
 0.7454 16.2933
 0.74552 15.5646
 0.74564 14.8469
 0.74576 14.1515
 0.74588 13.4867
 0.746 12.8462
 0.74612 12.2189
 0.74624 11.5918
 0.74636 10.9532
 0.74648 10.2964
 0.7466 9.61772
 0.74672 8.91652
 0.74684 8.19366
 0.74696 7.44943
 0.74708 6.68497
 0.7472 5.90865
 0.74732 5.12851
 0.74744 4.34896
 0.74756 3.57421
 0.74768 2.80807
 0.7478 2.05344
 0.74792 1.31492
 0.74804 0.600458
 0.74816 -0.0809854
 0.74828 -0.719423
 0.7484 -1.30571
 0.74852 -1.8337
 0.74864 -2.29989
 0.74876 -2.70573
 0.74888 -3.0527
 0.749 -3.3401
 0.74912 -3.56883
 0.74924 -3.74453
 0.74936 -3.8724
 0.74948 -3.95715
 0.7496 -4.00342
 0.74972 -4.01541
 0.74984 -3.99684
 0.74996 -3.95146
 0.75008 -3.88302
 0.7502 -3.79553
 0.75032 -3.69316
 0.75044 -3.57959
 0.75056 -3.45781
 0.75068 -3.3283
 0.7508 -3.18909
 0.75092 -3.04035
 0.75104 -2.88476
 0.75116 -2.72421
 0.75128 -2.55972
 0.7514 -2.39224
 0.75152 -2.22275
 0.75164 -2.05236
 0.75176 -1.88358
 0.75188 -1.7196
 0.752 -1.56361
 0.75212 -1.41859
 0.75224 -1.28655
 0.75236 -1.16921
 0.75248 -1.06829
 0.7526 -0.985625
 0.75272 -0.923892
 0.75284 -0.885839
 0.75296 -0.872148
 0.75308 -0.882459
 0.7532 -0.916269
 0.75332 -0.973047
 0.75344 -1.05226
 0.75356 -1.15338
 0.75368 -1.27421
 0.7538 -1.40728
 0.75392 -1.54377
 0.75404 -1.67444
 0.75416 -1.79292
 0.75428 -1.89654
 0.7544 -1.98304
 0.75452 -2.05015
 0.75464 -2.0956
 0.75476 -2.11711
 0.75488 -2.11261
 0.755 -2.08057
 0.75512 -2.01993
 0.75524 -1.93009
 0.75536 -1.81044
 0.75548 -1.66042
 0.7556 -1.47956
 0.75572 -1.27249
 0.75584 -1.0503
 0.75596 -0.827072
 0.75608 -0.61641
 0.7562 -0.424128
 0.75632 -0.252188
 0.75644 -0.10246
 0.75656 0.0231835
 0.75668 0.12284
 0.7568 0.194328
 0.75692 0.23533
 0.75704 0.243619
 0.75716 0.217755
 0.75728 0.156694
 0.7574 0.0593939
 0.75752 -0.0751878
 0.75764 -0.24754
 0.75776 -0.453297
 0.75788 -0.684532
 0.758 -0.928024
 0.75812 -1.17413
 0.75824 -1.41994
 0.75836 -1.66334
 0.75848 -1.90173
 0.7586 -2.13212
 0.75872 -2.35109
 0.75884 -2.55406
 0.75896 -2.73608
 0.75908 -2.89181
 0.7592 -3.01607
 0.75932 -3.10311
 0.75944 -3.14691
 0.75956 -3.14146
 0.75968 -3.08116
 0.7598 -2.96156
 0.75992 -2.77976
 0.76004 -2.53677
 0.76016 -2.23031
 0.76028 -1.85688
 0.7604 -1.41478
 0.76052 -0.904401
 0.76064 -0.327156
 0.76076 0.314367
 0.76088 1.01615
 0.761 1.7729
 0.76112 2.57703
 0.76124 3.41926
 0.76136 4.2874
 0.76148 5.16869
 0.7616 6.05035
 0.76172 6.91946
 0.76184 7.76112
 0.76196 8.55896
 0.76208 9.2977
 0.7622 9.96148
 0.76232 10.5358
 0.76244 11.0091
 0.76256 11.3732
 0.76268 11.6207
 0.7628 11.7451
 0.76292 11.7412
 0.76304 11.6072
 0.76316 11.3442
 0.76328 10.9574
 0.7634 10.4564
 0.76352 9.85154
 0.76364 9.15335
 0.76376 8.37273
 0.76388 7.52575
 0.764 6.63088
 0.76412 5.70628
 0.76424 4.77015
 0.76436 3.83941
 0.76448 2.92866
 0.7646 2.05054
 0.76472 1.21802
 0.76484 0.444005
 0.76496 -0.260653
 0.76508 -0.88848
 0.7652 -1.4338
 0.76532 -1.8953
 0.76544 -2.27575
 0.76556 -2.57849
 0.76568 -2.80547
 0.7658 -2.95792
 0.76592 -3.04091
 0.76604 -3.05876
 0.76616 -3.01572
 0.76628 -2.91636
 0.7664 -2.76495
 0.76652 -2.56494
 0.76664 -2.31966
 0.76676 -2.03528
 0.76688 -1.71802
 0.767 -1.37191
 0.76712 -1.00041
 0.76724 -0.606644
 0.76736 -0.190992
 0.76748 0.249067
 0.7676 0.714234
 0.76772 1.19951
 0.76784 1.6975
 0.76796 2.19969
 0.76808 2.69584
 0.7682 3.17578
 0.76832 3.62932
 0.76844 4.04543
 0.76856 4.41261
 0.76868 4.72098
 0.7688 4.96453
 0.76892 5.13696
 0.76904 5.23276
 0.76916 5.24934
 0.76928 5.18501
 0.7694 5.03701
 0.76952 4.80206
 0.76964 4.48177
 0.76976 4.08437
 0.76988 3.61992
 0.77 3.10059
 0.77012 2.539
 0.77024 1.94786
 0.77036 1.34237
 0.77048 0.740464
 0.7706 0.161068
 0.77072 -0.378766
 0.77084 -0.863752
 0.77096 -1.27946
 0.77108 -1.6172
 0.7712 -1.87301
 0.77132 -2.04546
 0.77144 -2.13304
 0.77156 -2.13467
 0.77168 -2.05271
 0.7718 -1.89216
 0.77192 -1.65854
 0.77204 -1.35781
 0.77216 -0.995887
 0.77228 -0.579352
 0.7724 -0.119963
 0.77252 0.367845
 0.77264 0.868495
 0.77276 1.36692
 0.77288 1.84836
 0.773 2.30103
 0.77312 2.71993
 0.77324 3.10429
 0.77336 3.4557
 0.77348 3.77413
 0.7736 4.05682
 0.77372 4.30128
 0.77384 4.50528
 0.77396 4.66661
 0.77408 4.783
 0.7742 4.85183
 0.77432 4.87171
 0.77444 4.84465
 0.77456 4.7733
 0.77468 4.65919
 0.7748 4.50307
 0.77492 4.30545
 0.77504 4.06388
 0.77516 3.77296
 0.77528 3.42403
 0.7754 3.00884
 0.77552 2.52468
 0.77564 1.97357
 0.77576 1.3578
 0.77588 0.679651
 0.776 -0.0585755
 0.77612 -0.854457
 0.77624 -1.70499
 0.77636 -2.60721
 0.77648 -3.5563
 0.7766 -4.54563
 0.77672 -5.56277
 0.77684 -6.59401
 0.77696 -7.62547
 0.77708 -8.64244
 0.7772 -9.62908
 0.77732 -10.5652
 0.77744 -11.4329
 0.77756 -12.2206
 0.77768 -12.9193
 0.7778 -13.52
 0.77792 -14.0134
 0.77804 -14.3907
 0.77816 -14.643
 0.77828 -14.7619
 0.7784 -14.7439
 0.77852 -14.5925
 0.77864 -14.3117
 0.77876 -13.9115
 0.77888 -13.4022
 0.779 -12.7942
 0.77912 -12.0977
 0.77924 -11.3246
 0.77936 -10.4922
 0.77948 -9.61593
 0.7796 -8.70839
 0.77972 -7.78181
 0.77984 -6.84838
 0.77996 -5.92031
 0.78008 -5.00978
 0.7802 -4.12891
 0.78032 -3.2887
 0.78044 -2.48867
 0.78056 -1.72621
 0.78068 -1.00109
 0.7808 -0.30928
 0.78092 0.353442
 0.78104 0.991223
 0.78116 1.60592
 0.78128 2.19935
 0.7814 2.77597
 0.78152 3.33971
 0.78164 3.89416
 0.78176 4.44289
 0.78188 4.98911
 0.782 5.53519
 0.78212 6.08337
 0.78224 6.63586
 0.78236 7.19257
 0.78248 7.74556
 0.7826 8.2908
 0.78272 8.81978
 0.78284 9.3192
 0.78296 9.77573
 0.78308 10.1766
 0.7832 10.5144
 0.78332 10.7846
 0.78344 10.9823
 0.78356 11.1026
 0.78368 11.1407
 0.7838 11.0918
 0.78392 10.9537
 0.78404 10.7266
 0.78416 10.4109
 0.78428 10.0065
 0.7844 9.51406
 0.78452 8.93517
 0.78464 8.27225
 0.78476 7.5403
 0.78488 6.75727
 0.785 5.94072
 0.78512 5.1065
 0.78524 4.26558
 0.78536 3.42696
 0.78548 2.59954
 0.7856 1.79221
 0.78572 1.01389
 0.78584 0.272747
 0.78596 -0.42811
 0.78608 -1.08774
 0.7862 -1.70419
 0.78632 -2.27333
 0.78644 -2.79067
 0.78656 -3.2514
 0.78668 -3.65571
 0.7868 -4.01116
 0.78692 -4.32555
 0.78704 -4.60442
 0.78716 -4.85306
 0.78728 -5.07615
 0.7874 -5.27789
 0.78752 -5.46244
 0.78764 -5.634
 0.78776 -5.7967
 0.78788 -5.95291
 0.788 -6.10081
 0.78812 -6.23808
 0.78824 -6.36504
 0.78836 -6.48435
 0.78848 -6.59889
 0.7886 -6.71143
 0.78872 -6.82283
 0.78884 -6.93276
 0.78896 -7.04223
 0.78908 -7.1543
 0.7892 -7.26516
 0.78932 -7.36915
 0.78944 -7.46062
 0.78956 -7.53394
 0.78968 -7.58346
 0.7898 -7.60397
 0.78992 -7.59356
 0.79004 -7.5531
 0.79016 -7.48323
 0.79028 -7.38231
 0.7904 -7.24789
 0.79052 -7.07739
 0.79064 -6.86822
 0.79076 -6.61743
 0.79088 -6.32216
 0.791 -5.97838
 0.79112 -5.58557
 0.79124 -5.15283
 0.79136 -4.69018
 0.79148 -4.20765
 0.7916 -3.71525
 0.79172 -3.22301
 0.79184 -2.73935
 0.79196 -2.26783
 0.79208 -1.81009
 0.7922 -1.36801
 0.79232 -0.944005
 0.79244 -0.540585
 0.79256 -0.160114
 0.79268 0.19489
 0.7928 0.520499
 0.79292 0.814496
 0.79304 1.07523
 0.79316 1.30505
 0.79328 1.50919
 0.7934 1.69117
 0.79352 1.85404
 0.79364 2.00084
 0.79376 2.13451
 0.79388 2.25624
 0.794 2.36466
 0.79412 2.45795
 0.79424 2.53431
 0.79436 2.59191
 0.79448 2.62883
 0.7946 2.6423
 0.79472 2.63035
 0.79484 2.59221
 0.79496 2.52346
 0.79508 2.41998
 0.7952 2.27866
 0.79532 2.10058
 0.79544 1.89285
 0.79556 1.66317
 0.79568 1.41924
 0.7958 1.16876
 0.79592 0.917637
 0.79604 0.669952
 0.79616 0.429759
 0.79628 0.201106
 0.7964 -0.0119579
 0.79652 -0.204897
 0.79664 -0.371956
 0.79676 -0.508166
 0.79688 -0.607155
 0.797 -0.659815
 0.79712 -0.657683
 0.79724 -0.594522
 0.79736 -0.472917
 0.79748 -0.301466
 0.7976 -0.0889001
 0.79772 0.156051
 0.79784 0.425289
 0.79796 0.71601
 0.79808 1.02736
 0.7982 1.35842
 0.79832 1.70819
 0.79844 2.07531
 0.79856 2.45775
 0.79868 2.85286
 0.7988 3.256
 0.79892 3.65888
 0.79904 4.05137
 0.79916 4.4229
 0.79928 4.76468
 0.7994 5.07471
 0.79952 5.35287
 0.79964 5.59904
 0.79976 5.81316
 0.79988 5.99421
