 0.2 0.262117
 0.20012 -0.425227
 0.20024 -1.10372
 0.20036 -1.76449
 0.20048 -2.40267
 0.2006 -3.01491
 0.20072 -3.59862
 0.20084 -4.15189
 0.20096 -4.67048
 0.20108 -5.15117
 0.2012 -5.59338
 0.20132 -5.99762
 0.20144 -6.36371
 0.20156 -6.69359
 0.20168 -6.99424
 0.2018 -7.27009
 0.20192 -7.52233
 0.20204 -7.75253
 0.20216 -7.96383
 0.20228 -8.15894
 0.2024 -8.33656
 0.20252 -8.49049
 0.20264 -8.61407
 0.20276 -8.70053
 0.20288 -8.74898
 0.203 -8.76525
 0.20312 -8.75235
 0.20324 -8.70807
 0.20336 -8.63049
 0.20348 -8.5179
 0.2036 -8.36475
 0.20372 -8.1599
 0.20384 -7.90046
 0.20396 -7.58684
 0.20408 -7.2199
 0.2042 -6.8001
 0.20432 -6.32787
 0.20444 -5.80719
 0.20456 -5.24436
 0.20468 -4.64566
 0.2048 -4.01646
 0.20492 -3.35603
 0.20504 -2.66223
 0.20516 -1.94013
 0.20528 -1.19828
 0.2054 -0.444569
 0.20552 0.312364
 0.20564 1.05985
 0.20576 1.78569
 0.20588 2.48273
 0.206 3.14549
 0.20612 3.76908
 0.20624 4.34839
 0.20636 4.87581
 0.20648 5.34368
 0.2066 5.74466
 0.20672 6.07176
 0.20684 6.31837
 0.20696 6.47998
 0.20708 6.55412
 0.2072 6.5433
 0.20732 6.44995
 0.20744 6.27707
 0.20756 6.03033
 0.20768 5.71624
 0.2078 5.3408
 0.20792 4.91275
 0.20804 4.4407
 0.20816 3.93317
 0.20828 3.39983
 0.2084 2.85502
 0.20852 2.31255
 0.20864 1.78594
 0.20876 1.28693
 0.20888 0.823182
 0.209 0.398047
 0.20912 0.0158375
 0.20924 -0.318033
 0.20936 -0.597039
 0.20948 -0.817097
 0.2096 -0.976844
 0.20972 -1.07467
 0.20984 -1.1129
 0.20996 -1.10013
 0.21008 -1.04575
 0.2102 -0.95917
 0.21032 -0.851577
 0.21044 -0.732696
 0.21056 -0.607032
 0.21068 -0.477643
 0.2108 -0.344616
 0.21092 -0.202642
 0.21104 -0.0485294
 0.21116 0.112597
 0.21128 0.270894
 0.2114 0.414534
 0.21152 0.53404
 0.21164 0.620884
 0.21176 0.666916
 0.21188 0.669003
 0.212 0.629127
 0.21212 0.55028
 0.21224 0.435588
 0.21236 0.287927
 0.21248 0.100811
 0.2126 -0.13722
 0.21272 -0.439075
 0.21284 -0.819913
 0.21296 -1.29682
 0.21308 -1.87353
 0.2132 -2.53959
 0.21332 -3.27533
 0.21344 -4.05822
 0.21356 -4.86649
 0.21368 -5.67847
 0.2138 -6.47287
 0.21392 -7.23114
 0.21404 -7.9382
 0.21416 -8.5814
 0.21428 -9.14855
 0.2144 -9.6261
 0.21452 -9.99646
 0.21464 -10.2418
 0.21476 -10.3438
 0.21488 -10.2835
 0.215 -10.0449
 0.21512 -9.63051
 0.21524 -9.05785
 0.21536 -8.35554
 0.21548 -7.55365
 0.2156 -6.68155
 0.21572 -5.76888
 0.21584 -4.84476
 0.21596 -3.93656
 0.21608 -3.06647
 0.2162 -2.25282
 0.21632 -1.51295
 0.21644 -0.861345
 0.21656 -0.307347
 0.21668 0.140729
 0.2168 0.47416
 0.21692 0.684214
 0.21704 0.766302
 0.21716 0.729202
 0.21728 0.591393
 0.2174 0.37694
 0.21752 0.109536
 0.21764 -0.18779
 0.21776 -0.491871
 0.21788 -0.781675
 0.218 -1.04003
 0.21812 -1.25523
 0.21824 -1.41867
 0.21836 -1.52331
 0.21848 -1.56778
 0.2186 -1.55495
 0.21872 -1.48823
 0.21884 -1.36977
 0.21896 -1.20159
 0.21908 -0.988358
 0.2192 -0.740287
 0.21932 -0.47079
 0.21944 -0.194302
 0.21956 0.0749057
 0.21968 0.322292
 0.2198 0.534364
 0.21992 0.700604
 0.22004 0.814093
 0.22016 0.870271
 0.22028 0.865568
 0.2204 0.797946
 0.22052 0.66797
 0.22064 0.477469
 0.22076 0.229583
 0.22088 -0.0741296
 0.221 -0.432466
 0.22112 -0.841461
 0.22124 -1.29327
 0.22136 -1.77926
 0.22148 -2.28986
 0.2216 -2.81346
 0.22172 -3.33792
 0.22184 -3.85225
 0.22196 -4.34661
 0.22208 -4.81193
 0.2222 -5.23873
 0.22232 -5.61765
 0.22244 -5.93978
 0.22256 -6.19635
 0.22268 -6.37966
 0.2228 -6.48482
 0.22292 -6.50625
 0.22304 -6.43944
 0.22316 -6.28514
 0.22328 -6.04781
 0.2234 -5.7324
 0.22352 -5.34587
 0.22364 -4.89753
 0.22376 -4.39631
 0.22388 -3.85029
 0.224 -3.26749
 0.22412 -2.6576
 0.22424 -2.03109
 0.22436 -1.39802
 0.22448 -0.768762
 0.2246 -0.154825
 0.22472 0.433776
 0.22484 0.990469
 0.22496 1.51012
 0.22508 1.99065
 0.2252 2.43396
 0.22532 2.84352
 0.22544 3.22304
 0.22556 3.57633
 0.22568 3.9063
 0.2258 4.21299
 0.22592 4.49478
 0.22604 4.75037
 0.22616 4.98118
 0.22628 5.18721
 0.2264 5.36703
 0.22652 5.52095
 0.22664 5.65141
 0.22676 5.75991
 0.22688 5.84451
 0.227 5.90064
 0.22712 5.92182
 0.22724 5.90062
 0.22736 5.82919
 0.22748 5.70068
 0.2276 5.51109
 0.22772 5.26172
 0.22784 4.9583
 0.22796 4.60864
 0.22808 4.21992
 0.2282 3.79835
 0.22832 3.35484
 0.22844 2.90313
 0.22856 2.4548
 0.22868 2.01854
 0.2288 1.60323
 0.22892 1.22017
 0.22904 0.882367
 0.22916 0.603148
 0.22928 0.395899
 0.2294 0.274086
 0.22952 0.24934
 0.22964 0.329909
 0.22976 0.517657
 0.22988 0.810602
 0.23 1.20424
 0.23012 1.69501
 0.23024 2.2788
 0.23036 2.94277
 0.23048 3.66964
 0.2306 4.44409
 0.23072 5.2542
 0.23084 6.08791
 0.23096 6.93223
 0.23108 7.77368
 0.2312 8.59899
 0.23132 9.39522
 0.23144 10.1504
 0.23156 10.8543
 0.23168 11.4993
 0.2318 12.0811
 0.23192 12.5991
 0.23204 13.0513
 0.23216 13.4332
 0.23228 13.7417
 0.2324 13.9835
 0.23252 14.1672
 0.23264 14.2989
 0.23276 14.3827
 0.23288 14.4227
 0.233 14.4232
 0.23312 14.3879
 0.23324 14.3197
 0.23336 14.2192
 0.23348 14.0843
 0.2336 13.9113
 0.23372 13.6942
 0.23384 13.4263
 0.23396 13.1014
 0.23408 12.7183
 0.2342 12.2782
 0.23432 11.7815
 0.23444 11.2262
 0.23456 10.6115
 0.23468 9.93896
 0.2348 9.21033
 0.23492 8.42768
 0.23504 7.59346
 0.23516 6.71091
 0.23528 5.78505
 0.2354 4.82469
 0.23552 3.84114
 0.23564 2.84809
 0.23576 1.85857
 0.23588 0.883548
 0.236 -0.0682883
 0.23612 -0.989403
 0.23624 -1.87305
 0.23636 -2.71339
 0.23648 -3.5079
 0.2366 -4.25607
 0.23672 -4.95819
 0.23684 -5.61458
 0.23696 -6.22611
 0.23708 -6.7946
 0.2372 -7.32018
 0.23732 -7.80342
 0.23744 -8.24797
 0.23756 -8.65851
 0.23768 -9.03923
 0.2378 -9.38625
 0.23792 -9.69467
 0.23804 -9.96166
 0.23816 -10.1867
 0.23828 -10.3705
 0.2384 -10.5131
 0.23852 -10.6101
 0.23864 -10.6543
 0.23876 -10.6384
 0.23888 -10.5548
 0.239 -10.3948
 0.23912 -10.1501
 0.23924 -9.81821
 0.23936 -9.39662
 0.23948 -8.88215
 0.2396 -8.27174
 0.23972 -7.56987
 0.23984 -6.79094
 0.23996 -5.94662
 0.24008 -5.04573
 0.2402 -4.09467
 0.24032 -3.09807
 0.24044 -2.06313
 0.24056 -1.00216
 0.24068 0.068748
 0.2408 1.13289
 0.24092 2.17357
 0.24104 3.17353
 0.24116 4.11789
 0.24128 4.99625
 0.2414 5.79769
 0.24152 6.51265
 0.24164 7.13334
 0.24176 7.6617
 0.24188 8.10378
 0.242 8.4638
 0.24212 8.74408
 0.24224 8.94492
 0.24236 9.0678
 0.24248 9.11722
 0.2426 9.10221
 0.24272 9.03559
 0.24284 8.93037
 0.24296 8.79963
 0.24308 8.65696
 0.2432 8.51369
 0.24332 8.38093
 0.24344 8.27002
 0.24356 8.18978
 0.24368 8.14611
 0.2438 8.13985
 0.24392 8.17057
 0.24404 8.238
 0.24416 8.34421
 0.24428 8.49197
 0.2444 8.68247
 0.24452 8.91583
 0.24464 9.18908
 0.24476 9.49761
 0.24488 9.83606
 0.245 10.1946
 0.24512 10.5629
 0.24524 10.9329
 0.24536 11.2954
 0.24548 11.6383
 0.2456 11.9515
 0.24572 12.2268
 0.24584 12.4577
 0.24596 12.6392
 0.24608 12.7664
 0.2462 12.8329
 0.24632 12.8322
 0.24644 12.7584
 0.24656 12.6062
 0.24668 12.3717
 0.2468 12.0519
 0.24692 11.648
 0.24704 11.1696
 0.24716 10.6239
 0.24728 10.0151
 0.2474 9.35004
 0.24752 8.64199
 0.24764 7.90344
 0.24776 7.14677
 0.24788 6.38338
 0.248 5.62291
 0.24812 4.87617
 0.24824 4.15417
 0.24836 3.46716
 0.24848 2.8247
 0.2486 2.23572
 0.24872 1.7079
 0.24884 1.24748
 0.24896 0.854891
 0.24908 0.527158
 0.2492 0.264883
 0.24932 0.0712033
 0.24944 -0.0538775
 0.24956 -0.114497
 0.24968 -0.115472
 0.2498 -0.0614533
 0.24992 0.0442903
 0.25004 0.197127
 0.25016 0.391047
 0.25028 0.619481
 0.2504 0.876607
 0.25052 1.15689
 0.25064 1.45546
 0.25076 1.76835
 0.25088 2.09294
 0.251 2.42808
 0.25112 2.77007
 0.25124 3.11249
 0.25136 3.44613
 0.25148 3.76234
 0.2516 4.05439
 0.25172 4.31625
 0.25184 4.53921
 0.25196 4.71471
 0.25208 4.83696
 0.2522 4.90142
 0.25232 4.90774
 0.25244 4.85578
 0.25256 4.74523
 0.25268 4.57458
 0.2528 4.34121
 0.25292 4.0422
 0.25304 3.67696
 0.25316 3.24944
 0.25328 2.76577
 0.2534 2.23673
 0.25352 1.67243
 0.25364 1.08031
 0.25376 0.467497
 0.25388 -0.155657
 0.254 -0.781725
 0.25412 -1.40456
 0.25424 -2.02101
 0.25436 -2.63284
 0.25448 -3.24125
 0.2546 -3.84614
 0.25472 -4.44288
 0.25484 -5.02533
 0.25496 -5.58766
 0.25508 -6.12761
 0.2552 -6.64571
 0.25532 -7.14527
 0.25544 -7.63408
 0.25556 -8.11702
 0.25568 -8.59336
 0.2558 -9.06096
 0.25592 -9.51712
 0.25604 -9.95632
 0.25616 -10.3727
 0.25628 -10.7577
 0.2564 -11.1028
 0.25652 -11.3998
 0.25664 -11.6448
 0.25676 -11.8401
 0.25688 -11.9893
 0.257 -12.0948
 0.25712 -12.1547
 0.25724 -12.166
 0.25736 -12.1229
 0.25748 -12.0186
 0.2576 -11.8496
 0.25772 -11.6202
 0.25784 -11.3361
 0.25796 -11.0045
 0.25808 -10.6329
 0.2582 -10.229
 0.25832 -9.8003
 0.25844 -9.35396
 0.25856 -8.89668
 0.25868 -8.43064
 0.2588 -7.95319
 0.25892 -7.4604
 0.25904 -6.95151
 0.25916 -6.4298
 0.25928 -5.89907
 0.2594 -5.3641
 0.25952 -4.82942
 0.25964 -4.29668
 0.25976 -3.7639
 0.25988 -3.22966
 0.26 -2.6937
 0.26012 -2.15642
 0.26024 -1.61834
 0.26036 -1.07975
 0.26048 -0.539978
 0.2606 0.0012795
 0.26072 0.54112
 0.26084 1.07377
 0.26096 1.5924
 0.26108 2.0926
 0.2612 2.57124
 0.26132 3.02539
 0.26144 3.45223
 0.26156 3.84824
 0.26168 4.20767
 0.2618 4.52439
 0.26192 4.7937
 0.26204 5.01193
 0.26216 5.17568
 0.26228 5.28287
 0.2624 5.3308
 0.26252 5.31633
 0.26264 5.23658
 0.26276 5.09052
 0.26288 4.8777
 0.263 4.59829
 0.26312 4.25541
 0.26324 3.85205
 0.26336 3.39093
 0.26348 2.87487
 0.2636 2.31112
 0.26372 1.7119
 0.26384 1.0898
 0.26396 0.456559
 0.26408 -0.174281
 0.2642 -0.791449
 0.26432 -1.38809
 0.26444 -1.95776
 0.26456 -2.49382
 0.26468 -2.98951
 0.2648 -3.43824
 0.26492 -3.83183
 0.26504 -4.16536
 0.26516 -4.43882
 0.26528 -4.65042
 0.2654 -4.79782
 0.26552 -4.87988
 0.26564 -4.90454
 0.26576 -4.88454
 0.26588 -4.83299
 0.266 -4.76208
 0.26612 -4.68674
 0.26624 -4.61495
 0.26636 -4.55009
 0.26648 -4.49418
 0.2666 -4.45057
 0.26672 -4.42331
 0.26684 -4.41816
 0.26696 -4.44388
 0.26708 -4.50443
 0.2672 -4.60196
 0.26732 -4.741
 0.26744 -4.92777
 0.26756 -5.16754
 0.26768 -5.4597
 0.2678 -5.80034
 0.26792 -6.18362
 0.26804 -6.60485
 0.26816 -7.05995
 0.26828 -7.55164
 0.2684 -8.08579
 0.26852 -8.66902
 0.26864 -9.30566
 0.26876 -9.99925
 0.26888 -10.7466
 0.269 -11.5392
 0.26912 -12.3718
 0.26924 -13.239
 0.26936 -14.1332
 0.26948 -15.0409
 0.2696 -15.9456
 0.26972 -16.832
 0.26984 -17.6909
 0.26996 -18.5163
 0.27008 -19.3005
 0.2702 -20.0308
 0.27032 -20.6891
 0.27044 -21.2557
 0.27056 -21.7116
 0.27068 -22.0392
 0.2708 -22.2233
 0.27092 -22.2604
 0.27104 -22.1509
 0.27116 -21.8942
 0.27128 -21.4898
 0.2714 -20.9415
 0.27152 -20.2637
 0.27164 -19.4747
 0.27176 -18.5913
 0.27188 -17.6241
 0.272 -16.5813
 0.27212 -15.4735
 0.27224 -14.3194
 0.27236 -13.1402
 0.27248 -11.9572
 0.2726 -10.7906
 0.27272 -9.65914
 0.27284 -8.57772
 0.27296 -7.5536
 0.27308 -6.59309
 0.2732 -5.70273
 0.27332 -4.88767
 0.27344 -4.14753
 0.27356 -3.47353
 0.27368 -2.85484
 0.2738 -2.2813
 0.27392 -1.74616
 0.27404 -1.24538
 0.27416 -0.772398
 0.27428 -0.317381
 0.2744 0.129355
 0.27452 0.576125
 0.27464 1.02929
 0.27476 1.49358
 0.27488 1.97135
 0.275 2.46319
 0.27512 2.96969
 0.27524 3.49134
 0.27536 4.0272
 0.27548 4.57293
 0.2756 5.11973
 0.27572 5.65408
 0.27584 6.16214
 0.27596 6.63271
 0.27608 7.05666
 0.2762 7.42434
 0.27632 7.72718
 0.27644 7.9577
 0.27656 8.11163
 0.27668 8.18663
 0.2768 8.18237
 0.27692 8.09984
 0.27704 7.94065
 0.27716 7.70596
 0.27728 7.39666
 0.2774 7.01336
 0.27752 6.5583
 0.27764 6.04003
 0.27776 5.47231
 0.27788 4.86843
 0.278 4.23936
 0.27812 3.59683
 0.27824 2.95336
 0.27836 2.32104
 0.27848 1.71008
 0.2786 1.12593
 0.27872 0.571127
 0.27884 0.0458823
 0.27896 -0.451021
 0.27908 -0.921067
 0.2792 -1.365
 0.27932 -1.7813
 0.27944 -2.16646
 0.27956 -2.51948
 0.27968 -2.84444
 0.2798 -3.14599
 0.27992 -3.42593
 0.28004 -3.68491
 0.28016 -3.92673
 0.28028 -4.15648
 0.2804 -4.38062
 0.28052 -4.60369
 0.28064 -4.82537
 0.28076 -5.04181
 0.28088 -5.24724
 0.281 -5.43455
 0.28112 -5.59671
 0.28124 -5.72767
 0.28136 -5.82585
 0.28148 -5.89112
 0.2816 -5.92181
 0.28172 -5.91637
 0.28184 -5.87763
 0.28196 -5.813
 0.28208 -5.72962
 0.2822 -5.63267
 0.28232 -5.52583
 0.28244 -5.40631
 0.28256 -5.27048
 0.28268 -5.11713
 0.2828 -4.94685
 0.28292 -4.76271
 0.28304 -4.56906
 0.28316 -4.37062
 0.28328 -4.1707
 0.2834 -3.9695
 0.28352 -3.76757
 0.28364 -3.56551
 0.28376 -3.36104
 0.28388 -3.14537
 0.284 -2.90719
 0.28412 -2.63552
 0.28424 -2.32024
 0.28436 -1.95784
 0.28448 -1.55557
 0.2846 -1.12313
 0.28472 -0.671026
 0.28484 -0.208756
 0.28496 0.257042
 0.28508 0.721263
 0.2852 1.17909
 0.28532 1.62493
 0.28544 2.05406
 0.28556 2.46632
 0.28568 2.86243
 0.2858 3.23939
 0.28592 3.59043
 0.28604 3.90865
 0.28616 4.1872
 0.28628 4.42136
 0.2864 4.61519
 0.28652 4.77926
 0.28664 4.92545
 0.28676 5.0665
 0.28688 5.21243
 0.287 5.36978
 0.28712 5.54325
 0.28724 5.73763
 0.28736 5.95652
 0.28748 6.19641
 0.2876 6.44533
 0.28772 6.6904
 0.28784 6.92146
 0.28796 7.12894
 0.28808 7.30319
 0.2882 7.43599
 0.28832 7.52006
 0.28844 7.54444
 0.28856 7.49696
 0.28868 7.36547
 0.2888 7.14051
 0.28892 6.81825
 0.28904 6.40039
 0.28916 5.88998
 0.28928 5.29004
 0.2894 4.60807
 0.28952 3.86121
 0.28964 3.07301
 0.28976 2.26716
 0.28988 1.46614
 0.29 0.69207
 0.29012 -0.0343529
 0.29024 -0.698874
 0.29036 -1.29028
 0.29048 -1.79546
 0.2906 -2.20145
 0.29072 -2.4962
 0.29084 -2.67057
 0.29096 -2.72306
 0.29108 -2.65725
 0.2912 -2.47834
 0.29132 -2.19213
 0.29144 -1.80923
 0.29156 -1.34674
 0.29168 -0.825047
 0.2918 -0.264406
 0.29192 0.316791
 0.29204 0.900455
 0.29216 1.47254
 0.29228 2.02554
 0.2924 2.54964
 0.29252 3.03354
 0.29264 3.46613
 0.29276 3.83472
 0.29288 4.12651
 0.293 4.33378
 0.29312 4.45477
 0.29324 4.49107
 0.29336 4.44486
 0.29348 4.32203
 0.2936 4.13368
 0.29372 3.89146
 0.29384 3.60546
 0.29396 3.2829
 0.29408 2.9311
 0.2942 2.55378
 0.29432 2.15411
 0.29444 1.73879
 0.29456 1.31508
 0.29468 0.891197
 0.2948 0.480042
 0.29492 0.095995
 0.29504 -0.2493
 0.29516 -0.552859
 0.29528 -0.814128
 0.2954 -1.03416
 0.29552 -1.21882
 0.29564 -1.37606
 0.29576 -1.51033
 0.29588 -1.62294
 0.296 -1.71296
 0.29612 -1.77931
 0.29624 -1.81952
 0.29636 -1.83211
 0.29648 -1.81763
 0.2966 -1.77862
 0.29672 -1.71987
 0.29684 -1.64967
 0.29696 -1.5772
 0.29708 -1.50918
 0.2972 -1.44733
 0.29732 -1.39171
 0.29744 -1.33902
 0.29756 -1.28296
 0.29768 -1.21942
 0.2978 -1.14878
 0.29792 -1.07289
 0.29804 -0.995153
 0.29816 -0.921246
 0.29828 -0.858856
 0.2984 -0.814688
 0.29852 -0.791636
 0.29864 -0.789322
 0.29876 -0.805236
 0.29888 -0.836144
 0.299 -0.877986
 0.29912 -0.927119
 0.29924 -0.980938
 0.29936 -1.03928
 0.29948 -1.10391
 0.2996 -1.17827
 0.29972 -1.26403
 0.29984 -1.36266
 0.29996 -1.47657
 0.30008 -1.60428
 0.3002 -1.74026
 0.30032 -1.87794
 0.30044 -2.01262
 0.30056 -2.14429
 0.30068 -2.27543
 0.3008 -2.40997
 0.30092 -2.55171
 0.30104 -2.70581
 0.30116 -2.87978
 0.30128 -3.08176
 0.3014 -3.31882
 0.30152 -3.59757
 0.30164 -3.92156
 0.30176 -4.29382
 0.30188 -4.71426
 0.302 -5.18306
 0.30212 -5.70521
 0.30224 -6.28297
 0.30236 -6.918
 0.30248 -7.61078
 0.3026 -8.35868
 0.30272 -9.1578
 0.30284 -10.0032
 0.30296 -10.8898
 0.30308 -11.8086
 0.3032 -12.7431
 0.30332 -13.6736
 0.30344 -14.5798
 0.30356 -15.4419
 0.30368 -16.2423
 0.3038 -16.9645
 0.30392 -17.5935
 0.30404 -18.1132
 0.30416 -18.5096
 0.30428 -18.7772
 0.3044 -18.9105
 0.30452 -18.9044
 0.30464 -18.7554
 0.30476 -18.4609
 0.30488 -18.0187
 0.305 -17.4273
 0.30512 -16.6935
 0.30524 -15.8342
 0.30536 -14.8704
 0.30548 -13.825
 0.3056 -12.7202
 0.30572 -11.5781
 0.30584 -10.4207
 0.30596 -9.27045
 0.30608 -8.14912
 0.3062 -7.07194
 0.30632 -6.04899
 0.30644 -5.09021
 0.30656 -4.20476
 0.30668 -3.40069
 0.3068 -2.6854
 0.30692 -2.06698
 0.30704 -1.55233
 0.30716 -1.14044
 0.30728 -0.822592
 0.3074 -0.585434
 0.30752 -0.413586
 0.30764 -0.291338
 0.30776 -0.203102
 0.30788 -0.131812
 0.308 -0.0598936
 0.30812 0.0283285
 0.30824 0.144436
 0.30836 0.297143
 0.30848 0.494447
 0.3086 0.742381
 0.30872 1.04592
 0.30884 1.411
 0.30896 1.84448
 0.30908 2.35161
 0.3092 2.93321
 0.30932 3.58476
 0.30944 4.29744
 0.30956 5.05921
 0.30968 5.85738
 0.3098 6.67931
 0.30992 7.51172
 0.31004 8.33997
 0.31016 9.15081
 0.31028 9.93435
 0.3104 10.6831
 0.31052 11.3907
 0.31064 12.0533
 0.31076 12.6656
 0.31088 13.2185
 0.311 13.7014
 0.31112 14.1038
 0.31124 14.4176
 0.31136 14.6369
 0.31148 14.7583
 0.3116 14.782
 0.31172 14.7087
 0.31184 14.538
 0.31196 14.269
 0.31208 13.904
 0.3122 13.4443
 0.31232 12.8889
 0.31244 12.2353
 0.31256 11.48
 0.31268 10.6198
 0.3128 9.65645
 0.31292 8.59941
 0.31304 7.46426
 0.31316 6.26812
 0.31328 5.02807
 0.3134 3.76277
 0.31352 2.49038
 0.31364 1.22666
 0.31376 -0.0134237
 0.31388 -1.21273
 0.314 -2.35337
 0.31412 -3.42
 0.31424 -4.39867
 0.31436 -5.27515
 0.31448 -6.0347
 0.3146 -6.66293
 0.31472 -7.1486
 0.31484 -7.48517
 0.31496 -7.67557
 0.31508 -7.73116
 0.3152 -7.66509
 0.31532 -7.49197
 0.31544 -7.22964
 0.31556 -6.89568
 0.31568 -6.5014
 0.3158 -6.05616
 0.31592 -5.57392
 0.31604 -5.06995
 0.31616 -4.55739
 0.31628 -4.04631
 0.3164 -3.54602
 0.31652 -3.06537
 0.31664 -2.61139
 0.31676 -2.18881
 0.31688 -1.80267
 0.317 -1.45152
 0.31712 -1.12798
 0.31724 -0.824086
 0.31736 -0.529561
 0.31748 -0.231757
 0.3176 0.0750217
 0.31772 0.383342
 0.31784 0.686258
 0.31796 0.98432
 0.31808 1.27926
 0.3182 1.5713
 0.31832 1.85853
 0.31844 2.13832
 0.31856 2.40562
 0.31868 2.6535
 0.3188 2.87551
 0.31892 3.06781
 0.31904 3.22351
 0.31916 3.3349
 0.31928 3.39311
 0.3194 3.38611
 0.31952 3.30386
 0.31964 3.15224
 0.31976 2.9484
 0.31988 2.7055
 0.32 2.42993
 0.32012 2.12731
 0.32024 1.80343
 0.32036 1.46464
 0.32048 1.11885
 0.3206 0.777283
 0.32072 0.45202
 0.32084 0.153705
 0.32096 -0.108024
 0.32108 -0.323229
 0.3212 -0.483393
 0.32132 -0.57644
 0.32144 -0.588538
 0.32156 -0.51374
 0.32168 -0.359542
 0.3218 -0.139961
 0.32192 0.13563
 0.32204 0.460863
 0.32216 0.830271
 0.32228 1.23771
 0.3224 1.67676
 0.32252 2.13941
 0.32264 2.61612
 0.32276 3.09834
 0.32288 3.57852
 0.323 4.0472
 0.32312 4.49526
 0.32324 4.91305
 0.32336 5.28777
 0.32348 5.60785
 0.3236 5.86788
 0.32372 6.06931
 0.32384 6.21623
 0.32396 6.30948
 0.32408 6.3486
 0.3242 6.33294
 0.32432 6.26411
 0.32444 6.1435
 0.32456 5.97243
 0.32468 5.7505
 0.3248 5.47492
 0.32492 5.14559
 0.32504 4.76678
 0.32516 4.34346
 0.32528 3.88224
 0.3254 3.39023
 0.32552 2.8737
 0.32564 2.33812
 0.32576 1.78676
 0.32588 1.22395
 0.326 0.656255
 0.32612 0.0917156
 0.32624 -0.462877
 0.32636 -1.0021
 0.32648 -1.51966
 0.3266 -2.0076
 0.32672 -2.45478
 0.32684 -2.84902
 0.32696 -3.18406
 0.32708 -3.45667
 0.3272 -3.66564
 0.32732 -3.81069
 0.32744 -3.89184
 0.32756 -3.91003
 0.32768 -3.86813
 0.3278 -3.76929
 0.32792 -3.61974
 0.32804 -3.42702
 0.32816 -3.19925
 0.32828 -2.94396
 0.3284 -2.66942
 0.32852 -2.38442
 0.32864 -2.09829
 0.32876 -1.82135
 0.32888 -1.56348
 0.329 -1.3314
 0.32912 -1.13052
 0.32924 -0.964706
 0.32936 -0.834619
 0.32948 -0.739351
 0.3296 -0.67692
 0.32972 -0.644852
 0.32984 -0.639505
 0.32996 -0.654011
 0.33008 -0.682509
 0.3302 -0.719851
 0.33032 -0.760003
 0.33044 -0.797014
 0.33056 -0.826559
 0.33068 -0.847301
 0.3308 -0.859582
 0.33092 -0.86362
 0.33104 -0.859741
 0.33116 -0.847462
 0.33128 -0.826339
 0.3314 -0.801999
 0.33152 -0.779698
 0.33164 -0.763513
 0.33176 -0.756355
 0.33188 -0.763509
 0.332 -0.791442
 0.33212 -0.844585
 0.33224 -0.926715
 0.33236 -1.04001
 0.33248 -1.18375
 0.3326 -1.35377
 0.33272 -1.54134
 0.33284 -1.73415
 0.33296 -1.92031
 0.33308 -2.08795
 0.3332 -2.2291
 0.33332 -2.33499
 0.33344 -2.39615
 0.33356 -2.40689
 0.33368 -2.36486
 0.3338 -2.26808
 0.33392 -2.11269
 0.33404 -1.89346
 0.33416 -1.60447
 0.33428 -1.24141
 0.3344 -0.804217
 0.33452 -0.296452
 0.33464 0.275368
 0.33476 0.899658
 0.33488 1.5613
 0.335 2.24287
 0.33512 2.92567
 0.33524 3.59374
 0.33536 4.23128
 0.33548 4.82771
 0.3356 5.37602
 0.33572 5.87219
 0.33584 6.31103
 0.33596 6.68587
 0.33608 6.9857
 0.3362 7.19755
 0.33632 7.31048
 0.33644 7.31671
 0.33656 7.21214
 0.33668 6.99484
 0.3368 6.66694
 0.33692 6.2329
 0.33704 5.70328
 0.33716 5.09168
 0.33728 4.41211
 0.3374 3.67733
 0.33752 2.89609
 0.33764 2.07738
 0.33776 1.23076
 0.33788 0.36927
 0.338 -0.49194
 0.33812 -1.33382
 0.33824 -2.1362
 0.33836 -2.87934
 0.33848 -3.54728
 0.3386 -4.12769
 0.33872 -4.60981
 0.33884 -4.98481
 0.33896 -5.24569
 0.33908 -5.38947
 0.3392 -5.41914
 0.33932 -5.33943
 0.33944 -5.15439
 0.33956 -4.86782
 0.33968 -4.48742
 0.3398 -4.0244
 0.33992 -3.4935
 0.34004 -2.91069
 0.34016 -2.29335
 0.34028 -1.65986
 0.3404 -1.02846
 0.34052 -0.412553
 0.34064 0.176708
 0.34076 0.731108
 0.34088 1.24377
 0.341 1.70479
 0.34112 2.1053
 0.34124 2.44424
 0.34136 2.72197
 0.34148 2.93795
 0.3416 3.09269
 0.34172 3.19051
 0.34184 3.23707
 0.34196 3.2385
 0.34208 3.20138
 0.3422 3.13246
 0.34232 3.041
 0.34244 2.93589
 0.34256 2.82346
 0.34268 2.70786
 0.3428 2.58887
 0.34292 2.46919
 0.34304 2.35933
 0.34316 2.26702
 0.34328 2.19221
 0.3434 2.13476
 0.34352 2.09826
 0.34364 2.08585
 0.34376 2.09938
 0.34388 2.14195
 0.344 2.21618
 0.34412 2.32488
 0.34424 2.46824
 0.34436 2.64155
 0.34448 2.84007
 0.3446 3.06
 0.34472 3.2994
 0.34484 3.5565
 0.34496 3.82149
 0.34508 4.0804
 0.3452 4.32651
 0.34532 4.55932
 0.34544 4.77547
 0.34556 4.96674
 0.34568 5.12466
 0.3458 5.2408
 0.34592 5.30817
 0.34604 5.321
 0.34616 5.27396
 0.34628 5.16929
 0.3464 5.01368
 0.34652 4.81297
 0.34664 4.57245
 0.34676 4.29806
 0.34688 4.00086
 0.347 3.69752
 0.34712 3.40186
 0.34724 3.12035
 0.34736 2.85745
 0.34748 2.62107
 0.3476 2.42172
 0.34772 2.27054
 0.34784 2.17783
 0.34796 2.15159
 0.34808 2.19915
 0.3482 2.32524
 0.34832 2.52582
 0.34844 2.79527
 0.34856 3.12947
 0.34868 3.52438
 0.3488 3.97232
 0.34892 4.46075
 0.34904 4.97693
 0.34916 5.51145
 0.34928 6.05736
 0.3494 6.60782
 0.34952 7.15422
 0.34964 7.6872
 0.34976 8.1973
 0.34988 8.67608
 0.35 9.11613
 0.35012 9.50941
 0.35024 9.85246
 0.35036 10.1474
 0.35048 10.3962
 0.3506 10.6
 0.35072 10.7611
 0.35084 10.8877
 0.35096 10.9887
 0.35108 11.0718
 0.3512 11.1442
 0.35132 11.2108
 0.35144 11.2751
 0.35156 11.3415
 0.35168 11.4144
 0.3518 11.4973
 0.35192 11.5911
 0.35204 11.698
 0.35216 11.8207
 0.35228 11.9577
 0.3524 12.1059
 0.35252 12.2622
 0.35264 12.4236
 0.35276 12.5824
 0.35288 12.7255
 0.353 12.842
 0.35312 12.9222
 0.35324 12.9582
 0.35336 12.9492
 0.35348 12.8972
 0.3536 12.8036
 0.35372 12.6704
 0.35384 12.5018
 0.35396 12.3041
 0.35408 12.0794
 0.3542 11.8299
 0.35432 11.5585
 0.35444 11.2682
 0.35456 10.9621
 0.35468 10.6451
 0.3548 10.3288
 0.35492 10.0278
 0.35504 9.7522
 0.35516 9.50948
 0.35528 9.30262
 0.3554 9.12612
 0.35552 8.97242
 0.35564 8.83405
 0.35576 8.70351
 0.35588 8.57162
 0.356 8.43124
 0.35612 8.28087
 0.35624 8.12022
 0.35636 7.95254
 0.35648 7.78097
 0.3566 7.60798
 0.35672 7.43297
 0.35684 7.25074
 0.35696 7.05668
 0.35708 6.85279
 0.3572 6.64349
 0.35732 6.43638
 0.35744 6.24329
 0.35756 6.07643
 0.35768 5.94713
 0.3578 5.866
 0.35792 5.84296
 0.35804 5.88104
 0.35816 5.97841
 0.35828 6.12851
 0.3584 6.31904
 0.35852 6.53776
 0.35864 6.77337
 0.35876 7.01731
 0.35888 7.26197
 0.359 7.49708
 0.35912 7.70749
 0.35924 7.87814
 0.35936 7.99369
 0.35948 8.03806
 0.3596 7.99621
 0.35972 7.85443
 0.35984 7.60012
 0.35996 7.22254
 0.36008 6.72114
 0.3602 6.09938
 0.36032 5.36677
 0.36044 4.53806
 0.36056 3.62903
 0.36068 2.65391
 0.3608 1.62433
 0.36092 0.552513
 0.36104 -0.546656
 0.36116 -1.65727
 0.36128 -2.7643
 0.3614 -3.85292
 0.36152 -4.9071
 0.36164 -5.91149
 0.36176 -6.85132
 0.36188 -7.71124
 0.362 -8.47512
 0.36212 -9.13563
 0.36224 -9.68741
 0.36236 -10.1297
 0.36248 -10.465
 0.3626 -10.6978
 0.36272 -10.83
 0.36284 -10.8596
 0.36296 -10.7866
 0.36308 -10.6124
 0.3632 -10.3379
 0.36332 -9.96422
 0.36344 -9.49502
 0.36356 -8.93871
 0.36368 -8.30486
 0.3638 -7.6035
 0.36392 -6.85045
 0.36404 -6.06596
 0.36416 -5.26692
 0.36428 -4.46963
 0.3644 -3.68829
 0.36452 -2.93537
 0.36464 -2.22035
 0.36476 -1.55654
 0.36488 -0.960016
 0.365 -0.444511
 0.36512 -0.0233461
 0.36524 0.29056
 0.36536 0.487353
 0.36548 0.564261
 0.3656 0.524248
 0.36572 0.371956
 0.36584 0.115096
 0.36596 -0.229308
 0.36608 -0.64053
 0.3662 -1.09822
 0.36632 -1.58211
 0.36644 -2.07135
 0.36656 -2.5462
 0.36668 -2.99027
 0.3668 -3.3847
 0.36692 -3.71018
 0.36704 -3.94867
 0.36716 -4.08293
 0.36728 -4.09992
 0.3674 -3.99166
 0.36752 -3.75645
 0.36764 -3.39524
 0.36776 -2.91083
 0.36788 -2.31242
 0.368 -1.61618
 0.36812 -0.839801
 0.36824 -0.00116441
 0.36836 0.880789
 0.36848 1.78422
 0.3686 2.68759
 0.36872 3.57212
 0.36884 4.41882
 0.36896 5.20885
 0.36908 5.92392
 0.3692 6.54792
 0.36932 7.06952
 0.36944 7.48006
 0.36956 7.77237
 0.36968 7.93907
 0.3698 7.97618
 0.36992 7.88639
 0.37004 7.67649
 0.37016 7.35434
 0.37028 6.92875
 0.3704 6.41036
 0.37052 5.8131
 0.37064 5.15085
 0.37076 4.43615
 0.37088 3.6813
 0.371 2.89855
 0.37112 2.10019
 0.37124 1.29797
 0.37136 0.502805
 0.37148 -0.273872
 0.3716 -1.01816
 0.37172 -1.71492
 0.37184 -2.35373
 0.37196 -2.92781
 0.37208 -3.43391
 0.3722 -3.86966
 0.37232 -4.23365
 0.37244 -4.52506
 0.37256 -4.74474
 0.37268 -4.89354
 0.3728 -4.97202
 0.37292 -4.98075
 0.37304 -4.92026
 0.37316 -4.79195
 0.37328 -4.5992
 0.3734 -4.34623
 0.37352 -4.03974
 0.37364 -3.69043
 0.37376 -3.3103
 0.37388 -2.90876
 0.374 -2.49383
 0.37412 -2.07072
 0.37424 -1.64543
 0.37436 -1.22377
 0.37448 -0.810799
 0.3746 -0.411115
 0.37472 -0.0294165
 0.37484 0.329258
 0.37496 0.659734
 0.37508 0.95611
 0.3752 1.21229
 0.37532 1.4232
 0.37544 1.58395
 0.37556 1.69229
 0.37568 1.75042
 0.3758 1.76248
 0.37592 1.73321
 0.37604 1.66668
 0.37616 1.56694
 0.37628 1.43969
 0.3764 1.28855
 0.37652 1.11577
 0.37664 0.922942
 0.37676 0.712684
 0.37688 0.488563
 0.377 0.254266
 0.37712 0.0162318
 0.37724 -0.217057
 0.37736 -0.435953
 0.37748 -0.62968
 0.3776 -0.790118
 0.37772 -0.914924
 0.37784 -1.00455
 0.37796 -1.06063
 0.37808 -1.08481
 0.3782 -1.08013
 0.37832 -1.05023
 0.37844 -0.996785
 0.37856 -0.920251
 0.37868 -0.82052
 0.3788 -0.699157
 0.37892 -0.557647
 0.37904 -0.397216
 0.37916 -0.222497
 0.37928 -0.0401187
 0.3794 0.139937
 0.37952 0.304412
 0.37964 0.444155
 0.37976 0.555494
 0.37988 0.637048
 0.38 0.68712
 0.38012 0.704101
 0.38024 0.687874
 0.38036 0.639396
 0.38048 0.560269
 0.3806 0.450473
 0.38072 0.310384
 0.38084 0.14056
 0.38096 -0.0600567
 0.38108 -0.292977
 0.3812 -0.55793
 0.38132 -0.852677
 0.38144 -1.1699
 0.38156 -1.49769
 0.38168 -1.82743
 0.3818 -2.15354
 0.38192 -2.47104
 0.38204 -2.77409
 0.38216 -3.05829
 0.38228 -3.32051
 0.3824 -3.55979
 0.38252 -3.77512
 0.38264 -3.96404
 0.38276 -4.12403
 0.38288 -4.25127
 0.383 -4.34098
 0.38312 -4.38806
 0.38324 -4.38857
 0.38336 -4.34079
 0.38348 -4.24884
 0.3836 -4.12108
 0.38372 -3.96388
 0.38384 -3.78248
 0.38396 -3.58286
 0.38408 -3.36932
 0.3842 -3.14343
 0.38432 -2.90648
 0.38444 -2.65928
 0.38456 -2.40401
 0.38468 -2.1445
 0.3848 -1.88697
 0.38492 -1.63901
 0.38504 -1.40855
 0.38516 -1.20354
 0.38528 -1.03045
 0.3854 -0.893021
 0.38552 -0.789524
 0.38564 -0.716533
 0.38576 -0.673855
 0.38588 -0.66074
 0.386 -0.675822
 0.38612 -0.72145
 0.38624 -0.801597
 0.38636 -0.918226
 0.38648 -1.07206
 0.3866 -1.26326
 0.38672 -1.48861
 0.38684 -1.74053
 0.38696 -2.00974
 0.38708 -2.28596
 0.3872 -2.55914
 0.38732 -2.82178
 0.38744 -3.06949
 0.38756 -3.30287
 0.38768 -3.52082
 0.3878 -3.71946
 0.38792 -3.89654
 0.38804 -4.04946
 0.38816 -4.17342
 0.38828 -4.26395
 0.3884 -4.32048
 0.38852 -4.34278
 0.38864 -4.33091
 0.38876 -4.28904
 0.38888 -4.22545
 0.389 -4.1497
 0.38912 -4.07315
 0.38924 -4.00517
 0.38936 -3.94943
 0.38948 -3.90684
 0.3896 -3.87414
 0.38972 -3.85057
 0.38984 -3.83483
 0.38996 -3.82504
 0.39008 -3.81989
 0.3902 -3.81818
 0.39032 -3.81699
 0.39044 -3.81102
 0.39056 -3.79536
 0.39068 -3.76523
 0.3908 -3.71333
 0.39092 -3.63132
 0.39104 -3.51033
 0.39116 -3.34055
 0.39128 -3.11714
 0.3914 -2.84169
 0.39152 -2.51742
 0.39164 -2.14947
 0.39176 -1.74269
 0.39188 -1.30484
 0.392 -0.84298
 0.39212 -0.363846
 0.39224 0.124318
 0.39236 0.611275
 0.39248 1.08689
 0.3926 1.54215
 0.39272 1.97027
 0.39284 2.36612
 0.39296 2.72558
 0.39308 3.04445
 0.3932 3.31882
 0.39332 3.54942
 0.39344 3.73975
 0.39356 3.89394
 0.39368 4.01637
 0.3938 4.11215
 0.39392 4.18857
 0.39404 4.25233
 0.39416 4.3091
 0.39428 4.36816
 0.3944 4.43913
 0.39452 4.52972
 0.39464 4.64623
 0.39476 4.7892
 0.39488 4.95611
 0.395 5.14382
 0.39512 5.34916
 0.39524 5.56864
 0.39536 5.79762
 0.39548 6.03026
 0.3956 6.26099
 0.39572 6.48531
 0.39584 6.70036
 0.39596 6.9023
 0.39608 7.08892
 0.3962 7.25933
 0.39632 7.40906
 0.39644 7.53532
 0.39656 7.63672
 0.39668 7.71276
 0.3968 7.76812
 0.39692 7.80862
 0.39704 7.84013
 0.39716 7.86853
 0.39728 7.89941
 0.3974 7.93783
 0.39752 7.99031
 0.39764 8.06129
 0.39776 8.15227
 0.39788 8.26295
 0.398 8.39321
 0.39812 8.53896
 0.39824 8.69563
 0.39836 8.86109
 0.39848 9.03178
 0.3986 9.20496
 0.39872 9.37786
 0.39884 9.54598
 0.39896 9.7052
 0.39908 9.85164
 0.3992 9.98102
 0.39932 10.0899
 0.39944 10.1752
 0.39956 10.2326
 0.39968 10.2605
 0.3998 10.2596
 0.39992 10.2293
 0.40004 10.1703
 0.40016 10.0874
 0.40028 9.98488
 0.4004 9.86489
 0.40052 9.73007
 0.40064 9.58169
 0.40076 9.42017
 0.40088 9.24537
 0.401 9.05474
 0.40112 8.84627
 0.40124 8.61903
 0.40136 8.37124
 0.40148 8.10254
 0.4016 7.81469
 0.40172 7.50858
 0.40184 7.18572
 0.40196 6.85057
 0.40208 6.50593
 0.4022 6.15225
 0.40232 5.7903
 0.40244 5.42123
 0.40256 5.04615
 0.40268 4.66664
 0.4028 4.28586
 0.40292 3.90918
 0.40304 3.54483
 0.40316 3.19897
 0.40328 2.87729
 0.4034 2.58612
 0.40352 2.32817
 0.40364 2.10392
 0.40376 1.91255
 0.40388 1.75152
 0.404 1.61663
 0.40412 1.50451
 0.40424 1.41352
 0.40436 1.34418
 0.40448 1.29795
 0.4046 1.27643
 0.40472 1.28188
 0.40484 1.31685
 0.40496 1.38267
 0.40508 1.47997
 0.4052 1.6106
 0.40532 1.77332
 0.40544 1.96567
 0.40556 2.18791
 0.40568 2.44134
 0.4058 2.728
 0.40592 3.04966
 0.40604 3.40757
 0.40616 3.80306
 0.40628 4.23601
 0.4064 4.70253
 0.40652 5.19851
 0.40664 5.71968
 0.40676 6.25698
 0.40688 6.79608
 0.407 7.32124
 0.40712 7.81654
 0.40724 8.26856
 0.40736 8.67162
 0.40748 9.02117
 0.4076 9.31156
 0.40772 9.53627
 0.40784 9.68972
 0.40796 9.76779
 0.40808 9.76745
 0.4082 9.68439
 0.40832 9.51552
 0.40844 9.25936
 0.40856 8.91332
 0.40868 8.47616
 0.4088 7.95562
 0.40892 7.36646
 0.40904 6.72451
 0.40916 6.04602
 0.40928 5.34118
 0.4094 4.61394
 0.40952 3.8683
 0.40964 3.11144
 0.40976 2.35311
 0.40988 1.60388
 0.41 0.873246
 0.41012 0.170209
 0.41024 -0.49539
 0.41036 -1.11413
 0.41048 -1.67639
 0.4106 -2.17074
 0.41072 -2.58908
 0.41084 -2.93061
 0.41096 -3.1968
 0.41108 -3.39042
 0.4112 -3.51523
 0.41132 -3.57054
 0.41144 -3.55428
 0.41156 -3.46548
 0.41168 -3.30894
 0.4118 -3.09337
 0.41192 -2.82918
 0.41204 -2.52649
 0.41216 -2.19467
 0.41228 -1.84286
 0.4124 -1.48
 0.41252 -1.11545
 0.41264 -0.758857
 0.41276 -0.415267
 0.41288 -0.0878862
 0.413 0.21881
 0.41312 0.501274
 0.41324 0.754959
 0.41336 0.974359
 0.41348 1.15284
 0.4136 1.28518
 0.41372 1.37135
 0.41384 1.41271
 0.41396 1.4132
 0.41408 1.3761
 0.4142 1.30373
 0.41432 1.19752
 0.41444 1.05859
 0.41456 0.888362
 0.41468 0.685839
 0.4148 0.446529
 0.41492 0.167065
 0.41504 -0.151522
 0.41516 -0.50375
 0.41528 -0.879718
 0.4154 -1.26808
 0.41552 -1.65445
 0.41564 -2.02788
 0.41576 -2.38039
 0.41588 -2.70456
 0.416 -2.9967
 0.41612 -3.25157
 0.41624 -3.46363
 0.41636 -3.62629
 0.41648 -3.7333
 0.4166 -3.77843
 0.41672 -3.75335
 0.41684 -3.64813
 0.41696 -3.45472
 0.41708 -3.17322
 0.4172 -2.8109
 0.41732 -2.38175
 0.41744 -1.90285
 0.41756 -1.3922
 0.41768 -0.862193
 0.4178 -0.323665
 0.41792 0.214251
 0.41804 0.744513
 0.41816 1.26065
 0.41828 1.75611
 0.4184 2.22389
 0.41852 2.65631
 0.41864 3.04464
 0.41876 3.37903
 0.41888 3.64786
 0.419 3.84059
 0.41912 3.9529
 0.41924 3.98724
 0.41936 3.95223
 0.41948 3.85873
 0.4196 3.71489
 0.41972 3.52421
 0.41984 3.28948
 0.41996 3.01247
 0.42008 2.69305
 0.4202 2.32973
 0.42032 1.92112
 0.42044 1.46776
 0.42056 0.975181
 0.42068 0.452933
 0.4208 -0.0881931
 0.42092 -0.633719
 0.42104 -1.16927
 0.42116 -1.68568
 0.42128 -2.17949
 0.4214 -2.65029
 0.42152 -3.09763
 0.42164 -3.51727
 0.42176 -3.90292
 0.42188 -4.24794
 0.422 -4.54491
 0.42212 -4.78688
 0.42224 -4.96732
 0.42236 -5.08015
 0.42248 -5.12425
 0.4226 -5.10617
 0.42272 -5.03633
 0.42284 -4.92652
 0.42296 -4.7933
 0.42308 -4.64938
 0.4232 -4.50159
 0.42332 -4.3544
 0.42344 -4.21249
 0.42356 -4.08289
 0.42368 -3.97507
 0.4238 -3.89935
 0.42392 -3.86715
 0.42404 -3.88784
 0.42416 -3.96591
 0.42428 -4.10478
 0.4244 -4.30729
 0.42452 -4.57348
 0.42464 -4.90042
 0.42476 -5.28553
 0.42488 -5.72274
 0.425 -6.20363
 0.42512 -6.7259
 0.42524 -7.28983
 0.42536 -7.89513
 0.42548 -8.53747
 0.4256 -9.20899
 0.42572 -9.89986
 0.42584 -10.5974
 0.42596 -11.2885
 0.42608 -11.9659
 0.4262 -12.6274
 0.42632 -13.2711
 0.42644 -13.8939
 0.42656 -14.4858
 0.42668 -15.033
 0.4268 -15.5205
 0.42692 -15.9381
 0.42704 -16.2752
 0.42716 -16.5185
 0.42728 -16.6547
 0.4274 -16.6746
 0.42752 -16.5747
 0.42764 -16.3558
 0.42776 -16.0228
 0.42788 -15.5841
 0.428 -15.0462
 0.42812 -14.4108
 0.42824 -13.6762
 0.42836 -12.8408
 0.42848 -11.9088
 0.4286 -10.8969
 0.42872 -9.8253
 0.42884 -8.71418
 0.42896 -7.58103
 0.42908 -6.44376
 0.4292 -5.32046
 0.42932 -4.22745
 0.42944 -3.17644
 0.42956 -2.17464
 0.42968 -1.22438
 0.4298 -0.323095
 0.42992 0.532384
 0.43004 1.34224
 0.43016 2.10336
 0.43028 2.80975
 0.4304 3.45585
 0.43052 4.04229
 0.43064 4.5757
 0.43076 5.06337
 0.43088 5.51235
 0.431 5.92912
 0.43112 6.3195
 0.43124 6.68871
 0.43136 7.04021
 0.43148 7.37544
 0.4316 7.69332
 0.43172 7.98616
 0.43184 8.24073
 0.43196 8.44596
 0.43208 8.59361
 0.4322 8.67923
 0.43232 8.69986
 0.43244 8.65202
 0.43256 8.53179
 0.43268 8.33733
 0.4328 8.0671
 0.43292 7.7197
 0.43304 7.29408
 0.43316 6.79066
 0.43328 6.21037
 0.4334 5.55461
 0.43352 4.8251
 0.43364 4.0256
 0.43376 3.17037
 0.43388 2.27821
 0.434 1.36522
 0.43412 0.445473
 0.43424 -0.46934
 0.43436 -1.36759
 0.43448 -2.2361
 0.4346 -3.06501
 0.43472 -3.84778
 0.43484 -4.57844
 0.43496 -5.25132
 0.43508 -5.86149
 0.4352 -6.40648
 0.43532 -6.88491
 0.43544 -7.29561
 0.43556 -7.63746
 0.43568 -7.9122
 0.4358 -8.13013
 0.43592 -8.30116
 0.43604 -8.43386
 0.43616 -8.53564
 0.43628 -8.61249
 0.4364 -8.6712
 0.43652 -8.72178
 0.43664 -8.77169
 0.43676 -8.82642
 0.43688 -8.89027
 0.437 -8.96744
 0.43712 -9.05901
 0.43724 -9.16106
 0.43736 -9.2669
 0.43748 -9.37021
 0.4376 -9.46538
 0.43772 -9.54501
 0.43784 -9.60035
 0.43796 -9.62399
 0.43808 -9.609
 0.4382 -9.5507
 0.43832 -9.44717
 0.43844 -9.2956
 0.43856 -9.09081
 0.43868 -8.82954
 0.4388 -8.51098
 0.43892 -8.13469
 0.43904 -7.70087
 0.43916 -7.21562
 0.43928 -6.6909
 0.4394 -6.14089
 0.43952 -5.57589
 0.43964 -5.00395
 0.43976 -4.43296
 0.43988 -3.87092
 0.44 -3.32628
 0.44012 -2.80599
 0.44024 -2.3135
 0.44036 -1.84893
 0.44048 -1.41334
 0.4406 -1.00862
 0.44072 -0.633664
 0.44084 -0.287042
 0.44096 0.0317903
 0.44108 0.32467
 0.4412 0.597335
 0.44132 0.858657
 0.44144 1.1164
 0.44156 1.37042
 0.44168 1.61782
 0.4418 1.85528
 0.44192 2.08018
 0.44204 2.28944
 0.44216 2.47833
 0.44228 2.64006
 0.4424 2.76732
 0.44252 2.85629
 0.44264 2.90351
 0.44276 2.90372
 0.44288 2.85331
 0.443 2.7494
 0.44312 2.58849
 0.44324 2.36732
 0.44336 2.0826
 0.44348 1.73401
 0.4436 1.32916
 0.44372 0.877459
 0.44384 0.38862
 0.44396 -0.126053
 0.44408 -0.65456
 0.4442 -1.18478
 0.44432 -1.70499
 0.44444 -2.20739
 0.44456 -2.68964
 0.44468 -3.1495
 0.4448 -3.58303
 0.44492 -3.98662
 0.44504 -4.35692
 0.44516 -4.69159
 0.44528 -4.99117
 0.4454 -5.25588
 0.44552 -5.48807
 0.44564 -5.69391
 0.44576 -5.87877
 0.44588 -6.04862
 0.446 -6.21112
 0.44612 -6.3748
 0.44624 -6.54676
 0.44636 -6.73139
 0.44648 -6.9275
 0.4466 -7.12919
 0.44672 -7.33018
 0.44684 -7.52711
 0.44696 -7.71564
 0.44708 -7.89098
 0.4472 -8.04593
 0.44732 -8.17117
 0.44744 -8.25941
 0.44756 -8.30384
 0.44768 -8.29955
 0.4478 -8.24341
 0.44792 -8.13186
 0.44804 -7.96022
 0.44816 -7.72286
 0.44828 -7.41829
 0.4484 -7.04913
 0.44852 -6.62105
 0.44864 -6.1443
 0.44876 -5.63036
 0.44888 -5.09126
 0.449 -4.5401
 0.44912 -3.98998
 0.44924 -3.45573
 0.44936 -2.95259
 0.44948 -2.49423
 0.4496 -2.09226
 0.44972 -1.75541
 0.44984 -1.49152
 0.44996 -1.3084
 0.45008 -1.21494
 0.4502 -1.21833
 0.45032 -1.31921
 0.45044 -1.5166
 0.45056 -1.80884
 0.45068 -2.19064
 0.4508 -2.6534
 0.45092 -3.18453
 0.45104 -3.77318
 0.45116 -4.40886
 0.45128 -5.08011
 0.4514 -5.77459
 0.45152 -6.47645
 0.45164 -7.17029
 0.45176 -7.84191
 0.45188 -8.47812
 0.452 -9.06503
 0.45212 -9.58848
 0.45224 -10.0379
 0.45236 -10.4072
 0.45248 -10.6891
 0.4526 -10.8761
 0.45272 -10.9625
 0.45284 -10.9479
 0.45296 -10.8358
 0.45308 -10.6285
 0.4532 -10.3283
 0.45332 -9.93822
 0.45344 -9.46474
 0.45356 -8.92081
 0.45368 -8.31967
 0.4538 -7.67318
 0.45392 -6.99433
 0.45404 -6.29862
 0.45416 -5.60128
 0.45428 -4.91616
 0.4544 -4.25695
 0.45452 -3.63814
 0.45464 -3.07489
 0.45476 -2.58117
 0.45488 -2.16521
 0.455 -1.829
 0.45512 -1.57396
 0.45524 -1.40185
 0.45536 -1.31433
 0.45548 -1.30894
 0.4556 -1.38016
 0.45572 -1.52262
 0.45584 -1.73141
 0.45596 -1.99694
 0.45608 -2.30782
 0.4562 -2.65318
 0.45632 -3.02026
 0.45644 -3.39512
 0.45656 -3.76356
 0.45668 -4.11129
 0.4568 -4.42576
 0.45692 -4.70103
 0.45704 -4.93815
 0.45716 -5.13632
 0.45728 -5.29413
 0.4574 -5.41109
 0.45752 -5.48851
 0.45764 -5.52804
 0.45776 -5.53119
 0.45788 -5.50073
 0.458 -5.4425
 0.45812 -5.36168
 0.45824 -5.26164
 0.45836 -5.14876
 0.45848 -5.03
 0.4586 -4.91166
 0.45872 -4.79907
 0.45884 -4.69578
 0.45896 -4.60035
 0.45908 -4.50956
 0.4592 -4.42326
 0.45932 -4.34008
 0.45944 -4.25678
 0.45956 -4.16993
 0.45968 -4.07651
 0.4598 -3.9734
 0.45992 -3.8567
 0.46004 -3.72233
 0.46016 -3.56795
 0.46028 -3.39377
 0.4604 -3.19783
 0.46052 -2.9792
 0.46064 -2.73845
 0.46076 -2.47683
 0.46088 -2.19564
 0.461 -1.89808
 0.46112 -1.58895
 0.46124 -1.27209
 0.46136 -0.95411
 0.46148 -0.642614
 0.4616 -0.344696
 0.46172 -0.0669729
 0.46184 0.183833
 0.46196 0.400539
 0.46208 0.574221
 0.4622 0.698787
 0.46232 0.77053
 0.46244 0.786285
 0.46256 0.744384
 0.46268 0.641998
 0.4628 0.475613
 0.46292 0.241342
 0.46304 -0.0582851
 0.46316 -0.416914
 0.46328 -0.828097
 0.4634 -1.28396
 0.46352 -1.77671
 0.46364 -2.29914
 0.46376 -2.84435
 0.46388 -3.40482
 0.464 -3.97035
 0.46412 -4.52808
 0.46424 -5.0696
 0.46436 -5.58842
 0.46448 -6.07989
 0.4646 -6.53677
 0.46472 -6.94747
 0.46484 -7.29983
 0.46496 -7.58387
 0.46508 -7.79893
 0.4652 -7.9444
 0.46532 -8.01878
 0.46544 -8.02051
 0.46556 -7.94763
 0.46568 -7.79756
 0.4658 -7.56794
 0.46592 -7.25888
 0.46604 -6.87474
 0.46616 -6.42057
 0.46628 -5.89832
 0.4664 -5.30954
 0.46652 -4.65528
 0.46664 -3.942
 0.46676 -3.17892
 0.46688 -2.3752
 0.467 -1.53782
 0.46712 -0.672518
 0.46724 0.209739
 0.46736 1.09654
 0.46748 1.97503
 0.4676 2.83178
 0.46772 3.65285
 0.46784 4.42551
 0.46796 5.14057
 0.46808 5.79377
 0.4682 6.38087
 0.46832 6.8964
 0.46844 7.33459
 0.46856 7.68927
 0.46868 7.95639
 0.4688 8.13186
 0.46892 8.21146
 0.46904 8.19317
 0.46916 8.08244
 0.46928 7.89057
 0.4694 7.62998
 0.46952 7.31295
 0.46964 6.95106
 0.46976 6.55554
 0.46988 6.13653
 0.47 5.70016
 0.47012 5.24689
 0.47024 4.77934
 0.47036 4.30161
 0.47048 3.81951
 0.4706 3.34005
 0.47072 2.87147
 0.47084 2.4226
 0.47096 2.00246
 0.47108 1.61459
 0.4712 1.25453
 0.47132 0.915142
 0.47144 0.589193
 0.47156 0.273396
 0.47168 -0.0318361
 0.4718 -0.325608
 0.47192 -0.606552
 0.47204 -0.868773
 0.47216 -1.10583
 0.47228 -1.31613
 0.4724 -1.4991
 0.47252 -1.65502
 0.47264 -1.78495
 0.47276 -1.89056
 0.47288 -1.9735
 0.473 -2.03541
 0.47312 -2.07195
 0.47324 -2.07395
 0.47336 -2.03186
 0.47348 -1.93886
 0.4736 -1.79597
 0.47372 -1.6072
 0.47384 -1.37632
 0.47396 -1.10749
 0.47408 -0.806876
 0.4742 -0.475237
 0.47432 -0.110823
 0.47444 0.286247
 0.47456 0.715119
 0.47468 1.17425
 0.4748 1.6602
 0.47492 2.16918
 0.47504 2.69621
 0.47516 3.23048
 0.47528 3.75785
 0.4754 4.26383
 0.47552 4.73782
 0.47564 5.17467
 0.47576 5.56744
 0.47588 5.90868
 0.476 6.19149
 0.47612 6.40929
 0.47624 6.55281
 0.47636 6.61461
 0.47648 6.59048
 0.4766 6.47718
 0.47672 6.27414
 0.47684 5.9832
 0.47696 5.60646
 0.47708 5.14781
 0.4772 4.61617
 0.47732 4.02416
 0.47744 3.38585
 0.47756 2.71271
 0.47768 2.01716
 0.4778 1.31643
 0.47792 0.627713
 0.47804 -0.0333998
 0.47816 -0.653753
 0.47828 -1.22073
 0.4784 -1.72362
 0.47852 -2.15367
 0.47864 -2.50348
 0.47876 -2.768
 0.47888 -2.94311
 0.479 -3.02461
 0.47912 -3.00934
 0.47924 -2.89836
 0.47936 -2.69599
 0.47948 -2.40739
 0.4796 -2.03683
 0.47972 -1.5952
 0.47984 -1.09834
 0.47996 -0.561026
 0.48008 0.00410407
 0.4802 0.585476
 0.48032 1.16942
 0.48044 1.74253
 0.48056 2.2929
 0.48068 2.80907
 0.4808 3.28007
 0.48092 3.69412
 0.48104 4.03848
 0.48116 4.30105
 0.48128 4.47234
 0.4814 4.5437
 0.48152 4.50642
 0.48164 4.35324
 0.48176 4.08577
 0.48188 3.70833
 0.482 3.22411
 0.48212 2.63615
 0.48224 1.95218
 0.48236 1.18367
 0.48248 0.340954
 0.4826 -0.565301
 0.48272 -1.5232
 0.48284 -2.52002
 0.48296 -3.53868
 0.48308 -4.55938
 0.4832 -5.56209
 0.48332 -6.52723
 0.48344 -7.43492
 0.48356 -8.2648
 0.48368 -8.99873
 0.4838 -9.62334
 0.48392 -10.1258
 0.48404 -10.4933
 0.48416 -10.7158
 0.48428 -10.7903
 0.4844 -10.7148
 0.48452 -10.4868
 0.48464 -10.1066
 0.48476 -9.57545
 0.48488 -8.8976
 0.485 -8.08475
 0.48512 -7.15446
 0.48524 -6.12563
 0.48536 -5.01744
 0.48548 -3.85061
 0.4856 -2.64762
 0.48572 -1.43177
 0.48584 -0.225999
 0.48596 0.947612
 0.48608 2.06824
 0.4862 3.11862
 0.48632 4.08428
 0.48644 4.95118
 0.48656 5.70588
 0.48668 6.33679
 0.4868 6.83277
 0.48692 7.18605
 0.48704 7.39613
 0.48716 7.46908
 0.48728 7.41284
 0.4874 7.23629
 0.48752 6.95233
 0.48764 6.57785
 0.48776 6.1328
 0.48788 5.6363
 0.488 5.10504
 0.48812 4.55458
 0.48824 3.99926
 0.48836 3.45261
 0.48848 2.92778
 0.4886 2.43794
 0.48872 1.99586
 0.48884 1.61342
 0.48896 1.30093
 0.48908 1.06453
 0.4892 0.90628
 0.48932 0.82676
 0.48944 0.824486
 0.48956 0.891551
 0.48968 1.01529
 0.4898 1.18284
 0.48992 1.38382
 0.49004 1.60867
 0.49016 1.84694
 0.49028 2.0902
 0.4904 2.33107
 0.49052 2.56145
 0.49064 2.77295
 0.49076 2.95835
 0.49088 3.11305
 0.491 3.23223
 0.49112 3.31188
 0.49124 3.34985
 0.49136 3.34394
 0.49148 3.29424
 0.4916 3.20698
 0.49172 3.08841
 0.49184 2.94
 0.49196 2.7637
 0.49208 2.56553
 0.4922 2.35235
 0.49232 2.12483
 0.49244 1.88366
 0.49256 1.63038
 0.49268 1.36639
 0.4928 1.08886
 0.49292 0.792498
 0.49304 0.473962
 0.49316 0.130103
 0.49328 -0.242318
 0.4934 -0.644524
 0.49352 -1.07916
 0.49364 -1.54901
 0.49376 -2.05092
 0.49388 -2.5773
 0.494 -3.12619
 0.49412 -3.70017
 0.49424 -4.29934
 0.49436 -4.9177
 0.49448 -5.55057
 0.4946 -6.19446
 0.49472 -6.84429
 0.49484 -7.48796
 0.49496 -8.11372
 0.49508 -8.71178
 0.4952 -9.2732
 0.49532 -9.78974
 0.49544 -10.254
 0.49556 -10.6597
 0.49568 -11.0047
 0.4958 -11.2918
 0.49592 -11.5243
 0.49604 -11.7002
 0.49616 -11.8172
 0.49628 -11.8758
 0.4964 -11.8782
 0.49652 -11.8231
 0.49664 -11.7083
 0.49676 -11.5351
 0.49688 -11.3107
 0.497 -11.041
 0.49712 -10.7309
 0.49724 -10.3837
 0.49736 -10.0042
 0.49748 -9.5981
 0.4976 -9.16908
 0.49772 -8.71862
 0.49784 -8.24745
 0.49796 -7.75809
 0.49808 -7.25399
 0.4982 -6.73759
 0.49832 -6.20985
 0.49844 -5.67326
 0.49856 -5.13289
 0.49868 -4.59289
 0.4988 -4.05511
 0.49892 -3.51932
 0.49904 -2.98569
 0.49916 -2.45545
 0.49928 -1.93091
 0.4994 -1.41274
 0.49952 -0.901582
 0.49964 -0.398781
 0.49976 0.0944339
 0.49988 0.578364
 0.5 1.05494
 0.50012 1.52511
 0.50024 1.98738
 0.50036 2.43811
 0.50048 2.87377
 0.5006 3.28975
 0.50072 3.67987
 0.50084 4.03883
 0.50096 4.36125
 0.50108 4.6424
 0.5012 4.87822
 0.50132 5.06692
 0.50144 5.20856
 0.50156 5.30432
 0.50168 5.35537
 0.5018 5.36186
 0.50192 5.32242
 0.50204 5.23588
 0.50216 5.10333
 0.50228 4.93093
 0.5024 4.72698
 0.50252 4.50035
 0.50264 4.26087
 0.50276 4.01914
 0.50288 3.78401
 0.503 3.564
 0.50312 3.36721
 0.50324 3.20026
 0.50336 3.06566
 0.50348 2.96245
 0.5036 2.88871
 0.50372 2.84266
 0.50384 2.82348
 0.50396 2.83008
 0.50408 2.86013
 0.5042 2.90819
 0.50432 2.96456
 0.50444 3.022
 0.50456 3.07528
 0.50468 3.11874
 0.5048 3.14757
 0.50492 3.15764
 0.50504 3.14492
 0.50516 3.10597
 0.50528 3.04122
 0.5054 2.95436
 0.50552 2.85075
 0.50564 2.73613
 0.50576 2.61647
 0.50588 2.4975
 0.506 2.38556
 0.50612 2.28768
 0.50624 2.21304
 0.50636 2.17023
 0.50648 2.16151
 0.5066 2.18868
 0.50672 2.25343
 0.50684 2.35661
 0.50696 2.49933
 0.50708 2.68276
 0.5072 2.90498
 0.50732 3.1566
 0.50744 3.42764
 0.50756 3.70772
 0.50768 3.98603
 0.5078 4.25177
 0.50792 4.49516
 0.50804 4.70641
 0.50816 4.8756
 0.50828 4.99256
 0.5084 5.05129
 0.50852 5.04953
 0.50864 4.98462
 0.50876 4.85738
 0.50888 4.66968
 0.509 4.42263
 0.50912 4.11746
 0.50924 3.76322
 0.50936 3.37642
 0.50948 2.97457
 0.5096 2.57558
 0.50972 2.1972
 0.50984 1.85304
 0.50996 1.55431
 0.51008 1.31215
 0.5102 1.13775
 0.51032 1.04142
 0.51044 1.02866
 0.51056 1.10341
 0.51068 1.26389
 0.5108 1.50043
 0.51092 1.80271
 0.51104 2.1613
 0.51116 2.56587
 0.51128 2.99833
 0.5114 3.43614
 0.51152 3.85478
 0.51164 4.22961
 0.51176 4.54048
 0.51188 4.77744
 0.512 4.93218
 0.51212 4.99678
 0.51224 4.96481
 0.51236 4.83213
 0.51248 4.6001
 0.5126 4.27302
 0.51272 3.86541
 0.51284 3.39572
 0.51296 2.88167
 0.51308 2.34064
 0.5132 1.79091
 0.51332 1.25383
 0.51344 0.751921
 0.51356 0.308204
 0.51368 -0.0551189
 0.5138 -0.326785
 0.51392 -0.504135
 0.51404 -0.584788
 0.51416 -0.569473
 0.51428 -0.465002
 0.5144 -0.282119
 0.51452 -0.035293
 0.51464 0.258893
 0.51476 0.581103
 0.51488 0.915706
 0.515 1.24777
 0.51512 1.56242
 0.51524 1.84459
 0.51536 2.0807
 0.51548 2.25844
 0.5156 2.36542
 0.51572 2.39165
 0.51584 2.33707
 0.51596 2.2037
 0.51608 1.99267
 0.5162 1.71186
 0.51632 1.37655
 0.51644 1.00372
 0.51656 0.60884
 0.51668 0.204389
 0.5168 -0.202589
 0.51692 -0.609518
 0.51704 -1.01356
 0.51716 -1.41178
 0.51728 -1.80224
 0.5174 -2.18504
 0.51752 -2.55883
 0.51764 -2.92158
 0.51776 -3.27283
 0.51788 -3.61667
 0.518 -3.95469
 0.51812 -4.28578
 0.51824 -4.61367
 0.51836 -4.94497
 0.51848 -5.28484
 0.5186 -5.63253
 0.51872 -5.98224
 0.51884 -6.32388
 0.51896 -6.64684
 0.51908 -6.9418
 0.5192 -7.19923
 0.51932 -7.40865
 0.51944 -7.56291
 0.51956 -7.6578
 0.51968 -7.69138
 0.5198 -7.66273
 0.51992 -7.56647
 0.52004 -7.40189
 0.52016 -7.17131
 0.52028 -6.87593
 0.5204 -6.51599
 0.52052 -6.09348
 0.52064 -5.61588
 0.52076 -5.09283
 0.52088 -4.53449
 0.521 -3.94926
 0.52112 -3.34488
 0.52124 -2.73004
 0.52136 -2.11257
 0.52148 -1.49662
 0.5216 -0.884743
 0.52172 -0.275819
 0.52184 0.330046
 0.52196 0.927644
 0.52208 1.51477
 0.5222 2.09038
 0.52232 2.65138
 0.52244 3.19158
 0.52256 3.70447
 0.52268 4.18384
 0.5228 4.62387
 0.52292 5.01836
 0.52304 5.35988
 0.52316 5.64222
 0.52328 5.86132
 0.5234 6.01305
 0.52352 6.09343
 0.52364 6.09858
 0.52376 6.0245
 0.52388 5.8714
 0.524 5.64222
 0.52412 5.34011
 0.52424 4.96791
 0.52436 4.53296
 0.52448 4.04655
 0.5246 3.52396
 0.52472 2.98413
 0.52484 2.4458
 0.52496 1.92762
 0.52508 1.44866
 0.5252 1.02511
 0.52532 0.668508
 0.52544 0.388967
 0.52556 0.193117
 0.52568 0.085421
 0.5258 0.0662926
 0.52592 0.13411
 0.52604 0.28491
 0.52616 0.513045
 0.52628 0.813432
 0.5264 1.17789
 0.52652 1.59489
 0.52664 2.0469
 0.52676 2.51163
 0.52688 2.97021
 0.527 3.40296
 0.52712 3.78923
 0.52724 4.11369
 0.52736 4.36516
 0.52748 4.53503
 0.5276 4.62136
 0.52772 4.6275
 0.52784 4.55946
 0.52796 4.42388
 0.52808 4.23116
 0.5282 3.99277
 0.52832 3.71942
 0.52844 3.42223
 0.52856 3.1161
 0.52868 2.82297
 0.5288 2.56454
 0.52892 2.35736
 0.52904 2.22009
 0.52916 2.17151
 0.52928 2.22602
 0.5294 2.39763
 0.52952 2.69613
 0.52964 3.11635
 0.52976 3.64545
 0.52988 4.27065
 0.53 4.97915
 0.53012 5.75571
 0.53024 6.58492
 0.53036 7.45199
 0.53048 8.3421
 0.5306 9.23499
 0.53072 10.1063
 0.53084 10.9357
 0.53096 11.7063
 0.53108 12.4005
 0.5312 13.001
 0.53132 13.4915
 0.53144 13.8544
 0.53156 14.0803
 0.53168 14.1818
 0.5318 14.1758
 0.53192 14.0762
 0.53204 13.8949
 0.53216 13.6442
 0.53228 13.3355
 0.5324 12.9791
 0.53252 12.5844
 0.53264 12.1649
 0.53276 11.7341
 0.53288 11.3014
 0.533 10.874
 0.53312 10.4591
 0.53324 10.0634
 0.53336 9.69452
 0.53348 9.362
 0.5336 9.06602
 0.53372 8.79486
 0.53384 8.5355
 0.53396 8.27983
 0.53408 8.02178
 0.5342 7.75735
 0.53432 7.4854
 0.53444 7.21016
 0.53456 6.93751
 0.53468 6.67274
 0.5348 6.42301
 0.53492 6.19866
 0.53504 6.01063
 0.53516 5.87008
 0.53528 5.78848
 0.5354 5.77575
 0.53552 5.83349
 0.53564 5.96338
 0.53576 6.17003
 0.53588 6.4591
 0.536 6.83242
 0.53612 7.28939
 0.53624 7.82401
 0.53636 8.42508
 0.53648 9.0743
 0.5366 9.75142
 0.53672 10.4351
 0.53684 11.1021
 0.53696 11.7288
 0.53708 12.2919
 0.5372 12.7673
 0.53732 13.1309
 0.53744 13.3626
 0.53756 13.4579
 0.53768 13.4152
 0.5378 13.2307
 0.53792 12.9017
 0.53804 12.4291
 0.53816 11.8181
 0.53828 11.0785
 0.5384 10.2233
 0.53852 9.26968
 0.53864 8.23838
 0.53876 7.15228
 0.53888 6.03385
 0.539 4.90341
 0.53912 3.78124
 0.53924 2.68902
 0.53936 1.64847
 0.53948 0.67505
 0.5396 -0.22488
 0.53972 -1.04516
 0.53984 -1.77852
 0.53996 -2.42147
 0.54008 -2.97394
 0.5402 -3.43887
 0.54032 -3.81826
 0.54044 -4.11286
 0.54056 -4.32581
 0.54068 -4.4655
 0.5408 -4.54162
 0.54092 -4.56157
 0.54104 -4.53044
 0.54116 -4.45367
 0.54128 -4.33884
 0.5414 -4.19332
 0.54152 -4.02205
 0.54164 -3.82874
 0.54176 -3.61764
 0.54188 -3.39365
 0.542 -3.15929
 0.54212 -2.9157
 0.54224 -2.66463
 0.54236 -2.41261
 0.54248 -2.16683
 0.5426 -1.93224
 0.54272 -1.71077
 0.54284 -1.50437
 0.54296 -1.31663
 0.54308 -1.15333
 0.5432 -1.01978
 0.54332 -0.91907
 0.54344 -0.854312
 0.54356 -0.828102
 0.54368 -0.842243
 0.5438 -0.897895
 0.54392 -0.994041
 0.54404 -1.12965
 0.54416 -1.30247
 0.54428 -1.50741
 0.5444 -1.73711
 0.54452 -1.98579
 0.54464 -2.24849
 0.54476 -2.5207
 0.54488 -2.79797
 0.545 -3.07526
 0.54512 -3.34364
 0.54524 -3.59465
 0.54536 -3.82084
 0.54548 -4.01489
 0.5456 -4.17041
 0.54572 -4.28109
 0.54584 -4.34053
 0.54596 -4.34333
 0.54608 -4.28445
 0.5462 -4.16165
 0.54632 -3.97542
 0.54644 -3.72587
 0.54656 -3.41281
 0.54668 -3.03639
 0.5468 -2.59659
 0.54692 -2.09211
 0.54704 -1.52403
 0.54716 -0.897945
 0.54728 -0.219329
 0.5474 0.506485
 0.54752 1.27444
 0.54764 2.07858
 0.54776 2.90832
 0.54788 3.74913
 0.548 4.5834
 0.54812 5.39424
 0.54824 6.16712
 0.54836 6.88986
 0.54848 7.55088
 0.5486 8.14048
 0.54872 8.64984
 0.54884 9.06893
 0.54896 9.38635
 0.54908 9.5952
 0.5492 9.69109
 0.54932 9.66826
 0.54944 9.52007
 0.54956 9.23942
 0.54968 8.82483
 0.5498 8.28523
 0.54992 7.63642
 0.55004 6.8966
 0.55016 6.08271
 0.55028 5.20937
 0.5504 4.28872
 0.55052 3.33082
 0.55064 2.3417
 0.55076 1.32716
 0.55088 0.294006
 0.551 -0.751146
 0.55112 -1.80455
 0.55124 -2.86121
 0.55136 -3.91021
 0.55148 -4.93794
 0.5516 -5.92959
 0.55172 -6.87901
 0.55184 -7.78794
 0.55196 -8.66168
 0.55208 -9.50361
 0.5522 -10.3147
 0.55232 -11.0924
 0.55244 -11.8304
 0.55256 -12.5178
 0.55268 -13.1389
 0.5528 -13.6776
 0.55292 -14.1167
 0.55304 -14.4388
 0.55316 -14.6269
 0.55328 -14.6691
 0.5534 -14.5608
 0.55352 -14.3025
 0.55364 -13.8954
 0.55376 -13.3358
 0.55388 -12.6184
 0.554 -11.7391
 0.55412 -10.6985
 0.55424 -9.5011
 0.55436 -8.15556
 0.55448 -6.67643
 0.5546 -5.08651
 0.55472 -3.41287
 0.55484 -1.68451
 0.55496 0.0680582
 0.55508 1.81545
 0.5552 3.52923
 0.55532 5.18475
 0.55544 6.76193
 0.55556 8.2454
 0.55568 9.61923
 0.5558 10.8651
 0.55592 11.9647
 0.55604 12.9032
 0.55616 13.6718
 0.55628 14.2639
 0.5564 14.6778
 0.55652 14.9186
 0.55664 15.0004
 0.55676 14.9401
 0.55688 14.756
 0.557 14.467
 0.55712 14.0912
 0.55724 13.6468
 0.55736 13.1517
 0.55748 12.6198
 0.5576 12.0637
 0.55772 11.4983
 0.55784 10.9408
 0.55796 10.408
 0.55808 9.91044
 0.5582 9.45476
 0.55832 9.04655
 0.55844 8.68644
 0.55856 8.37031
 0.55868 8.08963
 0.5588 7.83487
 0.55892 7.5955
 0.55904 7.36115
 0.55916 7.12142
 0.55928 6.86551
 0.5594 6.58546
 0.55952 6.27554
 0.55964 5.92987
 0.55976 5.5406
 0.55988 5.10076
 0.56 4.60701
 0.56012 4.06412
 0.56024 3.4789
 0.56036 2.85954
 0.56048 2.2168
 0.5606 1.56204
 0.56072 0.906586
 0.56084 0.262776
 0.56096 -0.356095
 0.56108 -0.937091
 0.5612 -1.46719
 0.56132 -1.93462
 0.56144 -2.33103
 0.56156 -2.6486
 0.56168 -2.87887
 0.5618 -3.01413
 0.56192 -3.04956
 0.56204 -2.98663
 0.56216 -2.83302
 0.56228 -2.59877
 0.5624 -2.29487
 0.56252 -1.9315
 0.56264 -1.51683
 0.56276 -1.0578
 0.56288 -0.562909
 0.563 -0.0412285
 0.56312 0.498778
 0.56324 1.04773
 0.56336 1.59716
 0.56348 2.13893
 0.5636 2.66467
 0.56372 3.16409
 0.56384 3.62756
 0.56396 4.04746
 0.56408 4.41997
 0.5642 4.74335
 0.56432 5.01787
 0.56444 5.24364
 0.56456 5.41836
 0.56468 5.53775
 0.5648 5.59685
 0.56492 5.59209
 0.56504 5.52038
 0.56516 5.3787
 0.56528 5.16604
 0.5654 4.88327
 0.56552 4.53374
 0.56564 4.12147
 0.56576 3.65338
 0.56588 3.13568
 0.566 2.57304
 0.56612 1.97116
 0.56624 1.33822
 0.56636 0.68218
 0.56648 0.0114529
 0.5666 -0.664131
 0.56672 -1.33452
 0.56684 -1.98964
 0.56696 -2.62094
 0.56708 -3.22071
 0.5672 -3.78155
 0.56732 -4.29654
 0.56744 -4.76274
 0.56756 -5.17956
 0.56768 -5.54603
 0.5678 -5.86195
 0.56792 -6.12445
 0.56804 -6.32821
 0.56816 -6.47193
 0.56828 -6.55772
 0.5684 -6.58774
 0.56852 -6.56414
 0.56864 -6.48861
 0.56876 -6.36132
 0.56888 -6.18205
 0.569 -5.94964
 0.56912 -5.66315
 0.56924 -5.32373
 0.56936 -4.93506
 0.56948 -4.49768
 0.5696 -4.01125
 0.56972 -3.47797
 0.56984 -2.90056
 0.56996 -2.2864
 0.57008 -1.64537
 0.5702 -0.986263
 0.57032 -0.318276
 0.57044 0.348135
 0.57056 1.00191
 0.57068 1.63096
 0.5708 2.22109
 0.57092 2.7589
 0.57104 3.23251
 0.57116 3.63151
 0.57128 3.95004
 0.5714 4.18437
 0.57152 4.3278
 0.57164 4.37417
 0.57176 4.31967
 0.57188 4.16224
 0.572 3.90404
 0.57212 3.55009
 0.57224 3.11222
 0.57236 2.60514
 0.57248 2.04686
 0.5726 1.45589
 0.57272 0.85106
 0.57284 0.252235
 0.57296 -0.322995
 0.57308 -0.858941
 0.5732 -1.34133
 0.57332 -1.75783
 0.57344 -2.09397
 0.57356 -2.33504
 0.57368 -2.46797
 0.5738 -2.48235
 0.57392 -2.37027
 0.57404 -2.12535
 0.57416 -1.74863
 0.57428 -1.25097
 0.5744 -0.645213
 0.57452 0.0527179
 0.57464 0.826914
 0.57476 1.66161
 0.57488 2.54123
 0.575 3.45176
 0.57512 4.37952
 0.57524 5.3105
 0.57536 6.22564
 0.57548 7.1052
 0.5756 7.93387
 0.57572 8.6986
 0.57584 9.38901
 0.57596 9.99554
 0.57608 10.5099
 0.5762 10.9349
 0.57632 11.277
 0.57644 11.542
 0.57656 11.7373
 0.57668 11.8704
 0.5768 11.9488
 0.57692 11.9793
 0.57704 11.9689
 0.57716 11.9256
 0.57728 11.8609
 0.5774 11.7929
 0.57752 11.7344
 0.57764 11.6934
 0.57776 11.6766
 0.57788 11.6899
 0.578 11.7393
 0.57812 11.8274
 0.57824 11.9485
 0.57836 12.0973
 0.57848 12.2691
 0.5786 12.4579
 0.57872 12.6576
 0.57884 12.8617
 0.57896 13.0621
 0.57908 13.2495
 0.5792 13.4132
 0.57932 13.538
 0.57944 13.6068
 0.57956 13.6064
 0.57968 13.5254
 0.5798 13.3517
 0.57992 13.0729
 0.58004 12.6768
 0.58016 12.1557
 0.58028 11.5082
 0.5804 10.7382
 0.58052 9.85065
 0.58064 8.85144
 0.58076 7.74735
 0.58088 6.54882
 0.581 5.2688
 0.58112 3.92067
 0.58124 2.51815
 0.58136 1.07751
 0.58148 -0.378431
 0.5816 -1.8273
 0.58172 -3.24592
 0.58184 -4.60924
 0.58196 -5.89191
 0.58208 -7.06896
 0.5822 -8.11855
 0.58232 -9.02778
 0.58244 -9.79382
 0.58256 -10.4153
 0.58268 -10.8921
 0.5828 -11.2291
 0.58292 -11.4349
 0.58304 -11.5181
 0.58316 -11.4829
 0.58328 -11.3332
 0.5834 -11.0785
 0.58352 -10.7383
 0.58364 -10.3267
 0.58376 -9.85914
 0.58388 -9.35233
 0.584 -8.82191
 0.58412 -8.28479
 0.58424 -7.7571
 0.58436 -7.24563
 0.58448 -6.74943
 0.5846 -6.26676
 0.58472 -5.79187
 0.58484 -5.31267
 0.58496 -4.8173
 0.58508 -4.29912
 0.5852 -3.75909
 0.58532 -3.19828
 0.58544 -2.61106
 0.58556 -1.99139
 0.58568 -1.34282
 0.5858 -0.668454
 0.58592 0.0277957
 0.58604 0.740289
 0.58616 1.46661
 0.58628 2.20355
 0.5864 2.94194
 0.58652 3.66906
 0.58664 4.37128
 0.58676 5.03044
 0.58688 5.62415
 0.587 6.13306
 0.58712 6.54416
 0.58724 6.85166
 0.58736 7.05084
 0.58748 7.13383
 0.5876 7.09796
 0.58772 6.94624
 0.58784 6.68215
 0.58796 6.31112
 0.58808 5.83863
 0.5882 5.26867
 0.58832 4.60901
 0.58844 3.87187
 0.58856 3.07145
 0.58868 2.22311
 0.5888 1.34501
 0.58892 0.45784
 0.58904 -0.417413
 0.58916 -1.26135
 0.58928 -2.06061
 0.5894 -2.80224
 0.58952 -3.4712
 0.58964 -4.05507
 0.58976 -4.54254
 0.58988 -4.92234
 0.59 -5.18426
 0.59012 -5.31905
 0.59024 -5.31948
 0.59036 -5.18569
 0.59048 -4.92215
 0.5906 -4.53498
 0.59072 -4.03198
 0.59084 -3.42139
 0.59096 -2.71364
 0.59108 -1.92822
 0.5912 -1.08555
 0.59132 -0.203158
 0.59144 0.701336
 0.59156 1.61006
 0.59168 2.50616
 0.5918 3.3724
 0.59192 4.19034
 0.59204 4.94471
 0.59216 5.6246
 0.59228 6.22249
 0.5924 6.7377
 0.59252 7.17085
 0.59264 7.52436
 0.59276 7.80163
 0.59288 8.00395
 0.593 8.13815
 0.59312 8.22159
 0.59324 8.27215
 0.59336 8.30592
 0.59348 8.33608
 0.5936 8.37283
 0.59372 8.42483
 0.59384 8.50155
 0.59396 8.61424
 0.59408 8.76672
 0.5942 8.95888
 0.59432 9.18861
 0.59444 9.45139
 0.59456 9.74459
 0.59468 10.064
 0.5948 10.4069
 0.59492 10.7725
 0.59504 11.1541
 0.59516 11.5404
 0.59528 11.9199
 0.5954 12.2844
 0.59552 12.6304
 0.59564 12.9582
 0.59576 13.2684
 0.59588 13.5575
 0.596 13.8202
 0.59612 14.0552
 0.59624 14.2618
 0.59636 14.4394
 0.59648 14.5856
 0.5966 14.6963
 0.59672 14.7668
 0.59684 14.787
 0.59696 14.7457
 0.59708 14.6345
 0.5972 14.4458
 0.59732 14.1717
 0.59744 13.8023
 0.59756 13.3246
 0.59768 12.7248
 0.5978 11.9928
 0.59792 11.125
 0.59804 10.1218
 0.59816 8.98706
 0.59828 7.72539
 0.5984 6.34394
 0.59852 4.85498
 0.59864 3.27168
 0.59876 1.61209
 0.59888 -0.098982
 0.599 -1.83651
 0.59912 -3.57633
 0.59924 -5.29345
 0.59936 -6.96256
 0.59948 -8.55866
 0.5996 -10.0565
 0.59972 -11.433
 0.59984 -12.6692
 0.59996 -13.7489
 0.60008 -14.6612
 0.6002 -15.3983
 0.60032 -15.9531
 0.60044 -16.3254
 0.60056 -16.5201
 0.60068 -16.5448
 0.6008 -16.4122
 0.60092 -16.1382
 0.60104 -15.7379
 0.60116 -15.2258
 0.60128 -14.6186
 0.6014 -13.9323
 0.60152 -13.1802
 0.60164 -12.3745
 0.60176 -11.5249
 0.60188 -10.6422
 0.602 -9.73743
 0.60212 -8.82177
 0.60224 -7.9074
 0.60236 -7.00549
 0.60248 -6.12075
 0.6026 -5.25533
 0.60272 -4.4096
 0.60284 -3.58327
 0.60296 -2.77585
 0.60308 -1.9895
 0.6032 -1.22799
 0.60332 -0.493006
 0.60344 0.2109
 0.60356 0.875417
 0.60368 1.49143
 0.6038 2.05
 0.60392 2.54345
 0.60404 2.9654
 0.60416 3.31258
 0.60428 3.58312
 0.6044 3.7759
 0.60452 3.88734
 0.60464 3.91465
 0.60476 3.85811
 0.60488 3.71796
 0.605 3.49462
 0.60512 3.19373
 0.60524 2.82127
 0.60536 2.38234
 0.60548 1.88614
 0.6056 1.34351
 0.60572 0.762034
 0.60584 0.148129
 0.60596 -0.490771
 0.60608 -1.14784
 0.6062 -1.81318
 0.60632 -2.47853
 0.60644 -3.13755
 0.60656 -3.78373
 0.60668 -4.41415
 0.6068 -5.02799
 0.60692 -5.62046
 0.60704 -6.18731
 0.60716 -6.72789
 0.60728 -7.24035
 0.6074 -7.72339
 0.60752 -8.17804
 0.60764 -8.60228
 0.60776 -8.98777
 0.60788 -9.32566
 0.608 -9.60774
 0.60812 -9.82892
 0.60824 -9.99074
 0.60836 -10.0927
 0.60848 -10.134
 0.6086 -10.1141
 0.60872 -10.0318
 0.60884 -9.8889
 0.60896 -9.69199
 0.60908 -9.4471
 0.6092 -9.1572
 0.60932 -8.82713
 0.60944 -8.46198
 0.60956 -8.06731
 0.60968 -7.65383
 0.6098 -7.23651
 0.60992 -6.83069
 0.61004 -6.45144
 0.61016 -6.1098
 0.61028 -5.8136
 0.6104 -5.57015
 0.61052 -5.38486
 0.61064 -5.25986
 0.61076 -5.19578
 0.61088 -5.1894
 0.611 -5.23541
 0.61112 -5.33044
 0.61124 -5.47415
 0.61136 -5.65972
 0.61148 -5.87872
 0.6116 -6.12096
 0.61172 -6.37526
 0.61184 -6.63
 0.61196 -6.87343
 0.61208 -7.09384
 0.6122 -7.2798
 0.61232 -7.42034
 0.61244 -7.50753
 0.61256 -7.53609
 0.61268 -7.50351
 0.6128 -7.40805
 0.61292 -7.2492
 0.61304 -7.02707
 0.61316 -6.73985
 0.61328 -6.38874
 0.6134 -5.9826
 0.61352 -5.53076
 0.61364 -5.04265
 0.61376 -4.52259
 0.61388 -3.9729
 0.614 -3.39565
 0.61412 -2.79481
 0.61424 -2.17788
 0.61436 -1.55303
 0.61448 -0.926841
 0.6146 -0.304632
 0.61472 0.309431
 0.61484 0.91058
 0.61496 1.49397
 0.61508 2.05718
 0.6152 2.59869
 0.61532 3.12189
 0.61544 3.63061
 0.61556 4.12763
 0.61568 4.61356
 0.6158 5.08255
 0.61592 5.52711
 0.61604 5.93954
 0.61616 6.31741
 0.61628 6.66235
 0.6164 6.97703
 0.61652 7.26397
 0.61664 7.52345
 0.61676 7.75493
 0.61688 7.95929
 0.617 8.13647
 0.61712 8.28299
 0.61724 8.3945
 0.61736 8.46714
 0.61748 8.50131
 0.6176 8.49825
 0.61772 8.46158
 0.61784 8.39822
 0.61796 8.31605
 0.61808 8.22113
 0.6182 8.11427
 0.61832 7.99479
 0.61844 7.8639
 0.61856 7.72349
 0.61868 7.57933
 0.6188 7.437
 0.61892 7.30171
 0.61904 7.18012
 0.61916 7.07977
 0.61928 7.00707
 0.6194 6.96499
 0.61952 6.95399
 0.61964 6.97308
 0.61976 7.01885
 0.61988 7.08587
 0.62 7.16782
 0.62012 7.26118
 0.62024 7.36284
 0.62036 7.46889
 0.62048 7.57256
 0.6206 7.66632
 0.62072 7.74104
 0.62084 7.78742
 0.62096 7.79462
 0.62108 7.75101
 0.6212 7.64545
 0.62132 7.46933
 0.62144 7.21605
 0.62156 6.88045
 0.62168 6.46132
 0.6218 5.96044
 0.62192 5.38187
 0.62204 4.73193
 0.62216 4.0175
 0.62228 3.24737
 0.6224 2.43121
 0.62252 1.57867
 0.62264 0.698401
 0.62276 -0.200334
 0.62288 -1.10541
 0.623 -2.00209
 0.62312 -2.87477
 0.62324 -3.70851
 0.62336 -4.49079
 0.62348 -5.21157
 0.6236 -5.86373
 0.62372 -6.44424
 0.62384 -6.95227
 0.62396 -7.38987
 0.62408 -7.7631
 0.6242 -8.08006
 0.62432 -8.35067
 0.62444 -8.58506
 0.62456 -8.79093
 0.62468 -8.97497
 0.6248 -9.14603
 0.62492 -9.31491
 0.62504 -9.4937
 0.62516 -9.69491
 0.62528 -9.93061
 0.6254 -10.2076
 0.62552 -10.527
 0.62564 -10.8874
 0.62576 -11.2856
 0.62588 -11.7159
 0.626 -12.1705
 0.62612 -12.6398
 0.62624 -13.1114
 0.62636 -13.5698
 0.62648 -13.9993
 0.6266 -14.3863
 0.62672 -14.7168
 0.62684 -14.9778
 0.62696 -15.161
 0.62708 -15.2596
 0.6272 -15.2674
 0.62732 -15.179
 0.62744 -14.9986
 0.62756 -14.7355
 0.62768 -14.3996
 0.6278 -14.0018
 0.62792 -13.5545
 0.62804 -13.0677
 0.62816 -12.551
 0.62828 -12.0191
 0.6284 -11.4894
 0.62852 -10.979
 0.62864 -10.5046
 0.62876 -10.083
 0.62888 -9.72384
 0.629 -9.42697
 0.62912 -9.18723
 0.62924 -8.99921
 0.62936 -8.85535
 0.62948 -8.74101
 0.6296 -8.63971
 0.62972 -8.53505
 0.62984 -8.41012
 0.62996 -8.25184
 0.63008 -8.05153
 0.6302 -7.79981
 0.63032 -7.48431
 0.63044 -7.09264
 0.63056 -6.61263
 0.63068 -6.03125
 0.6308 -5.33545
 0.63092 -4.52038
 0.63104 -3.59193
 0.63116 -2.56177
 0.63128 -1.44203
 0.6314 -0.246744
 0.63152 1.00634
 0.63164 2.2985
 0.63176 3.61208
 0.63188 4.93024
 0.632 6.24105
 0.63212 7.53446
 0.63224 8.80088
 0.63236 10.031
 0.63248 11.2154
 0.6326 12.3442
 0.63272 13.4044
 0.63284 14.3806
 0.63296 15.2633
 0.63308 16.0485
 0.6332 16.7367
 0.63332 17.3283
 0.63344 17.827
 0.63356 18.2398
 0.63368 18.5737
 0.6338 18.8344
 0.63392 19.0259
 0.63404 19.1495
 0.63416 19.2037
 0.63428 19.1839
 0.6344 19.0859
 0.63452 18.9069
 0.63464 18.6448
 0.63476 18.304
 0.63488 17.892
 0.635 17.4146
 0.63512 16.8778
 0.63524 16.2856
 0.63536 15.6401
 0.63548 14.9388
 0.6356 14.1771
 0.63572 13.3506
 0.63584 12.4579
 0.63596 11.5022
 0.63608 10.49
 0.6362 9.43298
 0.63632 8.34606
 0.63644 7.24325
 0.63656 6.13788
 0.63668 5.0421
 0.6368 3.96057
 0.63692 2.89604
 0.63704 1.85071
 0.63716 0.826119
 0.63728 -0.174234
 0.6374 -1.13928
 0.63752 -2.05319
 0.63764 -2.89931
 0.63776 -3.66214
 0.63788 -4.332
 0.638 -4.90549
 0.63812 -5.38238
 0.63824 -5.76633
 0.63836 -6.062
 0.63848 -6.27325
 0.6386 -6.40477
 0.63872 -6.45834
 0.63884 -6.42886
 0.63896 -6.31243
 0.63908 -6.10729
 0.6392 -5.81197
 0.63932 -5.43045
 0.63944 -4.97646
 0.63956 -4.46546
 0.63968 -3.91241
 0.6398 -3.33067
 0.63992 -2.72743
 0.64004 -2.10592
 0.64016 -1.46763
 0.64028 -0.813499
 0.6404 -0.148223
 0.64052 0.521797
 0.64064 1.18982
 0.64076 1.84301
 0.64088 2.46528
 0.641 3.04614
 0.64112 3.57956
 0.64124 4.05888
 0.64136 4.48198
 0.64148 4.84909
 0.6416 5.15845
 0.64172 5.40816
 0.64184 5.59531
 0.64196 5.71222
 0.64208 5.74972
 0.6422 5.69664
 0.64232 5.54689
 0.64244 5.30164
 0.64256 4.96492
 0.64268 4.54429
 0.6428 4.05211
 0.64292 3.50079
 0.64304 2.89407
 0.64316 2.23223
 0.64328 1.52168
 0.6434 0.770014
 0.64352 -0.0115669
 0.64364 -0.810299
 0.64376 -1.61437
 0.64388 -2.40964
 0.644 -3.17919
 0.64412 -3.903
 0.64424 -4.5605
 0.64436 -5.13988
 0.64448 -5.63421
 0.6446 -6.04041
 0.64472 -6.35863
 0.64484 -6.59067
 0.64496 -6.73766
 0.64508 -6.79138
 0.6452 -6.7457
 0.64532 -6.60324
 0.64544 -6.36893
 0.64556 -6.05008
 0.64568 -5.65313
 0.6458 -5.18718
 0.64592 -4.66597
 0.64604 -4.10575
 0.64616 -3.52668
 0.64628 -2.94725
 0.6464 -2.38111
 0.64652 -1.83856
 0.64664 -1.32462
 0.64676 -0.843264
 0.64688 -0.397856
 0.647 0.00644001
 0.64712 0.359248
 0.64724 0.654754
 0.64736 0.890907
 0.64748 1.06572
 0.6476 1.17682
 0.64772 1.22147
 0.64784 1.20479
 0.64796 1.13497
 0.64808 1.02199
 0.6482 0.877311
 0.64832 0.710199
 0.64844 0.529065
 0.64856 0.336679
 0.64868 0.131237
 0.6488 -0.0888891
 0.64892 -0.324514
 0.64904 -0.574913
 0.64916 -0.838339
 0.64928 -1.11455
 0.6494 -1.40262
 0.64952 -1.69965
 0.64964 -2.00261
 0.64976 -2.31003
 0.64988 -2.62488
 0.65 -2.94931
 0.65012 -3.28478
 0.65024 -3.63112
 0.65036 -3.98472
 0.65048 -4.34251
 0.6506 -4.69681
 0.65072 -5.0384
 0.65084 -5.36082
 0.65096 -5.66101
 0.65108 -5.93652
 0.6512 -6.18498
 0.65132 -6.40419
 0.65144 -6.59483
 0.65156 -6.75858
 0.65168 -6.89584
 0.6518 -7.00691
 0.65192 -7.09166
 0.65204 -7.15289
 0.65216 -7.19626
 0.65228 -7.23296
 0.6524 -7.27636
 0.65252 -7.33874
 0.65264 -7.43374
 0.65276 -7.57507
 0.65288 -7.76765
 0.653 -8.01009
 0.65312 -8.30056
 0.65324 -8.63725
 0.65336 -9.01786
 0.65348 -9.4378
 0.6536 -9.8927
 0.65372 -10.3788
 0.65384 -10.8923
 0.65396 -11.4304
 0.65408 -11.9872
 0.6542 -12.5498
 0.65432 -13.0992
 0.65444 -13.6175
 0.65456 -14.0876
 0.65468 -14.4904
 0.6548 -14.8069
 0.65492 -15.0315
 0.65504 -15.1638
 0.65516 -15.2044
 0.65528 -15.154
 0.6554 -15.0138
 0.65552 -14.7863
 0.65564 -14.4753
 0.65576 -14.0847
 0.65588 -13.6168
 0.656 -13.0732
 0.65612 -12.4594
 0.65624 -11.7897
 0.65636 -11.0792
 0.65648 -10.3392
 0.6566 -9.58074
 0.65672 -8.81903
 0.65684 -8.06801
 0.65696 -7.33415
 0.65708 -6.62081
 0.6572 -5.92864
 0.65732 -5.25767
 0.65744 -4.60801
 0.65756 -3.97694
 0.65768 -3.36067
 0.6578 -2.7562
 0.65792 -2.16212
 0.65804 -1.57538
 0.65816 -0.990204
 0.65828 -0.398551
 0.6584 0.202462
 0.65852 0.811233
 0.65864 1.42556
 0.65876 2.04588
 0.65888 2.67227
 0.659 3.30385
 0.65912 3.93493
 0.65924 4.55511
 0.65936 5.15246
 0.65948 5.71373
 0.6596 6.22369
 0.65972 6.66821
 0.65984 7.03384
 0.65996 7.30757
 0.66008 7.47389
 0.6602 7.51822
 0.66032 7.4323
 0.66044 7.21413
 0.66056 6.86377
 0.66068 6.38313
 0.6608 5.77388
 0.66092 5.03683
 0.66104 4.17388
 0.66116 3.19286
 0.66128 2.10597
 0.6614 0.931155
 0.66152 -0.311081
 0.66164 -1.60061
 0.66176 -2.91791
 0.66188 -4.2426
 0.662 -5.55317
 0.66212 -6.82642
 0.66224 -8.04214
 0.66236 -9.18882
 0.66248 -10.256
 0.6626 -11.234
 0.66272 -12.1141
 0.66284 -12.8879
 0.66296 -13.5452
 0.66308 -14.0751
 0.6632 -14.4675
 0.66332 -14.7172
 0.66344 -14.8263
 0.66356 -14.7988
 0.66368 -14.6382
 0.6638 -14.3495
 0.66392 -13.9396
 0.66404 -13.417
 0.66416 -12.7937
 0.66428 -12.0786
 0.6644 -11.2774
 0.66452 -10.3979
 0.66464 -9.44784
 0.66476 -8.43576
 0.66488 -7.37112
 0.665 -6.26747
 0.66512 -5.14274
 0.66524 -4.01907
 0.66536 -2.91503
 0.66548 -1.84654
 0.6656 -0.829432
 0.66572 0.122418
 0.66584 0.996235
 0.66596 1.77832
 0.66608 2.45816
 0.6662 3.02892
 0.66632 3.48271
 0.66644 3.81233
 0.66656 4.01207
 0.66668 4.0776
 0.6668 4.00827
 0.66692 3.80529
 0.66704 3.47362
 0.66716 3.02258
 0.66728 2.46559
 0.6674 1.81517
 0.66752 1.0863
 0.66764 0.293508
 0.66776 -0.551178
 0.66788 -1.43335
 0.668 -2.33329
 0.66812 -3.23388
 0.66824 -4.11986
 0.66836 -4.97686
 0.66848 -5.79123
 0.6686 -6.55008
 0.66872 -7.24419
 0.66884 -7.86879
 0.66896 -8.42043
 0.66908 -8.89725
 0.6692 -9.29972
 0.66932 -9.62804
 0.66944 -9.88238
 0.66956 -10.0654
 0.66968 -10.18
 0.6698 -10.228
 0.66992 -10.2166
 0.67004 -10.1588
 0.67016 -10.0677
 0.67028 -9.95316
 0.6704 -9.82316
 0.67052 -9.68583
 0.67064 -9.54887
 0.67076 -9.41637
 0.67088 -9.29037
 0.671 -9.17174
 0.67112 -9.06047
 0.67124 -8.95644
 0.67136 -8.86166
 0.67148 -8.77925
 0.6716 -8.71092
 0.67172 -8.65642
 0.67184 -8.61587
 0.67196 -8.58471
 0.67208 -8.55564
 0.6722 -8.52093
 0.67232 -8.47669
 0.67244 -8.4208
 0.67256 -8.34954
 0.67268 -8.25987
 0.6728 -8.15041
 0.67292 -8.02071
 0.67304 -7.87147
 0.67316 -7.70428
 0.67328 -7.52069
 0.6734 -7.32085
 0.67352 -7.10449
 0.67364 -6.87266
 0.67376 -6.62831
 0.67388 -6.37551
 0.674 -6.11982
 0.67412 -5.86799
 0.67424 -5.62822
 0.67436 -5.40549
 0.67448 -5.2043
 0.6746 -5.02986
 0.67472 -4.8858
 0.67484 -4.77459
 0.67496 -4.69765
 0.67508 -4.65508
 0.6752 -4.64592
 0.67532 -4.66797
 0.67544 -4.71839
 0.67556 -4.79348
 0.67568 -4.88845
 0.6758 -4.9956
 0.67592 -5.10559
 0.67604 -5.20821
 0.67616 -5.29215
 0.67628 -5.34459
 0.6764 -5.35515
 0.67652 -5.31355
 0.67664 -5.21184
 0.67676 -5.04385
 0.67688 -4.80443
 0.677 -4.49014
 0.67712 -4.09875
 0.67724 -3.62981
 0.67736 -3.08765
 0.67748 -2.47821
 0.6776 -1.80778
 0.67772 -1.08388
 0.67784 -0.317382
 0.67796 0.479261
 0.67808 1.29082
 0.6782 2.10244
 0.67832 2.89706
 0.67844 3.65812
 0.67856 4.36965
 0.67868 5.01801
 0.6788 5.59045
 0.67892 6.07622
 0.67904 6.46513
 0.67916 6.74687
 0.67928 6.91537
 0.6794 6.97044
 0.67952 6.91235
 0.67964 6.74004
 0.67976 6.45217
 0.67988 6.04985
 0.68 5.53824
 0.68012 4.92676
 0.68024 4.22766
 0.68036 3.45822
 0.68048 2.63737
 0.6806 1.78444
 0.68072 0.919949
 0.68084 0.0619832
 0.68096 -0.77296
 0.68108 -1.56423
 0.6812 -2.29056
 0.68132 -2.93485
 0.68144 -3.48209
 0.68156 -3.91566
 0.68168 -4.21436
 0.6818 -4.35571
 0.68192 -4.32033
 0.68204 -4.09563
 0.68216 -3.67466
 0.68228 -3.0634
 0.6824 -2.27501
 0.68252 -1.32496
 0.68264 -0.232142
 0.68276 0.983174
 0.68288 2.30409
 0.683 3.71107
 0.68312 5.17877
 0.68324 6.68159
 0.68336 8.19383
 0.68348 9.68724
 0.6836 11.1275
 0.68372 12.4744
 0.68384 13.6878
 0.68396 14.7318
 0.68408 15.576
 0.6842 16.1984
 0.68432 16.5949
 0.68444 16.7666
 0.68456 16.7187
 0.68468 16.4609
 0.6848 16.0037
 0.68492 15.3564
 0.68504 14.5322
 0.68516 13.5464
 0.68528 12.4162
 0.6854 11.1646
 0.68552 9.81992
 0.68564 8.41897
 0.68576 7.00146
 0.68588 5.60532
 0.686 4.26437
 0.68612 3.00926
 0.68624 1.86244
 0.68636 0.83672
 0.68648 -0.0596353
 0.6866 -0.824571
 0.68672 -1.46045
 0.68684 -1.97256
 0.68696 -2.36644
 0.68708 -2.64897
 0.6872 -2.82705
 0.68732 -2.91257
 0.68744 -2.92492
 0.68756 -2.8863
 0.68768 -2.82258
 0.6878 -2.7598
 0.68792 -2.72177
 0.68804 -2.72639
 0.68816 -2.78915
 0.68828 -2.9234
 0.6884 -3.1392
 0.68852 -3.44003
 0.68864 -3.82454
 0.68876 -4.28563
 0.68888 -4.81293
 0.689 -5.39359
 0.68912 -6.01548
 0.68924 -6.6669
 0.68936 -7.33079
 0.68948 -7.98672
 0.6896 -8.61588
 0.68972 -9.1991
 0.68984 -9.71751
 0.68996 -10.156
 0.69008 -10.5061
 0.6902 -10.7599
 0.69032 -10.9082
 0.69044 -10.9448
 0.69056 -10.8688
 0.69068 -10.682
 0.6908 -10.39
 0.69092 -10.0011
 0.69104 -9.52602
 0.69116 -8.97366
 0.69128 -8.35372
 0.6914 -7.67932
 0.69152 -6.9658
 0.69164 -6.2268
 0.69176 -5.47648
 0.69188 -4.72834
 0.692 -3.99075
 0.69212 -3.26934
 0.69224 -2.57199
 0.69236 -1.90831
 0.69248 -1.28631
 0.6926 -0.712391
 0.69272 -0.192077
 0.69284 0.268147
 0.69296 0.661756
 0.69308 0.98223
 0.6932 1.22409
 0.69332 1.38587
 0.69344 1.47049
 0.69356 1.48227
 0.69368 1.42369
 0.6938 1.29777
 0.69392 1.10612
 0.69404 0.847897
 0.69416 0.523893
 0.69428 0.138156
 0.6944 -0.303971
 0.69452 -0.796907
 0.69464 -1.33479
 0.69476 -1.91064
 0.69488 -2.5124
 0.695 -3.12482
 0.69512 -3.73242
 0.69524 -4.32503
 0.69536 -4.89744
 0.69548 -5.44705
 0.6956 -5.96525
 0.69572 -6.44109
 0.69584 -6.86353
 0.69596 -7.22145
 0.69608 -7.50516
 0.6962 -7.70672
 0.69632 -7.81956
 0.69644 -7.83682
 0.69656 -7.75193
 0.69668 -7.55903
 0.6968 -7.25485
 0.69692 -6.84198
 0.69704 -6.32618
 0.69716 -5.7117
 0.69728 -4.9991
 0.6974 -4.18708
 0.69752 -3.27985
 0.69764 -2.29412
 0.69776 -1.2479
 0.69788 -0.160922
 0.698 0.949013
 0.69812 2.06537
 0.69824 3.1715
 0.69836 4.25031
 0.69848 5.28394
 0.6986 6.25464
 0.69872 7.14479
 0.69884 7.9388
 0.69896 8.62422
 0.69908 9.18777
 0.6992 9.61595
 0.69932 9.89644
 0.69944 10.0188
 0.69956 9.98618
 0.69968 9.81012
 0.6998 9.50514
 0.69992 9.0879
 0.70004 8.57391
 0.70016 7.97896
 0.70028 7.31812
 0.7004 6.60636
 0.70052 5.85999
 0.70064 5.09599
 0.70076 4.33309
 0.70088 3.5897
 0.701 2.88505
 0.70112 2.24062
 0.70124 1.67297
 0.70136 1.19582
 0.70148 0.818829
 0.7016 0.540973
 0.70172 0.358174
 0.70184 0.262685
 0.70196 0.246932
 0.70208 0.303097
 0.7022 0.424569
 0.70232 0.608959
 0.70244 0.852633
 0.70256 1.14828
 0.70268 1.48664
 0.7028 1.856
 0.70292 2.24456
 0.70304 2.63928
 0.70316 3.02786
 0.70328 3.40512
 0.7034 3.76521
 0.70352 4.10598
 0.70364 4.42984
 0.70376 4.7405
 0.70388 5.04232
 0.704 5.33595
 0.70412 5.62024
 0.70424 5.89096
 0.70436 6.13853
 0.70448 6.35889
 0.7046 6.55155
 0.70472 6.71819
 0.70484 6.86153
 0.70496 6.98264
 0.70508 7.08238
 0.7052 7.16075
 0.70532 7.21573
 0.70544 7.24799
 0.70556 7.25436
 0.70568 7.22857
 0.7058 7.164
 0.70592 7.05698
 0.70604 6.91133
 0.70616 6.73403
 0.70628 6.53487
 0.7064 6.32514
 0.70652 6.11147
 0.70664 5.8981
 0.70676 5.68783
 0.70688 5.48371
 0.707 5.29244
 0.70712 5.11917
 0.70724 4.96753
 0.70736 4.8397
 0.70748 4.73567
 0.7076 4.66038
 0.70772 4.62333
 0.70784 4.63406
 0.70796 4.69631
 0.70808 4.8061
 0.7082 4.9574
 0.70832 5.14339
 0.70844 5.35806
 0.70856 5.59732
 0.70868 5.85924
 0.7088 6.1427
 0.70892 6.44601
 0.70904 6.76504
 0.70916 7.09756
 0.70928 7.44205
 0.7094 7.79895
 0.70952 8.17034
 0.70964 8.55142
 0.70976 8.93047
 0.70988 9.29634
 0.71 9.64367
 0.71012 9.97148
 0.71024 10.2794
 0.71036 10.567
 0.71048 10.8323
 0.7106 11.072
 0.71072 11.2817
 0.71084 11.4559
 0.71096 11.5889
 0.71108 11.6762
 0.7112 11.7149
 0.71132 11.7037
 0.71144 11.6397
 0.71156 11.5197
 0.71168 11.3484
 0.7118 11.1353
 0.71192 10.8899
 0.71204 10.6198
 0.71216 10.3325
 0.71228 10.035
 0.7124 9.73466
 0.71252 9.44177
 0.71264 9.16708
 0.71276 8.92148
 0.71288 8.71692
 0.713 8.56563
 0.71312 8.47821
 0.71324 8.45882
 0.71336 8.50924
 0.71348 8.63193
 0.7136 8.82917
 0.71372 9.09882
 0.71384 9.43652
 0.71396 9.83632
 0.71408 10.2894
 0.7142 10.7847
 0.71432 11.312
 0.71444 11.8589
 0.71456 12.4094
 0.71468 12.9461
 0.7148 13.4522
 0.71492 13.9108
 0.71504 14.3046
 0.71516 14.6194
 0.71528 14.8474
 0.7154 14.9816
 0.71552 15.0146
 0.71564 14.9389
 0.71576 14.7517
 0.71588 14.4512
 0.716 14.0375
 0.71612 13.5169
 0.71624 12.8972
 0.71636 12.1865
 0.71648 11.3976
 0.7166 10.5469
 0.71672 9.65587
 0.71684 8.74623
 0.71696 7.83967
 0.71708 6.95783
 0.7172 6.12082
 0.71732 5.34681
 0.71744 4.65419
 0.71756 4.06267
 0.71768 3.58807
 0.7178 3.2418
 0.71792 3.03387
 0.71804 2.96924
 0.71816 3.04574
 0.71828 3.25649
 0.7184 3.5926
 0.71852 4.04188
 0.71864 4.58688
 0.71876 5.20318
 0.71888 5.86604
 0.719 6.55007
 0.71912 7.22872
 0.71924 7.87485
 0.71936 8.46116
 0.71948 8.95983
 0.7196 9.34296
 0.71972 9.58538
 0.71984 9.66515
 0.71996 9.56628
 0.72008 9.28224
 0.7202 8.81656
 0.72032 8.18035
 0.72044 7.38546
 0.72056 6.44474
 0.72068 5.37589
 0.7208 4.19966
 0.72092 2.93696
 0.72104 1.61233
 0.72116 0.252646
 0.72128 -1.11536
 0.7214 -2.466
 0.72152 -3.77391
 0.72164 -5.01429
 0.72176 -6.16142
 0.72188 -7.19629
 0.722 -8.10871
 0.72212 -8.89782
 0.72224 -9.57307
 0.72236 -10.1464
 0.72248 -10.6282
 0.7226 -11.0293
 0.72272 -11.3625
 0.72284 -11.6411
 0.72296 -11.878
 0.72308 -12.0912
 0.7232 -12.2991
 0.72332 -12.5171
 0.72344 -12.7563
 0.72356 -13.0263
 0.72368 -13.3331
 0.7238 -13.6805
 0.72392 -14.0632
 0.72404 -14.4681
 0.72416 -14.8765
 0.72428 -15.266
 0.7244 -15.6159
 0.72452 -15.9084
 0.72464 -16.1233
 0.72476 -16.2394
 0.72488 -16.2353
 0.725 -16.0924
 0.72512 -15.7917
 0.72524 -15.3162
 0.72536 -14.6545
 0.72548 -13.8005
 0.7256 -12.7516
 0.72572 -11.5174
 0.72584 -10.113
 0.72596 -8.56266
 0.72608 -6.89519
 0.7262 -5.14159
 0.72632 -3.33348
 0.72644 -1.50056
 0.72656 0.32857
 0.72668 2.12307
 0.7268 3.84863
 0.72692 5.47162
 0.72704 6.96412
 0.72716 8.30017
 0.72728 9.45583
 0.7274 10.4116
 0.72752 11.1499
 0.72764 11.6604
 0.72776 11.9461
 0.72788 12.0136
 0.728 11.8748
 0.72812 11.5429
 0.72824 11.0342
 0.72836 10.3665
 0.72848 9.55672
 0.7286 8.62134
 0.72872 7.57895
 0.72884 6.45262
 0.72896 5.26379
 0.72908 4.03059
 0.7292 2.77019
 0.72932 1.49832
 0.72944 0.231476
 0.72956 -1.01177
 0.72968 -2.21695
 0.7298 -3.37297
 0.72992 -4.46827
 0.73004 -5.49128
 0.73016 -6.43158
 0.73028 -7.28431
 0.7304 -8.04617
 0.73052 -8.71339
 0.73064 -9.28116
 0.73076 -9.74795
 0.73088 -10.1142
 0.731 -10.3793
 0.73112 -10.5426
 0.73124 -10.6024
 0.73136 -10.5561
 0.73148 -10.4095
 0.7316 -10.172
 0.73172 -9.85682
 0.73184 -9.47965
 0.73196 -9.05797
 0.73208 -8.61162
 0.7322 -8.1565
 0.73232 -7.70362
 0.73244 -7.26346
 0.73256 -6.84722
 0.73268 -6.46395
 0.7328 -6.11935
 0.73292 -5.81889
 0.73304 -5.56846
 0.73316 -5.37264
 0.73328 -5.23799
 0.7334 -5.16697
 0.73352 -5.15413
 0.73364 -5.19069
 0.73376 -5.26432
 0.73388 -5.36134
 0.734 -5.46737
 0.73412 -5.56659
 0.73424 -5.64763
 0.73436 -5.70164
 0.73448 -5.71942
 0.7346 -5.69221
 0.73472 -5.61656
 0.73484 -5.49181
 0.73496 -5.31819
 0.73508 -5.0953
 0.7352 -4.8234
 0.73532 -4.50164
 0.73544 -4.13378
 0.73556 -3.72613
 0.73568 -3.28702
 0.7358 -2.82535
 0.73592 -2.34944
 0.73604 -1.86754
 0.73616 -1.38855
 0.73628 -0.919073
 0.7364 -0.464166
 0.73652 -0.0297531
 0.73664 0.379637
 0.73676 0.763122
 0.73688 1.12215
 0.737 1.4599
 0.73712 1.77447
 0.73724 2.06346
 0.73736 2.32419
 0.73748 2.55398
 0.7376 2.75199
 0.73772 2.91862
 0.73784 3.0542
 0.73796 3.15849
 0.73808 3.2314
 0.7382 3.27415
 0.73832 3.28669
 0.73844 3.26801
 0.73856 3.21782
 0.73868 3.13528
 0.7388 3.01865
 0.73892 2.86518
 0.73904 2.67363
 0.73916 2.44938
 0.73928 2.19796
 0.7394 1.92571
 0.73952 1.64108
 0.73964 1.35083
 0.73976 1.06022
 0.73988 0.773858
 0.74 0.496468
 0.74012 0.232276
 0.74024 -0.0173793
 0.74036 -0.250619
 0.74048 -0.464129
 0.7406 -0.654263
 0.74072 -0.817021
 0.74084 -0.948417
 0.74096 -1.04577
 0.74108 -1.10952
 0.7412 -1.14241
 0.74132 -1.14716
 0.74144 -1.12771
 0.74156 -1.09013
 0.74168 -1.03833
 0.7418 -0.97229
 0.74192 -0.892471
 0.74204 -0.799858
 0.74216 -0.693983
 0.74228 -0.570809
 0.7424 -0.427823
 0.74252 -0.265643
 0.74264 -0.0874379
 0.74276 0.102019
 0.74288 0.298378
 0.743 0.498726
 0.74312 0.701809
 0.74324 0.907341
 0.74336 1.11477
 0.74348 1.32298
 0.7436 1.53118
 0.74372 1.73453
 0.74384 1.9252
 0.74396 2.09795
 0.74408 2.24738
 0.7442 2.36639
 0.74432 2.44939
 0.74444 2.49248
 0.74456 2.4964
 0.74468 2.4657
 0.7448 2.40763
 0.74492 2.32864
 0.74504 2.23409
 0.74516 2.12741
 0.74528 2.01118
 0.7454 1.88891
 0.74552 1.767
 0.74564 1.65179
 0.74576 1.55183
 0.74588 1.4745
 0.746 1.42582
 0.74612 1.4142
 0.74624 1.44718
 0.74636 1.52769
 0.74648 1.65923
 0.7466 1.8424
 0.74672 2.07162
 0.74684 2.33911
 0.74696 2.63839
 0.74708 2.96327
 0.7472 3.30828
 0.74732 3.66739
 0.74744 4.0328
 0.74756 4.39469
 0.74768 4.74382
 0.7478 5.07025
 0.74792 5.36624
 0.74804 5.623
 0.74816 5.82726
 0.74828 5.96794
 0.7484 6.03426
 0.74852 6.01321
 0.74864 5.89558
 0.74876 5.67988
 0.74888 5.36532
 0.749 4.95097
 0.74912 4.43721
 0.74924 3.82632
 0.74936 3.122
 0.74948 2.33039
 0.7496 1.45976
 0.74972 0.520654
 0.74984 -0.471941
 0.74996 -1.50583
 0.75008 -2.5644
 0.7502 -3.62696
 0.75032 -4.67376
 0.75044 -5.6823
 0.75056 -6.63011
 0.75068 -7.49952
 0.7508 -8.2772
 0.75092 -8.94989
 0.75104 -9.50472
 0.75116 -9.92964
 0.75128 -10.2151
 0.7514 -10.3511
 0.75152 -10.331
 0.75164 -10.152
 0.75176 -9.81782
 0.75188 -9.33575
 0.752 -8.71188
 0.75212 -7.95994
 0.75224 -7.0935
 0.75236 -6.12472
 0.75248 -5.06671
 0.7526 -3.93371
 0.75272 -2.74007
 0.75284 -1.4988
 0.75296 -0.223373
 0.75308 1.07031
 0.7532 2.36739
 0.75332 3.65398
 0.75344 4.91341
 0.75356 6.13213
 0.75368 7.30082
 0.7538 8.41298
 0.75392 9.46075
 0.75404 10.4394
 0.75416 11.349
 0.75428 12.1846
 0.7544 12.9388
 0.75452 13.6052
 0.75464 14.1833
 0.75476 14.6749
 0.75488 15.0804
 0.755 15.4022
 0.75512 15.6447
 0.75524 15.8072
 0.75536 15.8897
 0.75548 15.8946
 0.7556 15.8217
 0.75572 15.6695
 0.75584 15.44
 0.75596 15.1367
 0.75608 14.7599
 0.7562 14.3111
 0.75632 13.7964
 0.75644 13.2224
 0.75656 12.5946
 0.75668 11.9133
 0.7568 11.1789
 0.75692 10.393
 0.75704 9.55435
 0.75716 8.6661
 0.75728 7.73656
 0.7574 6.7733
 0.75752 5.78332
 0.75764 4.77694
 0.75776 3.76428
 0.75788 2.75238
 0.758 1.74919
 0.75812 0.764384
 0.75824 -0.193454
 0.75836 -1.11577
 0.75848 -1.99227
 0.7586 -2.8126
 0.75872 -3.56498
 0.75884 -4.23856
 0.75896 -4.82129
 0.75908 -5.29942
 0.7592 -5.66409
 0.75932 -5.90908
 0.75944 -6.02942
 0.75956 -6.02274
 0.75968 -5.89207
 0.7598 -5.64049
 0.75992 -5.27082
 0.76004 -4.78927
 0.76016 -4.20796
 0.76028 -3.54106
 0.7604 -2.80506
 0.76052 -2.02061
 0.76064 -1.20937
 0.76076 -0.393723
 0.76088 0.403725
 0.761 1.15609
 0.76112 1.8353
 0.76124 2.41559
 0.76136 2.87735
 0.76148 3.20581
 0.7616 3.39171
 0.76172 3.42914
 0.76184 3.31229
 0.76196 3.03599
 0.76208 2.60144
 0.7622 2.01837
 0.76232 1.29863
 0.76244 0.455994
 0.76256 -0.489534
 0.76268 -1.51569
 0.7628 -2.59702
 0.76292 -3.70428
 0.76304 -4.80536
 0.76316 -5.86689
 0.76328 -6.85958
 0.7634 -7.76288
 0.76352 -8.56106
 0.76364 -9.24262
 0.76376 -9.79682
 0.76388 -10.213
 0.764 -10.481
 0.76412 -10.5963
 0.76424 -10.5598
 0.76436 -10.3732
 0.76448 -10.0396
 0.7646 -9.56763
 0.76472 -8.9698
 0.76484 -8.26635
 0.76496 -7.481
 0.76508 -6.63766
 0.7652 -5.76385
 0.76532 -4.88356
 0.76544 -4.01767
 0.76556 -3.18318
 0.76568 -2.3941
 0.7658 -1.66437
 0.76592 -1.00795
 0.76604 -0.438832
 0.76616 0.0299149
 0.76628 0.388197
 0.7664 0.625329
 0.76652 0.731038
 0.76664 0.699884
 0.76676 0.531697
 0.76688 0.234211
 0.767 -0.183292
 0.76712 -0.710294
 0.76724 -1.33203
 0.76736 -2.03371
 0.76748 -2.80039
 0.7676 -3.62142
 0.76772 -4.48637
 0.76784 -5.3847
 0.76796 -6.30584
 0.76808 -7.23791
 0.7682 -8.16787
 0.76832 -9.08317
 0.76844 -9.96807
 0.76856 -10.8075
 0.76868 -11.5895
 0.7688 -12.3064
 0.76892 -12.9558
 0.76904 -13.5368
 0.76916 -14.0466
 0.76928 -14.483
 0.7694 -14.8439
 0.76952 -15.1267
 0.76964 -15.3297
 0.76976 -15.4534
 0.76988 -15.4984
 0.77 -15.466
 0.77012 -15.3593
 0.77024 -15.1828
 0.77036 -14.9448
 0.77048 -14.6559
 0.7706 -14.3244
 0.77072 -13.9585
 0.77084 -13.5629
 0.77096 -13.1371
 0.77108 -12.681
 0.7712 -12.2021
 0.77132 -11.7096
 0.77144 -11.2133
 0.77156 -10.7215
 0.77168 -10.2374
 0.7718 -9.76185
 0.77192 -9.295
 0.77204 -8.83441
 0.77216 -8.37567
 0.77228 -7.91231
 0.7724 -7.43304
 0.77252 -6.93049
 0.77264 -6.40079
 0.77276 -5.84013
 0.77288 -5.25264
 0.773 -4.64962
 0.77312 -4.0394
 0.77324 -3.42425
 0.77336 -2.80477
 0.77348 -2.18325
 0.7736 -1.56367
 0.77372 -0.954058
 0.77384 -0.364232
 0.77396 0.194669
 0.77408 0.707136
 0.7742 1.15653
 0.77432 1.52332
 0.77444 1.78742
 0.77456 1.93765
 0.77468 1.96965
 0.7748 1.88129
 0.77492 1.68303
 0.77504 1.39019
 0.77516 1.01518
 0.77528 0.56652
 0.7754 0.0547002
 0.77552 -0.508376
 0.77564 -1.11208
 0.77576 -1.74438
 0.77588 -2.39271
 0.776 -3.04276
 0.77612 -3.67786
 0.77624 -4.28021
 0.77636 -4.82912
 0.77648 -5.30519
 0.7766 -5.70157
 0.77672 -6.0173
 0.77684 -6.25354
 0.77696 -6.41797
 0.77708 -6.51871
 0.7772 -6.56063
 0.77732 -6.54709
 0.77744 -6.48326
 0.77756 -6.37252
 0.77768 -6.21543
 0.7778 -6.01256
 0.77792 -5.76443
 0.77804 -5.47201
 0.77816 -5.13719
 0.77828 -4.76458
 0.7784 -4.36239
 0.77852 -3.93797
 0.77864 -3.49031
 0.77876 -3.01703
 0.77888 -2.51713
 0.779 -1.98958
 0.77912 -1.43501
 0.77924 -0.856537
 0.77936 -0.258856
 0.77948 0.350156
 0.7796 0.959395
 0.77972 1.55645
 0.77984 2.1288
 0.77996 2.66357
 0.78008 3.14808
 0.7802 3.57313
 0.78032 3.93312
 0.78044 4.22638
 0.78056 4.45237
 0.78068 4.60945
 0.7808 4.69599
 0.78092 4.711
 0.78104 4.65492
 0.78116 4.53057
 0.78128 4.34191
 0.7814 4.09701
 0.78152 3.80906
 0.78164 3.49294
 0.78176 3.16364
 0.78188 2.83644
 0.782 2.52703
 0.78212 2.24894
 0.78224 2.00835
 0.78236 1.80889
 0.78248 1.65121
 0.7826 1.53241
 0.78272 1.44902
 0.78284 1.39906
 0.78296 1.38195
 0.78308 1.39339
 0.7832 1.42789
 0.78332 1.48113
 0.78344 1.54568
 0.78356 1.61156
 0.78368 1.66885
 0.7838 1.7074
 0.78392 1.71593
 0.78404 1.68219
 0.78416 1.59749
 0.78428 1.46003
 0.7844 1.26916
 0.78452 1.02596
 0.78464 0.735136
 0.78476 0.400733
 0.78488 0.0250954
 0.785 -0.389463
 0.78512 -0.836966
 0.78524 -1.31401
 0.78536 -1.82181
 0.78548 -2.36036
 0.7856 -2.92949
 0.78572 -3.52922
 0.78584 -4.15834
 0.78596 -4.81316
 0.78608 -5.48619
 0.7862 -6.17103
 0.78632 -6.8645
 0.78644 -7.56239
 0.78656 -8.26066
 0.78668 -8.95657
 0.7868 -9.64637
 0.78692 -10.3254
 0.78704 -10.989
 0.78716 -11.6319
 0.78728 -12.2433
 0.7874 -12.809
 0.78752 -13.316
 0.78764 -13.751
 0.78776 -14.1024
 0.78788 -14.3612
 0.788 -14.5219
 0.78812 -14.5861
 0.78824 -14.5569
 0.78836 -14.4379
 0.78848 -14.2355
 0.7886 -13.9569
 0.78872 -13.6091
 0.78884 -13.1988
 0.78896 -12.7349
 0.78908 -12.229
 0.7892 -11.6934
 0.78932 -11.143
 0.78944 -10.593
 0.78956 -10.0583
 0.78968 -9.55288
 0.7898 -9.0863
 0.78992 -8.66595
 0.79004 -8.29604
 0.79016 -7.97402
 0.79028 -7.69429
 0.7904 -7.44942
 0.79052 -7.22991
 0.79064 -7.02637
 0.79076 -6.83169
 0.79088 -6.64137
 0.791 -6.44551
 0.79112 -6.23401
 0.79124 -6.00088
 0.79136 -5.74045
 0.79148 -5.44635
 0.7916 -5.11141
 0.79172 -4.7308
 0.79184 -4.30503
 0.79196 -3.83535
 0.79208 -3.32393
 0.7922 -2.77883
 0.79232 -2.2102
 0.79244 -1.63051
 0.79256 -1.05183
 0.79268 -0.484554
 0.7928 0.0659803
 0.79292 0.596057
 0.79304 1.09821
 0.79316 1.56769
 0.79328 2.0023
 0.7934 2.39934
 0.79352 2.7534
 0.79364 3.05752
 0.79376 3.30955
 0.79388 3.51457
 0.794 3.67718
 0.79412 3.80212
 0.79424 3.89763
 0.79436 3.97175
 0.79448 4.03448
 0.7946 4.09337
 0.79472 4.15419
 0.79484 4.21936
 0.79496 4.29133
 0.79508 4.37388
 0.7952 4.47183
 0.79532 4.59137
 0.79544 4.73984
 0.79556 4.92817
 0.79568 5.16555
 0.7958 5.45235
 0.79592 5.77968
 0.79604 6.13844
 0.79616 6.51836
 0.79628 6.90941
 0.7964 7.30315
 0.79652 7.69087
 0.79664 8.06556
 0.79676 8.42072
 0.79688 8.75009
 0.797 9.04742
 0.79712 9.30459
 0.79724 9.51115
 0.79736 9.65621
 0.79748 9.7274
 0.7976 9.71336
 0.79772 9.60813
 0.79784 9.41199
 0.79796 9.13237
 0.79808 8.78143
 0.7982 8.37248
 0.79832 7.91695
 0.79844 7.42466
 0.79856 6.90563
 0.79868 6.3697
 0.7988 5.82687
 0.79892 5.28727
 0.79904 4.76148
 0.79916 4.26283
 0.79928 3.80345
 0.7994 3.39507
 0.79952 3.05035
 0.79964 2.77684
 0.79976 2.58088
 0.79988 2.47028
