 0.2 1.01267
 0.20012 1.01322
 0.20024 0.991239
 0.20036 0.950963
 0.20048 0.898361
 0.2006 0.838315
 0.20072 0.773981
 0.20084 0.711063
 0.20096 0.656514
 0.20108 0.618793
 0.2012 0.605517
 0.20132 0.620838
 0.20144 0.666877
 0.20156 0.746573
 0.20168 0.864067
 0.2018 1.02537
 0.20192 1.23667
 0.20204 1.4988
 0.20216 1.80994
 0.20228 2.16505
 0.2024 2.55623
 0.20252 2.97508
 0.20264 3.41452
 0.20276 3.86858
 0.20288 4.33063
 0.203 4.79364
 0.20312 5.24769
 0.20324 5.68361
 0.20336 6.09509
 0.20348 6.47825
 0.2036 6.8294
 0.20372 7.14267
 0.20384 7.41057
 0.20396 7.62577
 0.20408 7.7823
 0.2042 7.87576
 0.20432 7.90603
 0.20444 7.87386
 0.20456 7.77972
 0.20468 7.62329
 0.2048 7.40371
 0.20492 7.12015
 0.20504 6.77294
 0.20516 6.36802
 0.20528 5.913
 0.2054 5.41332
 0.20552 4.87141
 0.20564 4.2897
 0.20576 3.6732
 0.20588 3.02785
 0.206 2.36261
 0.20612 1.68696
 0.20624 1.00819
 0.20636 0.333137
 0.20648 -0.327164
 0.2066 -0.96328
 0.20672 -1.56679
 0.20684 -2.13
 0.20696 -2.6462
 0.20708 -3.11066
 0.2072 -3.52476
 0.20732 -3.89436
 0.20744 -4.2254
 0.20756 -4.52335
 0.20768 -4.79389
 0.2078 -5.04385
 0.20792 -5.28205
 0.20804 -5.5192
 0.20816 -5.7611
 0.20828 -6.01163
 0.2084 -6.28055
 0.20852 -6.58153
 0.20864 -6.92323
 0.20876 -7.31295
 0.20888 -7.75435
 0.209 -8.24882
 0.20912 -8.79651
 0.20924 -9.39303
 0.20936 -10.0277
 0.20948 -10.6837
 0.2096 -11.3415
 0.20972 -11.9809
 0.20984 -12.5817
 0.20996 -13.1225
 0.21008 -13.5873
 0.2102 -13.9697
 0.21032 -14.2649
 0.21044 -14.4629
 0.21056 -14.555
 0.21068 -14.537
 0.2108 -14.4044
 0.21092 -14.1581
 0.21104 -13.8
 0.21116 -13.3312
 0.21128 -12.7549
 0.2114 -12.0815
 0.21152 -11.3301
 0.21164 -10.5237
 0.21176 -9.68527
 0.21188 -8.83748
 0.212 -8.0005
 0.21212 -7.18554
 0.21224 -6.39478
 0.21236 -5.62933
 0.21248 -4.89083
 0.2126 -4.17833
 0.21272 -3.49042
 0.21284 -2.82722
 0.21296 -2.18582
 0.21308 -1.56573
 0.2132 -0.971037
 0.21332 -0.405161
 0.21344 0.133471
 0.21356 0.651823
 0.21368 1.15886
 0.2138 1.66359
 0.21392 2.17296
 0.21404 2.69017
 0.21416 3.21276
 0.21428 3.73437
 0.2144 4.24836
 0.21452 4.74758
 0.21464 5.22495
 0.21476 5.67402
 0.21488 6.08846
 0.215 6.4613
 0.21512 6.79141
 0.21524 7.082
 0.21536 7.33643
 0.21548 7.55773
 0.2156 7.7466
 0.21572 7.90222
 0.21584 8.02398
 0.21596 8.11356
 0.21608 8.17455
 0.2162 8.2117
 0.21632 8.22945
 0.21644 8.2318
 0.21656 8.22197
 0.21668 8.20236
 0.2168 8.17694
 0.21692 8.15055
 0.21704 8.12793
 0.21716 8.11027
 0.21728 8.09787
 0.2174 8.08805
 0.21752 8.07434
 0.21764 8.05305
 0.21776 8.02152
 0.21788 7.97643
 0.218 7.91309
 0.21812 7.82734
 0.21824 7.71633
 0.21836 7.57925
 0.21848 7.41573
 0.2186 7.22635
 0.21872 7.01038
 0.21884 6.76533
 0.21896 6.48901
 0.21908 6.17878
 0.2192 5.83096
 0.21932 5.44203
 0.21944 5.01582
 0.21956 4.55973
 0.21968 4.07985
 0.2198 3.5827
 0.21992 3.07724
 0.22004 2.57296
 0.22016 2.07671
 0.22028 1.59151
 0.2204 1.11855
 0.22052 0.658876
 0.22064 0.214425
 0.22076 -0.209428
 0.22088 -0.607764
 0.221 -0.976615
 0.22112 -1.31109
 0.22124 -1.60437
 0.22136 -1.85107
 0.22148 -2.05273
 0.2216 -2.21292
 0.22172 -2.33777
 0.22184 -2.4356
 0.22196 -2.51879
 0.22208 -2.59831
 0.2222 -2.68101
 0.22232 -2.77033
 0.22244 -2.87039
 0.22256 -2.98546
 0.22268 -3.12224
 0.2228 -3.28793
 0.22292 -3.48735
 0.22304 -3.72481
 0.22316 -4.00534
 0.22328 -4.3346
 0.2234 -4.71606
 0.22352 -5.14997
 0.22364 -5.63397
 0.22376 -6.16009
 0.22388 -6.71752
 0.224 -7.29366
 0.22412 -7.87996
 0.22424 -8.47138
 0.22436 -9.05896
 0.22448 -9.63074
 0.2246 -10.1735
 0.22472 -10.6728
 0.22484 -11.1183
 0.22496 -11.5001
 0.22508 -11.8083
 0.2252 -12.0325
 0.22532 -12.1637
 0.22544 -12.1945
 0.22556 -12.1185
 0.22568 -11.9329
 0.2258 -11.6414
 0.22592 -11.2491
 0.22604 -10.7594
 0.22616 -10.1679
 0.22628 -9.4716
 0.2264 -8.6762
 0.22652 -7.79006
 0.22664 -6.82708
 0.22676 -5.80198
 0.22688 -4.72888
 0.227 -3.62495
 0.22712 -2.50749
 0.22724 -1.39366
 0.22736 -0.29956
 0.22748 0.758625
 0.2276 1.76473
 0.22772 2.70637
 0.22784 3.57616
 0.22796 4.36712
 0.22808 5.06764
 0.2282 5.65989
 0.22832 6.13069
 0.22844 6.47105
 0.22856 6.67451
 0.22868 6.74363
 0.2288 6.68381
 0.22892 6.50476
 0.22904 6.21871
 0.22916 5.83779
 0.22928 5.37458
 0.2294 4.84215
 0.22952 4.25597
 0.22964 3.63217
 0.22976 2.98393
 0.22988 2.32161
 0.23 1.6556
 0.23012 0.999638
 0.23024 0.367444
 0.23036 -0.22922
 0.23048 -0.776929
 0.2306 -1.26488
 0.23072 -1.68833
 0.23084 -2.04598
 0.23096 -2.33945
 0.23108 -2.57117
 0.2312 -2.7435
 0.23132 -2.85913
 0.23144 -2.92258
 0.23156 -2.9424
 0.23168 -2.92736
 0.2318 -2.88399
 0.23192 -2.81765
 0.23204 -2.73365
 0.23216 -2.63724
 0.23228 -2.53218
 0.2324 -2.42444
 0.23252 -2.32282
 0.23264 -2.23524
 0.23276 -2.1666
 0.23288 -2.12007
 0.233 -2.0955
 0.23312 -2.09132
 0.23324 -2.10706
 0.23336 -2.14231
 0.23348 -2.19384
 0.2336 -2.25562
 0.23372 -2.32294
 0.23384 -2.39394
 0.23396 -2.46675
 0.23408 -2.53934
 0.2342 -2.61014
 0.23432 -2.67654
 0.23444 -2.73263
 0.23456 -2.77111
 0.23468 -2.78499
 0.2348 -2.76892
 0.23492 -2.7199
 0.23504 -2.64133
 0.23516 -2.53659
 0.23528 -2.40784
 0.2354 -2.25947
 0.23552 -2.09824
 0.23564 -1.93294
 0.23576 -1.76855
 0.23588 -1.60668
 0.236 -1.44957
 0.23612 -1.30049
 0.23624 -1.16304
 0.23636 -1.04244
 0.23648 -0.94522
 0.2366 -0.878466
 0.23672 -0.84874
 0.23684 -0.861889
 0.23696 -0.920312
 0.23708 -1.02378
 0.2372 -1.17376
 0.23732 -1.36888
 0.23744 -1.60275
 0.23756 -1.86802
 0.23768 -2.15497
 0.2378 -2.45966
 0.23792 -2.78039
 0.23804 -3.1144
 0.23816 -3.4576
 0.23828 -3.80573
 0.2384 -4.15479
 0.23852 -4.50072
 0.23864 -4.83927
 0.23876 -5.1664
 0.23888 -5.47847
 0.239 -5.77188
 0.23912 -6.03812
 0.23924 -6.26765
 0.23936 -6.4575
 0.23948 -6.60723
 0.2396 -6.71543
 0.23972 -6.7815
 0.23984 -6.80102
 0.23996 -6.76903
 0.24008 -6.68154
 0.2402 -6.53529
 0.24032 -6.3267
 0.24044 -6.0511
 0.24056 -5.70378
 0.24068 -5.28011
 0.2408 -4.7756
 0.24092 -4.1857
 0.24104 -3.5111
 0.24116 -2.76491
 0.24128 -1.96036
 0.2414 -1.1067
 0.24152 -0.214647
 0.24164 0.704216
 0.24176 1.6382
 0.24188 2.5749
 0.242 3.50197
 0.24212 4.40734
 0.24224 5.27945
 0.24236 6.10666
 0.24248 6.87727
 0.2426 7.57965
 0.24272 8.20197
 0.24284 8.73187
 0.24296 9.15665
 0.24308 9.4732
 0.2432 9.6915
 0.24332 9.82163
 0.24344 9.87281
 0.24356 9.8534
 0.24368 9.77047
 0.2438 9.63081
 0.24392 9.44106
 0.24404 9.20782
 0.24416 8.93739
 0.24428 8.63562
 0.2444 8.30677
 0.24452 7.95397
 0.24464 7.58091
 0.24476 7.19318
 0.24488 6.79835
 0.245 6.4058
 0.24512 6.01773
 0.24524 5.63059
 0.24536 5.24081
 0.24548 4.84608
 0.2456 4.44748
 0.24572 4.04755
 0.24584 3.64951
 0.24596 3.25638
 0.24608 2.87168
 0.2462 2.49975
 0.24632 2.14605
 0.24644 1.81782
 0.24656 1.52228
 0.24668 1.26428
 0.2468 1.04617
 0.24692 0.867318
 0.24704 0.723704
 0.24716 0.612614
 0.24728 0.532345
 0.2474 0.481602
 0.24752 0.459571
 0.24764 0.463914
 0.24776 0.490583
 0.24788 0.535166
 0.248 0.59316
 0.24812 0.658252
 0.24824 0.722019
 0.24836 0.774877
 0.24848 0.809967
 0.2486 0.82287
 0.24872 0.811703
 0.24884 0.775968
 0.24896 0.716441
 0.24908 0.636066
 0.2492 0.537639
 0.24932 0.423034
 0.24944 0.290801
 0.24956 0.136081
 0.24968 -0.0426738
 0.2498 -0.244932
 0.24992 -0.469986
 0.25004 -0.714631
 0.25016 -0.972838
 0.25028 -1.23609
 0.2504 -1.4973
 0.25052 -1.75562
 0.25064 -2.01216
 0.25076 -2.27159
 0.25088 -2.5383
 0.251 -2.81394
 0.25112 -3.1003
 0.25124 -3.39798
 0.25136 -3.70581
 0.25148 -4.01581
 0.2516 -4.31924
 0.25172 -4.61275
 0.25184 -4.89394
 0.25196 -5.16129
 0.25208 -5.41691
 0.2522 -5.66477
 0.25232 -5.90907
 0.25244 -6.15144
 0.25256 -6.3903
 0.25268 -6.62287
 0.2528 -6.8379
 0.25292 -7.02725
 0.25304 -7.18593
 0.25316 -7.30926
 0.25328 -7.3935
 0.2534 -7.43717
 0.25352 -7.4438
 0.25364 -7.415
 0.25376 -7.34986
 0.25388 -7.24764
 0.254 -7.10834
 0.25412 -6.9311
 0.25424 -6.71455
 0.25436 -6.45815
 0.25448 -6.16198
 0.2546 -5.82606
 0.25472 -5.45384
 0.25484 -5.05796
 0.25496 -4.64763
 0.25508 -4.23073
 0.2552 -3.81516
 0.25532 -3.40877
 0.25544 -3.01867
 0.25556 -2.65092
 0.25568 -2.31201
 0.2558 -2.00812
 0.25592 -1.74323
 0.25604 -1.51684
 0.25616 -1.32792
 0.25628 -1.17601
 0.2564 -1.05979
 0.25652 -0.977411
 0.25664 -0.927087
 0.25676 -0.902764
 0.25688 -0.894832
 0.257 -0.896104
 0.25712 -0.900444
 0.25724 -0.900587
 0.25736 -0.888693
 0.25748 -0.855454
 0.2576 -0.791952
 0.25772 -0.690164
 0.25784 -0.544051
 0.25796 -0.352587
 0.25808 -0.119353
 0.2582 0.152955
 0.25832 0.460781
 0.25844 0.798496
 0.25856 1.15853
 0.25868 1.53314
 0.2588 1.9131
 0.25892 2.28845
 0.25904 2.65166
 0.25916 2.99494
 0.25928 3.30854
 0.2594 3.58164
 0.25952 3.80203
 0.25964 3.95803
 0.25976 4.03893
 0.25988 4.03761
 0.26 3.95201
 0.26012 3.78168
 0.26024 3.52468
 0.26036 3.18205
 0.26048 2.75673
 0.2606 2.25285
 0.26072 1.67401
 0.26084 1.02521
 0.26096 0.313908
 0.26108 -0.453893
 0.2612 -1.26953
 0.26132 -2.12291
 0.26144 -3.00258
 0.26156 -3.89628
 0.26168 -4.79057
 0.2618 -5.6721
 0.26192 -6.53058
 0.26204 -7.35809
 0.26216 -8.14587
 0.26228 -8.88479
 0.2624 -9.56703
 0.26252 -10.1848
 0.26264 -10.7304
 0.26276 -11.1949
 0.26288 -11.5719
 0.263 -11.858
 0.26312 -12.0496
 0.26324 -12.1463
 0.26336 -12.1487
 0.26348 -12.0584
 0.2636 -11.879
 0.26372 -11.6164
 0.26384 -11.2774
 0.26396 -10.8695
 0.26408 -10.4002
 0.2642 -9.87757
 0.26432 -9.30996
 0.26444 -8.70733
 0.26456 -8.08115
 0.26468 -7.44297
 0.2648 -6.80647
 0.26492 -6.18444
 0.26504 -5.5867
 0.26516 -5.02207
 0.26528 -4.49801
 0.2654 -4.02086
 0.26552 -3.59617
 0.26564 -3.22819
 0.26576 -2.92132
 0.26588 -2.67679
 0.266 -2.49174
 0.26612 -2.36295
 0.26624 -2.2875
 0.26636 -2.26179
 0.26648 -2.27817
 0.2666 -2.32684
 0.26672 -2.39874
 0.26684 -2.48268
 0.26696 -2.56931
 0.26708 -2.65339
 0.2672 -2.73005
 0.26732 -2.79503
 0.26744 -2.84579
 0.26756 -2.88072
 0.26768 -2.8964
 0.2678 -2.88769
 0.26792 -2.85518
 0.26804 -2.80354
 0.26816 -2.73741
 0.26828 -2.66117
 0.2684 -2.58033
 0.26852 -2.50401
 0.26864 -2.44166
 0.26876 -2.40148
 0.26888 -2.39179
 0.269 -2.41751
 0.26912 -2.48111
 0.26924 -2.58504
 0.26936 -2.73037
 0.26948 -2.91337
 0.2696 -3.12937
 0.26972 -3.37649
 0.26984 -3.65353
 0.26996 -3.95435
 0.27008 -4.27049
 0.2702 -4.5935
 0.27032 -4.91479
 0.27044 -5.22494
 0.27056 -5.51556
 0.27068 -5.77868
 0.2708 -6.0067
 0.27092 -6.19367
 0.27104 -6.33582
 0.27116 -6.4299
 0.27128 -6.47266
 0.2714 -6.4638
 0.27152 -6.40877
 0.27164 -6.31294
 0.27176 -6.17864
 0.27188 -6.00726
 0.272 -5.80312
 0.27212 -5.57235
 0.27224 -5.32118
 0.27236 -5.05661
 0.27248 -4.78505
 0.2726 -4.51009
 0.27272 -4.23603
 0.27284 -3.96643
 0.27296 -3.70026
 0.27308 -3.43553
 0.2732 -3.17024
 0.27332 -2.90283
 0.27344 -2.62979
 0.27356 -2.34515
 0.27368 -2.04478
 0.2738 -1.7288
 0.27392 -1.39792
 0.27404 -1.04971
 0.27416 -0.67868
 0.27428 -0.279514
 0.2744 0.152963
 0.27452 0.62035
 0.27464 1.12242
 0.27476 1.66003
 0.27488 2.23008
 0.275 2.82438
 0.27512 3.43444
 0.27524 4.05186
 0.27536 4.66921
 0.27548 5.27831
 0.2756 5.86978
 0.27572 6.43702
 0.27584 6.97594
 0.27596 7.48159
 0.27608 7.94456
 0.2762 8.351
 0.27632 8.68722
 0.27644 8.94377
 0.27656 9.11711
 0.27668 9.20417
 0.2768 9.20185
 0.27692 9.1117
 0.27704 8.93732
 0.27716 8.68216
 0.27728 8.34958
 0.2774 7.94253
 0.27752 7.46673
 0.27764 6.92881
 0.27776 6.33406
 0.27788 5.68759
 0.278 4.99586
 0.27812 4.26948
 0.27824 3.52263
 0.27836 2.76837
 0.27848 2.01397
 0.2786 1.26372
 0.27872 0.522176
 0.27884 -0.207126
 0.27896 -0.922034
 0.27908 -1.61983
 0.2792 -2.29755
 0.27932 -2.95192
 0.27944 -3.58028
 0.27956 -4.18246
 0.27968 -4.75853
 0.2798 -5.30844
 0.27992 -5.83244
 0.28004 -6.33143
 0.28016 -6.807
 0.28028 -7.25589
 0.2804 -7.6717
 0.28052 -8.04503
 0.28064 -8.36671
 0.28076 -8.62754
 0.28088 -8.81979
 0.281 -8.93984
 0.28112 -8.98637
 0.28124 -8.95814
 0.28136 -8.85429
 0.28148 -8.67323
 0.2816 -8.41321
 0.28172 -8.07257
 0.28184 -7.64965
 0.28196 -7.14268
 0.28208 -6.55007
 0.2822 -5.87675
 0.28232 -5.13984
 0.28244 -4.3597
 0.28256 -3.55949
 0.28268 -2.76205
 0.2828 -1.98986
 0.28292 -1.25744
 0.28304 -0.571648
 0.28316 0.0635428
 0.28328 0.64421
 0.2834 1.1652
 0.28352 1.62123
 0.28364 2.00841
 0.28376 2.32259
 0.28388 2.55954
 0.284 2.7151
 0.28412 2.78603
 0.28424 2.77765
 0.28436 2.7021
 0.28448 2.57573
 0.2846 2.41789
 0.28472 2.24785
 0.28484 2.08287
 0.28496 1.93083
 0.28508 1.79255
 0.2852 1.66704
 0.28532 1.55415
 0.28544 1.45727
 0.28556 1.37801
 0.28568 1.3175
 0.2858 1.27819
 0.28592 1.26246
 0.28604 1.2726
 0.28616 1.31017
 0.28628 1.37398
 0.2864 1.46142
 0.28652 1.56638
 0.28664 1.68224
 0.28676 1.80253
 0.28688 1.92265
 0.287 2.04358
 0.28712 2.16953
 0.28724 2.30597
 0.28736 2.45537
 0.28748 2.61624
 0.2876 2.78944
 0.28772 2.97428
 0.28784 3.16884
 0.28796 3.37148
 0.28808 3.58064
 0.2882 3.79464
 0.28832 4.01171
 0.28844 4.23046
 0.28856 4.45007
 0.28868 4.66888
 0.2888 4.88554
 0.28892 5.09815
 0.28904 5.30378
 0.28916 5.49761
 0.28928 5.67237
 0.2894 5.82674
 0.28952 5.96141
 0.28964 6.07465
 0.28976 6.16607
 0.28988 6.23561
 0.29 6.28302
 0.29012 6.3078
 0.29024 6.30979
 0.29036 6.28931
 0.29048 6.24686
 0.2906 6.1839
 0.29072 6.10222
 0.29084 6.00229
 0.29096 5.88406
 0.29108 5.74719
 0.2912 5.59566
 0.29132 5.43324
 0.29144 5.25803
 0.29156 5.07047
 0.29168 4.87331
 0.2918 4.66861
 0.29192 4.45829
 0.29204 4.2445
 0.29216 4.03084
 0.29228 3.81956
 0.2924 3.61272
 0.29252 3.41132
 0.29264 3.21552
 0.29276 3.02667
 0.29288 2.84791
 0.293 2.68253
 0.29312 2.53299
 0.29324 2.39913
 0.29336 2.28566
 0.29348 2.19657
 0.2936 2.12974
 0.29372 2.08227
 0.29384 2.05198
 0.29396 2.03676
 0.29408 2.03358
 0.2942 2.03803
 0.29432 2.04779
 0.29444 2.06001
 0.29456 2.07158
 0.29468 2.07854
 0.2948 2.0746
 0.29492 2.05276
 0.29504 2.00627
 0.29516 1.92895
 0.29528 1.81298
 0.2954 1.64682
 0.29552 1.42749
 0.29564 1.15992
 0.29576 0.848764
 0.29588 0.497642
 0.296 0.10992
 0.29612 -0.3102
 0.29624 -0.760296
 0.29636 -1.23973
 0.29648 -1.74617
 0.2966 -2.27267
 0.29672 -2.81044
 0.29684 -3.349
 0.29696 -3.87778
 0.29708 -4.38645
 0.2972 -4.86505
 0.29732 -5.30191
 0.29744 -5.68549
 0.29756 -6.01603
 0.29768 -6.29971
 0.2978 -6.54086
 0.29792 -6.74154
 0.29804 -6.90306
 0.29816 -7.02522
 0.29828 -7.104
 0.2984 -7.13468
 0.29852 -7.11604
 0.29864 -7.05205
 0.29876 -6.94814
 0.29888 -6.81191
 0.299 -6.65162
 0.29912 -6.47463
 0.29924 -6.28626
 0.29936 -6.09233
 0.29948 -5.89763
 0.2996 -5.69971
 0.29972 -5.49476
 0.29984 -5.28261
 0.29996 -5.06512
 0.30008 -4.84532
 0.3002 -4.63012
 0.30032 -4.42749
 0.30044 -4.24415
 0.30056 -4.08499
 0.30068 -3.95219
 0.3008 -3.845
 0.30092 -3.75793
 0.30104 -3.68472
 0.30116 -3.6211
 0.30128 -3.56525
 0.3014 -3.5142
 0.30152 -3.46502
 0.30164 -3.41669
 0.30176 -3.36773
 0.30188 -3.31452
 0.302 -3.25397
 0.30212 -3.18154
 0.30224 -3.09021
 0.30236 -2.97672
 0.30248 -2.83834
 0.3026 -2.67243
 0.30272 -2.48049
 0.30284 -2.26865
 0.30296 -2.04706
 0.30308 -1.82588
 0.3032 -1.61426
 0.30332 -1.42079
 0.30344 -1.25525
 0.30356 -1.12721
 0.30368 -1.04432
 0.3038 -1.01368
 0.30392 -1.04102
 0.30404 -1.12944
 0.30416 -1.28291
 0.30428 -1.50235
 0.3044 -1.78493
 0.30452 -2.1285
 0.30464 -2.52803
 0.30476 -2.97332
 0.30488 -3.45238
 0.305 -3.95543
 0.30512 -4.47372
 0.30524 -4.9977
 0.30536 -5.51708
 0.30548 -6.02106
 0.3056 -6.50012
 0.30572 -6.9477
 0.30584 -7.35807
 0.30596 -7.72807
 0.30608 -8.05616
 0.3062 -8.34238
 0.30632 -8.59192
 0.30644 -8.81111
 0.30656 -9.00637
 0.30668 -9.18776
 0.3068 -9.36788
 0.30692 -9.55403
 0.30704 -9.74176
 0.30716 -9.92472
 0.30728 -10.0979
 0.3074 -10.2576
 0.30752 -10.4009
 0.30764 -10.5239
 0.30776 -10.6214
 0.30788 -10.6898
 0.308 -10.7251
 0.30812 -10.7232
 0.30824 -10.6778
 0.30836 -10.5802
 0.30848 -10.4218
 0.3086 -10.1938
 0.30872 -9.88698
 0.30884 -9.49263
 0.30896 -9.01576
 0.30908 -8.47611
 0.3092 -7.89474
 0.30932 -7.29105
 0.30944 -6.68194
 0.30956 -6.08165
 0.30968 -5.50465
 0.3098 -4.96366
 0.30992 -4.46782
 0.31004 -4.02565
 0.31016 -3.6451
 0.31028 -3.33537
 0.3104 -3.10561
 0.31052 -2.96458
 0.31064 -2.91882
 0.31076 -2.97217
 0.31088 -3.12454
 0.311 -3.36211
 0.31112 -3.66266
 0.31124 -4.00407
 0.31136 -4.3658
 0.31148 -4.73096
 0.3116 -5.08526
 0.31172 -5.41478
 0.31184 -5.70806
 0.31196 -5.95547
 0.31208 -6.14781
 0.3122 -6.27557
 0.31232 -6.32874
 0.31244 -6.29803
 0.31256 -6.17532
 0.31268 -5.95686
 0.3128 -5.6427
 0.31292 -5.23723
 0.31304 -4.75096
 0.31316 -4.19742
 0.31328 -3.59001
 0.3134 -2.94205
 0.31352 -2.26495
 0.31364 -1.56904
 0.31376 -0.863509
 0.31388 -0.156823
 0.314 0.542801
 0.31412 1.2274
 0.31424 1.88849
 0.31436 2.51769
 0.31448 3.107
 0.3146 3.65034
 0.31472 4.14383
 0.31484 4.5849
 0.31496 4.97338
 0.31508 5.31101
 0.3152 5.60188
 0.31532 5.85077
 0.31544 6.06375
 0.31556 6.24784
 0.31568 6.40928
 0.3158 6.553
 0.31592 6.68415
 0.31604 6.80732
 0.31616 6.92633
 0.31628 7.0447
 0.3164 7.16614
 0.31652 7.29436
 0.31664 7.43217
 0.31676 7.58392
 0.31688 7.75124
 0.317 7.93371
 0.31712 8.12833
 0.31724 8.32927
 0.31736 8.53086
 0.31748 8.72568
 0.3176 8.90412
 0.31772 9.05703
 0.31784 9.17613
 0.31796 9.25323
 0.31808 9.28135
 0.3182 9.25469
 0.31832 9.16823
 0.31844 9.01759
 0.31856 8.7985
 0.31868 8.50647
 0.3188 8.13925
 0.31892 7.70291
 0.31904 7.20776
 0.31916 6.66826
 0.31928 6.10034
 0.3194 5.51939
 0.31952 4.94144
 0.31964 4.38473
 0.31976 3.86706
 0.31988 3.40551
 0.32 3.01682
 0.32012 2.71682
 0.32024 2.52052
 0.32036 2.4384
 0.32048 2.47646
 0.3206 2.6405
 0.32072 2.93558
 0.32084 3.3565
 0.32096 3.88788
 0.32108 4.50718
 0.3212 5.1893
 0.32132 5.90823
 0.32144 6.63952
 0.32156 7.35939
 0.32168 8.04297
 0.3218 8.66644
 0.32192 9.20654
 0.32204 9.64015
 0.32216 9.94453
 0.32228 10.0987
 0.3224 10.0928
 0.32252 9.92189
 0.32264 9.58186
 0.32276 9.07158
 0.32288 8.40271
 0.323 7.59845
 0.32312 6.68716
 0.32324 5.69763
 0.32336 4.65911
 0.32348 3.5993
 0.3236 2.54567
 0.32372 1.52521
 0.32384 0.563504
 0.32396 -0.314091
 0.32408 -1.08233
 0.3242 -1.71672
 0.32432 -2.19695
 0.32444 -2.51308
 0.32456 -2.65866
 0.32468 -2.62866
 0.3248 -2.42198
 0.32492 -2.05042
 0.32504 -1.53518
 0.32516 -0.89862
 0.32528 -0.162924
 0.3254 0.64771
 0.32552 1.50841
 0.32564 2.39513
 0.32576 3.28637
 0.32588 4.16158
 0.326 5.00023
 0.32612 5.78224
 0.32624 6.48891
 0.32636 7.1064
 0.32648 7.6262
 0.3266 8.04184
 0.32672 8.34763
 0.32684 8.54217
 0.32696 8.63315
 0.32708 8.63138
 0.3272 8.54759
 0.32732 8.39345
 0.32744 8.18472
 0.32756 7.93765
 0.32768 7.66442
 0.3278 7.37417
 0.32792 7.07576
 0.32804 6.77795
 0.32816 6.48895
 0.32828 6.21582
 0.3284 5.96234
 0.32852 5.73123
 0.32864 5.52623
 0.32876 5.35007
 0.32888 5.20176
 0.329 5.07763
 0.32912 4.97328
 0.32924 4.88421
 0.32936 4.80528
 0.32948 4.72854
 0.3296 4.6475
 0.32972 4.56071
 0.32984 4.46787
 0.32996 4.36844
 0.33008 4.2618
 0.3302 4.14738
 0.33032 4.02414
 0.33044 3.88978
 0.33056 3.74076
 0.33068 3.572
 0.3308 3.37986
 0.33092 3.16266
 0.33104 2.91944
 0.33116 2.65143
 0.33128 2.35935
 0.3314 2.04278
 0.33152 1.70329
 0.33164 1.34094
 0.33176 0.954138
 0.33188 0.5427
 0.332 0.108225
 0.33212 -0.34704
 0.33224 -0.820303
 0.33236 -1.30404
 0.33248 -1.78715
 0.3326 -2.25827
 0.33272 -2.7048
 0.33284 -3.11479
 0.33296 -3.47645
 0.33308 -3.77962
 0.3332 -4.01647
 0.33332 -4.17749
 0.33344 -4.25283
 0.33356 -4.23512
 0.33368 -4.11818
 0.3338 -3.8972
 0.33392 -3.57206
 0.33404 -3.14474
 0.33416 -2.61755
 0.33428 -1.99369
 0.3344 -1.28295
 0.33452 -0.49682
 0.33464 0.351996
 0.33476 1.24876
 0.33488 2.17831
 0.335 3.12465
 0.33512 4.07232
 0.33524 5.00578
 0.33536 5.90764
 0.33548 6.76284
 0.3356 7.56112
 0.33572 8.29348
 0.33584 8.95435
 0.33596 9.54257
 0.33608 10.0573
 0.3362 10.4956
 0.33632 10.8548
 0.33644 11.1348
 0.33656 11.3361
 0.33668 11.4626
 0.3368 11.5211
 0.33692 11.5188
 0.33704 11.4649
 0.33716 11.3696
 0.33728 11.2454
 0.3374 11.1033
 0.33752 10.9461
 0.33764 10.7739
 0.33776 10.5865
 0.33788 10.3815
 0.338 10.1539
 0.33812 9.90045
 0.33824 9.62144
 0.33836 9.31828
 0.33848 8.99674
 0.3386 8.66373
 0.33872 8.32289
 0.33884 7.97567
 0.33896 7.62298
 0.33908 7.26396
 0.3392 6.89659
 0.33932 6.51774
 0.33944 6.13263
 0.33956 5.75294
 0.33968 5.38723
 0.3398 5.04352
 0.33992 4.731
 0.34004 4.46085
 0.34016 4.24212
 0.34028 4.08164
 0.3404 3.98439
 0.34052 3.94537
 0.34064 3.95696
 0.34076 4.0128
 0.34088 4.10741
 0.341 4.23565
 0.34112 4.39327
 0.34124 4.57564
 0.34136 4.77526
 0.34148 4.97599
 0.3416 5.16615
 0.34172 5.33838
 0.34184 5.48631
 0.34196 5.60184
 0.34208 5.67438
 0.3422 5.69417
 0.34232 5.65104
 0.34244 5.53754
 0.34256 5.35314
 0.34268 5.09969
 0.3428 4.77921
 0.34292 4.39377
 0.34304 3.94525
 0.34316 3.43554
 0.34328 2.87123
 0.3434 2.26472
 0.34352 1.63031
 0.34364 0.975029
 0.34376 0.304289
 0.34388 -0.377214
 0.344 -1.06129
 0.34412 -1.7357
 0.34424 -2.38772
 0.34436 -3.00449
 0.34448 -3.57481
 0.3446 -4.08899
 0.34472 -4.53958
 0.34484 -4.92077
 0.34496 -5.2274
 0.34508 -5.454
 0.3452 -5.5967
 0.34532 -5.66043
 0.34544 -5.65492
 0.34556 -5.58841
 0.34568 -5.4668
 0.3458 -5.29678
 0.34592 -5.08546
 0.34604 -4.84404
 0.34616 -4.58664
 0.34628 -4.32636
 0.3464 -4.07346
 0.34652 -3.83795
 0.34664 -3.62932
 0.34676 -3.45239
 0.34688 -3.30841
 0.347 -3.19866
 0.34712 -3.12564
 0.34724 -3.08884
 0.34736 -3.08096
 0.34748 -3.09288
 0.3476 -3.11763
 0.34772 -3.14754
 0.34784 -3.17336
 0.34796 -3.18671
 0.34808 -3.179
 0.3482 -3.14335
 0.34832 -3.07748
 0.34844 -2.98119
 0.34856 -2.85378
 0.34868 -2.69629
 0.3488 -2.51684
 0.34892 -2.32556
 0.34904 -2.13045
 0.34916 -1.93802
 0.34928 -1.75681
 0.3494 -1.59752
 0.34952 -1.46971
 0.34964 -1.38047
 0.34976 -1.33738
 0.34988 -1.34735
 0.35 -1.4131
 0.35012 -1.53343
 0.35024 -1.70064
 0.35036 -1.9038
 0.35048 -2.13368
 0.3506 -2.382
 0.35072 -2.63801
 0.35084 -2.88716
 0.35096 -3.11466
 0.35108 -3.30817
 0.3512 -3.45586
 0.35132 -3.5458
 0.35144 -3.56735
 0.35156 -3.51169
 0.35168 -3.37128
 0.3518 -3.14002
 0.35192 -2.81526
 0.35204 -2.39848
 0.35216 -1.89768
 0.35228 -1.32831
 0.3524 -0.705685
 0.35252 -0.0429187
 0.35264 0.647525
 0.35276 1.3521
 0.35288 2.05551
 0.353 2.74078
 0.35312 3.39116
 0.35324 3.9901
 0.35336 4.52259
 0.35348 4.97563
 0.3536 5.33503
 0.35372 5.58704
 0.35384 5.71979
 0.35396 5.72332
 0.35408 5.5899
 0.3542 5.31995
 0.35432 4.92091
 0.35444 4.40172
 0.35456 3.77061
 0.35468 3.03603
 0.3548 2.20734
 0.35492 1.29749
 0.35504 0.322751
 0.35516 -0.69918
 0.35528 -1.75176
 0.3554 -2.82001
 0.35552 -3.8878
 0.35564 -4.9358
 0.35576 -5.94491
 0.35588 -6.89472
 0.356 -7.76302
 0.35612 -8.52984
 0.35624 -9.18217
 0.35636 -9.71554
 0.35648 -10.1275
 0.3566 -10.4159
 0.35672 -10.5802
 0.35684 -10.6216
 0.35696 -10.5457
 0.35708 -10.3606
 0.3572 -10.0762
 0.35732 -9.70151
 0.35744 -9.24767
 0.35756 -8.72941
 0.35768 -8.16345
 0.3578 -7.56706
 0.35792 -6.96181
 0.35804 -6.3711
 0.35816 -5.81675
 0.35828 -5.3149
 0.3584 -4.87629
 0.35852 -4.51073
 0.35864 -4.22629
 0.35876 -4.02903
 0.35888 -3.9244
 0.359 -3.91545
 0.35912 -4.00381
 0.35924 -4.18936
 0.35936 -4.46825
 0.35948 -4.83004
 0.3596 -5.26129
 0.35972 -5.74809
 0.35984 -6.27563
 0.35996 -6.82718
 0.36008 -7.38598
 0.3602 -7.93625
 0.36032 -8.46605
 0.36044 -8.96469
 0.36056 -9.42444
 0.36068 -9.84025
 0.3608 -10.2057
 0.36092 -10.5129
 0.36104 -10.7542
 0.36116 -10.9225
 0.36128 -11.0142
 0.3614 -11.0318
 0.36152 -10.9855
 0.36164 -10.8868
 0.36176 -10.7473
 0.36188 -10.5774
 0.362 -10.385
 0.36212 -10.1764
 0.36224 -9.95646
 0.36236 -9.72881
 0.36248 -9.49455
 0.3626 -9.25062
 0.36272 -8.99452
 0.36284 -8.72821
 0.36296 -8.45531
 0.36308 -8.18077
 0.3632 -7.90905
 0.36332 -7.64268
 0.36344 -7.38014
 0.36356 -7.11466
 0.36368 -6.83942
 0.3638 -6.54797
 0.36392 -6.23781
 0.36404 -5.91066
 0.36416 -5.57066
 0.36428 -5.22247
 0.3644 -4.87211
 0.36452 -4.5309
 0.36464 -4.20884
 0.36476 -3.91255
 0.36488 -3.64569
 0.365 -3.41064
 0.36512 -3.20708
 0.36524 -3.0353
 0.36536 -2.89506
 0.36548 -2.78841
 0.3656 -2.72022
 0.36572 -2.69375
 0.36584 -2.71132
 0.36596 -2.77134
 0.36608 -2.86901
 0.3662 -2.99859
 0.36632 -3.15503
 0.36644 -3.32997
 0.36656 -3.51176
 0.36668 -3.69404
 0.3668 -3.87275
 0.36692 -4.04446
 0.36704 -4.20737
 0.36716 -4.36233
 0.36728 -4.50776
 0.3674 -4.64268
 0.36752 -4.76464
 0.36764 -4.87074
 0.36776 -4.95985
 0.36788 -5.03168
 0.368 -5.08817
 0.36812 -5.13225
 0.36824 -5.16595
 0.36836 -5.18908
 0.36848 -5.20541
 0.3686 -5.21953
 0.36872 -5.23322
 0.36884 -5.24674
 0.36896 -5.26086
 0.36908 -5.27386
 0.3692 -5.28516
 0.36932 -5.29713
 0.36944 -5.31077
 0.36956 -5.32734
 0.36968 -5.34875
 0.3698 -5.37742
 0.36992 -5.4153
 0.37004 -5.46358
 0.37016 -5.52361
 0.37028 -5.5987
 0.3704 -5.69301
 0.37052 -5.80588
 0.37064 -5.93429
 0.37076 -6.07664
 0.37088 -6.23266
 0.371 -6.40175
 0.37112 -6.58435
 0.37124 -6.77764
 0.37136 -6.97817
 0.37148 -7.1837
 0.3716 -7.39132
 0.37172 -7.59459
 0.37184 -7.78405
 0.37196 -7.95099
 0.37208 -8.08675
 0.3722 -8.18165
 0.37232 -8.22547
 0.37244 -8.21117
 0.37256 -8.13766
 0.37268 -8.00638
 0.3728 -7.81682
 0.37292 -7.5677
 0.37304 -7.25751
 0.37316 -6.88571
 0.37328 -6.45313
 0.3734 -5.96104
 0.37352 -5.4109
 0.37364 -4.80643
 0.37376 -4.157
 0.37388 -3.47454
 0.374 -2.77047
 0.37412 -2.05741
 0.37424 -1.35098
 0.37436 -0.665483
 0.37448 -0.0115157
 0.3746 0.603472
 0.37472 1.17297
 0.37484 1.68905
 0.37496 2.14297
 0.37508 2.52566
 0.3752 2.82984
 0.37532 3.04918
 0.37544 3.17821
 0.37556 3.21326
 0.37568 3.1548
 0.3758 3.00722
 0.37592 2.77688
 0.37604 2.47124
 0.37616 2.10083
 0.37628 1.67942
 0.3764 1.21957
 0.37652 0.733421
 0.37664 0.234195
 0.37676 -0.264772
 0.37688 -0.749203
 0.377 -1.20473
 0.37712 -1.61841
 0.37724 -1.98036
 0.37736 -2.2815
 0.37748 -2.51393
 0.3776 -2.67427
 0.37772 -2.76189
 0.37784 -2.77737
 0.37796 -2.72446
 0.37808 -2.60829
 0.3782 -2.43641
 0.37832 -2.21706
 0.37844 -1.95806
 0.37856 -1.66944
 0.37868 -1.36333
 0.3788 -1.05279
 0.37892 -0.75187
 0.37904 -0.472459
 0.37916 -0.220966
 0.37928 -0.00151169
 0.3794 0.182188
 0.37952 0.329575
 0.37964 0.442663
 0.37976 0.522137
 0.37988 0.569192
 0.38 0.586587
 0.38012 0.577346
 0.38024 0.544275
 0.38036 0.48808
 0.38048 0.408547
 0.3806 0.306649
 0.38072 0.183596
 0.38084 0.0442744
 0.38096 -0.104596
 0.38108 -0.260856
 0.3812 -0.429317
 0.38132 -0.614987
 0.38144 -0.823393
 0.38156 -1.06228
 0.38168 -1.33685
 0.3818 -1.65019
 0.38192 -2.00403
 0.38204 -2.39787
 0.38216 -2.83084
 0.38228 -3.29992
 0.3824 -3.79506
 0.38252 -4.30421
 0.38264 -4.81384
 0.38276 -5.31098
 0.38288 -5.78901
 0.383 -6.24358
 0.38312 -6.6659
 0.38324 -7.04301
 0.38336 -7.36269
 0.38348 -7.61244
 0.3836 -7.7791
 0.38372 -7.85208
 0.38384 -7.82241
 0.38396 -7.6856
 0.38408 -7.44053
 0.3842 -7.08541
 0.38432 -6.62355
 0.38444 -6.06745
 0.38456 -5.43086
 0.38468 -4.72884
 0.3848 -3.97435
 0.38492 -3.1758
 0.38504 -2.33926
 0.38516 -1.47286
 0.38528 -0.586977
 0.3854 0.308224
 0.38552 1.19912
 0.38564 2.06953
 0.38576 2.90381
 0.38588 3.6894
 0.386 4.41913
 0.38612 5.08788
 0.38624 5.68969
 0.38636 6.22429
 0.38648 6.69576
 0.3866 7.10818
 0.38672 7.46574
 0.38684 7.77005
 0.38696 8.02078
 0.38708 8.21669
 0.3872 8.35798
 0.38732 8.44664
 0.38744 8.48716
 0.38756 8.49039
 0.38768 8.46986
 0.3878 8.44016
 0.38792 8.41174
 0.38804 8.38722
 0.38816 8.36622
 0.38828 8.34867
 0.3884 8.33252
 0.38852 8.31523
 0.38864 8.29452
 0.38876 8.26911
 0.38888 8.24087
 0.389 8.21044
 0.38912 8.17677
 0.38924 8.13721
 0.38936 8.08822
 0.38948 8.02371
 0.3896 7.93735
 0.38972 7.82049
 0.38984 7.66239
 0.38996 7.45877
 0.39008 7.21691
 0.3902 6.94652
 0.39032 6.65696
 0.39044 6.35754
 0.39056 6.05772
 0.39068 5.76611
 0.3908 5.48879
 0.39092 5.23054
 0.39104 5.00018
 0.39116 4.80799
 0.39128 4.66372
 0.3914 4.57496
 0.39152 4.54704
 0.39164 4.57873
 0.39176 4.67153
 0.39188 4.82814
 0.392 5.04307
 0.39212 5.30392
 0.39224 5.59756
 0.39236 5.90957
 0.39248 6.22464
 0.3926 6.52633
 0.39272 6.79888
 0.39284 7.02887
 0.39296 7.20228
 0.39308 7.30265
 0.3932 7.31628
 0.39332 7.23663
 0.39344 7.06206
 0.39356 6.79552
 0.39368 6.44557
 0.3938 6.01772
 0.39392 5.51704
 0.39404 4.95264
 0.39416 4.33638
 0.39428 3.68323
 0.3944 3.01203
 0.39452 2.34325
 0.39464 1.70307
 0.39476 1.11894
 0.39488 0.616312
 0.395 0.220028
 0.39512 -0.0453706
 0.39524 -0.166008
 0.39536 -0.138298
 0.39548 0.0372364
 0.3956 0.35678
 0.39572 0.814394
 0.39584 1.40648
 0.39596 2.12952
 0.39608 2.97779
 0.3962 3.93741
 0.39632 4.98809
 0.39644 6.10714
 0.39656 7.26803
 0.39668 8.43455
 0.3968 9.56893
 0.39692 10.6356
 0.39704 11.6
 0.39716 12.43
 0.39728 13.1052
 0.3974 13.6104
 0.39752 13.9333
 0.39764 14.0653
 0.39776 14.0009
 0.39788 13.7355
 0.398 13.2657
 0.39812 12.5941
 0.39824 11.7357
 0.39836 10.7083
 0.39848 9.53049
 0.3986 8.2268
 0.39872 6.82814
 0.39884 5.36826
 0.39896 3.88063
 0.39908 2.39863
 0.3992 0.952958
 0.39932 -0.428017
 0.39944 -1.71564
 0.39956 -2.88608
 0.39968 -3.92078
 0.3998 -4.80734
 0.39992 -5.53521
 0.40004 -6.09614
 0.40016 -6.4893
 0.40028 -6.71943
 0.4004 -6.79062
 0.40052 -6.70799
 0.40064 -6.48081
 0.40076 -6.12249
 0.40088 -5.6523
 0.401 -5.09182
 0.40112 -4.46237
 0.40124 -3.78503
 0.40136 -3.08644
 0.40148 -2.39321
 0.4016 -1.72753
 0.40172 -1.10654
 0.40184 -0.542816
 0.40196 -0.0477758
 0.40208 0.369135
 0.4022 0.702215
 0.40232 0.945298
 0.40244 1.09177
 0.40256 1.13617
 0.40268 1.07594
 0.4028 0.91313
 0.40292 0.656842
 0.40304 0.31836
 0.40316 -0.0919653
 0.40328 -0.56223
 0.4034 -1.07447
 0.40352 -1.61134
 0.40364 -2.15406
 0.40376 -2.68456
 0.40388 -3.18792
 0.404 -3.64972
 0.40412 -4.05705
 0.40424 -4.3985
 0.40436 -4.66167
 0.40448 -4.83457
 0.4046 -4.90721
 0.40472 -4.87298
 0.40484 -4.72904
 0.40496 -4.47737
 0.40508 -4.12028
 0.4052 -3.65928
 0.40532 -3.09771
 0.40544 -2.44267
 0.40556 -1.70304
 0.40568 -0.899019
 0.4058 -0.052312
 0.40592 0.817413
 0.40604 1.69087
 0.40616 2.55122
 0.40628 3.38207
 0.4064 4.16657
 0.40652 4.88908
 0.40664 5.53735
 0.40676 6.10188
 0.40688 6.57488
 0.407 6.94961
 0.40712 7.21857
 0.40724 7.37415
 0.40736 7.40954
 0.40748 7.3183
 0.4076 7.09912
 0.40772 6.76507
 0.40784 6.32969
 0.40796 5.80618
 0.40808 5.20649
 0.4082 4.54037
 0.40832 3.81884
 0.40844 3.0531
 0.40856 2.25282
 0.40868 1.42499
 0.4088 0.574769
 0.40892 -0.29209
 0.40904 -1.1677
 0.40916 -2.04295
 0.40928 -2.90868
 0.4094 -3.75367
 0.40952 -4.56336
 0.40964 -5.32805
 0.40976 -6.04549
 0.40988 -6.71373
 0.41 -7.33073
 0.41012 -7.89307
 0.41024 -8.39767
 0.41036 -8.84314
 0.41048 -9.22841
 0.4106 -9.55327
 0.41072 -9.81675
 0.41084 -10.017
 0.41096 -10.1536
 0.41108 -10.2303
 0.4112 -10.2516
 0.41132 -10.2225
 0.41144 -10.1524
 0.41156 -10.0553
 0.41168 -9.94377
 0.4118 -9.82667
 0.41192 -9.71297
 0.41204 -9.61196
 0.41216 -9.53285
 0.41228 -9.48331
 0.4124 -9.47017
 0.41252 -9.49773
 0.41264 -9.56339
 0.41276 -9.66316
 0.41288 -9.79371
 0.413 -9.95031
 0.41312 -10.127
 0.41324 -10.3187
 0.41336 -10.5193
 0.41348 -10.7197
 0.4136 -10.9069
 0.41372 -11.0703
 0.41384 -11.2022
 0.41396 -11.2936
 0.41408 -11.3355
 0.4142 -11.3196
 0.41432 -11.2379
 0.41444 -11.0824
 0.41456 -10.8512
 0.41468 -10.5529
 0.4148 -10.1965
 0.41492 -9.79117
 0.41504 -9.34422
 0.41516 -8.85785
 0.41528 -8.33194
 0.4154 -7.76666
 0.41552 -7.16357
 0.41564 -6.52516
 0.41576 -5.85134
 0.41588 -5.14172
 0.416 -4.39913
 0.41612 -3.6269
 0.41624 -2.83089
 0.41636 -2.01856
 0.41648 -1.19814
 0.4166 -0.372293
 0.41672 0.461641
 0.41684 1.30634
 0.41696 2.16409
 0.41708 3.03151
 0.4172 3.89652
 0.41732 4.74477
 0.41744 5.56176
 0.41756 6.33317
 0.41768 7.04369
 0.4178 7.67693
 0.41792 8.21867
 0.41804 8.65845
 0.41816 8.98939
 0.41828 9.20999
 0.4184 9.31945
 0.41852 9.31833
 0.41864 9.20452
 0.41876 8.9746
 0.41888 8.62529
 0.419 8.15419
 0.41912 7.56481
 0.41924 6.86669
 0.41936 6.07148
 0.41948 5.19104
 0.4196 4.23847
 0.41972 3.23055
 0.41984 2.18561
 0.41996 1.12179
 0.42008 0.0539644
 0.4202 -1.00778
 0.42032 -2.05458
 0.42044 -3.0768
 0.42056 -4.06416
 0.42068 -5.00381
 0.4208 -5.88213
 0.42092 -6.68606
 0.42104 -7.40296
 0.42116 -8.02267
 0.42128 -8.53832
 0.4214 -8.94459
 0.42152 -9.23649
 0.42164 -9.41227
 0.42176 -9.4746
 0.42188 -9.42908
 0.422 -9.28263
 0.42212 -9.03997
 0.42224 -8.70484
 0.42236 -8.28254
 0.42248 -7.77996
 0.4226 -7.20651
 0.42272 -6.57436
 0.42284 -5.89524
 0.42296 -5.18126
 0.42308 -4.44455
 0.4232 -3.69651
 0.42332 -2.94715
 0.42344 -2.20649
 0.42356 -1.48381
 0.42368 -0.785434
 0.4238 -0.117139
 0.42392 0.517223
 0.42404 1.1141
 0.42416 1.6699
 0.42428 2.18157
 0.4244 2.64705
 0.42452 3.06709
 0.42464 3.44501
 0.42476 3.78352
 0.42488 4.08444
 0.425 4.34998
 0.42512 4.58205
 0.42524 4.78265
 0.42536 4.95481
 0.42548 5.10198
 0.4256 5.22598
 0.42572 5.32869
 0.42584 5.41388
 0.42596 5.48558
 0.42608 5.54766
 0.4262 5.6035
 0.42632 5.65676
 0.42644 5.70884
 0.42656 5.75811
 0.42668 5.8021
 0.4268 5.84241
 0.42692 5.88093
 0.42704 5.92088
 0.42716 5.96537
 0.42728 6.01668
 0.4274 6.07577
 0.42752 6.14447
 0.42764 6.2263
 0.42776 6.32201
 0.42788 6.42944
 0.428 6.5447
 0.42812 6.66431
 0.42824 6.78504
 0.42836 6.90308
 0.42848 7.01663
 0.4286 7.12625
 0.42872 7.23213
 0.42884 7.33255
 0.42896 7.42595
 0.42908 7.50971
 0.4292 7.58147
 0.42932 7.63917
 0.42944 7.68072
 0.42956 7.7025
 0.42968 7.70138
 0.4298 7.67888
 0.42992 7.63985
 0.43004 7.59068
 0.43016 7.53517
 0.43028 7.47605
 0.4304 7.4189
 0.43052 7.36911
 0.43064 7.32883
 0.43076 7.30083
 0.43088 7.28507
 0.431 7.28005
 0.43112 7.28447
 0.43124 7.29725
 0.43136 7.31731
 0.43148 7.34395
 0.4316 7.37688
 0.43172 7.41383
 0.43184 7.44886
 0.43196 7.47405
 0.43208 7.48316
 0.4322 7.47715
 0.43232 7.4581
 0.43244 7.42249
 0.43256 7.36872
 0.43268 7.29547
 0.4328 7.1988
 0.43292 7.08015
 0.43304 6.9424
 0.43316 6.78884
 0.43328 6.62271
 0.4334 6.44765
 0.43352 6.26812
 0.43364 6.08982
 0.43376 5.92042
 0.43388 5.76896
 0.434 5.64449
 0.43412 5.55216
 0.43424 5.48858
 0.43436 5.45204
 0.43448 5.44402
 0.4346 5.46434
 0.43472 5.51906
 0.43484 5.61649
 0.43496 5.76168
 0.43508 5.95765
 0.4352 6.20626
 0.43532 6.50979
 0.43544 6.86978
 0.43556 7.28377
 0.43568 7.74503
 0.4358 8.24492
 0.43592 8.77503
 0.43604 9.32704
 0.43616 9.89429
 0.43628 10.4731
 0.4364 11.0572
 0.43652 11.6406
 0.43664 12.2166
 0.43676 12.7737
 0.43688 13.2987
 0.437 13.7802
 0.43712 14.2097
 0.43724 14.5788
 0.43736 14.877
 0.43748 15.0957
 0.4376 15.2337
 0.43772 15.2963
 0.43784 15.2899
 0.43796 15.2197
 0.43808 15.0926
 0.4382 14.9167
 0.43832 14.701
 0.43844 14.4541
 0.43856 14.1818
 0.43868 13.8887
 0.4388 13.5789
 0.43892 13.2593
 0.43904 12.9348
 0.43916 12.6086
 0.43928 12.2845
 0.4394 11.9668
 0.43952 11.6568
 0.43964 11.3491
 0.43976 11.0321
 0.43988 10.6946
 0.44 10.3259
 0.44012 9.91253
 0.44024 9.44139
 0.44036 8.89862
 0.44048 8.27422
 0.4406 7.56245
 0.44072 6.76155
 0.44084 5.86996
 0.44096 4.8845
 0.44108 3.80311
 0.4412 2.62518
 0.44132 1.35673
 0.44144 0.00771372
 0.44156 -1.41059
 0.44168 -2.88192
 0.4418 -4.38705
 0.44192 -5.908
 0.44204 -7.42686
 0.44216 -8.92287
 0.44228 -10.3755
 0.4424 -11.7627
 0.44252 -13.0648
 0.44264 -14.2656
 0.44276 -15.3517
 0.44288 -16.3085
 0.443 -17.1214
 0.44312 -17.7774
 0.44324 -18.2683
 0.44336 -18.5998
 0.44348 -18.7803
 0.4436 -18.8185
 0.44372 -18.7256
 0.44384 -18.5129
 0.44396 -18.1864
 0.44408 -17.7525
 0.4442 -17.2213
 0.44432 -16.6045
 0.44444 -15.9181
 0.44456 -15.1771
 0.44468 -14.3954
 0.4448 -13.5861
 0.44492 -12.763
 0.44504 -11.9395
 0.44516 -11.1258
 0.44528 -10.3252
 0.4454 -9.53345
 0.44552 -8.74609
 0.44564 -7.9582
 0.44576 -7.1639
 0.44588 -6.35991
 0.446 -5.55029
 0.44612 -4.73827
 0.44624 -3.92516
 0.44636 -3.11198
 0.44648 -2.29733
 0.4466 -1.48061
 0.44672 -0.66184
 0.44684 0.158064
 0.44696 0.978218
 0.44708 1.79609
 0.4472 2.6061
 0.44732 3.39979
 0.44744 4.16688
 0.44756 4.89709
 0.44768 5.57924
 0.4478 6.20053
 0.44792 6.75152
 0.44804 7.22671
 0.44816 7.62201
 0.44828 7.93604
 0.4484 8.16987
 0.44852 8.32443
 0.44864 8.40158
 0.44876 8.40326
 0.44888 8.33376
 0.449 8.19859
 0.44912 8.00458
 0.44924 7.75941
 0.44936 7.47199
 0.44948 7.15239
 0.4496 6.8107
 0.44972 6.45873
 0.44984 6.10825
 0.44996 5.76903
 0.45008 5.44936
 0.4502 5.15239
 0.45032 4.87566
 0.45044 4.61542
 0.45056 4.36752
 0.45068 4.12916
 0.4508 3.89766
 0.45092 3.66832
 0.45104 3.43586
 0.45116 3.19525
 0.45128 2.94224
 0.4514 2.67232
 0.45152 2.38081
 0.45164 2.06398
 0.45176 1.71811
 0.45188 1.34234
 0.452 0.936281
 0.45212 0.500424
 0.45224 0.0420745
 0.45236 -0.426654
 0.45248 -0.894713
 0.4526 -1.35103
 0.45272 -1.78725
 0.45284 -2.19588
 0.45296 -2.56948
 0.45308 -2.90135
 0.4532 -3.18582
 0.45332 -3.42022
 0.45344 -3.60416
 0.45356 -3.73793
 0.45368 -3.82427
 0.4538 -3.86842
 0.45392 -3.87816
 0.45404 -3.85977
 0.45416 -3.81833
 0.45428 -3.76392
 0.4544 -3.70798
 0.45452 -3.65895
 0.45464 -3.62393
 0.45476 -3.60657
 0.45488 -3.60864
 0.455 -3.63152
 0.45512 -3.67588
 0.45524 -3.73981
 0.45536 -3.81639
 0.45548 -3.89661
 0.4556 -3.97142
 0.45572 -4.02878
 0.45584 -4.05224
 0.45596 -4.02468
 0.45608 -3.93353
 0.4562 -3.77071
 0.45632 -3.52823
 0.45644 -3.20049
 0.45656 -2.7877
 0.45668 -2.29593
 0.4568 -1.73556
 0.45692 -1.11795
 0.45704 -0.453908
 0.45716 0.245655
 0.45728 0.965593
 0.4574 1.68694
 0.45752 2.39132
 0.45764 3.06085
 0.45776 3.67357
 0.45788 4.20329
 0.458 4.62488
 0.45812 4.92068
 0.45824 5.07962
 0.45836 5.09345
 0.45848 4.95736
 0.4586 4.67442
 0.45872 4.25514
 0.45884 3.71384
 0.45896 3.0647
 0.45908 2.31995
 0.4592 1.49113
 0.45932 0.593536
 0.45944 -0.355181
 0.45956 -1.33757
 0.45968 -2.33551
 0.4598 -3.32788
 0.45992 -4.2914
 0.46004 -5.20552
 0.46016 -6.05574
 0.46028 -6.83188
 0.4604 -7.52518
 0.46052 -8.12747
 0.46064 -8.63395
 0.46076 -9.04506
 0.46088 -9.36421
 0.461 -9.59461
 0.46112 -9.73582
 0.46124 -9.7869
 0.46136 -9.75071
 0.46148 -9.63425
 0.4616 -9.44747
 0.46172 -9.20033
 0.46184 -8.90137
 0.46196 -8.55957
 0.46208 -8.18087
 0.4622 -7.76805
 0.46232 -7.32268
 0.46244 -6.84792
 0.46256 -6.3512
 0.46268 -5.84085
 0.4628 -5.32166
 0.46292 -4.79445
 0.46304 -4.26097
 0.46316 -3.7263
 0.46328 -3.19556
 0.4634 -2.67001
 0.46352 -2.14544
 0.46364 -1.6147
 0.46376 -1.07555
 0.46388 -0.53192
 0.464 0.0111666
 0.46412 0.544319
 0.46424 1.05475
 0.46436 1.53099
 0.46448 1.96636
 0.4646 2.35929
 0.46472 2.70887
 0.46484 3.01128
 0.46496 3.25946
 0.46508 3.44939
 0.4652 3.57925
 0.46532 3.65
 0.46544 3.66106
 0.46556 3.60852
 0.46568 3.48823
 0.4658 3.30538
 0.46592 3.07068
 0.46604 2.79762
 0.46616 2.50511
 0.46628 2.21363
 0.4664 1.94066
 0.46652 1.69698
 0.46664 1.49005
 0.46676 1.3262
 0.46688 1.21196
 0.467 1.15298
 0.46712 1.15145
 0.46724 1.20687
 0.46736 1.31343
 0.46748 1.46514
 0.4676 1.65676
 0.46772 1.88161
 0.46784 2.12854
 0.46796 2.38449
 0.46808 2.633
 0.4682 2.85499
 0.46832 3.03145
 0.46844 3.14687
 0.46856 3.1938
 0.46868 3.16669
 0.4688 3.06312
 0.46892 2.88286
 0.46904 2.62838
 0.46916 2.30484
 0.46928 1.92025
 0.4694 1.48557
 0.46952 1.01277
 0.46964 0.514967
 0.46976 0.00616101
 0.46988 -0.500113
 0.47 -0.987928
 0.47012 -1.43966
 0.47024 -1.83731
 0.47036 -2.16291
 0.47048 -2.40328
 0.4706 -2.55071
 0.47072 -2.59777
 0.47084 -2.53932
 0.47096 -2.37076
 0.47108 -2.09308
 0.4712 -1.70991
 0.47132 -1.22529
 0.47144 -0.644386
 0.47156 0.0263332
 0.47168 0.778338
 0.4718 1.6014
 0.47192 2.48095
 0.47204 3.40008
 0.47216 4.34219
 0.47228 5.29238
 0.4724 6.23632
 0.47252 7.16309
 0.47264 8.06231
 0.47276 8.92134
 0.47288 9.72652
 0.473 10.4658
 0.47312 11.1351
 0.47324 11.7303
 0.47336 12.246
 0.47348 12.6758
 0.4736 13.0103
 0.47372 13.2408
 0.47384 13.3636
 0.47396 13.3817
 0.47408 13.2986
 0.4742 13.1155
 0.47432 12.831
 0.47444 12.4434
 0.47456 11.9503
 0.47468 11.3518
 0.4748 10.6512
 0.47492 9.85319
 0.47504 8.95923
 0.47516 7.96702
 0.47528 6.8771
 0.4754 5.69313
 0.47552 4.42977
 0.47564 3.10885
 0.47576 1.75278
 0.47588 0.378731
 0.476 -0.998479
 0.47612 -2.3641
 0.47624 -3.7011
 0.47636 -4.99149
 0.47648 -6.21729
 0.4766 -7.36124
 0.47672 -8.40891
 0.47684 -9.34676
 0.47696 -10.1615
 0.47708 -10.8388
 0.4772 -11.3645
 0.47732 -11.7272
 0.47744 -11.9257
 0.47756 -11.9749
 0.47768 -11.8937
 0.4778 -11.7014
 0.47792 -11.416
 0.47804 -11.0547
 0.47816 -10.6344
 0.47828 -10.1725
 0.4784 -9.68635
 0.47852 -9.19287
 0.47864 -8.70616
 0.47876 -8.23882
 0.47888 -7.80436
 0.479 -7.41545
 0.47912 -7.08362
 0.47924 -6.81748
 0.47936 -6.62105
 0.47948 -6.48771
 0.4796 -6.40396
 0.47972 -6.35674
 0.47984 -6.33303
 0.47996 -6.31915
 0.48008 -6.30315
 0.4802 -6.27265
 0.48032 -6.21527
 0.48044 -6.1195
 0.48056 -5.97587
 0.48068 -5.77894
 0.4808 -5.5236
 0.48092 -5.20482
 0.48104 -4.81946
 0.48116 -4.37097
 0.48128 -3.87044
 0.4814 -3.33117
 0.48152 -2.76829
 0.48164 -2.19557
 0.48176 -1.62247
 0.48188 -1.05797
 0.482 -0.510905
 0.48212 0.00989813
 0.48224 0.494643
 0.48236 0.933954
 0.48248 1.31964
 0.4826 1.64615
 0.48272 1.90967
 0.48284 2.10628
 0.48296 2.23192
 0.48308 2.28593
 0.4832 2.27987
 0.48332 2.2306
 0.48344 2.15167
 0.48356 2.05558
 0.48368 1.94926
 0.4838 1.83368
 0.48392 1.70819
 0.48404 1.57066
 0.48416 1.41856
 0.48428 1.24805
 0.4844 1.0551
 0.48452 0.834951
 0.48464 0.582646
 0.48476 0.294284
 0.48488 -0.0301362
 0.485 -0.38833
 0.48512 -0.782254
 0.48524 -1.22081
 0.48536 -1.71209
 0.48548 -2.26197
 0.4856 -2.87578
 0.48572 -3.55319
 0.48584 -4.28956
 0.48596 -5.07668
 0.48608 -5.90188
 0.4862 -6.74531
 0.48632 -7.5831
 0.48644 -8.39271
 0.48656 -9.15226
 0.48668 -9.84132
 0.4868 -10.4436
 0.48692 -10.9496
 0.48704 -11.352
 0.48716 -11.6424
 0.48728 -11.8135
 0.4874 -11.8607
 0.48752 -11.7797
 0.48764 -11.5663
 0.48776 -11.2196
 0.48788 -10.741
 0.488 -10.1366
 0.48812 -9.42034
 0.48824 -8.61812
 0.48836 -7.75813
 0.48848 -6.86572
 0.4886 -5.96493
 0.48872 -5.07773
 0.48884 -4.22345
 0.48896 -3.4178
 0.48908 -2.67526
 0.4892 -2.00777
 0.48932 -1.42311
 0.48944 -0.926281
 0.48956 -0.522705
 0.48968 -0.217423
 0.4898 -0.0127075
 0.48992 0.088943
 0.49004 0.0887051
 0.49016 -0.00374324
 0.49028 -0.17167
 0.4904 -0.39853
 0.49052 -0.669584
 0.49064 -0.972016
 0.49076 -1.29281
 0.49088 -1.6173
 0.491 -1.93155
 0.49112 -2.22446
 0.49124 -2.48843
 0.49136 -2.71975
 0.49148 -2.91523
 0.4916 -3.07073
 0.49172 -3.18364
 0.49184 -3.25308
 0.49196 -3.27345
 0.49208 -3.24278
 0.4922 -3.1637
 0.49232 -3.0405
 0.49244 -2.87896
 0.49256 -2.68497
 0.49268 -2.46318
 0.4928 -2.22085
 0.49292 -1.96679
 0.49304 -1.70931
 0.49316 -1.45413
 0.49328 -1.20486
 0.4934 -0.964636
 0.49352 -0.739704
 0.49364 -0.537368
 0.49376 -0.36313
 0.49388 -0.225071
 0.494 -0.135857
 0.49412 -0.105377
 0.49424 -0.142633
 0.49436 -0.255397
 0.49448 -0.448152
 0.4946 -0.72377
 0.49472 -1.08395
 0.49484 -1.52805
 0.49496 -2.05497
 0.49508 -2.66034
 0.4952 -3.33742
 0.49532 -4.07949
 0.49544 -4.87436
 0.49556 -5.70361
 0.49568 -6.54837
 0.4958 -7.39007
 0.49592 -8.2072
 0.49604 -8.97699
 0.49616 -9.67736
 0.49628 -10.2859
 0.4964 -10.7807
 0.49652 -11.1427
 0.49664 -11.3559
 0.49676 -11.4092
 0.49688 -11.2932
 0.497 -11.0004
 0.49712 -10.5317
 0.49724 -9.89102
 0.49736 -9.0841
 0.49748 -8.12659
 0.4976 -7.0382
 0.49772 -5.83869
 0.49784 -4.54791
 0.49796 -3.18628
 0.49808 -1.77441
 0.4982 -0.33311
 0.49832 1.11558
 0.49844 2.5477
 0.49856 3.94056
 0.49868 5.27551
 0.4988 6.53978
 0.49892 7.72181
 0.49904 8.81261
 0.49916 9.80698
 0.49928 10.6978
 0.4994 11.4804
 0.49952 12.1549
 0.49964 12.7207
 0.49976 13.1776
 0.49988 13.5251
 0.5 13.7637
 0.50012 13.8942
 0.50024 13.9181
 0.50036 13.8396
 0.50048 13.6658
 0.5006 13.4048
 0.50072 13.063
 0.50084 12.644
 0.50096 12.1506
 0.50108 11.5858
 0.5012 10.9579
 0.50132 10.2792
 0.50144 9.56296
 0.50156 8.8247
 0.50168 8.08112
 0.5018 7.34946
 0.50192 6.64711
 0.50204 5.9898
 0.50216 5.39174
 0.50228 4.86593
 0.5024 4.4236
 0.50252 4.07292
 0.50264 3.81957
 0.50276 3.66775
 0.50288 3.62279
 0.503 3.69024
 0.50312 3.87207
 0.50324 4.16401
 0.50336 4.55658
 0.50348 5.03748
 0.5036 5.59217
 0.50372 6.20508
 0.50384 6.85736
 0.50396 7.52998
 0.50408 8.20613
 0.5042 8.87103
 0.50432 9.50979
 0.50444 10.1081
 0.50456 10.6539
 0.50468 11.1374
 0.5048 11.5493
 0.50492 11.8791
 0.50504 12.1179
 0.50516 12.26
 0.50528 12.3039
 0.5054 12.2527
 0.50552 12.1098
 0.50564 11.8794
 0.50576 11.5686
 0.50588 11.1893
 0.506 10.7515
 0.50612 10.2616
 0.50624 9.72462
 0.50636 9.14564
 0.50648 8.52965
 0.5066 7.88048
 0.50672 7.20256
 0.50684 6.50088
 0.50696 5.77979
 0.50708 5.04215
 0.5072 4.28921
 0.50732 3.51926
 0.50744 2.72835
 0.50756 1.91508
 0.50768 1.07739
 0.5078 0.209413
 0.50792 -0.69551
 0.50804 -1.63913
 0.50816 -2.61685
 0.50828 -3.62023
 0.5084 -4.63999
 0.50852 -5.6666
 0.50864 -6.6913
 0.50876 -7.70677
 0.50888 -8.70448
 0.509 -9.67468
 0.50912 -10.6071
 0.50924 -11.4909
 0.50936 -12.3103
 0.50948 -13.0486
 0.5096 -13.6922
 0.50972 -14.2265
 0.50984 -14.6367
 0.50996 -14.9109
 0.51008 -15.0437
 0.5102 -15.0374
 0.51032 -14.9003
 0.51044 -14.6409
 0.51056 -14.2682
 0.51068 -13.7896
 0.5108 -13.2125
 0.51092 -12.5462
 0.51104 -11.8015
 0.51116 -10.9902
 0.51128 -10.126
 0.5114 -9.23055
 0.51152 -8.32522
 0.51164 -7.43026
 0.51176 -6.5659
 0.51188 -5.75079
 0.512 -5.00142
 0.51212 -4.33046
 0.51224 -3.7447
 0.51236 -3.24814
 0.51248 -2.8451
 0.5126 -2.54023
 0.51272 -2.33963
 0.51284 -2.25004
 0.51296 -2.27615
 0.51308 -2.41694
 0.5132 -2.66904
 0.51332 -3.02539
 0.51344 -3.47295
 0.51356 -3.99881
 0.51368 -4.59019
 0.5138 -5.23416
 0.51392 -5.91562
 0.51404 -6.61882
 0.51416 -7.32888
 0.51428 -8.03402
 0.5144 -8.72451
 0.51452 -9.38986
 0.51464 -10.0188
 0.51476 -10.5972
 0.51488 -11.1089
 0.515 -11.5424
 0.51512 -11.8952
 0.51524 -12.1673
 0.51536 -12.3622
 0.51548 -12.4857
 0.5156 -12.5438
 0.51572 -12.5421
 0.51584 -12.4881
 0.51596 -12.3943
 0.51608 -12.2739
 0.5162 -12.1404
 0.51632 -12.0006
 0.51644 -11.8557
 0.51656 -11.7077
 0.51668 -11.5594
 0.5168 -11.4176
 0.51692 -11.2916
 0.51704 -11.1858
 0.51716 -11.0979
 0.51728 -11.0241
 0.5174 -10.9592
 0.51752 -10.8974
 0.51764 -10.8336
 0.51776 -10.7616
 0.51788 -10.6747
 0.518 -10.5646
 0.51812 -10.4218
 0.51824 -10.236
 0.51836 -10.0098
 0.51848 -9.74988
 0.5186 -9.46305
 0.51872 -9.15501
 0.51884 -8.82673
 0.51896 -8.47418
 0.51908 -8.09543
 0.5192 -7.69121
 0.51932 -7.26274
 0.51944 -6.81126
 0.51956 -6.33828
 0.51968 -5.84831
 0.5198 -5.34793
 0.51992 -4.84091
 0.52004 -4.33053
 0.52016 -3.82364
 0.52028 -3.32705
 0.5204 -2.83838
 0.52052 -2.3537
 0.52064 -1.86911
 0.52076 -1.38257
 0.52088 -0.899251
 0.521 -0.428202
 0.52112 0.0225014
 0.52124 0.445769
 0.52136 0.835802
 0.52148 1.18712
 0.5216 1.49694
 0.52172 1.76823
 0.52184 2.00528
 0.52196 2.20985
 0.52208 2.38435
 0.5222 2.534
 0.52232 2.6626
 0.52244 2.76962
 0.52256 2.85352
 0.52268 2.91297
 0.5228 2.94983
 0.52292 2.96975
 0.52304 2.97621
 0.52316 2.97128
 0.52328 2.95454
 0.5234 2.92358
 0.52352 2.87456
 0.52364 2.80177
 0.52376 2.69769
 0.52388 2.55448
 0.524 2.36476
 0.52412 2.12121
 0.52424 1.81767
 0.52436 1.45156
 0.52448 1.02371
 0.5246 0.537052
 0.52472 -0.00763334
 0.52484 -0.612637
 0.52496 -1.2777
 0.52508 -1.99793
 0.5252 -2.7655
 0.52532 -3.56854
 0.52544 -4.39333
 0.52556 -5.22464
 0.52568 -6.05035
 0.5258 -6.85923
 0.52592 -7.63983
 0.52604 -8.38094
 0.52616 -9.07361
 0.52628 -9.7124
 0.5264 -10.2951
 0.52652 -10.8242
 0.52664 -11.3035
 0.52676 -11.7289
 0.52688 -12.0939
 0.527 -12.396
 0.52712 -12.6354
 0.52724 -12.8172
 0.52736 -12.9494
 0.52748 -13.043
 0.5276 -13.1095
 0.52772 -13.1574
 0.52784 -13.1947
 0.52796 -13.2304
 0.52808 -13.2726
 0.5282 -13.3271
 0.52832 -13.3984
 0.52844 -13.4877
 0.52856 -13.5917
 0.52868 -13.7065
 0.5288 -13.8373
 0.52892 -13.9868
 0.52904 -14.1553
 0.52916 -14.3416
 0.52928 -14.541
 0.5294 -14.7465
 0.52952 -14.9473
 0.52964 -15.1326
 0.52976 -15.292
 0.52988 -15.4139
 0.53 -15.4846
 0.53012 -15.491
 0.53024 -15.4185
 0.53036 -15.2531
 0.53048 -14.9835
 0.5306 -14.6026
 0.53072 -14.1084
 0.53084 -13.4998
 0.53096 -12.78
 0.53108 -11.9529
 0.5312 -11.0242
 0.53132 -10.0007
 0.53144 -8.89048
 0.53156 -7.704
 0.53168 -6.45132
 0.5318 -5.14298
 0.53192 -3.79482
 0.53204 -2.4262
 0.53216 -1.05753
 0.53228 0.287936
 0.5324 1.58641
 0.53252 2.81544
 0.53264 3.95802
 0.53276 5.00565
 0.53288 5.95369
 0.533 6.79767
 0.53312 7.53372
 0.53324 8.16022
 0.53336 8.67439
 0.53348 9.07387
 0.5336 9.35515
 0.53372 9.51175
 0.53384 9.53649
 0.53396 9.4306
 0.53408 9.19849
 0.5342 8.84584
 0.53432 8.38154
 0.53444 7.81484
 0.53456 7.15438
 0.53468 6.40499
 0.5348 5.56736
 0.53492 4.64325
 0.53504 3.63657
 0.53516 2.55045
 0.53528 1.38702
 0.5354 0.149768
 0.53552 -1.15762
 0.53564 -2.52746
 0.53576 -3.93818
 0.53588 -5.36412
 0.536 -6.7852
 0.53612 -8.18315
 0.53624 -9.54087
 0.53636 -10.8416
 0.53648 -12.0678
 0.5366 -13.2018
 0.53672 -14.2271
 0.53684 -15.1275
 0.53696 -15.8907
 0.53708 -16.5081
 0.5372 -16.9707
 0.53732 -17.2697
 0.53744 -17.396
 0.53756 -17.3413
 0.53768 -17.1051
 0.5378 -16.7093
 0.53792 -16.1794
 0.53804 -15.5389
 0.53816 -14.8109
 0.53828 -14.0182
 0.5384 -13.1866
 0.53852 -12.342
 0.53864 -11.5054
 0.53876 -10.6924
 0.53888 -9.91645
 0.539 -9.18625
 0.53912 -8.50772
 0.53924 -7.88654
 0.53936 -7.32881
 0.53948 -6.84088
 0.5396 -6.42968
 0.53972 -6.0939
 0.53984 -5.81976
 0.53996 -5.59272
 0.54008 -5.39841
 0.5402 -5.2223
 0.54032 -5.04883
 0.54044 -4.86085
 0.54056 -4.64538
 0.54068 -4.3997
 0.5408 -4.12742
 0.54092 -3.83343
 0.54104 -3.52438
 0.54116 -3.20736
 0.54128 -2.88923
 0.5414 -2.57641
 0.54152 -2.27449
 0.54164 -1.98615
 0.54176 -1.71471
 0.54188 -1.46522
 0.542 -1.2432
 0.54212 -1.05488
 0.54224 -0.907004
 0.54236 -0.807174
 0.54248 -0.76196
 0.5426 -0.770698
 0.54272 -0.825518
 0.54284 -0.91484
 0.54296 -1.02629
 0.54308 -1.14943
 0.5432 -1.27391
 0.54332 -1.38875
 0.54344 -1.48236
 0.54356 -1.54488
 0.54368 -1.57175
 0.5438 -1.56163
 0.54392 -1.51298
 0.54404 -1.42285
 0.54416 -1.28796
 0.54428 -1.10457
 0.5444 -0.868149
 0.54452 -0.576156
 0.54464 -0.229229
 0.54476 0.170003
 0.54488 0.615049
 0.545 1.0987
 0.54512 1.61511
 0.54524 2.15699
 0.54536 2.71232
 0.54548 3.26676
 0.5456 3.80803
 0.54572 4.32865
 0.54584 4.82279
 0.54596 5.2842
 0.54608 5.70659
 0.5462 6.08425
 0.54632 6.41108
 0.54644 6.68082
 0.54656 6.8877
 0.54668 7.02573
 0.5468 7.09158
 0.54692 7.08574
 0.54704 7.00982
 0.54716 6.86594
 0.54728 6.65927
 0.5474 6.40272
 0.54752 6.10981
 0.54764 5.79265
 0.54776 5.46146
 0.54788 5.12605
 0.548 4.79515
 0.54812 4.47572
 0.54824 4.17482
 0.54836 3.89868
 0.54848 3.65297
 0.5486 3.44359
 0.54872 3.27589
 0.54884 3.15165
 0.54896 3.06997
 0.54908 3.02769
 0.5492 3.02123
 0.54932 3.04488
 0.54944 3.09085
 0.54956 3.15301
 0.54968 3.2255
 0.5498 3.30174
 0.54992 3.37521
 0.55004 3.44127
 0.55016 3.49595
 0.55028 3.53556
 0.5504 3.55844
 0.55052 3.5634
 0.55064 3.5488
 0.55076 3.51399
 0.55088 3.45981
 0.551 3.39038
 0.55112 3.31165
 0.55124 3.22889
 0.55136 3.14526
 0.55148 3.06079
 0.5516 2.97542
 0.55172 2.88954
 0.55184 2.80589
 0.55196 2.72734
 0.55208 2.65585
 0.5522 2.5926
 0.55232 2.53689
 0.55244 2.48617
 0.55256 2.43857
 0.55268 2.39419
 0.5528 2.3533
 0.55292 2.31571
 0.55304 2.27869
 0.55316 2.23874
 0.55328 2.19348
 0.5534 2.14339
 0.55352 2.08942
 0.55364 2.03135
 0.55376 1.96796
 0.55388 1.89525
 0.554 1.8096
 0.55412 1.70911
 0.55424 1.59596
 0.55436 1.47616
 0.55448 1.35689
 0.5546 1.24271
 0.55472 1.13582
 0.55484 1.03835
 0.55496 0.95324
 0.55508 0.884451
 0.5552 0.836972
 0.55532 0.816086
 0.55544 0.827641
 0.55556 0.879023
 0.55568 0.978044
 0.5558 1.13355
 0.55592 1.35624
 0.55604 1.65543
 0.55616 2.03503
 0.55628 2.4897
 0.5564 3.00992
 0.55652 3.58608
 0.55664 4.21097
 0.55676 4.87767
 0.55688 5.57739
 0.557 6.30042
 0.55712 7.03614
 0.55724 7.77226
 0.55736 8.49412
 0.55748 9.1852
 0.5576 9.82837
 0.55772 10.4076
 0.55784 10.9072
 0.55796 11.3109
 0.55808 11.6052
 0.5582 11.7869
 0.55832 11.8618
 0.55844 11.8371
 0.55856 11.7194
 0.55868 11.5137
 0.5588 11.2269
 0.55892 10.8685
 0.55904 10.4479
 0.55916 9.97429
 0.55928 9.46073
 0.5594 8.92232
 0.55952 8.3745
 0.55964 7.83167
 0.55976 7.30524
 0.55988 6.80515
 0.56 6.33944
 0.56012 5.91029
 0.56024 5.50836
 0.56036 5.12025
 0.56048 4.73367
 0.5606 4.33978
 0.56072 3.93155
 0.56084 3.50038
 0.56096 3.0365
 0.56108 2.53288
 0.5612 1.98163
 0.56132 1.37087
 0.56144 0.690624
 0.56156 -0.0666547
 0.56168 -0.905152
 0.5618 -1.82609
 0.56192 -2.82861
 0.56204 -3.90744
 0.56216 -5.04756
 0.56228 -6.22241
 0.5624 -7.40401
 0.56252 -8.56787
 0.56264 -9.69439
 0.56276 -10.7664
 0.56288 -11.7673
 0.563 -12.6825
 0.56312 -13.5007
 0.56324 -14.2088
 0.56336 -14.7932
 0.56348 -15.2461
 0.5636 -15.5634
 0.56372 -15.7452
 0.56384 -15.7933
 0.56396 -15.7116
 0.56408 -15.5078
 0.5642 -15.2016
 0.56432 -14.8221
 0.56444 -14.3981
 0.56456 -13.9546
 0.56468 -13.5129
 0.5648 -13.0913
 0.56492 -12.702
 0.56504 -12.3511
 0.56516 -12.0427
 0.56528 -11.7809
 0.5654 -11.567
 0.56552 -11.3985
 0.56564 -11.2694
 0.56576 -11.1707
 0.56588 -11.0928
 0.566 -11.0251
 0.56612 -10.9549
 0.56624 -10.8612
 0.56636 -10.7192
 0.56648 -10.5056
 0.5666 -10.1999
 0.56672 -9.78413
 0.56684 -9.2451
 0.56696 -8.58109
 0.56708 -7.79548
 0.5672 -6.89271
 0.56732 -5.87896
 0.56744 -4.76402
 0.56756 -3.55906
 0.56768 -2.27747
 0.5678 -0.933989
 0.56792 0.456358
 0.56804 1.87818
 0.56816 3.31405
 0.56828 4.74346
 0.5684 6.14259
 0.56852 7.49014
 0.56864 8.76482
 0.56876 9.94573
 0.56888 11.0177
 0.569 11.9726
 0.56912 12.8004
 0.56924 13.4911
 0.56936 14.0381
 0.56948 14.4387
 0.5696 14.6905
 0.56972 14.7929
 0.56984 14.7457
 0.56996 14.5488
 0.57008 14.2049
 0.5702 13.7206
 0.57032 13.1058
 0.57044 12.3747
 0.57056 11.5422
 0.57068 10.6272
 0.5708 9.64971
 0.57092 8.62653
 0.57104 7.57615
 0.57116 6.52225
 0.57128 5.48747
 0.5714 4.49064
 0.57152 3.54771
 0.57164 2.67359
 0.57176 1.88201
 0.57188 1.18555
 0.572 0.596354
 0.57212 0.120225
 0.57224 -0.240659
 0.57236 -0.487985
 0.57248 -0.627363
 0.5726 -0.669769
 0.57272 -0.629847
 0.57284 -0.522041
 0.57296 -0.360369
 0.57308 -0.161255
 0.5732 0.0581886
 0.57332 0.282578
 0.57344 0.498321
 0.57356 0.693639
 0.57368 0.858316
 0.5738 0.983157
 0.57392 1.06043
 0.57404 1.08407
 0.57416 1.05273
 0.57428 0.966287
 0.5744 0.82764
 0.57452 0.644527
 0.57464 0.428485
 0.57476 0.191185
 0.57488 -0.0571824
 0.575 -0.307076
 0.57512 -0.55093
 0.57524 -0.784575
 0.57536 -1.00405
 0.57548 -1.20459
 0.5756 -1.38044
 0.57572 -1.52734
 0.57584 -1.6406
 0.57596 -1.71656
 0.57608 -1.75273
 0.5762 -1.74819
 0.57632 -1.70328
 0.57644 -1.6219
 0.57656 -1.51182
 0.57668 -1.38072
 0.5768 -1.23477
 0.57692 -1.07927
 0.57704 -0.918507
 0.57716 -0.753289
 0.57728 -0.581029
 0.5774 -0.400523
 0.57752 -0.213937
 0.57764 -0.0262672
 0.57776 0.156917
 0.57788 0.328339
 0.578 0.478186
 0.57812 0.596552
 0.57824 0.67704
 0.57836 0.716081
 0.57848 0.712948
 0.5786 0.667749
 0.57872 0.577845
 0.57884 0.440314
 0.57896 0.253912
 0.57908 0.0165645
 0.5792 -0.276674
 0.57932 -0.633131
 0.57944 -1.05879
 0.57956 -1.55652
 0.57968 -2.12556
 0.5798 -2.76386
 0.57992 -3.46438
 0.58004 -4.21338
 0.58016 -4.99821
 0.58028 -5.81208
 0.5804 -6.64994
 0.58052 -7.50755
 0.58064 -8.37696
 0.58076 -9.24388
 0.58088 -10.097
 0.581 -10.9273
 0.58112 -11.7247
 0.58124 -12.4748
 0.58136 -13.1598
 0.58148 -13.7631
 0.5816 -14.2719
 0.58172 -14.6778
 0.58184 -14.974
 0.58196 -15.1614
 0.58208 -15.246
 0.5822 -15.2316
 0.58232 -15.1191
 0.58244 -14.9093
 0.58256 -14.6037
 0.58268 -14.2141
 0.5828 -13.7581
 0.58292 -13.2487
 0.58304 -12.6977
 0.58316 -12.1189
 0.58328 -11.5345
 0.5834 -10.9692
 0.58352 -10.4427
 0.58364 -9.96848
 0.58376 -9.55513
 0.58388 -9.20902
 0.584 -8.93119
 0.58412 -8.72165
 0.58424 -8.58097
 0.58436 -8.50953
 0.58448 -8.50788
 0.5846 -8.57431
 0.58472 -8.69737
 0.58484 -8.86476
 0.58496 -9.06782
 0.58508 -9.29846
 0.5852 -9.54401
 0.58532 -9.78378
 0.58544 -9.99932
 0.58556 -10.1783
 0.58568 -10.3136
 0.5858 -10.4006
 0.58592 -10.4372
 0.58604 -10.4224
 0.58616 -10.3553
 0.58628 -10.2344
 0.5864 -10.0577
 0.58652 -9.82203
 0.58664 -9.52591
 0.58676 -9.17075
 0.58688 -8.75699
 0.587 -8.28412
 0.58712 -7.75338
 0.58724 -7.17127
 0.58736 -6.54761
 0.58748 -5.88914
 0.5876 -5.19971
 0.58772 -4.48343
 0.58784 -3.74472
 0.58796 -2.98707
 0.58808 -2.2134
 0.5882 -1.42693
 0.58832 -0.635859
 0.58844 0.147927
 0.58856 0.91141
 0.58868 1.64226
 0.5888 2.32845
 0.58892 2.95802
 0.58904 3.52337
 0.58916 4.02146
 0.58928 4.45228
 0.5894 4.81696
 0.58952 5.11579
 0.58964 5.34753
 0.58976 5.51526
 0.58988 5.62466
 0.59 5.67979
 0.59012 5.68187
 0.59024 5.63378
 0.59036 5.54836
 0.59048 5.44264
 0.5906 5.33208
 0.59072 5.23041
 0.59084 5.15104
 0.59096 5.10609
 0.59108 5.09933
 0.5912 5.13125
 0.59132 5.2016
 0.59144 5.30975
 0.59156 5.45589
 0.59168 5.64243
 0.5918 5.86541
 0.59192 6.12068
 0.59204 6.41022
 0.59216 6.74034
 0.59228 7.11338
 0.5924 7.52182
 0.59252 7.95697
 0.59264 8.4142
 0.59276 8.89039
 0.59288 9.38276
 0.593 9.89092
 0.59312 10.4203
 0.59324 10.9759
 0.59336 11.5589
 0.59348 12.1675
 0.5936 12.7971
 0.59372 13.4424
 0.59384 14.1006
 0.59396 14.7644
 0.59408 15.419
 0.5942 16.0476
 0.59432 16.6393
 0.59444 17.1887
 0.59456 17.6893
 0.59468 18.1322
 0.5948 18.5084
 0.59492 18.8092
 0.59504 19.0216
 0.59516 19.1306
 0.59528 19.1257
 0.5954 19.0054
 0.59552 18.7727
 0.59564 18.434
 0.59576 17.9974
 0.59588 17.4724
 0.596 16.873
 0.59612 16.2164
 0.59624 15.5204
 0.59636 14.7998
 0.59648 14.0675
 0.5966 13.3371
 0.59672 12.6223
 0.59684 11.9328
 0.59696 11.2765
 0.59708 10.6691
 0.5972 10.1257
 0.59732 9.6574
 0.59744 9.26959
 0.59756 8.96495
 0.59768 8.74322
 0.5978 8.6004
 0.59792 8.53112
 0.59804 8.52888
 0.59816 8.58605
 0.59828 8.6918
 0.5984 8.83514
 0.59852 9.00591
 0.59864 9.19401
 0.59876 9.39007
 0.59888 9.59398
 0.599 9.80443
 0.59912 10.0129
 0.59924 10.2091
 0.59936 10.3818
 0.59948 10.5201
 0.5996 10.6141
 0.59972 10.6573
 0.59984 10.6477
 0.59996 10.5839
 0.60008 10.4646
 0.6002 10.2895
 0.60032 10.0607
 0.60044 9.78089
 0.60056 9.45159
 0.60068 9.07546
 0.6008 8.65372
 0.60092 8.18117
 0.60104 7.65803
 0.60116 7.091
 0.60128 6.49032
 0.6014 5.86828
 0.60152 5.23752
 0.60164 4.61052
 0.60176 3.99536
 0.60188 3.39649
 0.602 2.81805
 0.60212 2.26433
 0.60224 1.74074
 0.60236 1.2525
 0.60248 0.80421
 0.6026 0.399935
 0.60272 0.0408141
 0.60284 -0.272016
 0.60296 -0.536765
 0.60308 -0.760136
 0.6032 -0.952617
 0.60332 -1.12388
 0.60344 -1.28366
 0.60356 -1.44273
 0.60368 -1.61153
 0.6038 -1.79725
 0.60392 -2.00513
 0.60404 -2.24064
 0.60416 -2.51009
 0.60428 -2.82159
 0.6044 -3.18239
 0.60452 -3.59824
 0.60464 -4.07071
 0.60476 -4.59694
 0.60488 -5.17356
 0.605 -5.79729
 0.60512 -6.45827
 0.60524 -7.14642
 0.60536 -7.85548
 0.60548 -8.57901
 0.6056 -9.30799
 0.60572 -10.0325
 0.60584 -10.7443
 0.60596 -11.4366
 0.60608 -12.0998
 0.6062 -12.7218
 0.60632 -13.2895
 0.60644 -13.7903
 0.60656 -14.2153
 0.60668 -14.5611
 0.6068 -14.827
 0.60692 -15.0099
 0.60704 -15.0989
 0.60716 -15.0875
 0.60728 -14.9688
 0.6074 -14.734
 0.60752 -14.3752
 0.60764 -13.8892
 0.60776 -13.2761
 0.60788 -12.5336
 0.608 -11.6604
 0.60812 -10.6648
 0.60824 -9.56034
 0.60836 -8.36244
 0.60848 -7.08582
 0.6086 -5.7418
 0.60872 -4.33966
 0.60884 -2.88881
 0.60896 -1.40707
 0.60908 0.0758862
 0.6092 1.53406
 0.60932 2.94157
 0.60944 4.27186
 0.60956 5.49907
 0.60968 6.60208
 0.6098 7.56149
 0.60992 8.35662
 0.61004 8.97213
 0.61016 9.40483
 0.61028 9.65677
 0.6104 9.73003
 0.61052 9.6255
 0.61064 9.3434
 0.61076 8.88597
 0.61088 8.25664
 0.611 7.46795
 0.61112 6.53934
 0.61124 5.48911
 0.61136 4.33562
 0.61148 3.09824
 0.6116 1.7988
 0.61172 0.458711
 0.61184 -0.899824
 0.61196 -2.25419
 0.61208 -3.58419
 0.6122 -4.87386
 0.61232 -6.1078
 0.61244 -7.26758
 0.61256 -8.33471
 0.61268 -9.29202
 0.6128 -10.1252
 0.61292 -10.8191
 0.61304 -11.3627
 0.61316 -11.7482
 0.61328 -11.9687
 0.6134 -12.0178
 0.61352 -11.8918
 0.61364 -11.5908
 0.61376 -11.1174
 0.61388 -10.4748
 0.614 -9.67239
 0.61412 -8.72603
 0.61424 -7.65405
 0.61436 -6.47814
 0.61448 -5.22162
 0.6146 -3.9073
 0.61472 -2.55644
 0.61484 -1.1903
 0.61496 0.165233
 0.61508 1.48588
 0.6152 2.74969
 0.61532 3.93628
 0.61544 5.02559
 0.61556 5.99891
 0.61568 6.83928
 0.6158 7.53005
 0.61592 8.0564
 0.61604 8.41453
 0.61616 8.60883
 0.61628 8.64674
 0.6164 8.53792
 0.61652 8.29255
 0.61664 7.92085
 0.61676 7.43265
 0.61688 6.84097
 0.617 6.16564
 0.61712 5.42426
 0.61724 4.63375
 0.61736 3.81014
 0.61748 2.97166
 0.6176 2.1385
 0.61772 1.33197
 0.61784 0.576306
 0.61796 -0.107218
 0.61808 -0.705463
 0.6182 -1.2102
 0.61832 -1.61439
 0.61844 -1.91191
 0.61856 -2.09781
 0.61868 -2.16723
 0.6188 -2.11562
 0.61892 -1.94311
 0.61904 -1.65319
 0.61916 -1.24722
 0.61928 -0.72809
 0.6194 -0.0986198
 0.61952 0.633327
 0.61964 1.45572
 0.61976 2.35269
 0.61988 3.30406
 0.62 4.29225
 0.62012 5.30465
 0.62024 6.33081
 0.62036 7.36055
 0.62048 8.38443
 0.6206 9.39367
 0.62072 10.3793
 0.62084 11.3334
 0.62096 12.2522
 0.62108 13.1309
 0.6212 13.9641
 0.62132 14.7476
 0.62144 15.4773
 0.62156 16.1545
 0.62168 16.7852
 0.6218 17.3777
 0.62192 17.9425
 0.62204 18.4867
 0.62216 19.0125
 0.62228 19.5203
 0.6224 20.0104
 0.62252 20.4833
 0.62264 20.9389
 0.62276 21.3773
 0.62288 21.7926
 0.623 22.1735
 0.62312 22.5097
 0.62324 22.7907
 0.62336 23.0068
 0.62348 23.1476
 0.6236 23.1997
 0.62372 23.1485
 0.62384 22.9818
 0.62396 22.6872
 0.62408 22.2575
 0.6242 21.691
 0.62432 20.9864
 0.62444 20.142
 0.62456 19.1559
 0.62468 18.0263
 0.6248 16.7565
 0.62492 15.3643
 0.62504 13.8735
 0.62516 12.31
 0.62528 10.6983
 0.6254 9.06215
 0.62552 7.42538
 0.62564 5.81283
 0.62576 4.24677
 0.62588 2.74756
 0.626 1.33394
 0.62612 0.0195932
 0.62624 -1.18166
 0.62636 -2.25519
 0.62648 -3.18618
 0.6266 -3.95965
 0.62672 -4.56214
 0.62684 -4.99368
 0.62696 -5.2677
 0.62708 -5.40203
 0.6272 -5.41563
 0.62732 -5.3257
 0.62744 -5.14911
 0.62756 -4.903
 0.62768 -4.60439
 0.6278 -4.26894
 0.62792 -3.91226
 0.62804 -3.54872
 0.62816 -3.19349
 0.62828 -2.86574
 0.6284 -2.58357
 0.62852 -2.3643
 0.62864 -2.22491
 0.62876 -2.17754
 0.62888 -2.22175
 0.629 -2.35293
 0.62912 -2.56466
 0.62924 -2.85016
 0.62936 -3.20371
 0.62948 -3.61956
 0.6296 -4.09187
 0.62972 -4.61433
 0.62984 -5.18049
 0.62996 -5.78094
 0.63008 -6.40208
 0.6302 -7.0256
 0.63032 -7.63219
 0.63044 -8.20589
 0.63056 -8.73355
 0.63068 -9.20339
 0.6308 -9.60921
 0.63092 -9.94862
 0.63104 -10.2185
 0.63116 -10.4188
 0.63128 -10.5491
 0.6314 -10.607
 0.63152 -10.5892
 0.63164 -10.4933
 0.63176 -10.3189
 0.63188 -10.0671
 0.632 -9.744
 0.63212 -9.363
 0.63224 -8.94036
 0.63236 -8.4911
 0.63248 -8.02523
 0.6326 -7.54758
 0.63272 -7.06114
 0.63284 -6.56584
 0.63296 -6.06301
 0.63308 -5.5535
 0.6332 -5.03628
 0.63332 -4.51388
 0.63344 -3.99289
 0.63356 -3.48052
 0.63368 -2.98189
 0.6338 -2.49874
 0.63392 -2.03452
 0.63404 -1.59105
 0.63416 -1.16546
 0.63428 -0.753204
 0.6344 -0.350894
 0.63452 0.0361596
 0.63464 0.396491
 0.63476 0.717523
 0.63488 0.985749
 0.635 1.18929
 0.63512 1.31562
 0.63524 1.35523
 0.63536 1.30316
 0.63548 1.15727
 0.6356 0.916669
 0.63572 0.577881
 0.63584 0.138762
 0.63596 -0.394813
 0.63608 -1.0149
 0.6362 -1.7165
 0.63632 -2.49696
 0.63644 -3.35083
 0.63656 -4.26058
 0.63668 -5.20624
 0.6368 -6.16781
 0.63692 -7.12526
 0.63704 -8.05888
 0.63716 -8.95045
 0.63728 -9.78453
 0.6374 -10.5477
 0.63752 -11.2282
 0.63764 -11.8149
 0.63776 -12.2959
 0.63788 -12.6654
 0.638 -12.9266
 0.63812 -13.086
 0.63824 -13.1461
 0.63836 -13.1068
 0.63848 -12.9731
 0.6386 -12.7555
 0.63872 -12.4607
 0.63884 -12.0947
 0.63896 -11.6638
 0.63908 -11.1745
 0.6392 -10.6324
 0.63932 -10.043
 0.63944 -9.4108
 0.63956 -8.74045
 0.63968 -8.0384
 0.6398 -7.31423
 0.63992 -6.57389
 0.64004 -5.81625
 0.64016 -5.0394
 0.64028 -4.24494
 0.6404 -3.43593
 0.64052 -2.61358
 0.64064 -1.78356
 0.64076 -0.956435
 0.64088 -0.143025
 0.641 0.647418
 0.64112 1.4066
 0.64124 2.12657
 0.64136 2.80054
 0.64148 3.42217
 0.6416 3.98653
 0.64172 4.49411
 0.64184 4.95119
 0.64196 5.36367
 0.64208 5.73372
 0.6422 6.06464
 0.64232 6.36047
 0.64244 6.62641
 0.64256 6.86889
 0.64268 7.09793
 0.6428 7.32621
 0.64292 7.56621
 0.64304 7.82721
 0.64316 8.1171
 0.64328 8.44096
 0.6434 8.79998
 0.64352 9.19334
 0.64364 9.61816
 0.64376 10.0669
 0.64388 10.5294
 0.644 10.9959
 0.64412 11.4575
 0.64424 11.9057
 0.64436 12.3326
 0.64448 12.7291
 0.6446 13.0871
 0.64472 13.3977
 0.64484 13.6481
 0.64496 13.8261
 0.64508 13.9243
 0.6452 13.9371
 0.64532 13.8649
 0.64544 13.7123
 0.64556 13.4884
 0.64568 13.2024
 0.6458 12.8625
 0.64592 12.4761
 0.64604 12.0499
 0.64616 11.5895
 0.64628 11.0988
 0.6464 10.5811
 0.64652 10.0407
 0.64664 9.48051
 0.64676 8.90658
 0.64688 8.32954
 0.647 7.75783
 0.64712 7.19378
 0.64724 6.63949
 0.64736 6.09281
 0.64748 5.54788
 0.6476 4.99379
 0.64772 4.42445
 0.64784 3.83897
 0.64796 3.23692
 0.64808 2.61903
 0.6482 1.98794
 0.64832 1.34758
 0.64844 0.702609
 0.64856 0.0568785
 0.64868 -0.586178
 0.6488 -1.22626
 0.64892 -1.86503
 0.64904 -2.49939
 0.64916 -3.12325
 0.64928 -3.73249
 0.6494 -4.31885
 0.64952 -4.8681
 0.64964 -5.36326
 0.64976 -5.7948
 0.64988 -6.15778
 0.65 -6.44676
 0.65012 -6.65788
 0.65024 -6.78821
 0.65036 -6.8361
 0.65048 -6.80048
 0.6506 -6.67952
 0.65072 -6.47101
 0.65084 -6.17212
 0.65096 -5.78073
 0.65108 -5.29927
 0.6512 -4.73009
 0.65132 -4.07594
 0.65144 -3.35107
 0.65156 -2.57871
 0.65168 -1.78254
 0.6518 -0.980741
 0.65192 -0.188763
 0.65204 0.578595
 0.65216 1.30753
 0.65228 1.98531
 0.6524 2.60165
 0.65252 3.14547
 0.65264 3.60369
 0.65276 3.96378
 0.65288 4.21466
 0.653 4.34754
 0.65312 4.35704
 0.65324 4.23943
 0.65336 3.99548
 0.65348 3.6438
 0.6536 3.20848
 0.65372 2.71282
 0.65384 2.17683
 0.65396 1.61618
 0.65408 1.04597
 0.6542 0.480422
 0.65432 -0.0696777
 0.65444 -0.59543
 0.65456 -1.08257
 0.65468 -1.51466
 0.6548 -1.87771
 0.65492 -2.16132
 0.65504 -2.35761
 0.65516 -2.46069
 0.65528 -2.46687
 0.6554 -2.37855
 0.65552 -2.20929
 0.65564 -1.97253
 0.65576 -1.68055
 0.65588 -1.34145
 0.656 -0.960933
 0.65612 -0.547063
 0.65624 -0.106267
 0.65636 0.358447
 0.65648 0.840962
 0.6566 1.32796
 0.65672 1.80529
 0.65684 2.26483
 0.65696 2.7028
 0.65708 3.11352
 0.6572 3.48852
 0.65732 3.82011
 0.65744 4.10385
 0.65756 4.337
 0.65768 4.51519
 0.6578 4.63148
 0.65792 4.67683
 0.65804 4.64405
 0.65816 4.52824
 0.65828 4.32317
 0.6584 4.02277
 0.65852 3.62574
 0.65864 3.13637
 0.65876 2.55866
 0.65888 1.88882
 0.659 1.12167
 0.65912 0.260532
 0.65924 -0.687067
 0.65936 -1.71374
 0.65948 -2.8129
 0.6596 -3.97654
 0.65972 -5.19358
 0.65984 -6.45031
 0.65996 -7.73221
 0.66008 -9.02174
 0.6602 -10.2985
 0.66032 -11.5426
 0.66044 -12.7351
 0.66056 -13.8599
 0.66068 -14.9052
 0.6608 -15.8582
 0.66092 -16.7016
 0.66104 -17.4214
 0.66116 -18.0113
 0.66128 -18.4665
 0.6614 -18.782
 0.66152 -18.9502
 0.66164 -18.9665
 0.66176 -18.8287
 0.66188 -18.5366
 0.662 -18.0972
 0.66212 -17.5294
 0.66224 -16.856
 0.66236 -16.0991
 0.66248 -15.2808
 0.6626 -14.4216
 0.66272 -13.5399
 0.66284 -12.6541
 0.66296 -11.7817
 0.66308 -10.9325
 0.6632 -10.1121
 0.66332 -9.32595
 0.66344 -8.58134
 0.66356 -7.88973
 0.66368 -7.26093
 0.6638 -6.70391
 0.66392 -6.22507
 0.66404 -5.81847
 0.66416 -5.47009
 0.66428 -5.16489
 0.6644 -4.88822
 0.66452 -4.62608
 0.66464 -4.36527
 0.66476 -4.09397
 0.66488 -3.80276
 0.665 -3.48906
 0.66512 -3.15983
 0.66524 -2.82386
 0.66536 -2.48952
 0.66548 -2.16217
 0.6656 -1.84433
 0.66572 -1.53806
 0.66584 -1.246
 0.66596 -0.97416
 0.66608 -0.735194
 0.6662 -0.539637
 0.66632 -0.397491
 0.66644 -0.317273
 0.66656 -0.305364
 0.66668 -0.365334
 0.6668 -0.496007
 0.66692 -0.690794
 0.66704 -0.936959
 0.66716 -1.21707
 0.66728 -1.51286
 0.6674 -1.80679
 0.66752 -2.0831
 0.66764 -2.32757
 0.66776 -2.52603
 0.66788 -2.66346
 0.668 -2.72227
 0.66812 -2.6873
 0.66824 -2.54795
 0.66836 -2.29462
 0.66848 -1.92125
 0.6686 -1.42399
 0.66872 -0.805744
 0.66884 -0.0773311
 0.66896 0.747787
 0.66908 1.65591
 0.6692 2.6321
 0.66932 3.65746
 0.66944 4.7128
 0.66956 5.77924
 0.66968 6.83816
 0.6698 7.86991
 0.66992 8.85388
 0.67004 9.76897
 0.67016 10.5978
 0.67028 11.3245
 0.6704 11.9365
 0.67052 12.4241
 0.67064 12.7767
 0.67076 12.9888
 0.67088 13.0599
 0.671 12.988
 0.67112 12.7714
 0.67124 12.4113
 0.67136 11.9174
 0.67148 11.301
 0.6716 10.5753
 0.67172 9.75547
 0.67184 8.85777
 0.67196 7.90063
 0.67208 6.90219
 0.6722 5.88259
 0.67232 4.85979
 0.67244 3.84869
 0.67256 2.86353
 0.67268 1.92427
 0.6728 1.05149
 0.67292 0.265241
 0.67304 -0.414758
 0.67316 -0.971519
 0.67328 -1.3931
 0.6734 -1.67564
 0.67352 -1.8172
 0.67364 -1.82023
 0.67376 -1.69107
 0.67388 -1.43786
 0.674 -1.07085
 0.67412 -0.602178
 0.67424 -0.0475099
 0.67436 0.579863
 0.67448 1.26726
 0.6746 2.00163
 0.67472 2.76353
 0.67484 3.53067
 0.67496 4.27971
 0.67508 4.98964
 0.6752 5.6424
 0.67532 6.22343
 0.67544 6.72183
 0.67556 7.12796
 0.67568 7.43751
 0.6758 7.64938
 0.67592 7.76358
 0.67604 7.78063
 0.67616 7.70294
 0.67628 7.53393
 0.6764 7.27702
 0.67652 6.93667
 0.67664 6.51809
 0.67676 6.03027
 0.67688 5.48625
 0.677 4.90107
 0.67712 4.28828
 0.67724 3.66061
 0.67736 3.02962
 0.67748 2.40882
 0.6776 1.8111
 0.67772 1.24651
 0.67784 0.724369
 0.67796 0.254804
 0.67808 -0.150739
 0.6782 -0.480295
 0.67832 -0.721824
 0.67844 -0.864934
 0.67856 -0.900965
 0.67868 -0.82274
 0.6788 -0.628013
 0.67892 -0.321172
 0.67904 0.0911231
 0.67916 0.602525
 0.67928 1.20706
 0.6794 1.89657
 0.67952 2.6575
 0.67964 3.47681
 0.67976 4.34149
 0.67988 5.2389
 0.68 6.15461
 0.68012 7.07057
 0.68024 7.96786
 0.68036 8.82817
 0.68048 9.63615
 0.6806 10.3791
 0.68072 11.0466
 0.68084 11.6371
 0.68096 12.156
 0.68108 12.6071
 0.6812 12.9927
 0.68132 13.3141
 0.68144 13.5776
 0.68156 13.7925
 0.68168 13.9686
 0.6818 14.1144
 0.68192 14.2362
 0.68204 14.3436
 0.68216 14.4493
 0.68228 14.5659
 0.6824 14.7025
 0.68252 14.8607
 0.68264 15.0386
 0.68276 15.2314
 0.68288 15.425
 0.683 15.6044
 0.68312 15.7593
 0.68324 15.8825
 0.68336 15.9666
 0.68348 16.0017
 0.6836 15.977
 0.68372 15.8803
 0.68384 15.7028
 0.68396 15.4382
 0.68408 15.0774
 0.6842 14.6101
 0.68432 14.0282
 0.68444 13.3316
 0.68456 12.5318
 0.68468 11.6428
 0.6848 10.6791
 0.68492 9.6582
 0.68504 8.59653
 0.68516 7.50878
 0.68528 6.40801
 0.6854 5.30738
 0.68552 4.22048
 0.68564 3.16224
 0.68576 2.14889
 0.68588 1.19373
 0.686 0.309501
 0.68612 -0.49031
 0.68624 -1.19262
 0.68636 -1.78747
 0.68648 -2.27385
 0.6866 -2.66073
 0.68672 -2.95512
 0.68684 -3.15742
 0.68696 -3.26765
 0.68708 -3.29193
 0.6872 -3.23891
 0.68732 -3.11699
 0.68744 -2.93454
 0.68756 -2.70007
 0.68768 -2.42506
 0.6878 -2.12568
 0.68792 -1.81842
 0.68804 -1.51982
 0.68816 -1.24641
 0.68828 -1.01428
 0.6884 -0.838495
 0.68852 -0.727057
 0.68864 -0.683642
 0.68876 -0.71945
 0.68888 -0.856305
 0.689 -1.1138
 0.68912 -1.50097
 0.68924 -2.02493
 0.68936 -2.69341
 0.68948 -3.51463
 0.6896 -4.49664
 0.68972 -5.6357
 0.68984 -6.91461
 0.68996 -8.31439
 0.69008 -9.81596
 0.6902 -11.4002
 0.69032 -13.0476
 0.69044 -14.7374
 0.69056 -16.4536
 0.69068 -18.1808
 0.6908 -19.8937
 0.69092 -21.5566
 0.69104 -23.1381
 0.69116 -24.6121
 0.69128 -25.952
 0.6914 -27.1284
 0.69152 -28.1112
 0.69164 -28.8711
 0.69176 -29.4022
 0.69188 -29.7131
 0.692 -29.814
 0.69212 -29.7149
 0.69224 -29.4264
 0.69236 -28.9599
 0.69248 -28.3274
 0.6926 -27.539
 0.69272 -26.6054
 0.69284 -25.5467
 0.69296 -24.3899
 0.69308 -23.16
 0.6932 -21.8815
 0.69332 -20.581
 0.69344 -19.2883
 0.69356 -18.0328
 0.69368 -16.8419
 0.6938 -15.7248
 0.69392 -14.682
 0.69404 -13.7138
 0.69416 -12.8199
 0.69428 -11.9986
 0.6944 -11.2466
 0.69452 -10.56
 0.69464 -9.9355
 0.69476 -9.36875
 0.69488 -8.84981
 0.695 -8.36664
 0.69512 -7.90605
 0.69524 -7.45461
 0.69536 -6.9982
 0.69548 -6.5231
 0.6956 -6.01654
 0.69572 -5.46608
 0.69584 -4.86658
 0.69596 -4.21557
 0.69608 -3.51057
 0.6962 -2.7508
 0.69632 -1.93967
 0.69644 -1.08493
 0.69656 -0.194633
 0.69668 0.72366
 0.6968 1.66262
 0.69692 2.61543
 0.69704 3.57392
 0.69716 4.5268
 0.69728 5.46342
 0.6974 6.37508
 0.69752 7.2551
 0.69764 8.09634
 0.69776 8.89232
 0.69788 9.63961
 0.698 10.3354
 0.69812 10.9771
 0.69824 11.5645
 0.69836 12.1023
 0.69848 12.5997
 0.6986 13.0646
 0.69872 13.5041
 0.69884 13.9218
 0.69896 14.3151
 0.69908 14.6833
 0.6992 15.0287
 0.69932 15.3538
 0.69944 15.6595
 0.69956 15.9455
 0.69968 16.2113
 0.6998 16.4536
 0.69992 16.6656
 0.70004 16.839
 0.70016 16.9648
 0.70028 17.0348
 0.7004 17.0386
 0.70052 16.9642
 0.70064 16.8012
 0.70076 16.5374
 0.70088 16.1698
 0.701 15.7045
 0.70112 15.1462
 0.70124 14.4968
 0.70136 13.7569
 0.70148 12.929
 0.7016 12.0175
 0.70172 11.0287
 0.70184 9.97221
 0.70196 8.86222
 0.70208 7.71419
 0.7022 6.54247
 0.70232 5.35882
 0.70244 4.17604
 0.70256 3.00718
 0.70268 1.86617
 0.7028 0.771166
 0.70292 -0.271282
 0.70304 -1.26002
 0.70316 -2.19315
 0.70328 -3.06665
 0.7034 -3.87653
 0.70352 -4.62346
 0.70364 -5.31082
 0.70376 -5.94297
 0.70388 -6.52678
 0.704 -7.07161
 0.70412 -7.58433
 0.70424 -8.06836
 0.70436 -8.52569
 0.70448 -8.9604
 0.7046 -9.37549
 0.70472 -9.77611
 0.70484 -10.1679
 0.70496 -10.5499
 0.70508 -10.9203
 0.7052 -11.2771
 0.70532 -11.6183
 0.70544 -11.9392
 0.70556 -12.2282
 0.70568 -12.4724
 0.7058 -12.6581
 0.70592 -12.771
 0.70604 -12.7973
 0.70616 -12.73
 0.70628 -12.5667
 0.7064 -12.306
 0.70652 -11.9452
 0.70664 -11.4838
 0.70676 -10.922
 0.70688 -10.263
 0.707 -9.51133
 0.70712 -8.67134
 0.70724 -7.74905
 0.70736 -6.75369
 0.70748 -5.69868
 0.7076 -4.60328
 0.70772 -3.48748
 0.70784 -2.37232
 0.70796 -1.27934
 0.70808 -0.228027
 0.7082 0.768463
 0.70832 1.70085
 0.70844 2.56124
 0.70856 3.34032
 0.70868 4.03025
 0.7088 4.62504
 0.70892 5.11942
 0.70904 5.50628
 0.70916 5.77811
 0.70928 5.93155
 0.7094 5.96673
 0.70952 5.88694
 0.70964 5.69788
 0.70976 5.40556
 0.70988 5.01644
 0.71 4.53666
 0.71012 3.971
 0.71024 3.32191
 0.71036 2.5908
 0.71048 1.78
 0.7106 0.893408
 0.71072 -0.0649187
 0.71084 -1.09017
 0.71096 -2.17215
 0.71108 -3.29598
 0.7112 -4.4463
 0.71132 -5.61045
 0.71144 -6.77695
 0.71156 -7.93513
 0.71168 -9.0743
 0.7118 -10.181
 0.71192 -11.2378
 0.71204 -12.2243
 0.71216 -13.1209
 0.71228 -13.9088
 0.7124 -14.5734
 0.71252 -15.1026
 0.71264 -15.4854
 0.71276 -15.7116
 0.71288 -15.776
 0.713 -15.6838
 0.71312 -15.4452
 0.71324 -15.0737
 0.71336 -14.5836
 0.71348 -13.9894
 0.7136 -13.3059
 0.71372 -12.5496
 0.71384 -11.7438
 0.71396 -10.9181
 0.71408 -10.1044
 0.7142 -9.33303
 0.71432 -8.63042
 0.71444 -8.01367
 0.71456 -7.49868
 0.71468 -7.10209
 0.7148 -6.83872
 0.71492 -6.71612
 0.71504 -6.73001
 0.71516 -6.8706
 0.71528 -7.12179
 0.7154 -7.46605
 0.71552 -7.88556
 0.71564 -8.36152
 0.71576 -8.87276
 0.71588 -9.3964
 0.716 -9.90873
 0.71612 -10.386
 0.71624 -10.8062
 0.71636 -11.1554
 0.71648 -11.4284
 0.7166 -11.6162
 0.71672 -11.7073
 0.71684 -11.6926
 0.71696 -11.5696
 0.71708 -11.3471
 0.7172 -11.0392
 0.71732 -10.6664
 0.71744 -10.2493
 0.71756 -9.81024
 0.71768 -9.37171
 0.7178 -8.95511
 0.71792 -8.57401
 0.71804 -8.23803
 0.71816 -7.95574
 0.71828 -7.73256
 0.7184 -7.56546
 0.71852 -7.4489
 0.71864 -7.3836
 0.71876 -7.37203
 0.71888 -7.41518
 0.719 -7.50854
 0.71912 -7.64204
 0.71924 -7.8013
 0.71936 -7.97068
 0.71948 -8.13427
 0.7196 -8.27349
 0.71972 -8.37157
 0.71984 -8.41605
 0.71996 -8.40281
 0.72008 -8.33158
 0.7202 -8.20334
 0.72032 -8.02385
 0.72044 -7.803
 0.72056 -7.55142
 0.72068 -7.27733
 0.7208 -6.98891
 0.72092 -6.69519
 0.72104 -6.40801
 0.72116 -6.13956
 0.72128 -5.89913
 0.7214 -5.69181
 0.72152 -5.52381
 0.72164 -5.40341
 0.72176 -5.33687
 0.72188 -5.32887
 0.722 -5.38062
 0.72212 -5.49163
 0.72224 -5.66043
 0.72236 -5.88139
 0.72248 -6.14509
 0.7226 -6.43943
 0.72272 -6.75174
 0.72284 -7.06746
 0.72296 -7.37087
 0.72308 -7.64603
 0.7232 -7.88026
 0.72332 -8.07035
 0.72344 -8.21643
 0.72356 -8.31827
 0.72368 -8.37492
 0.7238 -8.38426
 0.72392 -8.34307
 0.72404 -8.2488
 0.72416 -8.09868
 0.72428 -7.89023
 0.7244 -7.62486
 0.72452 -7.30854
 0.72464 -6.95
 0.72476 -6.55934
 0.72488 -6.15061
 0.725 -5.73673
 0.72512 -5.32999
 0.72524 -4.93949
 0.72536 -4.56906
 0.72548 -4.22186
 0.7256 -3.89646
 0.72572 -3.5923
 0.72584 -3.31079
 0.72596 -3.05413
 0.72608 -2.82601
 0.7262 -2.63121
 0.72632 -2.47435
 0.72644 -2.35846
 0.72656 -2.28368
 0.72668 -2.24876
 0.7268 -2.25084
 0.72692 -2.28657
 0.72704 -2.35643
 0.72716 -2.45762
 0.72728 -2.58642
 0.7274 -2.73966
 0.72752 -2.91873
 0.72764 -3.1317
 0.72776 -3.38615
 0.72788 -3.68947
 0.728 -4.04701
 0.72812 -4.4583
 0.72824 -4.92262
 0.72836 -5.43945
 0.72848 -6.00556
 0.7286 -6.61654
 0.72872 -7.26804
 0.72884 -7.95427
 0.72896 -8.66461
 0.72908 -9.38665
 0.7292 -10.1144
 0.72932 -10.8426
 0.72944 -11.5623
 0.72956 -12.2567
 0.72968 -12.9058
 0.7298 -13.488
 0.72992 -13.9809
 0.73004 -14.3682
 0.73016 -14.6409
 0.73028 -14.789
 0.7304 -14.8024
 0.73052 -14.6768
 0.73064 -14.4119
 0.73076 -14.0074
 0.73088 -13.4656
 0.731 -12.7948
 0.73112 -12.0038
 0.73124 -11.099
 0.73136 -10.0888
 0.73148 -8.98917
 0.7316 -7.82024
 0.73172 -6.6047
 0.73184 -5.36855
 0.73196 -4.13796
 0.73208 -2.93248
 0.7322 -1.76632
 0.73232 -0.654958
 0.73244 0.386483
 0.73256 1.34793
 0.73268 2.22138
 0.7328 2.99614
 0.73292 3.66127
 0.73304 4.21057
 0.73316 4.64046
 0.73328 4.94784
 0.7334 5.13217
 0.73352 5.19746
 0.73364 5.14986
 0.73376 4.99869
 0.73388 4.75522
 0.734 4.43049
 0.73412 4.03218
 0.73424 3.56724
 0.73436 3.0424
 0.73448 2.46433
 0.7346 1.83886
 0.73472 1.17226
 0.73484 0.476952
 0.73496 -0.233927
 0.73508 -0.949718
 0.7352 -1.66198
 0.73532 -2.36229
 0.73544 -3.04263
 0.73556 -3.69496
 0.73568 -4.31138
 0.7358 -4.88344
 0.73592 -5.40295
 0.73604 -5.86166
 0.73616 -6.25267
 0.73628 -6.57162
 0.7364 -6.81277
 0.73652 -6.97208
 0.73664 -7.04629
 0.73676 -7.03407
 0.73688 -6.93773
 0.737 -6.75988
 0.73712 -6.50235
 0.73724 -6.16498
 0.73736 -5.74823
 0.73748 -5.25425
 0.7376 -4.6901
 0.73772 -4.06722
 0.73784 -3.40054
 0.73796 -2.70396
 0.73808 -1.9914
 0.7382 -1.27375
 0.73832 -0.559132
 0.73844 0.144161
 0.73856 0.829785
 0.73868 1.49283
 0.7388 2.12929
 0.73892 2.7345
 0.73904 3.30344
 0.73916 3.82945
 0.73928 4.30341
 0.7394 4.71639
 0.73952 5.06329
 0.73964 5.34565
 0.73976 5.56984
 0.73988 5.74334
 0.74 5.87255
 0.74012 5.96389
 0.74024 6.02272
 0.74036 6.05145
 0.74048 6.04976
 0.7406 6.01471
 0.74072 5.9407
 0.74084 5.82286
 0.74096 5.66191
 0.74108 5.46034
 0.7412 5.22281
 0.74132 4.95645
 0.74144 4.66871
 0.74156 4.36378
 0.74168 4.0436
 0.7418 3.71042
 0.74192 3.36446
 0.74204 3.0064
 0.74216 2.6362
 0.74228 2.25432
 0.7424 1.86405
 0.74252 1.47572
 0.74264 1.10268
 0.74276 0.760914
 0.74288 0.462382
 0.743 0.210192
 0.74312 0.00571098
 0.74324 -0.15155
 0.74336 -0.264885
 0.74348 -0.337952
 0.7436 -0.374521
 0.74372 -0.380827
 0.74384 -0.363355
 0.74396 -0.32481
 0.74408 -0.267779
 0.7442 -0.193602
 0.74432 -0.105098
 0.74444 -0.00864658
 0.74456 0.0827833
 0.74468 0.155228
 0.7448 0.194446
 0.74492 0.192103
 0.74504 0.145179
 0.74516 0.0514272
 0.74528 -0.0884077
 0.7454 -0.271296
 0.74552 -0.493513
 0.74564 -0.74982
 0.74576 -1.03235
 0.74588 -1.3335
 0.746 -1.64735
 0.74612 -1.96928
 0.74624 -2.29523
 0.74636 -2.6196
 0.74648 -2.93545
 0.7466 -3.23372
 0.74672 -3.50653
 0.74684 -3.7475
 0.74696 -3.95281
 0.74708 -4.11842
 0.7472 -4.24144
 0.74732 -4.32131
 0.74744 -4.35924
 0.74756 -4.35761
 0.74768 -4.31876
 0.7478 -4.24752
 0.74792 -4.14985
 0.74804 -4.03133
 0.74816 -3.89605
 0.74828 -3.74751
 0.7484 -3.58691
 0.74852 -3.41375
 0.74864 -3.22748
 0.74876 -3.02621
 0.74888 -2.80736
 0.749 -2.56905
 0.74912 -2.31147
 0.74924 -2.03665
 0.74936 -1.74692
 0.74948 -1.44151
 0.7496 -1.11927
 0.74972 -0.783151
 0.74984 -0.435521
 0.74996 -0.0791846
 0.75008 0.283059
 0.7502 0.647428
 0.75032 1.00815
 0.75044 1.35432
 0.75056 1.67365
 0.75068 1.95299
 0.7508 2.17879
 0.75092 2.33776
 0.75104 2.41798
 0.75116 2.41143
 0.75128 2.31725
 0.7514 2.1342
 0.75152 1.85793
 0.75164 1.48715
 0.75176 1.02831
 0.75188 0.490534
 0.752 -0.114721
 0.75212 -0.776932
 0.75224 -1.48445
 0.75236 -2.22294
 0.75248 -2.97483
 0.7526 -3.72141
 0.75272 -4.44148
 0.75284 -5.11382
 0.75296 -5.71789
 0.75308 -6.23443
 0.7532 -6.65014
 0.75332 -6.95699
 0.75344 -7.14604
 0.75356 -7.20875
 0.75368 -7.1411
 0.7538 -6.94417
 0.75392 -6.62377
 0.75404 -6.18595
 0.75416 -5.63612
 0.75428 -4.98103
 0.7544 -4.23029
 0.75452 -3.39479
 0.75464 -2.48699
 0.75476 -1.52458
 0.75488 -0.525567
 0.755 0.492342
 0.75512 1.51216
 0.75524 2.51996
 0.75536 3.50209
 0.75548 4.44652
 0.7556 5.34278
 0.75572 6.17995
 0.75584 6.94789
 0.75596 7.63861
 0.75608 8.24111
 0.7562 8.74306
 0.75632 9.13391
 0.75644 9.40664
 0.75656 9.55409
 0.75668 9.57346
 0.7568 9.4694
 0.75692 9.24648
 0.75704 8.90954
 0.75716 8.46308
 0.75728 7.91243
 0.7574 7.26349
 0.75752 6.52015
 0.75764 5.68808
 0.75776 4.77747
 0.75788 3.8015
 0.758 2.77595
 0.75812 1.72071
 0.75824 0.656381
 0.75836 -0.398627
 0.75848 -1.42874
 0.7586 -2.41882
 0.75872 -3.36172
 0.75884 -4.25438
 0.75896 -5.09189
 0.75908 -5.86769
 0.7592 -6.57372
 0.75932 -7.20262
 0.75944 -7.74692
 0.75956 -8.19893
 0.75968 -8.55385
 0.7598 -8.81243
 0.75992 -8.98085
 0.76004 -9.06866
 0.76016 -9.08588
 0.76028 -9.04092
 0.7604 -8.94172
 0.76052 -8.79479
 0.76064 -8.60426
 0.76076 -8.36974
 0.76088 -8.09145
 0.761 -7.77608
 0.76112 -7.43388
 0.76124 -7.07792
 0.76136 -6.72151
 0.76148 -6.37805
 0.7616 -6.06068
 0.76172 -5.78087
 0.76184 -5.54405
 0.76196 -5.35146
 0.76208 -5.20384
 0.7622 -5.10576
 0.76232 -5.0599
 0.76244 -5.06824
 0.76256 -5.13323
 0.76268 -5.25792
 0.7628 -5.44518
 0.76292 -5.69371
 0.76304 -5.99439
 0.76316 -6.33566
 0.76328 -6.70427
 0.7634 -7.0868
 0.76352 -7.46986
 0.76364 -7.84003
 0.76376 -8.18586
 0.76388 -8.50232
 0.764 -8.78643
 0.76412 -9.03205
 0.76424 -9.23153
 0.76436 -9.38081
 0.76448 -9.47662
 0.7646 -9.51598
 0.76472 -9.49871
 0.76484 -9.42681
 0.76496 -9.30698
 0.76508 -9.14928
 0.7652 -8.96433
 0.76532 -8.76306
 0.76544 -8.5564
 0.76556 -8.35522
 0.76568 -8.16947
 0.7658 -8.00438
 0.76592 -7.85728
 0.76604 -7.72392
 0.76616 -7.60517
 0.76628 -7.50196
 0.7664 -7.41355
 0.76652 -7.33737
 0.76664 -7.27088
 0.76676 -7.20834
 0.76688 -7.14218
 0.767 -7.06281
 0.76712 -6.96031
 0.76724 -6.82474
 0.76736 -6.64609
 0.76748 -6.41432
 0.7676 -6.11994
 0.76772 -5.75768
 0.76784 -5.33047
 0.76796 -4.84977
 0.76808 -4.32931
 0.7682 -3.77847
 0.76832 -3.20659
 0.76844 -2.62462
 0.76856 -2.04431
 0.76868 -1.47367
 0.7688 -0.919629
 0.76892 -0.389414
 0.76904 0.110221
 0.76916 0.572538
 0.76928 0.99062
 0.7694 1.35732
 0.76952 1.66535
 0.76964 1.90866
 0.76976 2.08693
 0.76988 2.20706
 0.77 2.28304
 0.77012 2.33059
 0.77024 2.36313
 0.77036 2.39422
 0.77048 2.43789
 0.7706 2.50388
 0.77072 2.59462
 0.77084 2.70966
 0.77096 2.84624
 0.77108 3.00086
 0.7712 3.17004
 0.77132 3.35072
 0.77144 3.54038
 0.77156 3.73726
 0.77168 3.93939
 0.7718 4.1429
 0.77192 4.34109
 0.77204 4.52358
 0.77216 4.68022
 0.77228 4.80301
 0.7724 4.88404
 0.77252 4.91812
 0.77264 4.90535
 0.77276 4.85071
 0.77288 4.7623
 0.773 4.65126
 0.77312 4.52893
 0.77324 4.40604
 0.77336 4.29252
 0.77348 4.19703
 0.7736 4.12684
 0.77372 4.08746
 0.77384 4.07997
 0.77396 4.10493
 0.77408 4.16353
 0.7742 4.25574
 0.77432 4.38026
 0.77444 4.53546
 0.77456 4.71851
 0.77468 4.926
 0.7748 5.15201
 0.77492 5.3862
 0.77504 5.61522
 0.77516 5.82726
 0.77528 6.01246
 0.7754 6.16224
 0.77552 6.26879
 0.77564 6.32578
 0.77576 6.33096
 0.77588 6.28923
 0.776 6.20672
 0.77612 6.09006
 0.77624 5.94632
 0.77636 5.78278
 0.77648 5.60628
 0.7766 5.4202
 0.77672 5.22658
 0.77684 5.02979
 0.77696 4.83924
 0.77708 4.66543
 0.7772 4.51483
 0.77732 4.392
 0.77744 4.30142
 0.77756 4.24816
 0.77768 4.2355
 0.7778 4.26232
 0.77792 4.32434
 0.77804 4.41499
 0.77816 4.52737
 0.77828 4.65461
 0.7784 4.78988
 0.77852 4.92786
 0.77864 5.067
 0.77876 5.2073
 0.77888 5.3469
 0.779 5.48189
 0.77912 5.60901
 0.77924 5.7279
 0.77936 5.83861
 0.77948 5.93973
 0.7796 6.02959
 0.77972 6.10751
 0.77984 6.17418
 0.77996 6.23093
 0.78008 6.28107
 0.7802 6.32722
 0.78032 6.3727
 0.78044 6.42245
 0.78056 6.48073
 0.78068 6.54872
 0.7808 6.62607
 0.78092 6.71339
 0.78104 6.81265
 0.78116 6.92665
 0.78128 7.05807
 0.7814 7.20895
 0.78152 7.38114
 0.78164 7.57654
 0.78176 7.79695
 0.78188 8.04456
 0.782 8.32073
 0.78212 8.62761
 0.78224 8.96744
 0.78236 9.33742
 0.78248 9.72973
 0.7826 10.1368
 0.78272 10.5553
 0.78284 10.9827
 0.78296 11.4152
 0.78308 11.8457
 0.7832 12.2649
 0.78332 12.6638
 0.78344 13.036
 0.78356 13.3767
 0.78368 13.6809
 0.7838 13.9435
 0.78392 14.1599
 0.78404 14.3267
 0.78416 14.4411
 0.78428 14.5038
 0.7844 14.5242
 0.78452 14.5162
 0.78464 14.4911
 0.78476 14.4537
 0.78488 14.4071
 0.785 14.3554
 0.78512 14.305
 0.78524 14.2618
 0.78536 14.2303
 0.78548 14.2121
 0.7856 14.2086
 0.78572 14.221
 0.78584 14.25
 0.78596 14.2934
 0.78608 14.3441
 0.7862 14.3895
 0.78632 14.4119
 0.78644 14.3865
 0.78656 14.2883
 0.78668 14.0977
 0.7868 13.8031
 0.78692 13.3951
 0.78704 12.8652
 0.78716 12.2076
 0.78728 11.4228
 0.7874 10.5129
 0.78752 9.48058
 0.78764 8.32896
 0.78776 7.06123
 0.78788 5.68269
 0.788 4.20504
 0.78812 2.64709
 0.78824 1.03396
 0.78836 -0.604645
 0.78848 -2.23177
 0.7886 -3.81134
 0.78872 -5.31391
 0.78884 -6.71502
 0.78896 -7.99255
 0.78908 -9.12582
 0.7892 -10.1033
 0.78932 -10.9206
 0.78944 -11.575
 0.78956 -12.0637
 0.78968 -12.3836
 0.7898 -12.5322
 0.78992 -12.5116
 0.79004 -12.3275
 0.79016 -11.9889
 0.79028 -11.5074
 0.7904 -10.9019
 0.79052 -10.1995
 0.79064 -9.42627
 0.79076 -8.60267
 0.79088 -7.74505
 0.791 -6.86884
 0.79112 -5.98679
 0.79124 -5.10356
 0.79136 -4.21948
 0.79148 -3.3336
 0.7916 -2.44715
 0.79172 -1.56414
 0.79184 -0.686962
 0.79196 0.183782
 0.79208 1.0437
 0.7922 1.88686
 0.79232 2.70792
 0.79244 3.50822
 0.79256 4.29298
 0.79268 5.06605
 0.7928 5.82508
 0.79292 6.56479
 0.79304 7.27902
 0.79316 7.95696
 0.79328 8.58365
 0.7934 9.14169
 0.79352 9.61277
 0.79364 9.98383
 0.79376 10.2455
 0.79388 10.3872
 0.794 10.4024
 0.79412 10.2905
 0.79424 10.0532
 0.79436 9.6925
 0.79448 9.20879
 0.7946 8.60101
 0.79472 7.86984
 0.79484 7.0199
 0.79496 6.0564
 0.79508 4.98689
 0.7952 3.82515
 0.79532 2.58874
 0.79544 1.29901
 0.79556 -0.0209548
 0.79568 -1.3511
 0.7958 -2.67155
 0.79592 -3.96242
 0.79604 -5.20816
 0.79616 -6.3958
 0.79628 -7.51471
 0.7964 -8.55481
 0.79652 -9.50523
 0.79664 -10.3539
 0.79676 -11.0895
 0.79688 -11.7012
 0.797 -12.1775
 0.79712 -12.5097
 0.79724 -12.6945
 0.79736 -12.7331
 0.79748 -12.6324
 0.7976 -12.4013
 0.79772 -12.0512
 0.79784 -11.5943
 0.79796 -11.043
 0.79808 -10.4058
 0.7982 -9.68987
 0.79832 -8.90101
 0.79844 -8.04628
 0.79856 -7.13412
 0.79868 -6.17314
 0.7988 -5.17259
 0.79892 -4.14216
 0.79904 -3.09208
 0.79916 -2.03119
 0.79928 -0.964776
 0.7994 0.104707
 0.79952 1.17825
 0.79964 2.25762
 0.79976 3.34317
 0.79988 4.43209
