 0.2 -0.057111
 0.20012 -0.057231
 0.20024 -0.0573591
 0.20036 -0.0574953
 0.20048 -0.0576394
 0.2006 -0.0577913
 0.20072 -0.0579511
 0.20084 -0.0581185
 0.20096 -0.0582936
 0.20108 -0.0584762
 0.2012 -0.0586663
 0.20132 -0.0588637
 0.20144 -0.0590684
 0.20156 -0.0592802
 0.20168 -0.0594992
 0.2018 -0.0597251
 0.20192 -0.059958
 0.20204 -0.0601978
 0.20216 -0.0604443
 0.20228 -0.0606975
 0.2024 -0.0609573
 0.20252 -0.0612236
 0.20264 -0.0614963
 0.20276 -0.0617753
 0.20288 -0.0620606
 0.203 -0.0623521
 0.20312 -0.0626496
 0.20324 -0.062953
 0.20336 -0.0632624
 0.20348 -0.0635775
 0.2036 -0.0638983
 0.20372 -0.0642247
 0.20384 -0.0645565
 0.20396 -0.0648937
 0.20408 -0.0652361
 0.2042 -0.0655837
 0.20432 -0.0659363
 0.20444 -0.0662938
 0.20456 -0.0666562
 0.20468 -0.0670233
 0.2048 -0.067395
 0.20492 -0.0677713
 0.20504 -0.0681519
 0.20516 -0.0685368
 0.20528 -0.0689259
 0.2054 -0.069319
 0.20552 -0.069716
 0.20564 -0.0701168
 0.20576 -0.0705211
 0.20588 -0.0709289
 0.206 -0.07134
 0.20612 -0.0717542
 0.20624 -0.0721714
 0.20636 -0.0725915
 0.20648 -0.0730143
 0.2066 -0.0734398
 0.20672 -0.0738678
 0.20684 -0.0742981
 0.20696 -0.0747308
 0.20708 -0.0751655
 0.2072 -0.0756023
 0.20732 -0.0760409
 0.20744 -0.0764814
 0.20756 -0.0769234
 0.20768 -0.077367
 0.2078 -0.077812
 0.20792 -0.0782583
 0.20804 -0.0787057
 0.20816 -0.0791542
 0.20828 -0.0796035
 0.2084 -0.0800536
 0.20852 -0.0805044
 0.20864 -0.0809558
 0.20876 -0.0814075
 0.20888 -0.0818596
 0.209 -0.0823118
 0.20912 -0.082764
 0.20924 -0.0832162
 0.20936 -0.0836682
 0.20948 -0.0841198
 0.2096 -0.084571
 0.20972 -0.0850216
 0.20984 -0.0854716
 0.20996 -0.0859207
 0.21008 -0.0863689
 0.2102 -0.086816
 0.21032 -0.0872619
 0.21044 -0.0877065
 0.21056 -0.0881496
 0.21068 -0.0885912
 0.2108 -0.0890311
 0.21092 -0.0894692
 0.21104 -0.0899054
 0.21116 -0.0903394
 0.21128 -0.0907712
 0.2114 -0.0912007
 0.21152 -0.0916277
 0.21164 -0.0920521
 0.21176 -0.0924738
 0.21188 -0.0928926
 0.212 -0.0933085
 0.21212 -0.0937212
 0.21224 -0.0941306
 0.21236 -0.0945367
 0.21248 -0.0949393
 0.2126 -0.0953382
 0.21272 -0.0957334
 0.21284 -0.0961246
 0.21296 -0.0965119
 0.21308 -0.096895
 0.2132 -0.0972738
 0.21332 -0.0976482
 0.21344 -0.0980181
 0.21356 -0.0983833
 0.21368 -0.0987437
 0.2138 -0.0990992
 0.21392 -0.0994496
 0.21404 -0.0997949
 0.21416 -0.100135
 0.21428 -0.100469
 0.2144 -0.100799
 0.21452 -0.101122
 0.21464 -0.10144
 0.21476 -0.101751
 0.21488 -0.102057
 0.215 -0.102357
 0.21512 -0.10265
 0.21524 -0.102937
 0.21536 -0.103217
 0.21548 -0.103491
 0.2156 -0.103757
 0.21572 -0.104017
 0.21584 -0.10427
 0.21596 -0.104516
 0.21608 -0.104755
 0.2162 -0.104986
 0.21632 -0.10521
 0.21644 -0.105427
 0.21656 -0.105636
 0.21668 -0.105837
 0.2168 -0.106031
 0.21692 -0.106216
 0.21704 -0.106394
 0.21716 -0.106564
 0.21728 -0.106725
 0.2174 -0.106879
 0.21752 -0.107024
 0.21764 -0.107162
 0.21776 -0.107291
 0.21788 -0.107412
 0.218 -0.107525
 0.21812 -0.107629
 0.21824 -0.107725
 0.21836 -0.107813
 0.21848 -0.107893
 0.2186 -0.107964
 0.21872 -0.108026
 0.21884 -0.10808
 0.21896 -0.108126
 0.21908 -0.108162
 0.2192 -0.108191
 0.21932 -0.10821
 0.21944 -0.108221
 0.21956 -0.108223
 0.21968 -0.108216
 0.2198 -0.108201
 0.21992 -0.108177
 0.22004 -0.108143
 0.22016 -0.108101
 0.22028 -0.10805
 0.2204 -0.107991
 0.22052 -0.107922
 0.22064 -0.107844
 0.22076 -0.107757
 0.22088 -0.107661
 0.221 -0.107556
 0.22112 -0.107442
 0.22124 -0.107319
 0.22136 -0.107187
 0.22148 -0.107045
 0.2216 -0.106895
 0.22172 -0.106736
 0.22184 -0.106567
 0.22196 -0.10639
 0.22208 -0.106204
 0.2222 -0.106008
 0.22232 -0.105804
 0.22244 -0.105591
 0.22256 -0.105369
 0.22268 -0.105137
 0.2228 -0.104897
 0.22292 -0.104648
 0.22304 -0.10439
 0.22316 -0.104123
 0.22328 -0.103847
 0.2234 -0.103563
 0.22352 -0.103269
 0.22364 -0.102967
 0.22376 -0.102657
 0.22388 -0.102338
 0.224 -0.10201
 0.22412 -0.101674
 0.22424 -0.101329
 0.22436 -0.100976
 0.22448 -0.100615
 0.2246 -0.100245
 0.22472 -0.0998673
 0.22484 -0.0994812
 0.22496 -0.0990869
 0.22508 -0.0986846
 0.2252 -0.0982742
 0.22532 -0.0978557
 0.22544 -0.0974293
 0.22556 -0.096995
 0.22568 -0.0965529
 0.2258 -0.0961029
 0.22592 -0.0956451
 0.22604 -0.0951796
 0.22616 -0.0947064
 0.22628 -0.0942256
 0.2264 -0.0937372
 0.22652 -0.0932413
 0.22664 -0.0927379
 0.22676 -0.0922271
 0.22688 -0.0917088
 0.227 -0.0911832
 0.22712 -0.0906504
 0.22724 -0.0901102
 0.22736 -0.0895629
 0.22748 -0.0890084
 0.2276 -0.0884468
 0.22772 -0.0878781
 0.22784 -0.0873025
 0.22796 -0.0867198
 0.22808 -0.0861303
 0.2282 -0.0855339
 0.22832 -0.0849306
 0.22844 -0.0843206
 0.22856 -0.0837039
 0.22868 -0.0830804
 0.2288 -0.0824504
 0.22892 -0.0818139
 0.22904 -0.0811709
 0.22916 -0.0805217
 0.22928 -0.0798663
 0.2294 -0.0792047
 0.22952 -0.0785372
 0.22964 -0.0778638
 0.22976 -0.0771847
 0.22988 -0.0764999
 0.23 -0.0758095
 0.23012 -0.0751136
 0.23024 -0.0744125
 0.23036 -0.073706
 0.23048 -0.0729945
 0.2306 -0.0722778
 0.23072 -0.0715563
 0.23084 -0.0708299
 0.23096 -0.0700988
 0.23108 -0.0693631
 0.2312 -0.0686229
 0.23132 -0.0678783
 0.23144 -0.0671294
 0.23156 -0.0663763
 0.23168 -0.0656191
 0.2318 -0.064858
 0.23192 -0.0640929
 0.23204 -0.0633241
 0.23216 -0.0625516
 0.23228 -0.0617755
 0.2324 -0.0609959
 0.23252 -0.0602129
 0.23264 -0.0594266
 0.23276 -0.058637
 0.23288 -0.0578444
 0.233 -0.0570487
 0.23312 -0.0562501
 0.23324 -0.0554487
 0.23336 -0.0546446
 0.23348 -0.0538379
 0.2336 -0.0530286
 0.23372 -0.0522169
 0.23384 -0.0514029
 0.23396 -0.0505866
 0.23408 -0.0497683
 0.2342 -0.0489479
 0.23432 -0.0481256
 0.23444 -0.0473014
 0.23456 -0.0464756
 0.23468 -0.045648
 0.2348 -0.044819
 0.23492 -0.0439884
 0.23504 -0.0431565
 0.23516 -0.0423234
 0.23528 -0.0414891
 0.2354 -0.0406538
 0.23552 -0.0398175
 0.23564 -0.0389804
 0.23576 -0.0381426
 0.23588 -0.0373041
 0.236 -0.0364652
 0.23612 -0.0356259
 0.23624 -0.0347862
 0.23636 -0.0339464
 0.23648 -0.0331065
 0.2366 -0.0322665
 0.23672 -0.0314266
 0.23684 -0.0305868
 0.23696 -0.0297473
 0.23708 -0.0289081
 0.2372 -0.0280694
 0.23732 -0.0272312
 0.23744 -0.0263936
 0.23756 -0.0255567
 0.23768 -0.0247205
 0.2378 -0.0238853
 0.23792 -0.023051
 0.23804 -0.0222178
 0.23816 -0.0213857
 0.23828 -0.0205549
 0.2384 -0.0197255
 0.23852 -0.0188974
 0.23864 -0.0180709
 0.23876 -0.017246
 0.23888 -0.0164228
 0.239 -0.0156014
 0.23912 -0.014782
 0.23924 -0.0139646
 0.23936 -0.0131492
 0.23948 -0.0123361
 0.2396 -0.0115252
 0.23972 -0.0107168
 0.23984 -0.00991085
 0.23996 -0.00910749
 0.24008 -0.0083068
 0.2402 -0.0075089
 0.24032 -0.00671387
 0.24044 -0.00592181
 0.24056 -0.00513281
 0.24068 -0.00434697
 0.2408 -0.00356438
 0.24092 -0.00278513
 0.24104 -0.00200931
 0.24116 -0.00123703
 0.24128 -0.000468374
 0.2414 0.000296567
 0.24152 0.0010577
 0.24164 0.00181493
 0.24176 0.00256817
 0.24188 0.00331733
 0.242 0.00406233
 0.24212 0.00480307
 0.24224 0.00553947
 0.24236 0.00627145
 0.24248 0.0069989
 0.2426 0.00772175
 0.24272 0.0084399
 0.24284 0.00915328
 0.24296 0.00986178
 0.24308 0.0105653
 0.2432 0.0112638
 0.24332 0.0119572
 0.24344 0.0126453
 0.24356 0.0133282
 0.24368 0.0140056
 0.2438 0.0146775
 0.24392 0.0153439
 0.24404 0.0160046
 0.24416 0.0166596
 0.24428 0.0173088
 0.2444 0.017952
 0.24452 0.0185892
 0.24464 0.0192204
 0.24476 0.0198453
 0.24488 0.020464
 0.245 0.0210764
 0.24512 0.0216823
 0.24524 0.0222817
 0.24536 0.0228745
 0.24548 0.0234606
 0.2456 0.02404
 0.24572 0.0246126
 0.24584 0.0251784
 0.24596 0.0257372
 0.24608 0.0262891
 0.2462 0.026834
 0.24632 0.0273718
 0.24644 0.0279024
 0.24656 0.0284258
 0.24668 0.0289419
 0.2468 0.0294506
 0.24692 0.0299518
 0.24704 0.0304456
 0.24716 0.0309319
 0.24728 0.0314107
 0.2474 0.031882
 0.24752 0.0323458
 0.24764 0.0328019
 0.24776 0.0332505
 0.24788 0.0336915
 0.248 0.0341249
 0.24812 0.0345507
 0.24824 0.0349687
 0.24836 0.0353792
 0.24848 0.0357819
 0.2486 0.0361768
 0.24872 0.0365641
 0.24884 0.0369436
 0.24896 0.0373152
 0.24908 0.0376791
 0.2492 0.0380351
 0.24932 0.0383833
 0.24944 0.0387236
 0.24956 0.039056
 0.24968 0.0393805
 0.2498 0.039697
 0.24992 0.0400056
 0.25004 0.0403062
 0.25016 0.0405987
 0.25028 0.0408832
 0.2504 0.0411597
 0.25052 0.0414282
 0.25064 0.0416886
 0.25076 0.041941
 0.25088 0.0421853
 0.251 0.0424217
 0.25112 0.04265
 0.25124 0.0428703
 0.25136 0.0430826
 0.25148 0.0432869
 0.2516 0.0434833
 0.25172 0.0436718
 0.25184 0.0438523
 0.25196 0.0440249
 0.25208 0.0441894
 0.2522 0.044346
 0.25232 0.0444945
 0.25244 0.044635
 0.25256 0.0447674
 0.25268 0.0448918
 0.2528 0.0450081
 0.25292 0.0451163
 0.25304 0.0452165
 0.25316 0.0453087
 0.25328 0.045393
 0.2534 0.0454694
 0.25352 0.0455379
 0.25364 0.0455986
 0.25376 0.0456516
 0.25388 0.0456968
 0.254 0.0457344
 0.25412 0.0457644
 0.25424 0.0457868
 0.25436 0.0458018
 0.25448 0.0458092
 0.2546 0.0458092
 0.25472 0.0458019
 0.25484 0.0457873
 0.25496 0.0457653
 0.25508 0.0457362
 0.2552 0.0456999
 0.25532 0.0456564
 0.25544 0.0456059
 0.25556 0.0455483
 0.25568 0.0454838
 0.2558 0.0454123
 0.25592 0.045334
 0.25604 0.0452488
 0.25616 0.0451568
 0.25628 0.0450581
 0.2564 0.0449526
 0.25652 0.0448406
 0.25664 0.0447219
 0.25676 0.0445967
 0.25688 0.044465
 0.257 0.0443269
 0.25712 0.0441823
 0.25724 0.0440314
 0.25736 0.0438742
 0.25748 0.0437108
 0.2576 0.0435411
 0.25772 0.0433653
 0.25784 0.0431833
 0.25796 0.0429953
 0.25808 0.0428013
 0.2582 0.0426013
 0.25832 0.0423954
 0.25844 0.0421836
 0.25856 0.0419661
 0.25868 0.0417427
 0.2588 0.0415136
 0.25892 0.0412789
 0.25904 0.0410385
 0.25916 0.0407927
 0.25928 0.0405413
 0.2594 0.0402846
 0.25952 0.0400225
 0.25964 0.0397552
 0.25976 0.0394826
 0.25988 0.0392049
 0.26 0.0389221
 0.26012 0.0386343
 0.26024 0.0383415
 0.26036 0.0380439
 0.26048 0.0377414
 0.2606 0.0374341
 0.26072 0.0371222
 0.26084 0.0368056
 0.26096 0.0364844
 0.26108 0.0361587
 0.2612 0.0358286
 0.26132 0.0354941
 0.26144 0.0351553
 0.26156 0.0348122
 0.26168 0.034465
 0.2618 0.0341136
 0.26192 0.0337581
 0.26204 0.0333986
 0.26216 0.0330352
 0.26228 0.0326678
 0.2624 0.0322966
 0.26252 0.0319216
 0.26264 0.0315429
 0.26276 0.0311604
 0.26288 0.0307743
 0.263 0.0303847
 0.26312 0.0299915
 0.26324 0.0295949
 0.26336 0.0291948
 0.26348 0.0287914
 0.2636 0.0283847
 0.26372 0.0279747
 0.26384 0.0275616
 0.26396 0.0271453
 0.26408 0.026726
 0.2642 0.0263035
 0.26432 0.0258781
 0.26444 0.0254498
 0.26456 0.0250185
 0.26468 0.0245843
 0.2648 0.0241474
 0.26492 0.0237077
 0.26504 0.0232652
 0.26516 0.02282
 0.26528 0.0223722
 0.2654 0.0219217
 0.26552 0.0214686
 0.26564 0.0210129
 0.26576 0.0205546
 0.26588 0.0200937
 0.266 0.0196304
 0.26612 0.0191645
 0.26624 0.018696
 0.26636 0.0182252
 0.26648 0.0177518
 0.2666 0.017276
 0.26672 0.0167978
 0.26684 0.0163172
 0.26696 0.0158342
 0.26708 0.0153489
 0.2672 0.0148613
 0.26732 0.0143714
 0.26744 0.0138792
 0.26756 0.0133848
 0.26768 0.0128881
 0.2678 0.0123892
 0.26792 0.0118882
 0.26804 0.011385
 0.26816 0.0108797
 0.26828 0.0103723
 0.2684 0.00986277
 0.26852 0.00935124
 0.26864 0.00883773
 0.26876 0.00832227
 0.26888 0.00780493
 0.269 0.00728574
 0.26912 0.00676475
 0.26924 0.006242
 0.26936 0.00571756
 0.26948 0.00519146
 0.2696 0.00466375
 0.26972 0.00413451
 0.26984 0.00360378
 0.26996 0.00307161
 0.27008 0.00253807
 0.2702 0.00200321
 0.27032 0.00146708
 0.27044 0.000929743
 0.27056 0.000391244
 0.27068 -0.000148362
 0.2708 -0.000689024
 0.27092 -0.00123069
 0.27104 -0.00177331
 0.27116 -0.00231683
 0.27128 -0.0028612
 0.2714 -0.00340637
 0.27152 -0.00395229
 0.27164 -0.0044989
 0.27176 -0.00504617
 0.27188 -0.00559405
 0.272 -0.0061425
 0.27212 -0.00669148
 0.27224 -0.00724093
 0.27236 -0.00779082
 0.27248 -0.00834111
 0.2726 -0.00889175
 0.27272 -0.00944269
 0.27284 -0.00999389
 0.27296 -0.0105453
 0.27308 -0.0110969
 0.2732 -0.0116487
 0.27332 -0.0122005
 0.27344 -0.0127523
 0.27356 -0.0133041
 0.27368 -0.0138557
 0.2738 -0.0144072
 0.27392 -0.0149585
 0.27404 -0.0155095
 0.27416 -0.0160601
 0.27428 -0.0166103
 0.2744 -0.01716
 0.27452 -0.0177092
 0.27464 -0.0182578
 0.27476 -0.0188057
 0.27488 -0.0193529
 0.275 -0.0198993
 0.27512 -0.0204448
 0.27524 -0.0209894
 0.27536 -0.0215331
 0.27548 -0.0220758
 0.2756 -0.0226174
 0.27572 -0.0231578
 0.27584 -0.0236971
 0.27596 -0.0242352
 0.27608 -0.024772
 0.2762 -0.0253075
 0.27632 -0.0258417
 0.27644 -0.0263745
 0.27656 -0.0269059
 0.27668 -0.0274358
 0.2768 -0.0279641
 0.27692 -0.0284909
 0.27704 -0.0290162
 0.27716 -0.0295398
 0.27728 -0.0300617
 0.2774 -0.0305819
 0.27752 -0.0311004
 0.27764 -0.0316171
 0.27776 -0.0321319
 0.27788 -0.0326449
 0.278 -0.033156
 0.27812 -0.0336651
 0.27824 -0.0341723
 0.27836 -0.0346774
 0.27848 -0.0351804
 0.2786 -0.0356814
 0.27872 -0.0361801
 0.27884 -0.0366767
 0.27896 -0.0371711
 0.27908 -0.0376632
 0.2792 -0.038153
 0.27932 -0.0386405
 0.27944 -0.0391255
 0.27956 -0.0396082
 0.27968 -0.0400884
 0.2798 -0.040566
 0.27992 -0.0410412
 0.28004 -0.0415137
 0.28016 -0.0419836
 0.28028 -0.0424509
 0.2804 -0.0429155
 0.28052 -0.0433774
 0.28064 -0.0438366
 0.28076 -0.0442932
 0.28088 -0.044747
 0.281 -0.0451982
 0.28112 -0.0456467
 0.28124 -0.0460925
 0.28136 -0.0465356
 0.28148 -0.046976
 0.2816 -0.0474136
 0.28172 -0.0478483
 0.28184 -0.0482801
 0.28196 -0.0487089
 0.28208 -0.0491345
 0.2822 -0.0495569
 0.28232 -0.0499759
 0.28244 -0.0503915
 0.28256 -0.0508035
 0.28268 -0.0512119
 0.2828 -0.0516166
 0.28292 -0.0520174
 0.28304 -0.0524144
 0.28316 -0.0528074
 0.28328 -0.0531963
 0.2834 -0.0535812
 0.28352 -0.053962
 0.28364 -0.0543385
 0.28376 -0.0547108
 0.28388 -0.0550788
 0.284 -0.0554424
 0.28412 -0.0558015
 0.28424 -0.0561561
 0.28436 -0.0565062
 0.28448 -0.0568517
 0.2846 -0.0571924
 0.28472 -0.0575284
 0.28484 -0.0578596
 0.28496 -0.0581859
 0.28508 -0.0585072
 0.2852 -0.0588235
 0.28532 -0.0591348
 0.28544 -0.0594409
 0.28556 -0.0597418
 0.28568 -0.0600374
 0.2858 -0.0603277
 0.28592 -0.0606126
 0.28604 -0.0608921
 0.28616 -0.061166
 0.28628 -0.0614344
 0.2864 -0.0616971
 0.28652 -0.0619541
 0.28664 -0.0622053
 0.28676 -0.0624507
 0.28688 -0.0626901
 0.287 -0.0629235
 0.28712 -0.0631508
 0.28724 -0.0633721
 0.28736 -0.0635871
 0.28748 -0.0637959
 0.2876 -0.0639983
 0.28772 -0.0641943
 0.28784 -0.0643838
 0.28796 -0.0645669
 0.28808 -0.0647432
 0.2882 -0.0649129
 0.28832 -0.0650759
 0.28844 -0.065232
 0.28856 -0.0653812
 0.28868 -0.0655234
 0.2888 -0.0656585
 0.28892 -0.0657866
 0.28904 -0.0659074
 0.28916 -0.066021
 0.28928 -0.0661272
 0.2894 -0.0662259
 0.28952 -0.0663172
 0.28964 -0.0664009
 0.28976 -0.066477
 0.28988 -0.0665454
 0.29 -0.066606
 0.29012 -0.0666587
 0.29024 -0.0667034
 0.29036 -0.0667402
 0.29048 -0.0667689
 0.2906 -0.0667894
 0.29072 -0.0668017
 0.29084 -0.0668057
 0.29096 -0.0668014
 0.29108 -0.0667886
 0.2912 -0.0667674
 0.29132 -0.0667376
 0.29144 -0.0666992
 0.29156 -0.0666521
 0.29168 -0.0665962
 0.2918 -0.0665316
 0.29192 -0.066458
 0.29204 -0.0663756
 0.29216 -0.0662841
 0.29228 -0.0661835
 0.2924 -0.0660738
 0.29252 -0.0659549
 0.29264 -0.0658267
 0.29276 -0.0656891
 0.29288 -0.0655421
 0.293 -0.0653857
 0.29312 -0.0652196
 0.29324 -0.065044
 0.29336 -0.0648587
 0.29348 -0.0646636
 0.2936 -0.0644587
 0.29372 -0.0642439
 0.29384 -0.0640191
 0.29396 -0.0637844
 0.29408 -0.0635395
 0.2942 -0.0632844
 0.29432 -0.0630191
 0.29444 -0.0627434
 0.29456 -0.0624574
 0.29468 -0.0621609
 0.2948 -0.0618538
 0.29492 -0.0615361
 0.29504 -0.0612077
 0.29516 -0.0608684
 0.29528 -0.0605182
 0.2954 -0.0601571
 0.29552 -0.0597848
 0.29564 -0.0594013
 0.29576 -0.0590066
 0.29588 -0.0586005
 0.296 -0.0581829
 0.29612 -0.0577537
 0.29624 -0.0573129
 0.29636 -0.0568604
 0.29648 -0.056396
 0.2966 -0.0559198
 0.29672 -0.0554316
 0.29684 -0.0549313
 0.29696 -0.054419
 0.29708 -0.0538945
 0.2972 -0.0533577
 0.29732 -0.0528086
 0.29744 -0.052247
 0.29756 -0.051673
 0.29768 -0.0510864
 0.2978 -0.0504872
 0.29792 -0.0498753
 0.29804 -0.0492506
 0.29816 -0.048613
 0.29828 -0.0479625
 0.2984 -0.047299
 0.29852 -0.0466224
 0.29864 -0.0459327
 0.29876 -0.0452299
 0.29888 -0.044514
 0.299 -0.0437848
 0.29912 -0.0430423
 0.29924 -0.0422866
 0.29936 -0.0415175
 0.29948 -0.0407351
 0.2996 -0.0399393
 0.29972 -0.0391301
 0.29984 -0.0383075
 0.29996 -0.0374715
 0.30008 -0.0366222
 0.3002 -0.0357595
 0.30032 -0.0348834
 0.30044 -0.033994
 0.30056 -0.0330911
 0.30068 -0.0321749
 0.3008 -0.0312453
 0.30092 -0.0303023
 0.30104 -0.029346
 0.30116 -0.0283762
 0.30128 -0.027393
 0.3014 -0.0263965
 0.30152 -0.0253865
 0.30164 -0.0243632
 0.30176 -0.0233264
 0.30188 -0.0222763
 0.302 -0.0212127
 0.30212 -0.0201356
 0.30224 -0.0190452
 0.30236 -0.0179412
 0.30248 -0.0168239
 0.3026 -0.015693
 0.30272 -0.0145487
 0.30284 -0.0133908
 0.30296 -0.0122194
 0.30308 -0.0110346
 0.3032 -0.00983613
 0.30332 -0.00862419
 0.30344 -0.0073988
 0.30356 -0.00616002
 0.30368 -0.00490789
 0.3038 -0.00364249
 0.30392 -0.00236387
 0.30404 -0.00107209
 0.30416 0.000232795
 0.30428 0.00155072
 0.3044 0.00288164
 0.30452 0.0042255
 0.30464 0.00558224
 0.30476 0.00695181
 0.30488 0.00833415
 0.305 0.00972921
 0.30512 0.0111369
 0.30524 0.0125572
 0.30536 0.0139901
 0.30548 0.0154355
 0.3056 0.0168932
 0.30572 0.0183634
 0.30584 0.0198458
 0.30596 0.0213406
 0.30608 0.0228475
 0.3062 0.0243667
 0.30632 0.025898
 0.30644 0.0274414
 0.30656 0.0289968
 0.30668 0.0305643
 0.3068 0.0321437
 0.30692 0.033735
 0.30704 0.0353382
 0.30716 0.0369531
 0.30728 0.0385797
 0.3074 0.0402179
 0.30752 0.0418677
 0.30764 0.0435289
 0.30776 0.0452016
 0.30788 0.0468855
 0.308 0.0485806
 0.30812 0.050287
 0.30824 0.0520044
 0.30836 0.0537328
 0.30848 0.0554721
 0.3086 0.0572223
 0.30872 0.0589833
 0.30884 0.060755
 0.30896 0.0625374
 0.30908 0.0643302
 0.3092 0.0661336
 0.30932 0.0679474
 0.30944 0.0697715
 0.30956 0.0716059
 0.30968 0.0734504
 0.3098 0.0753051
 0.30992 0.0771698
 0.31004 0.0790444
 0.31016 0.0809289
 0.31028 0.0828232
 0.3104 0.0847273
 0.31052 0.0866411
 0.31064 0.0885645
 0.31076 0.0904975
 0.31088 0.0924401
 0.311 0.0943922
 0.31112 0.0963537
 0.31124 0.0983246
 0.31136 0.100305
 0.31148 0.102294
 0.3116 0.104293
 0.31172 0.106301
 0.31184 0.108317
 0.31196 0.110342
 0.31208 0.112376
 0.3122 0.114418
 0.31232 0.116469
 0.31244 0.118527
 0.31256 0.120594
 0.31268 0.122668
 0.3128 0.124749
 0.31292 0.126839
 0.31304 0.128935
 0.31316 0.131039
 0.31328 0.133149
 0.3134 0.135267
 0.31352 0.137391
 0.31364 0.139521
 0.31376 0.141658
 0.31388 0.143801
 0.314 0.145949
 0.31412 0.148104
 0.31424 0.150264
 0.31436 0.15243
 0.31448 0.154601
 0.3146 0.156777
 0.31472 0.158959
 0.31484 0.161145
 0.31496 0.163335
 0.31508 0.16553
 0.3152 0.167729
 0.31532 0.169933
 0.31544 0.17214
 0.31556 0.174351
 0.31568 0.176565
 0.3158 0.178783
 0.31592 0.181004
 0.31604 0.183228
 0.31616 0.185455
 0.31628 0.187684
 0.3164 0.189916
 0.31652 0.19215
 0.31664 0.194387
 0.31676 0.196625
 0.31688 0.198865
 0.317 0.201106
 0.31712 0.203349
 0.31724 0.205592
 0.31736 0.207837
 0.31748 0.210082
 0.3176 0.212328
 0.31772 0.214574
 0.31784 0.21682
 0.31796 0.219066
 0.31808 0.221311
 0.3182 0.223556
 0.31832 0.2258
 0.31844 0.228044
 0.31856 0.230286
 0.31868 0.232526
 0.3188 0.234765
 0.31892 0.237002
 0.31904 0.239237
 0.31916 0.24147
 0.31928 0.243701
 0.3194 0.245928
 0.31952 0.248153
 0.31964 0.250375
 0.31976 0.252593
 0.31988 0.254808
 0.32 0.257019
 0.32012 0.259227
 0.32024 0.26143
 0.32036 0.263629
 0.32048 0.265823
 0.3206 0.268012
 0.32072 0.270197
 0.32084 0.272376
 0.32096 0.27455
 0.32108 0.276718
 0.3212 0.278881
 0.32132 0.281038
 0.32144 0.283189
 0.32156 0.285333
 0.32168 0.287471
 0.3218 0.289603
 0.32192 0.291728
 0.32204 0.293846
 0.32216 0.295957
 0.32228 0.29806
 0.3224 0.300157
 0.32252 0.302245
 0.32264 0.304326
 0.32276 0.306399
 0.32288 0.308463
 0.323 0.31052
 0.32312 0.312568
 0.32324 0.314607
 0.32336 0.316637
 0.32348 0.318658
 0.3236 0.32067
 0.32372 0.322673
 0.32384 0.324666
 0.32396 0.32665
 0.32408 0.328623
 0.3242 0.330586
 0.32432 0.33254
 0.32444 0.334482
 0.32456 0.336414
 0.32468 0.338336
 0.3248 0.340246
 0.32492 0.342145
 0.32504 0.344033
 0.32516 0.345909
 0.32528 0.347774
 0.3254 0.349627
 0.32552 0.351467
 0.32564 0.353296
 0.32576 0.355111
 0.32588 0.356915
 0.326 0.358705
 0.32612 0.360483
 0.32624 0.362248
 0.32636 0.363999
 0.32648 0.365737
 0.3266 0.367461
 0.32672 0.369172
 0.32684 0.370869
 0.32696 0.372552
 0.32708 0.374221
 0.3272 0.375875
 0.32732 0.377515
 0.32744 0.37914
 0.32756 0.380751
 0.32768 0.382346
 0.3278 0.383927
 0.32792 0.385492
 0.32804 0.387041
 0.32816 0.388576
 0.32828 0.390094
 0.3284 0.391597
 0.32852 0.393083
 0.32864 0.394554
 0.32876 0.396008
 0.32888 0.397446
 0.329 0.398867
 0.32912 0.400272
 0.32924 0.40166
 0.32936 0.40303
 0.32948 0.404384
 0.3296 0.40572
 0.32972 0.407039
 0.32984 0.408341
 0.32996 0.409626
 0.33008 0.410892
 0.3302 0.412142
 0.33032 0.413373
 0.33044 0.414587
 0.33056 0.415783
 0.33068 0.416961
 0.3308 0.418121
 0.33092 0.419263
 0.33104 0.420387
 0.33116 0.421493
 0.33128 0.42258
 0.3314 0.423649
 0.33152 0.4247
 0.33164 0.425732
 0.33176 0.426746
 0.33188 0.427741
 0.332 0.428717
 0.33212 0.429675
 0.33224 0.430613
 0.33236 0.431533
 0.33248 0.432434
 0.3326 0.433316
 0.33272 0.434178
 0.33284 0.435021
 0.33296 0.435845
 0.33308 0.436649
 0.3332 0.437434
 0.33332 0.438199
 0.33344 0.438945
 0.33356 0.439671
 0.33368 0.440377
 0.3338 0.441063
 0.33392 0.44173
 0.33404 0.442378
 0.33416 0.443005
 0.33428 0.443613
 0.3344 0.444201
 0.33452 0.44477
 0.33464 0.445319
 0.33476 0.445848
 0.33488 0.446357
 0.335 0.446846
 0.33512 0.447315
 0.33524 0.447765
 0.33536 0.448194
 0.33548 0.448604
 0.3356 0.448994
 0.33572 0.449364
 0.33584 0.449714
 0.33596 0.450043
 0.33608 0.450353
 0.3362 0.450643
 0.33632 0.450913
 0.33644 0.451162
 0.33656 0.451392
 0.33668 0.451601
 0.3368 0.451791
 0.33692 0.45196
 0.33704 0.45211
 0.33716 0.452239
 0.33728 0.452349
 0.3374 0.452439
 0.33752 0.452508
 0.33764 0.452558
 0.33776 0.452588
 0.33788 0.452599
 0.338 0.452589
 0.33812 0.45256
 0.33824 0.452511
 0.33836 0.452442
 0.33848 0.452354
 0.3386 0.452246
 0.33872 0.452119
 0.33884 0.451972
 0.33896 0.451805
 0.33908 0.451619
 0.3392 0.451414
 0.33932 0.451189
 0.33944 0.450945
 0.33956 0.450681
 0.33968 0.450398
 0.3398 0.450096
 0.33992 0.449774
 0.34004 0.449434
 0.34016 0.449074
 0.34028 0.448694
 0.3404 0.448296
 0.34052 0.447878
 0.34064 0.447442
 0.34076 0.446986
 0.34088 0.446511
 0.341 0.446017
 0.34112 0.445505
 0.34124 0.444973
 0.34136 0.444422
 0.34148 0.443852
 0.3416 0.443264
 0.34172 0.442656
 0.34184 0.44203
 0.34196 0.441385
 0.34208 0.440722
 0.3422 0.44004
 0.34232 0.439339
 0.34244 0.43862
 0.34256 0.437883
 0.34268 0.437128
 0.3428 0.436354
 0.34292 0.435562
 0.34304 0.434753
 0.34316 0.433926
 0.34328 0.43308
 0.3434 0.432218
 0.34352 0.431338
 0.34364 0.43044
 0.34376 0.429525
 0.34388 0.428593
 0.344 0.427643
 0.34412 0.426677
 0.34424 0.425694
 0.34436 0.424694
 0.34448 0.423677
 0.3446 0.422644
 0.34472 0.421595
 0.34484 0.420529
 0.34496 0.419447
 0.34508 0.418349
 0.3452 0.417235
 0.34532 0.416105
 0.34544 0.41496
 0.34556 0.413799
 0.34568 0.412623
 0.3458 0.411431
 0.34592 0.410225
 0.34604 0.409003
 0.34616 0.407766
 0.34628 0.406515
 0.3464 0.405249
 0.34652 0.403969
 0.34664 0.402674
 0.34676 0.401365
 0.34688 0.400043
 0.347 0.398706
 0.34712 0.397356
 0.34724 0.395993
 0.34736 0.394616
 0.34748 0.393226
 0.3476 0.391824
 0.34772 0.390408
 0.34784 0.38898
 0.34796 0.38754
 0.34808 0.386087
 0.3482 0.384623
 0.34832 0.383146
 0.34844 0.381658
 0.34856 0.380159
 0.34868 0.378648
 0.3488 0.377126
 0.34892 0.375593
 0.34904 0.374049
 0.34916 0.372494
 0.34928 0.370929
 0.3494 0.369354
 0.34952 0.367768
 0.34964 0.366173
 0.34976 0.364568
 0.34988 0.362952
 0.35 0.361328
 0.35012 0.359694
 0.35024 0.358051
 0.35036 0.356399
 0.35048 0.354738
 0.3506 0.353068
 0.35072 0.35139
 0.35084 0.349704
 0.35096 0.348009
 0.35108 0.346306
 0.3512 0.344594
 0.35132 0.342875
 0.35144 0.341148
 0.35156 0.339414
 0.35168 0.337671
 0.3518 0.335922
 0.35192 0.334165
 0.35204 0.3324
 0.35216 0.330629
 0.35228 0.32885
 0.3524 0.327065
 0.35252 0.325273
 0.35264 0.323474
 0.35276 0.321669
 0.35288 0.319857
 0.353 0.318039
 0.35312 0.316214
 0.35324 0.314384
 0.35336 0.312548
 0.35348 0.310706
 0.3536 0.308858
 0.35372 0.307004
 0.35384 0.305145
 0.35396 0.30328
 0.35408 0.301411
 0.3542 0.299536
 0.35432 0.297656
 0.35444 0.295771
 0.35456 0.293881
 0.35468 0.291987
 0.3548 0.290088
 0.35492 0.288184
 0.35504 0.286277
 0.35516 0.284365
 0.35528 0.282448
 0.3554 0.280528
 0.35552 0.278604
 0.35564 0.276676
 0.35576 0.274745
 0.35588 0.27281
 0.356 0.270871
 0.35612 0.268929
 0.35624 0.266984
 0.35636 0.265035
 0.35648 0.263084
 0.3566 0.261129
 0.35672 0.259172
 0.35684 0.257211
 0.35696 0.255248
 0.35708 0.253283
 0.3572 0.251315
 0.35732 0.249344
 0.35744 0.247371
 0.35756 0.245396
 0.35768 0.243419
 0.3578 0.24144
 0.35792 0.239459
 0.35804 0.237476
 0.35816 0.235492
 0.35828 0.233506
 0.3584 0.231518
 0.35852 0.229529
 0.35864 0.227538
 0.35876 0.225547
 0.35888 0.223554
 0.359 0.22156
 0.35912 0.219566
 0.35924 0.21757
 0.35936 0.215575
 0.35948 0.213578
 0.3596 0.211582
 0.35972 0.209585
 0.35984 0.207588
 0.35996 0.205591
 0.36008 0.203594
 0.3602 0.201598
 0.36032 0.199601
 0.36044 0.197605
 0.36056 0.195609
 0.36068 0.193614
 0.3608 0.191619
 0.36092 0.189624
 0.36104 0.187631
 0.36116 0.185638
 0.36128 0.183646
 0.3614 0.181655
 0.36152 0.179665
 0.36164 0.177675
 0.36176 0.175687
 0.36188 0.1737
 0.362 0.171715
 0.36212 0.16973
 0.36224 0.167747
 0.36236 0.165765
 0.36248 0.163785
 0.3626 0.161806
 0.36272 0.159829
 0.36284 0.157854
 0.36296 0.155881
 0.36308 0.153909
 0.3632 0.15194
 0.36332 0.149973
 0.36344 0.148009
 0.36356 0.146047
 0.36368 0.144087
 0.3638 0.14213
 0.36392 0.140176
 0.36404 0.138224
 0.36416 0.136275
 0.36428 0.13433
 0.3644 0.132387
 0.36452 0.130448
 0.36464 0.128512
 0.36476 0.12658
 0.36488 0.124652
 0.365 0.122727
 0.36512 0.120806
 0.36524 0.11889
 0.36536 0.116977
 0.36548 0.115069
 0.3656 0.113166
 0.36572 0.111266
 0.36584 0.109372
 0.36596 0.107482
 0.36608 0.105598
 0.3662 0.103718
 0.36632 0.101843
 0.36644 0.0999741
 0.36656 0.0981101
 0.36668 0.0962513
 0.3668 0.0943979
 0.36692 0.09255
 0.36704 0.0907076
 0.36716 0.0888708
 0.36728 0.0870395
 0.3674 0.085214
 0.36752 0.0833942
 0.36764 0.0815802
 0.36776 0.079772
 0.36788 0.0779698
 0.368 0.0761736
 0.36812 0.0743835
 0.36824 0.0725995
 0.36836 0.0708217
 0.36848 0.0690502
 0.3686 0.067285
 0.36872 0.0655262
 0.36884 0.0637739
 0.36896 0.0620281
 0.36908 0.0602889
 0.3692 0.0585564
 0.36932 0.0568306
 0.36944 0.0551117
 0.36956 0.0533996
 0.36968 0.0516944
 0.3698 0.0499963
 0.36992 0.0483053
 0.37004 0.0466215
 0.37016 0.044945
 0.37028 0.0432758
 0.3704 0.041614
 0.37052 0.0399598
 0.37064 0.0383131
 0.37076 0.036674
 0.37088 0.0350427
 0.371 0.0334192
 0.37112 0.0318036
 0.37124 0.030196
 0.37136 0.0285963
 0.37148 0.0270048
 0.3716 0.0254215
 0.37172 0.0238464
 0.37184 0.0222797
 0.37196 0.0207213
 0.37208 0.0191715
 0.3722 0.0176301
 0.37232 0.0160974
 0.37244 0.0145733
 0.37256 0.013058
 0.37268 0.0115514
 0.3728 0.0100537
 0.37292 0.00856485
 0.37304 0.00708492
 0.37316 0.00561395
 0.37328 0.00415199
 0.3734 0.00269907
 0.37352 0.00125525
 0.37364 -0.000179428
 0.37376 -0.00160493
 0.37388 -0.0030212
 0.374 -0.00442819
 0.37412 -0.00582587
 0.37424 -0.00721418
 0.37436 -0.0085931
 0.37448 -0.0099626
 0.3746 -0.0113226
 0.37472 -0.0126732
 0.37484 -0.0140143
 0.37496 -0.0153458
 0.37508 -0.0166677
 0.3752 -0.01798
 0.37532 -0.0192827
 0.37544 -0.0205757
 0.37556 -0.021859
 0.37568 -0.0231326
 0.3758 -0.0243964
 0.37592 -0.0256504
 0.37604 -0.0268946
 0.37616 -0.028129
 0.37628 -0.0293536
 0.3764 -0.0305683
 0.37652 -0.0317733
 0.37664 -0.0329685
 0.37676 -0.0341539
 0.37688 -0.0353295
 0.377 -0.0364954
 0.37712 -0.0376515
 0.37724 -0.0387979
 0.37736 -0.0399347
 0.37748 -0.0410618
 0.3776 -0.0421792
 0.37772 -0.043287
 0.37784 -0.0443852
 0.37796 -0.0454737
 0.37808 -0.0465527
 0.3782 -0.0476221
 0.37832 -0.048682
 0.37844 -0.0497324
 0.37856 -0.0507732
 0.37868 -0.0518044
 0.3788 -0.052826
 0.37892 -0.053838
 0.37904 -0.0548403
 0.37916 -0.055833
 0.37928 -0.056816
 0.3794 -0.0577893
 0.37952 -0.0587528
 0.37964 -0.0597067
 0.37976 -0.0606508
 0.37988 -0.0615851
 0.38 -0.0625096
 0.38012 -0.0634244
 0.38024 -0.0643293
 0.38036 -0.0652243
 0.38048 -0.0661096
 0.3806 -0.0669849
 0.38072 -0.0678504
 0.38084 -0.068706
 0.38096 -0.0695517
 0.38108 -0.0703874
 0.3812 -0.0712132
 0.38132 -0.072029
 0.38144 -0.0728347
 0.38156 -0.0736304
 0.38168 -0.074416
 0.3818 -0.0751914
 0.38192 -0.0759567
 0.38204 -0.0767119
 0.38216 -0.0774569
 0.38228 -0.0781916
 0.3824 -0.0789162
 0.38252 -0.0796304
 0.38264 -0.0803344
 0.38276 -0.0810281
 0.38288 -0.0817114
 0.383 -0.0823843
 0.38312 -0.0830469
 0.38324 -0.083699
 0.38336 -0.0843406
 0.38348 -0.0849717
 0.3836 -0.0855923
 0.38372 -0.0862024
 0.38384 -0.0868019
 0.38396 -0.0873908
 0.38408 -0.0879692
 0.3842 -0.088537
 0.38432 -0.0890941
 0.38444 -0.0896407
 0.38456 -0.0901766
 0.38468 -0.090702
 0.3848 -0.0912167
 0.38492 -0.0917208
 0.38504 -0.0922143
 0.38516 -0.0926972
 0.38528 -0.0931695
 0.3854 -0.0936312
 0.38552 -0.0940822
 0.38564 -0.0945227
 0.38576 -0.0949526
 0.38588 -0.0953718
 0.386 -0.0957804
 0.38612 -0.0961785
 0.38624 -0.0965659
 0.38636 -0.0969427
 0.38648 -0.0973088
 0.3866 -0.0976644
 0.38672 -0.0980093
 0.38684 -0.0983436
 0.38696 -0.0986672
 0.38708 -0.0989802
 0.3872 -0.0992826
 0.38732 -0.0995744
 0.38744 -0.0998555
 0.38756 -0.100126
 0.38768 -0.100386
 0.3878 -0.100635
 0.38792 -0.100873
 0.38804 -0.101101
 0.38816 -0.101319
 0.38828 -0.101525
 0.3884 -0.101721
 0.38852 -0.101906
 0.38864 -0.102081
 0.38876 -0.102245
 0.38888 -0.102398
 0.389 -0.102541
 0.38912 -0.102673
 0.38924 -0.102795
 0.38936 -0.102907
 0.38948 -0.103008
 0.3896 -0.103099
 0.38972 -0.10318
 0.38984 -0.103251
 0.38996 -0.103312
 0.39008 -0.103363
 0.3902 -0.103403
 0.39032 -0.103434
 0.39044 -0.103455
 0.39056 -0.103466
 0.39068 -0.103467
 0.3908 -0.103459
 0.39092 -0.10344
 0.39104 -0.103412
 0.39116 -0.103374
 0.39128 -0.103326
 0.3914 -0.103269
 0.39152 -0.103202
 0.39164 -0.103125
 0.39176 -0.103038
 0.39188 -0.102942
 0.392 -0.102836
 0.39212 -0.102721
 0.39224 -0.102596
 0.39236 -0.102461
 0.39248 -0.102317
 0.3926 -0.102164
 0.39272 -0.102001
 0.39284 -0.101829
 0.39296 -0.101647
 0.39308 -0.101456
 0.3932 -0.101256
 0.39332 -0.101047
 0.39344 -0.100829
 0.39356 -0.100603
 0.39368 -0.100367
 0.3938 -0.100123
 0.39392 -0.0998711
 0.39404 -0.0996105
 0.39416 -0.0993417
 0.39428 -0.0990649
 0.3944 -0.0987804
 0.39452 -0.0984882
 0.39464 -0.0981885
 0.39476 -0.0978814
 0.39488 -0.0975672
 0.395 -0.097246
 0.39512 -0.0969179
 0.39524 -0.096583
 0.39536 -0.0962416
 0.39548 -0.0958938
 0.3956 -0.0955397
 0.39572 -0.0951795
 0.39584 -0.0948133
 0.39596 -0.0944414
 0.39608 -0.0940638
 0.3962 -0.0936806
 0.39632 -0.093292
 0.39644 -0.092898
 0.39656 -0.0924986
 0.39668 -0.092094
 0.3968 -0.0916841
 0.39692 -0.091269
 0.39704 -0.0908489
 0.39716 -0.0904238
 0.39728 -0.0899937
 0.3974 -0.0895589
 0.39752 -0.0891193
 0.39764 -0.088675
 0.39776 -0.0882262
 0.39788 -0.087773
 0.398 -0.0873155
 0.39812 -0.0868538
 0.39824 -0.0863879
 0.39836 -0.0859181
 0.39848 -0.0854445
 0.3986 -0.084967
 0.39872 -0.0844859
 0.39884 -0.0840013
 0.39896 -0.0835132
 0.39908 -0.0830218
 0.3992 -0.0825272
 0.39932 -0.0820295
 0.39944 -0.0815289
 0.39956 -0.0810254
 0.39968 -0.0805193
 0.3998 -0.0800106
 0.39992 -0.0794997
 0.40004 -0.0789865
 0.40016 -0.0784712
 0.40028 -0.077954
 0.4004 -0.0774351
 0.40052 -0.0769145
 0.40064 -0.0763924
 0.40076 -0.075869
 0.40088 -0.0753443
 0.401 -0.0748186
 0.40112 -0.074292
 0.40124 -0.0737645
 0.40136 -0.0732364
 0.40148 -0.0727078
 0.4016 -0.0721787
 0.40172 -0.0716494
 0.40184 -0.0711199
 0.40196 -0.0705904
 0.40208 -0.0700611
 0.4022 -0.069532
 0.40232 -0.0690032
 0.40244 -0.068475
 0.40256 -0.0679474
 0.40268 -0.0674206
 0.4028 -0.0668946
 0.40292 -0.0663696
 0.40304 -0.0658458
 0.40316 -0.0653231
 0.40328 -0.0648018
 0.4034 -0.064282
 0.40352 -0.0637637
 0.40364 -0.0632472
 0.40376 -0.0627325
 0.40388 -0.0622197
 0.404 -0.061709
 0.40412 -0.0612005
 0.40424 -0.0606943
 0.40436 -0.0601906
 0.40448 -0.0596894
 0.4046 -0.0591909
 0.40472 -0.0586951
 0.40484 -0.0582023
 0.40496 -0.0577125
 0.40508 -0.0572259
 0.4052 -0.0567425
 0.40532 -0.0562626
 0.40544 -0.0557861
 0.40556 -0.0553133
 0.40568 -0.0548442
 0.4058 -0.054379
 0.40592 -0.0539178
 0.40604 -0.0534606
 0.40616 -0.0530077
 0.40628 -0.052559
 0.4064 -0.0521146
 0.40652 -0.0516747
 0.40664 -0.0512393
 0.40676 -0.0508086
 0.40688 -0.0503825
 0.407 -0.0499612
 0.40712 -0.0495447
 0.40724 -0.0491331
 0.40736 -0.0487266
 0.40748 -0.0483252
 0.4076 -0.047929
 0.40772 -0.0475381
 0.40784 -0.0471525
 0.40796 -0.0467725
 0.40808 -0.046398
 0.4082 -0.0460292
 0.40832 -0.0456661
 0.40844 -0.0453089
 0.40856 -0.0449577
 0.40868 -0.0446127
 0.4088 -0.0442739
 0.40892 -0.0439414
 0.40904 -0.0436155
 0.40916 -0.0432962
 0.40928 -0.0429836
 0.4094 -0.0426779
 0.40952 -0.0423792
 0.40964 -0.0420876
 0.40976 -0.0418032
 0.40988 -0.0415262
 0.41 -0.0412567
 0.41012 -0.0409947
 0.41024 -0.0407405
 0.41036 -0.0404941
 0.41048 -0.0402556
 0.4106 -0.040025
 0.41072 -0.0398024
 0.41084 -0.039588
 0.41096 -0.0393817
 0.41108 -0.0391837
 0.4112 -0.038994
 0.41132 -0.0388127
 0.41144 -0.0386398
 0.41156 -0.0384754
 0.41168 -0.0383196
 0.4118 -0.0381724
 0.41192 -0.0380339
 0.41204 -0.037904
 0.41216 -0.037783
 0.41228 -0.0376708
 0.4124 -0.0375675
 0.41252 -0.0374732
 0.41264 -0.0373879
 0.41276 -0.0373116
 0.41288 -0.0372445
 0.413 -0.0371866
 0.41312 -0.037138
 0.41324 -0.0370987
 0.41336 -0.0370688
 0.41348 -0.0370483
 0.4136 -0.0370374
 0.41372 -0.0370361
 0.41384 -0.0370443
 0.41396 -0.037062
 0.41408 -0.0370893
 0.4142 -0.0371262
 0.41432 -0.0371725
 0.41444 -0.0372284
 0.41456 -0.0372937
 0.41468 -0.0373685
 0.4148 -0.0374526
 0.41492 -0.0375461
 0.41504 -0.0376489
 0.41516 -0.0377609
 0.41528 -0.0378821
 0.4154 -0.0380123
 0.41552 -0.0381517
 0.41564 -0.0383
 0.41576 -0.0384572
 0.41588 -0.0386234
 0.416 -0.0387983
 0.41612 -0.0389821
 0.41624 -0.0391745
 0.41636 -0.0393756
 0.41648 -0.0395853
 0.4166 -0.0398036
 0.41672 -0.0400303
 0.41684 -0.0402655
 0.41696 -0.040509
 0.41708 -0.0407609
 0.4172 -0.0410211
 0.41732 -0.0412896
 0.41744 -0.0415662
 0.41756 -0.0418509
 0.41768 -0.0421437
 0.4178 -0.0424445
 0.41792 -0.0427533
 0.41804 -0.04307
 0.41816 -0.0433946
 0.41828 -0.043727
 0.4184 -0.0440671
 0.41852 -0.044415
 0.41864 -0.0447705
 0.41876 -0.0451335
 0.41888 -0.0455041
 0.419 -0.045882
 0.41912 -0.0462673
 0.41924 -0.0466597
 0.41936 -0.0470592
 0.41948 -0.0474658
 0.4196 -0.0478793
 0.41972 -0.0482996
 0.41984 -0.0487266
 0.41996 -0.0491603
 0.42008 -0.0496005
 0.4202 -0.0500472
 0.42032 -0.0505002
 0.42044 -0.0509595
 0.42056 -0.051425
 0.42068 -0.0518966
 0.4208 -0.0523743
 0.42092 -0.0528579
 0.42104 -0.0533473
 0.42116 -0.0538426
 0.42128 -0.0543435
 0.4214 -0.0548502
 0.42152 -0.0553623
 0.42164 -0.05588
 0.42176 -0.0564032
 0.42188 -0.0569317
 0.422 -0.0574655
 0.42212 -0.0580044
 0.42224 -0.0585485
 0.42236 -0.0590975
 0.42248 -0.0596513
 0.4226 -0.0602099
 0.42272 -0.0607732
 0.42284 -0.061341
 0.42296 -0.0619132
 0.42308 -0.0624898
 0.4232 -0.0630705
 0.42332 -0.0636554
 0.42344 -0.0642441
 0.42356 -0.0648366
 0.42368 -0.0654327
 0.4238 -0.0660321
 0.42392 -0.0666349
 0.42404 -0.0672406
 0.42416 -0.0678493
 0.42428 -0.0684607
 0.4244 -0.0690747
 0.42452 -0.069691
 0.42464 -0.0703095
 0.42476 -0.0709301
 0.42488 -0.0715524
 0.425 -0.0721765
 0.42512 -0.072802
 0.42524 -0.0734289
 0.42536 -0.0740569
 0.42548 -0.0746859
 0.4256 -0.0753156
 0.42572 -0.075946
 0.42584 -0.0765769
 0.42596 -0.077208
 0.42608 -0.0778392
 0.4262 -0.0784705
 0.42632 -0.0791016
 0.42644 -0.0797325
 0.42656 -0.0803632
 0.42668 -0.0809936
 0.4268 -0.0816237
 0.42692 -0.0822533
 0.42704 -0.0828823
 0.42716 -0.0835107
 0.42728 -0.0841382
 0.4274 -0.0847647
 0.42752 -0.0853903
 0.42764 -0.0860146
 0.42776 -0.0866376
 0.42788 -0.0872591
 0.428 -0.0878789
 0.42812 -0.0884969
 0.42824 -0.089113
 0.42836 -0.0897269
 0.42848 -0.0903386
 0.4286 -0.0909478
 0.42872 -0.0915545
 0.42884 -0.0921584
 0.42896 -0.0927593
 0.42908 -0.0933573
 0.4292 -0.093952
 0.42932 -0.0945433
 0.42944 -0.0951311
 0.42956 -0.0957151
 0.42968 -0.096295
 0.4298 -0.0968708
 0.42992 -0.0974421
 0.43004 -0.0980088
 0.43016 -0.0985708
 0.43028 -0.0991278
 0.4304 -0.0996796
 0.43052 -0.100226
 0.43064 -0.100767
 0.43076 -0.101302
 0.43088 -0.101832
 0.431 -0.102355
 0.43112 -0.102873
 0.43124 -0.103384
 0.43136 -0.103888
 0.43148 -0.104386
 0.4316 -0.104878
 0.43172 -0.105362
 0.43184 -0.10584
 0.43196 -0.10631
 0.43208 -0.106774
 0.4322 -0.10723
 0.43232 -0.107679
 0.43244 -0.10812
 0.43256 -0.108553
 0.43268 -0.108979
 0.4328 -0.109397
 0.43292 -0.109808
 0.43304 -0.11021
 0.43316 -0.110604
 0.43328 -0.110989
 0.4334 -0.111367
 0.43352 -0.111736
 0.43364 -0.112096
 0.43376 -0.112448
 0.43388 -0.112791
 0.434 -0.113125
 0.43412 -0.11345
 0.43424 -0.113766
 0.43436 -0.114073
 0.43448 -0.114371
 0.4346 -0.114659
 0.43472 -0.114938
 0.43484 -0.115207
 0.43496 -0.115466
 0.43508 -0.115716
 0.4352 -0.115955
 0.43532 -0.116185
 0.43544 -0.116404
 0.43556 -0.116613
 0.43568 -0.116812
 0.4358 -0.117
 0.43592 -0.117178
 0.43604 -0.117345
 0.43616 -0.117501
 0.43628 -0.117647
 0.4364 -0.117781
 0.43652 -0.117905
 0.43664 -0.118017
 0.43676 -0.118118
 0.43688 -0.118208
 0.437 -0.118287
 0.43712 -0.118354
 0.43724 -0.11841
 0.43736 -0.118454
 0.43748 -0.118486
 0.4376 -0.118507
 0.43772 -0.118515
 0.43784 -0.118512
 0.43796 -0.118497
 0.43808 -0.118469
 0.4382 -0.118429
 0.43832 -0.118377
 0.43844 -0.118312
 0.43856 -0.118235
 0.43868 -0.118145
 0.4388 -0.118043
 0.43892 -0.117927
 0.43904 -0.117798
 0.43916 -0.117657
 0.43928 -0.117502
 0.4394 -0.117334
 0.43952 -0.117152
 0.43964 -0.116957
 0.43976 -0.116748
 0.43988 -0.116526
 0.44 -0.11629
 0.44012 -0.11604
 0.44024 -0.115776
 0.44036 -0.115498
 0.44048 -0.115205
 0.4406 -0.114899
 0.44072 -0.114579
 0.44084 -0.114244
 0.44096 -0.113895
 0.44108 -0.113532
 0.4412 -0.113155
 0.44132 -0.112763
 0.44144 -0.112357
 0.44156 -0.111937
 0.44168 -0.111503
 0.4418 -0.111054
 0.44192 -0.110592
 0.44204 -0.110115
 0.44216 -0.109624
 0.44228 -0.109119
 0.4424 -0.108599
 0.44252 -0.108066
 0.44264 -0.107519
 0.44276 -0.106957
 0.44288 -0.106381
 0.443 -0.105791
 0.44312 -0.105187
 0.44324 -0.104569
 0.44336 -0.103937
 0.44348 -0.103291
 0.4436 -0.102631
 0.44372 -0.101956
 0.44384 -0.101268
 0.44396 -0.100565
 0.44408 -0.0998489
 0.4442 -0.0991191
 0.44432 -0.0983756
 0.44444 -0.0976186
 0.44456 -0.0968482
 0.44468 -0.0960646
 0.4448 -0.0952678
 0.44492 -0.0944581
 0.44504 -0.0936356
 0.44516 -0.0928004
 0.44528 -0.0919526
 0.4454 -0.0910925
 0.44552 -0.0902202
 0.44564 -0.0893358
 0.44576 -0.0884395
 0.44588 -0.0875314
 0.446 -0.0866117
 0.44612 -0.0856805
 0.44624 -0.0847381
 0.44636 -0.0837844
 0.44648 -0.0828197
 0.4466 -0.0818442
 0.44672 -0.0808579
 0.44684 -0.0798611
 0.44696 -0.0788538
 0.44708 -0.0778362
 0.4472 -0.0768084
 0.44732 -0.0757706
 0.44744 -0.074723
 0.44756 -0.0736657
 0.44768 -0.0725988
 0.4478 -0.0715224
 0.44792 -0.0704368
 0.44804 -0.069342
 0.44816 -0.0682382
 0.44828 -0.0671256
 0.4484 -0.0660042
 0.44852 -0.0648743
 0.44864 -0.063736
 0.44876 -0.0625894
 0.44888 -0.0614347
 0.449 -0.060272
 0.44912 -0.0591015
 0.44924 -0.0579234
 0.44936 -0.0567377
 0.44948 -0.0555447
 0.4496 -0.0543446
 0.44972 -0.0531374
 0.44984 -0.0519233
 0.44996 -0.0507025
 0.45008 -0.0494751
 0.4502 -0.0482413
 0.45032 -0.0470012
 0.45044 -0.045755
 0.45056 -0.0445029
 0.45068 -0.0432449
 0.4508 -0.0419813
 0.45092 -0.0407122
 0.45104 -0.0394378
 0.45116 -0.0381581
 0.45128 -0.0368734
 0.4514 -0.0355838
 0.45152 -0.0342894
 0.45164 -0.0329904
 0.45176 -0.031687
 0.45188 -0.0303792
 0.452 -0.0290673
 0.45212 -0.0277515
 0.45224 -0.0264318
 0.45236 -0.0251085
 0.45248 -0.0237818
 0.4526 -0.0224517
 0.45272 -0.0211184
 0.45284 -0.0197821
 0.45296 -0.0184429
 0.45308 -0.0171011
 0.4532 -0.0157566
 0.45332 -0.0144098
 0.45344 -0.0130608
 0.45356 -0.0117097
 0.45368 -0.0103567
 0.4538 -0.00900203
 0.45392 -0.0076458
 0.45404 -0.00628819
 0.45416 -0.00492938
 0.45428 -0.00356953
 0.4544 -0.00220882
 0.45452 -0.000847408
 0.45464 0.000514523
 0.45476 0.00187681
 0.45488 0.00323928
 0.455 0.00460176
 0.45512 0.00596409
 0.45524 0.0073261
 0.45536 0.0086876
 0.45548 0.0100484
 0.4556 0.0114085
 0.45572 0.0127675
 0.45584 0.0141253
 0.45596 0.0154817
 0.45608 0.0168366
 0.4562 0.0181899
 0.45632 0.0195413
 0.45644 0.0208908
 0.45656 0.0222384
 0.45668 0.0235838
 0.4568 0.024927
 0.45692 0.0262678
 0.45704 0.0276061
 0.45716 0.0289417
 0.45728 0.0302744
 0.4574 0.0316041
 0.45752 0.0329307
 0.45764 0.034254
 0.45776 0.0355738
 0.45788 0.0368899
 0.458 0.0382021
 0.45812 0.0395104
 0.45824 0.0408144
 0.45836 0.042114
 0.45848 0.043409
 0.4586 0.0446993
 0.45872 0.0459847
 0.45884 0.047265
 0.45896 0.0485399
 0.45908 0.0498095
 0.4592 0.0510733
 0.45932 0.0523314
 0.45944 0.0535834
 0.45956 0.0548292
 0.45968 0.0560684
 0.4598 0.0573011
 0.45992 0.0585268
 0.46004 0.0597456
 0.46016 0.0609571
 0.46028 0.0621613
 0.4604 0.063358
 0.46052 0.064547
 0.46064 0.0657282
 0.46076 0.0669013
 0.46088 0.0680663
 0.461 0.0692231
 0.46112 0.0703716
 0.46124 0.0715116
 0.46136 0.0726432
 0.46148 0.0737661
 0.4616 0.0748804
 0.46172 0.0759859
 0.46184 0.0770826
 0.46196 0.0781704
 0.46208 0.0792493
 0.4622 0.0803193
 0.46232 0.0813802
 0.46244 0.0824322
 0.46256 0.083475
 0.46268 0.0845087
 0.4628 0.0855333
 0.46292 0.0865487
 0.46304 0.087555
 0.46316 0.088552
 0.46328 0.0895397
 0.4634 0.0905182
 0.46352 0.0914874
 0.46364 0.0924473
 0.46376 0.0933978
 0.46388 0.094339
 0.464 0.0952707
 0.46412 0.096193
 0.46424 0.0971058
 0.46436 0.0980092
 0.46448 0.098903
 0.4646 0.0997873
 0.46472 0.100662
 0.46484 0.101527
 0.46496 0.102383
 0.46508 0.103228
 0.4652 0.104064
 0.46532 0.104891
 0.46544 0.105707
 0.46556 0.106514
 0.46568 0.107311
 0.4658 0.108099
 0.46592 0.108876
 0.46604 0.109644
 0.46616 0.110401
 0.46628 0.111149
 0.4664 0.111887
 0.46652 0.112615
 0.46664 0.113333
 0.46676 0.11404
 0.46688 0.114738
 0.467 0.115426
 0.46712 0.116104
 0.46724 0.116772
 0.46736 0.11743
 0.46748 0.118077
 0.4676 0.118715
 0.46772 0.119342
 0.46784 0.119959
 0.46796 0.120566
 0.46808 0.121163
 0.4682 0.12175
 0.46832 0.122326
 0.46844 0.122892
 0.46856 0.123448
 0.46868 0.123994
 0.4688 0.124529
 0.46892 0.125054
 0.46904 0.125569
 0.46916 0.126073
 0.46928 0.126567
 0.4694 0.12705
 0.46952 0.127523
 0.46964 0.127986
 0.46976 0.128438
 0.46988 0.128879
 0.47 0.12931
 0.47012 0.129731
 0.47024 0.130141
 0.47036 0.13054
 0.47048 0.130929
 0.4706 0.131308
 0.47072 0.131676
 0.47084 0.132033
 0.47096 0.132381
 0.47108 0.132718
 0.4712 0.133044
 0.47132 0.133361
 0.47144 0.133667
 0.47156 0.133963
 0.47168 0.13425
 0.4718 0.134526
 0.47192 0.134793
 0.47204 0.13505
 0.47216 0.135297
 0.47228 0.135535
 0.4724 0.135763
 0.47252 0.135983
 0.47264 0.136192
 0.47276 0.136393
 0.47288 0.136585
 0.473 0.136767
 0.47312 0.136941
 0.47324 0.137106
 0.47336 0.137261
 0.47348 0.137408
 0.4736 0.137547
 0.47372 0.137676
 0.47384 0.137798
 0.47396 0.13791
 0.47408 0.138015
 0.4742 0.138111
 0.47432 0.138199
 0.47444 0.13828
 0.47456 0.138352
 0.47468 0.138416
 0.4748 0.138473
 0.47492 0.138522
 0.47504 0.138564
 0.47516 0.138598
 0.47528 0.138625
 0.4754 0.138645
 0.47552 0.138658
 0.47564 0.138663
 0.47576 0.138662
 0.47588 0.138654
 0.476 0.13864
 0.47612 0.138619
 0.47624 0.138592
 0.47636 0.138558
 0.47648 0.138518
 0.4766 0.138472
 0.47672 0.13842
 0.47684 0.138363
 0.47696 0.138299
 0.47708 0.13823
 0.4772 0.138156
 0.47732 0.138076
 0.47744 0.137991
 0.47756 0.1379
 0.47768 0.137805
 0.4778 0.137704
 0.47792 0.137599
 0.47804 0.137489
 0.47816 0.137374
 0.47828 0.137255
 0.4784 0.137132
 0.47852 0.137004
 0.47864 0.136872
 0.47876 0.136736
 0.47888 0.136596
 0.479 0.136452
 0.47912 0.136304
 0.47924 0.136152
 0.47936 0.135997
 0.47948 0.135838
 0.4796 0.135676
 0.47972 0.135511
 0.47984 0.135342
 0.47996 0.135171
 0.48008 0.134996
 0.4802 0.134818
 0.48032 0.134637
 0.48044 0.134454
 0.48056 0.134268
 0.48068 0.134079
 0.4808 0.133888
 0.48092 0.133695
 0.48104 0.133499
 0.48116 0.133301
 0.48128 0.133101
 0.4814 0.132899
 0.48152 0.132695
 0.48164 0.132489
 0.48176 0.132282
 0.48188 0.132073
 0.482 0.131862
 0.48212 0.13165
 0.48224 0.131436
 0.48236 0.131222
 0.48248 0.131006
 0.4826 0.130789
 0.48272 0.130571
 0.48284 0.130352
 0.48296 0.130132
 0.48308 0.129911
 0.4832 0.12969
 0.48332 0.129467
 0.48344 0.129244
 0.48356 0.129021
 0.48368 0.128797
 0.4838 0.128572
 0.48392 0.128347
 0.48404 0.128122
 0.48416 0.127897
 0.48428 0.127671
 0.4844 0.127445
 0.48452 0.12722
 0.48464 0.126994
 0.48476 0.126768
 0.48488 0.126543
 0.485 0.126317
 0.48512 0.126092
 0.48524 0.125867
 0.48536 0.125643
 0.48548 0.125419
 0.4856 0.125196
 0.48572 0.124973
 0.48584 0.124751
 0.48596 0.12453
 0.48608 0.12431
 0.4862 0.124091
 0.48632 0.123873
 0.48644 0.123656
 0.48656 0.12344
 0.48668 0.123225
 0.4868 0.123012
 0.48692 0.1228
 0.48704 0.122589
 0.48716 0.122381
 0.48728 0.122173
 0.4874 0.121968
 0.48752 0.121764
 0.48764 0.121563
 0.48776 0.121363
 0.48788 0.121165
 0.488 0.12097
 0.48812 0.120776
 0.48824 0.120585
 0.48836 0.120397
 0.48848 0.12021
 0.4886 0.120027
 0.48872 0.119846
 0.48884 0.119668
 0.48896 0.119492
 0.48908 0.11932
 0.4892 0.11915
 0.48932 0.118984
 0.48944 0.118821
 0.48956 0.118661
 0.48968 0.118504
 0.4898 0.118351
 0.48992 0.118201
 0.49004 0.118054
 0.49016 0.117912
 0.49028 0.117773
 0.4904 0.117638
 0.49052 0.117506
 0.49064 0.117378
 0.49076 0.117254
 0.49088 0.117135
 0.491 0.117019
 0.49112 0.116907
 0.49124 0.116799
 0.49136 0.116695
 0.49148 0.116595
 0.4916 0.116499
 0.49172 0.116407
 0.49184 0.11632
 0.49196 0.116236
 0.49208 0.116156
 0.4922 0.11608
 0.49232 0.116009
 0.49244 0.115941
 0.49256 0.115876
 0.49268 0.115816
 0.4928 0.11576
 0.49292 0.115707
 0.49304 0.115658
 0.49316 0.115613
 0.49328 0.115571
 0.4934 0.115533
 0.49352 0.115498
 0.49364 0.115467
 0.49376 0.115439
 0.49388 0.115415
 0.494 0.115394
 0.49412 0.115377
 0.49424 0.115362
 0.49436 0.115351
 0.49448 0.115343
 0.4946 0.115339
 0.49472 0.115337
 0.49484 0.115339
 0.49496 0.115344
 0.49508 0.115351
 0.4952 0.115362
 0.49532 0.115376
 0.49544 0.115392
 0.49556 0.115412
 0.49568 0.115434
 0.4958 0.115459
 0.49592 0.115487
 0.49604 0.115517
 0.49616 0.115551
 0.49628 0.115587
 0.4964 0.115625
 0.49652 0.115666
 0.49664 0.11571
 0.49676 0.115756
 0.49688 0.115805
 0.497 0.115856
 0.49712 0.115909
 0.49724 0.115965
 0.49736 0.116023
 0.49748 0.116084
 0.4976 0.116146
 0.49772 0.116211
 0.49784 0.116278
 0.49796 0.116348
 0.49808 0.116419
 0.4982 0.116492
 0.49832 0.116568
 0.49844 0.116645
 0.49856 0.116724
 0.49868 0.116806
 0.4988 0.116889
 0.49892 0.116974
 0.49904 0.117061
 0.49916 0.117149
 0.49928 0.11724
 0.4994 0.117332
 0.49952 0.117426
 0.49964 0.117521
 0.49976 0.117618
 0.49988 0.117716
 0.5 0.117817
 0.50012 0.117918
 0.50024 0.118021
 0.50036 0.118125
 0.50048 0.118231
 0.5006 0.118338
 0.50072 0.118446
 0.50084 0.118556
 0.50096 0.118666
 0.50108 0.118777
 0.5012 0.118889
 0.50132 0.119002
 0.50144 0.119116
 0.50156 0.119231
 0.50168 0.119345
 0.5018 0.119461
 0.50192 0.119576
 0.50204 0.119692
 0.50216 0.119808
 0.50228 0.119924
 0.5024 0.12004
 0.50252 0.120156
 0.50264 0.120271
 0.50276 0.120386
 0.50288 0.120501
 0.503 0.120615
 0.50312 0.120728
 0.50324 0.120841
 0.50336 0.120953
 0.50348 0.121064
 0.5036 0.121174
 0.50372 0.121283
 0.50384 0.12139
 0.50396 0.121497
 0.50408 0.121602
 0.5042 0.121706
 0.50432 0.121809
 0.50444 0.121911
 0.50456 0.12201
 0.50468 0.122109
 0.5048 0.122206
 0.50492 0.122302
 0.50504 0.122396
 0.50516 0.122488
 0.50528 0.122579
 0.5054 0.122668
 0.50552 0.122756
 0.50564 0.122842
 0.50576 0.122926
 0.50588 0.123008
 0.506 0.123088
 0.50612 0.123166
 0.50624 0.123242
 0.50636 0.123316
 0.50648 0.123387
 0.5066 0.123456
 0.50672 0.123523
 0.50684 0.123587
 0.50696 0.123649
 0.50708 0.123708
 0.5072 0.123765
 0.50732 0.123818
 0.50744 0.123869
 0.50756 0.123917
 0.50768 0.123962
 0.5078 0.124004
 0.50792 0.124042
 0.50804 0.124078
 0.50816 0.12411
 0.50828 0.124139
 0.5084 0.124165
 0.50852 0.124187
 0.50864 0.124205
 0.50876 0.12422
 0.50888 0.124231
 0.509 0.124239
 0.50912 0.124243
 0.50924 0.124243
 0.50936 0.12424
 0.50948 0.124233
 0.5096 0.124222
 0.50972 0.124208
 0.50984 0.12419
 0.50996 0.124168
 0.51008 0.124143
 0.5102 0.124113
 0.51032 0.12408
 0.51044 0.124044
 0.51056 0.124003
 0.51068 0.123959
 0.5108 0.123911
 0.51092 0.123859
 0.51104 0.123804
 0.51116 0.123744
 0.51128 0.123681
 0.5114 0.123614
 0.51152 0.123543
 0.51164 0.123468
 0.51176 0.12339
 0.51188 0.123307
 0.512 0.123221
 0.51212 0.123131
 0.51224 0.123037
 0.51236 0.122939
 0.51248 0.122837
 0.5126 0.122731
 0.51272 0.122621
 0.51284 0.122508
 0.51296 0.122391
 0.51308 0.12227
 0.5132 0.122146
 0.51332 0.122018
 0.51344 0.121886
 0.51356 0.12175
 0.51368 0.121611
 0.5138 0.121469
 0.51392 0.121323
 0.51404 0.121173
 0.51416 0.121021
 0.51428 0.120864
 0.5144 0.120705
 0.51452 0.120541
 0.51464 0.120375
 0.51476 0.120205
 0.51488 0.120033
 0.515 0.119857
 0.51512 0.119677
 0.51524 0.119495
 0.51536 0.11931
 0.51548 0.119122
 0.5156 0.11893
 0.51572 0.118736
 0.51584 0.118539
 0.51596 0.118339
 0.51608 0.118136
 0.5162 0.11793
 0.51632 0.117722
 0.51644 0.11751
 0.51656 0.117296
 0.51668 0.117079
 0.5168 0.116859
 0.51692 0.116637
 0.51704 0.116412
 0.51716 0.116184
 0.51728 0.115954
 0.5174 0.115722
 0.51752 0.115487
 0.51764 0.115249
 0.51776 0.115009
 0.51788 0.114767
 0.518 0.114523
 0.51812 0.114277
 0.51824 0.114028
 0.51836 0.113777
 0.51848 0.113524
 0.5186 0.113269
 0.51872 0.113013
 0.51884 0.112754
 0.51896 0.112493
 0.51908 0.11223
 0.5192 0.111966
 0.51932 0.111699
 0.51944 0.111431
 0.51956 0.111161
 0.51968 0.11089
 0.5198 0.110616
 0.51992 0.110342
 0.52004 0.110065
 0.52016 0.109787
 0.52028 0.109508
 0.5204 0.109227
 0.52052 0.108945
 0.52064 0.108662
 0.52076 0.108377
 0.52088 0.108091
 0.521 0.107804
 0.52112 0.107515
 0.52124 0.107225
 0.52136 0.106934
 0.52148 0.106642
 0.5216 0.106349
 0.52172 0.106054
 0.52184 0.105759
 0.52196 0.105462
 0.52208 0.105165
 0.5222 0.104867
 0.52232 0.104567
 0.52244 0.104267
 0.52256 0.103967
 0.52268 0.103665
 0.5228 0.103363
 0.52292 0.10306
 0.52304 0.102757
 0.52316 0.102453
 0.52328 0.102149
 0.5234 0.101844
 0.52352 0.101539
 0.52364 0.101233
 0.52376 0.100928
 0.52388 0.100622
 0.524 0.100316
 0.52412 0.10001
 0.52424 0.0997033
 0.52436 0.099397
 0.52448 0.0990906
 0.5246 0.0987844
 0.52472 0.0984782
 0.52484 0.0981721
 0.52496 0.0978662
 0.52508 0.0975605
 0.5252 0.097255
 0.52532 0.0969498
 0.52544 0.0966449
 0.52556 0.0963404
 0.52568 0.0960363
 0.5258 0.0957327
 0.52592 0.0954295
 0.52604 0.0951269
 0.52616 0.0948248
 0.52628 0.0945233
 0.5264 0.0942224
 0.52652 0.0939221
 0.52664 0.0936224
 0.52676 0.0933234
 0.52688 0.0930251
 0.527 0.0927275
 0.52712 0.0924306
 0.52724 0.0921344
 0.52736 0.0918389
 0.52748 0.0915443
 0.5276 0.0912504
 0.52772 0.0909574
 0.52784 0.0906651
 0.52796 0.0903738
 0.52808 0.0900832
 0.5282 0.0897936
 0.52832 0.0895049
 0.52844 0.0892171
 0.52856 0.0889302
 0.52868 0.0886443
 0.5288 0.0883593
 0.52892 0.0880754
 0.52904 0.0877925
 0.52916 0.0875106
 0.52928 0.0872297
 0.5294 0.0869499
 0.52952 0.0866712
 0.52964 0.0863936
 0.52976 0.0861172
 0.52988 0.0858418
 0.53 0.0855677
 0.53012 0.0852947
 0.53024 0.0850229
 0.53036 0.0847523
 0.53048 0.0844829
 0.5306 0.0842149
 0.53072 0.0839482
 0.53084 0.0836828
 0.53096 0.0834189
 0.53108 0.0831565
 0.5312 0.0828955
 0.53132 0.0826361
 0.53144 0.0823782
 0.53156 0.082122
 0.53168 0.0818675
 0.5318 0.0816146
 0.53192 0.0813636
 0.53204 0.0811143
 0.53216 0.0808669
 0.53228 0.0806213
 0.5324 0.0803777
 0.53252 0.080136
 0.53264 0.0798964
 0.53276 0.0796587
 0.53288 0.0794231
 0.533 0.0791897
 0.53312 0.0789583
 0.53324 0.0787291
 0.53336 0.0785021
 0.53348 0.0782773
 0.5336 0.0780548
 0.53372 0.0778345
 0.53384 0.0776164
 0.53396 0.0774006
 0.53408 0.0771871
 0.5342 0.0769758
 0.53432 0.0767668
 0.53444 0.0765599
 0.53456 0.0763553
 0.53468 0.0761528
 0.5348 0.0759524
 0.53492 0.0757542
 0.53504 0.0755581
 0.53516 0.0753641
 0.53528 0.0751723
 0.5354 0.0749827
 0.53552 0.0747953
 0.53564 0.0746103
 0.53576 0.0744277
 0.53588 0.0742476
 0.536 0.0740701
 0.53612 0.0738951
 0.53624 0.0737228
 0.53636 0.0735533
 0.53648 0.0733866
 0.5366 0.0732227
 0.53672 0.0730618
 0.53684 0.0729039
 0.53696 0.0727491
 0.53708 0.0725974
 0.5372 0.072449
 0.53732 0.0723038
 0.53744 0.072162
 0.53756 0.0720236
 0.53768 0.0718888
 0.5378 0.0717575
 0.53792 0.0716299
 0.53804 0.071506
 0.53816 0.0713859
 0.53828 0.0712697
 0.5384 0.0711574
 0.53852 0.0710491
 0.53864 0.0709449
 0.53876 0.0708449
 0.53888 0.0707489
 0.539 0.0706571
 0.53912 0.0705694
 0.53924 0.0704857
 0.53936 0.0704061
 0.53948 0.0703305
 0.5396 0.0702589
 0.53972 0.0701913
 0.53984 0.0701277
 0.53996 0.070068
 0.54008 0.0700122
 0.5402 0.0699603
 0.54032 0.0699124
 0.54044 0.0698683
 0.54056 0.069828
 0.54068 0.0697915
 0.5408 0.0697589
 0.54092 0.0697301
 0.54104 0.069705
 0.54116 0.0696836
 0.54128 0.069666
 0.5414 0.0696521
 0.54152 0.0696419
 0.54164 0.0696353
 0.54176 0.0696324
 0.54188 0.0696331
 0.542 0.0696374
 0.54212 0.0696453
 0.54224 0.0696567
 0.54236 0.0696717
 0.54248 0.0696902
 0.5426 0.0697122
 0.54272 0.0697375
 0.54284 0.0697662
 0.54296 0.0697982
 0.54308 0.0698334
 0.5432 0.0698717
 0.54332 0.0699132
 0.54344 0.0699576
 0.54356 0.0700051
 0.54368 0.0700554
 0.5438 0.0701086
 0.54392 0.0701645
 0.54404 0.0702231
 0.54416 0.0702844
 0.54428 0.0703482
 0.5444 0.0704145
 0.54452 0.0704831
 0.54464 0.070554
 0.54476 0.0706271
 0.54488 0.0707022
 0.545 0.0707792
 0.54512 0.0708581
 0.54524 0.0709386
 0.54536 0.0710206
 0.54548 0.0711041
 0.5456 0.0711888
 0.54572 0.0712746
 0.54584 0.0713615
 0.54596 0.0714492
 0.54608 0.0715376
 0.5462 0.0716268
 0.54632 0.0717164
 0.54644 0.0718064
 0.54656 0.0718966
 0.54668 0.071987
 0.5468 0.0720773
 0.54692 0.0721674
 0.54704 0.0722571
 0.54716 0.0723463
 0.54728 0.0724347
 0.5474 0.0725223
 0.54752 0.0726089
 0.54764 0.0726942
 0.54776 0.0727783
 0.54788 0.0728608
 0.548 0.0729418
 0.54812 0.073021
 0.54824 0.0730984
 0.54836 0.0731739
 0.54848 0.0732473
 0.5486 0.0733186
 0.54872 0.0733877
 0.54884 0.0734544
 0.54896 0.0735187
 0.54908 0.0735805
 0.5492 0.0736396
 0.54932 0.073696
 0.54944 0.0737496
 0.54956 0.0738002
 0.54968 0.0738477
 0.5498 0.0738919
 0.54992 0.0739329
 0.55004 0.0739704
 0.55016 0.0740044
 0.55028 0.0740346
 0.5504 0.0740611
 0.55052 0.0740838
 0.55064 0.0741024
 0.55076 0.0741171
 0.55088 0.0741276
 0.551 0.074134
 0.55112 0.0741361
 0.55124 0.074134
 0.55136 0.0741275
 0.55148 0.0741165
 0.5516 0.074101
 0.55172 0.074081
 0.55184 0.0740562
 0.55196 0.0740267
 0.55208 0.0739924
 0.5522 0.0739532
 0.55232 0.073909
 0.55244 0.0738597
 0.55256 0.0738053
 0.55268 0.0737456
 0.5528 0.0736806
 0.55292 0.0736103
 0.55304 0.0735345
 0.55316 0.0734532
 0.55328 0.0733664
 0.5534 0.0732739
 0.55352 0.0731757
 0.55364 0.0730716
 0.55376 0.0729617
 0.55388 0.0728458
 0.554 0.0727238
 0.55412 0.0725957
 0.55424 0.0724615
 0.55436 0.072321
 0.55448 0.0721742
 0.5546 0.0720209
 0.55472 0.0718613
 0.55484 0.0716951
 0.55496 0.0715224
 0.55508 0.0713429
 0.5552 0.0711568
 0.55532 0.0709639
 0.55544 0.0707641
 0.55556 0.0705575
 0.55568 0.0703438
 0.5558 0.0701231
 0.55592 0.0698953
 0.55604 0.0696603
 0.55616 0.069418
 0.55628 0.0691685
 0.5564 0.0689117
 0.55652 0.0686476
 0.55664 0.0683761
 0.55676 0.0680972
 0.55688 0.0678108
 0.557 0.067517
 0.55712 0.0672157
 0.55724 0.0669069
 0.55736 0.0665905
 0.55748 0.0662665
 0.5576 0.0659348
 0.55772 0.0655955
 0.55784 0.0652485
 0.55796 0.0648938
 0.55808 0.0645314
 0.5582 0.0641611
 0.55832 0.063783
 0.55844 0.0633971
 0.55856 0.0630033
 0.55868 0.0626015
 0.5588 0.0621919
 0.55892 0.0617742
 0.55904 0.0613485
 0.55916 0.0609148
 0.55928 0.0604731
 0.5594 0.0600232
 0.55952 0.0595652
 0.55964 0.059099
 0.55976 0.0586246
 0.55988 0.0581419
 0.56 0.057651
 0.56012 0.0571519
 0.56024 0.0566445
 0.56036 0.0561288
 0.56048 0.0556047
 0.5606 0.0550723
 0.56072 0.0545315
 0.56084 0.0539823
 0.56096 0.0534247
 0.56108 0.0528586
 0.5612 0.0522841
 0.56132 0.0517011
 0.56144 0.0511096
 0.56156 0.0505096
 0.56168 0.049901
 0.5618 0.0492838
 0.56192 0.0486581
 0.56204 0.0480238
 0.56216 0.0473808
 0.56228 0.0467292
 0.5624 0.046069
 0.56252 0.0454002
 0.56264 0.0447228
 0.56276 0.0440367
 0.56288 0.0433421
 0.563 0.0426388
 0.56312 0.041927
 0.56324 0.0412066
 0.56336 0.0404776
 0.56348 0.03974
 0.5636 0.038994
 0.56372 0.0382396
 0.56384 0.0374768
 0.56396 0.0367057
 0.56408 0.0359263
 0.5642 0.0351386
 0.56432 0.0343429
 0.56444 0.033539
 0.56456 0.0327271
 0.56468 0.0319072
 0.5648 0.0310794
 0.56492 0.0302436
 0.56504 0.0294
 0.56516 0.0285485
 0.56528 0.0276892
 0.5654 0.026822
 0.56552 0.025947
 0.56564 0.0250642
 0.56576 0.0241734
 0.56588 0.0232747
 0.566 0.0223681
 0.56612 0.0214536
 0.56624 0.0205312
 0.56636 0.0196008
 0.56648 0.0186624
 0.5666 0.0177161
 0.56672 0.0167618
 0.56684 0.0157995
 0.56696 0.0148292
 0.56708 0.013851
 0.5672 0.0128646
 0.56732 0.0118703
 0.56744 0.0108679
 0.56756 0.00985735
 0.56768 0.00883875
 0.5678 0.00781204
 0.56792 0.00677721
 0.56804 0.00573423
 0.56816 0.0046831
 0.56828 0.00362379
 0.5684 0.00255629
 0.56852 0.00148059
 0.56864 0.000396668
 0.56876 -0.000695475
 0.56888 -0.0017958
 0.569 -0.00290426
 0.56912 -0.00402081
 0.56924 -0.00514541
 0.56936 -0.00627801
 0.56948 -0.00741856
 0.5696 -0.00856701
 0.56972 -0.00972333
 0.56984 -0.0108875
 0.56996 -0.0120594
 0.57008 -0.013239
 0.5702 -0.0144263
 0.57032 -0.0156212
 0.57044 -0.0168238
 0.57056 -0.0180338
 0.57068 -0.0192514
 0.5708 -0.0204764
 0.57092 -0.0217089
 0.57104 -0.0229487
 0.57116 -0.0241958
 0.57128 -0.0254502
 0.5714 -0.0267118
 0.57152 -0.0279806
 0.57164 -0.0292565
 0.57176 -0.0305396
 0.57188 -0.0318296
 0.572 -0.0331267
 0.57212 -0.0344307
 0.57224 -0.0357416
 0.57236 -0.0370594
 0.57248 -0.038384
 0.5726 -0.0397153
 0.57272 -0.0410533
 0.57284 -0.0423979
 0.57296 -0.043749
 0.57308 -0.0451066
 0.5732 -0.0464705
 0.57332 -0.0478407
 0.57344 -0.049217
 0.57356 -0.0505994
 0.57368 -0.0519876
 0.5738 -0.0533818
 0.57392 -0.0547816
 0.57404 -0.0561871
 0.57416 -0.0575981
 0.57428 -0.0590144
 0.5744 -0.060436
 0.57452 -0.0618626
 0.57464 -0.063294
 0.57476 -0.0647302
 0.57488 -0.0661708
 0.575 -0.0676156
 0.57512 -0.0690646
 0.57524 -0.0705175
 0.57536 -0.071974
 0.57548 -0.0734339
 0.5756 -0.074897
 0.57572 -0.0763631
 0.57584 -0.0778319
 0.57596 -0.0793033
 0.57608 -0.0807769
 0.5762 -0.0822526
 0.57632 -0.0837302
 0.57644 -0.0852094
 0.57656 -0.08669
 0.57668 -0.0881718
 0.5768 -0.0896545
 0.57692 -0.0911379
 0.57704 -0.0926218
 0.57716 -0.0941058
 0.57728 -0.0955897
 0.5774 -0.0970733
 0.57752 -0.0985564
 0.57764 -0.100039
 0.57776 -0.10152
 0.57788 -0.103
 0.578 -0.104479
 0.57812 -0.105957
 0.57824 -0.107432
 0.57836 -0.108906
 0.57848 -0.110378
 0.5786 -0.111848
 0.57872 -0.113316
 0.57884 -0.114782
 0.57896 -0.116245
 0.57908 -0.117705
 0.5792 -0.119163
 0.57932 -0.120618
 0.57944 -0.12207
 0.57956 -0.123518
 0.57968 -0.124964
 0.5798 -0.126405
 0.57992 -0.127843
 0.58004 -0.129277
 0.58016 -0.130708
 0.58028 -0.132133
 0.5804 -0.133555
 0.58052 -0.134972
 0.58064 -0.136385
 0.58076 -0.137793
 0.58088 -0.139196
 0.581 -0.140594
 0.58112 -0.141988
 0.58124 -0.143376
 0.58136 -0.144759
 0.58148 -0.146137
 0.5816 -0.14751
 0.58172 -0.148877
 0.58184 -0.150239
 0.58196 -0.151595
 0.58208 -0.152945
 0.5822 -0.154289
 0.58232 -0.155628
 0.58244 -0.15696
 0.58256 -0.158285
 0.58268 -0.159605
 0.5828 -0.160917
 0.58292 -0.162224
 0.58304 -0.163523
 0.58316 -0.164815
 0.58328 -0.1661
 0.5834 -0.167378
 0.58352 -0.168649
 0.58364 -0.169912
 0.58376 -0.171168
 0.58388 -0.172415
 0.584 -0.173655
 0.58412 -0.174887
 0.58424 -0.176111
 0.58436 -0.177326
 0.58448 -0.178533
 0.5846 -0.179732
 0.58472 -0.180922
 0.58484 -0.182103
 0.58496 -0.183275
 0.58508 -0.184438
 0.5852 -0.185592
 0.58532 -0.186736
 0.58544 -0.187871
 0.58556 -0.188997
 0.58568 -0.190112
 0.5858 -0.191218
 0.58592 -0.192314
 0.58604 -0.1934
 0.58616 -0.194475
 0.58628 -0.195541
 0.5864 -0.196596
 0.58652 -0.19764
 0.58664 -0.198673
 0.58676 -0.199696
 0.58688 -0.200708
 0.587 -0.201709
 0.58712 -0.202699
 0.58724 -0.203678
 0.58736 -0.204645
 0.58748 -0.205601
 0.5876 -0.206546
 0.58772 -0.207479
 0.58784 -0.2084
 0.58796 -0.209309
 0.58808 -0.210206
 0.5882 -0.211092
 0.58832 -0.211965
 0.58844 -0.212826
 0.58856 -0.213674
 0.58868 -0.21451
 0.5888 -0.215334
 0.58892 -0.216145
 0.58904 -0.216943
 0.58916 -0.217728
 0.58928 -0.2185
 0.5894 -0.219259
 0.58952 -0.220005
 0.58964 -0.220737
 0.58976 -0.221456
 0.58988 -0.222161
 0.59 -0.222853
 0.59012 -0.223531
 0.59024 -0.224196
 0.59036 -0.224846
 0.59048 -0.225482
 0.5906 -0.226105
 0.59072 -0.226713
 0.59084 -0.227307
 0.59096 -0.227887
 0.59108 -0.228453
 0.5912 -0.229004
 0.59132 -0.22954
 0.59144 -0.230063
 0.59156 -0.23057
 0.59168 -0.231063
 0.5918 -0.231541
 0.59192 -0.232004
 0.59204 -0.232453
 0.59216 -0.232886
 0.59228 -0.233304
 0.5924 -0.233708
 0.59252 -0.234096
 0.59264 -0.234469
 0.59276 -0.234827
 0.59288 -0.23517
 0.593 -0.235497
 0.59312 -0.235809
 0.59324 -0.236106
 0.59336 -0.236387
 0.59348 -0.236653
 0.5936 -0.236904
 0.59372 -0.237139
 0.59384 -0.23736
 0.59396 -0.237564
 0.59408 -0.237754
 0.5942 -0.237928
 0.59432 -0.238087
 0.59444 -0.238231
 0.59456 -0.23836
 0.59468 -0.238474
 0.5948 -0.238572
 0.59492 -0.238656
 0.59504 -0.238724
 0.59516 -0.238777
 0.59528 -0.238815
 0.5954 -0.238838
 0.59552 -0.238846
 0.59564 -0.238839
 0.59576 -0.238817
 0.59588 -0.23878
 0.596 -0.238728
 0.59612 -0.23866
 0.59624 -0.238578
 0.59636 -0.238481
 0.59648 -0.238368
 0.5966 -0.238241
 0.59672 -0.238099
 0.59684 -0.237942
 0.59696 -0.23777
 0.59708 -0.237583
 0.5972 -0.237381
 0.59732 -0.237165
 0.59744 -0.236934
 0.59756 -0.236688
 0.59768 -0.236427
 0.5978 -0.236151
 0.59792 -0.235861
 0.59804 -0.235556
 0.59816 -0.235237
 0.59828 -0.234903
 0.5984 -0.234554
 0.59852 -0.234191
 0.59864 -0.233814
 0.59876 -0.233421
 0.59888 -0.233015
 0.599 -0.232594
 0.59912 -0.232159
 0.59924 -0.231709
 0.59936 -0.231246
 0.59948 -0.230768
 0.5996 -0.230276
 0.59972 -0.22977
 0.59984 -0.22925
 0.59996 -0.228716
 0.60008 -0.228169
 0.6002 -0.227607
 0.60032 -0.227032
 0.60044 -0.226443
 0.60056 -0.225841
 0.60068 -0.225225
 0.6008 -0.224596
 0.60092 -0.223954
 0.60104 -0.223298
 0.60116 -0.222629
 0.60128 -0.221946
 0.6014 -0.221251
 0.60152 -0.220543
 0.60164 -0.219821
 0.60176 -0.219087
 0.60188 -0.21834
 0.602 -0.217581
 0.60212 -0.216809
 0.60224 -0.216024
 0.60236 -0.215226
 0.60248 -0.214417
 0.6026 -0.213595
 0.60272 -0.21276
 0.60284 -0.211914
 0.60296 -0.211055
 0.60308 -0.210184
 0.6032 -0.209302
 0.60332 -0.208407
 0.60344 -0.207501
 0.60356 -0.206584
 0.60368 -0.205655
 0.6038 -0.204715
 0.60392 -0.203764
 0.60404 -0.202802
 0.60416 -0.201829
 0.60428 -0.200846
 0.6044 -0.199852
 0.60452 -0.198848
 0.60464 -0.197833
 0.60476 -0.196809
 0.60488 -0.195776
 0.605 -0.194733
 0.60512 -0.19368
 0.60524 -0.192619
 0.60536 -0.191549
 0.60548 -0.190471
 0.6056 -0.189384
 0.60572 -0.188289
 0.60584 -0.187186
 0.60596 -0.186076
 0.60608 -0.184958
 0.6062 -0.183833
 0.60632 -0.182701
 0.60644 -0.181563
 0.60656 -0.180418
 0.60668 -0.179266
 0.6068 -0.178109
 0.60692 -0.176945
 0.60704 -0.175776
 0.60716 -0.174601
 0.60728 -0.173422
 0.6074 -0.172237
 0.60752 -0.171048
 0.60764 -0.169854
 0.60776 -0.168656
 0.60788 -0.167453
 0.608 -0.166247
 0.60812 -0.165036
 0.60824 -0.163822
 0.60836 -0.162604
 0.60848 -0.161383
 0.6086 -0.160158
 0.60872 -0.15893
 0.60884 -0.157699
 0.60896 -0.156465
 0.60908 -0.155229
 0.6092 -0.153989
 0.60932 -0.152747
 0.60944 -0.151503
 0.60956 -0.150256
 0.60968 -0.149008
 0.6098 -0.147757
 0.60992 -0.146505
 0.61004 -0.145251
 0.61016 -0.143996
 0.61028 -0.142739
 0.6104 -0.141481
 0.61052 -0.140222
 0.61064 -0.138962
 0.61076 -0.1377
 0.61088 -0.136438
 0.611 -0.135175
 0.61112 -0.133911
 0.61124 -0.132646
 0.61136 -0.13138
 0.61148 -0.130114
 0.6116 -0.128847
 0.61172 -0.12758
 0.61184 -0.126312
 0.61196 -0.125044
 0.61208 -0.123776
 0.6122 -0.122507
 0.61232 -0.121238
 0.61244 -0.11997
 0.61256 -0.118701
 0.61268 -0.117433
 0.6128 -0.116165
 0.61292 -0.114898
 0.61304 -0.113631
 0.61316 -0.112365
 0.61328 -0.1111
 0.6134 -0.109836
 0.61352 -0.108573
 0.61364 -0.107312
 0.61376 -0.106051
 0.61388 -0.104793
 0.614 -0.103536
 0.61412 -0.102281
 0.61424 -0.101028
 0.61436 -0.0997766
 0.61448 -0.0985277
 0.6146 -0.0972812
 0.61472 -0.096037
 0.61484 -0.0947955
 0.61496 -0.0935567
 0.61508 -0.0923207
 0.6152 -0.0910877
 0.61532 -0.0898579
 0.61544 -0.0886312
 0.61556 -0.087408
 0.61568 -0.0861882
 0.6158 -0.0849721
 0.61592 -0.0837597
 0.61604 -0.0825513
 0.61616 -0.0813468
 0.61628 -0.0801465
 0.6164 -0.0789504
 0.61652 -0.0777588
 0.61664 -0.0765716
 0.61676 -0.075389
 0.61688 -0.0742112
 0.617 -0.0730382
 0.61712 -0.0718702
 0.61724 -0.0707073
 0.61736 -0.0695495
 0.61748 -0.0683971
 0.6176 -0.0672501
 0.61772 -0.0661086
 0.61784 -0.0649729
 0.61796 -0.0638429
 0.61808 -0.0627187
 0.6182 -0.0616006
 0.61832 -0.0604887
 0.61844 -0.059383
 0.61856 -0.0582836
 0.61868 -0.0571907
 0.6188 -0.0561043
 0.61892 -0.0550247
 0.61904 -0.0539518
 0.61916 -0.0528859
 0.61928 -0.0518271
 0.6194 -0.0507754
 0.61952 -0.049731
 0.61964 -0.048694
 0.61976 -0.0476646
 0.61988 -0.0466428
 0.62 -0.0456287
 0.62012 -0.0446224
 0.62024 -0.0436241
 0.62036 -0.0426338
 0.62048 -0.0416517
 0.6206 -0.0406777
 0.62072 -0.039712
 0.62084 -0.0387547
 0.62096 -0.0378058
 0.62108 -0.0368655
 0.6212 -0.0359338
 0.62132 -0.0350108
 0.62144 -0.0340966
 0.62156 -0.0331913
 0.62168 -0.032295
 0.6218 -0.0314078
 0.62192 -0.0305298
 0.62204 -0.029661
 0.62216 -0.0288015
 0.62228 -0.0279515
 0.6224 -0.027111
 0.62252 -0.02628
 0.62264 -0.0254586
 0.62276 -0.0246471
 0.62288 -0.0238453
 0.623 -0.0230535
 0.62312 -0.0222717
 0.62324 -0.0215
 0.62336 -0.0207385
 0.62348 -0.0199872
 0.6236 -0.0192462
 0.62372 -0.0185156
 0.62384 -0.0177953
 0.62396 -0.0170855
 0.62408 -0.0163862
 0.6242 -0.0156974
 0.62432 -0.0150191
 0.62444 -0.0143516
 0.62456 -0.0136947
 0.62468 -0.0130485
 0.6248 -0.0124132
 0.62492 -0.0117886
 0.62504 -0.011175
 0.62516 -0.0105722
 0.62528 -0.0099805
 0.6254 -0.0093998
 0.62552 -0.00883018
 0.62564 -0.00827169
 0.62576 -0.00772436
 0.62588 -0.00718824
 0.626 -0.00666336
 0.62612 -0.00614975
 0.62624 -0.00564745
 0.62636 -0.0051565
 0.62648 -0.00467689
 0.6266 -0.00420865
 0.62672 -0.00375179
 0.62684 -0.00330631
 0.62696 -0.00287223
 0.62708 -0.00244956
 0.6272 -0.00203831
 0.62732 -0.0016385
 0.62744 -0.00125015
 0.62756 -0.000873247
 0.62768 -0.000507806
 0.6278 -0.000153829
 0.62792 0.000188676
 0.62804 0.000519679
 0.62816 0.000839147
 0.62828 0.00114704
 0.6284 0.00144334
 0.62852 0.001728
 0.62864 0.00200104
 0.62876 0.00226247
 0.62888 0.0025123
 0.629 0.00275054
 0.62912 0.00297721
 0.62924 0.00319232
 0.62936 0.00339587
 0.62948 0.00358789
 0.6296 0.00376839
 0.62972 0.00393737
 0.62984 0.00409488
 0.62996 0.004241
 0.63008 0.00437581
 0.6302 0.00449938
 0.63032 0.00461179
 0.63044 0.00471311
 0.63056 0.00480341
 0.63068 0.00488274
 0.6308 0.00495118
 0.63092 0.00500882
 0.63104 0.00505571
 0.63116 0.00509193
 0.63128 0.00511752
 0.6314 0.00513255
 0.63152 0.00513706
 0.63164 0.00513113
 0.63176 0.0051148
 0.63188 0.00508813
 0.632 0.00505119
 0.63212 0.00500401
 0.63224 0.00494668
 0.63236 0.00487923
 0.63248 0.00480173
 0.6326 0.00471423
 0.63272 0.0046168
 0.63284 0.00450948
 0.63296 0.00439235
 0.63308 0.00426547
 0.6332 0.00412893
 0.63332 0.00398283
 0.63344 0.00382724
 0.63356 0.00366225
 0.63368 0.00348795
 0.6338 0.00330442
 0.63392 0.00311175
 0.63404 0.00291004
 0.63416 0.0026994
 0.63428 0.00247994
 0.6344 0.00225179
 0.63452 0.00201506
 0.63464 0.00176987
 0.63476 0.00151636
 0.63488 0.00125464
 0.635 0.000984845
 0.63512 0.000707092
 0.63524 0.000421511
 0.63536 0.00012823
 0.63548 -0.000172632
 0.6356 -0.000480962
 0.63572 -0.000796645
 0.63584 -0.00111957
 0.63596 -0.00144962
 0.63608 -0.00178667
 0.6362 -0.00213063
 0.63632 -0.00248137
 0.63644 -0.00283878
 0.63656 -0.00320274
 0.63668 -0.00357314
 0.6368 -0.00394986
 0.63692 -0.00433279
 0.63704 -0.00472181
 0.63716 -0.0051168
 0.63728 -0.00551765
 0.6374 -0.00592426
 0.63752 -0.00633654
 0.63764 -0.00675439
 0.63776 -0.00717772
 0.63788 -0.00760646
 0.638 -0.00804051
 0.63812 -0.00847981
 0.63824 -0.00892428
 0.63836 -0.00937383
 0.63848 -0.0098284
 0.6386 -0.0102879
 0.63872 -0.0107523
 0.63884 -0.0112215
 0.63896 -0.0116954
 0.63908 -0.012174
 0.6392 -0.0126573
 0.63932 -0.013145
 0.63944 -0.0136373
 0.63956 -0.014134
 0.63968 -0.0146351
 0.6398 -0.0151406
 0.63992 -0.0156503
 0.64004 -0.0161644
 0.64016 -0.0166826
 0.64028 -0.0172051
 0.6404 -0.0177318
 0.64052 -0.0182626
 0.64064 -0.0187976
 0.64076 -0.0193368
 0.64088 -0.0198802
 0.641 -0.0204278
 0.64112 -0.0209796
 0.64124 -0.0215356
 0.64136 -0.0220959
 0.64148 -0.0226604
 0.6416 -0.0232292
 0.64172 -0.0238023
 0.64184 -0.0243796
 0.64196 -0.0249612
 0.64208 -0.0255472
 0.6422 -0.0261374
 0.64232 -0.0267319
 0.64244 -0.0273307
 0.64256 -0.0279338
 0.64268 -0.0285411
 0.6428 -0.0291526
 0.64292 -0.0297683
 0.64304 -0.0303881
 0.64316 -0.0310121
 0.64328 -0.0316401
 0.6434 -0.0322721
 0.64352 -0.0329082
 0.64364 -0.0335483
 0.64376 -0.0341923
 0.64388 -0.0348403
 0.644 -0.0354922
 0.64412 -0.036148
 0.64424 -0.0368077
 0.64436 -0.0374712
 0.64448 -0.0381385
 0.6446 -0.0388095
 0.64472 -0.0394843
 0.64484 -0.0401628
 0.64496 -0.040845
 0.64508 -0.0415308
 0.6452 -0.0422202
 0.64532 -0.0429131
 0.64544 -0.0436097
 0.64556 -0.0443097
 0.64568 -0.0450132
 0.6458 -0.0457201
 0.64592 -0.0464305
 0.64604 -0.0471442
 0.64616 -0.0478613
 0.64628 -0.0485818
 0.6464 -0.0493056
 0.64652 -0.0500327
 0.64664 -0.0507631
 0.64676 -0.0514968
 0.64688 -0.0522339
 0.647 -0.0529742
 0.64712 -0.0537179
 0.64724 -0.0544648
 0.64736 -0.0552151
 0.64748 -0.0559687
 0.6476 -0.0567255
 0.64772 -0.0574857
 0.64784 -0.0582491
 0.64796 -0.0590159
 0.64808 -0.0597859
 0.6482 -0.0605593
 0.64832 -0.0613359
 0.64844 -0.0621158
 0.64856 -0.0628991
 0.64868 -0.0636857
 0.6488 -0.0644756
 0.64892 -0.0652688
 0.64904 -0.0660654
 0.64916 -0.0668652
 0.64928 -0.0676684
 0.6494 -0.0684749
 0.64952 -0.0692847
 0.64964 -0.0700978
 0.64976 -0.0709142
 0.64988 -0.071734
 0.65 -0.0725572
 0.65012 -0.0733838
 0.65024 -0.0742139
 0.65036 -0.0750474
 0.65048 -0.0758844
 0.6506 -0.0767251
 0.65072 -0.0775693
 0.65084 -0.0784171
 0.65096 -0.0792686
 0.65108 -0.0801238
 0.6512 -0.0809827
 0.65132 -0.0818453
 0.65144 -0.0827118
 0.65156 -0.0835821
 0.65168 -0.0844562
 0.6518 -0.0853342
 0.65192 -0.0862161
 0.65204 -0.0871019
 0.65216 -0.0879918
 0.65228 -0.0888856
 0.6524 -0.0897835
 0.65252 -0.0906854
 0.65264 -0.0915914
 0.65276 -0.0925015
 0.65288 -0.0934156
 0.653 -0.0943338
 0.65312 -0.0952561
 0.65324 -0.0961824
 0.65336 -0.0971127
 0.65348 -0.0980472
 0.6536 -0.0989857
 0.65372 -0.0999283
 0.65384 -0.100875
 0.65396 -0.101826
 0.65408 -0.102781
 0.6542 -0.10374
 0.65432 -0.104703
 0.65444 -0.10567
 0.65456 -0.106641
 0.65468 -0.107617
 0.6548 -0.108597
 0.65492 -0.109581
 0.65504 -0.110569
 0.65516 -0.111561
 0.65528 -0.112557
 0.6554 -0.113558
 0.65552 -0.114563
 0.65564 -0.115572
 0.65576 -0.116585
 0.65588 -0.117603
 0.656 -0.118624
 0.65612 -0.11965
 0.65624 -0.120681
 0.65636 -0.121715
 0.65648 -0.122754
 0.6566 -0.123798
 0.65672 -0.124846
 0.65684 -0.125898
 0.65696 -0.126955
 0.65708 -0.128016
 0.6572 -0.129082
 0.65732 -0.130152
 0.65744 -0.131227
 0.65756 -0.132307
 0.65768 -0.133392
 0.6578 -0.134481
 0.65792 -0.135575
 0.65804 -0.136673
 0.65816 -0.137777
 0.65828 -0.138884
 0.6584 -0.139996
 0.65852 -0.141113
 0.65864 -0.142234
 0.65876 -0.143359
 0.65888 -0.144489
 0.659 -0.145623
 0.65912 -0.146761
 0.65924 -0.147903
 0.65936 -0.14905
 0.65948 -0.150201
 0.6596 -0.151356
 0.65972 -0.152516
 0.65984 -0.15368
 0.65996 -0.154848
 0.66008 -0.15602
 0.6602 -0.157198
 0.66032 -0.158379
 0.66044 -0.159566
 0.66056 -0.160757
 0.66068 -0.161954
 0.6608 -0.163155
 0.66092 -0.164361
 0.66104 -0.165573
 0.66116 -0.16679
 0.66128 -0.168012
 0.6614 -0.169239
 0.66152 -0.170471
 0.66164 -0.171708
 0.66176 -0.172951
 0.66188 -0.174199
 0.662 -0.175451
 0.66212 -0.176709
 0.66224 -0.177973
 0.66236 -0.179241
 0.66248 -0.180515
 0.6626 -0.181794
 0.66272 -0.183077
 0.66284 -0.184367
 0.66296 -0.185661
 0.66308 -0.186961
 0.6632 -0.188265
 0.66332 -0.189575
 0.66344 -0.190891
 0.66356 -0.192211
 0.66368 -0.193537
 0.6638 -0.194867
 0.66392 -0.196204
 0.66404 -0.197545
 0.66416 -0.198891
 0.66428 -0.200243
 0.6644 -0.2016
 0.66452 -0.202963
 0.66464 -0.20433
 0.66476 -0.205703
 0.66488 -0.207082
 0.665 -0.208465
 0.66512 -0.209854
 0.66524 -0.211248
 0.66536 -0.212648
 0.66548 -0.214053
 0.6656 -0.215463
 0.66572 -0.216879
 0.66584 -0.2183
 0.66596 -0.219726
 0.66608 -0.221158
 0.6662 -0.222595
 0.66632 -0.224038
 0.66644 -0.225486
 0.66656 -0.22694
 0.66668 -0.228399
 0.6668 -0.229863
 0.66692 -0.231333
 0.66704 -0.232808
 0.66716 -0.234289
 0.66728 -0.235776
 0.6674 -0.237268
 0.66752 -0.238766
 0.66764 -0.240269
 0.66776 -0.241778
 0.66788 -0.243293
 0.668 -0.244813
 0.66812 -0.246339
 0.66824 -0.24787
 0.66836 -0.249407
 0.66848 -0.250949
 0.6686 -0.252497
 0.66872 -0.254051
 0.66884 -0.25561
 0.66896 -0.257175
 0.66908 -0.258745
 0.6692 -0.26032
 0.66932 -0.261901
 0.66944 -0.263488
 0.66956 -0.265079
 0.66968 -0.266676
 0.6698 -0.268278
 0.66992 -0.269886
 0.67004 -0.271498
 0.67016 -0.273115
 0.67028 -0.274738
 0.6704 -0.276365
 0.67052 -0.277997
 0.67064 -0.279634
 0.67076 -0.281276
 0.67088 -0.282922
 0.671 -0.284573
 0.67112 -0.286229
 0.67124 -0.287889
 0.67136 -0.289553
 0.67148 -0.291222
 0.6716 -0.292895
 0.67172 -0.294571
 0.67184 -0.296253
 0.67196 -0.297938
 0.67208 -0.299626
 0.6722 -0.301319
 0.67232 -0.303016
 0.67244 -0.304716
 0.67256 -0.30642
 0.67268 -0.308127
 0.6728 -0.309837
 0.67292 -0.311551
 0.67304 -0.313269
 0.67316 -0.314989
 0.67328 -0.316713
 0.6734 -0.31844
 0.67352 -0.320169
 0.67364 -0.321902
 0.67376 -0.323637
 0.67388 -0.325376
 0.674 -0.327116
 0.67412 -0.32886
 0.67424 -0.330606
 0.67436 -0.332354
 0.67448 -0.334104
 0.6746 -0.335857
 0.67472 -0.337612
 0.67484 -0.33937
 0.67496 -0.341129
 0.67508 -0.34289
 0.6752 -0.344653
 0.67532 -0.346418
 0.67544 -0.348185
 0.67556 -0.349954
 0.67568 -0.351724
 0.6758 -0.353495
 0.67592 -0.355268
 0.67604 -0.357043
 0.67616 -0.358819
 0.67628 -0.360596
 0.6764 -0.362374
 0.67652 -0.364153
 0.67664 -0.365933
 0.67676 -0.367713
 0.67688 -0.369495
 0.677 -0.371277
 0.67712 -0.37306
 0.67724 -0.374842
 0.67736 -0.376626
 0.67748 -0.378409
 0.6776 -0.380192
 0.67772 -0.381975
 0.67784 -0.383758
 0.67796 -0.385541
 0.67808 -0.387323
 0.6782 -0.389105
 0.67832 -0.390886
 0.67844 -0.392666
 0.67856 -0.394446
 0.67868 -0.396224
 0.6788 -0.398001
 0.67892 -0.399777
 0.67904 -0.401551
 0.67916 -0.403324
 0.67928 -0.405095
 0.6794 -0.406865
 0.67952 -0.408632
 0.67964 -0.410398
 0.67976 -0.412161
 0.67988 -0.413922
 0.68 -0.415681
 0.68012 -0.417437
 0.68024 -0.41919
 0.68036 -0.42094
 0.68048 -0.422687
 0.6806 -0.42443
 0.68072 -0.42617
 0.68084 -0.427907
 0.68096 -0.429639
 0.68108 -0.431368
 0.6812 -0.433092
 0.68132 -0.434812
 0.68144 -0.436527
 0.68156 -0.438238
 0.68168 -0.439944
 0.6818 -0.441645
 0.68192 -0.443341
 0.68204 -0.445031
 0.68216 -0.446716
 0.68228 -0.448395
 0.6824 -0.450068
 0.68252 -0.451735
 0.68264 -0.453397
 0.68276 -0.455052
 0.68288 -0.4567
 0.683 -0.458342
 0.68312 -0.459977
 0.68324 -0.461605
 0.68336 -0.463227
 0.68348 -0.464841
 0.6836 -0.466448
 0.68372 -0.468047
 0.68384 -0.469639
 0.68396 -0.471224
 0.68408 -0.4728
 0.6842 -0.474369
 0.68432 -0.475929
 0.68444 -0.477482
 0.68456 -0.479026
 0.68468 -0.480561
 0.6848 -0.482088
 0.68492 -0.483606
 0.68504 -0.485116
 0.68516 -0.486616
 0.68528 -0.488107
 0.6854 -0.48959
 0.68552 -0.491062
 0.68564 -0.492525
 0.68576 -0.493979
 0.68588 -0.495423
 0.686 -0.496857
 0.68612 -0.498281
 0.68624 -0.499695
 0.68636 -0.501098
 0.68648 -0.502491
 0.6866 -0.503874
 0.68672 -0.505246
 0.68684 -0.506607
 0.68696 -0.507957
 0.68708 -0.509297
 0.6872 -0.510625
 0.68732 -0.511941
 0.68744 -0.513246
 0.68756 -0.51454
 0.68768 -0.515822
 0.6878 -0.517092
 0.68792 -0.51835
 0.68804 -0.519596
 0.68816 -0.520831
 0.68828 -0.522053
 0.6884 -0.523264
 0.68852 -0.524463
 0.68864 -0.52565
 0.68876 -0.526825
 0.68888 -0.527989
 0.689 -0.529141
 0.68912 -0.530281
 0.68924 -0.53141
 0.68936 -0.532526
 0.68948 -0.533631
 0.6896 -0.534725
 0.68972 -0.535806
 0.68984 -0.536876
 0.68996 -0.537934
 0.69008 -0.53898
 0.6902 -0.540014
 0.69032 -0.541035
 0.69044 -0.542045
 0.69056 -0.543042
 0.69068 -0.544026
 0.6908 -0.544998
 0.69092 -0.545957
 0.69104 -0.546904
 0.69116 -0.547838
 0.69128 -0.548759
 0.6914 -0.549668
 0.69152 -0.550564
 0.69164 -0.551448
 0.69176 -0.552319
 0.69188 -0.553178
 0.692 -0.554025
 0.69212 -0.554859
 0.69224 -0.555681
 0.69236 -0.556491
 0.69248 -0.557289
 0.6926 -0.558075
 0.69272 -0.558848
 0.69284 -0.55961
 0.69296 -0.560359
 0.69308 -0.561097
 0.6932 -0.561822
 0.69332 -0.562536
 0.69344 -0.563238
 0.69356 -0.563928
 0.69368 -0.564606
 0.6938 -0.565273
 0.69392 -0.565928
 0.69404 -0.566571
 0.69416 -0.567203
 0.69428 -0.567824
 0.6944 -0.568433
 0.69452 -0.56903
 0.69464 -0.569616
 0.69476 -0.570191
 0.69488 -0.570755
 0.695 -0.571307
 0.69512 -0.571848
 0.69524 -0.572378
 0.69536 -0.572897
 0.69548 -0.573404
 0.6956 -0.573901
 0.69572 -0.574387
 0.69584 -0.574862
 0.69596 -0.575326
 0.69608 -0.575779
 0.6962 -0.576221
 0.69632 -0.576653
 0.69644 -0.577074
 0.69656 -0.577484
 0.69668 -0.577883
 0.6968 -0.578271
 0.69692 -0.578649
 0.69704 -0.579016
 0.69716 -0.579372
 0.69728 -0.579717
 0.6974 -0.580051
 0.69752 -0.580374
 0.69764 -0.580687
 0.69776 -0.580988
 0.69788 -0.581278
 0.698 -0.581557
 0.69812 -0.581826
 0.69824 -0.582083
 0.69836 -0.582329
 0.69848 -0.582564
 0.6986 -0.582788
 0.69872 -0.583001
 0.69884 -0.583204
 0.69896 -0.583395
 0.69908 -0.583575
 0.6992 -0.583745
 0.69932 -0.583903
 0.69944 -0.584051
 0.69956 -0.584188
 0.69968 -0.584315
 0.6998 -0.58443
 0.69992 -0.584535
 0.70004 -0.584629
 0.70016 -0.584713
 0.70028 -0.584786
 0.7004 -0.584849
 0.70052 -0.584901
 0.70064 -0.584942
 0.70076 -0.584974
 0.70088 -0.584995
 0.701 -0.585006
 0.70112 -0.585006
 0.70124 -0.584997
 0.70136 -0.584977
 0.70148 -0.584948
 0.7016 -0.584909
 0.70172 -0.58486
 0.70184 -0.584801
 0.70196 -0.584732
 0.70208 -0.584654
 0.7022 -0.584566
 0.70232 -0.584468
 0.70244 -0.584361
 0.70256 -0.584244
 0.70268 -0.584118
 0.7028 -0.583983
 0.70292 -0.583838
 0.70304 -0.583684
 0.70316 -0.583521
 0.70328 -0.583349
 0.7034 -0.583168
 0.70352 -0.582977
 0.70364 -0.582778
 0.70376 -0.582569
 0.70388 -0.582352
 0.704 -0.582126
 0.70412 -0.581891
 0.70424 -0.581647
 0.70436 -0.581395
 0.70448 -0.581134
 0.7046 -0.580864
 0.70472 -0.580586
 0.70484 -0.580299
 0.70496 -0.580004
 0.70508 -0.5797
 0.7052 -0.579388
 0.70532 -0.579067
 0.70544 -0.578738
 0.70556 -0.578401
 0.70568 -0.578055
 0.7058 -0.577701
 0.70592 -0.57734
 0.70604 -0.576969
 0.70616 -0.576591
 0.70628 -0.576205
 0.7064 -0.575811
 0.70652 -0.575409
 0.70664 -0.574999
 0.70676 -0.574581
 0.70688 -0.574155
 0.707 -0.573722
 0.70712 -0.573281
 0.70724 -0.572832
 0.70736 -0.572376
 0.70748 -0.571912
 0.7076 -0.571441
 0.70772 -0.570962
 0.70784 -0.570476
 0.70796 -0.569983
 0.70808 -0.569483
 0.7082 -0.568975
 0.70832 -0.568461
 0.70844 -0.567939
 0.70856 -0.567411
 0.70868 -0.566875
 0.7088 -0.566333
 0.70892 -0.565784
 0.70904 -0.565229
 0.70916 -0.564667
 0.70928 -0.564098
 0.7094 -0.563523
 0.70952 -0.562942
 0.70964 -0.562354
 0.70976 -0.56176
 0.70988 -0.56116
 0.71 -0.560554
 0.71012 -0.559943
 0.71024 -0.559325
 0.71036 -0.558702
 0.71048 -0.558073
 0.7106 -0.557439
 0.71072 -0.556799
 0.71084 -0.556154
 0.71096 -0.555504
 0.71108 -0.554849
 0.7112 -0.554189
 0.71132 -0.553524
 0.71144 -0.552854
 0.71156 -0.55218
 0.71168 -0.551502
 0.7118 -0.550818
 0.71192 -0.550131
 0.71204 -0.549439
 0.71216 -0.548743
 0.71228 -0.548044
 0.7124 -0.54734
 0.71252 -0.546632
 0.71264 -0.545921
 0.71276 -0.545207
 0.71288 -0.544488
 0.713 -0.543767
 0.71312 -0.543042
 0.71324 -0.542313
 0.71336 -0.541582
 0.71348 -0.540848
 0.7136 -0.54011
 0.71372 -0.53937
 0.71384 -0.538627
 0.71396 -0.537881
 0.71408 -0.537132
 0.7142 -0.536381
 0.71432 -0.535627
 0.71444 -0.534871
 0.71456 -0.534112
 0.71468 -0.533351
 0.7148 -0.532588
 0.71492 -0.531822
 0.71504 -0.531054
 0.71516 -0.530284
 0.71528 -0.529512
 0.7154 -0.528738
 0.71552 -0.527961
 0.71564 -0.527183
 0.71576 -0.526403
 0.71588 -0.525621
 0.716 -0.524837
 0.71612 -0.524051
 0.71624 -0.523263
 0.71636 -0.522474
 0.71648 -0.521683
 0.7166 -0.52089
 0.71672 -0.520095
 0.71684 -0.519299
 0.71696 -0.518501
 0.71708 -0.517702
 0.7172 -0.516901
 0.71732 -0.516098
 0.71744 -0.515295
 0.71756 -0.514489
 0.71768 -0.513683
 0.7178 -0.512874
 0.71792 -0.512065
 0.71804 -0.511254
 0.71816 -0.510442
 0.71828 -0.509627
 0.7184 -0.508812
 0.71852 -0.507994
 0.71864 -0.507175
 0.71876 -0.506353
 0.71888 -0.50553
 0.719 -0.504704
 0.71912 -0.503876
 0.71924 -0.503046
 0.71936 -0.502214
 0.71948 -0.501379
 0.7196 -0.500542
 0.71972 -0.499702
 0.71984 -0.498859
 0.71996 -0.498014
 0.72008 -0.497167
 0.7202 -0.496317
 0.72032 -0.495464
 0.72044 -0.494608
 0.72056 -0.49375
 0.72068 -0.49289
 0.7208 -0.492026
 0.72092 -0.49116
 0.72104 -0.490291
 0.72116 -0.48942
 0.72128 -0.488545
 0.7214 -0.487668
 0.72152 -0.486787
 0.72164 -0.485902
 0.72176 -0.485015
 0.72188 -0.484124
 0.722 -0.483229
 0.72212 -0.48233
 0.72224 -0.481428
 0.72236 -0.480521
 0.72248 -0.47961
 0.7226 -0.478695
 0.72272 -0.477775
 0.72284 -0.476851
 0.72296 -0.475922
 0.72308 -0.474989
 0.7232 -0.47405
 0.72332 -0.473106
 0.72344 -0.472158
 0.72356 -0.471203
 0.72368 -0.470244
 0.7238 -0.469279
 0.72392 -0.468308
 0.72404 -0.467331
 0.72416 -0.466349
 0.72428 -0.46536
 0.7244 -0.464365
 0.72452 -0.463364
 0.72464 -0.462356
 0.72476 -0.461342
 0.72488 -0.460321
 0.725 -0.459293
 0.72512 -0.458258
 0.72524 -0.457216
 0.72536 -0.456167
 0.72548 -0.45511
 0.7256 -0.454046
 0.72572 -0.452975
 0.72584 -0.451896
 0.72596 -0.450808
 0.72608 -0.449713
 0.7262 -0.44861
 0.72632 -0.447499
 0.72644 -0.446379
 0.72656 -0.445251
 0.72668 -0.444115
 0.7268 -0.442971
 0.72692 -0.441818
 0.72704 -0.440657
 0.72716 -0.439487
 0.72728 -0.438309
 0.7274 -0.437123
 0.72752 -0.435928
 0.72764 -0.434725
 0.72776 -0.433514
 0.72788 -0.432295
 0.728 -0.431067
 0.72812 -0.429832
 0.72824 -0.428588
 0.72836 -0.427336
 0.72848 -0.426076
 0.7286 -0.424807
 0.72872 -0.42353
 0.72884 -0.422245
 0.72896 -0.420952
 0.72908 -0.419651
 0.7292 -0.418341
 0.72932 -0.417023
 0.72944 -0.415697
 0.72956 -0.414363
 0.72968 -0.41302
 0.7298 -0.411669
 0.72992 -0.41031
 0.73004 -0.408942
 0.73016 -0.407566
 0.73028 -0.406182
 0.7304 -0.40479
 0.73052 -0.403389
 0.73064 -0.401979
 0.73076 -0.400561
 0.73088 -0.399135
 0.731 -0.397699
 0.73112 -0.396255
 0.73124 -0.394803
 0.73136 -0.393341
 0.73148 -0.391871
 0.7316 -0.390392
 0.73172 -0.388904
 0.73184 -0.387407
 0.73196 -0.385901
 0.73208 -0.384386
 0.7322 -0.382862
 0.73232 -0.381329
 0.73244 -0.379787
 0.73256 -0.378235
 0.73268 -0.376675
 0.7328 -0.375106
 0.73292 -0.373528
 0.73304 -0.37194
 0.73316 -0.370344
 0.73328 -0.368739
 0.7334 -0.367124
 0.73352 -0.365501
 0.73364 -0.363868
 0.73376 -0.362227
 0.73388 -0.360576
 0.734 -0.358917
 0.73412 -0.357248
 0.73424 -0.35557
 0.73436 -0.353884
 0.73448 -0.352188
 0.7346 -0.350483
 0.73472 -0.34877
 0.73484 -0.347047
 0.73496 -0.345316
 0.73508 -0.343575
 0.7352 -0.341826
 0.73532 -0.340067
 0.73544 -0.3383
 0.73556 -0.336524
 0.73568 -0.334739
 0.7358 -0.332945
 0.73592 -0.331142
 0.73604 -0.32933
 0.73616 -0.32751
 0.73628 -0.32568
 0.7364 -0.323842
 0.73652 -0.321995
 0.73664 -0.320139
 0.73676 -0.318274
 0.73688 -0.3164
 0.737 -0.314518
 0.73712 -0.312627
 0.73724 -0.310727
 0.73736 -0.308818
 0.73748 -0.306901
 0.7376 -0.304974
 0.73772 -0.30304
 0.73784 -0.301096
 0.73796 -0.299144
 0.73808 -0.297183
 0.7382 -0.295213
 0.73832 -0.293234
 0.73844 -0.291247
 0.73856 -0.289251
 0.73868 -0.287247
 0.7388 -0.285233
 0.73892 -0.283211
 0.73904 -0.28118
 0.73916 -0.279141
 0.73928 -0.277092
 0.7394 -0.275035
 0.73952 -0.272969
 0.73964 -0.270894
 0.73976 -0.26881
 0.73988 -0.266717
 0.74 -0.264615
 0.74012 -0.262505
 0.74024 -0.260385
 0.74036 -0.258256
 0.74048 -0.256118
 0.7406 -0.253972
 0.74072 -0.251816
 0.74084 -0.249651
 0.74096 -0.247476
 0.74108 -0.245293
 0.7412 -0.243101
 0.74132 -0.240899
 0.74144 -0.238688
 0.74156 -0.236467
 0.74168 -0.234238
 0.7418 -0.231998
 0.74192 -0.22975
 0.74204 -0.227492
 0.74216 -0.225225
 0.74228 -0.222948
 0.7424 -0.220662
 0.74252 -0.218366
 0.74264 -0.216061
 0.74276 -0.213746
 0.74288 -0.211422
 0.743 -0.209087
 0.74312 -0.206743
 0.74324 -0.20439
 0.74336 -0.202027
 0.74348 -0.199654
 0.7436 -0.197271
 0.74372 -0.194878
 0.74384 -0.192476
 0.74396 -0.190064
 0.74408 -0.187643
 0.7442 -0.185212
 0.74432 -0.182771
 0.74444 -0.18032
 0.74456 -0.17786
 0.74468 -0.175391
 0.7448 -0.172911
 0.74492 -0.170422
 0.74504 -0.167924
 0.74516 -0.165416
 0.74528 -0.162898
 0.7454 -0.160371
 0.74552 -0.157835
 0.74564 -0.15529
 0.74576 -0.152735
 0.74588 -0.150171
 0.746 -0.147598
 0.74612 -0.145017
 0.74624 -0.142426
 0.74636 -0.139826
 0.74648 -0.137217
 0.7466 -0.1346
 0.74672 -0.131974
 0.74684 -0.129339
 0.74696 -0.126696
 0.74708 -0.124044
 0.7472 -0.121384
 0.74732 -0.118716
 0.74744 -0.11604
 0.74756 -0.113355
 0.74768 -0.110663
 0.7478 -0.107962
 0.74792 -0.105254
 0.74804 -0.102538
 0.74816 -0.0998141
 0.74828 -0.0970828
 0.7484 -0.0943441
 0.74852 -0.091598
 0.74864 -0.0888448
 0.74876 -0.0860845
 0.74888 -0.0833172
 0.749 -0.080543
 0.74912 -0.077762
 0.74924 -0.0749745
 0.74936 -0.0721804
 0.74948 -0.06938
 0.7496 -0.0665733
 0.74972 -0.0637604
 0.74984 -0.0609414
 0.74996 -0.0581164
 0.75008 -0.0552855
 0.7502 -0.0524487
 0.75032 -0.0496062
 0.75044 -0.046758
 0.75056 -0.0439041
 0.75068 -0.0410447
 0.7508 -0.0381799
 0.75092 -0.0353096
 0.75104 -0.032434
 0.75116 -0.0295533
 0.75128 -0.0266674
 0.7514 -0.0237766
 0.75152 -0.0208809
 0.75164 -0.0179806
 0.75176 -0.0150759
 0.75188 -0.0121668
 0.752 -0.00925362
 0.75212 -0.00633645
 0.75224 -0.00341549
 0.75236 -0.000490929
 0.75248 0.00243703
 0.7526 0.0053682
 0.75272 0.00830237
 0.75284 0.0112394
 0.75296 0.0141789
 0.75308 0.0171209
 0.7532 0.0200651
 0.75332 0.0230113
 0.75344 0.0259593
 0.75356 0.0289089
 0.75368 0.03186
 0.7538 0.0348122
 0.75392 0.0377654
 0.75404 0.0407195
 0.75416 0.0436741
 0.75428 0.0466291
 0.7544 0.0495842
 0.75452 0.0525394
 0.75464 0.0554942
 0.75476 0.0584487
 0.75488 0.0614024
 0.755 0.0643553
 0.75512 0.067307
 0.75524 0.0702575
 0.75536 0.0732064
 0.75548 0.0761536
 0.7556 0.0790988
 0.75572 0.0820418
 0.75584 0.0849825
 0.75596 0.0879205
 0.75608 0.0908558
 0.7562 0.093788
 0.75632 0.0967171
 0.75644 0.0996429
 0.75656 0.102565
 0.75668 0.105484
 0.7568 0.108399
 0.75692 0.11131
 0.75704 0.114217
 0.75716 0.11712
 0.75728 0.120019
 0.7574 0.122913
 0.75752 0.125804
 0.75764 0.12869
 0.75776 0.131571
 0.75788 0.134449
 0.758 0.137321
 0.75812 0.140189
 0.75824 0.143053
 0.75836 0.145911
 0.75848 0.148765
 0.7586 0.151614
 0.75872 0.154458
 0.75884 0.157297
 0.75896 0.160131
 0.75908 0.16296
 0.7592 0.165784
 0.75932 0.168602
 0.75944 0.171415
 0.75956 0.174223
 0.75968 0.177025
 0.7598 0.179821
 0.75992 0.182612
 0.76004 0.185397
 0.76016 0.188176
 0.76028 0.190949
 0.7604 0.193716
 0.76052 0.196478
 0.76064 0.199233
 0.76076 0.201981
 0.76088 0.204724
 0.761 0.20746
 0.76112 0.210189
 0.76124 0.212912
 0.76136 0.215627
 0.76148 0.218336
 0.7616 0.221038
 0.76172 0.223733
 0.76184 0.226421
 0.76196 0.229101
 0.76208 0.231774
 0.7622 0.234439
 0.76232 0.237097
 0.76244 0.239748
 0.76256 0.242391
 0.76268 0.245026
 0.7628 0.247654
 0.76292 0.250274
 0.76304 0.252887
 0.76316 0.255491
 0.76328 0.258088
 0.7634 0.260677
 0.76352 0.263258
 0.76364 0.265831
 0.76376 0.268396
 0.76388 0.270953
 0.764 0.273502
 0.76412 0.276042
 0.76424 0.278574
 0.76436 0.281098
 0.76448 0.283613
 0.7646 0.28612
 0.76472 0.288618
 0.76484 0.291108
 0.76496 0.293589
 0.76508 0.296061
 0.7652 0.298525
 0.76532 0.30098
 0.76544 0.303426
 0.76556 0.305863
 0.76568 0.308291
 0.7658 0.31071
 0.76592 0.313119
 0.76604 0.31552
 0.76616 0.317912
 0.76628 0.320294
 0.7664 0.322667
 0.76652 0.32503
 0.76664 0.327385
 0.76676 0.329729
 0.76688 0.332064
 0.767 0.334389
 0.76712 0.336705
 0.76724 0.33901
 0.76736 0.341306
 0.76748 0.343592
 0.7676 0.345868
 0.76772 0.348134
 0.76784 0.35039
 0.76796 0.352635
 0.76808 0.35487
 0.7682 0.357095
 0.76832 0.359309
 0.76844 0.361513
 0.76856 0.363706
 0.76868 0.365888
 0.7688 0.368059
 0.76892 0.370219
 0.76904 0.372368
 0.76916 0.374506
 0.76928 0.376631
 0.7694 0.378746
 0.76952 0.380848
 0.76964 0.382938
 0.76976 0.385016
 0.76988 0.387082
 0.77 0.389135
 0.77012 0.391176
 0.77024 0.393204
 0.77036 0.395219
 0.77048 0.39722
 0.7706 0.399209
 0.77072 0.401184
 0.77084 0.403145
 0.77096 0.405093
 0.77108 0.407026
 0.7712 0.408945
 0.77132 0.41085
 0.77144 0.412741
 0.77156 0.414616
 0.77168 0.416477
 0.7718 0.418323
 0.77192 0.420153
 0.77204 0.421968
 0.77216 0.423768
 0.77228 0.425551
 0.7724 0.427319
 0.77252 0.42907
 0.77264 0.430806
 0.77276 0.432524
 0.77288 0.434226
 0.773 0.435911
 0.77312 0.437579
 0.77324 0.439229
 0.77336 0.440862
 0.77348 0.442477
 0.7736 0.444074
 0.77372 0.445653
 0.77384 0.447214
 0.77396 0.448756
 0.77408 0.45028
 0.7742 0.451785
 0.77432 0.453271
 0.77444 0.454738
 0.77456 0.456185
 0.77468 0.457613
 0.7748 0.459022
 0.77492 0.46041
 0.77504 0.461779
 0.77516 0.463127
 0.77528 0.464456
 0.7754 0.465764
 0.77552 0.467051
 0.77564 0.468317
 0.77576 0.469563
 0.77588 0.470788
 0.776 0.471991
 0.77612 0.473174
 0.77624 0.474335
 0.77636 0.475474
 0.77648 0.476592
 0.7766 0.477688
 0.77672 0.478762
 0.77684 0.479814
 0.77696 0.480844
 0.77708 0.481852
 0.7772 0.482838
 0.77732 0.483801
 0.77744 0.484742
 0.77756 0.48566
 0.77768 0.486555
 0.7778 0.487428
 0.77792 0.488278
 0.77804 0.489104
 0.77816 0.489908
 0.77828 0.490688
 0.7784 0.491444
 0.77852 0.492178
 0.77864 0.492887
 0.77876 0.493573
 0.77888 0.494235
 0.779 0.494873
 0.77912 0.495487
 0.77924 0.496077
 0.77936 0.496643
 0.77948 0.497185
 0.7796 0.497702
 0.77972 0.498194
 0.77984 0.498662
 0.77996 0.499106
 0.78008 0.499524
 0.7802 0.499918
 0.78032 0.500286
 0.78044 0.50063
 0.78056 0.500948
 0.78068 0.50124
 0.7808 0.501507
 0.78092 0.501749
 0.78104 0.501964
 0.78116 0.502154
 0.78128 0.502318
 0.7814 0.502456
 0.78152 0.502567
 0.78164 0.502652
 0.78176 0.502712
 0.78188 0.502745
 0.782 0.502752
 0.78212 0.502732
 0.78224 0.502687
 0.78236 0.502615
 0.78248 0.502517
 0.7826 0.502393
 0.78272 0.502243
 0.78284 0.502066
 0.78296 0.501864
 0.78308 0.501636
 0.7832 0.501382
 0.78332 0.501102
 0.78344 0.500796
 0.78356 0.500464
 0.78368 0.500107
 0.7838 0.499723
 0.78392 0.499314
 0.78404 0.49888
 0.78416 0.49842
 0.78428 0.497934
 0.7844 0.497424
 0.78452 0.496887
 0.78464 0.496326
 0.78476 0.495739
 0.78488 0.495128
 0.785 0.494491
 0.78512 0.49383
 0.78524 0.493144
 0.78536 0.492433
 0.78548 0.491698
 0.7856 0.490938
 0.78572 0.490154
 0.78584 0.489345
 0.78596 0.488513
 0.78608 0.487656
 0.7862 0.486775
 0.78632 0.48587
 0.78644 0.484942
 0.78656 0.48399
 0.78668 0.483014
 0.7868 0.482014
 0.78692 0.480991
 0.78704 0.479944
 0.78716 0.478874
 0.78728 0.47778
 0.7874 0.476663
 0.78752 0.475523
 0.78764 0.474359
 0.78776 0.473171
 0.78788 0.471961
 0.788 0.470727
 0.78812 0.46947
 0.78824 0.468189
 0.78836 0.466885
 0.78848 0.465558
 0.7886 0.464208
 0.78872 0.462835
 0.78884 0.461438
 0.78896 0.460019
 0.78908 0.458576
 0.7892 0.45711
 0.78932 0.455622
 0.78944 0.45411
 0.78956 0.452575
 0.78968 0.451017
 0.7898 0.449437
 0.78992 0.447834
 0.79004 0.446208
 0.79016 0.444559
 0.79028 0.442887
 0.7904 0.441193
 0.79052 0.439476
 0.79064 0.437737
 0.79076 0.435975
 0.79088 0.43419
 0.791 0.432383
 0.79112 0.430554
 0.79124 0.428703
 0.79136 0.426829
 0.79148 0.424933
 0.7916 0.423015
 0.79172 0.421074
 0.79184 0.419112
 0.79196 0.417128
 0.79208 0.415121
 0.7922 0.413093
 0.79232 0.411043
 0.79244 0.408971
 0.79256 0.406877
 0.79268 0.404761
 0.7928 0.402623
 0.79292 0.400464
 0.79304 0.398282
 0.79316 0.396079
 0.79328 0.393854
 0.7934 0.391607
 0.79352 0.389339
 0.79364 0.387049
 0.79376 0.384738
 0.79388 0.382405
 0.794 0.38005
 0.79412 0.377674
 0.79424 0.375276
 0.79436 0.372858
 0.79448 0.370417
 0.7946 0.367956
 0.79472 0.365473
 0.79484 0.362969
 0.79496 0.360444
 0.79508 0.357897
 0.7952 0.35533
 0.79532 0.352741
 0.79544 0.350132
 0.79556 0.347501
 0.79568 0.344849
 0.7958 0.342177
 0.79592 0.339483
 0.79604 0.336769
 0.79616 0.334034
 0.79628 0.331278
 0.7964 0.328501
 0.79652 0.325704
 0.79664 0.322886
 0.79676 0.320047
 0.79688 0.317189
 0.797 0.31431
 0.79712 0.31141
 0.79724 0.308491
 0.79736 0.305551
 0.79748 0.302592
 0.7976 0.299612
 0.79772 0.296613
 0.79784 0.293593
 0.79796 0.290554
 0.79808 0.287496
 0.7982 0.284418
 0.79832 0.28132
 0.79844 0.278204
 0.79856 0.275068
 0.79868 0.271913
 0.7988 0.26874
 0.79892 0.265548
 0.79904 0.262338
 0.79916 0.25911
 0.79928 0.255864
 0.7994 0.252601
 0.79952 0.24932
 0.79964 0.246021
 0.79976 0.242706
 0.79988 0.239374
