 0.2 6.18084
 0.20012 6.69855
 0.20024 7.1963
 0.20036 7.67022
 0.20048 8.11801
 0.2006 8.53738
 0.20072 8.92684
 0.20084 9.28596
 0.20096 9.61353
 0.20108 9.90789
 0.2012 10.168
 0.20132 10.393
 0.20144 10.5801
 0.20156 10.7254
 0.20168 10.8241
 0.2018 10.8718
 0.20192 10.8677
 0.20204 10.8131
 0.20216 10.71
 0.20228 10.5609
 0.2024 10.369
 0.20252 10.1385
 0.20264 9.87402
 0.20276 9.57909
 0.20288 9.25466
 0.203 8.90258
 0.20312 8.52545
 0.20324 8.12688
 0.20336 7.71329
 0.20348 7.29267
 0.2036 6.87346
 0.20372 6.46583
 0.20384 6.0792
 0.20396 5.72079
 0.20408 5.39659
 0.2042 5.11195
 0.20432 4.87075
 0.20444 4.67613
 0.20456 4.52937
 0.20468 4.43032
 0.2048 4.38085
 0.20492 4.38538
 0.20504 4.44685
 0.20516 4.56746
 0.20528 4.74407
 0.2054 4.96972
 0.20552 5.23696
 0.20564 5.53783
 0.20576 5.86344
 0.20588 6.20511
 0.206 6.55428
 0.20612 6.90277
 0.20624 7.2417
 0.20636 7.56209
 0.20648 7.85444
 0.2066 8.11191
 0.20672 8.32929
 0.20684 8.49872
 0.20696 8.61202
 0.20708 8.66082
 0.2072 8.63848
 0.20732 8.545
 0.20744 8.38232
 0.20756 8.15264
 0.20768 7.85866
 0.2078 7.50318
 0.20792 7.08951
 0.20804 6.62127
 0.20816 6.10212
 0.20828 5.53753
 0.2084 4.93543
 0.20852 4.30662
 0.20864 3.65926
 0.20876 3.00115
 0.20888 2.34174
 0.209 1.6918
 0.20912 1.06355
 0.20924 0.467664
 0.20936 -0.0885056
 0.20948 -0.598404
 0.2096 -1.05673
 0.20972 -1.45908
 0.20984 -1.8016
 0.20996 -2.08126
 0.21008 -2.29492
 0.2102 -2.4385
 0.21032 -2.50937
 0.21044 -2.51029
 0.21056 -2.44759
 0.21068 -2.3258
 0.2108 -2.14908
 0.21092 -1.92233
 0.21104 -1.65232
 0.21116 -1.347
 0.21128 -1.01595
 0.2114 -0.668283
 0.21152 -0.31226
 0.21164 0.0462507
 0.21176 0.402995
 0.21188 0.754401
 0.212 1.09784
 0.21212 1.42929
 0.21224 1.74286
 0.21236 2.03467
 0.21248 2.30656
 0.2126 2.56181
 0.21272 2.80077
 0.21284 3.02186
 0.21296 3.22281
 0.21308 3.40136
 0.2132 3.55749
 0.21332 3.69627
 0.21344 3.82327
 0.21356 3.94244
 0.21368 4.05478
 0.2138 4.1597
 0.21392 4.25682
 0.21404 4.34616
 0.21416 4.42941
 0.21428 4.50906
 0.2144 4.58485
 0.21452 4.65333
 0.21464 4.71219
 0.21476 4.76341
 0.21488 4.81091
 0.215 4.86056
 0.21512 4.91867
 0.21524 4.98727
 0.21536 5.06154
 0.21548 5.13752
 0.2156 5.21409
 0.21572 5.29332
 0.21584 5.37712
 0.21596 5.46562
 0.21608 5.55782
 0.2162 5.65238
 0.21632 5.74792
 0.21644 5.84528
 0.21656 5.94628
 0.21668 6.05071
 0.2168 6.15593
 0.21692 6.25808
 0.21704 6.35205
 0.21716 6.4321
 0.21728 6.4986
 0.2174 6.55668
 0.21752 6.60841
 0.21764 6.65318
 0.21776 6.68892
 0.21788 6.71557
 0.218 6.73479
 0.21812 6.74765
 0.21824 6.75469
 0.21836 6.75607
 0.21848 6.75019
 0.2186 6.7356
 0.21872 6.71215
 0.21884 6.68042
 0.21896 6.64146
 0.21908 6.59688
 0.2192 6.5494
 0.21932 6.49708
 0.21944 6.43675
 0.21956 6.36725
 0.21968 6.28849
 0.2198 6.19983
 0.21992 6.09817
 0.22004 5.98112
 0.22016 5.8484
 0.22028 5.70143
 0.2204 5.54366
 0.22052 5.37997
 0.22064 5.21437
 0.22076 5.05046
 0.22088 4.89157
 0.221 4.74149
 0.22112 4.60299
 0.22124 4.47821
 0.22136 4.37058
 0.22148 4.28454
 0.2216 4.2245
 0.22172 4.19376
 0.22184 4.19688
 0.22196 4.23949
 0.22208 4.3251
 0.2222 4.45445
 0.22232 4.62476
 0.22244 4.83078
 0.22256 5.06651
 0.22268 5.32639
 0.2228 5.60427
 0.22292 5.89393
 0.22304 6.18855
 0.22316 6.48185
 0.22328 6.76705
 0.2234 7.03679
 0.22352 7.28205
 0.22364 7.49413
 0.22376 7.66658
 0.22388 7.79228
 0.224 7.86461
 0.22412 7.87853
 0.22424 7.8302
 0.22436 7.71817
 0.22448 7.54264
 0.2246 7.30434
 0.22472 7.00451
 0.22484 6.6453
 0.22496 6.22895
 0.22508 5.75822
 0.2252 5.23739
 0.22532 4.67101
 0.22544 4.06617
 0.22556 3.42962
 0.22568 2.76651
 0.2258 2.07993
 0.22592 1.3727
 0.22604 0.647055
 0.22616 -0.0922911
 0.22628 -0.836013
 0.2264 -1.57516
 0.22652 -2.30178
 0.22664 -3.00798
 0.22676 -3.68655
 0.22688 -4.33059
 0.227 -4.93338
 0.22712 -5.49023
 0.22724 -5.99784
 0.22736 -6.4534
 0.22748 -6.85595
 0.2276 -7.201
 0.22772 -7.48212
 0.22784 -7.69186
 0.22796 -7.82248
 0.22808 -7.86616
 0.2282 -7.82414
 0.22832 -7.70359
 0.22844 -7.51216
 0.22856 -7.25756
 0.22868 -6.94749
 0.2288 -6.58894
 0.22892 -6.18873
 0.22904 -5.75257
 0.22916 -5.28335
 0.22928 -4.78468
 0.2294 -4.25931
 0.22952 -3.71169
 0.22964 -3.14961
 0.22976 -2.58266
 0.22988 -2.02075
 0.23 -1.4743
 0.23012 -0.952641
 0.23024 -0.457257
 0.23036 0.0134134
 0.23048 0.462067
 0.2306 0.89164
 0.23072 1.30392
 0.23084 1.6991
 0.23096 2.07645
 0.23108 2.43286
 0.2312 2.76484
 0.23132 3.07042
 0.23144 3.34863
 0.23156 3.60013
 0.23168 3.82697
 0.2318 4.03232
 0.23192 4.21958
 0.23204 4.39233
 0.23216 4.55282
 0.23228 4.70074
 0.2324 4.83372
 0.23252 4.94878
 0.23264 5.04305
 0.23276 5.11619
 0.23288 5.16934
 0.233 5.20581
 0.23312 5.23171
 0.23324 5.25147
 0.23336 5.26729
 0.23348 5.278
 0.2336 5.28271
 0.23372 5.28026
 0.23384 5.26954
 0.23396 5.25007
 0.23408 5.22302
 0.2342 5.19032
 0.23432 5.15467
 0.23444 5.11994
 0.23456 5.09041
 0.23468 5.07022
 0.2348 5.06207
 0.23492 5.0683
 0.23504 5.08776
 0.23516 5.11625
 0.23528 5.1512
 0.2354 5.19375
 0.23552 5.24859
 0.23564 5.31984
 0.23576 5.41144
 0.23588 5.5257
 0.236 5.66198
 0.23612 5.8172
 0.23624 5.9883
 0.23636 6.17201
 0.23648 6.364
 0.2366 6.55873
 0.23672 6.75016
 0.23684 6.93228
 0.23696 7.09908
 0.23708 7.24917
 0.2372 7.38427
 0.23732 7.5051
 0.23744 7.60955
 0.23756 7.6942
 0.23768 7.75617
 0.2378 7.79287
 0.23792 7.80423
 0.23804 7.79385
 0.23816 7.76585
 0.23828 7.72407
 0.2384 7.67269
 0.23852 7.61794
 0.23864 7.56725
 0.23876 7.52879
 0.23888 7.51088
 0.239 7.52116
 0.23912 7.56315
 0.23924 7.63727
 0.23936 7.74403
 0.23948 7.88415
 0.2396 8.057
 0.23972 8.26102
 0.23984 8.49512
 0.23996 8.75633
 0.24008 9.03982
 0.2402 9.34072
 0.24032 9.65396
 0.24044 9.97375
 0.24056 10.2925
 0.24068 10.6018
 0.2408 10.8924
 0.24092 11.1543
 0.24104 11.3786
 0.24116 11.5594
 0.24128 11.6928
 0.2414 11.7759
 0.24152 11.8071
 0.24164 11.7877
 0.24176 11.7195
 0.24188 11.6036
 0.242 11.4421
 0.24212 11.2384
 0.24224 10.9966
 0.24236 10.7212
 0.24248 10.4172
 0.2426 10.0906
 0.24272 9.74837
 0.24284 9.39869
 0.24296 9.04912
 0.24308 8.70732
 0.2432 8.37931
 0.24332 8.07029
 0.24344 7.78483
 0.24356 7.52439
 0.24368 7.28748
 0.2438 7.07291
 0.24392 6.87943
 0.24404 6.70584
 0.24416 6.55004
 0.24428 6.40875
 0.2444 6.27872
 0.24452 6.15682
 0.24464 6.03997
 0.24476 5.92518
 0.24488 5.80989
 0.245 5.69264
 0.24512 5.5715
 0.24524 5.445
 0.24536 5.31147
 0.24548 5.17022
 0.2456 5.02442
 0.24572 4.879
 0.24584 4.73902
 0.24596 4.60945
 0.24608 4.49344
 0.2462 4.39532
 0.24632 4.32086
 0.24644 4.27476
 0.24656 4.2603
 0.24668 4.27885
 0.2468 4.33137
 0.24692 4.4173
 0.24704 4.53537
 0.24716 4.68394
 0.24728 4.86099
 0.2474 5.06531
 0.24752 5.2945
 0.24764 5.54443
 0.24776 5.81074
 0.24788 6.08969
 0.248 6.37824
 0.24812 6.6749
 0.24824 6.97608
 0.24836 7.27757
 0.24848 7.57687
 0.2486 7.87196
 0.24872 8.16175
 0.24884 8.4447
 0.24896 8.71989
 0.24908 8.98714
 0.2492 9.24754
 0.24932 9.50239
 0.24944 9.75244
 0.24956 9.99804
 0.24968 10.2367
 0.2498 10.4642
 0.24992 10.6722
 0.25004 10.8522
 0.25016 10.9958
 0.25028 11.0969
 0.2504 11.1497
 0.25052 11.149
 0.25064 11.0914
 0.25076 10.9745
 0.25088 10.7976
 0.251 10.5607
 0.25112 10.2629
 0.25124 9.90252
 0.25136 9.47835
 0.25148 8.99004
 0.2516 8.44135
 0.25172 7.8414
 0.25184 7.20357
 0.25196 6.54669
 0.25208 5.88924
 0.2522 5.24744
 0.25232 4.63492
 0.25244 4.06487
 0.25256 3.54831
 0.25268 3.09448
 0.2528 2.71045
 0.25292 2.402
 0.25304 2.1737
 0.25316 2.03104
 0.25328 1.97873
 0.2534 2.02051
 0.25352 2.15642
 0.25364 2.38089
 0.25376 2.68461
 0.25388 3.0537
 0.254 3.472
 0.25412 3.92418
 0.25424 4.39826
 0.25436 4.88393
 0.25448 5.37126
 0.2546 5.85127
 0.25472 6.31683
 0.25484 6.76145
 0.25496 7.17888
 0.25508 7.56302
 0.2552 7.90683
 0.25532 8.20371
 0.25544 8.44817
 0.25556 8.63955
 0.25568 8.77992
 0.2558 8.87352
 0.25592 8.92628
 0.25604 8.94417
 0.25616 8.93197
 0.25628 8.89232
 0.2564 8.82765
 0.25652 8.74074
 0.25664 8.63369
 0.25676 8.50786
 0.25688 8.3646
 0.257 8.2036
 0.25712 8.02509
 0.25724 7.83094
 0.25736 7.62527
 0.25748 7.41116
 0.2576 7.1899
 0.25772 6.96195
 0.25784 6.72579
 0.25796 6.47972
 0.25808 6.22243
 0.2582 5.95338
 0.25832 5.67193
 0.25844 5.37584
 0.25856 5.06239
 0.25868 4.7291
 0.2588 4.37366
 0.25892 3.99823
 0.25904 3.61101
 0.25916 3.21897
 0.25928 2.82678
 0.2594 2.43686
 0.25952 2.05133
 0.25964 1.67154
 0.25976 1.29986
 0.25988 0.9403
 0.26 0.596675
 0.26012 0.271827
 0.26024 -0.0310599
 0.26036 -0.306478
 0.26048 -0.547213
 0.2606 -0.745795
 0.26072 -0.894675
 0.26084 -0.988028
 0.26096 -1.02996
 0.26108 -1.03071
 0.2612 -0.998988
 0.26132 -0.942226
 0.26144 -0.86631
 0.26156 -0.77594
 0.26168 -0.673743
 0.2618 -0.56322
 0.26192 -0.448406
 0.26204 -0.331916
 0.26216 -0.214601
 0.26228 -0.0989477
 0.2624 0.0107982
 0.26252 0.109824
 0.26264 0.192991
 0.26276 0.255568
 0.26288 0.295938
 0.263 0.320928
 0.26312 0.34019
 0.26324 0.362417
 0.26336 0.396188
 0.26348 0.449681
 0.2636 0.528844
 0.26372 0.636692
 0.26384 0.776361
 0.26396 0.950724
 0.26408 1.16044
 0.2642 1.40558
 0.26432 1.68713
 0.26444 2.006
 0.26456 2.36375
 0.26468 2.76202
 0.2648 3.20096
 0.26492 3.6786
 0.26504 4.1884
 0.26516 4.72313
 0.26528 5.27583
 0.2654 5.83704
 0.26552 6.39677
 0.26564 6.9484
 0.26576 7.48748
 0.26588 8.00958
 0.266 8.51039
 0.26612 8.98505
 0.26624 9.42782
 0.26636 9.83401
 0.26648 10.1999
 0.2666 10.522
 0.26672 10.7975
 0.26684 11.0252
 0.26696 11.2044
 0.26708 11.3376
 0.2672 11.4258
 0.26732 11.4714
 0.26744 11.4807
 0.26756 11.4599
 0.26768 11.4133
 0.2678 11.3445
 0.26792 11.2572
 0.26804 11.1565
 0.26816 11.0503
 0.26828 10.9471
 0.2684 10.8535
 0.26852 10.7722
 0.26864 10.7047
 0.26876 10.6512
 0.26888 10.612
 0.269 10.5872
 0.26912 10.5744
 0.26924 10.5721
 0.26936 10.5775
 0.26948 10.5855
 0.2696 10.5912
 0.26972 10.5904
 0.26984 10.579
 0.26996 10.5532
 0.27008 10.5075
 0.2702 10.435
 0.27032 10.3279
 0.27044 10.1812
 0.27056 9.99496
 0.27068 9.76981
 0.2708 9.50804
 0.27092 9.21111
 0.27104 8.88242
 0.27116 8.53004
 0.27128 8.16264
 0.2714 7.78948
 0.27152 7.41989
 0.27164 7.06284
 0.27176 6.72526
 0.27188 6.41293
 0.272 6.13086
 0.27212 5.88377
 0.27224 5.6771
 0.27236 5.51725
 0.27248 5.40744
 0.2726 5.34829
 0.27272 5.34029
 0.27284 5.38096
 0.27296 5.46722
 0.27308 5.59159
 0.2732 5.74077
 0.27332 5.90104
 0.27344 6.0594
 0.27356 6.2039
 0.27368 6.32421
 0.2738 6.41376
 0.27392 6.46672
 0.27404 6.47931
 0.27416 6.44876
 0.27428 6.37133
 0.2744 6.24344
 0.27452 6.06411
 0.27464 5.83241
 0.27476 5.54854
 0.27488 5.21621
 0.275 4.8414
 0.27512 4.43381
 0.27524 4.00531
 0.27536 3.56712
 0.27548 3.12833
 0.2756 2.69739
 0.27572 2.28102
 0.27584 1.88444
 0.27596 1.51255
 0.27608 1.16816
 0.2762 0.853036
 0.27632 0.570767
 0.27644 0.325458
 0.27656 0.120714
 0.27668 -0.0390365
 0.2768 -0.150027
 0.27692 -0.210238
 0.27704 -0.219938
 0.27716 -0.179186
 0.27728 -0.0889752
 0.2774 0.0514275
 0.27752 0.243701
 0.27764 0.487821
 0.27776 0.783034
 0.27788 1.12769
 0.278 1.52114
 0.27812 1.96459
 0.27824 2.45969
 0.27836 3.00373
 0.27848 3.59206
 0.2786 4.21912
 0.27872 4.87777
 0.27884 5.55852
 0.27896 6.25155
 0.27908 6.94702
 0.2792 7.63363
 0.27932 8.30198
 0.27944 8.94099
 0.27956 9.54149
 0.27968 10.0968
 0.2798 10.6028
 0.27992 11.0543
 0.28004 11.4438
 0.28016 11.7625
 0.28028 12.0025
 0.2804 12.1601
 0.28052 12.2329
 0.28064 12.2197
 0.28076 12.1222
 0.28088 11.9467
 0.281 11.7011
 0.28112 11.3957
 0.28124 11.0412
 0.28136 10.6476
 0.28148 10.2243
 0.2816 9.77958
 0.28172 9.31936
 0.28184 8.84873
 0.28196 8.37631
 0.28208 7.91288
 0.2822 7.47018
 0.28232 7.05893
 0.28244 6.68831
 0.28256 6.36632
 0.28268 6.09867
 0.2828 5.88761
 0.28292 5.73095
 0.28304 5.62468
 0.28316 5.56209
 0.28328 5.53581
 0.2834 5.5394
 0.28352 5.56712
 0.28364 5.61494
 0.28376 5.6808
 0.28388 5.76208
 0.284 5.85359
 0.28412 5.9491
 0.28424 6.04199
 0.28436 6.12589
 0.28448 6.19501
 0.2846 6.24593
 0.28472 6.27811
 0.28484 6.29289
 0.28496 6.29471
 0.28508 6.29067
 0.2852 6.29041
 0.28532 6.30408
 0.28544 6.34099
 0.28556 6.40928
 0.28568 6.51337
 0.2858 6.656
 0.28592 6.84005
 0.28604 7.06876
 0.28616 7.34388
 0.28628 7.66692
 0.2864 8.0399
 0.28652 8.46479
 0.28664 8.94099
 0.28676 9.46629
 0.28688 10.0381
 0.287 10.6495
 0.28712 11.2866
 0.28724 11.9343
 0.28736 12.5771
 0.28748 13.1998
 0.2876 13.7905
 0.28772 14.3402
 0.28784 14.8411
 0.28796 15.2858
 0.28808 15.6682
 0.2882 15.9858
 0.28832 16.2337
 0.28844 16.4053
 0.28856 16.4927
 0.28868 16.4914
 0.2888 16.3988
 0.28892 16.2132
 0.28904 15.9429
 0.28916 15.6024
 0.28928 15.2061
 0.2894 14.7686
 0.28952 14.3028
 0.28964 13.8179
 0.28976 13.3218
 0.28988 12.822
 0.29 12.3256
 0.29012 11.8371
 0.29024 11.3611
 0.29036 10.9064
 0.29048 10.485
 0.2906 10.1084
 0.29072 9.78348
 0.29084 9.51294
 0.29096 9.29547
 0.29108 9.12158
 0.2912 8.98015
 0.29132 8.86042
 0.29144 8.75172
 0.29156 8.64607
 0.29168 8.5382
 0.2918 8.4229
 0.29192 8.2954
 0.29204 8.15194
 0.29216 7.98974
 0.29228 7.80389
 0.2924 7.58719
 0.29252 7.33034
 0.29264 7.02627
 0.29276 6.67336
 0.29288 6.27631
 0.293 5.84286
 0.29312 5.38316
 0.29324 4.90767
 0.29336 4.42681
 0.29348 3.95278
 0.2936 3.49711
 0.29372 3.07051
 0.29384 2.68373
 0.29396 2.34605
 0.29408 2.06584
 0.2942 1.85164
 0.29432 1.71193
 0.29444 1.65584
 0.29456 1.69271
 0.29468 1.82897
 0.2948 2.06514
 0.29492 2.39783
 0.29504 2.82307
 0.29516 3.33626
 0.29528 3.93273
 0.2954 4.60598
 0.29552 5.34191
 0.29564 6.12504
 0.29576 6.94053
 0.29588 7.77432
 0.296 8.61425
 0.29612 9.44837
 0.29624 10.2639
 0.29636 11.0478
 0.29648 11.786
 0.2966 12.4651
 0.29672 13.0753
 0.29684 13.6102
 0.29696 14.0638
 0.29708 14.4297
 0.2972 14.7015
 0.29732 14.8728
 0.29744 14.9429
 0.29756 14.9196
 0.29768 14.8106
 0.2978 14.6208
 0.29792 14.3545
 0.29804 14.0143
 0.29816 13.6031
 0.29828 13.126
 0.2984 12.5908
 0.29852 12.0074
 0.29864 11.3851
 0.29876 10.7318
 0.29888 10.0558
 0.299 9.36581
 0.29912 8.67189
 0.29924 7.98384
 0.29936 7.31097
 0.29948 6.65858
 0.2996 6.02893
 0.29972 5.42739
 0.29984 4.86214
 0.29996 4.3418
 0.30008 3.8763
 0.3002 3.4755
 0.30032 3.14678
 0.30044 2.89342
 0.30056 2.71676
 0.30068 2.61674
 0.3008 2.5894
 0.30092 2.62962
 0.30104 2.73104
 0.30116 2.88618
 0.30128 3.08872
 0.3014 3.33098
 0.30152 3.60454
 0.30164 3.9016
 0.30176 4.21117
 0.30188 4.52091
 0.302 4.8183
 0.30212 5.0897
 0.30224 5.32173
 0.30236 5.50297
 0.30248 5.62455
 0.3026 5.67895
 0.30272 5.66398
 0.30284 5.58274
 0.30296 5.43924
 0.30308 5.23826
 0.3032 4.98467
 0.30332 4.68327
 0.30344 4.34216
 0.30356 3.9688
 0.30368 3.56944
 0.3038 3.15195
 0.30392 2.72478
 0.30404 2.29652
 0.30416 1.87568
 0.30428 1.47036
 0.3044 1.08835
 0.30452 0.737051
 0.30464 0.422712
 0.30476 0.14652
 0.30488 -0.0928076
 0.305 -0.296723
 0.30512 -0.465092
 0.30524 -0.597469
 0.30536 -0.694933
 0.30548 -0.759987
 0.3056 -0.79305
 0.30572 -0.794333
 0.30584 -0.765059
 0.30596 -0.707245
 0.30608 -0.622805
 0.3062 -0.512888
 0.30632 -0.379488
 0.30644 -0.225999
 0.30656 -0.0571107
 0.30668 0.122299
 0.3068 0.308937
 0.30692 0.501057
 0.30704 0.695308
 0.30716 0.884728
 0.30728 1.06175
 0.3074 1.21997
 0.30752 1.35377
 0.30764 1.4584
 0.30776 1.52962
 0.30788 1.56525
 0.308 1.56465
 0.30812 1.52768
 0.30824 1.45375
 0.30836 1.34408
 0.30848 1.20152
 0.3086 1.03123
 0.30872 0.839648
 0.30884 0.631109
 0.30896 0.407368
 0.30908 0.174761
 0.3092 -0.0574584
 0.30932 -0.278679
 0.30944 -0.478007
 0.30956 -0.646006
 0.30968 -0.774647
 0.3098 -0.856689
 0.30992 -0.88841
 0.31004 -0.869589
 0.31016 -0.802259
 0.31028 -0.686805
 0.3104 -0.523981
 0.31052 -0.315632
 0.31064 -0.065008
 0.31076 0.225068
 0.31088 0.556606
 0.311 0.932451
 0.31112 1.35089
 0.31124 1.809
 0.31136 2.30138
 0.31148 2.81917
 0.3116 3.35264
 0.31172 3.8919
 0.31184 4.42856
 0.31196 4.95769
 0.31208 5.48047
 0.3122 5.99974
 0.31232 6.51583
 0.31244 7.0288
 0.31256 7.53901
 0.31268 8.04537
 0.3128 8.54456
 0.31292 9.02818
 0.31304 9.48836
 0.31316 9.9188
 0.31328 10.3134
 0.3134 10.6714
 0.31352 10.997
 0.31364 11.2969
 0.31376 11.5778
 0.31388 11.8456
 0.314 12.103
 0.31412 12.3489
 0.31424 12.5798
 0.31436 12.7921
 0.31448 12.9823
 0.3146 13.1478
 0.31472 13.2891
 0.31484 13.4083
 0.31496 13.5119
 0.31508 13.6063
 0.3152 13.698
 0.31532 13.7912
 0.31544 13.884
 0.31556 13.9717
 0.31568 14.0479
 0.3158 14.1057
 0.31592 14.1381
 0.31604 14.1392
 0.31616 14.1043
 0.31628 14.0333
 0.3164 13.9271
 0.31652 13.7865
 0.31664 13.6095
 0.31676 13.3925
 0.31688 13.1308
 0.317 12.8178
 0.31712 12.4475
 0.31724 12.015
 0.31736 11.5211
 0.31748 10.9695
 0.3176 10.3651
 0.31772 9.71535
 0.31784 9.02929
 0.31796 8.31645
 0.31808 7.58605
 0.3182 6.84608
 0.31832 6.10168
 0.31844 5.35712
 0.31856 4.6176
 0.31868 3.89176
 0.3188 3.18909
 0.31892 2.51872
 0.31904 1.88844
 0.31916 1.30717
 0.31928 0.780501
 0.3194 0.310728
 0.31952 -0.100104
 0.31964 -0.450062
 0.31976 -0.741071
 0.31988 -0.975663
 0.32 -1.15438
 0.32012 -1.27595
 0.32024 -1.33865
 0.32036 -1.33877
 0.32048 -1.27186
 0.3206 -1.13491
 0.32072 -0.927611
 0.32084 -0.649945
 0.32096 -0.299193
 0.32108 0.125763
 0.3212 0.621199
 0.32132 1.1851
 0.32144 1.81503
 0.32156 2.50658
 0.32168 3.25315
 0.3218 4.04998
 0.32192 4.89026
 0.32204 5.76321
 0.32216 6.65674
 0.32228 7.55871
 0.3224 8.45587
 0.32252 9.33548
 0.32264 10.1861
 0.32276 10.9975
 0.32288 11.7589
 0.323 12.4557
 0.32312 13.0809
 0.32324 13.6318
 0.32336 14.1057
 0.32348 14.4998
 0.3236 14.8157
 0.32372 15.0581
 0.32384 15.232
 0.32396 15.3444
 0.32408 15.4046
 0.3242 15.4202
 0.32432 15.398
 0.32444 15.3434
 0.32456 15.2595
 0.32468 15.1475
 0.3248 15.0089
 0.32492 14.8469
 0.32504 14.6682
 0.32516 14.474
 0.32528 14.2644
 0.3254 14.0407
 0.32552 13.8058
 0.32564 13.5588
 0.32576 13.2977
 0.32588 13.0205
 0.326 12.7242
 0.32612 12.4069
 0.32624 12.0677
 0.32636 11.7068
 0.32648 11.3271
 0.3266 10.9349
 0.32672 10.5376
 0.32684 10.1412
 0.32696 9.74817
 0.32708 9.35924
 0.3272 8.97618
 0.32732 8.60125
 0.32744 8.23462
 0.32756 7.87552
 0.32768 7.52384
 0.3278 7.17965
 0.32792 6.84324
 0.32804 6.51487
 0.32816 6.19629
 0.32828 5.8913
 0.3284 5.60382
 0.32852 5.33629
 0.32864 5.08945
 0.32876 4.86407
 0.32888 4.66427
 0.329 4.49496
 0.32912 4.36054
 0.32924 4.26433
 0.32936 4.2069
 0.32948 4.19005
 0.3296 4.21653
 0.32972 4.28924
 0.32984 4.41002
 0.32996 4.57984
 0.33008 4.79798
 0.3302 5.05905
 0.33032 5.35573
 0.33044 5.67884
 0.33056 6.01832
 0.33068 6.36441
 0.3308 6.70643
 0.33092 7.03196
 0.33104 7.33066
 0.33116 7.59416
 0.33128 7.81742
 0.3314 7.99838
 0.33152 8.13328
 0.33164 8.21689
 0.33176 8.244
 0.33188 8.21186
 0.332 8.11896
 0.33212 7.96707
 0.33224 7.7604
 0.33236 7.50339
 0.33248 7.203
 0.3326 6.86775
 0.33272 6.50666
 0.33284 6.12965
 0.33296 5.74687
 0.33308 5.3661
 0.3332 4.99243
 0.33332 4.62843
 0.33344 4.27701
 0.33356 3.94334
 0.33368 3.63397
 0.3338 3.35504
 0.33392 3.11119
 0.33404 2.90601
 0.33416 2.74072
 0.33428 2.61682
 0.3344 2.53685
 0.33452 2.50189
 0.33464 2.51041
 0.33476 2.55902
 0.33488 2.64265
 0.335 2.75598
 0.33512 2.8966
 0.33524 3.06363
 0.33536 3.25559
 0.33548 3.4696
 0.3356 3.70122
 0.33572 3.94554
 0.33584 4.19786
 0.33596 4.45184
 0.33608 4.70218
 0.3362 4.94553
 0.33632 5.17764
 0.33644 5.39247
 0.33656 5.58594
 0.33668 5.75728
 0.3368 5.90787
 0.33692 6.0407
 0.33704 6.15728
 0.33716 6.25636
 0.33728 6.33655
 0.3374 6.39722
 0.33752 6.43815
 0.33764 6.45952
 0.33776 6.4613
 0.33788 6.44403
 0.338 6.41155
 0.33812 6.36463
 0.33824 6.30226
 0.33836 6.22372
 0.33848 6.12951
 0.3386 6.01833
 0.33872 5.8881
 0.33884 5.73717
 0.33896 5.56367
 0.33908 5.36866
 0.3392 5.1548
 0.33932 4.92499
 0.33944 4.68265
 0.33956 4.43172
 0.33968 4.17663
 0.3398 3.92277
 0.33992 3.6745
 0.34004 3.43506
 0.34016 3.21137
 0.34028 3.01144
 0.3404 2.84322
 0.34052 2.71319
 0.34064 2.62694
 0.34076 2.58739
 0.34088 2.5964
 0.341 2.65632
 0.34112 2.76793
 0.34124 2.93136
 0.34136 3.14608
 0.34148 3.41045
 0.3416 3.72135
 0.34172 4.07361
 0.34184 4.4607
 0.34196 4.8765
 0.34208 5.31443
 0.3422 5.76678
 0.34232 6.22549
 0.34244 6.68397
 0.34256 7.13762
 0.34268 7.58359
 0.3428 8.02074
 0.34292 8.44609
 0.34304 8.85445
 0.34316 9.23975
 0.34328 9.59712
 0.3434 9.92335
 0.34352 10.2178
 0.34364 10.4821
 0.34376 10.721
 0.34388 10.9398
 0.344 11.1439
 0.34412 11.3377
 0.34424 11.5244
 0.34436 11.7057
 0.34448 11.8803
 0.3446 12.0471
 0.34472 12.2053
 0.34484 12.3558
 0.34496 12.5023
 0.34508 12.6526
 0.3452 12.8149
 0.34532 12.993
 0.34544 13.1854
 0.34556 13.3866
 0.34568 13.5891
 0.3458 13.7841
 0.34592 13.9626
 0.34604 14.1165
 0.34616 14.2406
 0.34628 14.3327
 0.3464 14.3944
 0.34652 14.4288
 0.34664 14.4378
 0.34676 14.4202
 0.34688 14.3733
 0.347 14.2913
 0.34712 14.1653
 0.34724 13.9886
 0.34736 13.7623
 0.34748 13.4961
 0.3476 13.2025
 0.34772 12.8937
 0.34784 12.5818
 0.34796 12.2785
 0.34808 11.9931
 0.3482 11.7295
 0.34832 11.4887
 0.34844 11.2683
 0.34856 11.0654
 0.34868 10.8781
 0.3488 10.7063
 0.34892 10.5516
 0.34904 10.419
 0.34916 10.3146
 0.34928 10.2409
 0.3494 10.1925
 0.34952 10.1573
 0.34964 10.1228
 0.34976 10.0777
 0.34988 10.0114
 0.35 9.91371
 0.35012 9.77938
 0.35024 9.60755
 0.35036 9.39888
 0.35048 9.15521
 0.3506 8.87946
 0.35072 8.57517
 0.35084 8.24571
 0.35096 7.89205
 0.35108 7.51242
 0.3512 7.10536
 0.35132 6.67177
 0.35144 6.21963
 0.35156 5.76002
 0.35168 5.30374
 0.3518 4.86061
 0.35192 4.44033
 0.35204 4.05177
 0.35216 3.70004
 0.35228 3.38904
 0.3524 3.1229
 0.35252 2.90546
 0.35264 2.73969
 0.35276 2.6272
 0.35288 2.56966
 0.353 2.56912
 0.35312 2.62803
 0.35324 2.74849
 0.35336 2.92993
 0.35348 3.1654
 0.3536 3.44603
 0.35372 3.76308
 0.35384 4.10799
 0.35396 4.47233
 0.35408 4.84816
 0.3542 5.22832
 0.35432 5.60517
 0.35444 5.96948
 0.35456 6.31144
 0.35468 6.62155
 0.3548 6.89085
 0.35492 7.11203
 0.35504 7.28029
 0.35516 7.39147
 0.35528 7.44189
 0.3554 7.43163
 0.35552 7.36669
 0.35564 7.25447
 0.35576 7.10233
 0.35588 6.91764
 0.356 6.70714
 0.35612 6.47762
 0.35624 6.23561
 0.35636 5.98845
 0.35648 5.74558
 0.3566 5.51675
 0.35672 5.31135
 0.35684 5.13771
 0.35696 5.00041
 0.35708 4.90151
 0.3572 4.84299
 0.35732 4.82569
 0.35744 4.84692
 0.35756 4.90008
 0.35768 4.97805
 0.3578 5.07366
 0.35792 5.17973
 0.35804 5.28977
 0.35816 5.39659
 0.35828 5.49353
 0.3584 5.57352
 0.35852 5.62929
 0.35864 5.65467
 0.35876 5.64511
 0.35888 5.59828
 0.359 5.51559
 0.35912 5.39843
 0.35924 5.24824
 0.35936 5.06782
 0.35948 4.86166
 0.3596 4.63596
 0.35972 4.39741
 0.35984 4.15283
 0.35996 3.90967
 0.36008 3.67578
 0.3602 3.46089
 0.36032 3.27469
 0.36044 3.12608
 0.36056 3.0217
 0.36068 2.96528
 0.3608 2.9581
 0.36092 2.99868
 0.36104 3.08363
 0.36116 3.21115
 0.36128 3.3793
 0.3614 3.58554
 0.36152 3.82671
 0.36164 4.09798
 0.36176 4.39429
 0.36188 4.71028
 0.362 5.03937
 0.36212 5.37374
 0.36224 5.70238
 0.36236 6.01353
 0.36248 6.29736
 0.3626 6.54682
 0.36272 6.75792
 0.36284 6.92935
 0.36296 7.06275
 0.36308 7.1602
 0.3632 7.22191
 0.36332 7.24673
 0.36344 7.23371
 0.36356 7.18284
 0.36368 7.09543
 0.3638 6.97159
 0.36392 6.81036
 0.36404 6.61148
 0.36416 6.3763
 0.36428 6.11014
 0.3644 5.8189
 0.36452 5.50697
 0.36464 5.17753
 0.36476 4.83194
 0.36488 4.46901
 0.365 4.08563
 0.36512 3.67868
 0.36524 3.2481
 0.36536 2.79574
 0.36548 2.32312
 0.3656 1.83106
 0.36572 1.32077
 0.36584 0.798782
 0.36596 0.274691
 0.36608 -0.241794
 0.3662 -0.742638
 0.36632 -1.22257
 0.36644 -1.67671
 0.36656 -2.09981
 0.36668 -2.48622
 0.3668 -2.8293
 0.36692 -3.12152
 0.36704 -3.35442
 0.36716 -3.51997
 0.36728 -3.61301
 0.3674 -3.62975
 0.36752 -3.56617
 0.36764 -3.41856
 0.36776 -3.18592
 0.36788 -2.87465
 0.368 -2.4945
 0.36812 -2.05592
 0.36824 -1.56845
 0.36836 -1.03985
 0.36848 -0.477412
 0.3686 0.111251
 0.36872 0.715906
 0.36884 1.32624
 0.36896 1.93181
 0.36908 2.52163
 0.3692 3.08511
 0.36932 3.61399
 0.36944 4.10134
 0.36956 4.54
 0.36968 4.92417
 0.3698 5.25038
 0.36992 5.51965
 0.37004 5.7357
 0.37016 5.90298
 0.37028 6.02484
 0.3704 6.10263
 0.37052 6.13705
 0.37064 6.13089
 0.37076 6.09194
 0.37088 6.02763
 0.371 5.94565
 0.37112 5.85411
 0.37124 5.76064
 0.37136 5.67011
 0.37148 5.58644
 0.3716 5.5136
 0.37172 5.45469
 0.37184 5.41192
 0.37196 5.38446
 0.37208 5.37002
 0.3722 5.36614
 0.37232 5.37189
 0.37244 5.38837
 0.37256 5.41742
 0.37268 5.45713
 0.3728 5.5014
 0.37292 5.54448
 0.37304 5.57942
 0.37316 5.59883
 0.37328 5.59626
 0.3734 5.56824
 0.37352 5.51235
 0.37364 5.42569
 0.37376 5.30504
 0.37388 5.14994
 0.374 4.96371
 0.37412 4.75039
 0.37424 4.51436
 0.37436 4.25969
 0.37448 3.98918
 0.3746 3.70478
 0.37472 3.41251
 0.37484 3.1204
 0.37496 2.83726
 0.37508 2.57358
 0.3752 2.34019
 0.37532 2.14635
 0.37544 1.99893
 0.37556 1.9033
 0.37568 1.86716
 0.3758 1.89853
 0.37592 2.00091
 0.37604 2.17452
 0.37616 2.41865
 0.37628 2.73157
 0.3764 3.1099
 0.37652 3.55233
 0.37664 4.05603
 0.37676 4.61401
 0.37688 5.21842
 0.377 5.85985
 0.37712 6.5282
 0.37724 7.21315
 0.37736 7.90527
 0.37748 8.59523
 0.3776 9.27454
 0.37772 9.93139
 0.37784 10.5542
 0.37796 11.1343
 0.37808 11.6646
 0.3782 12.1378
 0.37832 12.5477
 0.37844 12.8881
 0.37856 13.1494
 0.37868 13.3275
 0.3788 13.4204
 0.37892 13.4271
 0.37904 13.3481
 0.37916 13.1845
 0.37928 12.9381
 0.3794 12.6126
 0.37952 12.213
 0.37964 11.7456
 0.37976 11.2184
 0.37988 10.6397
 0.38 10.0184
 0.38012 9.36407
 0.38024 8.68822
 0.38036 8.00243
 0.38048 7.32195
 0.3806 6.6634
 0.38072 6.03978
 0.38084 5.46347
 0.38096 4.94525
 0.38108 4.49296
 0.3812 4.11334
 0.38132 3.81115
 0.38144 3.58882
 0.38156 3.44692
 0.38168 3.38468
 0.3818 3.40073
 0.38192 3.49097
 0.38204 3.64783
 0.38216 3.86215
 0.38228 4.12364
 0.3824 4.42091
 0.38252 4.74038
 0.38264 5.06862
 0.38276 5.39263
 0.38288 5.69906
 0.383 5.97778
 0.38312 6.22167
 0.38324 6.42444
 0.38336 6.58188
 0.38348 6.69103
 0.3836 6.75038
 0.38372 6.75918
 0.38384 6.7181
 0.38396 6.63259
 0.38408 6.51057
 0.3842 6.36052
 0.38432 6.18971
 0.38444 6.00551
 0.38456 5.81487
 0.38468 5.62472
 0.3848 5.44415
 0.38492 5.28321
 0.38504 5.14925
 0.38516 5.04856
 0.38528 4.98709
 0.3854 4.97007
 0.38552 5.00081
 0.38564 5.08068
 0.38576 5.20958
 0.38588 5.38629
 0.386 5.60802
 0.38612 5.87174
 0.38624 6.1755
 0.38636 6.5193
 0.38648 6.90269
 0.3866 7.32401
 0.38672 7.78007
 0.38684 8.26366
 0.38696 8.76703
 0.38708 9.28332
 0.3872 9.80579
 0.38732 10.3274
 0.38744 10.8396
 0.38756 11.3378
 0.38768 11.8192
 0.3878 12.2821
 0.38792 12.7206
 0.38804 13.125
 0.38816 13.4853
 0.38828 13.7901
 0.3884 14.0274
 0.38852 14.1886
 0.38864 14.2684
 0.38876 14.264
 0.38888 14.1748
 0.389 13.9998
 0.38912 13.7377
 0.38924 13.3872
 0.38936 12.9491
 0.38948 12.4261
 0.3896 11.8189
 0.38972 11.127
 0.38984 10.3533
 0.38996 9.51264
 0.39008 8.62341
 0.3902 7.70458
 0.39032 6.77579
 0.39044 5.85597
 0.39056 4.96018
 0.39068 4.10193
 0.3908 3.29445
 0.39092 2.55132
 0.39104 1.88748
 0.39116 1.31781
 0.39128 0.856164
 0.3914 0.513625
 0.39152 0.30008
 0.39164 0.225865
 0.39176 0.299253
 0.39188 0.519495
 0.392 0.875787
 0.39212 1.35609
 0.39224 1.94917
 0.39236 2.64397
 0.39248 3.42988
 0.3926 4.2963
 0.39272 5.23192
 0.39284 6.22205
 0.39296 7.24989
 0.39308 8.29709
 0.3932 9.34602
 0.39332 10.38
 0.39344 11.3827
 0.39356 12.3376
 0.39368 13.2292
 0.3938 14.0474
 0.39392 14.7895
 0.39404 15.4561
 0.39416 16.0461
 0.39428 16.5526
 0.3944 16.9681
 0.39452 17.2866
 0.39464 17.5037
 0.39476 17.6171
 0.39488 17.6299
 0.395 17.5473
 0.39512 17.3759
 0.39524 17.1234
 0.39536 16.7986
 0.39548 16.4148
 0.3956 15.9852
 0.39572 15.5199
 0.39584 15.0249
 0.39596 14.5043
 0.39608 13.9607
 0.3962 13.4039
 0.39632 12.8496
 0.39644 12.3129
 0.39656 11.8063
 0.39668 11.341
 0.3968 10.9244
 0.39692 10.561
 0.39704 10.2539
 0.39716 10.005
 0.39728 9.813
 0.3974 9.67261
 0.39752 9.57252
 0.39764 9.50296
 0.39776 9.45605
 0.39788 9.42448
 0.398 9.40226
 0.39812 9.38385
 0.39824 9.35782
 0.39836 9.31206
 0.39848 9.23649
 0.3986 9.12547
 0.39872 8.97559
 0.39884 8.78636
 0.39896 8.55825
 0.39908 8.29114
 0.3992 7.98517
 0.39932 7.64247
 0.39944 7.26908
 0.39956 6.87448
 0.39968 6.46733
 0.3998 6.05698
 0.39992 5.65261
 0.40004 5.26191
 0.40016 4.89263
 0.40028 4.55335
 0.4004 4.25133
 0.40052 3.99051
 0.40064 3.76983
 0.40076 3.58636
 0.40088 3.43613
 0.401 3.31487
 0.40112 3.22097
 0.40124 3.15382
 0.40136 3.11229
 0.40148 3.09386
 0.4016 3.09505
 0.40172 3.1121
 0.40184 3.14102
 0.40196 3.17876
 0.40208 3.22326
 0.4022 3.27168
 0.40232 3.32018
 0.40244 3.3652
 0.40256 3.40623
 0.40268 3.44512
 0.4028 3.48343
 0.40292 3.52273
 0.40304 3.56458
 0.40316 3.6079
 0.40328 3.65126
 0.4034 3.69357
 0.40352 3.73334
 0.40364 3.7685
 0.40376 3.79569
 0.40388 3.81076
 0.404 3.80803
 0.40412 3.78201
 0.40424 3.72918
 0.40436 3.64959
 0.40448 3.54333
 0.4046 3.40889
 0.40472 3.24476
 0.40484 3.0509
 0.40496 2.82741
 0.40508 2.57468
 0.4052 2.29404
 0.40532 1.98639
 0.40544 1.65371
 0.40556 1.30116
 0.40568 0.935086
 0.4058 0.564
 0.40592 0.196886
 0.40604 -0.15649
 0.40616 -0.487134
 0.40628 -0.78947
 0.4064 -1.06233
 0.40652 -1.30231
 0.40664 -1.50502
 0.40676 -1.66664
 0.40688 -1.78501
 0.407 -1.85834
 0.40712 -1.88515
 0.40724 -1.86438
 0.40736 -1.7949
 0.40748 -1.68209
 0.4076 -1.53448
 0.40772 -1.36106
 0.40784 -1.17165
 0.40796 -0.975888
 0.40808 -0.783649
 0.4082 -0.604161
 0.40832 -0.441805
 0.40844 -0.299103
 0.40856 -0.181911
 0.40868 -0.0965058
 0.4088 -0.0484371
 0.40892 -0.0414898
 0.40904 -0.0790676
 0.40916 -0.163936
 0.40928 -0.298169
 0.4094 -0.481788
 0.40952 -0.707188
 0.40964 -0.967149
 0.40976 -1.25474
 0.40988 -1.56309
 0.41 -1.8844
 0.41012 -2.20968
 0.41024 -2.53037
 0.41036 -2.84082
 0.41048 -3.13582
 0.4106 -3.40883
 0.41072 -3.65326
 0.41084 -3.8634
 0.41096 -4.03471
 0.41108 -4.16244
 0.4112 -4.2427
 0.41132 -4.27249
 0.41144 -4.25172
 0.41156 -4.18234
 0.41168 -4.06375
 0.4118 -3.89459
 0.41192 -3.67438
 0.41204 -3.40687
 0.41216 -3.09742
 0.41228 -2.75228
 0.4124 -2.37654
 0.41252 -1.97351
 0.41264 -1.54642
 0.41276 -1.0984
 0.41288 -0.631843
 0.413 -0.149707
 0.41312 0.3439
 0.41324 0.845108
 0.41336 1.35123
 0.41348 1.86075
 0.4136 2.36929
 0.41372 2.86977
 0.41384 3.35406
 0.41396 3.81851
 0.41408 4.26536
 0.4142 4.69749
 0.41432 5.11918
 0.41444 5.53167
 0.41456 5.93264
 0.41468 6.31926
 0.4148 6.68845
 0.41492 7.03684
 0.41504 7.36304
 0.41516 7.66661
 0.41528 7.94718
 0.4154 8.20294
 0.41552 8.43295
 0.41564 8.63838
 0.41576 8.822
 0.41588 8.98561
 0.416 9.1222
 0.41612 9.22164
 0.41624 9.27346
 0.41636 9.26711
 0.41648 9.19843
 0.4166 9.06839
 0.41672 8.87804
 0.41684 8.62876
 0.41696 8.32181
 0.41708 7.95775
 0.4172 7.53689
 0.41732 7.06035
 0.41744 6.5321
 0.41756 5.95593
 0.41768 5.33727
 0.4178 4.68188
 0.41792 4.00075
 0.41804 3.31242
 0.41816 2.63607
 0.41828 1.99137
 0.4184 1.39664
 0.41852 0.862059
 0.41864 0.394702
 0.41876 0.00202661
 0.41888 -0.307911
 0.419 -0.526619
 0.41912 -0.645731
 0.41924 -0.656463
 0.41936 -0.553381
 0.41948 -0.335104
 0.4196 -0.00143037
 0.41972 0.444721
 0.41984 0.997208
 0.41996 1.6434
 0.42008 2.36803
 0.4202 3.15581
 0.42032 3.99131
 0.42044 4.86094
 0.42056 5.75572
 0.42068 6.66708
 0.4208 7.58557
 0.42092 8.49794
 0.42104 9.38958
 0.42116 10.2449
 0.42128 11.047
 0.4214 11.7834
 0.42152 12.4423
 0.42164 13.0139
 0.42176 13.4924
 0.42188 13.8774
 0.422 14.1722
 0.42212 14.3801
 0.42224 14.5051
 0.42236 14.5514
 0.42248 14.5226
 0.4226 14.4213
 0.42272 14.2504
 0.42284 14.0151
 0.42296 13.7262
 0.42308 13.3954
 0.4232 13.0371
 0.42332 12.6666
 0.42344 12.2995
 0.42356 11.9531
 0.42368 11.6416
 0.4238 11.3734
 0.42392 11.1526
 0.42404 10.9825
 0.42416 10.8642
 0.42428 10.7951
 0.4244 10.772
 0.42452 10.7925
 0.42464 10.8545
 0.42476 10.956
 0.42488 11.0926
 0.425 11.2577
 0.42512 11.4436
 0.42524 11.6402
 0.42536 11.8373
 0.42548 12.0211
 0.4256 12.1768
 0.42572 12.2935
 0.42584 12.3664
 0.42596 12.3918
 0.42608 12.3672
 0.4262 12.2958
 0.42632 12.1855
 0.42644 12.0436
 0.42656 11.8734
 0.42668 11.677
 0.4268 11.4561
 0.42692 11.2123
 0.42704 10.9496
 0.42716 10.6745
 0.42728 10.3938
 0.4274 10.1141
 0.42752 9.84479
 0.42764 9.59469
 0.42776 9.36714
 0.42788 9.16407
 0.428 8.98778
 0.42812 8.83902
 0.42824 8.71375
 0.42836 8.60617
 0.42848 8.51377
 0.4286 8.44087
 0.42872 8.39371
 0.42884 8.37908
 0.42896 8.40195
 0.42908 8.46013
 0.4292 8.54989
 0.42932 8.66846
 0.42944 8.81348
 0.42956 8.98096
 0.42968 9.17096
 0.4298 9.38517
 0.42992 9.62012
 0.43004 9.87151
 0.43016 10.1358
 0.43028 10.4104
 0.4304 10.6931
 0.43052 10.9774
 0.43064 11.2506
 0.43076 11.499
 0.43088 11.7095
 0.431 11.875
 0.43112 11.9945
 0.43124 12.065
 0.43136 12.0827
 0.43148 12.0448
 0.4316 11.9488
 0.43172 11.7888
 0.43184 11.5647
 0.43196 11.2832
 0.43208 10.9516
 0.4322 10.577
 0.43232 10.1663
 0.43244 9.7257
 0.43256 9.26386
 0.43268 8.79205
 0.4328 8.32158
 0.43292 7.86218
 0.43304 7.41888
 0.43316 6.99657
 0.43328 6.60186
 0.4334 6.2409
 0.43352 5.91784
 0.43364 5.63698
 0.43376 5.40242
 0.43388 5.21196
 0.434 5.06013
 0.43412 4.94104
 0.43424 4.84881
 0.43436 4.77829
 0.43448 4.72498
 0.4346 4.68397
 0.43472 4.64964
 0.43484 4.61696
 0.43496 4.58269
 0.43508 4.54324
 0.4352 4.49506
 0.43532 4.43515
 0.43544 4.36234
 0.43556 4.27623
 0.43568 4.17603
 0.4358 4.06114
 0.43592 3.93261
 0.43604 3.79269
 0.43616 3.64444
 0.43628 3.49124
 0.4364 3.33656
 0.43652 3.18331
 0.43664 3.03672
 0.43676 2.90275
 0.43688 2.78535
 0.437 2.68727
 0.43712 2.61424
 0.43724 2.57205
 0.43736 2.56349
 0.43748 2.59023
 0.4376 2.65444
 0.43772 2.75957
 0.43784 2.91058
 0.43796 3.11259
 0.43808 3.36955
 0.4382 3.68336
 0.43832 4.05501
 0.43844 4.48502
 0.43856 4.97242
 0.43868 5.51031
 0.4388 6.09188
 0.43892 6.71332
 0.43904 7.37101
 0.43916 8.05514
 0.43928 8.75496
 0.4394 9.46254
 0.43952 10.1697
 0.43964 10.8676
 0.43976 11.5453
 0.43988 12.1897
 0.44 12.788
 0.44012 13.3297
 0.44024 13.8074
 0.44036 14.2138
 0.44048 14.5433
 0.4406 14.794
 0.44072 14.9681
 0.44084 15.0672
 0.44096 15.0902
 0.44108 15.036
 0.4412 14.9103
 0.44132 14.72
 0.44144 14.4722
 0.44156 14.1744
 0.44168 13.835
 0.4418 13.4657
 0.44192 13.0791
 0.44204 12.6879
 0.44216 12.3023
 0.44228 11.9317
 0.4424 11.5844
 0.44252 11.2656
 0.44264 10.9795
 0.44276 10.7293
 0.44288 10.5182
 0.443 10.3517
 0.44312 10.2368
 0.44324 10.1767
 0.44336 10.1704
 0.44348 10.2157
 0.4436 10.3093
 0.44372 10.4462
 0.44384 10.6199
 0.44396 10.8222
 0.44408 11.043
 0.4442 11.2713
 0.44432 11.4956
 0.44444 11.7076
 0.44456 11.8999
 0.44468 12.0649
 0.4448 12.1965
 0.44492 12.2901
 0.44504 12.3402
 0.44516 12.3388
 0.44528 12.2823
 0.4454 12.1712
 0.44552 12.0072
 0.44564 11.7919
 0.44576 11.527
 0.44588 11.214
 0.446 10.8575
 0.44612 10.4661
 0.44624 10.0503
 0.44636 9.62046
 0.44648 9.18495
 0.4466 8.7528
 0.44672 8.33093
 0.44684 7.92139
 0.44696 7.52288
 0.44708 7.13355
 0.4472 6.75156
 0.44732 6.37175
 0.44744 5.98705
 0.44756 5.59312
 0.44768 5.18976
 0.4478 4.77839
 0.44792 4.36098
 0.44804 3.93653
 0.44816 3.50245
 0.44828 3.05559
 0.4484 2.59329
 0.44852 2.11365
 0.44864 1.61461
 0.44876 1.10037
 0.44888 0.581019
 0.449 0.0699631
 0.44912 -0.417559
 0.44924 -0.864919
 0.44936 -1.25455
 0.44948 -1.56998
 0.4496 -1.80279
 0.44972 -1.94932
 0.44984 -2.00697
 0.44996 -1.97324
 0.45008 -1.84523
 0.4502 -1.62113
 0.45032 -1.29901
 0.45044 -0.878788
 0.45056 -0.362041
 0.45068 0.247076
 0.4508 0.937643
 0.45092 1.69424
 0.45104 2.49968
 0.45116 3.33353
 0.45128 4.17418
 0.4514 5.0005
 0.45152 5.79533
 0.45164 6.54831
 0.45176 7.25083
 0.45188 7.89494
 0.452 8.47298
 0.45212 8.97873
 0.45224 9.40719
 0.45236 9.75213
 0.45248 10.0117
 0.4526 10.1863
 0.45272 10.2799
 0.45284 10.3017
 0.45296 10.2628
 0.45308 10.1765
 0.4532 10.0594
 0.45332 9.92849
 0.45344 9.79829
 0.45356 9.67905
 0.45368 9.57881
 0.4538 9.50308
 0.45392 9.45685
 0.45404 9.44344
 0.45416 9.46423
 0.45428 9.52129
 0.4544 9.61847
 0.45452 9.75629
 0.45464 9.93459
 0.45476 10.1502
 0.45488 10.397
 0.455 10.6681
 0.45512 10.9541
 0.45524 11.2432
 0.45536 11.5239
 0.45548 11.7889
 0.4556 12.0328
 0.45572 12.2534
 0.45584 12.4516
 0.45596 12.6279
 0.45608 12.7857
 0.4562 12.9296
 0.45632 13.0623
 0.45644 13.1838
 0.45656 13.2915
 0.45668 13.3816
 0.4568 13.4513
 0.45692 13.4989
 0.45704 13.5235
 0.45716 13.526
 0.45728 13.5099
 0.4574 13.4771
 0.45752 13.4268
 0.45764 13.3565
 0.45776 13.2585
 0.45788 13.1263
 0.458 12.9543
 0.45812 12.7343
 0.45824 12.4572
 0.45836 12.1158
 0.45848 11.7096
 0.4586 11.2441
 0.45872 10.7277
 0.45884 10.1698
 0.45896 9.57876
 0.45908 8.96142
 0.4592 8.32311
 0.45932 7.6684
 0.45944 7.00465
 0.45956 6.34167
 0.45968 5.69233
 0.4598 5.07161
 0.45992 4.4912
 0.46004 3.96135
 0.46016 3.49474
 0.46028 3.10449
 0.4604 2.79981
 0.46052 2.58355
 0.46064 2.45338
 0.46076 2.40482
 0.46088 2.43307
 0.461 2.53508
 0.46112 2.70937
 0.46124 2.95493
 0.46136 3.26884
 0.46148 3.64404
 0.4616 4.07023
 0.46172 4.53494
 0.46184 5.02539
 0.46196 5.53141
 0.46208 6.04436
 0.4622 6.55383
 0.46232 7.05
 0.46244 7.52678
 0.46256 7.98035
 0.46268 8.40852
 0.4628 8.80864
 0.46292 9.17763
 0.46304 9.5112
 0.46316 9.8047
 0.46328 10.0537
 0.4634 10.2564
 0.46352 10.4137
 0.46364 10.5283
 0.46376 10.604
 0.46388 10.6452
 0.464 10.6535
 0.46412 10.6299
 0.46424 10.5776
 0.46436 10.4992
 0.46448 10.397
 0.4646 10.2736
 0.46472 10.1322
 0.46484 9.97661
 0.46496 9.8105
 0.46508 9.63716
 0.4652 9.4595
 0.46532 9.28048
 0.46544 9.10324
 0.46556 8.93072
 0.46568 8.76544
 0.4658 8.60946
 0.46592 8.46518
 0.46604 8.33737
 0.46616 8.2291
 0.46628 8.14046
 0.4664 8.07019
 0.46652 8.0158
 0.46664 7.97614
 0.46676 7.94987
 0.46688 7.93629
 0.467 7.93516
 0.46712 7.94757
 0.46724 7.97476
 0.46736 8.01611
 0.46748 8.06879
 0.4676 8.13019
 0.46772 8.19818
 0.46784 8.27118
 0.46796 8.34686
 0.46808 8.42302
 0.4682 8.50016
 0.46832 8.58081
 0.46844 8.66956
 0.46856 8.76866
 0.46868 8.8777
 0.4688 8.99554
 0.46892 9.12109
 0.46904 9.25298
 0.46916 9.38951
 0.46928 9.52994
 0.4694 9.67699
 0.46952 9.83395
 0.46964 10.0024
 0.46976 10.1817
 0.46988 10.3697
 0.47 10.5639
 0.47012 10.7606
 0.47024 10.9555
 0.47036 11.1447
 0.47048 11.3239
 0.4706 11.4939
 0.47072 11.6571
 0.47084 11.8151
 0.47096 11.9679
 0.47108 12.1159
 0.4712 12.2577
 0.47132 12.3894
 0.47144 12.5051
 0.47156 12.6006
 0.47168 12.6753
 0.4718 12.7314
 0.47192 12.7707
 0.47204 12.7962
 0.47216 12.811
 0.47228 12.8168
 0.4724 12.8143
 0.47252 12.8029
 0.47264 12.7802
 0.47276 12.7448
 0.47288 12.6977
 0.473 12.6413
 0.47312 12.5762
 0.47324 12.5059
 0.47336 12.437
 0.47348 12.3754
 0.4736 12.3241
 0.47372 12.2834
 0.47384 12.2537
 0.47396 12.2384
 0.47408 12.2393
 0.4742 12.2576
 0.47432 12.2956
 0.47444 12.3559
 0.47456 12.4413
 0.47468 12.5509
 0.4748 12.6811
 0.47492 12.8254
 0.47504 12.9801
 0.47516 13.1434
 0.47528 13.3102
 0.4754 13.4739
 0.47552 13.6284
 0.47564 13.7698
 0.47576 13.8941
 0.47588 13.9945
 0.476 14.0627
 0.47612 14.0923
 0.47624 14.0779
 0.47636 14.0142
 0.47648 13.8955
 0.4766 13.7193
 0.47672 13.4895
 0.47684 13.2129
 0.47696 12.8963
 0.47708 12.5421
 0.4772 12.1526
 0.47732 11.7315
 0.47744 11.2824
 0.47756 10.8104
 0.47768 10.3204
 0.4778 9.81848
 0.47792 9.3115
 0.47804 8.80671
 0.47816 8.31086
 0.47828 7.82995
 0.4784 7.36913
 0.47852 6.93339
 0.47864 6.52152
 0.47876 6.12699
 0.47888 5.7421
 0.479 5.36111
 0.47912 4.981
 0.47924 4.59936
 0.47936 4.21572
 0.47948 3.83158
 0.4796 3.44651
 0.47972 3.05954
 0.47984 2.67001
 0.47996 2.27868
 0.48008 1.88444
 0.4802 1.48578
 0.48032 1.08235
 0.48044 0.675086
 0.48056 0.266555
 0.48068 -0.135223
 0.4808 -0.518975
 0.48092 -0.873505
 0.48104 -1.18917
 0.48116 -1.45841
 0.48128 -1.67568
 0.4814 -1.83998
 0.48152 -1.9528
 0.48164 -2.01534
 0.48176 -2.02973
 0.48188 -1.9991
 0.482 -1.92689
 0.48212 -1.81508
 0.48224 -1.666
 0.48236 -1.48347
 0.48248 -1.27228
 0.4826 -1.03802
 0.48272 -0.7885
 0.48284 -0.53305
 0.48296 -0.279799
 0.48308 -0.0355638
 0.4832 0.194694
 0.48332 0.407741
 0.48344 0.603772
 0.48356 0.784164
 0.48368 0.952179
 0.4838 1.11201
 0.48392 1.2681
 0.48404 1.42496
 0.48416 1.58724
 0.48428 1.76058
 0.4844 1.95134
 0.48452 2.16591
 0.48464 2.40871
 0.48476 2.68294
 0.48488 2.9905
 0.485 3.33004
 0.48512 3.69822
 0.48524 4.08937
 0.48536 4.49681
 0.48548 4.91311
 0.4856 5.32988
 0.48572 5.73769
 0.48584 6.12658
 0.48596 6.48616
 0.48608 6.80445
 0.4862 7.06873
 0.48632 7.26594
 0.48644 7.38365
 0.48656 7.41086
 0.48668 7.34099
 0.4868 7.17088
 0.48692 6.90106
 0.48704 6.5359
 0.48716 6.08445
 0.48728 5.56184
 0.4874 4.98402
 0.48752 4.36757
 0.48764 3.7297
 0.48776 3.08698
 0.48788 2.45679
 0.488 1.85778
 0.48812 1.31089
 0.48824 0.83736
 0.48836 0.457828
 0.48848 0.189996
 0.4886 0.048096
 0.48872 0.0414624
 0.48884 0.174708
 0.48896 0.449663
 0.48908 0.865411
 0.4892 1.41093
 0.48932 2.06897
 0.48944 2.82098
 0.48956 3.64749
 0.48968 4.52994
 0.4898 5.4508
 0.48992 6.39209
 0.49004 7.33447
 0.49016 8.25735
 0.49028 9.13957
 0.4904 9.96069
 0.49052 10.7051
 0.49064 11.3604
 0.49076 11.919
 0.49088 12.3764
 0.491 12.7291
 0.49112 12.9764
 0.49124 13.1261
 0.49136 13.1873
 0.49148 13.1696
 0.4916 13.0811
 0.49172 12.9278
 0.49184 12.7153
 0.49196 12.4489
 0.49208 12.1353
 0.4922 11.7824
 0.49232 11.3999
 0.49244 10.9972
 0.49256 10.58
 0.49268 10.1519
 0.4928 9.71502
 0.49292 9.27064
 0.49304 8.81949
 0.49316 8.36013
 0.49328 7.89032
 0.4934 7.40915
 0.49352 6.9173
 0.49364 6.41942
 0.49376 5.92073
 0.49388 5.42675
 0.494 4.94299
 0.49412 4.47272
 0.49424 4.01654
 0.49436 3.57335
 0.49448 3.14254
 0.4946 2.72686
 0.49472 2.33072
 0.49484 1.95664
 0.49496 1.60772
 0.49508 1.28845
 0.4952 1.00387
 0.49532 0.75797
 0.49544 0.553767
 0.49556 0.391928
 0.49568 0.270951
 0.4958 0.189527
 0.49592 0.145333
 0.49604 0.13635
 0.49616 0.163898
 0.49628 0.231398
 0.4964 0.34262
 0.49652 0.499579
 0.49664 0.699408
 0.49676 0.939118
 0.49688 1.21692
 0.497 1.53007
 0.49712 1.87244
 0.49724 2.23697
 0.49736 2.61626
 0.49748 3.00387
 0.4976 3.39488
 0.49772 3.78469
 0.49784 4.16985
 0.49796 4.54873
 0.49808 4.9195
 0.4982 5.27876
 0.49832 5.62313
 0.49844 5.94985
 0.49856 6.25852
 0.49868 6.55004
 0.4988 6.82375
 0.49892 7.07884
 0.49904 7.31593
 0.49916 7.54008
 0.49928 7.75845
 0.4994 7.97923
 0.49952 8.20908
 0.49964 8.45374
 0.49976 8.71781
 0.49988 9.00399
 0.5 9.31274
 0.50012 9.64371
 0.50024 9.99442
 0.50036 10.3607
 0.50048 10.7376
 0.5006 11.1203
 0.50072 11.5072
 0.50084 11.8975
 0.50096 12.2912
 0.50108 12.6886
 0.5012 13.0872
 0.50132 13.4781
 0.50144 13.851
 0.50156 14.1962
 0.50168 14.5054
 0.5018 14.771
 0.50192 14.9869
 0.50204 15.149
 0.50216 15.255
 0.50228 15.3068
 0.5024 15.3078
 0.50252 15.2613
 0.50264 15.1695
 0.50276 15.0338
 0.50288 14.856
 0.503 14.6338
 0.50312 14.3613
 0.50324 14.0362
 0.50336 13.664
 0.50348 13.2515
 0.5036 12.8059
 0.50372 12.3347
 0.50384 11.8473
 0.50396 11.3521
 0.50408 10.8571
 0.5042 10.368
 0.50432 9.88851
 0.50444 9.42165
 0.50456 8.97058
 0.50468 8.53752
 0.5048 8.12075
 0.50492 7.71956
 0.50504 7.34027
 0.50516 6.99144
 0.50528 6.679
 0.5054 6.40537
 0.50552 6.17165
 0.50564 5.9788
 0.50576 5.82474
 0.50588 5.70487
 0.506 5.61483
 0.50612 5.5509
 0.50624 5.51067
 0.50636 5.49136
 0.50648 5.49028
 0.5066 5.50543
 0.50672 5.53836
 0.50684 5.59464
 0.50696 5.67685
 0.50708 5.78345
 0.5072 5.91291
 0.50732 6.06331
 0.50744 6.23363
 0.50756 6.42269
 0.50768 6.62792
 0.5078 6.84927
 0.50792 7.08765
 0.50804 7.34365
 0.50816 7.61564
 0.50828 7.90172
 0.5084 8.20112
 0.50852 8.51247
 0.50864 8.83345
 0.50876 9.1586
 0.50888 9.48007
 0.509 9.79122
 0.50912 10.0859
 0.50924 10.3579
 0.50936 10.6015
 0.50948 10.8121
 0.5096 10.9868
 0.50972 11.1246
 0.50984 11.2235
 0.50996 11.2805
 0.51008 11.2933
 0.5102 11.2621
 0.51032 11.1872
 0.51044 11.0693
 0.51056 10.9098
 0.51068 10.7102
 0.5108 10.4744
 0.51092 10.2103
 0.51104 9.92811
 0.51116 9.63776
 0.51128 9.3495
 0.5114 9.07251
 0.51152 8.81441
 0.51164 8.58133
 0.51176 8.38025
 0.51188 8.21888
 0.512 8.1066
 0.51212 8.05237
 0.51224 8.0637
 0.51236 8.14424
 0.51248 8.29639
 0.5126 8.52249
 0.51272 8.82507
 0.51284 9.20232
 0.51296 9.64498
 0.51308 10.1409
 0.5132 10.6778
 0.51332 11.2434
 0.51344 11.8258
 0.51356 12.4143
 0.51368 12.9974
 0.5138 13.562
 0.51392 14.095
 0.51404 14.5815
 0.51416 15.0069
 0.51428 15.3594
 0.5144 15.6327
 0.51452 15.8207
 0.51464 15.9168
 0.51476 15.914
 0.51488 15.8111
 0.515 15.6144
 0.51512 15.3312
 0.51524 14.9696
 0.51536 14.5396
 0.51548 14.0511
 0.5156 13.5137
 0.51572 12.9376
 0.51584 12.3332
 0.51596 11.7113
 0.51608 11.0827
 0.5162 10.4584
 0.51632 9.84684
 0.51644 9.25413
 0.51656 8.6871
 0.51668 8.15406
 0.5168 7.6646
 0.51692 7.22297
 0.51704 6.83007
 0.51716 6.48722
 0.51728 6.19127
 0.5174 5.93615
 0.51752 5.7156
 0.51764 5.52546
 0.51776 5.36164
 0.51788 5.22019
 0.518 5.09713
 0.51812 4.9882
 0.51824 4.88841
 0.51836 4.79253
 0.51848 4.69555
 0.5186 4.59172
 0.51872 4.47172
 0.51884 4.32645
 0.51896 4.14981
 0.51908 3.93581
 0.5192 3.68138
 0.51932 3.39102
 0.51944 3.07259
 0.51956 2.73141
 0.51968 2.3687
 0.5198 1.98521
 0.51992 1.58162
 0.52004 1.15897
 0.52016 0.719085
 0.52028 0.265882
 0.5204 -0.198004
 0.52052 -0.671049
 0.52064 -1.14771
 0.52076 -1.61685
 0.52088 -2.0684
 0.521 -2.49316
 0.52112 -2.88259
 0.52124 -3.23339
 0.52136 -3.54964
 0.52148 -3.83619
 0.5216 -4.09243
 0.52172 -4.31229
 0.52184 -4.48898
 0.52196 -4.61601
 0.52208 -4.688
 0.5222 -4.70128
 0.52232 -4.65292
 0.52244 -4.53566
 0.52256 -4.34243
 0.52268 -4.07537
 0.5228 -3.74212
 0.52292 -3.35024
 0.52304 -2.90749
 0.52316 -2.42146
 0.52328 -1.89553
 0.5234 -1.33044
 0.52352 -0.728758
 0.52364 -0.0991181
 0.52376 0.545526
 0.52388 1.19224
 0.524 1.82934
 0.52412 2.44655
 0.52424 3.03569
 0.52436 3.58724
 0.52448 4.08967
 0.5246 4.53384
 0.52472 4.91914
 0.52484 5.24805
 0.52496 5.52385
 0.52508 5.75144
 0.5252 5.93577
 0.52532 6.08091
 0.52544 6.19212
 0.52556 6.27634
 0.52568 6.34314
 0.5258 6.40251
 0.52592 6.46261
 0.52604 6.53011
 0.52616 6.61076
 0.52628 6.71
 0.5264 6.83339
 0.52652 6.98545
 0.52664 7.16867
 0.52676 7.38224
 0.52688 7.62386
 0.527 7.88956
 0.52712 8.17379
 0.52724 8.47072
 0.52736 8.77305
 0.52748 9.07179
 0.5276 9.35835
 0.52772 9.62594
 0.52784 9.86944
 0.52796 10.0865
 0.52808 10.2753
 0.5282 10.434
 0.52832 10.5573
 0.52844 10.6393
 0.52856 10.6752
 0.52868 10.6603
 0.5288 10.591
 0.52892 10.4646
 0.52904 10.2799
 0.52916 10.0378
 0.52928 9.74037
 0.5294 9.39091
 0.52952 8.99284
 0.52964 8.54787
 0.52976 8.05616
 0.52988 7.51622
 0.53 6.92479
 0.53012 6.27775
 0.53024 5.57315
 0.53036 4.81769
 0.53048 4.02321
 0.5306 3.20183
 0.53072 2.36563
 0.53084 1.52578
 0.53096 0.69319
 0.53108 -0.122773
 0.5312 -0.914965
 0.53132 -1.67697
 0.53144 -2.4019
 0.53156 -3.08163
 0.53168 -3.70736
 0.5318 -4.26995
 0.53192 -4.75953
 0.53204 -5.16398
 0.53216 -5.4695
 0.53228 -5.6662
 0.5324 -5.75728
 0.53252 -5.75212
 0.53264 -5.66028
 0.53276 -5.49096
 0.53288 -5.25219
 0.533 -4.95234
 0.53312 -4.59872
 0.53324 -4.19803
 0.53336 -3.75716
 0.53348 -3.28398
 0.5336 -2.7865
 0.53372 -2.27148
 0.53384 -1.74512
 0.53396 -1.21415
 0.53408 -0.688685
 0.5342 -0.180106
 0.53432 0.304675
 0.53444 0.76851
 0.53456 1.21605
 0.53468 1.65229
 0.5348 2.08141
 0.53492 2.5068
 0.53504 2.93197
 0.53516 3.36101
 0.53528 3.7976
 0.5354 4.2452
 0.53552 4.70749
 0.53564 5.18456
 0.53576 5.67258
 0.53588 6.16587
 0.536 6.65975
 0.53612 7.15262
 0.53624 7.64322
 0.53636 8.12766
 0.53648 8.5997
 0.5366 9.05319
 0.53672 9.48155
 0.53684 9.87953
 0.53696 10.2423
 0.53708 10.5649
 0.5372 10.8423
 0.53732 11.0722
 0.53744 11.2529
 0.53756 11.3837
 0.53768 11.4713
 0.5378 11.5275
 0.53792 11.5658
 0.53804 11.596
 0.53816 11.6255
 0.53828 11.661
 0.5384 11.71
 0.53852 11.7795
 0.53864 11.8773
 0.53876 12.0104
 0.53888 12.1841
 0.539 12.4029
 0.53912 12.6714
 0.53924 12.9915
 0.53936 13.3585
 0.53948 13.7674
 0.5396 14.2115
 0.53972 14.675
 0.53984 15.1381
 0.53996 15.5821
 0.54008 15.9946
 0.5402 16.3648
 0.54032 16.682
 0.54044 16.9353
 0.54056 17.1136
 0.54068 17.2053
 0.5408 17.2006
 0.54092 17.0934
 0.54104 16.8792
 0.54116 16.5531
 0.54128 16.1174
 0.5414 15.5806
 0.54152 14.9501
 0.54164 14.2361
 0.54176 13.4577
 0.54188 12.6345
 0.542 11.7822
 0.54212 10.9127
 0.54224 10.0372
 0.54236 9.16884
 0.54248 8.32119
 0.5426 7.50785
 0.54272 6.74239
 0.54284 6.03514
 0.54296 5.3909
 0.54308 4.81422
 0.5432 4.30873
 0.54332 3.87081
 0.54344 3.49537
 0.54356 3.17884
 0.54368 2.91416
 0.5438 2.69143
 0.54392 2.5032
 0.54404 2.34473
 0.54416 2.21333
 0.54428 2.10468
 0.5444 2.01317
 0.54452 1.9342
 0.54464 1.86329
 0.54476 1.79611
 0.54488 1.73133
 0.545 1.67021
 0.54512 1.61331
 0.54524 1.56359
 0.54536 1.52752
 0.54548 1.51061
 0.5456 1.51781
 0.54572 1.55455
 0.54584 1.62412
 0.54596 1.72779
 0.54608 1.8658
 0.5462 2.03783
 0.54632 2.24536
 0.54644 2.48757
 0.54656 2.76071
 0.54668 3.06084
 0.5468 3.38531
 0.54692 3.73406
 0.54704 4.10679
 0.54716 4.50204
 0.54728 4.91571
 0.5474 5.34291
 0.54752 5.77928
 0.54764 6.22075
 0.54776 6.66462
 0.54788 7.11057
 0.548 7.55866
 0.54812 8.00774
 0.54824 8.45572
 0.54836 8.89835
 0.54848 9.33622
 0.5486 9.77278
 0.54872 10.2116
 0.54884 10.651
 0.54896 11.0862
 0.54908 11.5134
 0.5492 11.932
 0.54932 12.3415
 0.54944 12.7419
 0.54956 13.1325
 0.54968 13.5129
 0.5498 13.8802
 0.54992 14.2292
 0.55004 14.5564
 0.55016 14.8612
 0.55028 15.1448
 0.5504 15.4112
 0.55052 15.6594
 0.55064 15.8864
 0.55076 16.0904
 0.55088 16.2718
 0.551 16.4276
 0.55112 16.554
 0.55124 16.647
 0.55136 16.7037
 0.55148 16.7216
 0.5516 16.6981
 0.55172 16.6316
 0.55184 16.524
 0.55196 16.3781
 0.55208 16.1935
 0.5522 15.9681
 0.55232 15.6977
 0.55244 15.3791
 0.55256 15.0131
 0.55268 14.6
 0.5528 14.1404
 0.55292 13.6416
 0.55304 13.1147
 0.55316 12.5695
 0.55328 12.0137
 0.5534 11.4542
 0.55352 10.898
 0.55364 10.3515
 0.55376 9.81988
 0.55388 9.30595
 0.554 8.81438
 0.55412 8.35212
 0.55424 7.92657
 0.55436 7.54538
 0.55448 7.213
 0.5546 6.9328
 0.55472 6.70966
 0.55484 6.54561
 0.55496 6.43665
 0.55508 6.37902
 0.5552 6.37012
 0.55532 6.40774
 0.55544 6.48763
 0.55556 6.60541
 0.55568 6.75786
 0.5558 6.94143
 0.55592 7.15252
 0.55604 7.38578
 0.55616 7.63443
 0.55628 7.89166
 0.5564 8.15131
 0.55652 8.40835
 0.55664 8.65702
 0.55676 8.89113
 0.55688 9.10586
 0.557 9.29709
 0.55712 9.45945
 0.55724 9.58738
 0.55736 9.67974
 0.55748 9.73825
 0.5576 9.76427
 0.55772 9.75753
 0.55784 9.71872
 0.55796 9.64871
 0.55808 9.54911
 0.5582 9.42178
 0.55832 9.26812
 0.55844 9.09014
 0.55856 8.89039
 0.55868 8.67169
 0.5588 8.43695
 0.55892 8.18948
 0.55904 7.93301
 0.55916 7.67316
 0.55928 7.41388
 0.5594 7.15426
 0.55952 6.89239
 0.55964 6.62742
 0.55976 6.36162
 0.55988 6.09735
 0.56 5.83703
 0.56012 5.58463
 0.56024 5.34727
 0.56036 5.13223
 0.56048 4.94366
 0.5606 4.78509
 0.56072 4.66025
 0.56084 4.57283
 0.56096 4.52638
 0.56108 4.52371
 0.5612 4.56533
 0.56132 4.65399
 0.56144 4.79568
 0.56156 4.99763
 0.56168 5.26597
 0.5618 5.604
 0.56192 6.01481
 0.56204 6.50094
 0.56216 7.05923
 0.56228 7.67993
 0.5624 8.3546
 0.56252 9.07915
 0.56264 9.84985
 0.56276 10.6618
 0.56288 11.5093
 0.563 12.3867
 0.56312 13.2897
 0.56324 14.2158
 0.56336 15.159
 0.56348 16.1067
 0.5636 17.0414
 0.56372 17.9448
 0.56384 18.8002
 0.56396 19.591
 0.56408 20.3021
 0.5642 20.926
 0.56432 21.4619
 0.56444 21.9085
 0.56456 22.2605
 0.56468 22.513
 0.5648 22.6645
 0.56492 22.7144
 0.56504 22.6621
 0.56516 22.5059
 0.56528 22.243
 0.5654 21.8782
 0.56552 21.4249
 0.56564 20.904
 0.56576 20.3356
 0.56588 19.7381
 0.566 19.1296
 0.56612 18.5266
 0.56624 17.941
 0.56636 17.3788
 0.56648 16.8429
 0.5666 16.3389
 0.56672 15.8709
 0.56684 15.4394
 0.56696 15.0443
 0.56708 14.6858
 0.5672 14.3657
 0.56732 14.0851
 0.56744 13.8389
 0.56756 13.6174
 0.56768 13.4079
 0.5678 13.2016
 0.56792 12.9912
 0.56804 12.7708
 0.56816 12.5353
 0.56828 12.2804
 0.5684 12.0092
 0.56852 11.7286
 0.56864 11.4442
 0.56876 11.163
 0.56888 10.894
 0.569 10.6457
 0.56912 10.4258
 0.56924 10.2404
 0.56936 10.0965
 0.56948 10.0038
 0.5696 9.97124
 0.56972 10.0056
 0.56984 10.1107
 0.56996 10.2894
 0.57008 10.5394
 0.5702 10.8576
 0.57032 11.2415
 0.57044 11.6829
 0.57056 12.173
 0.57068 12.7034
 0.5708 13.2651
 0.57092 13.8486
 0.57104 14.4453
 0.57116 15.0475
 0.57128 15.6482
 0.5714 16.2365
 0.57152 16.7975
 0.57164 17.3176
 0.57176 17.7842
 0.57188 18.1853
 0.572 18.5118
 0.57212 18.7615
 0.57224 18.9326
 0.57236 19.0219
 0.57248 19.0273
 0.5726 18.9464
 0.57272 18.7757
 0.57284 18.512
 0.57296 18.1516
 0.57308 17.6905
 0.5732 17.1246
 0.57332 16.4499
 0.57344 15.6718
 0.57356 14.8017
 0.57368 13.8535
 0.5738 12.8428
 0.57392 11.7848
 0.57404 10.6918
 0.57416 9.57281
 0.57428 8.43821
 0.5744 7.30082
 0.57452 6.17295
 0.57464 5.06713
 0.57476 3.99792
 0.57488 2.97997
 0.575 2.02884
 0.57512 1.1608
 0.57524 0.392187
 0.57536 -0.262033
 0.57548 -0.793968
 0.5756 -1.20216
 0.57572 -1.48911
 0.57584 -1.65829
 0.57596 -1.71387
 0.57608 -1.66046
 0.5762 -1.50207
 0.57632 -1.24626
 0.57644 -0.903034
 0.57656 -0.480982
 0.57668 0.0105716
 0.5768 0.561102
 0.57692 1.15924
 0.57704 1.79033
 0.57716 2.43824
 0.57728 3.08744
 0.5774 3.72442
 0.57752 4.33817
 0.57764 4.9218
 0.57776 5.46995
 0.57788 5.97748
 0.578 6.44267
 0.57812 6.86484
 0.57824 7.24235
 0.57836 7.57771
 0.57848 7.8745
 0.5786 8.13554
 0.57872 8.3638
 0.57884 8.56253
 0.57896 8.73779
 0.57908 8.9008
 0.5792 9.06386
 0.57932 9.23388
 0.57944 9.41243
 0.57956 9.6003
 0.57968 9.79733
 0.5798 10.0037
 0.57992 10.2191
 0.58004 10.4382
 0.58016 10.6576
 0.58028 10.8747
 0.5804 11.0846
 0.58052 11.282
 0.58064 11.4628
 0.58076 11.6234
 0.58088 11.7597
 0.581 11.8632
 0.58112 11.9214
 0.58124 11.9221
 0.58136 11.8654
 0.58148 11.7575
 0.5816 11.6048
 0.58172 11.4135
 0.58184 11.1891
 0.58196 10.9373
 0.58208 10.6674
 0.5822 10.3849
 0.58232 10.0953
 0.58244 9.80498
 0.58256 9.51975
 0.58268 9.2446
 0.5828 8.98432
 0.58292 8.74436
 0.58304 8.53396
 0.58316 8.36483
 0.58328 8.24607
 0.5834 8.17679
 0.58352 8.15231
 0.58364 8.1679
 0.58376 8.21791
 0.58388 8.29807
 0.584 8.40339
 0.58412 8.52867
 0.58424 8.6715
 0.58436 8.82932
 0.58448 8.99896
 0.5846 9.17581
 0.58472 9.35424
 0.58484 9.52864
 0.58496 9.69231
 0.58508 9.8358
 0.5852 9.94915
 0.58532 10.0241
 0.58544 10.0565
 0.58556 10.044
 0.58568 9.9839
 0.5858 9.87519
 0.58592 9.71655
 0.58604 9.50748
 0.58616 9.24719
 0.58628 8.93397
 0.5864 8.56708
 0.58652 8.14702
 0.58664 7.67829
 0.58676 7.16667
 0.58688 6.61854
 0.587 6.04528
 0.58712 5.46064
 0.58724 4.87791
 0.58736 4.30983
 0.58748 3.76652
 0.5876 3.25889
 0.58772 2.7981
 0.58784 2.3943
 0.58796 2.05725
 0.58808 1.79473
 0.5882 1.61288
 0.58832 1.51687
 0.58844 1.51129
 0.58856 1.59983
 0.58868 1.78393
 0.5888 2.06462
 0.58892 2.43912
 0.58904 2.89578
 0.58916 3.42198
 0.58928 4.00542
 0.5894 4.63481
 0.58952 5.30141
 0.58964 5.99533
 0.58976 6.70688
 0.58988 7.42707
 0.59 8.14614
 0.59012 8.8577
 0.59024 9.55804
 0.59036 10.2447
 0.59048 10.9137
 0.5906 11.5592
 0.59072 12.175
 0.59084 12.7559
 0.59096 13.3028
 0.59108 13.8213
 0.5912 14.317
 0.59132 14.796
 0.59144 15.2637
 0.59156 15.7233
 0.59168 16.1775
 0.5918 16.6268
 0.59192 17.0694
 0.59204 17.5046
 0.59216 17.9297
 0.59228 18.3379
 0.5924 18.7226
 0.59252 19.081
 0.59264 19.4137
 0.59276 19.7218
 0.59288 20.0047
 0.593 20.2595
 0.59312 20.4832
 0.59324 20.6732
 0.59336 20.8239
 0.59348 20.9284
 0.5936 20.9821
 0.59372 20.9828
 0.59384 20.9336
 0.59396 20.842
 0.59408 20.7129
 0.5942 20.5528
 0.59432 20.3723
 0.59444 20.18
 0.59456 19.9803
 0.59468 19.7751
 0.5948 19.5661
 0.59492 19.3574
 0.59504 19.1524
 0.59516 18.952
 0.59528 18.7573
 0.5954 18.5758
 0.59552 18.4157
 0.59564 18.2827
 0.59576 18.1781
 0.59588 18.0976
 0.596 18.0365
 0.59612 17.995
 0.59624 17.9717
 0.59636 17.9637
 0.59648 17.9709
 0.5966 17.9968
 0.59672 18.0463
 0.59684 18.1207
 0.59696 18.2154
 0.59708 18.3285
 0.5972 18.4606
 0.59732 18.6112
 0.59744 18.775
 0.59756 18.9468
 0.59768 19.125
 0.5978 19.3112
 0.59792 19.5083
 0.59804 19.7126
 0.59816 19.9163
 0.59828 20.1111
 0.5984 20.2887
 0.59852 20.4378
 0.59864 20.5462
 0.59876 20.6015
 0.59888 20.6019
 0.599 20.5494
 0.59912 20.4431
 0.59924 20.2818
 0.59936 20.0653
 0.59948 19.7958
 0.5996 19.4753
 0.59972 19.1037
 0.59984 18.6807
 0.59996 18.2089
 0.60008 17.6972
 0.6002 17.1562
 0.60032 16.5971
 0.60044 16.0311
 0.60056 15.4666
 0.60068 14.912
 0.6008 14.373
 0.60092 13.8491
 0.60104 13.3404
 0.60116 12.8483
 0.60128 12.3723
 0.6014 11.9102
 0.60152 11.459
 0.60164 11.0154
 0.60176 10.5744
 0.60188 10.1302
 0.602 9.67485
 0.60212 9.20154
 0.60224 8.7048
 0.60236 8.1787
 0.60248 7.6237
 0.6026 7.04676
 0.60272 6.455
 0.60284 5.85681
 0.60296 5.26104
 0.60308 4.67415
 0.6032 4.10132
 0.60332 3.55132
 0.60344 3.03404
 0.60356 2.55907
 0.60368 2.13868
 0.6038 1.78747
 0.60392 1.52106
 0.60404 1.35352
 0.60416 1.29173
 0.60428 1.34145
 0.6044 1.50745
 0.60452 1.78449
 0.60464 2.1634
 0.60476 2.63511
 0.60488 3.18995
 0.605 3.81848
 0.60512 4.51488
 0.60524 5.27398
 0.60536 6.08794
 0.60548 6.94743
 0.6056 7.83965
 0.60572 8.74851
 0.60584 9.65653
 0.60596 10.5438
 0.60608 11.3942
 0.6062 12.1959
 0.60632 12.9354
 0.60644 13.5998
 0.60656 14.1821
 0.60668 14.6756
 0.6068 15.0738
 0.60692 15.3711
 0.60704 15.5611
 0.60716 15.6352
 0.60728 15.5848
 0.6074 15.4043
 0.60752 15.0938
 0.60764 14.6596
 0.60776 14.109
 0.60788 13.4512
 0.608 12.6981
 0.60812 11.8591
 0.60824 10.9454
 0.60836 9.97468
 0.60848 8.96448
 0.6086 7.93189
 0.60872 6.8948
 0.60884 5.87111
 0.60896 4.8785
 0.60908 3.93507
 0.6092 3.05903
 0.60932 2.26763
 0.60944 1.57266
 0.60956 0.980197
 0.60968 0.49356
 0.6098 0.116416
 0.60992 -0.148146
 0.61004 -0.296035
 0.61016 -0.323353
 0.61028 -0.234254
 0.6104 -0.0387874
 0.61052 0.252878
 0.61064 0.628293
 0.61076 1.07317
 0.61088 1.57339
 0.611 2.11502
 0.61112 2.68457
 0.61124 3.26875
 0.61136 3.85761
 0.61148 4.44617
 0.6116 5.03121
 0.61172 5.60931
 0.61184 6.17387
 0.61196 6.71413
 0.61208 7.21606
 0.6122 7.66859
 0.61232 8.06939
 0.61244 8.41787
 0.61256 8.71458
 0.61268 8.96412
 0.6128 9.17249
 0.61292 9.34473
 0.61304 9.48428
 0.61316 9.59355
 0.61328 9.67464
 0.6134 9.72481
 0.61352 9.73885
 0.61364 9.71113
 0.61376 9.6381
 0.61388 9.52208
 0.614 9.37082
 0.61412 9.19411
 0.61424 8.99978
 0.61436 8.79249
 0.61448 8.57589
 0.6146 8.35049
 0.61472 8.11396
 0.61484 7.86379
 0.61496 7.59916
 0.61508 7.32375
 0.6152 7.04208
 0.61532 6.75964
 0.61544 6.48498
 0.61556 6.22796
 0.61568 5.99859
 0.6158 5.8045
 0.61592 5.64922
 0.61604 5.53419
 0.61616 5.4595
 0.61628 5.42257
 0.6164 5.42241
 0.61652 5.46073
 0.61664 5.54173
 0.61676 5.67089
 0.61688 5.85429
 0.617 6.09522
 0.61712 6.39176
 0.61724 6.74166
 0.61736 7.14224
 0.61748 7.58823
 0.6176 8.07328
 0.61772 8.59112
 0.61784 9.13629
 0.61796 9.70425
 0.61808 10.2906
 0.6182 10.8914
 0.61832 11.5065
 0.61844 12.1325
 0.61856 12.7641
 0.61868 13.3954
 0.6188 14.0179
 0.61892 14.6226
 0.61904 15.2035
 0.61916 15.7591
 0.61928 16.2856
 0.6194 16.7804
 0.61952 17.2442
 0.61964 17.6785
 0.61976 18.0846
 0.61988 18.4629
 0.62 18.8134
 0.62012 19.1364
 0.62024 19.4315
 0.62036 19.696
 0.62048 19.9287
 0.6206 20.1282
 0.62072 20.294
 0.62084 20.4274
 0.62096 20.5296
 0.62108 20.5965
 0.6212 20.6205
 0.62132 20.5974
 0.62144 20.5211
 0.62156 20.3838
 0.62168 20.1773
 0.6218 19.8952
 0.62192 19.5341
 0.62204 19.0918
 0.62216 18.5667
 0.62228 17.9606
 0.6224 17.2773
 0.62252 16.5208
 0.62264 15.6977
 0.62276 14.8155
 0.62288 13.8812
 0.623 12.9025
 0.62312 11.896
 0.62324 10.8808
 0.62336 9.87371
 0.62348 8.89159
 0.6236 7.95114
 0.62372 7.06859
 0.62384 6.25639
 0.62396 5.52353
 0.62408 4.87841
 0.6242 4.32648
 0.62432 3.86984
 0.62444 3.50984
 0.62456 3.24538
 0.62468 3.06967
 0.6248 2.97338
 0.62492 2.94917
 0.62504 2.98746
 0.62516 3.07056
 0.62528 3.17927
 0.6254 3.29877
 0.62552 3.41634
 0.62564 3.51984
 0.62576 3.59806
 0.62588 3.64295
 0.626 3.64603
 0.62612 3.59939
 0.62624 3.49941
 0.62636 3.34361
 0.62648 3.13006
 0.6266 2.86135
 0.62672 2.5461
 0.62684 2.19335
 0.62696 1.81086
 0.62708 1.41003
 0.6272 1.0094
 0.62732 0.62706
 0.62744 0.274411
 0.62756 -0.0384687
 0.62768 -0.301969
 0.6278 -0.506934
 0.62792 -0.644365
 0.62804 -0.702099
 0.62816 -0.672151
 0.62828 -0.551114
 0.6284 -0.335474
 0.62852 -0.022679
 0.62864 0.386218
 0.62876 0.887901
 0.62888 1.47935
 0.629 2.15686
 0.62912 2.90989
 0.62924 3.72026
 0.62936 4.5706
 0.62948 5.44701
 0.6296 6.33571
 0.62972 7.22299
 0.62984 8.09515
 0.62996 8.9372
 0.63008 9.73301
 0.6302 10.4739
 0.63032 11.1537
 0.63044 11.7646
 0.63056 12.2993
 0.63068 12.7507
 0.6308 13.1121
 0.63092 13.3757
 0.63104 13.5364
 0.63116 13.5958
 0.63128 13.5622
 0.6314 13.4442
 0.63152 13.2502
 0.63164 12.9892
 0.63176 12.6695
 0.63188 12.2975
 0.632 11.8794
 0.63212 11.4197
 0.63224 10.917
 0.63236 10.3713
 0.63248 9.78408
 0.6326 9.15751
 0.63272 8.49479
 0.63284 7.79956
 0.63296 7.07627
 0.63308 6.32775
 0.6332 5.55407
 0.63332 4.75301
 0.63344 3.9221
 0.63356 3.05814
 0.63368 2.15758
 0.6338 1.22136
 0.63392 0.258494
 0.63404 -0.719423
 0.63416 -1.69854
 0.63428 -2.6628
 0.6344 -3.59759
 0.63452 -4.48821
 0.63464 -5.32059
 0.63476 -6.08122
 0.63488 -6.75692
 0.635 -7.33486
 0.63512 -7.80243
 0.63524 -8.14962
 0.63536 -8.36778
 0.63548 -8.44771
 0.6356 -8.37975
 0.63572 -8.15533
 0.63584 -7.77598
 0.63596 -7.25256
 0.63608 -6.59848
 0.6362 -5.82842
 0.63632 -4.95749
 0.63644 -4.00169
 0.63656 -2.97936
 0.63668 -1.90923
 0.6368 -0.809759
 0.63692 0.298961
 0.63704 1.39624
 0.63716 2.46329
 0.63728 3.48677
 0.6374 4.45308
 0.63752 5.34836
 0.63764 6.15954
 0.63776 6.87636
 0.63788 7.49511
 0.638 8.01523
 0.63812 8.43693
 0.63824 8.76065
 0.63836 8.98644
 0.63848 9.11789
 0.6386 9.16257
 0.63872 9.12966
 0.63884 9.02948
 0.63896 8.87711
 0.63908 8.68741
 0.6392 8.47213
 0.63932 8.23989
 0.63944 7.99916
 0.63956 7.75657
 0.63968 7.51692
 0.6398 7.28289
 0.63992 7.05788
 0.64004 6.8453
 0.64016 6.64839
 0.64028 6.47105
 0.6404 6.31698
 0.64052 6.18486
 0.64064 6.06858
 0.64076 5.96059
 0.64088 5.84988
 0.641 5.72133
 0.64112 5.56565
 0.64124 5.37537
 0.64136 5.14588
 0.64148 4.87588
 0.6416 4.56633
 0.64172 4.22003
 0.64184 3.84163
 0.64196 3.43584
 0.64208 3.00884
 0.6422 2.56726
 0.64232 2.11665
 0.64244 1.66422
 0.64256 1.2215
 0.64268 0.803027
 0.6428 0.424042
 0.64292 0.103089
 0.64304 -0.142657
 0.64316 -0.305109
 0.64328 -0.375562
 0.6434 -0.348677
 0.64352 -0.221675
 0.64364 0.00736721
 0.64376 0.338087
 0.64388 0.766602
 0.644 1.28559
 0.64412 1.88575
 0.64424 2.55608
 0.64436 3.28687
 0.64448 4.0664
 0.6446 4.88033
 0.64472 5.71358
 0.64484 6.55075
 0.64496 7.37411
 0.64508 8.17052
 0.6452 8.93051
 0.64532 9.64318
 0.64544 10.2989
 0.64556 10.8885
 0.64568 11.4029
 0.6458 11.8362
 0.64592 12.1862
 0.64604 12.4535
 0.64616 12.6405
 0.64628 12.7517
 0.6464 12.7907
 0.64652 12.763
 0.64664 12.6751
 0.64676 12.5327
 0.64688 12.3407
 0.647 12.1051
 0.64712 11.8278
 0.64724 11.5119
 0.64736 11.1614
 0.64748 10.7802
 0.6476 10.3724
 0.64772 9.94249
 0.64784 9.49248
 0.64796 9.02263
 0.64808 8.53265
 0.6482 8.02024
 0.64832 7.48175
 0.64844 6.91354
 0.64856 6.31069
 0.64868 5.6688
 0.6488 4.99037
 0.64892 4.28006
 0.64904 3.5451
 0.64916 2.79546
 0.64928 2.04055
 0.6494 1.28822
 0.64952 0.546075
 0.64964 -0.17792
 0.64976 -0.87748
 0.64988 -1.54631
 0.65 -2.17798
 0.65012 -2.76526
 0.65024 -3.29861
 0.65036 -3.76662
 0.65048 -4.15768
 0.6506 -4.45992
 0.65072 -4.66613
 0.65084 -4.7792
 0.65096 -4.80396
 0.65108 -4.74859
 0.6512 -4.62316
 0.65132 -4.43736
 0.65144 -4.19897
 0.65156 -3.91472
 0.65168 -3.59048
 0.6518 -3.2288
 0.65192 -2.83067
 0.65204 -2.39782
 0.65216 -1.93423
 0.65228 -1.44745
 0.6524 -0.946497
 0.65252 -0.440359
 0.65264 0.0632949
 0.65276 0.563377
 0.65288 1.06285
 0.653 1.56547
 0.65312 2.07724
 0.65324 2.60665
 0.65336 3.16149
 0.65348 3.74788
 0.6536 4.36596
 0.65372 5.01226
 0.65384 5.6807
 0.65396 6.36282
 0.65408 7.05223
 0.6542 7.74498
 0.65432 8.43998
 0.65444 9.13702
 0.65456 9.83524
 0.65468 10.5302
 0.6548 11.2157
 0.65492 11.8864
 0.65504 12.5354
 0.65516 13.1504
 0.65528 13.7169
 0.6554 14.2203
 0.65552 14.6501
 0.65564 15.006
 0.65576 15.2902
 0.65588 15.5065
 0.656 15.6609
 0.65612 15.759
 0.65624 15.8052
 0.65636 15.8013
 0.65648 15.7481
 0.6566 15.6488
 0.65672 15.5087
 0.65684 15.3312
 0.65696 15.1184
 0.65708 14.8765
 0.6572 14.6184
 0.65732 14.3577
 0.65744 14.1083
 0.65756 13.8794
 0.65768 13.6744
 0.6578 13.4962
 0.65792 13.3471
 0.65804 13.2284
 0.65816 13.137
 0.65828 13.0704
 0.6584 13.0292
 0.65852 13.0135
 0.65864 13.0214
 0.65876 13.0521
 0.65888 13.1067
 0.659 13.1866
 0.65912 13.2903
 0.65924 13.4137
 0.65936 13.5536
 0.65948 13.7055
 0.6596 13.8645
 0.65972 14.0269
 0.65984 14.1877
 0.65996 14.3391
 0.66008 14.4755
 0.6602 14.5972
 0.66032 14.7052
 0.66044 14.8001
 0.66056 14.8839
 0.66068 14.9603
 0.6608 15.0318
 0.66092 15.101
 0.66104 15.1692
 0.66116 15.2355
 0.66128 15.2973
 0.6614 15.3498
 0.66152 15.3905
 0.66164 15.4203
 0.66176 15.4408
 0.66188 15.4562
 0.662 15.4755
 0.66212 15.504
 0.66224 15.5433
 0.66236 15.5923
 0.66248 15.6486
 0.6626 15.7023
 0.66272 15.7411
 0.66284 15.7524
 0.66296 15.7221
 0.66308 15.6405
 0.6632 15.5017
 0.66332 15.3048
 0.66344 15.0516
 0.66356 14.7439
 0.66368 14.382
 0.6638 13.9658
 0.66392 13.4926
 0.66404 12.9592
 0.66416 12.3653
 0.66428 11.7118
 0.6644 10.9999
 0.66452 10.2374
 0.66464 9.44483
 0.66476 8.64258
 0.66488 7.85031
 0.665 7.08875
 0.66512 6.37458
 0.66524 5.72185
 0.66536 5.14042
 0.66548 4.63658
 0.6656 4.21323
 0.66572 3.8715
 0.66584 3.6115
 0.66596 3.43343
 0.66608 3.33346
 0.6662 3.30637
 0.66632 3.35081
 0.66644 3.46772
 0.66656 3.64782
 0.66668 3.87439
 0.6668 4.13619
 0.66692 4.42339
 0.66704 4.72617
 0.66716 5.03547
 0.66728 5.34196
 0.6674 5.63552
 0.66752 5.90994
 0.66764 6.16233
 0.66776 6.39431
 0.66788 6.60821
 0.668 6.808
 0.66812 7.00173
 0.66824 7.19627
 0.66836 7.38946
 0.66848 7.5763
 0.6686 7.75804
 0.66872 7.93575
 0.66884 8.10504
 0.66896 8.26092
 0.66908 8.39881
 0.6692 8.51544
 0.66932 8.6125
 0.66944 8.69464
 0.66956 8.76483
 0.66968 8.82248
 0.6698 8.86399
 0.66992 8.8859
 0.67004 8.88393
 0.67016 8.85237
 0.67028 8.78871
 0.6704 8.69983
 0.67052 8.59438
 0.67064 8.47708
 0.67076 8.35414
 0.67088 8.23365
 0.671 8.12209
 0.67112 8.02513
 0.67124 7.9467
 0.67136 7.88573
 0.67148 7.83908
 0.6716 7.80414
 0.67172 7.78162
 0.67184 7.77262
 0.67196 7.77733
 0.67208 7.79456
 0.6722 7.82299
 0.67232 7.85856
 0.67244 7.89044
 0.67256 7.91082
 0.67268 7.91569
 0.6728 7.90017
 0.67292 7.8596
 0.67304 7.79199
 0.67316 7.69569
 0.67328 7.56931
 0.6734 7.41381
 0.67352 7.23142
 0.67364 7.02357
 0.67376 6.79027
 0.67388 6.53187
 0.674 6.25076
 0.67412 5.95126
 0.67424 5.63778
 0.67436 5.31667
 0.67448 4.99652
 0.6746 4.68184
 0.67472 4.37617
 0.67484 4.08458
 0.67496 3.812
 0.67508 3.56212
 0.6752 3.33883
 0.67532 3.14629
 0.67544 2.98751
 0.67556 2.86512
 0.67568 2.78213
 0.6758 2.74172
 0.67592 2.74674
 0.67604 2.79825
 0.67616 2.89666
 0.67628 3.0423
 0.6764 3.23428
 0.67652 3.47033
 0.67664 3.74866
 0.67676 4.06567
 0.67688 4.41495
 0.677 4.78885
 0.67712 5.18017
 0.67724 5.58263
 0.67736 5.98954
 0.67748 6.39427
 0.6776 6.79025
 0.67772 7.17114
 0.67784 7.53154
 0.67796 7.86639
 0.67808 8.17107
 0.6782 8.44103
 0.67832 8.67194
 0.67844 8.86158
 0.67856 9.01002
 0.67868 9.11792
 0.6788 9.18844
 0.67892 9.22806
 0.67904 9.24448
 0.67916 9.24255
 0.67928 9.2246
 0.6794 9.19531
 0.67952 9.15954
 0.67964 9.1221
 0.67976 9.08555
 0.67988 9.04952
 0.68 9.01348
 0.68012 8.97692
 0.68024 8.94019
 0.68036 8.90367
 0.68048 8.86565
 0.6806 8.82393
 0.68072 8.77686
 0.68084 8.72199
 0.68096 8.65537
 0.68108 8.57364
 0.6812 8.47993
 0.68132 8.37735
 0.68144 8.26659
 0.68156 8.14852
 0.68168 8.02459
 0.6818 7.90129
 0.68192 7.7881
 0.68204 7.69499
 0.68216 7.631
 0.68228 7.60123
 0.6824 7.60997
 0.68252 7.66172
 0.68264 7.75997
 0.68276 7.90654
 0.68288 8.1006
 0.683 8.3404
 0.68312 8.6214
 0.68324 8.93441
 0.68336 9.27222
 0.68348 9.62791
 0.6836 9.99391
 0.68372 10.3613
 0.68384 10.7179
 0.68396 11.0521
 0.68408 11.3526
 0.6842 11.6113
 0.68432 11.8251
 0.68444 11.9921
 0.68456 12.1118
 0.68468 12.1846
 0.6848 12.2139
 0.68492 12.207
 0.68504 12.1732
 0.68516 12.1243
 0.68528 12.073
 0.6854 12.0313
 0.68552 12.0134
 0.68564 12.0342
 0.68576 12.1094
 0.68588 12.2503
 0.686 12.458
 0.68612 12.7324
 0.68624 13.0705
 0.68636 13.4668
 0.68648 13.9149
 0.6866 14.4063
 0.68672 14.9323
 0.68684 15.4811
 0.68696 16.0393
 0.68708 16.592
 0.6872 17.1235
 0.68732 17.618
 0.68744 18.058
 0.68756 18.4217
 0.68768 18.6869
 0.6878 18.8323
 0.68792 18.8527
 0.68804 18.7549
 0.68816 18.546
 0.68828 18.2342
 0.6884 17.8275
 0.68852 17.3342
 0.68864 16.7629
 0.68876 16.1231
 0.68888 15.425
 0.689 14.6792
 0.68912 13.8968
 0.68924 13.0887
 0.68936 12.2666
 0.68948 11.447
 0.6896 10.6505
 0.68972 9.89785
 0.68984 9.20611
 0.68996 8.57808
 0.69008 8.01216
 0.6902 7.50641
 0.69032 7.0578
 0.69044 6.6644
 0.69056 6.32731
 0.69068 6.04768
 0.6908 5.82512
 0.69092 5.65912
 0.69104 5.54949
 0.69116 5.49619
 0.69128 5.4992
 0.6914 5.55723
 0.69152 5.66447
 0.69164 5.81318
 0.69176 5.99396
 0.69188 6.19903
 0.692 6.42443
 0.69212 6.66711
 0.69224 6.92638
 0.69236 7.20335
 0.69248 7.49562
 0.6926 7.79525
 0.69272 8.09577
 0.69284 8.39227
 0.69296 8.67932
 0.69308 8.94985
 0.6932 9.19623
 0.69332 9.41092
 0.69344 9.58748
 0.69356 9.7212
 0.69368 9.80883
 0.6938 9.8529
 0.69392 9.85823
 0.69404 9.82952
 0.69416 9.76914
 0.69428 9.67665
 0.6944 9.55265
 0.69452 9.40348
 0.69464 9.239
 0.69476 9.0675
 0.69488 8.89721
 0.695 8.73825
 0.69512 8.60396
 0.69524 8.50822
 0.69536 8.46365
 0.69548 8.47988
 0.6956 8.56499
 0.69572 8.72542
 0.69584 8.9587
 0.69596 9.25987
 0.69608 9.62263
 0.6962 10.0441
 0.69632 10.5199
 0.69644 11.0398
 0.69656 11.59
 0.69668 12.1566
 0.6968 12.7245
 0.69692 13.2779
 0.69704 13.7978
 0.69716 14.2627
 0.69728 14.6517
 0.6974 14.9478
 0.69752 15.1399
 0.69764 15.2176
 0.69776 15.1731
 0.69788 15.0052
 0.698 14.7161
 0.69812 14.3094
 0.69824 13.7875
 0.69836 13.1596
 0.69848 12.4407
 0.6986 11.6465
 0.69872 10.793
 0.69884 9.899
 0.69896 8.98493
 0.69908 8.07294
 0.6992 7.18615
 0.69932 6.34581
 0.69944 5.56885
 0.69956 4.86743
 0.69968 4.25465
 0.6998 3.74138
 0.69992 3.33528
 0.70004 3.0406
 0.70016 2.86102
 0.70028 2.79976
 0.7004 2.85397
 0.70052 3.0166
 0.70064 3.27964
 0.70076 3.63245
 0.70088 4.06195
 0.701 4.55384
 0.70112 5.0934
 0.70124 5.66469
 0.70136 6.25284
 0.70148 6.84502
 0.7016 7.43117
 0.70172 7.99753
 0.70184 8.53149
 0.70196 9.02236
 0.70208 9.46231
 0.7022 9.8433
 0.70232 10.1568
 0.70244 10.3978
 0.70256 10.565
 0.70268 10.6595
 0.7028 10.6859
 0.70292 10.6491
 0.70304 10.5547
 0.70316 10.4092
 0.70328 10.222
 0.7034 10.0025
 0.70352 9.75874
 0.70364 9.49928
 0.70376 9.23592
 0.70388 8.98023
 0.704 8.74184
 0.70412 8.52817
 0.70424 8.34729
 0.70436 8.20762
 0.70448 8.11494
 0.7046 8.07301
 0.70472 8.08163
 0.70484 8.13871
 0.70496 8.24295
 0.70508 8.39288
 0.7052 8.58509
 0.70532 8.81442
 0.70544 9.07572
 0.70556 9.36419
 0.70568 9.6739
 0.7058 9.99808
 0.70592 10.329
 0.70604 10.6585
 0.70616 10.9776
 0.70628 11.2779
 0.7064 11.5516
 0.70652 11.7926
 0.70664 11.9969
 0.70676 12.1647
 0.70688 12.2975
 0.707 12.3949
 0.70712 12.4567
 0.70724 12.4833
 0.70736 12.4756
 0.70748 12.4343
 0.7076 12.3602
 0.70772 12.2538
 0.70784 12.1168
 0.70796 11.9526
 0.70808 11.7678
 0.7082 11.5707
 0.70832 11.3687
 0.70844 11.1689
 0.70856 10.9759
 0.70868 10.7925
 0.7088 10.617
 0.70892 10.448
 0.70904 10.2868
 0.70916 10.1347
 0.70928 9.99321
 0.7094 9.86361
 0.70952 9.74784
 0.70964 9.64717
 0.70976 9.56155
 0.70988 9.48911
 0.71 9.42925
 0.71012 9.37928
 0.71024 9.33603
 0.71036 9.29703
 0.71048 9.25993
 0.7106 9.22335
 0.71072 9.18717
 0.71084 9.15605
 0.71096 9.1313
 0.71108 9.11157
 0.7112 9.09557
 0.71132 9.08189
 0.71144 9.06904
 0.71156 9.05509
 0.71168 9.04117
 0.7118 9.03187
 0.71192 9.03156
 0.71204 9.04242
 0.71216 9.0671
 0.71228 9.10734
 0.7124 9.16395
 0.71252 9.23886
 0.71264 9.33437
 0.71276 9.45045
 0.71288 9.58261
 0.713 9.73154
 0.71312 9.89828
 0.71324 10.084
 0.71336 10.2902
 0.71348 10.5179
 0.7136 10.7673
 0.71372 11.0353
 0.71384 11.316
 0.71396 11.6028
 0.71408 11.8872
 0.7142 12.1607
 0.71432 12.4168
 0.71444 12.6494
 0.71456 12.8516
 0.71468 13.0168
 0.7148 13.1424
 0.71492 13.2271
 0.71504 13.267
 0.71516 13.259
 0.71528 13.1995
 0.7154 13.0848
 0.71552 12.9129
 0.71564 12.6826
 0.71576 12.3922
 0.71588 12.0423
 0.716 11.6367
 0.71612 11.1822
 0.71624 10.6849
 0.71636 10.1499
 0.71648 9.58178
 0.7166 8.98553
 0.71672 8.3653
 0.71684 7.72386
 0.71696 7.06779
 0.71708 6.40398
 0.7172 5.73938
 0.71732 5.0816
 0.71744 4.43789
 0.71756 3.81183
 0.71768 3.2081
 0.7178 2.63392
 0.71792 2.09525
 0.71804 1.59733
 0.71816 1.1452
 0.71828 0.744197
 0.7184 0.400324
 0.71852 0.11819
 0.71864 -0.0988664
 0.71876 -0.246788
 0.71888 -0.325535
 0.719 -0.34014
 0.71912 -0.295742
 0.71924 -0.198226
 0.71936 -0.0536938
 0.71948 0.132808
 0.7196 0.362196
 0.71972 0.63472
 0.71984 0.949889
 0.71996 1.30594
 0.72008 1.69819
 0.7202 2.12159
 0.72032 2.5704
 0.72044 3.03746
 0.72056 3.51965
 0.72068 4.01521
 0.7208 4.52155
 0.72092 5.04036
 0.72104 5.57498
 0.72116 6.12939
 0.72128 6.70964
 0.7214 7.32216
 0.72152 7.97102
 0.72164 8.65229
 0.72176 9.35914
 0.72188 10.0841
 0.722 10.8217
 0.72212 11.5685
 0.72224 12.3211
 0.72236 13.0785
 0.72248 13.8404
 0.7226 14.6023
 0.72272 15.3575
 0.72284 16.0999
 0.72296 16.8225
 0.72308 17.5183
 0.7232 18.1765
 0.72332 18.7805
 0.72344 19.3141
 0.72356 19.7648
 0.72368 20.1283
 0.7238 20.4043
 0.72392 20.5929
 0.72404 20.6931
 0.72416 20.7035
 0.72428 20.6234
 0.7244 20.4509
 0.72452 20.1843
 0.72464 19.8273
 0.72476 19.3862
 0.72488 18.8664
 0.725 18.2734
 0.72512 17.6132
 0.72524 16.9015
 0.72536 16.1577
 0.72548 15.4
 0.7256 14.643
 0.72572 13.8968
 0.72584 13.1686
 0.72596 12.4686
 0.72608 11.8077
 0.7262 11.1967
 0.72632 10.642
 0.72644 10.1484
 0.72656 9.71955
 0.72668 9.35522
 0.7268 9.05519
 0.72692 8.82169
 0.72704 8.65795
 0.72716 8.5647
 0.72728 8.53435
 0.7274 8.56047
 0.72752 8.63768
 0.72764 8.76137
 0.72776 8.92979
 0.72788 9.1398
 0.728 9.38016
 0.72812 9.63827
 0.72824 9.90387
 0.72836 10.1744
 0.72848 10.4492
 0.7286 10.7287
 0.72872 11.0135
 0.72884 11.3014
 0.72896 11.5855
 0.72908 11.8575
 0.7292 12.1122
 0.72932 12.3474
 0.72944 12.5592
 0.72956 12.7435
 0.72968 12.8961
 0.7298 13.0116
 0.72992 13.0923
 0.73004 13.149
 0.73016 13.1942
 0.73028 13.2363
 0.7304 13.2779
 0.73052 13.3202
 0.73064 13.3643
 0.73076 13.4122
 0.73088 13.4686
 0.731 13.5411
 0.73112 13.6352
 0.73124 13.754
 0.73136 13.9001
 0.73148 14.0771
 0.7316 14.2886
 0.73172 14.5386
 0.73184 14.8287
 0.73196 15.151
 0.73208 15.4927
 0.7322 15.8396
 0.73232 16.1797
 0.73244 16.5013
 0.73256 16.7922
 0.73268 17.0397
 0.7328 17.2307
 0.73292 17.3527
 0.73304 17.3971
 0.73316 17.3607
 0.73328 17.2419
 0.7334 17.0378
 0.73352 16.7447
 0.73364 16.3588
 0.73376 15.8758
 0.73388 15.2974
 0.734 14.6301
 0.73412 13.8834
 0.73424 13.0698
 0.73436 12.2044
 0.73448 11.3081
 0.7346 10.4034
 0.73472 9.51234
 0.73484 8.65599
 0.73496 7.85244
 0.73508 7.11207
 0.7352 6.44105
 0.73532 5.8456
 0.73544 5.33361
 0.73556 4.91256
 0.73568 4.58889
 0.7358 4.36854
 0.73592 4.25311
 0.73604 4.24255
 0.73616 4.33329
 0.73628 4.51583
 0.7364 4.7723
 0.73652 5.08001
 0.73664 5.41566
 0.73676 5.75975
 0.73688 6.09506
 0.737 6.40664
 0.73712 6.68437
 0.73724 6.91968
 0.73736 7.1038
 0.73748 7.22702
 0.7376 7.28304
 0.73772 7.26736
 0.73784 7.17705
 0.73796 7.01041
 0.73808 6.76674
 0.7382 6.45056
 0.73832 6.07369
 0.73844 5.65528
 0.73856 5.21724
 0.73868 4.78167
 0.7388 4.36448
 0.73892 3.98032
 0.73904 3.64303
 0.73916 3.36399
 0.73928 3.15306
 0.7394 3.02014
 0.73952 2.97454
 0.73964 3.02203
 0.73976 3.16621
 0.73988 3.40929
 0.74 3.75287
 0.74012 4.19713
 0.74024 4.73722
 0.74036 5.36286
 0.74048 6.06027
 0.7406 6.80978
 0.74072 7.59223
 0.74084 8.39224
 0.74096 9.19505
 0.74108 9.98654
 0.7412 10.7557
 0.74132 11.4927
 0.74144 12.1878
 0.74156 12.832
 0.74168 13.4186
 0.7418 13.9427
 0.74192 14.401
 0.74204 14.7914
 0.74216 15.1151
 0.74228 15.378
 0.7424 15.5876
 0.74252 15.7548
 0.74264 15.893
 0.74276 16.0136
 0.74288 16.1253
 0.743 16.2356
 0.74312 16.3515
 0.74324 16.4782
 0.74336 16.6196
 0.74348 16.7788
 0.7436 16.9583
 0.74372 17.1593
 0.74384 17.3809
 0.74396 17.6201
 0.74408 17.8705
 0.7442 18.1188
 0.74432 18.3486
 0.74444 18.5428
 0.74456 18.6849
 0.74468 18.7638
 0.7448 18.7708
 0.74492 18.7013
 0.74504 18.5512
 0.74516 18.3149
 0.74528 17.9874
 0.7454 17.569
 0.74552 17.0635
 0.74564 16.4754
 0.74576 15.809
 0.74588 15.0709
 0.746 14.2701
 0.74612 13.4199
 0.74624 12.54
 0.74636 11.6519
 0.74648 10.7773
 0.7466 9.9335
 0.74672 9.13297
 0.74684 8.3851
 0.74696 7.69586
 0.74708 7.07246
 0.7472 6.52443
 0.74732 6.05883
 0.74744 5.67203
 0.74756 5.35399
 0.74768 5.09595
 0.7478 4.89098
 0.74792 4.7309
 0.74804 4.60701
 0.74816 4.50961
 0.74828 4.42664
 0.7484 4.34456
 0.74852 4.2496
 0.74864 4.13118
 0.74876 3.98207
 0.74888 3.7997
 0.749 3.58343
 0.74912 3.33214
 0.74924 3.04339
 0.74936 2.71891
 0.74948 2.37144
 0.7496 2.019
 0.74972 1.67556
 0.74984 1.35291
 0.74996 1.063
 0.75008 0.81637
 0.7502 0.623781
 0.75032 0.498932
 0.75044 0.456074
 0.75056 0.509332
 0.75068 0.669874
 0.7508 0.944367
 0.75092 1.33547
 0.75104 1.84269
 0.75116 2.46369
 0.75128 3.19653
 0.7514 4.03672
 0.75152 4.97277
 0.75164 5.99155
 0.75176 7.08303
 0.75188 8.23838
 0.752 9.44918
 0.75212 10.7075
 0.75224 11.995
 0.75236 13.2857
 0.75248 14.555
 0.7526 15.7792
 0.75272 16.9375
 0.75284 18.0118
 0.75296 18.986
 0.75308 19.8495
 0.7532 20.5932
 0.75332 21.208
 0.75344 21.6862
 0.75356 22.0246
 0.75368 22.2217
 0.7538 22.2752
 0.75392 22.1812
 0.75404 21.9358
 0.75416 21.5379
 0.75428 21.009
 0.7544 20.376
 0.75452 19.6621
 0.75464 18.8888
 0.75476 18.077
 0.75488 17.2464
 0.755 16.4155
 0.75512 15.5994
 0.75524 14.8119
 0.75536 14.0646
 0.75548 13.3671
 0.7556 12.7235
 0.75572 12.1363
 0.75584 11.6068
 0.75596 11.1369
 0.75608 10.7282
 0.7562 10.3764
 0.75632 10.0615
 0.75644 9.76604
 0.75656 9.47798
 0.75668 9.18686
 0.7568 8.88301
 0.75692 8.55576
 0.75704 8.19478
 0.75716 7.79062
 0.75728 7.33953
 0.7574 6.84334
 0.75752 6.30655
 0.75764 5.73658
 0.75776 5.14265
 0.75788 4.53755
 0.758 3.93497
 0.75812 3.34869
 0.75824 2.79544
 0.75836 2.29444
 0.75848 1.85975
 0.7586 1.49929
 0.75872 1.21845
 0.75884 1.02482
 0.75896 0.92867
 0.75908 0.940441
 0.7592 1.06885
 0.75932 1.31127
 0.75944 1.65998
 0.75956 2.10643
 0.75968 2.64167
 0.7598 3.25459
 0.75992 3.93132
 0.76004 4.65749
 0.76016 5.41874
 0.76028 6.19981
 0.7604 6.98412
 0.76052 7.75887
 0.76064 8.51905
 0.76076 9.25903
 0.76088 9.96684
 0.761 10.6284
 0.76112 11.2294
 0.76124 11.759
 0.76136 12.2154
 0.76148 12.5983
 0.7616 12.9073
 0.76172 13.1417
 0.76184 13.3015
 0.76196 13.3876
 0.76208 13.4006
 0.7622 13.3418
 0.76232 13.2167
 0.76244 13.0329
 0.76256 12.794
 0.76268 12.4979
 0.7628 12.1474
 0.76292 11.7517
 0.76304 11.3209
 0.76316 10.8655
 0.76328 10.394
 0.7634 9.91176
 0.76352 9.42402
 0.76364 8.93818
 0.76376 8.46227
 0.76388 8.00391
 0.764 7.57048
 0.76412 7.16995
 0.76424 6.80943
 0.76436 6.49245
 0.76448 6.22462
 0.7646 6.01485
 0.76472 5.87327
 0.76484 5.80541
 0.76496 5.81317
 0.76508 5.8982
 0.7652 6.06113
 0.76532 6.30315
 0.76544 6.62592
 0.76556 7.02868
 0.76568 7.50568
 0.7658 8.05078
 0.76592 8.65862
 0.76604 9.3239
 0.76616 10.04
 0.76628 10.8
 0.7664 11.5931
 0.76652 12.4037
 0.76664 13.2152
 0.76676 14.0108
 0.76688 14.7756
 0.767 15.4959
 0.76712 16.1564
 0.76724 16.7427
 0.76736 17.2405
 0.76748 17.6361
 0.7676 17.9219
 0.76772 18.0963
 0.76784 18.1574
 0.76796 18.1024
 0.76808 17.9288
 0.7682 17.6357
 0.76832 17.2244
 0.76844 16.7041
 0.76856 16.0867
 0.76868 15.3873
 0.7688 14.6236
 0.76892 13.8128
 0.76904 12.9741
 0.76916 12.1301
 0.76928 11.3024
 0.7694 10.5129
 0.76952 9.78197
 0.76964 9.12106
 0.76976 8.53806
 0.76988 8.04117
 0.77 7.63963
 0.77012 7.34284
 0.77024 7.15981
 0.77036 7.09615
 0.77048 7.15455
 0.7706 7.33422
 0.77072 7.62525
 0.77084 8.0136
 0.77096 8.48468
 0.77108 9.0202
 0.7712 9.59808
 0.77132 10.196
 0.77144 10.7919
 0.77156 11.3663
 0.77168 11.9074
 0.7718 12.4048
 0.77192 12.847
 0.77204 13.2201
 0.77216 13.5065
 0.77228 13.6889
 0.7724 13.7526
 0.77252 13.6828
 0.77264 13.4727
 0.77276 13.1251
 0.77288 12.649
 0.773 12.0548
 0.77312 11.3566
 0.77324 10.5723
 0.77336 9.71947
 0.77348 8.81557
 0.7736 7.87523
 0.77372 6.90998
 0.77384 5.93177
 0.77396 4.95682
 0.77408 4.00742
 0.7742 3.11112
 0.77432 2.29372
 0.77444 1.57726
 0.77456 0.982379
 0.77468 0.524121
 0.7748 0.207889
 0.77492 0.0308015
 0.77504 -0.0111703
 0.77516 0.0755905
 0.77528 0.284274
 0.7754 0.608434
 0.77552 1.0424
 0.77564 1.58116
 0.77576 2.21856
 0.77588 2.94548
 0.776 3.74533
 0.77612 4.59614
 0.77624 5.47369
 0.77636 6.35736
 0.77648 7.23018
 0.7766 8.07371
 0.77672 8.87111
 0.77684 9.61575
 0.77696 10.3063
 0.77708 10.9416
 0.7772 11.518
 0.77732 12.0298
 0.77744 12.4698
 0.77756 12.8292
 0.77768 13.1007
 0.7778 13.2816
 0.77792 13.373
 0.77804 13.3807
 0.77816 13.3131
 0.77828 13.1791
 0.7784 12.9845
 0.77852 12.7352
 0.77864 12.4414
 0.77876 12.1128
 0.77888 11.7533
 0.779 11.366
 0.77912 10.9552
 0.77924 10.5311
 0.77936 10.106
 0.77948 9.69553
 0.7796 9.31619
 0.77972 8.97959
 0.77984 8.6933
 0.77996 8.46324
 0.78008 8.29209
 0.7802 8.17843
 0.78032 8.11935
 0.78044 8.11336
 0.78056 8.15779
 0.78068 8.24558
 0.7808 8.36798
 0.78092 8.51717
 0.78104 8.6855
 0.78116 8.86294
 0.78128 9.03434
 0.7814 9.1828
 0.78152 9.28906
 0.78164 9.33557
 0.78176 9.3096
 0.78188 9.19975
 0.782 8.9953
 0.78212 8.69136
 0.78224 8.28836
 0.78236 7.79201
 0.78248 7.20811
 0.7826 6.54368
 0.78272 5.81284
 0.78284 5.03247
 0.78296 4.21925
 0.78308 3.38979
 0.7832 2.56281
 0.78332 1.7604
 0.78344 1.00544
 0.78356 0.321324
 0.78368 -0.26921
 0.7838 -0.744505
 0.78392 -1.08299
 0.78404 -1.26421
 0.78416 -1.27327
 0.78428 -1.10323
 0.7844 -0.758495
 0.78452 -0.246591
 0.78464 0.423026
 0.78476 1.23418
 0.78488 2.1696
 0.785 3.21218
 0.78512 4.34478
 0.78524 5.54872
 0.78536 6.80395
 0.78548 8.09022
 0.7856 9.38427
 0.78572 10.6575
 0.78584 11.8814
 0.78596 13.0277
 0.78608 14.0689
 0.7862 14.9831
 0.78632 15.7615
 0.78644 16.4081
 0.78656 16.9282
 0.78668 17.3252
 0.7868 17.6045
 0.78692 17.7716
 0.78704 17.8322
 0.78716 17.7919
 0.78728 17.658
 0.7874 17.4393
 0.78752 17.1461
 0.78764 16.7987
 0.78776 16.4231
 0.78788 16.0425
 0.788 15.6818
 0.78812 15.3657
 0.78824 15.1118
 0.78836 14.9247
 0.78848 14.8023
 0.7886 14.7468
 0.78872 14.7649
 0.78884 14.8624
 0.78896 15.0453
 0.78908 15.3197
 0.7892 15.6905
 0.78932 16.157
 0.78944 16.7161
 0.78956 17.3601
 0.78968 18.0729
 0.7898 18.8411
 0.78992 19.6521
 0.79004 20.4852
 0.79016 21.3193
 0.79028 22.1399
 0.7904 22.9403
 0.79052 23.7148
 0.79064 24.4531
 0.79076 25.1437
 0.79088 25.7752
 0.791 26.3354
 0.79112 26.8118
 0.79124 27.1959
 0.79136 27.4859
 0.79148 27.6801
 0.7916 27.7802
 0.79172 27.7829
 0.79184 27.6779
 0.79196 27.4625
 0.79208 27.1433
 0.7922 26.7277
 0.79232 26.2197
 0.79244 25.6203
 0.79256 24.9311
 0.79268 24.1562
 0.7928 23.3003
 0.79292 22.3688
 0.79304 21.3678
 0.79316 20.3027
 0.79328 19.1758
 0.7934 17.9915
 0.79352 16.7575
 0.79364 15.483
 0.79376 14.1901
 0.79388 12.9036
 0.794 11.6398
 0.79412 10.4115
 0.79424 9.22856
 0.79436 8.10091
 0.79448 7.03913
 0.7946 6.05346
 0.79472 5.1507
 0.79484 4.3382
 0.79496 3.62509
 0.79508 3.02059
 0.7952 2.53545
 0.79532 2.17855
 0.79544 1.9487
 0.79556 1.84287
 0.79568 1.85418
 0.7958 1.9683
 0.79592 2.1713
 0.79604 2.4519
 0.79616 2.80083
 0.79628 3.21232
 0.7964 3.68144
 0.79652 4.20227
 0.79664 4.76868
 0.79676 5.37639
 0.79688 6.01817
 0.797 6.68537
 0.79712 7.36801
 0.79724 8.05252
 0.79736 8.73053
 0.79748 9.40025
 0.7976 10.0581
 0.79772 10.7034
 0.79784 11.3381
 0.79796 11.9653
 0.79808 12.5855
 0.7982 13.1975
 0.79832 13.7984
 0.79844 14.3836
 0.79856 14.951
 0.79868 15.4988
 0.7988 16.0239
 0.79892 16.5225
 0.79904 16.9909
 0.79916 17.4289
 0.79928 17.8398
 0.7994 18.2237
 0.79952 18.5819
 0.79964 18.9166
 0.79976 19.2263
 0.79988 19.502
