 0.2 -6.56952
 0.20012 -5.72526
 0.20024 -4.85281
 0.20036 -3.96471
 0.20048 -3.07225
 0.2006 -2.1884
 0.20072 -1.32598
 0.20084 -0.496192
 0.20096 0.289599
 0.20108 1.02353
 0.2012 1.69805
 0.20132 2.30645
 0.20144 2.84294
 0.20156 3.30475
 0.20168 3.69082
 0.2018 4.00102
 0.20192 4.23506
 0.20204 4.39286
 0.20216 4.47575
 0.20228 4.4852
 0.2024 4.42225
 0.20252 4.2902
 0.20264 4.09429
 0.20276 3.83888
 0.20288 3.52962
 0.203 3.17475
 0.20312 2.78447
 0.20324 2.36941
 0.20336 1.93566
 0.20348 1.48811
 0.2036 1.03137
 0.20372 0.571087
 0.20384 0.113499
 0.20396 -0.330537
 0.20408 -0.750592
 0.2042 -1.13783
 0.20432 -1.48321
 0.20444 -1.77819
 0.20456 -2.01804
 0.20468 -2.19912
 0.2048 -2.31829
 0.20492 -2.37771
 0.20504 -2.3831
 0.20516 -2.34329
 0.20528 -2.26279
 0.2054 -2.1404
 0.20552 -1.9744
 0.20564 -1.76327
 0.20576 -1.50681
 0.20588 -1.20991
 0.206 -0.884504
 0.20612 -0.54124
 0.20624 -0.189592
 0.20636 0.159477
 0.20648 0.495667
 0.2066 0.811888
 0.20672 1.10153
 0.20684 1.36107
 0.20696 1.59143
 0.20708 1.7959
 0.2072 1.97915
 0.20732 2.14038
 0.20744 2.27632
 0.20756 2.38309
 0.20768 2.45627
 0.2078 2.49393
 0.20792 2.50057
 0.20804 2.48496
 0.20816 2.45534
 0.20828 2.4212
 0.2084 2.39473
 0.20852 2.38619
 0.20864 2.40353
 0.20876 2.45458
 0.20888 2.54515
 0.209 2.68007
 0.20912 2.85956
 0.20924 3.08202
 0.20936 3.34781
 0.20948 3.65685
 0.2096 4.00953
 0.20972 4.40634
 0.20984 4.84516
 0.20996 5.32074
 0.21008 5.82512
 0.2102 6.34853
 0.21032 6.87876
 0.21044 7.40326
 0.21056 7.91306
 0.21068 8.39993
 0.2108 8.85393
 0.21092 9.26447
 0.21104 9.62253
 0.21116 9.92654
 0.21128 10.1765
 0.2114 10.3741
 0.21152 10.5219
 0.21164 10.6225
 0.21176 10.6783
 0.21188 10.6938
 0.212 10.6747
 0.21212 10.6288
 0.21224 10.5654
 0.21236 10.4935
 0.21248 10.4184
 0.2126 10.3434
 0.21272 10.2724
 0.21284 10.2111
 0.21296 10.1654
 0.21308 10.1388
 0.2132 10.1306
 0.21332 10.1382
 0.21344 10.1576
 0.21356 10.1853
 0.21368 10.2178
 0.2138 10.2512
 0.21392 10.2802
 0.21404 10.2975
 0.21416 10.2958
 0.21428 10.2693
 0.2144 10.2151
 0.21452 10.1338
 0.21464 10.0281
 0.21476 9.90066
 0.21488 9.75558
 0.215 9.59667
 0.21512 9.42829
 0.21524 9.25529
 0.21536 9.08399
 0.21548 8.91852
 0.2156 8.76209
 0.21572 8.61964
 0.21584 8.49859
 0.21596 8.41037
 0.21608 8.36731
 0.2162 8.37926
 0.21632 8.45429
 0.21644 8.59817
 0.21656 8.81375
 0.21668 9.09793
 0.2168 9.44473
 0.21692 9.84659
 0.21704 10.2964
 0.21716 10.7881
 0.21728 11.3156
 0.2174 11.874
 0.21752 12.4619
 0.21764 13.0769
 0.21776 13.7072
 0.21788 14.336
 0.218 14.9423
 0.21812 15.5072
 0.21824 16.0143
 0.21836 16.4474
 0.21848 16.7912
 0.2186 17.0359
 0.21872 17.1798
 0.21884 17.2254
 0.21896 17.1762
 0.21908 17.0356
 0.2192 16.8062
 0.21932 16.491
 0.21944 16.0906
 0.21956 15.604
 0.21968 15.0351
 0.2198 14.4018
 0.21992 13.7208
 0.22004 13.0095
 0.22016 12.2832
 0.22028 11.5565
 0.2204 10.8444
 0.22052 10.1612
 0.22064 9.51574
 0.22076 8.91135
 0.22088 8.34685
 0.221 7.82056
 0.22112 7.33112
 0.22124 6.87677
 0.22136 6.4554
 0.22148 6.06531
 0.2216 5.70625
 0.22172 5.37181
 0.22184 5.05274
 0.22196 4.74666
 0.22208 4.45134
 0.2222 4.16443
 0.22232 3.883
 0.22244 3.60347
 0.22256 3.32273
 0.22268 3.03931
 0.2228 2.75441
 0.22292 2.47152
 0.22304 2.19442
 0.22316 1.92582
 0.22328 1.66646
 0.2234 1.41949
 0.22352 1.18932
 0.22364 0.97849
 0.22376 0.791103
 0.22388 0.626277
 0.224 0.479205
 0.22412 0.346078
 0.22424 0.223875
 0.22436 0.110847
 0.22448 0.00539136
 0.2246 -0.0945288
 0.22472 -0.189519
 0.22484 -0.279971
 0.22496 -0.367411
 0.22508 -0.45474
 0.2252 -0.540954
 0.22532 -0.620718
 0.22544 -0.693892
 0.22556 -0.761346
 0.22568 -0.822868
 0.2258 -0.878317
 0.22592 -0.926035
 0.22604 -0.963657
 0.22616 -0.989029
 0.22628 -1.00025
 0.2264 -0.996255
 0.22652 -0.974008
 0.22664 -0.929855
 0.22676 -0.864264
 0.22688 -0.778308
 0.227 -0.671527
 0.22712 -0.541202
 0.22724 -0.390651
 0.22736 -0.226847
 0.22748 -0.053415
 0.2276 0.126071
 0.22772 0.308153
 0.22784 0.491311
 0.22796 0.674819
 0.22808 0.85612
 0.2282 1.03057
 0.22832 1.19323
 0.22844 1.33928
 0.22856 1.46067
 0.22868 1.55025
 0.2288 1.6047
 0.22892 1.62085
 0.22904 1.59431
 0.22916 1.51981
 0.22928 1.39879
 0.2294 1.23613
 0.22952 1.03686
 0.22964 0.806284
 0.22976 0.549171
 0.22988 0.268224
 0.23 -0.0329213
 0.23012 -0.3476
 0.23024 -0.666494
 0.23036 -0.980162
 0.23048 -1.27956
 0.2306 -1.55433
 0.23072 -1.79491
 0.23084 -1.99386
 0.23096 -2.14474
 0.23108 -2.24065
 0.2312 -2.2764
 0.23132 -2.25399
 0.23144 -2.17738
 0.23156 -2.05173
 0.23168 -1.88205
 0.2318 -1.67168
 0.23192 -1.42247
 0.23204 -1.13728
 0.23216 -0.82018
 0.23228 -0.476452
 0.2324 -0.111215
 0.23252 0.271638
 0.23264 0.668114
 0.23276 1.07418
 0.23288 1.48758
 0.233 1.90657
 0.23312 2.32894
 0.23324 2.75569
 0.23336 3.1926
 0.23348 3.64642
 0.2336 4.12438
 0.23372 4.63127
 0.23384 5.166
 0.23396 5.72592
 0.23408 6.3075
 0.2342 6.90617
 0.23432 7.51687
 0.23444 8.13403
 0.23456 8.75033
 0.23468 9.3577
 0.2348 9.94767
 0.23492 10.5113
 0.23504 11.0403
 0.23516 11.5281
 0.23528 11.9656
 0.2354 12.3391
 0.23552 12.6351
 0.23564 12.8406
 0.23576 12.9483
 0.23588 12.9577
 0.236 12.8695
 0.23612 12.6853
 0.23624 12.4103
 0.23636 12.0521
 0.23648 11.6196
 0.2366 11.1236
 0.23672 10.5765
 0.23684 9.9903
 0.23696 9.37631
 0.23708 8.74456
 0.2372 8.10135
 0.23732 7.45615
 0.23744 6.82032
 0.23756 6.20374
 0.23768 5.61591
 0.2378 5.0633
 0.23792 4.54992
 0.23804 4.07989
 0.23816 3.65617
 0.23828 3.2759
 0.2384 2.93438
 0.23852 2.62614
 0.23864 2.34455
 0.23876 2.08369
 0.23888 1.83915
 0.239 1.60699
 0.23912 1.38492
 0.23924 1.17485
 0.23936 0.977263
 0.23948 0.795687
 0.2396 0.635083
 0.23972 0.499269
 0.23984 0.390941
 0.23996 0.313032
 0.24008 0.267087
 0.2402 0.256185
 0.24032 0.286795
 0.24044 0.364092
 0.24056 0.492444
 0.24068 0.675128
 0.2408 0.911912
 0.24092 1.19974
 0.24104 1.53478
 0.24116 1.91182
 0.24128 2.32218
 0.2414 2.75558
 0.24152 3.19862
 0.24164 3.63519
 0.24176 4.04893
 0.24188 4.42264
 0.242 4.74097
 0.24212 4.99035
 0.24224 5.15696
 0.24236 5.22739
 0.24248 5.1915
 0.2426 5.04092
 0.24272 4.77028
 0.24284 4.38117
 0.24296 3.87988
 0.24308 3.27349
 0.2432 2.57216
 0.24332 1.78888
 0.24344 0.937587
 0.24356 0.0359749
 0.24368 -0.893512
 0.2438 -1.82557
 0.24392 -2.73388
 0.24404 -3.59476
 0.24416 -4.38622
 0.24428 -5.08697
 0.2444 -5.6773
 0.24452 -6.14007
 0.24464 -6.45997
 0.24476 -6.62763
 0.24488 -6.64288
 0.245 -6.50922
 0.24512 -6.23133
 0.24524 -5.81911
 0.24536 -5.28344
 0.24548 -4.63668
 0.2456 -3.8968
 0.24572 -3.08517
 0.24584 -2.22546
 0.24596 -1.34179
 0.24608 -0.457872
 0.2462 0.404494
 0.24632 1.22382
 0.24644 1.97983
 0.24656 2.65396
 0.24668 3.22961
 0.2468 3.69745
 0.24692 4.05449
 0.24704 4.29838
 0.24716 4.42785
 0.24728 4.44515
 0.2474 4.35288
 0.24752 4.15724
 0.24764 3.86776
 0.24776 3.49537
 0.24788 3.05269
 0.248 2.55381
 0.24812 2.01347
 0.24824 1.44531
 0.24836 0.862721
 0.24848 0.277696
 0.2486 -0.298743
 0.24872 -0.856805
 0.24884 -1.3918
 0.24896 -1.90062
 0.24908 -2.37847
 0.2492 -2.82007
 0.24932 -3.22178
 0.24944 -3.58057
 0.24956 -3.89507
 0.24968 -4.16413
 0.2498 -4.38803
 0.24992 -4.56883
 0.25004 -4.70967
 0.25016 -4.81355
 0.25028 -4.88295
 0.2504 -4.91971
 0.25052 -4.92451
 0.25064 -4.89896
 0.25076 -4.84316
 0.25088 -4.7545
 0.251 -4.63176
 0.25112 -4.47579
 0.25124 -4.28848
 0.25136 -4.07225
 0.25148 -3.83025
 0.2516 -3.5676
 0.25172 -3.28946
 0.25184 -2.99707
 0.25196 -2.68954
 0.25208 -2.36662
 0.2522 -2.02949
 0.25232 -1.68024
 0.25244 -1.32142
 0.25256 -0.954841
 0.25268 -0.582861
 0.2528 -0.210397
 0.25292 0.156594
 0.25304 0.513315
 0.25316 0.856035
 0.25328 1.1829
 0.2534 1.49443
 0.25352 1.79284
 0.25364 2.08206
 0.25376 2.36433
 0.25388 2.63532
 0.254 2.89126
 0.25412 3.12933
 0.25424 3.34816
 0.25436 3.54748
 0.25448 3.72572
 0.2546 3.88135
 0.25472 4.01527
 0.25484 4.12954
 0.25496 4.22624
 0.25508 4.3071
 0.2552 4.3732
 0.25532 4.42365
 0.25544 4.45623
 0.25556 4.46702
 0.25568 4.45125
 0.2558 4.40713
 0.25592 4.33339
 0.25604 4.22556
 0.25616 4.08107
 0.25628 3.89805
 0.2564 3.67449
 0.25652 3.4105
 0.25664 3.10496
 0.25676 2.75634
 0.25688 2.36546
 0.257 1.93444
 0.25712 1.46473
 0.25724 0.956873
 0.25736 0.411053
 0.25748 -0.171638
 0.2576 -0.785472
 0.25772 -1.42397
 0.25784 -2.08044
 0.25796 -2.74195
 0.25808 -3.39429
 0.2582 -4.02871
 0.25832 -4.63876
 0.25844 -5.21905
 0.25856 -5.76522
 0.25868 -6.27283
 0.2588 -6.74016
 0.25892 -7.17037
 0.25904 -7.56716
 0.25916 -7.92896
 0.25928 -8.25032
 0.2594 -8.52355
 0.25952 -8.74477
 0.25964 -8.91549
 0.25976 -9.03752
 0.25988 -9.11505
 0.26 -9.1562
 0.26012 -9.16904
 0.26024 -9.15582
 0.26036 -9.11582
 0.26048 -9.0476
 0.2606 -8.94945
 0.26072 -8.81866
 0.26084 -8.64847
 0.26096 -8.42939
 0.26108 -8.15404
 0.2612 -7.82381
 0.26132 -7.44317
 0.26144 -7.01741
 0.26156 -6.5482
 0.26168 -6.03523
 0.2618 -5.47925
 0.26192 -4.88135
 0.26204 -4.24104
 0.26216 -3.55726
 0.26228 -2.83361
 0.2624 -2.07581
 0.26252 -1.28993
 0.26264 -0.482149
 0.26276 0.340045
 0.26288 1.16733
 0.263 1.99049
 0.26312 2.80254
 0.26324 3.59971
 0.26336 4.3774
 0.26348 5.12963
 0.2636 5.84978
 0.26372 6.5318
 0.26384 7.17273
 0.26396 7.77075
 0.26408 8.32249
 0.2642 8.82384
 0.26432 9.27294
 0.26444 9.66874
 0.26456 10.0107
 0.26468 10.2985
 0.2648 10.5332
 0.26492 10.7156
 0.26504 10.8456
 0.26516 10.925
 0.26528 10.9581
 0.2654 10.9519
 0.26552 10.9152
 0.26564 10.8557
 0.26576 10.7793
 0.26588 10.6895
 0.266 10.5897
 0.26612 10.4848
 0.26624 10.3804
 0.26636 10.2824
 0.26648 10.1963
 0.2666 10.1266
 0.26672 10.0772
 0.26684 10.0493
 0.26696 10.0449
 0.26708 10.0656
 0.2672 10.1091
 0.26732 10.1716
 0.26744 10.2481
 0.26756 10.3332
 0.26768 10.4234
 0.2678 10.5157
 0.26792 10.6072
 0.26804 10.6937
 0.26816 10.7697
 0.26828 10.8288
 0.2684 10.8637
 0.26852 10.868
 0.26864 10.835
 0.26876 10.7588
 0.26888 10.6365
 0.269 10.4653
 0.26912 10.244
 0.26924 9.97318
 0.26936 9.65241
 0.26948 9.28075
 0.2696 8.85571
 0.26972 8.37369
 0.26984 7.83322
 0.26996 7.23443
 0.27008 6.58155
 0.2702 5.8801
 0.27032 5.13609
 0.27044 4.35509
 0.27056 3.5437
 0.27068 2.71241
 0.2708 1.87076
 0.27092 1.02804
 0.27104 0.194185
 0.27116 -0.620803
 0.27128 -1.40704
 0.2714 -2.15312
 0.27152 -2.84517
 0.27164 -3.46728
 0.27176 -4.00418
 0.27188 -4.44239
 0.272 -4.77243
 0.27212 -4.99023
 0.27224 -5.09223
 0.27236 -5.07463
 0.27248 -4.93208
 0.2726 -4.66404
 0.27272 -4.27344
 0.27284 -3.76349
 0.27296 -3.14338
 0.27308 -2.42721
 0.2732 -1.6303
 0.27332 -0.768045
 0.27344 0.141558
 0.27356 1.07826
 0.27368 2.0212
 0.2738 2.95031
 0.27392 3.8469
 0.27404 4.69692
 0.27416 5.4888
 0.27428 6.21096
 0.2744 6.85067
 0.27452 7.39443
 0.27464 7.83274
 0.27476 8.15689
 0.27488 8.36306
 0.275 8.45702
 0.27512 8.44978
 0.27524 8.35277
 0.27536 8.17832
 0.27548 7.94083
 0.2756 7.65444
 0.27572 7.33218
 0.27584 6.98611
 0.27596 6.62689
 0.27608 6.26316
 0.2762 5.90336
 0.27632 5.55647
 0.27644 5.23233
 0.27656 4.9408
 0.27668 4.69076
 0.2768 4.48914
 0.27692 4.33738
 0.27704 4.23284
 0.27716 4.17358
 0.27728 4.15678
 0.2774 4.17724
 0.27752 4.22936
 0.27764 4.30866
 0.27776 4.41267
 0.27788 4.5391
 0.278 4.68553
 0.27812 4.85029
 0.27824 5.0312
 0.27836 5.22594
 0.27848 5.43138
 0.2786 5.64441
 0.27872 5.86411
 0.27884 6.0918
 0.27896 6.32776
 0.27908 6.56758
 0.2792 6.80329
 0.27932 7.03014
 0.27944 7.2455
 0.27956 7.44743
 0.27968 7.63342
 0.2798 7.79985
 0.27992 7.94477
 0.28004 8.06727
 0.28016 8.16585
 0.28028 8.23841
 0.2804 8.28227
 0.28052 8.29881
 0.28064 8.28703
 0.28076 8.24137
 0.28088 8.15574
 0.281 8.03044
 0.28112 7.87147
 0.28124 7.68577
 0.28136 7.47774
 0.28148 7.25081
 0.2816 7.0075
 0.28172 6.75052
 0.28184 6.48246
 0.28196 6.20388
 0.28208 5.91492
 0.2822 5.6165
 0.28232 5.31304
 0.28244 5.00695
 0.28256 4.69501
 0.28268 4.37894
 0.2828 4.06583
 0.28292 3.7636
 0.28304 3.47565
 0.28316 3.20395
 0.28328 2.95105
 0.2834 2.72028
 0.28352 2.51524
 0.28364 2.33959
 0.28376 2.19675
 0.28388 2.09058
 0.284 2.02608
 0.28412 2.00758
 0.28424 2.03698
 0.28436 2.11276
 0.28448 2.23556
 0.2846 2.40936
 0.28472 2.63399
 0.28484 2.90236
 0.28496 3.20516
 0.28508 3.53403
 0.2852 3.87962
 0.28532 4.23126
 0.28544 4.57778
 0.28556 4.90871
 0.28568 5.21511
 0.2858 5.48867
 0.28592 5.72023
 0.28604 5.90042
 0.28616 6.02227
 0.28628 6.08185
 0.2864 6.07849
 0.28652 6.01278
 0.28664 5.8842
 0.28676 5.69545
 0.28688 5.45627
 0.287 5.17743
 0.28712 4.86949
 0.28724 4.54511
 0.28736 4.21854
 0.28748 3.90342
 0.2876 3.61052
 0.28772 3.34804
 0.28784 3.12439
 0.28796 2.94928
 0.28808 2.83187
 0.2882 2.77824
 0.28832 2.79219
 0.28844 2.87186
 0.28856 3.01233
 0.28868 3.20794
 0.2888 3.45047
 0.28892 3.72851
 0.28904 4.03154
 0.28916 4.34942
 0.28928 4.67084
 0.2894 4.98374
 0.28952 5.27863
 0.28964 5.549
 0.28976 5.78838
 0.28988 5.98849
 0.29 6.13994
 0.29012 6.234
 0.29024 6.26352
 0.29036 6.22402
 0.29048 6.11764
 0.2906 5.95157
 0.29072 5.73449
 0.29084 5.47597
 0.29096 5.1858
 0.29108 4.87274
 0.2912 4.54343
 0.29132 4.20485
 0.29144 3.86393
 0.29156 3.52551
 0.29168 3.19525
 0.2918 2.88153
 0.29192 2.59486
 0.29204 2.34665
 0.29216 2.14893
 0.29228 2.01348
 0.2924 1.94906
 0.29252 1.95903
 0.29264 2.04051
 0.29276 2.18985
 0.29288 2.40185
 0.293 2.67156
 0.29312 2.99546
 0.29324 3.37293
 0.29336 3.80241
 0.29348 4.2819
 0.2936 4.80906
 0.29372 5.37887
 0.29384 5.98344
 0.29396 6.61356
 0.29408 7.25703
 0.2942 7.89978
 0.29432 8.52841
 0.29444 9.13118
 0.29456 9.6997
 0.29468 10.2282
 0.2948 10.7137
 0.29492 11.1546
 0.29504 11.5483
 0.29516 11.8908
 0.29528 12.177
 0.2954 12.4046
 0.29552 12.5751
 0.29564 12.6914
 0.29576 12.7578
 0.29588 12.7799
 0.296 12.7643
 0.29612 12.7227
 0.29624 12.6656
 0.29636 12.6017
 0.29648 12.537
 0.2966 12.4766
 0.29672 12.4244
 0.29684 12.3815
 0.29696 12.3491
 0.29708 12.3295
 0.2972 12.3245
 0.29732 12.3343
 0.29744 12.3492
 0.29756 12.3533
 0.29768 12.3301
 0.2978 12.2633
 0.29792 12.136
 0.29804 11.9294
 0.29816 11.6243
 0.29828 11.2059
 0.2984 10.6661
 0.29852 10.0055
 0.29864 9.22614
 0.29876 8.33161
 0.29888 7.32656
 0.299 6.21501
 0.29912 5.00164
 0.29924 3.69318
 0.29936 2.30246
 0.29948 0.855067
 0.2996 -0.620213
 0.29972 -2.09544
 0.29984 -3.54081
 0.29996 -4.92356
 0.30008 -6.21073
 0.3002 -7.3738
 0.30032 -8.38939
 0.30044 -9.24813
 0.30056 -9.95102
 0.30068 -10.5002
 0.3008 -10.8986
 0.30092 -11.1484
 0.30104 -11.2521
 0.30116 -11.2138
 0.30128 -11.0387
 0.3014 -10.7378
 0.30152 -10.3279
 0.30164 -9.82484
 0.30176 -9.24384
 0.30188 -8.6057
 0.302 -7.93413
 0.30212 -7.24905
 0.30224 -6.56423
 0.30236 -5.88947
 0.30248 -5.22389
 0.3026 -4.56275
 0.30272 -3.90206
 0.30284 -3.2388
 0.30296 -2.57028
 0.30308 -1.89365
 0.3032 -1.20534
 0.30332 -0.502071
 0.30344 0.220064
 0.30356 0.963921
 0.30368 1.73014
 0.3038 2.51941
 0.30392 3.33617
 0.30404 4.18278
 0.30416 5.05035
 0.30428 5.92524
 0.3044 6.79423
 0.30452 7.64245
 0.30464 8.45543
 0.30476 9.21982
 0.30488 9.92307
 0.305 10.5524
 0.30512 11.0949
 0.30524 11.537
 0.30536 11.8658
 0.30548 12.0693
 0.3056 12.139
 0.30572 12.0681
 0.30584 11.8504
 0.30596 11.4817
 0.30608 10.9666
 0.3062 10.3234
 0.30632 9.57231
 0.30644 8.72987
 0.30656 7.81234
 0.30668 6.83768
 0.3068 5.82411
 0.30692 4.78914
 0.30704 3.75016
 0.30716 2.72467
 0.30728 1.73144
 0.3074 0.790758
 0.30752 -0.0781256
 0.30764 -0.858291
 0.30776 -1.53324
 0.30788 -2.08903
 0.308 -2.51585
 0.30812 -2.81306
 0.30824 -2.98863
 0.30836 -3.05039
 0.30848 -3.00391
 0.3086 -2.85791
 0.30872 -2.62626
 0.30884 -2.32272
 0.30896 -1.95925
 0.30908 -1.54727
 0.3092 -1.0973
 0.30932 -0.622273
 0.30944 -0.136956
 0.30956 0.344082
 0.30968 0.806681
 0.3098 1.23694
 0.30992 1.62336
 0.31004 1.95658
 0.31016 2.23171
 0.31028 2.44716
 0.3104 2.60121
 0.31052 2.69256
 0.31064 2.72749
 0.31076 2.71599
 0.31088 2.66648
 0.311 2.58624
 0.31112 2.4819
 0.31124 2.35859
 0.31136 2.2231
 0.31148 2.08393
 0.3116 1.95014
 0.31172 1.83076
 0.31184 1.73462
 0.31196 1.66973
 0.31208 1.64368
 0.3122 1.66296
 0.31232 1.73365
 0.31244 1.86178
 0.31256 2.04924
 0.31268 2.28969
 0.3128 2.57616
 0.31292 2.90148
 0.31304 3.25843
 0.31316 3.64124
 0.31328 4.04596
 0.3134 4.46877
 0.31352 4.90422
 0.31364 5.34664
 0.31376 5.79051
 0.31388 6.23057
 0.314 6.66224
 0.31412 7.08015
 0.31424 7.47752
 0.31436 7.84681
 0.31448 8.18165
 0.3146 8.48246
 0.31472 8.75461
 0.31484 9.00522
 0.31496 9.24317
 0.31508 9.47682
 0.3152 9.7103
 0.31532 9.94522
 0.31544 10.1821
 0.31556 10.4218
 0.31568 10.6651
 0.3158 10.9117
 0.31592 11.1603
 0.31604 11.4092
 0.31616 11.6588
 0.31628 11.9117
 0.3164 12.1689
 0.31652 12.4266
 0.31664 12.6762
 0.31676 12.907
 0.31688 13.1055
 0.317 13.256
 0.31712 13.3454
 0.31724 13.366
 0.31736 13.3122
 0.31748 13.1797
 0.3176 12.9646
 0.31772 12.6649
 0.31784 12.2806
 0.31796 11.8133
 0.31808 11.265
 0.3182 10.635
 0.31832 9.92383
 0.31844 9.1391
 0.31856 8.29481
 0.31868 7.40553
 0.3188 6.48612
 0.31892 5.55446
 0.31904 4.63066
 0.31916 3.73244
 0.31928 2.87582
 0.3194 2.0755
 0.31952 1.34436
 0.31964 0.694527
 0.31976 0.133771
 0.31988 -0.333226
 0.32 -0.704409
 0.32012 -0.977986
 0.32024 -1.15132
 0.32036 -1.2261
 0.32048 -1.21358
 0.3206 -1.12682
 0.32072 -0.975674
 0.32084 -0.769712
 0.32096 -0.521159
 0.32108 -0.243348
 0.3212 0.0482427
 0.32132 0.337066
 0.32144 0.60812
 0.32156 0.848443
 0.32168 1.04649
 0.3218 1.19598
 0.32192 1.29358
 0.32204 1.34021
 0.32216 1.33693
 0.32228 1.28448
 0.3224 1.18923
 0.32252 1.06015
 0.32264 0.903112
 0.32276 0.720111
 0.32288 0.512925
 0.323 0.283719
 0.32312 0.0360112
 0.32324 -0.222227
 0.32336 -0.482578
 0.32348 -0.737879
 0.3236 -0.982248
 0.32372 -1.21223
 0.32384 -1.42765
 0.32396 -1.63002
 0.32408 -1.82427
 0.3242 -2.01382
 0.32432 -2.2013
 0.32444 -2.39179
 0.32456 -2.58722
 0.32468 -2.78624
 0.3248 -2.98597
 0.32492 -3.18213
 0.32504 -3.37009
 0.32516 -3.5464
 0.32528 -3.70945
 0.3254 -3.85745
 0.32552 -3.98819
 0.32564 -4.0978
 0.32576 -4.17901
 0.32588 -4.22634
 0.326 -4.23516
 0.32612 -4.20042
 0.32624 -4.12182
 0.32636 -4.00014
 0.32648 -3.83676
 0.3266 -3.6355
 0.32672 -3.40175
 0.32684 -3.1425
 0.32696 -2.86598
 0.32708 -2.58099
 0.3272 -2.29682
 0.32732 -2.02329
 0.32744 -1.77041
 0.32756 -1.54851
 0.32768 -1.37119
 0.3278 -1.25105
 0.32792 -1.19418
 0.32804 -1.20355
 0.32816 -1.28009
 0.32828 -1.41965
 0.3284 -1.61747
 0.32852 -1.86811
 0.32864 -2.16527
 0.32876 -2.50049
 0.32888 -2.86351
 0.329 -3.24296
 0.32912 -3.62647
 0.32924 -4.00095
 0.32936 -4.3526
 0.32948 -4.66676
 0.3296 -4.92787
 0.32972 -5.11909
 0.32984 -5.23041
 0.32996 -5.25852
 0.33008 -5.20284
 0.3302 -5.06565
 0.33032 -4.85329
 0.33044 -4.5726
 0.33056 -4.23074
 0.33068 -3.83553
 0.3308 -3.39688
 0.33092 -2.92611
 0.33104 -2.43597
 0.33116 -1.94008
 0.33128 -1.45164
 0.3314 -0.984597
 0.33152 -0.554731
 0.33164 -0.178144
 0.33176 0.130808
 0.33188 0.363002
 0.332 0.513457
 0.33212 0.577779
 0.33224 0.557151
 0.33236 0.458534
 0.33248 0.289597
 0.3326 0.0582454
 0.33272 -0.227018
 0.33284 -0.555796
 0.33296 -0.917559
 0.33308 -1.30036
 0.3332 -1.69122
 0.33332 -2.07728
 0.33344 -2.44608
 0.33356 -2.78453
 0.33368 -3.08067
 0.3338 -3.32326
 0.33392 -3.5035
 0.33404 -3.61441
 0.33416 -3.64934
 0.33428 -3.61092
 0.3344 -3.50668
 0.33452 -3.34523
 0.33464 -3.13538
 0.33476 -2.88709
 0.33488 -2.61164
 0.335 -2.31766
 0.33512 -2.01579
 0.33524 -1.71875
 0.33536 -1.44104
 0.33548 -1.19396
 0.3356 -0.98769
 0.33572 -0.83125
 0.33584 -0.734237
 0.33596 -0.702274
 0.33608 -0.739338
 0.3362 -0.846191
 0.33632 -1.01737
 0.33644 -1.2449
 0.33656 -1.52024
 0.33668 -1.8347
 0.3368 -2.17817
 0.33692 -2.5412
 0.33704 -2.91676
 0.33716 -3.29609
 0.33728 -3.66596
 0.3374 -4.01168
 0.33752 -4.32175
 0.33764 -4.58569
 0.33776 -4.79289
 0.33788 -4.9331
 0.338 -5.00178
 0.33812 -4.99702
 0.33824 -4.92103
 0.33836 -4.7775
 0.33848 -4.57066
 0.3386 -4.30248
 0.33872 -3.975
 0.33884 -3.59135
 0.33896 -3.15486
 0.33908 -2.66874
 0.3392 -2.13746
 0.33932 -1.56944
 0.33944 -0.972458
 0.33956 -0.352972
 0.33968 0.282781
 0.3398 0.927886
 0.33992 1.57768
 0.34004 2.22936
 0.34016 2.88252
 0.34028 3.53865
 0.3404 4.1993
 0.34052 4.86235
 0.34064 5.52164
 0.34076 6.171
 0.34088 6.8055
 0.341 7.42185
 0.34112 8.01777
 0.34124 8.59223
 0.34136 9.14474
 0.34148 9.6736
 0.3416 10.1767
 0.34172 10.6521
 0.34184 11.0969
 0.34196 11.5052
 0.34208 11.8739
 0.3422 12.1989
 0.34232 12.476
 0.34244 12.703
 0.34256 12.8828
 0.34268 13.0215
 0.3428 13.1248
 0.34292 13.1991
 0.34304 13.2494
 0.34316 13.2776
 0.34328 13.2848
 0.3434 13.273
 0.34352 13.2448
 0.34364 13.2023
 0.34376 13.1471
 0.34388 13.0846
 0.344 13.0215
 0.34412 12.9621
 0.34424 12.9108
 0.34436 12.8693
 0.34448 12.8373
 0.3446 12.8114
 0.34472 12.7879
 0.34484 12.763
 0.34496 12.7305
 0.34508 12.6874
 0.3452 12.634
 0.34532 12.5706
 0.34544 12.4964
 0.34556 12.4099
 0.34568 12.3105
 0.3458 12.1985
 0.34592 12.0711
 0.34604 11.926
 0.34616 11.7609
 0.34628 11.5756
 0.3464 11.3729
 0.34652 11.1571
 0.34664 10.9321
 0.34676 10.7003
 0.34688 10.4641
 0.347 10.2272
 0.34712 9.99012
 0.34724 9.75277
 0.34736 9.51664
 0.34748 9.2865
 0.3476 9.06914
 0.34772 8.87034
 0.34784 8.69576
 0.34796 8.54875
 0.34808 8.43151
 0.3482 8.34619
 0.34832 8.29265
 0.34844 8.26827
 0.34856 8.2695
 0.34868 8.29483
 0.3488 8.34531
 0.34892 8.42201
 0.34904 8.52626
 0.34916 8.66011
 0.34928 8.82384
 0.3494 9.01371
 0.34952 9.22057
 0.34964 9.43306
 0.34976 9.63978
 0.34988 9.83057
 0.35 10.0013
 0.35012 10.1495
 0.35024 10.2745
 0.35036 10.3763
 0.35048 10.4576
 0.3506 10.5217
 0.35072 10.5699
 0.35084 10.6007
 0.35096 10.6127
 0.35108 10.6034
 0.3512 10.57
 0.35132 10.5125
 0.35144 10.4356
 0.35156 10.3466
 0.35168 10.2539
 0.3518 10.166
 0.35192 10.0893
 0.35204 10.0261
 0.35216 9.97468
 0.35228 9.93129
 0.3524 9.8918
 0.35252 9.851
 0.35264 9.80209
 0.35276 9.73945
 0.35288 9.65989
 0.353 9.5608
 0.35312 9.44107
 0.35324 9.30035
 0.35336 9.13586
 0.35348 8.94429
 0.3536 8.72278
 0.35372 8.4698
 0.35384 8.18434
 0.35396 7.8658
 0.35408 7.51693
 0.3542 7.1467
 0.35432 6.7646
 0.35444 6.37879
 0.35456 5.99764
 0.35468 5.63161
 0.3548 5.29028
 0.35492 4.98036
 0.35504 4.70627
 0.35516 4.47119
 0.35528 4.27823
 0.3554 4.13086
 0.35552 4.03103
 0.35564 3.97914
 0.35576 3.97031
 0.35588 3.99944
 0.356 4.06121
 0.35612 4.14515
 0.35624 4.23706
 0.35636 4.32479
 0.35648 4.3982
 0.3566 4.44789
 0.35672 4.46388
 0.35684 4.43783
 0.35696 4.36793
 0.35708 4.25545
 0.3572 4.10193
 0.35732 3.90856
 0.35744 3.67676
 0.35756 3.40841
 0.35768 3.1088
 0.3578 2.79014
 0.35792 2.46464
 0.35804 2.14398
 0.35816 1.84199
 0.35828 1.57219
 0.3584 1.34565
 0.35852 1.17221
 0.35864 1.05955
 0.35876 1.01372
 0.35888 1.03618
 0.359 1.12019
 0.35912 1.25751
 0.35924 1.44015
 0.35936 1.66097
 0.35948 1.91237
 0.3596 2.18705
 0.35972 2.47333
 0.35984 2.75547
 0.35996 3.01784
 0.36008 3.24766
 0.3602 3.43332
 0.36032 3.56388
 0.36044 3.62877
 0.36056 3.61825
 0.36068 3.52452
 0.3608 3.34369
 0.36092 3.07833
 0.36104 2.73666
 0.36116 2.32817
 0.36128 1.86122
 0.3614 1.34342
 0.36152 0.78286
 0.36164 0.187379
 0.36176 -0.432572
 0.36188 -1.06463
 0.362 -1.69465
 0.36212 -2.31083
 0.36224 -2.9016
 0.36236 -3.45412
 0.36248 -3.95447
 0.3626 -4.38907
 0.36272 -4.74563
 0.36284 -5.01621
 0.36296 -5.19888
 0.36308 -5.29779
 0.3632 -5.31923
 0.36332 -5.26656
 0.36344 -5.14263
 0.36356 -4.9505
 0.36368 -4.69439
 0.3638 -4.37976
 0.36392 -4.01521
 0.36404 -3.61388
 0.36416 -3.18879
 0.36428 -2.75324
 0.3644 -2.32246
 0.36452 -1.91187
 0.36464 -1.53671
 0.36476 -1.21208
 0.36488 -0.949829
 0.365 -0.756935
 0.36512 -0.632629
 0.36524 -0.575737
 0.36536 -0.588248
 0.36548 -0.671983
 0.3656 -0.826875
 0.36572 -1.04934
 0.36584 -1.33475
 0.36596 -1.67254
 0.36608 -2.04766
 0.3662 -2.44443
 0.36632 -2.84839
 0.36644 -3.24521
 0.36656 -3.6217
 0.36668 -3.9647
 0.3668 -4.26068
 0.36692 -4.49751
 0.36704 -4.6666
 0.36716 -4.76332
 0.36728 -4.78347
 0.3674 -4.72245
 0.36752 -4.5774
 0.36764 -4.34983
 0.36776 -4.04482
 0.36788 -3.66901
 0.368 -3.23544
 0.36812 -2.75949
 0.36824 -2.25633
 0.36836 -1.73907
 0.36848 -1.21948
 0.3686 -0.707976
 0.36872 -0.215095
 0.36884 0.249632
 0.36896 0.6773
 0.36908 1.05987
 0.3692 1.39025
 0.36932 1.66329
 0.36944 1.87495
 0.36956 2.02373
 0.36968 2.11141
 0.3698 2.14101
 0.36992 2.11665
 0.37004 2.04522
 0.37016 1.93419
 0.37028 1.79058
 0.3704 1.62004
 0.37052 1.42742
 0.37064 1.21689
 0.37076 0.99209
 0.37088 0.754358
 0.371 0.505048
 0.37112 0.245997
 0.37124 -0.0208532
 0.37136 -0.292728
 0.37148 -0.567425
 0.3716 -0.843783
 0.37172 -1.12074
 0.37184 -1.39678
 0.37196 -1.6694
 0.37208 -1.93624
 0.3722 -2.19537
 0.37232 -2.44442
 0.37244 -2.67967
 0.37256 -2.89688
 0.37268 -3.09164
 0.3728 -3.25867
 0.37292 -3.39308
 0.37304 -3.49313
 0.37316 -3.55796
 0.37328 -3.58875
 0.3734 -3.58968
 0.37352 -3.56518
 0.37364 -3.51976
 0.37376 -3.45905
 0.37388 -3.38947
 0.374 -3.3184
 0.37412 -3.25219
 0.37424 -3.19668
 0.37436 -3.15906
 0.37448 -3.14944
 0.3746 -3.17857
 0.37472 -3.25727
 0.37484 -3.39576
 0.37496 -3.59474
 0.37508 -3.84784
 0.3752 -4.14826
 0.37532 -4.487
 0.37544 -4.85354
 0.37556 -5.23729
 0.37568 -5.62737
 0.3758 -6.01202
 0.37592 -6.3791
 0.37604 -6.71785
 0.37616 -7.02025
 0.37628 -7.27849
 0.3764 -7.48203
 0.37652 -7.61713
 0.37664 -7.66937
 0.37676 -7.6239
 0.37688 -7.46972
 0.377 -7.21246
 0.37712 -6.8625
 0.37724 -6.43006
 0.37736 -5.92598
 0.37748 -5.36111
 0.3776 -4.74626
 0.37772 -4.09425
 0.37784 -3.41924
 0.37796 -2.73529
 0.37808 -2.05267
 0.3782 -1.37862
 0.37832 -0.7203
 0.37844 -0.0858549
 0.37856 0.515247
 0.37868 1.07249
 0.3788 1.5735
 0.37892 2.01128
 0.37904 2.38906
 0.37916 2.71097
 0.37928 2.981
 0.3794 3.20315
 0.37952 3.38101
 0.37964 3.51955
 0.37976 3.62851
 0.37988 3.71867
 0.38 3.79993
 0.38012 3.87771
 0.38024 3.95611
 0.38036 4.03849
 0.38048 4.12509
 0.3806 4.21607
 0.38072 4.31376
 0.38084 4.42274
 0.38096 4.54519
 0.38108 4.68049
 0.3812 4.82797
 0.38132 4.98722
 0.38144 5.15803
 0.38156 5.34078
 0.38168 5.53242
 0.3818 5.72639
 0.38192 5.91587
 0.38204 6.09442
 0.38216 6.25815
 0.38228 6.40027
 0.3824 6.51463
 0.38252 6.59984
 0.38264 6.65516
 0.38276 6.67789
 0.38288 6.66436
 0.383 6.61267
 0.38312 6.52259
 0.38324 6.39341
 0.38336 6.22232
 0.38348 6.00611
 0.3836 5.74144
 0.38372 5.42835
 0.38384 5.06778
 0.38396 4.66531
 0.38408 4.22749
 0.3842 3.76246
 0.38432 3.28475
 0.38444 2.80822
 0.38456 2.34131
 0.38468 1.89202
 0.3848 1.46909
 0.38492 1.0807
 0.38504 0.73139
 0.38516 0.424341
 0.38528 0.165326
 0.3854 -0.0373936
 0.38552 -0.175591
 0.38564 -0.242344
 0.38576 -0.234548
 0.38588 -0.153477
 0.386 -0.00854961
 0.38612 0.189663
 0.38624 0.427698
 0.38636 0.687624
 0.38648 0.954138
 0.3866 1.21623
 0.38672 1.46147
 0.38684 1.67727
 0.38696 1.85366
 0.38708 1.98547
 0.3872 2.06765
 0.38732 2.0925
 0.38744 2.05217
 0.38756 1.9394
 0.38768 1.75068
 0.3878 1.48878
 0.38792 1.16384
 0.38804 0.790078
 0.38816 0.381928
 0.38828 -0.045624
 0.3884 -0.476724
 0.38852 -0.898282
 0.38864 -1.29756
 0.38876 -1.65958
 0.38888 -1.97031
 0.389 -2.22266
 0.38912 -2.41417
 0.38924 -2.54173
 0.38936 -2.60131
 0.38948 -2.59
 0.3896 -2.50556
 0.38972 -2.34985
 0.38984 -2.13111
 0.38996 -1.86042
 0.39008 -1.54895
 0.3902 -1.20697
 0.39032 -0.843813
 0.39044 -0.468251
 0.39056 -0.088256
 0.39068 0.286964
 0.3908 0.647424
 0.39092 0.986258
 0.39104 1.30578
 0.39116 1.61044
 0.39128 1.90351
 0.3914 2.18736
 0.39152 2.46456
 0.39164 2.73691
 0.39176 3.00775
 0.39188 3.28086
 0.392 3.55733
 0.39212 3.83685
 0.39224 4.11776
 0.39236 4.39688
 0.39248 4.67081
 0.3926 4.93631
 0.39272 5.1904
 0.39284 5.42975
 0.39296 5.64755
 0.39308 5.83244
 0.3932 5.97287
 0.39332 6.05952
 0.39344 6.08569
 0.39356 6.04597
 0.39368 5.93755
 0.3938 5.7599
 0.39392 5.5192
 0.39404 5.22494
 0.39416 4.88835
 0.39428 4.52169
 0.3944 4.13753
 0.39452 3.74607
 0.39464 3.35713
 0.39476 2.98118
 0.39488 2.62913
 0.395 2.31244
 0.39512 2.04329
 0.39524 1.83362
 0.39536 1.69227
 0.39548 1.62581
 0.3956 1.63803
 0.39572 1.73061
 0.39584 1.90024
 0.39596 2.13921
 0.39608 2.43887
 0.3962 2.78966
 0.39632 3.18219
 0.39644 3.60921
 0.39656 4.06716
 0.39668 4.55169
 0.3968 5.0565
 0.39692 5.57514
 0.39704 6.1015
 0.39716 6.62947
 0.39728 7.15219
 0.3974 7.66211
 0.39752 8.15223
 0.39764 8.6186
 0.39776 9.05704
 0.39788 9.46437
 0.398 9.83518
 0.39812 10.1639
 0.39824 10.4451
 0.39836 10.6732
 0.39848 10.8425
 0.3986 10.9454
 0.39872 10.9776
 0.39884 10.9369
 0.39896 10.822
 0.39908 10.6308
 0.3992 10.3608
 0.39932 10.0137
 0.39944 9.59562
 0.39956 9.11188
 0.39968 8.56586
 0.3998 7.96335
 0.39992 7.31517
 0.40004 6.63543
 0.40016 5.93835
 0.40028 5.23789
 0.4004 4.54513
 0.40052 3.8693
 0.40064 3.21967
 0.40076 2.6032
 0.40088 2.02585
 0.401 1.49325
 0.40112 1.0134
 0.40124 0.595085
 0.40136 0.241996
 0.40148 -0.0446293
 0.4016 -0.261512
 0.40172 -0.404657
 0.40184 -0.472793
 0.40196 -0.471281
 0.40208 -0.408375
 0.4022 -0.292428
 0.40232 -0.129817
 0.40244 0.0776937
 0.40256 0.327566
 0.40268 0.615443
 0.4028 0.93564
 0.40292 1.28076
 0.40304 1.64334
 0.40316 2.01363
 0.40328 2.38255
 0.4034 2.74306
 0.40352 3.08825
 0.40364 3.40969
 0.40376 3.69969
 0.40388 3.95333
 0.404 4.17371
 0.40412 4.36842
 0.40424 4.54362
 0.40436 4.69869
 0.40448 4.82998
 0.4046 4.93865
 0.40472 5.0278
 0.40484 5.10381
 0.40496 5.17542
 0.40508 5.24984
 0.4052 5.33253
 0.40532 5.42576
 0.40544 5.53179
 0.40556 5.65323
 0.40568 5.79146
 0.4058 5.94352
 0.40592 6.10297
 0.40604 6.25295
 0.40616 6.37426
 0.40628 6.45314
 0.4064 6.48395
 0.40652 6.46047
 0.40664 6.37353
 0.40676 6.2171
 0.40688 5.98427
 0.407 5.66769
 0.40712 5.26249
 0.40724 4.76954
 0.40736 4.19242
 0.40748 3.533
 0.4076 2.79299
 0.40772 1.97919
 0.40784 1.10484
 0.40796 0.187592
 0.40808 -0.748439
 0.4082 -1.68022
 0.40832 -2.58974
 0.40844 -3.45985
 0.40856 -4.27182
 0.40868 -5.00921
 0.4088 -5.66269
 0.40892 -6.22363
 0.40904 -6.68362
 0.40916 -7.03631
 0.40928 -7.27941
 0.4094 -7.40918
 0.40952 -7.41862
 0.40964 -7.30105
 0.40976 -7.05573
 0.40988 -6.68751
 0.41 -6.20541
 0.41012 -5.62067
 0.41024 -4.94482
 0.41036 -4.1902
 0.41048 -3.37227
 0.4106 -2.50686
 0.41072 -1.60612
 0.41084 -0.678284
 0.41096 0.268645
 0.41108 1.22672
 0.4112 2.18871
 0.41132 3.14742
 0.41144 4.08969
 0.41156 4.99889
 0.41168 5.85743
 0.4118 6.65086
 0.41192 7.37015
 0.41204 8.01068
 0.41216 8.5699
 0.41228 9.0475
 0.4124 9.44444
 0.41252 9.761
 0.41264 9.99683
 0.41276 10.1506
 0.41288 10.2206
 0.413 10.2051
 0.41312 10.1025
 0.41324 9.91144
 0.41336 9.63305
 0.41348 9.27462
 0.4136 8.84761
 0.41372 8.36903
 0.41384 7.85444
 0.41396 7.31249
 0.41408 6.7486
 0.4142 6.16657
 0.41432 5.56972
 0.41444 4.96597
 0.41456 4.36701
 0.41468 3.78549
 0.4148 3.23316
 0.41492 2.72158
 0.41504 2.26176
 0.41516 1.86441
 0.41528 1.53996
 0.4154 1.29675
 0.41552 1.14169
 0.41564 1.07426
 0.41576 1.08603
 0.41588 1.17094
 0.416 1.32903
 0.41612 1.56125
 0.41624 1.86889
 0.41636 2.2507
 0.41648 2.69846
 0.4166 3.20091
 0.41672 3.74598
 0.41684 4.32243
 0.41696 4.91918
 0.41708 5.52581
 0.4172 6.1321
 0.41732 6.7286
 0.41744 7.30308
 0.41756 7.84157
 0.41768 8.33757
 0.4178 8.78936
 0.41792 9.19281
 0.41804 9.54128
 0.41816 9.8283
 0.41828 10.048
 0.4184 10.1972
 0.41852 10.2762
 0.41864 10.2871
 0.41876 10.2332
 0.41888 10.1177
 0.419 9.94502
 0.41912 9.72114
 0.41924 9.45214
 0.41936 9.14339
 0.41948 8.80745
 0.4196 8.45831
 0.41972 8.1068
 0.41984 7.76291
 0.41996 7.43728
 0.42008 7.14066
 0.4202 6.88341
 0.42032 6.67539
 0.42044 6.52634
 0.42056 6.44534
 0.42068 6.43912
 0.4208 6.51387
 0.42092 6.67475
 0.42104 6.92066
 0.42116 7.24585
 0.42128 7.6446
 0.4214 8.11049
 0.42152 8.63194
 0.42164 9.19765
 0.42176 9.79659
 0.42188 10.4177
 0.422 11.0504
 0.42212 11.6837
 0.42224 12.3054
 0.42236 12.902
 0.42248 13.4591
 0.4226 13.9633
 0.42272 14.4029
 0.42284 14.7655
 0.42296 15.0417
 0.42308 15.232
 0.4232 15.3407
 0.42332 15.3718
 0.42344 15.3298
 0.42356 15.219
 0.42368 15.0427
 0.4238 14.8029
 0.42392 14.5002
 0.42404 14.1355
 0.42416 13.713
 0.42428 13.2399
 0.4244 12.7256
 0.42452 12.1797
 0.42464 11.6106
 0.42476 11.0271
 0.42488 10.4388
 0.425 9.85189
 0.42512 9.26605
 0.42524 8.68109
 0.42536 8.0973
 0.42548 7.51614
 0.4256 6.94226
 0.42572 6.38227
 0.42584 5.84613
 0.42596 5.3451
 0.42608 4.88847
 0.4262 4.4819
 0.42632 4.12829
 0.42644 3.8296
 0.42656 3.58808
 0.42668 3.40684
 0.4268 3.28719
 0.42692 3.23001
 0.42704 3.23818
 0.42716 3.31539
 0.42728 3.46331
 0.4274 3.68314
 0.42752 3.97377
 0.42764 4.32915
 0.42776 4.74017
 0.42788 5.19468
 0.428 5.6804
 0.42812 6.1871
 0.42824 6.70632
 0.42836 7.231
 0.42848 7.75415
 0.4286 8.26727
 0.42872 8.76072
 0.42884 9.22649
 0.42896 9.65755
 0.42908 10.0468
 0.4292 10.3885
 0.42932 10.6781
 0.42944 10.9113
 0.42956 11.0865
 0.42968 11.208
 0.4298 11.2801
 0.42992 11.3072
 0.43004 11.2925
 0.43016 11.2375
 0.43028 11.1429
 0.4304 11.0084
 0.43052 10.8344
 0.43064 10.6248
 0.43076 10.3847
 0.43088 10.1175
 0.431 9.82208
 0.43112 9.49648
 0.43124 9.13796
 0.43136 8.74399
 0.43148 8.31191
 0.4316 7.83671
 0.43172 7.31164
 0.43184 6.73762
 0.43196 6.11845
 0.43208 5.46032
 0.4322 4.77125
 0.43232 4.06117
 0.43244 3.34029
 0.43256 2.61756
 0.43268 1.89957
 0.4328 1.19151
 0.43292 0.502863
 0.43304 -0.150372
 0.43316 -0.751089
 0.43328 -1.28279
 0.4334 -1.7303
 0.43352 -2.07864
 0.43364 -2.31172
 0.43376 -2.41774
 0.43388 -2.39539
 0.434 -2.24546
 0.43412 -1.97198
 0.43424 -1.58392
 0.43436 -1.09317
 0.43448 -0.512237
 0.4346 0.147301
 0.43472 0.874197
 0.43484 1.65878
 0.43496 2.48625
 0.43508 3.33637
 0.4352 4.18758
 0.43532 5.02012
 0.43544 5.816
 0.43556 6.55663
 0.43568 7.22212
 0.4358 7.79729
 0.43592 8.27157
 0.43604 8.6356
 0.43616 8.88565
 0.43628 9.02512
 0.4364 9.05932
 0.43652 8.99322
 0.43664 8.8292
 0.43676 8.56829
 0.43688 8.21019
 0.437 7.75823
 0.43712 7.22059
 0.43724 6.60611
 0.43736 5.9218
 0.43748 5.17561
 0.4376 4.37807
 0.43772 3.54138
 0.43784 2.67644
 0.43796 1.79367
 0.43808 0.900819
 0.4382 -0.00111538
 0.43832 -0.91488
 0.43844 -1.84184
 0.43856 -2.77793
 0.43868 -3.71266
 0.4388 -4.63296
 0.43892 -5.52528
 0.43904 -6.37928
 0.43916 -7.18702
 0.43928 -7.94047
 0.4394 -8.63149
 0.43952 -9.25596
 0.43964 -9.81041
 0.43976 -10.2919
 0.43988 -10.6979
 0.44 -11.0266
 0.44012 -11.2712
 0.44024 -11.4201
 0.44036 -11.4633
 0.44048 -11.3935
 0.4406 -11.2138
 0.44072 -10.933
 0.44084 -10.5625
 0.44096 -10.1147
 0.44108 -9.60153
 0.4412 -9.03521
 0.44132 -8.42783
 0.44144 -7.79064
 0.44156 -7.13405
 0.44168 -6.47065
 0.4418 -5.81278
 0.44192 -5.17029
 0.44204 -4.5526
 0.44216 -3.9742
 0.44228 -3.45135
 0.4424 -2.99827
 0.44252 -2.62694
 0.44264 -2.3426
 0.44276 -2.14785
 0.44288 -2.03945
 0.443 -2.01049
 0.44312 -2.0524
 0.44324 -2.1562
 0.44336 -2.31337
 0.44348 -2.5149
 0.4436 -2.74959
 0.44372 -3.00479
 0.44384 -3.26957
 0.44396 -3.53798
 0.44408 -3.80282
 0.4442 -4.05458
 0.44432 -4.28362
 0.44444 -4.4801
 0.44456 -4.63402
 0.44468 -4.73742
 0.4448 -4.78537
 0.44492 -4.78163
 0.44504 -4.7329
 0.44516 -4.6469
 0.44528 -4.53114
 0.4454 -4.39234
 0.44552 -4.23814
 0.44564 -4.07787
 0.44576 -3.92088
 0.44588 -3.77156
 0.446 -3.62936
 0.44612 -3.49504
 0.44624 -3.36996
 0.44636 -3.25542
 0.44648 -3.1548
 0.4466 -3.07214
 0.44672 -3.01018
 0.44684 -2.96822
 0.44696 -2.9407
 0.44708 -2.92094
 0.4472 -2.90175
 0.44732 -2.87642
 0.44744 -2.8386
 0.44756 -2.78056
 0.44768 -2.69347
 0.4478 -2.57011
 0.44792 -2.41074
 0.44804 -2.21811
 0.44816 -1.99357
 0.44828 -1.73782
 0.4484 -1.45266
 0.44852 -1.13759
 0.44864 -0.792446
 0.44876 -0.417694
 0.44888 -0.0148441
 0.449 0.412967
 0.44912 0.860762
 0.44924 1.32283
 0.44936 1.79306
 0.44948 2.26354
 0.4496 2.72453
 0.44972 3.16616
 0.44984 3.58137
 0.44996 3.96726
 0.45008 4.3207
 0.4502 4.63667
 0.45032 4.91065
 0.45044 5.13947
 0.45056 5.31781
 0.45068 5.44008
 0.4508 5.50041
 0.45092 5.49176
 0.45104 5.4085
 0.45116 5.24763
 0.45128 5.0069
 0.4514 4.68759
 0.45152 4.29398
 0.45164 3.8315
 0.45176 3.30562
 0.45188 2.7207
 0.452 2.08151
 0.45212 1.39327
 0.45224 0.661702
 0.45236 -0.108064
 0.45248 -0.908505
 0.4526 -1.7281
 0.45272 -2.55463
 0.45284 -3.37608
 0.45296 -4.17799
 0.45308 -4.94683
 0.4532 -5.67042
 0.45332 -6.33814
 0.45344 -6.94482
 0.45356 -7.48624
 0.45368 -7.96092
 0.4538 -8.36804
 0.45392 -8.70711
 0.45404 -8.97786
 0.45416 -9.17814
 0.45428 -9.30509
 0.4544 -9.35812
 0.45452 -9.34286
 0.45464 -9.2701
 0.45476 -9.14854
 0.45488 -8.98314
 0.455 -8.78052
 0.45512 -8.54717
 0.45524 -8.28922
 0.45536 -8.01067
 0.45548 -7.71354
 0.4556 -7.39902
 0.45572 -7.06517
 0.45584 -6.71037
 0.45596 -6.33374
 0.45608 -5.93744
 0.4562 -5.52797
 0.45632 -5.11202
 0.45644 -4.69158
 0.45656 -4.2617
 0.45668 -3.81459
 0.4568 -3.34983
 0.45692 -2.8728
 0.45704 -2.38854
 0.45716 -1.90207
 0.45728 -1.4187
 0.4574 -0.944223
 0.45752 -0.484021
 0.45764 -0.0447689
 0.45776 0.367011
 0.45788 0.746437
 0.458 1.09148
 0.45812 1.4058
 0.45824 1.69698
 0.45836 1.97263
 0.45848 2.23378
 0.4586 2.47535
 0.45872 2.69414
 0.45884 2.89312
 0.45896 3.07758
 0.45908 3.25261
 0.4592 3.42387
 0.45932 3.5964
 0.45944 3.77474
 0.45956 3.96344
 0.45968 4.167
 0.4598 4.38911
 0.45992 4.63089
 0.46004 4.89063
 0.46016 5.16249
 0.46028 5.43698
 0.4604 5.70388
 0.46052 5.95921
 0.46064 6.20262
 0.46076 6.43083
 0.46088 6.6422
 0.461 6.83618
 0.46112 7.01073
 0.46124 7.16266
 0.46136 7.2902
 0.46148 7.39173
 0.4616 7.46533
 0.46172 7.50803
 0.46184 7.51614
 0.46196 7.48758
 0.46208 7.42128
 0.4622 7.31801
 0.46232 7.184
 0.46244 7.02647
 0.46256 6.85007
 0.46268 6.65853
 0.4628 6.4544
 0.46292 6.23436
 0.46304 5.99466
 0.46316 5.7351
 0.46328 5.45595
 0.4634 5.15674
 0.46352 4.83726
 0.46364 4.49846
 0.46376 4.14395
 0.46388 3.77831
 0.464 3.40457
 0.46412 3.02507
 0.46424 2.64009
 0.46436 2.24621
 0.46448 1.83871
 0.4646 1.41212
 0.46472 0.961245
 0.46484 0.485603
 0.46496 -0.0106897
 0.46508 -0.524199
 0.4652 -1.05293
 0.46532 -1.59489
 0.46544 -2.14798
 0.46556 -2.71037
 0.46568 -3.27996
 0.4658 -3.85582
 0.46592 -4.4355
 0.46604 -5.01118
 0.46616 -5.57453
 0.46628 -6.11599
 0.4664 -6.6252
 0.46652 -7.08965
 0.46664 -7.49482
 0.46676 -7.82695
 0.46688 -8.07765
 0.467 -8.24034
 0.46712 -8.30992
 0.46724 -8.28205
 0.46736 -8.15238
 0.46748 -7.91668
 0.4676 -7.57418
 0.46772 -7.12915
 0.46784 -6.58688
 0.46796 -5.95852
 0.46808 -5.26096
 0.4682 -4.51069
 0.46832 -3.72487
 0.46844 -2.92108
 0.46856 -2.12
 0.46868 -1.3437
 0.4688 -0.613022
 0.46892 0.0542762
 0.46904 0.643817
 0.46916 1.14467
 0.46928 1.54647
 0.4694 1.83892
 0.46952 2.01201
 0.46964 2.06412
 0.46976 1.99999
 0.46988 1.82588
 0.47 1.55317
 0.47012 1.19472
 0.47024 0.764573
 0.47036 0.278139
 0.47048 -0.248693
 0.4706 -0.798026
 0.47072 -1.35201
 0.47084 -1.89344
 0.47096 -2.40739
 0.47108 -2.88599
 0.4712 -3.32373
 0.47132 -3.71707
 0.47144 -4.06148
 0.47156 -4.35097
 0.47168 -4.58692
 0.4718 -4.77431
 0.47192 -4.91718
 0.47204 -5.02004
 0.47216 -5.08788
 0.47228 -5.12875
 0.4724 -5.1516
 0.47252 -5.16474
 0.47264 -5.17617
 0.47276 -5.19331
 0.47288 -5.22326
 0.473 -5.2699
 0.47312 -5.33256
 0.47324 -5.40646
 0.47336 -5.48285
 0.47348 -5.55699
 0.4736 -5.62641
 0.47372 -5.68361
 0.47384 -5.72206
 0.47396 -5.74018
 0.47408 -5.73685
 0.4742 -5.70901
 0.47432 -5.6513
 0.47444 -5.55846
 0.47456 -5.42647
 0.47468 -5.25201
 0.4748 -5.03252
 0.47492 -4.76616
 0.47504 -4.45228
 0.47516 -4.09175
 0.47528 -3.69169
 0.4754 -3.2614
 0.47552 -2.80646
 0.47564 -2.33461
 0.47576 -1.85631
 0.47588 -1.37616
 0.476 -0.890967
 0.47612 -0.400604
 0.47624 0.0915275
 0.47636 0.581239
 0.47648 1.06455
 0.4766 1.53781
 0.47672 1.99816
 0.47684 2.44385
 0.47696 2.87351
 0.47708 3.28475
 0.4772 3.67484
 0.47732 4.04413
 0.47744 4.39323
 0.47756 4.72322
 0.47768 5.04035
 0.4778 5.35129
 0.47792 5.65375
 0.47804 5.94035
 0.47816 6.21101
 0.47828 6.4682
 0.4784 6.71407
 0.47852 6.9511
 0.47864 7.1814
 0.47876 7.40505
 0.47888 7.62177
 0.479 7.83144
 0.47912 8.03555
 0.47924 8.23646
 0.47936 8.43668
 0.47948 8.63763
 0.4796 8.83661
 0.47972 9.02474
 0.47984 9.19394
 0.47996 9.34329
 0.48008 9.47153
 0.4802 9.57233
 0.48032 9.6398
 0.48044 9.66826
 0.48056 9.65129
 0.48068 9.58478
 0.4808 9.46663
 0.48092 9.29391
 0.48104 9.06459
 0.48116 8.77734
 0.48128 8.4318
 0.4814 8.0285
 0.48152 7.57228
 0.48164 7.07486
 0.48176 6.55344
 0.48188 6.02303
 0.482 5.49599
 0.48212 4.98444
 0.48224 4.50074
 0.48236 4.05685
 0.48248 3.66592
 0.4826 3.34096
 0.48272 3.09148
 0.48284 2.92695
 0.48296 2.85645
 0.48308 2.88586
 0.4832 3.01798
 0.48332 3.25331
 0.48344 3.58747
 0.48356 4.01083
 0.48368 4.5079
 0.4838 5.06078
 0.48392 5.65382
 0.48404 6.27174
 0.48416 6.90173
 0.48428 7.53164
 0.4844 8.14755
 0.48452 8.73373
 0.48464 9.27577
 0.48476 9.76067
 0.48488 10.1747
 0.485 10.5076
 0.48512 10.7529
 0.48524 10.9072
 0.48536 10.9702
 0.48548 10.9465
 0.4856 10.843
 0.48572 10.6698
 0.48584 10.4381
 0.48596 10.1593
 0.48608 9.84475
 0.4862 9.50439
 0.48632 9.14753
 0.48644 8.78595
 0.48656 8.43193
 0.48668 8.0974
 0.4868 7.79456
 0.48692 7.53406
 0.48704 7.32137
 0.48716 7.1597
 0.48728 7.05
 0.4874 6.98956
 0.48752 6.97376
 0.48764 6.99767
 0.48776 7.05309
 0.48788 7.13052
 0.488 7.21749
 0.48812 7.30132
 0.48824 7.37032
 0.48836 7.41283
 0.48848 7.41573
 0.4886 7.36688
 0.48872 7.25384
 0.48884 7.06624
 0.48896 6.79845
 0.48908 6.44845
 0.4892 6.01542
 0.48932 5.501
 0.48944 4.91073
 0.48956 4.24978
 0.48968 3.52409
 0.4898 2.74211
 0.48992 1.91621
 0.49004 1.06081
 0.49016 0.189351
 0.49028 -0.685153
 0.4904 -1.54729
 0.49052 -2.38062
 0.49064 -3.16972
 0.49076 -3.8996
 0.49088 -4.5602
 0.491 -5.14535
 0.49112 -5.65138
 0.49124 -6.07572
 0.49136 -6.41756
 0.49148 -6.67764
 0.4916 -6.85572
 0.49172 -6.952
 0.49184 -6.96926
 0.49196 -6.91428
 0.49208 -6.79002
 0.4922 -6.59783
 0.49232 -6.33975
 0.49244 -6.02152
 0.49256 -5.6499
 0.49268 -5.23341
 0.4928 -4.78005
 0.49292 -4.29453
 0.49304 -3.77968
 0.49316 -3.23587
 0.49328 -2.66563
 0.4934 -2.07351
 0.49352 -1.46373
 0.49364 -0.841126
 0.49376 -0.210666
 0.49388 0.425419
 0.494 1.06368
 0.49412 1.69475
 0.49424 2.30974
 0.49436 2.89971
 0.49448 3.4556
 0.4946 3.97067
 0.49472 4.44275
 0.49484 4.87024
 0.49496 5.25071
 0.49508 5.5804
 0.4952 5.85575
 0.49532 6.08087
 0.49544 6.26256
 0.49556 6.40598
 0.49568 6.51671
 0.4958 6.60071
 0.49592 6.66301
 0.49604 6.71209
 0.49616 6.75571
 0.49628 6.79817
 0.4964 6.84571
 0.49652 6.90722
 0.49664 6.98809
 0.49676 7.08826
 0.49688 7.20652
 0.497 7.34189
 0.49712 7.49483
 0.49724 7.66359
 0.49736 7.83895
 0.49748 8.01176
 0.4976 8.17482
 0.49772 8.31972
 0.49784 8.43564
 0.49796 8.51046
 0.49808 8.53148
 0.4982 8.49291
 0.49832 8.39474
 0.49844 8.23687
 0.49856 8.01806
 0.49868 7.74029
 0.4988 7.41013
 0.49892 7.03497
 0.49904 6.62139
 0.49916 6.17003
 0.49928 5.68086
 0.4994 5.15649
 0.49952 4.5984
 0.49964 4.00689
 0.49976 3.38567
 0.49988 2.74509
 0.5 2.09831
 0.50012 1.45801
 0.50024 0.831101
 0.50036 0.21914
 0.50048 -0.377695
 0.5006 -0.959368
 0.50072 -1.52786
 0.50084 -2.08733
 0.50096 -2.64235
 0.50108 -3.19488
 0.5012 -3.73549
 0.50132 -4.25003
 0.50144 -4.72388
 0.50156 -5.14158
 0.50168 -5.48672
 0.5018 -5.74861
 0.50192 -5.92344
 0.50204 -6.01072
 0.50216 -6.01048
 0.50228 -5.92553
 0.5024 -5.75922
 0.50252 -5.51374
 0.50264 -5.1905
 0.50276 -4.79033
 0.50288 -4.31365
 0.503 -3.75921
 0.50312 -3.12801
 0.50324 -2.43208
 0.50336 -1.68803
 0.50348 -0.914475
 0.5036 -0.131014
 0.50372 0.642416
 0.50384 1.38928
 0.50396 2.09473
 0.50408 2.74607
 0.5042 3.33312
 0.50432 3.8573
 0.50444 4.32254
 0.50456 4.73062
 0.50468 5.08195
 0.5048 5.37689
 0.50492 5.6154
 0.50504 5.79274
 0.50516 5.90655
 0.50528 5.96013
 0.5054 5.95914
 0.50552 5.9123
 0.50564 5.82915
 0.50576 5.72016
 0.50588 5.59699
 0.506 5.47233
 0.50612 5.35852
 0.50624 5.26379
 0.50636 5.18752
 0.50648 5.12821
 0.5066 5.08686
 0.50672 5.06575
 0.50684 5.06661
 0.50696 5.09241
 0.50708 5.14964
 0.5072 5.24083
 0.50732 5.36876
 0.50744 5.5341
 0.50756 5.73513
 0.50768 5.96802
 0.5078 6.22706
 0.50792 6.50529
 0.50804 6.79499
 0.50816 7.08798
 0.50828 7.37812
 0.5084 7.6617
 0.50852 7.93651
 0.50864 8.19848
 0.50876 8.44282
 0.50888 8.66691
 0.509 8.86701
 0.50912 9.0396
 0.50924 9.18188
 0.50936 9.29002
 0.50948 9.36154
 0.5096 9.39676
 0.50972 9.40055
 0.50984 9.37879
 0.50996 9.33656
 0.51008 9.27827
 0.5102 9.20904
 0.51032 9.13392
 0.51044 9.0572
 0.51056 8.98161
 0.51068 8.91258
 0.5108 8.85384
 0.51092 8.80702
 0.51104 8.77458
 0.51116 8.7604
 0.51128 8.77002
 0.5114 8.80917
 0.51152 8.88203
 0.51164 8.98588
 0.51176 9.1125
 0.51188 9.25398
 0.512 9.40507
 0.51212 9.5618
 0.51224 9.71992
 0.51236 9.87526
 0.51248 10.0245
 0.5126 10.1646
 0.51272 10.2907
 0.51284 10.4004
 0.51296 10.4908
 0.51308 10.5553
 0.5132 10.5838
 0.51332 10.5652
 0.51344 10.4886
 0.51356 10.3487
 0.51368 10.1496
 0.5138 9.89923
 0.51392 9.60453
 0.51404 9.27159
 0.51416 8.90537
 0.51428 8.51076
 0.5144 8.09203
 0.51452 7.65152
 0.51464 7.19152
 0.51476 6.71448
 0.51488 6.22295
 0.515 5.72293
 0.51512 5.22577
 0.51524 4.74438
 0.51536 4.29189
 0.51548 3.87961
 0.5156 3.5114
 0.51572 3.18577
 0.51584 2.89997
 0.51596 2.64918
 0.51608 2.42718
 0.5162 2.22872
 0.51632 2.04788
 0.51644 1.88053
 0.51656 1.72495
 0.51668 1.5792
 0.5168 1.44125
 0.51692 1.30706
 0.51704 1.1703
 0.51716 1.02348
 0.51728 0.860356
 0.5174 0.675903
 0.51752 0.46831
 0.51764 0.239238
 0.51776 -0.00876325
 0.51788 -0.272714
 0.518 -0.546504
 0.51812 -0.823105
 0.51824 -1.09522
 0.51836 -1.35421
 0.51848 -1.59412
 0.5186 -1.80967
 0.51872 -1.99436
 0.51884 -2.14146
 0.51896 -2.24328
 0.51908 -2.29534
 0.5192 -2.29467
 0.51932 -2.24087
 0.51944 -2.13552
 0.51956 -1.98382
 0.51968 -1.7924
 0.5198 -1.56737
 0.51992 -1.31248
 0.52004 -1.03037
 0.52016 -0.725308
 0.52028 -0.402528
 0.5204 -0.0673282
 0.52052 0.277095
 0.52064 0.625163
 0.52076 0.970046
 0.52088 1.30485
 0.521 1.62464
 0.52112 1.92726
 0.52124 2.21079
 0.52136 2.4719
 0.52148 2.7076
 0.5216 2.91934
 0.52172 3.11117
 0.52184 3.28553
 0.52196 3.43853
 0.52208 3.56497
 0.5222 3.66207
 0.52232 3.72537
 0.52244 3.74882
 0.52256 3.72581
 0.52268 3.65196
 0.5228 3.52325
 0.52292 3.33524
 0.52304 3.08193
 0.52316 2.75988
 0.52328 2.36853
 0.5234 1.91425
 0.52352 1.40582
 0.52364 0.84696
 0.52376 0.239641
 0.52388 -0.412502
 0.524 -1.10201
 0.52412 -1.82288
 0.52424 -2.56852
 0.52436 -3.32855
 0.52448 -4.09124
 0.5246 -4.84254
 0.52472 -5.56837
 0.52484 -6.25477
 0.52496 -6.88728
 0.52508 -7.45251
 0.5252 -7.94279
 0.52532 -8.35384
 0.52544 -8.68769
 0.52556 -8.94883
 0.52568 -9.13887
 0.5258 -9.26029
 0.52592 -9.31537
 0.52604 -9.30577
 0.52616 -9.23247
 0.52628 -9.09895
 0.5264 -8.9094
 0.52652 -8.66934
 0.52664 -8.3867
 0.52676 -8.06839
 0.52688 -7.72077
 0.527 -7.35008
 0.52712 -6.96012
 0.52724 -6.55134
 0.52736 -6.12291
 0.52748 -5.67144
 0.5276 -5.19376
 0.52772 -4.68678
 0.52784 -4.1453
 0.52796 -3.56567
 0.52808 -2.94627
 0.5282 -2.28654
 0.52832 -1.58631
 0.52844 -0.847364
 0.52856 -0.0719067
 0.52868 0.734987
 0.5288 1.56529
 0.52892 2.41054
 0.52904 3.26136
 0.52916 4.10702
 0.52928 4.93633
 0.5294 5.73687
 0.52952 6.49596
 0.52964 7.20449
 0.52976 7.85368
 0.52988 8.43245
 0.53 8.93227
 0.53012 9.34717
 0.53024 9.67439
 0.53036 9.91269
 0.53048 10.0624
 0.5306 10.1262
 0.53072 10.1112
 0.53084 10.0267
 0.53096 9.8817
 0.53108 9.68672
 0.5312 9.45303
 0.53132 9.1912
 0.53144 8.9138
 0.53156 8.63177
 0.53168 8.34946
 0.5318 8.07173
 0.53192 7.8065
 0.53204 7.55955
 0.53216 7.33427
 0.53228 7.13292
 0.5324 6.95759
 0.53252 6.81002
 0.53264 6.6924
 0.53276 6.60712
 0.53288 6.55681
 0.533 6.54384
 0.53312 6.56821
 0.53324 6.62999
 0.53336 6.73051
 0.53348 6.87002
 0.5336 7.05236
 0.53372 7.28574
 0.53384 7.57493
 0.53396 7.91862
 0.53408 8.31714
 0.5342 8.77119
 0.53432 9.2802
 0.53444 9.84334
 0.53456 10.4587
 0.53468 11.1191
 0.5348 11.8099
 0.53492 12.5164
 0.53504 13.2247
 0.53516 13.9218
 0.53528 14.5948
 0.5354 15.2307
 0.53552 15.8163
 0.53564 16.3363
 0.53576 16.7737
 0.53588 17.1184
 0.536 17.3662
 0.53612 17.5112
 0.53624 17.5479
 0.53636 17.4714
 0.53648 17.2776
 0.5366 16.9642
 0.53672 16.5397
 0.53684 16.0208
 0.53696 15.424
 0.53708 14.7671
 0.5372 14.0685
 0.53732 13.3441
 0.53744 12.6084
 0.53756 11.8764
 0.53768 11.1645
 0.5378 10.49
 0.53792 9.86421
 0.53804 9.2961
 0.53816 8.79568
 0.53828 8.37294
 0.5384 8.03814
 0.53852 7.80111
 0.53864 7.66743
 0.53876 7.63154
 0.53888 7.68455
 0.539 7.81635
 0.53912 8.01383
 0.53924 8.26386
 0.53936 8.55583
 0.53948 8.87996
 0.5396 9.22448
 0.53972 9.57545
 0.53984 9.91872
 0.53996 10.2421
 0.54008 10.5347
 0.5402 10.788
 0.54032 10.9922
 0.54044 11.1353
 0.54056 11.2064
 0.54068 11.2007
 0.5408 11.119
 0.54092 10.963
 0.54104 10.7366
 0.54116 10.445
 0.54128 10.0945
 0.5414 9.69118
 0.54152 9.2414
 0.54164 8.75463
 0.54176 8.24164
 0.54188 7.71384
 0.542 7.18156
 0.54212 6.65248
 0.54224 6.13051
 0.54236 5.6231
 0.54248 5.13993
 0.5426 4.68925
 0.54272 4.27514
 0.54284 3.90063
 0.54296 3.5682
 0.54308 3.27984
 0.5432 3.03729
 0.54332 2.84043
 0.54344 2.6895
 0.54356 2.58551
 0.54368 2.52787
 0.5438 2.51529
 0.54392 2.54568
 0.54404 2.61741
 0.54416 2.73016
 0.54428 2.88516
 0.5444 3.08017
 0.54452 3.31235
 0.54464 3.57972
 0.54476 3.8808
 0.54488 4.21099
 0.545 4.56562
 0.54512 4.93838
 0.54524 5.32246
 0.54536 5.71136
 0.54548 6.09597
 0.5456 6.46558
 0.54572 6.80926
 0.54584 7.11674
 0.54596 7.37863
 0.54608 7.58956
 0.5462 7.74537
 0.54632 7.84228
 0.54644 7.87781
 0.54656 7.84931
 0.54668 7.75332
 0.5468 7.58876
 0.54692 7.35839
 0.54704 7.06577
 0.54716 6.7174
 0.54728 6.32164
 0.5474 5.88774
 0.54752 5.42773
 0.54764 4.95548
 0.54776 4.48588
 0.54788 4.03362
 0.548 3.61017
 0.54812 3.22127
 0.54824 2.87146
 0.54836 2.56469
 0.54848 2.30511
 0.5486 2.09792
 0.54872 1.95034
 0.54884 1.86719
 0.54896 1.85342
 0.54908 1.91315
 0.5492 2.04713
 0.54932 2.25416
 0.54944 2.53202
 0.54956 2.8768
 0.54968 3.2822
 0.5498 3.74143
 0.54992 4.24796
 0.55004 4.79813
 0.55016 5.38886
 0.55028 6.01685
 0.5504 6.67887
 0.55052 7.36899
 0.55064 8.07739
 0.55076 8.79254
 0.55088 9.50253
 0.551 10.1909
 0.55112 10.8417
 0.55124 11.4412
 0.55136 11.977
 0.55148 12.4366
 0.5516 12.8081
 0.55172 13.08
 0.55184 13.2405
 0.55196 13.2786
 0.55208 13.1851
 0.5522 12.9541
 0.55232 12.5797
 0.55244 12.0573
 0.55256 11.3895
 0.55268 10.5843
 0.5528 9.65001
 0.55292 8.59738
 0.55304 7.4422
 0.55316 6.20043
 0.55328 4.88667
 0.5534 3.51496
 0.55352 2.10174
 0.55364 0.664599
 0.55376 -0.77854
 0.55388 -2.21053
 0.554 -3.61658
 0.55412 -4.98465
 0.55424 -6.30144
 0.55436 -7.55315
 0.55448 -8.72749
 0.5546 -9.82122
 0.55472 -10.8346
 0.55484 -11.7655
 0.55496 -12.6125
 0.55508 -13.376
 0.5552 -14.0549
 0.55532 -14.6454
 0.55544 -15.1451
 0.55556 -15.5534
 0.55568 -15.8678
 0.5558 -16.0831
 0.55592 -16.1936
 0.55604 -16.1923
 0.55616 -16.0737
 0.55628 -15.8368
 0.5564 -15.4808
 0.55652 -15.0051
 0.55664 -14.4049
 0.55676 -13.676
 0.55688 -12.8214
 0.557 -11.8469
 0.55712 -10.7613
 0.55724 -9.58137
 0.55736 -8.32607
 0.55748 -7.01331
 0.5576 -5.66418
 0.55772 -4.30558
 0.55784 -2.96782
 0.55796 -1.67933
 0.55808 -0.469466
 0.5582 0.632145
 0.55832 1.59769
 0.55844 2.39872
 0.55856 3.01175
 0.55868 3.41568
 0.5588 3.59488
 0.55892 3.54453
 0.55904 3.26563
 0.55916 2.76786
 0.55928 2.0707
 0.5594 1.19462
 0.55952 0.161107
 0.55964 -1.00336
 0.55976 -2.26716
 0.55988 -3.59779
 0.56 -4.96398
 0.56012 -6.3301
 0.56024 -7.65598
 0.56036 -8.89925
 0.56048 -10.0192
 0.5606 -10.9832
 0.56072 -11.7622
 0.56084 -12.3359
 0.56096 -12.6943
 0.56108 -12.8343
 0.5612 -12.7606
 0.56132 -12.4834
 0.56144 -12.013
 0.56156 -11.3623
 0.56168 -10.5468
 0.5618 -9.58489
 0.56192 -8.49522
 0.56204 -7.29674
 0.56216 -6.01373
 0.56228 -4.67495
 0.5624 -3.31275
 0.56252 -1.95461
 0.56264 -0.623498
 0.56276 0.659651
 0.56288 1.88162
 0.563 3.035
 0.56312 4.11598
 0.56324 5.12525
 0.56336 6.06333
 0.56348 6.93127
 0.5636 7.73152
 0.56372 8.46819
 0.56384 9.14614
 0.56396 9.77054
 0.56408 10.3457
 0.5642 10.8781
 0.56432 11.3759
 0.56444 11.8472
 0.56456 12.2951
 0.56468 12.7223
 0.5648 13.1295
 0.56492 13.5133
 0.56504 13.8686
 0.56516 14.1873
 0.56528 14.459
 0.5654 14.6764
 0.56552 14.8322
 0.56564 14.9184
 0.56576 14.927
 0.56588 14.8498
 0.566 14.6815
 0.56612 14.4211
 0.56624 14.0698
 0.56636 13.6295
 0.56648 13.107
 0.5666 12.5115
 0.56672 11.8514
 0.56684 11.1373
 0.56696 10.3826
 0.56708 9.60295
 0.5672 8.81667
 0.56732 8.04318
 0.56744 7.3004
 0.56756 6.60643
 0.56768 5.97972
 0.5678 5.4386
 0.56792 4.99916
 0.56804 4.66896
 0.56816 4.44951
 0.56828 4.33987
 0.5684 4.33897
 0.56852 4.44301
 0.56864 4.64772
 0.56876 4.94997
 0.56888 5.34471
 0.569 5.8219
 0.56912 6.36854
 0.56924 6.97182
 0.56936 7.61678
 0.56948 8.28661
 0.5696 8.96245
 0.56972 9.62468
 0.56984 10.2552
 0.56996 10.8415
 0.57008 11.379
 0.5702 11.8665
 0.57032 12.3019
 0.57044 12.6805
 0.57056 12.9994
 0.57068 13.2548
 0.5708 13.4413
 0.57092 13.5558
 0.57104 13.6034
 0.57116 13.5894
 0.57128 13.5175
 0.5714 13.3946
 0.57152 13.2312
 0.57164 13.0407
 0.57176 12.8364
 0.57188 12.6254
 0.572 12.411
 0.57212 12.1941
 0.57224 11.9751
 0.57236 11.7553
 0.57248 11.5342
 0.5726 11.3097
 0.57272 11.0838
 0.57284 10.8604
 0.57296 10.6385
 0.57308 10.4107
 0.5732 10.1706
 0.57332 9.91284
 0.57344 9.62974
 0.57356 9.31107
 0.57368 8.94525
 0.5738 8.52396
 0.57392 8.04681
 0.57404 7.51425
 0.57416 6.92805
 0.57428 6.2914
 0.5744 5.61437
 0.57452 4.91353
 0.57464 4.20404
 0.57476 3.49479
 0.57488 2.79486
 0.575 2.11817
 0.57512 1.48191
 0.57524 0.901495
 0.57536 0.389946
 0.57548 -0.0402173
 0.5756 -0.375885
 0.57572 -0.604214
 0.57584 -0.716191
 0.57596 -0.705862
 0.57608 -0.570465
 0.5762 -0.312011
 0.57632 0.0619061
 0.57644 0.529261
 0.57656 1.06372
 0.57668 1.64152
 0.5768 2.24181
 0.57692 2.8422
 0.57704 3.41808
 0.57716 3.94645
 0.57728 4.41033
 0.5774 4.79841
 0.57752 5.10108
 0.57764 5.30921
 0.57776 5.41403
 0.57788 5.40573
 0.578 5.27267
 0.57812 5.00947
 0.57824 4.61693
 0.57836 4.10363
 0.57848 3.48974
 0.5786 2.79681
 0.57872 2.04614
 0.57884 1.26003
 0.57896 0.462027
 0.57908 -0.324384
 0.5792 -1.08177
 0.57932 -1.79939
 0.57944 -2.47141
 0.57956 -3.09399
 0.57968 -3.66435
 0.5798 -4.17925
 0.57992 -4.6303
 0.58004 -5.00733
 0.58016 -5.30419
 0.58028 -5.51718
 0.5804 -5.64777
 0.58052 -5.70144
 0.58064 -5.68386
 0.58076 -5.60241
 0.58088 -5.46779
 0.581 -5.29227
 0.58112 -5.08781
 0.58124 -4.86426
 0.58136 -4.62794
 0.58148 -4.38326
 0.5816 -4.13238
 0.58172 -3.87674
 0.58184 -3.61799
 0.58196 -3.36051
 0.58208 -3.10882
 0.5822 -2.86743
 0.58232 -2.64108
 0.58244 -2.43366
 0.58256 -2.25081
 0.58268 -2.09827
 0.5828 -1.97966
 0.58292 -1.89407
 0.58304 -1.84018
 0.58316 -1.81523
 0.58328 -1.81832
 0.5834 -1.851
 0.58352 -1.91373
 0.58364 -2.0081
 0.58376 -2.13656
 0.58388 -2.30233
 0.584 -2.50911
 0.58412 -2.76206
 0.58424 -3.06637
 0.58436 -3.42688
 0.58448 -3.84565
 0.5846 -4.32194
 0.58472 -4.85579
 0.58484 -5.44915
 0.58496 -6.10626
 0.58508 -6.83017
 0.5852 -7.62256
 0.58532 -8.47226
 0.58544 -9.3683
 0.58556 -10.3026
 0.58568 -11.2664
 0.5858 -12.2486
 0.58592 -13.2377
 0.58604 -14.22
 0.58616 -15.1786
 0.58628 -16.096
 0.5864 -16.9554
 0.58652 -17.7449
 0.58664 -18.4531
 0.58676 -19.0669
 0.58688 -19.5743
 0.587 -19.9634
 0.58712 -20.2235
 0.58724 -20.354
 0.58736 -20.3695
 0.58748 -20.2806
 0.5876 -20.0949
 0.58772 -19.8219
 0.58784 -19.4737
 0.58796 -19.0663
 0.58808 -18.6198
 0.5882 -18.1559
 0.58832 -17.6957
 0.58844 -17.2562
 0.58856 -16.8441
 0.58868 -16.4674
 0.5888 -16.1306
 0.58892 -15.8331
 0.58904 -15.5738
 0.58916 -15.3506
 0.58928 -15.1505
 0.5894 -14.9569
 0.58952 -14.7586
 0.58964 -14.5455
 0.58976 -14.3052
 0.58988 -14.0222
 0.59 -13.6744
 0.59012 -13.2379
 0.59024 -12.6896
 0.59036 -12.0112
 0.59048 -11.1948
 0.5906 -10.2447
 0.59072 -9.16687
 0.59084 -7.97746
 0.59096 -6.69608
 0.59108 -5.34223
 0.5912 -3.93607
 0.59132 -2.49972
 0.59144 -1.05143
 0.59156 0.392345
 0.59168 1.81257
 0.5918 3.18915
 0.59192 4.50055
 0.59204 5.72482
 0.59216 6.84064
 0.59228 7.83062
 0.5924 8.68412
 0.59252 9.39827
 0.59264 9.97783
 0.59276 10.4317
 0.59288 10.7752
 0.593 11.0233
 0.59312 11.1914
 0.59324 11.2944
 0.59336 11.3452
 0.59348 11.3546
 0.5936 11.3372
 0.59372 11.3101
 0.59384 11.2902
 0.59396 11.2909
 0.59408 11.322
 0.5942 11.3921
 0.59432 11.5047
 0.59444 11.6624
 0.59456 11.8676
 0.59468 12.1196
 0.5948 12.4161
 0.59492 12.753
 0.59504 13.1264
 0.59516 13.531
 0.59528 13.9599
 0.5954 14.4076
 0.59552 14.867
 0.59564 15.3276
 0.59576 15.7781
 0.59588 16.2082
 0.596 16.6123
 0.59612 16.9862
 0.59624 17.3271
 0.59636 17.6342
 0.59648 17.9029
 0.5966 18.127
 0.59672 18.3002
 0.59684 18.4173
 0.59696 18.4754
 0.59708 18.4708
 0.5972 18.4038
 0.59732 18.2764
 0.59744 18.0904
 0.59756 17.8494
 0.59768 17.5589
 0.5978 17.2233
 0.59792 16.8446
 0.59804 16.4222
 0.59816 15.9552
 0.59828 15.4426
 0.5984 14.8834
 0.59852 14.2807
 0.59864 13.6391
 0.59876 12.9637
 0.59888 12.258
 0.599 11.5246
 0.59912 10.768
 0.59924 9.99006
 0.59936 9.19242
 0.59948 8.37682
 0.5996 7.54343
 0.59972 6.69292
 0.59984 5.83021
 0.59996 4.96412
 0.60008 4.10464
 0.6002 3.2624
 0.60032 2.44857
 0.60044 1.67173
 0.60056 0.93788
 0.60068 0.252403
 0.6008 -0.379635
 0.60092 -0.952657
 0.60104 -1.46127
 0.60116 -1.90086
 0.60128 -2.26657
 0.6014 -2.55392
 0.60152 -2.75835
 0.60164 -2.87465
 0.60176 -2.9014
 0.60188 -2.84273
 0.602 -2.7046
 0.60212 -2.49361
 0.60224 -2.21959
 0.60236 -1.89185
 0.60248 -1.51631
 0.6026 -1.09791
 0.60272 -0.641504
 0.60284 -0.152023
 0.60296 0.365296
 0.60308 0.901638
 0.6032 1.4466
 0.60332 1.98968
 0.60344 2.52017
 0.60356 3.02727
 0.60368 3.5001
 0.6038 3.93217
 0.60392 4.31937
 0.60404 4.65672
 0.60416 4.94131
 0.60428 5.17337
 0.6044 5.35028
 0.60452 5.46655
 0.60464 5.51576
 0.60476 5.49149
 0.60488 5.3878
 0.605 5.20074
 0.60512 4.93225
 0.60524 4.58606
 0.60536 4.16744
 0.60548 3.68326
 0.6056 3.14105
 0.60572 2.54831
 0.60584 1.91143
 0.60596 1.23726
 0.60608 0.533
 0.6062 -0.195584
 0.60632 -0.941508
 0.60644 -1.69303
 0.60656 -2.43591
 0.60668 -3.15358
 0.6068 -3.82957
 0.60692 -4.44877
 0.60704 -4.99747
 0.60716 -5.46386
 0.60728 -5.83772
 0.6074 -6.11152
 0.60752 -6.28169
 0.60764 -6.34576
 0.60776 -6.30232
 0.60788 -6.1522
 0.608 -5.89604
 0.60812 -5.53437
 0.60824 -5.07036
 0.60836 -4.51146
 0.60848 -3.86912
 0.6086 -3.15695
 0.60872 -2.39172
 0.60884 -1.5895
 0.60896 -0.764627
 0.60908 0.0664712
 0.6092 0.886395
 0.60932 1.67773
 0.60944 2.42555
 0.60956 3.12027
 0.60968 3.75441
 0.6098 4.32403
 0.60992 4.82542
 0.61004 5.25484
 0.61016 5.61031
 0.61028 5.89476
 0.6104 6.114
 0.61052 6.27542
 0.61064 6.38757
 0.61076 6.46072
 0.61088 6.50541
 0.611 6.53125
 0.61112 6.54943
 0.61124 6.57351
 0.61136 6.61919
 0.61148 6.69953
 0.6116 6.82127
 0.61172 6.98498
 0.61184 7.18887
 0.61196 7.43373
 0.61208 7.71867
 0.6122 8.03987
 0.61232 8.38948
 0.61244 8.75969
 0.61256 9.14287
 0.61268 9.53313
 0.6128 9.92346
 0.61292 10.3046
 0.61304 10.6672
 0.61316 11.0018
 0.61328 11.2958
 0.6134 11.5346
 0.61352 11.7075
 0.61364 11.8115
 0.61376 11.8491
 0.61388 11.8213
 0.614 11.7264
 0.61412 11.5627
 0.61424 11.3325
 0.61436 11.0386
 0.61448 10.681
 0.6146 10.2588
 0.61472 9.76837
 0.61484 9.20725
 0.61496 8.57733
 0.61508 7.88381
 0.6152 7.13288
 0.61532 6.33236
 0.61544 5.49036
 0.61556 4.61146
 0.61568 3.69834
 0.6158 2.75612
 0.61592 1.79303
 0.61604 0.820684
 0.61616 -0.149277
 0.61628 -1.10746
 0.6164 -2.04042
 0.61652 -2.93233
 0.61664 -3.7687
 0.61676 -4.53423
 0.61688 -5.21449
 0.617 -5.80275
 0.61712 -6.29893
 0.61724 -6.70272
 0.61736 -7.01142
 0.61748 -7.22185
 0.6176 -7.33104
 0.61772 -7.34249
 0.61784 -7.26528
 0.61796 -7.11087
 0.61808 -6.89281
 0.6182 -6.62517
 0.61832 -6.32263
 0.61844 -6.00331
 0.61856 -5.68497
 0.61868 -5.38092
 0.6188 -5.10533
 0.61892 -4.86969
 0.61904 -4.67638
 0.61916 -4.52168
 0.61928 -4.40613
 0.6194 -4.33373
 0.61952 -4.30846
 0.61964 -4.33134
 0.61976 -4.39722
 0.61988 -4.4986
 0.62 -4.62711
 0.62012 -4.77148
 0.62024 -4.91829
 0.62036 -5.05349
 0.62048 -5.16252
 0.6206 -5.23272
 0.62072 -5.25305
 0.62084 -5.2111
 0.62096 -5.09951
 0.62108 -4.91793
 0.6212 -4.66998
 0.62132 -4.3578
 0.62144 -3.98279
 0.62156 -3.54736
 0.62168 -3.05727
 0.6218 -2.5193
 0.62192 -1.94044
 0.62204 -1.32902
 0.62216 -0.69949
 0.62228 -0.0681189
 0.6224 0.549069
 0.62252 1.13715
 0.62264 1.68284
 0.62276 2.17004
 0.62288 2.58179
 0.623 2.90552
 0.62312 3.13452
 0.62324 3.26879
 0.62336 3.31178
 0.62348 3.26707
 0.6236 3.14068
 0.62372 2.9395
 0.62384 2.66834
 0.62396 2.33212
 0.62408 1.93935
 0.6242 1.50575
 0.62432 1.04759
 0.62444 0.580182
 0.62456 0.11493
 0.62468 -0.33946
 0.6248 -0.770359
 0.62492 -1.16496
 0.62504 -1.5128
 0.62516 -1.81041
 0.62528 -2.05991
 0.6254 -2.26377
 0.62552 -2.42518
 0.62564 -2.54951
 0.62576 -2.63967
 0.62588 -2.6971
 0.626 -2.72334
 0.62612 -2.72514
 0.62624 -2.71434
 0.62636 -2.70262
 0.62648 -2.69924
 0.6266 -2.7069
 0.62672 -2.72555
 0.62684 -2.75741
 0.62696 -2.80379
 0.62708 -2.86532
 0.6272 -2.94005
 0.62732 -3.02878
 0.62744 -3.13217
 0.62756 -3.24877
 0.62768 -3.3753
 0.6278 -3.50898
 0.62792 -3.64707
 0.62804 -3.78811
 0.62816 -3.92659
 0.62828 -4.05491
 0.6284 -4.16594
 0.62852 -4.25488
 0.62864 -4.32141
 0.62876 -4.36576
 0.62888 -4.38798
 0.629 -4.38951
 0.62912 -4.36951
 0.62924 -4.32318
 0.62936 -4.24297
 0.62948 -4.12492
 0.6296 -3.96787
 0.62972 -3.77373
 0.62984 -3.5466
 0.62996 -3.28909
 0.63008 -3.00348
 0.6302 -2.69501
 0.63032 -2.37042
 0.63044 -2.03572
 0.63056 -1.69758
 0.63068 -1.36208
 0.6308 -1.03578
 0.63092 -0.725361
 0.63104 -0.437495
 0.63116 -0.182376
 0.63128 0.0264778
 0.6314 0.17697
 0.63152 0.259577
 0.63164 0.267258
 0.63176 0.19568
 0.63188 0.0411135
 0.632 -0.199342
 0.63212 -0.523647
 0.63224 -0.925067
 0.63236 -1.39614
 0.63248 -1.92895
 0.6326 -2.51195
 0.63272 -3.13262
 0.63284 -3.77806
 0.63296 -4.43281
 0.63308 -5.08064
 0.6332 -5.70374
 0.63332 -6.28493
 0.63344 -6.80769
 0.63356 -7.25692
 0.63368 -7.6196
 0.6338 -7.88418
 0.63392 -8.03909
 0.63404 -8.07989
 0.63416 -8.00972
 0.63428 -7.83629
 0.6344 -7.56681
 0.63452 -7.21054
 0.63464 -6.78234
 0.63476 -6.299
 0.63488 -5.77849
 0.635 -5.24206
 0.63512 -4.71122
 0.63524 -4.20525
 0.63536 -3.73795
 0.63548 -3.3225
 0.6356 -2.96914
 0.63572 -2.68508
 0.63584 -2.47601
 0.63596 -2.34604
 0.63608 -2.29234
 0.6362 -2.30591
 0.63632 -2.37537
 0.63644 -2.49044
 0.63656 -2.63871
 0.63668 -2.80096
 0.6368 -2.95622
 0.63692 -3.08201
 0.63704 -3.15473
 0.63716 -3.15158
 0.63728 -3.05705
 0.6374 -2.8647
 0.63752 -2.57094
 0.63764 -2.17696
 0.63776 -1.68872
 0.63788 -1.11588
 0.638 -0.469976
 0.63812 0.233882
 0.63824 0.975581
 0.63836 1.73434
 0.63848 2.49078
 0.6386 3.22376
 0.63872 3.9075
 0.63884 4.51529
 0.63896 5.01984
 0.63908 5.39486
 0.6392 5.61594
 0.63932 5.66623
 0.63944 5.53627
 0.63956 5.22194
 0.63968 4.72375
 0.6398 4.04936
 0.63992 3.21294
 0.64004 2.23077
 0.64016 1.12207
 0.64028 -0.0914428
 0.6404 -1.38862
 0.64052 -2.74892
 0.64064 -4.15046
 0.64076 -5.56866
 0.64088 -6.97676
 0.641 -8.34799
 0.64112 -9.65742
 0.64124 -10.8796
 0.64136 -11.9907
 0.64148 -12.9722
 0.6416 -13.8101
 0.64172 -14.4933
 0.64184 -15.0177
 0.64196 -15.3858
 0.64208 -15.6017
 0.6422 -15.6698
 0.64232 -15.5917
 0.64244 -15.3683
 0.64256 -15.0006
 0.64268 -14.4915
 0.6428 -13.8485
 0.64292 -13.0812
 0.64304 -12.1986
 0.64316 -11.2098
 0.64328 -10.1282
 0.6434 -8.96839
 0.64352 -7.74164
 0.64364 -6.4581
 0.64376 -5.12859
 0.64388 -3.76058
 0.644 -2.35864
 0.64412 -0.929735
 0.64424 0.513085
 0.64436 1.95262
 0.64448 3.37201
 0.6446 4.75483
 0.64472 6.08644
 0.64484 7.35533
 0.64496 8.54635
 0.64508 9.64398
 0.6452 10.6349
 0.64532 11.5089
 0.64544 12.2559
 0.64556 12.8643
 0.64568 13.3235
 0.6458 13.6274
 0.64592 13.7687
 0.64604 13.7415
 0.64616 13.548
 0.64628 13.1977
 0.6464 12.6995
 0.64652 12.0615
 0.64664 11.291
 0.64676 10.3976
 0.64688 9.3961
 0.647 8.30818
 0.64712 7.15495
 0.64724 5.95647
 0.64736 4.73257
 0.64748 3.50454
 0.6476 2.29783
 0.64772 1.13464
 0.64784 0.0342991
 0.64796 -0.983252
 0.64808 -1.90234
 0.6482 -2.71643
 0.64832 -3.42027
 0.64844 -4.00488
 0.64856 -4.45859
 0.64868 -4.77003
 0.6488 -4.93525
 0.64892 -4.95926
 0.64904 -4.85055
 0.64916 -4.6175
 0.64928 -4.26885
 0.6494 -3.81496
 0.64952 -3.27016
 0.64964 -2.65313
 0.64976 -1.97745
 0.64988 -1.25608
 0.65 -0.501393
 0.65012 0.280613
 0.65024 1.0889
 0.65036 1.91884
 0.65048 2.76002
 0.6506 3.59739
 0.65072 4.41871
 0.65084 5.21967
 0.65096 6.00154
 0.65108 6.76638
 0.6512 7.5165
 0.65132 8.2545
 0.65144 8.98495
 0.65156 9.7157
 0.65168 10.4527
 0.6518 11.1959
 0.65192 11.9448
 0.65204 12.6945
 0.65216 13.4331
 0.65228 14.1492
 0.6524 14.838
 0.65252 15.5002
 0.65264 16.1396
 0.65276 16.7544
 0.65288 17.3369
 0.653 17.8774
 0.65312 18.3659
 0.65324 18.7927
 0.65336 19.1499
 0.65348 19.4291
 0.6536 19.6219
 0.65372 19.7254
 0.65384 19.7403
 0.65396 19.6696
 0.65408 19.5237
 0.6542 19.3155
 0.65432 19.0507
 0.65444 18.7299
 0.65456 18.3504
 0.65468 17.9097
 0.6548 17.4118
 0.65492 16.8627
 0.65504 16.2687
 0.65516 15.6385
 0.65528 14.9794
 0.6554 14.2968
 0.65552 13.5957
 0.65564 12.8809
 0.65576 12.1549
 0.65588 11.4186
 0.656 10.6682
 0.65612 9.8956
 0.65624 9.0968
 0.65636 8.27604
 0.65648 7.44125
 0.6566 6.60197
 0.65672 5.76705
 0.65684 4.94321
 0.65696 4.13716
 0.65708 3.35613
 0.6572 2.60362
 0.65732 1.88377
 0.65744 1.2014
 0.65756 0.561895
 0.65768 -0.0303939
 0.6578 -0.571358
 0.65792 -1.05326
 0.65804 -1.46428
 0.65816 -1.79152
 0.65828 -2.02641
 0.6584 -2.16478
 0.65852 -2.20603
 0.65864 -2.15023
 0.65876 -1.99775
 0.65888 -1.74792
 0.659 -1.40109
 0.65912 -0.960053
 0.65924 -0.427522
 0.65936 0.193684
 0.65948 0.899203
 0.6596 1.68386
 0.65972 2.54282
 0.65984 3.46986
 0.65996 4.45398
 0.66008 5.48112
 0.6602 6.53568
 0.66032 7.60281
 0.66044 8.66891
 0.66056 9.72099
 0.66068 10.745
 0.6608 11.7239
 0.66092 12.6367
 0.66104 13.4645
 0.66116 14.1926
 0.66128 14.8088
 0.6614 15.3014
 0.66152 15.6606
 0.66164 15.8766
 0.66176 15.9412
 0.66188 15.8501
 0.662 15.6026
 0.66212 15.2008
 0.66224 14.6465
 0.66236 13.9419
 0.66248 13.0905
 0.6626 12.099
 0.66272 10.9776
 0.66284 9.74326
 0.66296 8.41665
 0.66308 7.01711
 0.6632 5.56265
 0.66332 4.07068
 0.66344 2.55811
 0.66356 1.04263
 0.66368 -0.458254
 0.6638 -1.92977
 0.66392 -3.36178
 0.66404 -4.74614
 0.66416 -6.07321
 0.66428 -7.32693
 0.6644 -8.49205
 0.66452 -9.55516
 0.66464 -10.5075
 0.66476 -11.3437
 0.66488 -12.0625
 0.665 -12.6619
 0.66512 -13.1392
 0.66524 -13.4938
 0.66536 -13.7253
 0.66548 -13.8335
 0.6656 -13.8212
 0.66572 -13.6921
 0.66584 -13.4483
 0.66596 -13.0884
 0.66608 -12.6104
 0.6662 -12.0216
 0.66632 -11.3377
 0.66644 -10.5741
 0.66656 -9.74484
 0.66668 -8.86152
 0.6668 -7.93612
 0.66692 -6.98161
 0.66704 -6.01722
 0.66716 -5.06298
 0.66728 -4.13779
 0.6674 -3.26055
 0.66752 -2.44904
 0.66764 -1.7148
 0.66776 -1.06564
 0.66788 -0.511918
 0.668 -0.0667232
 0.66812 0.257631
 0.66824 0.459823
 0.66836 0.543542
 0.66848 0.51293
 0.6686 0.372153
 0.66872 0.126401
 0.66884 -0.217991
 0.66896 -0.650813
 0.66908 -1.15489
 0.6692 -1.71255
 0.66932 -2.30621
 0.66944 -2.91833
 0.66956 -3.53421
 0.66968 -4.14807
 0.6698 -4.75364
 0.66992 -5.33801
 0.67004 -5.88778
 0.67016 -6.39117
 0.67028 -6.84136
 0.6704 -7.23309
 0.67052 -7.56459
 0.67064 -7.83618
 0.67076 -8.04862
 0.67088 -8.19995
 0.671 -8.29235
 0.67112 -8.33133
 0.67124 -8.32239
 0.67136 -8.2708
 0.67148 -8.18186
 0.6716 -8.05745
 0.67172 -7.89564
 0.67184 -7.7021
 0.67196 -7.48711
 0.67208 -7.25808
 0.6722 -7.02201
 0.67232 -6.78762
 0.67244 -6.5625
 0.67256 -6.34622
 0.67268 -6.13501
 0.6728 -5.92787
 0.67292 -5.72826
 0.67304 -5.53582
 0.67316 -5.3492
 0.67328 -5.16783
 0.6734 -4.99134
 0.67352 -4.81959
 0.67364 -4.65349
 0.67376 -4.4929
 0.67388 -4.33119
 0.674 -4.16394
 0.67412 -3.9892
 0.67424 -3.80263
 0.67436 -3.59438
 0.67448 -3.35763
 0.6746 -3.09641
 0.67472 -2.81802
 0.67484 -2.52569
 0.67496 -2.22133
 0.67508 -1.90979
 0.6752 -1.59583
 0.67532 -1.28319
 0.67544 -0.974914
 0.67556 -0.672411
 0.67568 -0.376492
 0.6758 -0.0885054
 0.67592 0.189234
 0.67604 0.457105
 0.67616 0.715013
 0.67628 0.956854
 0.6764 1.17315
 0.67652 1.35875
 0.67664 1.51824
 0.67676 1.65689
 0.67688 1.77538
 0.677 1.87464
 0.67712 1.95678
 0.67724 2.02279
 0.67736 2.07278
 0.67748 2.1031
 0.6776 2.10826
 0.67772 2.08167
 0.67784 2.01747
 0.67796 1.91029
 0.67808 1.75549
 0.6782 1.55236
 0.67832 1.30494
 0.67844 1.01691
 0.67856 0.688276
 0.67868 0.31556
 0.6788 -0.102146
 0.67892 -0.56103
 0.67904 -1.05741
 0.67916 -1.58776
 0.67928 -2.14593
 0.6794 -2.72167
 0.67952 -3.30023
 0.67964 -3.86635
 0.67976 -4.4066
 0.67988 -4.9091
 0.68 -5.36447
 0.68012 -5.76595
 0.68024 -6.11027
 0.68036 -6.3947
 0.68048 -6.61508
 0.6806 -6.76698
 0.68072 -6.84769
 0.68084 -6.85528
 0.68096 -6.78933
 0.68108 -6.64899
 0.6812 -6.43431
 0.68132 -6.14982
 0.68144 -5.80656
 0.68156 -5.41881
 0.68168 -4.99986
 0.6818 -4.56054
 0.68192 -4.11093
 0.68204 -3.65912
 0.68216 -3.21177
 0.68228 -2.77435
 0.6824 -2.35262
 0.68252 -1.95214
 0.68264 -1.57602
 0.68276 -1.2268
 0.68288 -0.910712
 0.683 -0.634242
 0.68312 -0.403871
 0.68324 -0.223853
 0.68336 -0.0946264
 0.68348 -0.0116253
 0.6836 0.0320381
 0.68372 0.042233
 0.68384 0.0239187
 0.68396 -0.0165108
 0.68408 -0.0718446
 0.6842 -0.135206
 0.68432 -0.202328
 0.68444 -0.269881
 0.68456 -0.336747
 0.68468 -0.403056
 0.6848 -0.466432
 0.68492 -0.522139
 0.68504 -0.565822
 0.68516 -0.594236
 0.68528 -0.606015
 0.6854 -0.601121
 0.68552 -0.582027
 0.68564 -0.551388
 0.68576 -0.510324
 0.68588 -0.459141
 0.686 -0.402402
 0.68612 -0.34592
 0.68624 -0.29545
 0.68636 -0.253239
 0.68648 -0.220992
 0.6866 -0.198943
 0.68672 -0.189162
 0.68684 -0.195823
 0.68696 -0.222035
 0.68708 -0.2704
 0.6872 -0.342475
 0.68732 -0.439698
 0.68744 -0.563502
 0.68756 -0.714946
 0.68768 -0.896536
 0.6878 -1.11242
 0.68792 -1.36602
 0.68804 -1.65784
 0.68816 -1.98696
 0.68828 -2.35155
 0.6884 -2.74933
 0.68852 -3.17734
 0.68864 -3.63205
 0.68876 -4.10468
 0.68888 -4.58557
 0.689 -5.0663
 0.68912 -5.53834
 0.68924 -5.99232
 0.68936 -6.41664
 0.68948 -6.79897
 0.6896 -7.12706
 0.68972 -7.38836
 0.68984 -7.57254
 0.68996 -7.67071
 0.69008 -7.67463
 0.6902 -7.57765
 0.69032 -7.3743
 0.69044 -7.06217
 0.69056 -6.6395
 0.69068 -6.10701
 0.6908 -5.47262
 0.69092 -4.7447
 0.69104 -3.9316
 0.69116 -3.04323
 0.69128 -2.09271
 0.6914 -1.09755
 0.69152 -0.0766056
 0.69164 0.951454
 0.69176 1.97058
 0.69188 2.96934
 0.692 3.93753
 0.69212 4.86541
 0.69224 5.74201
 0.69236 6.55627
 0.69248 7.29904
 0.6926 7.96002
 0.69272 8.53207
 0.69284 9.01286
 0.69296 9.40033
 0.69308 9.69339
 0.6932 9.89318
 0.69332 10.0034
 0.69344 10.0318
 0.69356 9.98962
 0.69368 9.8882
 0.6938 9.73602
 0.69392 9.53864
 0.69404 9.29806
 0.69416 9.01603
 0.69428 8.69701
 0.6944 8.34433
 0.69452 7.96157
 0.69464 7.55605
 0.69476 7.13317
 0.69488 6.69606
 0.695 6.24766
 0.69512 5.78986
 0.69524 5.32529
 0.69536 4.85957
 0.69548 4.39323
 0.6956 3.92156
 0.69572 3.43989
 0.69584 2.94352
 0.69596 2.43066
 0.69608 1.90401
 0.6962 1.36601
 0.69632 0.820672
 0.69644 0.275494
 0.69656 -0.263936
 0.69668 -0.79555
 0.6968 -1.31548
 0.69692 -1.81829
 0.69704 -2.29819
 0.69716 -2.75002
 0.69728 -3.1747
 0.6974 -3.57742
 0.69752 -3.95648
 0.69764 -4.30678
 0.69776 -4.62357
 0.69788 -4.90131
 0.698 -5.13665
 0.69812 -5.3264
 0.69824 -5.46767
 0.69836 -5.56173
 0.69848 -5.61206
 0.6986 -5.62217
 0.69872 -5.59511
 0.69884 -5.53617
 0.69896 -5.45246
 0.69908 -5.35171
 0.6992 -5.23887
 0.69932 -5.11256
 0.69944 -4.97084
 0.69956 -4.81592
 0.69968 -4.6509
 0.6998 -4.4767
 0.69992 -4.29409
 0.70004 -4.10623
 0.70016 -3.92075
 0.70028 -3.7452
 0.7004 -3.58714
 0.70052 -3.45223
 0.70064 -3.34384
 0.70076 -3.26403
 0.70088 -3.21261
 0.701 -3.18747
 0.70112 -3.18609
 0.70124 -3.20886
 0.70136 -3.25964
 0.70148 -3.34307
 0.7016 -3.46261
 0.70172 -3.62265
 0.70184 -3.83125
 0.70196 -4.09555
 0.70208 -4.41541
 0.7022 -4.78241
 0.70232 -5.18638
 0.70244 -5.61579
 0.70256 -6.06099
 0.70268 -6.51345
 0.7028 -6.965
 0.70292 -7.40824
 0.70304 -7.8369
 0.70316 -8.24444
 0.70328 -8.62188
 0.7034 -8.95487
 0.70352 -9.22778
 0.70364 -9.4254
 0.70376 -9.53031
 0.70388 -9.52313
 0.704 -9.38782
 0.70412 -9.12036
 0.70424 -8.72725
 0.70436 -8.21583
 0.70448 -7.59317
 0.7046 -6.8659
 0.70472 -6.04179
 0.70484 -5.1306
 0.70496 -4.14241
 0.70508 -3.08677
 0.7052 -1.97371
 0.70532 -0.817545
 0.70544 0.361151
 0.70556 1.54152
 0.70568 2.70194
 0.7058 3.81845
 0.70592 4.86668
 0.70604 5.82716
 0.70616 6.6921
 0.70628 7.46004
 0.7064 8.12838
 0.70652 8.69307
 0.70664 9.14965
 0.70676 9.49544
 0.70688 9.72946
 0.707 9.85005
 0.70712 9.85373
 0.70724 9.73652
 0.70736 9.49888
 0.70748 9.14523
 0.7076 8.68043
 0.70772 8.11126
 0.70784 7.44691
 0.70796 6.6961
 0.70808 5.86577
 0.7082 4.95886
 0.70832 3.97861
 0.70844 2.93005
 0.70856 1.82084
 0.70868 0.659705
 0.7088 -0.545646
 0.70892 -1.7886
 0.70904 -3.06104
 0.70916 -4.34831
 0.70928 -5.63405
 0.7094 -6.90356
 0.70952 -8.14303
 0.70964 -9.33884
 0.70976 -10.4785
 0.70988 -11.5499
 0.71 -12.5401
 0.71012 -13.4403
 0.71024 -14.2428
 0.71036 -14.9434
 0.71048 -15.5398
 0.7106 -16.0313
 0.71072 -16.4176
 0.71084 -16.6974
 0.71096 -16.8641
 0.71108 -16.9138
 0.7112 -16.8514
 0.71132 -16.6829
 0.71144 -16.4163
 0.71156 -16.0619
 0.71168 -15.6304
 0.7118 -15.1337
 0.71192 -14.5863
 0.71204 -14.0018
 0.71216 -13.3886
 0.71228 -12.7523
 0.7124 -12.0956
 0.71252 -11.4205
 0.71264 -10.7291
 0.71276 -10.0226
 0.71288 -9.30436
 0.713 -8.58589
 0.71312 -7.87517
 0.71324 -7.1762
 0.71336 -6.49214
 0.71348 -5.82326
 0.7136 -5.1674
 0.71372 -4.52357
 0.71384 -3.88845
 0.71396 -3.25586
 0.71408 -2.62401
 0.7142 -1.99679
 0.71432 -1.38052
 0.71444 -0.782681
 0.71456 -0.209384
 0.71468 0.333551
 0.7148 0.836153
 0.71492 1.29034
 0.71504 1.69198
 0.71516 2.03569
 0.71528 2.31556
 0.7154 2.52535
 0.71552 2.65849
 0.71564 2.70911
 0.71576 2.6746
 0.71588 2.55103
 0.716 2.33368
 0.71612 2.03013
 0.71624 1.65386
 0.71636 1.21881
 0.71648 0.738184
 0.7166 0.221691
 0.71672 -0.320137
 0.71684 -0.871616
 0.71696 -1.41573
 0.71708 -1.93578
 0.7172 -2.41452
 0.71732 -2.835
 0.71744 -3.18102
 0.71756 -3.4394
 0.71768 -3.59971
 0.7178 -3.65387
 0.71792 -3.59335
 0.71804 -3.41474
 0.71816 -3.13069
 0.71828 -2.75772
 0.7184 -2.31132
 0.71852 -1.80457
 0.71864 -1.24668
 0.71876 -0.647942
 0.71888 -0.0229798
 0.719 0.612139
 0.71912 1.24005
 0.71924 1.84217
 0.71936 2.40155
 0.71948 2.90311
 0.7196 3.33588
 0.71972 3.69037
 0.71984 3.95803
 0.71996 4.1309
 0.72008 4.20717
 0.7202 4.19675
 0.72032 4.11162
 0.72044 3.96241
 0.72056 3.7574
 0.72068 3.50318
 0.7208 3.20675
 0.72092 2.87719
 0.72104 2.52314
 0.72116 2.15668
 0.72128 1.78974
 0.7214 1.43234
 0.72152 1.09288
 0.72164 0.777835
 0.72176 0.493695
 0.72188 0.245903
 0.722 0.0411606
 0.72212 -0.116036
 0.72224 -0.229715
 0.72236 -0.304794
 0.72248 -0.34564
 0.7226 -0.355911
 0.72272 -0.338645
 0.72284 -0.29586
 0.72296 -0.229498
 0.72308 -0.142514
 0.7232 -0.0404985
 0.72332 0.0717792
 0.72344 0.189714
 0.72356 0.30916
 0.72368 0.426805
 0.7238 0.5371
 0.72392 0.633613
 0.72404 0.707121
 0.72416 0.753815
 0.72428 0.777887
 0.7244 0.78378
 0.72452 0.775847
 0.72464 0.758401
 0.72476 0.734466
 0.72488 0.705474
 0.725 0.673311
 0.72512 0.640996
 0.72524 0.612312
 0.72536 0.590275
 0.72548 0.578358
 0.7256 0.579361
 0.72572 0.595608
 0.72584 0.634122
 0.72596 0.703427
 0.72608 0.811997
 0.7262 0.956827
 0.72632 1.13052
 0.72644 1.32649
 0.72656 1.53821
 0.72668 1.7584
 0.7268 1.98147
 0.72692 2.2026
 0.72704 2.41684
 0.72716 2.61994
 0.72728 2.81025
 0.7274 2.98793
 0.72752 3.15211
 0.72764 3.30122
 0.72776 3.43269
 0.72788 3.54195
 0.728 3.62383
 0.72812 3.676
 0.72824 3.70382
 0.72836 3.71297
 0.72848 3.7071
 0.7286 3.69287
 0.72872 3.67837
 0.72884 3.66929
 0.72896 3.67097
 0.72908 3.68732
 0.7292 3.71909
 0.72932 3.76102
 0.72944 3.80759
 0.72956 3.85677
 0.72968 3.91063
 0.7298 3.97263
 0.72992 4.04606
 0.73004 4.13511
 0.73016 4.24235
 0.73028 4.36762
 0.7304 4.51155
 0.73052 4.67251
 0.73064 4.84347
 0.73076 5.01879
 0.73088 5.19533
 0.731 5.37064
 0.73112 5.54545
 0.73124 5.72593
 0.73136 5.92099
 0.73148 6.13726
 0.7316 6.37719
 0.73172 6.63727
 0.73184 6.91137
 0.73196 7.19275
 0.73208 7.47354
 0.7322 7.74781
 0.73232 8.0122
 0.73244 8.26626
 0.73256 8.51468
 0.73268 8.76209
 0.7328 9.01121
 0.73292 9.26316
 0.73304 9.51594
 0.73316 9.76262
 0.73328 9.99333
 0.7334 10.2004
 0.73352 10.3779
 0.73364 10.5226
 0.73376 10.6373
 0.73388 10.7273
 0.734 10.7983
 0.73412 10.8556
 0.73424 10.9007
 0.73436 10.9306
 0.73448 10.939
 0.7346 10.9218
 0.73472 10.877
 0.73484 10.7996
 0.73496 10.6871
 0.73508 10.5427
 0.7352 10.3732
 0.73532 10.1837
 0.73544 9.97657
 0.73556 9.75444
 0.73568 9.51815
 0.7358 9.26625
 0.73592 8.9979
 0.73604 8.71229
 0.73616 8.411
 0.73628 8.10022
 0.7364 7.78939
 0.73652 7.4854
 0.73664 7.18914
 0.73676 6.90606
 0.73688 6.64542
 0.737 6.41325
 0.73712 6.21017
 0.73724 6.03731
 0.73736 5.89892
 0.73748 5.79828
 0.7376 5.73831
 0.73772 5.7209
 0.73784 5.7447
 0.73796 5.80604
 0.73808 5.90073
 0.7382 6.02063
 0.73832 6.15461
 0.73844 6.29117
 0.73856 6.42291
 0.73868 6.54367
 0.7388 6.64226
 0.73892 6.70591
 0.73904 6.7249
 0.73916 6.69238
 0.73928 6.59438
 0.7394 6.42001
 0.73952 6.16152
 0.73964 5.81155
 0.73976 5.36634
 0.73988 4.82713
 0.74 4.19488
 0.74012 3.47385
 0.74024 2.67486
 0.74036 1.80988
 0.74048 0.89058
 0.7406 -0.0724618
 0.74072 -1.06812
 0.74084 -2.08404
 0.74096 -3.10706
 0.74108 -4.12637
 0.7412 -5.12845
 0.74132 -6.09166
 0.74144 -7.00338
 0.74156 -7.85018
 0.74168 -8.61968
 0.7418 -9.30246
 0.74192 -9.89122
 0.74204 -10.3768
 0.74216 -10.7579
 0.74228 -11.0391
 0.7424 -11.2257
 0.74252 -11.3229
 0.74264 -11.336
 0.74276 -11.2703
 0.74288 -11.1314
 0.743 -10.9271
 0.74312 -10.6616
 0.74324 -10.3425
 0.74336 -9.97974
 0.74348 -9.58026
 0.7436 -9.15391
 0.74372 -8.70948
 0.74384 -8.25398
 0.74396 -7.7908
 0.74408 -7.32294
 0.7442 -6.8484
 0.74432 -6.36275
 0.74444 -5.86078
 0.74456 -5.33724
 0.74468 -4.78658
 0.7448 -4.20254
 0.74492 -3.57748
 0.74504 -2.90303
 0.74516 -2.18218
 0.74528 -1.41739
 0.7454 -0.610892
 0.74552 0.237178
 0.74564 1.12807
 0.74576 2.06274
 0.74588 3.03699
 0.746 4.03722
 0.74612 5.05066
 0.74624 6.06417
 0.74636 7.06328
 0.74648 8.03301
 0.7466 8.95816
 0.74672 9.82124
 0.74684 10.6034
 0.74696 11.2844
 0.74708 11.8511
 0.7472 12.3019
 0.74732 12.6353
 0.74744 12.8486
 0.74756 12.9373
 0.74768 12.8952
 0.7478 12.7169
 0.74792 12.4062
 0.74804 11.9749
 0.74816 11.4321
 0.74828 10.7873
 0.7484 10.0505
 0.74852 9.23116
 0.74864 8.34034
 0.74876 7.3936
 0.74888 6.40679
 0.749 5.39543
 0.74912 4.36862
 0.74924 3.33153
 0.74936 2.29074
 0.74948 1.25621
 0.7496 0.241536
 0.74972 -0.73861
 0.74984 -1.67039
 0.74996 -2.54699
 0.75008 -3.36207
 0.7502 -4.10471
 0.75032 -4.76562
 0.75044 -5.33468
 0.75056 -5.80089
 0.75068 -6.1563
 0.7508 -6.39615
 0.75092 -6.51528
 0.75104 -6.51294
 0.75116 -6.38891
 0.75128 -6.14278
 0.7514 -5.77815
 0.75152 -5.30537
 0.75164 -4.73769
 0.75176 -4.08969
 0.75188 -3.37723
 0.752 -2.61398
 0.75212 -1.82117
 0.75224 -1.02171
 0.75236 -0.235714
 0.75248 0.515532
 0.7526 1.21066
 0.75272 1.83066
 0.75284 2.35718
 0.75296 2.7757
 0.75308 3.08112
 0.7532 3.27037
 0.75332 3.34095
 0.75344 3.29576
 0.75356 3.1437
 0.75368 2.89441
 0.7538 2.56103
 0.75392 2.15843
 0.75404 1.70313
 0.75416 1.21812
 0.75428 0.722851
 0.7544 0.23713
 0.75452 -0.217445
 0.75464 -0.619492
 0.75476 -0.94948
 0.75488 -1.18942
 0.755 -1.32841
 0.75512 -1.36219
 0.75524 -1.28961
 0.75536 -1.1111
 0.75548 -0.831255
 0.7556 -0.457602
 0.75572 0.00281209
 0.75584 0.540444
 0.75596 1.14472
 0.75608 1.80161
 0.7562 2.49596
 0.75632 3.2112
 0.75644 3.9237
 0.75656 4.60711
 0.75668 5.23602
 0.7568 5.78706
 0.75692 6.24011
 0.75704 6.58005
 0.75716 6.79671
 0.75728 6.8863
 0.7574 6.84787
 0.75752 6.68318
 0.75764 6.39372
 0.75776 5.97899
 0.75788 5.43891
 0.758 4.77535
 0.75812 3.9934
 0.75824 3.09941
 0.75836 2.11169
 0.75848 1.05621
 0.7586 -0.0397878
 0.75872 -1.15026
 0.75884 -2.24837
 0.75896 -3.31025
 0.75908 -4.31498
 0.7592 -5.24635
 0.75932 -6.09581
 0.75944 -6.85668
 0.75956 -7.52331
 0.75968 -8.08687
 0.7598 -8.53667
 0.75992 -8.86256
 0.76004 -9.05681
 0.76016 -9.11264
 0.76028 -9.02712
 0.7604 -8.81094
 0.76052 -8.47618
 0.76064 -8.03495
 0.76076 -7.49941
 0.76088 -6.8853
 0.761 -6.20664
 0.76112 -5.4756
 0.76124 -4.70175
 0.76136 -3.89062
 0.76148 -3.04737
 0.7616 -2.179
 0.76172 -1.29659
 0.76184 -0.411973
 0.76196 0.465594
 0.76208 1.32989
 0.7622 2.17432
 0.76232 2.99564
 0.76244 3.79603
 0.76256 4.57635
 0.76268 5.33543
 0.7628 6.07127
 0.76292 6.78407
 0.76304 7.47325
 0.76316 8.13689
 0.76328 8.77157
 0.7634 9.37235
 0.76352 9.93453
 0.76364 10.4561
 0.76376 10.9396
 0.76388 11.3873
 0.764 11.7954
 0.76412 12.1532
 0.76424 12.4503
 0.76436 12.6766
 0.76448 12.8223
 0.7646 12.8802
 0.76472 12.8502
 0.76484 12.7349
 0.76496 12.5371
 0.76508 12.2601
 0.7652 11.9086
 0.76532 11.4895
 0.76544 11.0098
 0.76556 10.4783
 0.76568 9.9019
 0.7658 9.28096
 0.76592 8.61648
 0.76604 7.91862
 0.76616 7.20505
 0.76628 6.49324
 0.7664 5.79866
 0.76652 5.13507
 0.76664 4.51239
 0.76676 3.93224
 0.76688 3.39317
 0.767 2.89267
 0.76712 2.42667
 0.76724 1.99105
 0.76736 1.58181
 0.76748 1.19523
 0.7676 0.824413
 0.76772 0.466191
 0.76784 0.124284
 0.76796 -0.198606
 0.76808 -0.506882
 0.7682 -0.809052
 0.76832 -1.11451
 0.76844 -1.43106
 0.76856 -1.76702
 0.76868 -2.12828
 0.7688 -2.51535
 0.76892 -2.92502
 0.76904 -3.34901
 0.76916 -3.77601
 0.76928 -4.19738
 0.7694 -4.60516
 0.76952 -4.99255
 0.76964 -5.35283
 0.76976 -5.68389
 0.76988 -5.98663
 0.77 -6.26009
 0.77012 -6.49889
 0.77024 -6.69226
 0.77036 -6.82831
 0.77048 -6.89498
 0.7706 -6.87788
 0.77072 -6.76398
 0.77084 -6.54503
 0.77096 -6.22001
 0.77108 -5.79743
 0.7712 -5.28728
 0.77132 -4.69795
 0.77144 -4.03769
 0.77156 -3.31256
 0.77168 -2.52555
 0.7718 -1.67738
 0.77192 -0.769483
 0.77204 0.191112
 0.77216 1.19071
 0.77228 2.20983
 0.7724 3.22845
 0.77252 4.22555
 0.77264 5.17923
 0.77276 6.06836
 0.77288 6.87688
 0.773 7.59768
 0.77312 8.22931
 0.77324 8.76999
 0.77336 9.2184
 0.77348 9.57361
 0.7736 9.8348
 0.77372 9.99967
 0.77384 10.0654
 0.77396 10.0327
 0.77408 9.90994
 0.7742 9.71067
 0.77432 9.45084
 0.77444 9.14654
 0.77456 8.8141
 0.77468 8.47011
 0.7748 8.13232
 0.77492 7.81594
 0.77504 7.53321
 0.77516 7.29783
 0.77528 7.12286
 0.7754 7.01864
 0.77552 6.99346
 0.77564 7.04894
 0.77576 7.18546
 0.77588 7.40442
 0.776 7.70391
 0.77612 8.0777
 0.77624 8.518
 0.77636 9.01649
 0.77648 9.56545
 0.7766 10.1574
 0.77672 10.7844
 0.77684 11.4363
 0.77696 12.0992
 0.77708 12.754
 0.7772 13.3769
 0.77732 13.9489
 0.77744 14.4548
 0.77756 14.8837
 0.77768 15.2344
 0.7778 15.506
 0.77792 15.6938
 0.77804 15.7965
 0.77816 15.8157
 0.77828 15.7543
 0.7784 15.6151
 0.77852 15.3989
 0.77864 15.1059
 0.77876 14.737
 0.77888 14.2975
 0.779 13.8001
 0.77912 13.2671
 0.77924 12.7221
 0.77936 12.1832
 0.77948 11.6666
 0.7796 11.1842
 0.77972 10.742
 0.77984 10.3473
 0.77996 10.0095
 0.78008 9.73266
 0.7802 9.51779
 0.78032 9.36314
 0.78044 9.2691
 0.78056 9.23797
 0.78068 9.27183
 0.7808 9.37042
 0.78092 9.52775
 0.78104 9.73328
 0.78116 9.96985
 0.78128 10.221
 0.7814 10.4717
 0.78152 10.7069
 0.78164 10.9138
 0.78176 11.0845
 0.78188 11.2115
 0.782 11.2891
 0.78212 11.3142
 0.78224 11.2887
 0.78236 11.2167
 0.78248 11.1006
 0.7826 10.9424
 0.78272 10.7437
 0.78284 10.5077
 0.78296 10.2392
 0.78308 9.94355
 0.7832 9.62832
 0.78332 9.30358
 0.78344 8.97975
 0.78356 8.66727
 0.78368 8.37427
 0.7838 8.10194
 0.78392 7.84906
 0.78404 7.61492
 0.78416 7.39721
 0.78428 7.18657
 0.7844 6.97364
 0.78452 6.74995
 0.78464 6.50757
 0.78476 6.24456
 0.78488 5.96222
 0.785 5.66324
 0.78512 5.35099
 0.78524 5.02719
 0.78536 4.6921
 0.78548 4.34617
 0.7856 3.9904
 0.78572 3.63039
 0.78584 3.27915
 0.78596 2.94958
 0.78608 2.65187
 0.7862 2.40036
 0.78632 2.21359
 0.78644 2.10563
 0.78656 2.08991
 0.78668 2.17651
 0.7868 2.36524
 0.78692 2.65088
 0.78704 3.02726
 0.78716 3.4881
 0.78728 4.02685
 0.7874 4.63454
 0.78752 5.30127
 0.78764 6.01504
 0.78776 6.7584
 0.78788 7.50981
 0.788 8.24959
 0.78812 8.95889
 0.78824 9.6152
 0.78836 10.1965
 0.78848 10.6877
 0.7886 11.0727
 0.78872 11.3405
 0.78884 11.4897
 0.78896 11.5258
 0.78908 11.453
 0.7892 11.2737
 0.78932 10.9939
 0.78944 10.6232
 0.78956 10.1735
 0.78968 9.65925
 0.7898 9.09749
 0.78992 8.50507
 0.79004 7.90087
 0.79016 7.30518
 0.79028 6.73986
 0.7904 6.22385
 0.79052 5.77308
 0.79064 5.40344
 0.79076 5.12622
 0.79088 4.94093
 0.791 4.84223
 0.79112 4.82933
 0.79124 4.90266
 0.79136 5.05927
 0.79148 5.29229
 0.7916 5.59203
 0.79172 5.9477
 0.79184 6.35075
 0.79196 6.79255
 0.79208 7.25733
 0.7922 7.72803
 0.79232 8.18855
 0.79244 8.62565
 0.79256 9.02584
 0.79268 9.37638
 0.7928 9.66995
 0.79292 9.90721
 0.79304 10.0874
 0.79316 10.2066
 0.79328 10.2605
 0.7934 10.247
 0.79352 10.1676
 0.79364 10.0266
 0.79376 9.82811
 0.79388 9.57297
 0.794 9.2654
 0.79412 8.91552
 0.79424 8.53292
 0.79436 8.12355
 0.79448 7.69199
 0.7946 7.24547
 0.79472 6.79129
 0.79484 6.33285
 0.79496 5.87333
 0.79508 5.41891
 0.7952 4.97652
 0.79532 4.55313
 0.79544 4.15569
 0.79556 3.78953
 0.79568 3.45524
 0.7958 3.15208
 0.79592 2.87871
 0.79604 2.63094
 0.79616 2.40288
 0.79628 2.19217
 0.7964 1.99931
 0.79652 1.82195
 0.79664 1.65441
 0.79676 1.49129
 0.79688 1.32917
 0.797 1.16221
 0.79712 0.982072
 0.79724 0.780185
 0.79736 0.547506
 0.79748 0.271908
 0.7976 -0.0561957
 0.79772 -0.440304
 0.79784 -0.876409
 0.79796 -1.35619
 0.79808 -1.87079
 0.7982 -2.41253
 0.79832 -2.97901
 0.79844 -3.56454
 0.79856 -4.15839
 0.79868 -4.7497
 0.7988 -5.32855
 0.79892 -5.88585
 0.79904 -6.41044
 0.79916 -6.89046
 0.79928 -7.3144
 0.7994 -7.6697
 0.79952 -7.9416
 0.79964 -8.11838
 0.79976 -8.19587
 0.79988 -8.18336
