 0.2 -7.07874
 0.20012 -7.24168
 0.20024 -7.29492
 0.20036 -7.23459
 0.20048 -7.05751
 0.2006 -6.768
 0.20072 -6.37643
 0.20084 -5.8933
 0.20096 -5.33005
 0.20108 -4.6994
 0.2012 -4.0165
 0.20132 -3.29694
 0.20144 -2.55369
 0.20156 -1.79735
 0.20168 -1.03868
 0.2018 -0.295392
 0.20192 0.411839
 0.20204 1.06377
 0.20216 1.64219
 0.20228 2.12872
 0.2024 2.50515
 0.20252 2.75842
 0.20264 2.88205
 0.20276 2.87064
 0.20288 2.71891
 0.203 2.42516
 0.20312 1.99386
 0.20324 1.43339
 0.20336 0.751393
 0.20348 -0.0424319
 0.2036 -0.936929
 0.20372 -1.91946
 0.20384 -2.96928
 0.20396 -4.06372
 0.20408 -5.18097
 0.2042 -6.30031
 0.20432 -7.40104
 0.20444 -8.46412
 0.20456 -9.47532
 0.20468 -10.4219
 0.2048 -11.2878
 0.20492 -12.0572
 0.20504 -12.7212
 0.20516 -13.2783
 0.20528 -13.7286
 0.2054 -14.0742
 0.20552 -14.3233
 0.20564 -14.4826
 0.20576 -14.557
 0.20588 -14.5552
 0.206 -14.4864
 0.20612 -14.3588
 0.20624 -14.179
 0.20636 -13.9549
 0.20648 -13.6919
 0.2066 -13.3928
 0.20672 -13.063
 0.20684 -12.7136
 0.20696 -12.3545
 0.20708 -11.9907
 0.2072 -11.6236
 0.20732 -11.2551
 0.20744 -10.8816
 0.20756 -10.4952
 0.20768 -10.0986
 0.2078 -9.69915
 0.20792 -9.30131
 0.20804 -8.90851
 0.20816 -8.52491
 0.20828 -8.15431
 0.2084 -7.79926
 0.20852 -7.46512
 0.20864 -7.15749
 0.20876 -6.87717
 0.20888 -6.62129
 0.209 -6.38714
 0.20912 -6.17332
 0.20924 -5.97821
 0.20936 -5.80045
 0.20948 -5.64441
 0.2096 -5.51326
 0.20972 -5.39449
 0.20984 -5.27386
 0.20996 -5.14131
 0.21008 -4.98953
 0.2102 -4.81164
 0.21032 -4.60175
 0.21044 -4.35377
 0.21056 -4.06015
 0.21068 -3.7166
 0.2108 -3.32245
 0.21092 -2.87899
 0.21104 -2.38756
 0.21116 -1.84982
 0.21128 -1.26855
 0.2114 -0.645915
 0.21152 0.0193939
 0.21164 0.723944
 0.21176 1.45486
 0.21188 2.2005
 0.212 2.9531
 0.21212 3.70844
 0.21224 4.46237
 0.21236 5.21052
 0.21248 5.94735
 0.2126 6.66825
 0.21272 7.37207
 0.21284 8.05896
 0.21296 8.72715
 0.21308 9.3733
 0.2132 9.99505
 0.21332 10.5912
 0.21344 11.1604
 0.21356 11.6998
 0.21368 12.2053
 0.2138 12.6732
 0.21392 13.099
 0.21404 13.4742
 0.21416 13.7882
 0.21428 14.0324
 0.2144 14.2004
 0.21452 14.2868
 0.21464 14.285
 0.21476 14.1882
 0.21488 13.9915
 0.215 13.6986
 0.21512 13.3138
 0.21524 12.8402
 0.21536 12.2802
 0.21548 11.6355
 0.2156 10.9108
 0.21572 10.1183
 0.21584 9.2714
 0.21596 8.38445
 0.21608 7.47709
 0.2162 6.56912
 0.21632 5.67583
 0.21644 4.80855
 0.21656 3.9786
 0.21668 3.19686
 0.2168 2.47355
 0.21692 1.81262
 0.21704 1.21164
 0.21716 0.669877
 0.21728 0.187335
 0.2174 -0.23425
 0.21752 -0.591596
 0.21764 -0.885027
 0.21776 -1.11733
 0.21788 -1.29089
 0.218 -1.41072
 0.21812 -1.48763
 0.21824 -1.53173
 0.21836 -1.54732
 0.21848 -1.53606
 0.2186 -1.50002
 0.21872 -1.43909
 0.21884 -1.35294
 0.21896 -1.23717
 0.21908 -1.08892
 0.2192 -0.907384
 0.21932 -0.693476
 0.21944 -0.451213
 0.21956 -0.185581
 0.21968 0.0980317
 0.2198 0.390896
 0.21992 0.683811
 0.22004 0.970274
 0.22016 1.24833
 0.22028 1.51533
 0.2204 1.7651
 0.22052 1.99109
 0.22064 2.18586
 0.22076 2.33972
 0.22088 2.44448
 0.221 2.49339
 0.22112 2.48363
 0.22124 2.41402
 0.22136 2.28484
 0.22148 2.09802
 0.2216 1.85549
 0.22172 1.56256
 0.22184 1.229
 0.22196 0.864599
 0.22208 0.477314
 0.2222 0.0728453
 0.22232 -0.342813
 0.22244 -0.762982
 0.22256 -1.18105
 0.22268 -1.58943
 0.2228 -1.98099
 0.22292 -2.35102
 0.22304 -2.6965
 0.22316 -3.0159
 0.22328 -3.30622
 0.2234 -3.56245
 0.22352 -3.77916
 0.22364 -3.95162
 0.22376 -4.08159
 0.22388 -4.17481
 0.224 -4.2358
 0.22412 -4.26743
 0.22424 -4.27197
 0.22436 -4.25203
 0.22448 -4.2106
 0.2246 -4.15019
 0.22472 -4.07219
 0.22484 -3.97631
 0.22496 -3.86203
 0.22508 -3.72966
 0.2252 -3.58133
 0.22532 -3.42512
 0.22544 -3.2734
 0.22556 -3.13855
 0.22568 -3.0278
 0.2258 -2.93933
 0.22592 -2.87011
 0.22604 -2.81968
 0.22616 -2.78879
 0.22628 -2.77844
 0.2264 -2.78796
 0.22652 -2.81761
 0.22664 -2.86953
 0.22676 -2.94777
 0.22688 -3.05801
 0.227 -3.20525
 0.22712 -3.39167
 0.22724 -3.61598
 0.22736 -3.87056
 0.22748 -4.14403
 0.2276 -4.42771
 0.22772 -4.72168
 0.22784 -5.03014
 0.22796 -5.35635
 0.22808 -5.70166
 0.2282 -6.06653
 0.22832 -6.45192
 0.22844 -6.85855
 0.22856 -7.28171
 0.22868 -7.71477
 0.2288 -8.14803
 0.22892 -8.56733
 0.22904 -8.96019
 0.22916 -9.31772
 0.22928 -9.63295
 0.2294 -9.90329
 0.22952 -10.1289
 0.22964 -10.3055
 0.22976 -10.4258
 0.22988 -10.4829
 0.23 -10.4709
 0.23012 -10.3851
 0.23024 -10.2222
 0.23036 -9.97829
 0.23048 -9.65628
 0.2306 -9.26481
 0.23072 -8.8133
 0.23084 -8.31746
 0.23096 -7.79576
 0.23108 -7.26211
 0.2312 -6.72883
 0.23132 -6.20776
 0.23144 -5.70835
 0.23156 -5.23748
 0.23168 -4.80438
 0.2318 -4.41593
 0.23192 -4.07818
 0.23204 -3.79566
 0.23216 -3.57102
 0.23228 -3.40523
 0.2324 -3.29665
 0.23252 -3.23677
 0.23264 -3.21582
 0.23276 -3.22438
 0.23288 -3.24905
 0.233 -3.28014
 0.23312 -3.31172
 0.23324 -3.33712
 0.23336 -3.34926
 0.23348 -3.34241
 0.2336 -3.3115
 0.23372 -3.2511
 0.23384 -3.15787
 0.23396 -3.0295
 0.23408 -2.86631
 0.2342 -2.6706
 0.23432 -2.44653
 0.23444 -2.20195
 0.23456 -1.94549
 0.23468 -1.68409
 0.2348 -1.42228
 0.23492 -1.16379
 0.23504 -0.90897
 0.23516 -0.657523
 0.23528 -0.411687
 0.2354 -0.174554
 0.23552 0.0507716
 0.23564 0.259587
 0.23576 0.447002
 0.23588 0.608628
 0.236 0.741824
 0.23612 0.845589
 0.23624 0.919509
 0.23636 0.964935
 0.23648 0.983466
 0.2366 0.975368
 0.23672 0.938585
 0.23684 0.868595
 0.23696 0.762217
 0.23708 0.616393
 0.2372 0.429097
 0.23732 0.20114
 0.23744 -0.0658427
 0.23756 -0.36824
 0.23768 -0.699636
 0.2378 -1.05274
 0.23792 -1.41996
 0.23804 -1.79411
 0.23816 -2.16692
 0.23828 -2.52988
 0.2384 -2.87495
 0.23852 -3.19295
 0.23864 -3.4743
 0.23876 -3.70817
 0.23888 -3.88499
 0.239 -4.00025
 0.23912 -4.05004
 0.23924 -4.03122
 0.23936 -3.94208
 0.23948 -3.7827
 0.2396 -3.55683
 0.23972 -3.27122
 0.23984 -2.93352
 0.23996 -2.55291
 0.24008 -2.14094
 0.2402 -1.71166
 0.24032 -1.27911
 0.24044 -0.857064
 0.24056 -0.459242
 0.24068 -0.0995584
 0.2408 0.208652
 0.24092 0.45822
 0.24104 0.647368
 0.24116 0.774358
 0.24128 0.837375
 0.2414 0.835794
 0.24152 0.771642
 0.24164 0.650417
 0.24176 0.479126
 0.24188 0.265217
 0.242 0.0166417
 0.24212 -0.256417
 0.24224 -0.542499
 0.24236 -0.831409
 0.24248 -1.11389
 0.2426 -1.38045
 0.24272 -1.62119
 0.24284 -1.8287
 0.24296 -2.00348
 0.24308 -2.14906
 0.2432 -2.26883
 0.24332 -2.36619
 0.24344 -2.44592
 0.24356 -2.51468
 0.24368 -2.58215
 0.2438 -2.65807
 0.24392 -2.74998
 0.24404 -2.85812
 0.24416 -2.98185
 0.24428 -3.11967
 0.2444 -3.26899
 0.24452 -3.42727
 0.24464 -3.59304
 0.24476 -3.76553
 0.24488 -3.94206
 0.245 -4.11607
 0.24512 -4.28065
 0.24524 -4.4288
 0.24536 -4.55284
 0.24548 -4.64438
 0.2456 -4.69332
 0.24572 -4.68689
 0.24584 -4.61295
 0.24596 -4.4676
 0.24608 -4.26042
 0.2462 -4.00335
 0.24632 -3.70826
 0.24644 -3.38533
 0.24656 -3.04562
 0.24668 -2.70004
 0.2468 -2.35764
 0.24692 -2.02656
 0.24704 -1.71485
 0.24716 -1.43095
 0.24728 -1.18472
 0.2474 -0.987587
 0.24752 -0.851293
 0.24764 -0.789079
 0.24776 -0.815305
 0.24788 -0.943351
 0.248 -1.17683
 0.24812 -1.50897
 0.24824 -1.9316
 0.24836 -2.43946
 0.24848 -3.02713
 0.2486 -3.68147
 0.24872 -4.38893
 0.24884 -5.13864
 0.24896 -5.92184
 0.24908 -6.72829
 0.2492 -7.54569
 0.24932 -8.35878
 0.24944 -9.15097
 0.24956 -9.90552
 0.24968 -10.6056
 0.2498 -11.2357
 0.24992 -11.7814
 0.25004 -12.2335
 0.25016 -12.5892
 0.25028 -12.8459
 0.2504 -12.9983
 0.25052 -13.0498
 0.25064 -13.014
 0.25076 -12.9042
 0.25088 -12.7307
 0.251 -12.5035
 0.25112 -12.2367
 0.25124 -11.9467
 0.25136 -11.6519
 0.25148 -11.3708
 0.2516 -11.1219
 0.25172 -10.9207
 0.25184 -10.7762
 0.25196 -10.6952
 0.25208 -10.6795
 0.2522 -10.7259
 0.25232 -10.831
 0.25244 -10.9921
 0.25256 -11.1962
 0.25268 -11.4258
 0.2528 -11.6644
 0.25292 -11.8973
 0.25304 -12.1093
 0.25316 -12.2809
 0.25328 -12.3907
 0.2534 -12.4167
 0.25352 -12.3368
 0.25364 -12.1296
 0.25376 -11.7813
 0.25388 -11.2888
 0.254 -10.6545
 0.25412 -9.88709
 0.25424 -9.00008
 0.25436 -8.006
 0.25448 -6.91708
 0.2546 -5.74915
 0.25472 -4.51858
 0.25484 -3.24053
 0.25496 -1.92794
 0.25508 -0.596423
 0.2552 0.734013
 0.25532 2.03981
 0.25544 3.29498
 0.25556 4.47292
 0.25568 5.54742
 0.2558 6.50111
 0.25592 7.32652
 0.25604 8.0201
 0.25616 8.5843
 0.25628 9.02404
 0.2564 9.34306
 0.25652 9.5446
 0.25664 9.6312
 0.25676 9.60451
 0.25688 9.46405
 0.257 9.20849
 0.25712 8.84382
 0.25724 8.37972
 0.25736 7.83217
 0.25748 7.2198
 0.2576 6.56327
 0.25772 5.88314
 0.25784 5.19379
 0.25796 4.50531
 0.25808 3.82774
 0.2582 3.16704
 0.25832 2.5286
 0.25844 1.91874
 0.25856 1.34467
 0.25868 0.81583
 0.2588 0.342697
 0.25892 -0.0627114
 0.25904 -0.391009
 0.25916 -0.64068
 0.25928 -0.811411
 0.2594 -0.907712
 0.25952 -0.936798
 0.25964 -0.907834
 0.25976 -0.830014
 0.25988 -0.708701
 0.26 -0.550005
 0.26012 -0.361236
 0.26024 -0.148627
 0.26036 0.0804619
 0.26048 0.316265
 0.2606 0.547077
 0.26072 0.759539
 0.26084 0.939932
 0.26096 1.07491
 0.26108 1.15485
 0.2612 1.17273
 0.26132 1.12173
 0.26144 0.999522
 0.26156 0.809198
 0.26168 0.555947
 0.2618 0.244828
 0.26192 -0.120611
 0.26204 -0.535127
 0.26216 -0.991721
 0.26228 -1.4805
 0.2624 -1.9894
 0.26252 -2.50364
 0.26264 -3.00699
 0.26276 -3.48218
 0.26288 -3.9129
 0.263 -4.28509
 0.26312 -4.58631
 0.26324 -4.80422
 0.26336 -4.92785
 0.26348 -4.9558
 0.2636 -4.8937
 0.26372 -4.75041
 0.26384 -4.53504
 0.26396 -4.2567
 0.26408 -3.92472
 0.2642 -3.55202
 0.26432 -3.15545
 0.26444 -2.75093
 0.26456 -2.35415
 0.26468 -1.98155
 0.2648 -1.64987
 0.26492 -1.37303
 0.26504 -1.16285
 0.26516 -1.03053
 0.26528 -0.987229
 0.2654 -1.03996
 0.26552 -1.18514
 0.26564 -1.41341
 0.26576 -1.71375
 0.26588 -2.07484
 0.266 -2.48578
 0.26612 -2.93647
 0.26624 -3.4124
 0.26636 -3.89837
 0.26648 -4.38397
 0.2666 -4.85961
 0.26672 -5.31735
 0.26684 -5.75061
 0.26696 -6.15491
 0.26708 -6.52605
 0.2672 -6.85982
 0.26732 -7.1522
 0.26744 -7.40403
 0.26756 -7.62214
 0.26768 -7.81542
 0.2678 -7.99077
 0.26792 -8.15376
 0.26804 -8.30759
 0.26816 -8.45499
 0.26828 -8.60149
 0.2684 -8.75121
 0.26852 -8.90692
 0.26864 -9.06752
 0.26876 -9.2254
 0.26888 -9.37164
 0.269 -9.4975
 0.26912 -9.59642
 0.26924 -9.66279
 0.26936 -9.69127
 0.26948 -9.67404
 0.2696 -9.60204
 0.26972 -9.46666
 0.26984 -9.26288
 0.26996 -8.99026
 0.27008 -8.65263
 0.2702 -8.25386
 0.27032 -7.797
 0.27044 -7.28253
 0.27056 -6.71008
 0.27068 -6.09112
 0.2708 -5.44351
 0.27092 -4.78516
 0.27104 -4.13214
 0.27116 -3.49697
 0.27128 -2.89043
 0.2714 -2.32151
 0.27152 -1.79838
 0.27164 -1.32819
 0.27176 -0.918985
 0.27188 -0.574001
 0.272 -0.290416
 0.27212 -0.0620237
 0.27224 0.11633
 0.27236 0.248212
 0.27248 0.331279
 0.2726 0.366424
 0.27272 0.365223
 0.27284 0.341333
 0.27296 0.3073
 0.27308 0.273096
 0.2732 0.246654
 0.27332 0.233017
 0.27344 0.234644
 0.27356 0.251312
 0.27368 0.282105
 0.2738 0.32587
 0.27392 0.376055
 0.27404 0.42258
 0.27416 0.457152
 0.27428 0.475128
 0.2744 0.473744
 0.27452 0.45323
 0.27464 0.410943
 0.27476 0.341528
 0.27488 0.240036
 0.275 0.103496
 0.27512 -0.0698718
 0.27524 -0.281088
 0.27536 -0.528721
 0.27548 -0.809987
 0.2756 -1.12084
 0.27572 -1.45632
 0.27584 -1.80816
 0.27596 -2.16505
 0.27608 -2.51591
 0.2762 -2.85652
 0.27632 -3.18572
 0.27644 -3.5013
 0.27656 -3.80138
 0.27668 -4.08311
 0.2768 -4.34508
 0.27692 -4.58692
 0.27704 -4.80933
 0.27716 -5.01296
 0.27728 -5.19882
 0.2774 -5.36774
 0.27752 -5.51702
 0.27764 -5.64333
 0.27776 -5.74472
 0.27788 -5.82125
 0.278 -5.87311
 0.27812 -5.8985
 0.27824 -5.88938
 0.27836 -5.83727
 0.27848 -5.73573
 0.2786 -5.58027
 0.27872 -5.37091
 0.27884 -5.10593
 0.27896 -4.78394
 0.27908 -4.40375
 0.2792 -3.96469
 0.27932 -3.46606
 0.27944 -2.91221
 0.27956 -2.31367
 0.27968 -1.68147
 0.2798 -1.02724
 0.27992 -0.36423
 0.28004 0.293003
 0.28016 0.929225
 0.28028 1.52584
 0.2804 2.06498
 0.28052 2.53023
 0.28064 2.91276
 0.28076 3.21131
 0.28088 3.42666
 0.281 3.56078
 0.28112 3.61654
 0.28124 3.59763
 0.28136 3.50931
 0.28148 3.36315
 0.2816 3.17355
 0.28172 2.95552
 0.28184 2.72712
 0.28196 2.51008
 0.28208 2.32651
 0.2822 2.1962
 0.28232 2.13862
 0.28244 2.17079
 0.28256 2.30725
 0.28268 2.55213
 0.2828 2.90239
 0.28292 3.35083
 0.28304 3.88973
 0.28316 4.51101
 0.28328 5.20566
 0.2834 5.96189
 0.28352 6.76572
 0.28364 7.6028
 0.28376 8.45774
 0.28388 9.31169
 0.284 10.1428
 0.28412 10.9307
 0.28424 11.6595
 0.28436 12.3165
 0.28448 12.893
 0.2846 13.3823
 0.28472 13.7851
 0.28484 14.1059
 0.28496 14.3514
 0.28508 14.528
 0.2852 14.6384
 0.28532 14.6862
 0.28544 14.6783
 0.28556 14.623
 0.28568 14.5286
 0.2858 14.4042
 0.28592 14.2618
 0.28604 14.1152
 0.28616 13.9766
 0.28628 13.855
 0.2864 13.7565
 0.28652 13.6854
 0.28664 13.6449
 0.28676 13.635
 0.28688 13.6543
 0.287 13.7016
 0.28712 13.7775
 0.28724 13.8899
 0.28736 14.0412
 0.28748 14.2259
 0.2876 14.4364
 0.28772 14.6647
 0.28784 14.9016
 0.28796 15.1346
 0.28808 15.3502
 0.2882 15.5357
 0.28832 15.6789
 0.28844 15.7686
 0.28856 15.7946
 0.28868 15.7491
 0.2888 15.6285
 0.28892 15.4296
 0.28904 15.1482
 0.28916 14.7771
 0.28928 14.3074
 0.2894 13.7418
 0.28952 13.0927
 0.28964 12.375
 0.28976 11.6027
 0.28988 10.7931
 0.29 9.96571
 0.29012 9.13974
 0.29024 8.33376
 0.29036 7.56615
 0.29048 6.8549
 0.2906 6.21478
 0.29072 5.65257
 0.29084 5.16937
 0.29096 4.76734
 0.29108 4.44974
 0.2912 4.22118
 0.29132 4.08167
 0.29144 4.02275
 0.29156 4.02891
 0.29168 4.08234
 0.2918 4.16632
 0.29192 4.26195
 0.29204 4.35052
 0.29216 4.41598
 0.29228 4.44185
 0.2924 4.41068
 0.29252 4.30595
 0.29264 4.11994
 0.29276 3.85456
 0.29288 3.51441
 0.293 3.10292
 0.29312 2.62245
 0.29324 2.07481
 0.29336 1.46476
 0.29348 0.798561
 0.2936 0.0876706
 0.29372 -0.656583
 0.29384 -1.42423
 0.29396 -2.20524
 0.29408 -2.99266
 0.2942 -3.78111
 0.29432 -4.55857
 0.29444 -5.31116
 0.29456 -6.02764
 0.29468 -6.70696
 0.2948 -7.35402
 0.29492 -7.97488
 0.29504 -8.57546
 0.29516 -9.1595
 0.29528 -9.73073
 0.2954 -10.2903
 0.29552 -10.837
 0.29564 -11.3701
 0.29576 -11.8841
 0.29588 -12.3734
 0.296 -12.8323
 0.29612 -13.2518
 0.29624 -13.6285
 0.29636 -13.9677
 0.29648 -14.2756
 0.2966 -14.5552
 0.29672 -14.8041
 0.29684 -15.0152
 0.29696 -15.18
 0.29708 -15.2908
 0.2972 -15.3424
 0.29732 -15.3303
 0.29744 -15.2574
 0.29756 -15.1296
 0.29768 -14.9582
 0.2978 -14.7579
 0.29792 -14.5403
 0.29804 -14.3143
 0.29816 -14.0891
 0.29828 -13.8668
 0.2984 -13.6461
 0.29852 -13.4261
 0.29864 -13.2075
 0.29876 -12.9949
 0.29888 -12.7965
 0.299 -12.6203
 0.29912 -12.4713
 0.29924 -12.3509
 0.29936 -12.2583
 0.29948 -12.188
 0.2996 -12.1334
 0.29972 -12.0834
 0.29984 -12.0296
 0.29996 -11.9684
 0.30008 -11.9002
 0.3002 -11.8265
 0.30032 -11.7517
 0.30044 -11.6803
 0.30056 -11.6143
 0.30068 -11.5528
 0.3008 -11.4931
 0.30092 -11.43
 0.30104 -11.3619
 0.30116 -11.2919
 0.30128 -11.2268
 0.3014 -11.1733
 0.30152 -11.1363
 0.30164 -11.1204
 0.30176 -11.1315
 0.30188 -11.1742
 0.302 -11.25
 0.30212 -11.3589
 0.30224 -11.5004
 0.30236 -11.6703
 0.30248 -11.8668
 0.3026 -12.0929
 0.30272 -12.3514
 0.30284 -12.6455
 0.30296 -12.9788
 0.30308 -13.3495
 0.3032 -13.7531
 0.30332 -14.1834
 0.30344 -14.6367
 0.30356 -15.1131
 0.30368 -15.6113
 0.3038 -16.1237
 0.30392 -16.6412
 0.30404 -17.1556
 0.30416 -17.6554
 0.30428 -18.1299
 0.3044 -18.5719
 0.30452 -18.9703
 0.30464 -19.3138
 0.30476 -19.5956
 0.30488 -19.8085
 0.305 -19.9474
 0.30512 -20.0102
 0.30524 -19.996
 0.30536 -19.9058
 0.30548 -19.7385
 0.3056 -19.4912
 0.30572 -19.1677
 0.30584 -18.7792
 0.30596 -18.3367
 0.30608 -17.8507
 0.3062 -17.3392
 0.30632 -16.8193
 0.30644 -16.3076
 0.30656 -15.8208
 0.30668 -15.3693
 0.3068 -14.9593
 0.30692 -14.5968
 0.30704 -14.2859
 0.30716 -14.0301
 0.30728 -13.8306
 0.3074 -13.6862
 0.30752 -13.5969
 0.30764 -13.5631
 0.30776 -13.5792
 0.30788 -13.6368
 0.308 -13.7307
 0.30812 -13.8548
 0.30824 -13.9987
 0.30836 -14.1506
 0.30848 -14.2996
 0.3086 -14.4366
 0.30872 -14.5595
 0.30884 -14.6672
 0.30896 -14.7587
 0.30908 -14.8336
 0.3092 -14.8917
 0.30932 -14.9349
 0.30944 -14.9659
 0.30956 -14.9831
 0.30968 -14.9861
 0.3098 -14.9761
 0.30992 -14.9547
 0.31004 -14.9209
 0.31016 -14.8725
 0.31028 -14.8073
 0.3104 -14.724
 0.31052 -14.6225
 0.31064 -14.502
 0.31076 -14.3596
 0.31088 -14.1929
 0.311 -13.9992
 0.31112 -13.776
 0.31124 -13.5204
 0.31136 -13.2296
 0.31148 -12.9024
 0.3116 -12.5389
 0.31172 -12.1352
 0.31184 -11.6869
 0.31196 -11.1899
 0.31208 -10.6404
 0.3122 -10.04
 0.31232 -9.39148
 0.31244 -8.69678
 0.31256 -7.95707
 0.31268 -7.17462
 0.3128 -6.35538
 0.31292 -5.50559
 0.31304 -4.63131
 0.31316 -3.73849
 0.31328 -2.83267
 0.3134 -1.91816
 0.31352 -1.0013
 0.31364 -0.0958137
 0.31376 0.780747
 0.31388 1.61084
 0.314 2.37685
 0.31412 3.06201
 0.31424 3.65321
 0.31436 4.13717
 0.31448 4.50256
 0.3146 4.74289
 0.31472 4.85837
 0.31484 4.85542
 0.31496 4.74024
 0.31508 4.51843
 0.3152 4.1953
 0.31532 3.77525
 0.31544 3.26295
 0.31556 2.67085
 0.31568 2.01733
 0.3158 1.32119
 0.31592 0.601046
 0.31604 -0.124341
 0.31616 -0.835919
 0.31628 -1.51348
 0.3164 -2.13587
 0.31652 -2.68916
 0.31664 -3.16637
 0.31676 -3.56775
 0.31688 -3.89711
 0.317 -4.1576
 0.31712 -4.35189
 0.31724 -4.4833
 0.31736 -4.55533
 0.31748 -4.5739
 0.3176 -4.54783
 0.31772 -4.48387
 0.31784 -4.38773
 0.31796 -4.26607
 0.31808 -4.12605
 0.3182 -3.97696
 0.31832 -3.83133
 0.31844 -3.7015
 0.31856 -3.5925
 0.31868 -3.50481
 0.3188 -3.43455
 0.31892 -3.37667
 0.31904 -3.3263
 0.31916 -3.27736
 0.31928 -3.22178
 0.3194 -3.15082
 0.31952 -3.05684
 0.31964 -2.93751
 0.31976 -2.79553
 0.31988 -2.63366
 0.32 -2.45295
 0.32012 -2.25389
 0.32024 -2.03506
 0.32036 -1.79313
 0.32048 -1.52627
 0.3206 -1.23788
 0.32072 -0.936959
 0.32084 -0.635095
 0.32096 -0.343499
 0.32108 -0.0751108
 0.3212 0.154447
 0.32132 0.328302
 0.32144 0.433195
 0.32156 0.462036
 0.32168 0.414633
 0.3218 0.294172
 0.32192 0.103444
 0.32204 -0.155553
 0.32216 -0.481289
 0.32228 -0.873138
 0.3224 -1.33046
 0.32252 -1.84966
 0.32264 -2.42245
 0.32276 -3.03489
 0.32288 -3.67405
 0.323 -4.32636
 0.32312 -4.97322
 0.32324 -5.59395
 0.32336 -6.16858
 0.32348 -6.68541
 0.3236 -7.1387
 0.32372 -7.52674
 0.32384 -7.85032
 0.32396 -8.10992
 0.32408 -8.30541
 0.3242 -8.43507
 0.32432 -8.49643
 0.32444 -8.4889
 0.32456 -8.41607
 0.32468 -8.2836
 0.3248 -8.09773
 0.32492 -7.86345
 0.32504 -7.58916
 0.32516 -7.29086
 0.32528 -6.98576
 0.3254 -6.68949
 0.32552 -6.40994
 0.32564 -6.15205
 0.32576 -5.91731
 0.32588 -5.70567
 0.326 -5.51801
 0.32612 -5.35771
 0.32624 -5.23053
 0.32636 -5.14227
 0.32648 -5.09464
 0.3266 -5.08544
 0.32672 -5.11387
 0.32684 -5.18088
 0.32696 -5.28641
 0.32708 -5.42507
 0.3272 -5.58357
 0.32732 -5.74672
 0.32744 -5.90093
 0.32756 -6.03693
 0.32768 -6.14703
 0.3278 -6.22661
 0.32792 -6.27209
 0.32804 -6.27674
 0.32816 -6.23099
 0.32828 -6.1248
 0.3284 -5.94893
 0.32852 -5.69865
 0.32864 -5.37138
 0.32876 -4.9629
 0.32888 -4.46891
 0.329 -3.88673
 0.32912 -3.21894
 0.32924 -2.47578
 0.32936 -1.66891
 0.32948 -0.810184
 0.3296 0.0881778
 0.32972 1.01484
 0.32984 1.96006
 0.32996 2.91273
 0.33008 3.85728
 0.3302 4.77835
 0.33032 5.66122
 0.33044 6.49129
 0.33056 7.25532
 0.33068 7.94033
 0.3308 8.53361
 0.33092 9.02254
 0.33104 9.39577
 0.33116 9.64706
 0.33128 9.7752
 0.3314 9.77964
 0.33152 9.66365
 0.33164 9.43208
 0.33176 9.08943
 0.33188 8.64254
 0.332 8.10206
 0.33212 7.47989
 0.33224 6.78732
 0.33236 6.0365
 0.33248 5.24218
 0.3326 4.42237
 0.33272 3.59545
 0.33284 2.78013
 0.33296 1.99529
 0.33308 1.25762
 0.3332 0.577829
 0.33332 -0.0345642
 0.33344 -0.569765
 0.33356 -1.02104
 0.33368 -1.381
 0.3338 -1.643
 0.33392 -1.80532
 0.33404 -1.86612
 0.33416 -1.82298
 0.33428 -1.67678
 0.3344 -1.43066
 0.33452 -1.09343
 0.33464 -0.677588
 0.33476 -0.197856
 0.33488 0.330188
 0.335 0.892579
 0.33512 1.48008
 0.33524 2.0877
 0.33536 2.70782
 0.33548 3.32898
 0.3356 3.94112
 0.33572 4.53327
 0.33584 5.09535
 0.33596 5.61853
 0.33608 6.09042
 0.3362 6.50009
 0.33632 6.84195
 0.33644 7.11199
 0.33656 7.3097
 0.33668 7.4364
 0.3368 7.49737
 0.33692 7.49647
 0.33704 7.43387
 0.33716 7.30765
 0.33728 7.11614
 0.3374 6.86405
 0.33752 6.55992
 0.33764 6.20918
 0.33776 5.8179
 0.33788 5.3937
 0.338 4.94748
 0.33812 4.49339
 0.33824 4.04315
 0.33836 3.6061
 0.33848 3.19178
 0.3386 2.81119
 0.33872 2.47346
 0.33884 2.18439
 0.33896 1.95195
 0.33908 1.78499
 0.3392 1.68996
 0.33932 1.67106
 0.33944 1.72669
 0.33956 1.8547
 0.33968 2.05576
 0.3398 2.32796
 0.33992 2.66586
 0.34004 3.05816
 0.34016 3.49149
 0.34028 3.95328
 0.3404 4.43094
 0.34052 4.91055
 0.34064 5.37546
 0.34076 5.81182
 0.34088 6.20865
 0.341 6.55696
 0.34112 6.84867
 0.34124 7.07585
 0.34136 7.23296
 0.34148 7.31735
 0.3416 7.32657
 0.34172 7.25818
 0.34184 7.11296
 0.34196 6.89537
 0.34208 6.61459
 0.3422 6.28064
 0.34232 5.90363
 0.34244 5.49416
 0.34256 5.06424
 0.34268 4.62678
 0.3428 4.19181
 0.34292 3.763
 0.34304 3.34039
 0.34316 2.92529
 0.34328 2.52106
 0.3434 2.12847
 0.34352 1.74888
 0.34364 1.38373
 0.34376 1.03394
 0.34388 0.698584
 0.344 0.375065
 0.34412 0.0597104
 0.34424 -0.250948
 0.34436 -0.560536
 0.34448 -0.873575
 0.3446 -1.19493
 0.34472 -1.52937
 0.34484 -1.87612
 0.34496 -2.22539
 0.34508 -2.5647
 0.3452 -2.88175
 0.34532 -3.16498
 0.34544 -3.40225
 0.34556 -3.58651
 0.34568 -3.7134
 0.3458 -3.77909
 0.34592 -3.78068
 0.34604 -3.71578
 0.34616 -3.58405
 0.34628 -3.38583
 0.3464 -3.12134
 0.34652 -2.79
 0.34664 -2.39189
 0.34676 -1.92792
 0.34688 -1.40744
 0.347 -0.845533
 0.34712 -0.260618
 0.34724 0.32724
 0.34736 0.897658
 0.34748 1.43141
 0.3476 1.91511
 0.34772 2.33879
 0.34784 2.69597
 0.34796 2.98465
 0.34808 3.20531
 0.3482 3.36127
 0.34832 3.45653
 0.34844 3.49329
 0.34856 3.47256
 0.34868 3.39599
 0.3488 3.26696
 0.34892 3.09397
 0.34904 2.8869
 0.34916 2.65771
 0.34928 2.41981
 0.3494 2.18811
 0.34952 1.97957
 0.34964 1.80935
 0.34976 1.69076
 0.34988 1.62957
 0.35 1.62489
 0.35012 1.67293
 0.35024 1.76899
 0.35036 1.90831
 0.35048 2.0911
 0.3506 2.31858
 0.35072 2.59163
 0.35084 2.91028
 0.35096 3.27456
 0.35108 3.68536
 0.3512 4.1426
 0.35132 4.64519
 0.35144 5.18797
 0.35156 5.75896
 0.35168 6.34276
 0.3518 6.92515
 0.35192 7.49893
 0.35204 8.06261
 0.35216 8.61498
 0.35228 9.15409
 0.3524 9.67717
 0.35252 10.1776
 0.35264 10.6493
 0.35276 11.0864
 0.35288 11.4814
 0.353 11.823
 0.35312 12.0994
 0.35324 12.3001
 0.35336 12.4163
 0.35348 12.4438
 0.3536 12.3875
 0.35372 12.2561
 0.35384 12.0591
 0.35396 11.8015
 0.35408 11.4855
 0.3542 11.1155
 0.35432 10.6953
 0.35444 10.2303
 0.35456 9.72625
 0.35468 9.18608
 0.3548 8.61338
 0.35492 8.01746
 0.35504 7.41069
 0.35516 6.80442
 0.35528 6.20761
 0.3554 5.62814
 0.35552 5.07108
 0.35564 4.5369
 0.35576 4.0236
 0.35588 3.52805
 0.356 3.05121
 0.35612 2.59472
 0.35624 2.16052
 0.35636 1.75303
 0.35648 1.37445
 0.3566 1.02987
 0.35672 0.72659
 0.35684 0.467906
 0.35696 0.25225
 0.35708 0.079877
 0.3572 -0.046461
 0.35732 -0.122043
 0.35744 -0.14198
 0.35756 -0.10307
 0.35768 -0.00312136
 0.3578 0.161674
 0.35792 0.393844
 0.35804 0.692168
 0.35816 1.05387
 0.35828 1.46958
 0.3584 1.92615
 0.35852 2.41144
 0.35864 2.91235
 0.35876 3.41724
 0.35888 3.91966
 0.359 4.41243
 0.35912 4.88438
 0.35924 5.32188
 0.35936 5.71041
 0.35948 6.03595
 0.3596 6.29034
 0.35972 6.46761
 0.35984 6.56146
 0.35996 6.56738
 0.36008 6.48305
 0.3602 6.31119
 0.36032 6.06483
 0.36044 5.75997
 0.36056 5.40926
 0.36068 5.02156
 0.3608 4.60274
 0.36092 4.15596
 0.36104 3.68675
 0.36116 3.20281
 0.36128 2.71304
 0.3614 2.22747
 0.36152 1.75447
 0.36164 1.29654
 0.36176 0.855478
 0.36188 0.433667
 0.362 0.0342292
 0.36212 -0.339419
 0.36224 -0.6883
 0.36236 -1.01947
 0.36248 -1.34064
 0.3626 -1.6528
 0.36272 -1.95226
 0.36284 -2.23233
 0.36296 -2.48467
 0.36308 -2.70168
 0.3632 -2.87635
 0.36332 -3.0024
 0.36344 -3.07566
 0.36356 -3.08933
 0.36368 -3.03483
 0.3638 -2.90485
 0.36392 -2.69636
 0.36404 -2.41084
 0.36416 -2.05416
 0.36428 -1.63069
 0.3644 -1.14254
 0.36452 -0.592058
 0.36464 0.0132045
 0.36476 0.661243
 0.36488 1.33631
 0.365 2.0215
 0.36512 2.70013
 0.36524 3.35472
 0.36536 3.96814
 0.36548 4.52466
 0.3656 5.0076
 0.36572 5.40257
 0.36584 5.69807
 0.36596 5.89107
 0.36608 5.98338
 0.3662 5.97886
 0.36632 5.87691
 0.36644 5.67526
 0.36656 5.37121
 0.36668 4.96523
 0.3668 4.4629
 0.36692 3.87239
 0.36704 3.20365
 0.36716 2.46826
 0.36728 1.68235
 0.3674 0.863194
 0.36752 0.0276429
 0.36764 -0.809621
 0.36776 -1.63636
 0.36788 -2.44392
 0.368 -3.22894
 0.36812 -3.98847
 0.36824 -4.71402
 0.36836 -5.39165
 0.36848 -6.00603
 0.3686 -6.53885
 0.36872 -6.97444
 0.36884 -7.30087
 0.36896 -7.50931
 0.36908 -7.59717
 0.3692 -7.56692
 0.36932 -7.42579
 0.36944 -7.18218
 0.36956 -6.84359
 0.36968 -6.41533
 0.3698 -5.90212
 0.36992 -5.307
 0.37004 -4.63353
 0.37016 -3.8871
 0.37028 -3.07855
 0.3704 -2.22159
 0.37052 -1.3334
 0.37064 -0.437488
 0.37076 0.444224
 0.37088 1.29297
 0.371 2.09804
 0.37112 2.85641
 0.37124 3.56775
 0.37136 4.23174
 0.37148 4.84755
 0.3716 5.41365
 0.37172 5.92866
 0.37184 6.39186
 0.37196 6.80278
 0.37208 7.16069
 0.3722 7.46462
 0.37232 7.71501
 0.37244 7.91412
 0.37256 8.06847
 0.37268 8.18984
 0.3728 8.28759
 0.37292 8.36482
 0.37304 8.41567
 0.37316 8.43214
 0.37328 8.40875
 0.3734 8.34192
 0.37352 8.22989
 0.37364 8.07088
 0.37376 7.86125
 0.37388 7.59517
 0.374 7.26759
 0.37412 6.87601
 0.37424 6.41832
 0.37436 5.89247
 0.37448 5.29894
 0.3746 4.63731
 0.37472 3.90698
 0.37484 3.1127
 0.37496 2.2669
 0.37508 1.38559
 0.3752 0.481671
 0.37532 -0.43359
 0.37544 -1.34958
 0.37556 -2.25758
 0.37568 -3.14822
 0.3758 -4.00792
 0.37592 -4.81949
 0.37604 -5.56646
 0.37616 -6.23239
 0.37628 -6.79914
 0.3764 -7.25098
 0.37652 -7.57943
 0.37664 -7.77719
 0.37676 -7.84002
 0.37688 -7.76942
 0.377 -7.57287
 0.37712 -7.25693
 0.37724 -6.82788
 0.37736 -6.29334
 0.37748 -5.66072
 0.3776 -4.93679
 0.37772 -4.13082
 0.37784 -3.25838
 0.37796 -2.34025
 0.37808 -1.39782
 0.3782 -0.455502
 0.37832 0.460068
 0.37844 1.32606
 0.37856 2.12521
 0.37868 2.84215
 0.3788 3.46462
 0.37892 3.98536
 0.37904 4.40177
 0.37916 4.71125
 0.37928 4.91644
 0.3794 5.01853
 0.37952 5.01717
 0.37964 4.91129
 0.37976 4.70329
 0.37988 4.40147
 0.38 4.01968
 0.38012 3.57131
 0.38024 3.07399
 0.38036 2.54751
 0.38048 2.00958
 0.3806 1.47247
 0.38072 0.94499
 0.38084 0.433376
 0.38096 -0.0610499
 0.38108 -0.540008
 0.3812 -1.00761
 0.38132 -1.47115
 0.38144 -1.93253
 0.38156 -2.39086
 0.38168 -2.83952
 0.3818 -3.27289
 0.38192 -3.69006
 0.38204 -4.09192
 0.38216 -4.47904
 0.38228 -4.85591
 0.3824 -5.22847
 0.38252 -5.60019
 0.38264 -5.96633
 0.38276 -6.31925
 0.38288 -6.64735
 0.383 -6.93579
 0.38312 -7.16896
 0.38324 -7.33007
 0.38336 -7.40145
 0.38348 -7.36893
 0.3836 -7.22385
 0.38372 -6.96941
 0.38384 -6.60912
 0.38396 -6.14484
 0.38408 -5.57808
 0.3842 -4.91126
 0.38432 -4.14597
 0.38444 -3.28377
 0.38456 -2.33074
 0.38468 -1.29772
 0.3848 -0.199961
 0.38492 0.940328
 0.38504 2.09984
 0.38516 3.25596
 0.38528 4.38491
 0.3854 5.46112
 0.38552 6.46048
 0.38564 7.36713
 0.38576 8.17422
 0.38588 8.87752
 0.386 9.47254
 0.38612 9.95315
 0.38624 10.3162
 0.38636 10.5583
 0.38648 10.6763
 0.3866 10.6692
 0.38672 10.5373
 0.38684 10.2896
 0.38696 9.94103
 0.38708 9.50717
 0.3872 9.00342
 0.38732 8.44688
 0.38744 7.85513
 0.38756 7.24259
 0.38768 6.61864
 0.3878 5.98782
 0.38792 5.35057
 0.38804 4.70934
 0.38816 4.06835
 0.38828 3.43211
 0.3884 2.80887
 0.38852 2.20839
 0.38864 1.64068
 0.38876 1.11425
 0.38888 0.630905
 0.389 0.190227
 0.38912 -0.210546
 0.38924 -0.575202
 0.38936 -0.908189
 0.38948 -1.21259
 0.3896 -1.48727
 0.38972 -1.72887
 0.38984 -1.93146
 0.38996 -2.08802
 0.39008 -2.19385
 0.3902 -2.24571
 0.39032 -2.24544
 0.39044 -2.20154
 0.39056 -2.12464
 0.39068 -2.02522
 0.3908 -1.91288
 0.39092 -1.79598
 0.39104 -1.68109
 0.39116 -1.57131
 0.39128 -1.46899
 0.3914 -1.37517
 0.39152 -1.29152
 0.39164 -1.22365
 0.39176 -1.17803
 0.39188 -1.15981
 0.392 -1.17238
 0.39212 -1.21957
 0.39224 -1.30375
 0.39236 -1.42222
 0.39248 -1.56526
 0.3926 -1.7227
 0.39272 -1.88497
 0.39284 -2.04267
 0.39296 -2.18655
 0.39308 -2.30896
 0.3932 -2.4044
 0.39332 -2.46818
 0.39344 -2.49904
 0.39356 -2.49604
 0.39368 -2.45598
 0.3938 -2.3772
 0.39392 -2.26141
 0.39404 -2.11164
 0.39416 -1.92967
 0.39428 -1.71836
 0.3944 -1.48517
 0.39452 -1.24226
 0.39464 -1.00208
 0.39476 -0.776322
 0.39488 -0.576208
 0.395 -0.412796
 0.39512 -0.296323
 0.39524 -0.235224
 0.39536 -0.236229
 0.39548 -0.302911
 0.3956 -0.43935
 0.39572 -0.650237
 0.39584 -0.939849
 0.39596 -1.31031
 0.39608 -1.76215
 0.3962 -2.29494
 0.39632 -2.90674
 0.39644 -3.59126
 0.39656 -4.33916
 0.39668 -5.1404
 0.3968 -5.98426
 0.39692 -6.85939
 0.39704 -7.75393
 0.39716 -8.6576
 0.39728 -9.56182
 0.3974 -10.4598
 0.39752 -11.345
 0.39764 -12.2084
 0.39776 -13.0383
 0.39788 -13.8191
 0.398 -14.5375
 0.39812 -15.1829
 0.39824 -15.7464
 0.39836 -16.2199
 0.39848 -16.5982
 0.3986 -16.879
 0.39872 -17.0609
 0.39884 -17.1458
 0.39896 -17.1371
 0.39908 -17.0389
 0.3992 -16.8544
 0.39932 -16.5865
 0.39944 -16.2369
 0.39956 -15.8101
 0.39968 -15.314
 0.3998 -14.7621
 0.39992 -14.1705
 0.40004 -13.5507
 0.40016 -12.9145
 0.40028 -12.2737
 0.4004 -11.6401
 0.40052 -11.0235
 0.40064 -10.4308
 0.40076 -9.86904
 0.40088 -9.34224
 0.401 -8.8534
 0.40112 -8.40486
 0.40124 -7.99668
 0.40136 -7.6293
 0.40148 -7.30356
 0.4016 -7.01774
 0.40172 -6.76792
 0.40184 -6.5465
 0.40196 -6.35064
 0.40208 -6.17942
 0.4022 -6.02856
 0.40232 -5.8939
 0.40244 -5.77232
 0.40256 -5.66237
 0.40268 -5.56219
 0.4028 -5.46872
 0.40292 -5.37922
 0.40304 -5.29093
 0.40316 -5.20232
 0.40328 -5.11494
 0.4034 -5.02759
 0.40352 -4.93919
 0.40364 -4.84975
 0.40376 -4.75999
 0.40388 -4.66962
 0.404 -4.5724
 0.40412 -4.4632
 0.40424 -4.33886
 0.40436 -4.19564
 0.40448 -4.02896
 0.4046 -3.83416
 0.40472 -3.60943
 0.40484 -3.35471
 0.40496 -3.07186
 0.40508 -2.76404
 0.4052 -2.43256
 0.40532 -2.07803
 0.40544 -1.7028
 0.40556 -1.30799
 0.40568 -0.893384
 0.4058 -0.459493
 0.40592 -0.00918116
 0.40604 0.451504
 0.40616 0.915993
 0.40628 1.37763
 0.4064 1.83127
 0.40652 2.27132
 0.40664 2.69298
 0.40676 3.09365
 0.40688 3.4721
 0.407 3.82909
 0.40712 4.16674
 0.40724 4.48173
 0.40736 4.76927
 0.40748 5.0235
 0.4076 5.23628
 0.40772 5.39851
 0.40784 5.5034
 0.40796 5.54597
 0.40808 5.52339
 0.4082 5.43525
 0.40832 5.28056
 0.40844 5.05884
 0.40856 4.77113
 0.40868 4.41794
 0.4088 3.99893
 0.40892 3.51538
 0.40904 2.96939
 0.40916 2.36571
 0.40928 1.71727
 0.4094 1.0387
 0.40952 0.344544
 0.40964 -0.348935
 0.40976 -1.0258
 0.40988 -1.67218
 0.41 -2.27579
 0.41012 -2.82397
 0.41024 -3.30388
 0.41036 -3.70339
 0.41048 -4.01679
 0.4106 -4.23975
 0.41072 -4.36688
 0.41084 -4.39346
 0.41096 -4.32052
 0.41108 -4.15249
 0.4112 -3.89865
 0.41132 -3.57226
 0.41144 -3.18553
 0.41156 -2.74505
 0.41168 -2.25844
 0.4118 -1.7342
 0.41192 -1.18129
 0.41204 -0.609983
 0.41216 -0.0378971
 0.41228 0.514987
 0.4124 1.03304
 0.41252 1.50748
 0.41264 1.92901
 0.41276 2.28583
 0.41288 2.56798
 0.413 2.77238
 0.41312 2.90055
 0.41324 2.95608
 0.41336 2.94295
 0.41348 2.86024
 0.4136 2.70007
 0.41372 2.45585
 0.41384 2.12494
 0.41396 1.70937
 0.41408 1.21873
 0.4142 0.671087
 0.41432 0.0847758
 0.41444 -0.525942
 0.41456 -1.15037
 0.41468 -1.77564
 0.4148 -2.38653
 0.41492 -2.96818
 0.41504 -3.51268
 0.41516 -4.01511
 0.41528 -4.47056
 0.4154 -4.87373
 0.41552 -5.21569
 0.41564 -5.48569
 0.41576 -5.67405
 0.41588 -5.77673
 0.416 -5.79642
 0.41612 -5.74319
 0.41624 -5.62751
 0.41636 -5.45862
 0.41648 -5.24389
 0.4166 -4.9881
 0.41672 -4.69864
 0.41684 -4.38581
 0.41696 -4.0603
 0.41708 -3.72838
 0.4172 -3.39664
 0.41732 -3.07238
 0.41744 -2.76273
 0.41756 -2.47295
 0.41768 -2.20706
 0.4178 -1.96778
 0.41792 -1.75398
 0.41804 -1.5606
 0.41816 -1.38238
 0.41828 -1.21807
 0.4184 -1.06706
 0.41852 -0.930754
 0.41864 -0.811884
 0.41876 -0.70782
 0.41888 -0.613413
 0.419 -0.525521
 0.41912 -0.443634
 0.41924 -0.365666
 0.41936 -0.289883
 0.41948 -0.215614
 0.4196 -0.145223
 0.41972 -0.0852873
 0.41984 -0.0432187
 0.41996 -0.026365
 0.42008 -0.0425516
 0.4202 -0.0956556
 0.42032 -0.187234
 0.42044 -0.318387
 0.42056 -0.488248
 0.42068 -0.698046
 0.4208 -0.955876
 0.42092 -1.26538
 0.42104 -1.62425
 0.42116 -2.02783
 0.42128 -2.46916
 0.4214 -2.93981
 0.42152 -3.43092
 0.42164 -3.92846
 0.42176 -4.41294
 0.42188 -4.86847
 0.422 -5.28202
 0.42212 -5.64235
 0.42224 -5.94136
 0.42236 -6.17229
 0.42248 -6.3289
 0.4226 -6.40547
 0.42272 -6.39265
 0.42284 -6.28005
 0.42296 -6.06687
 0.42308 -5.75701
 0.4232 -5.35683
 0.42332 -4.87837
 0.42344 -4.33343
 0.42356 -3.73693
 0.42368 -3.11108
 0.4238 -2.47868
 0.42392 -1.85575
 0.42404 -1.25537
 0.42416 -0.688927
 0.42428 -0.16592
 0.4244 0.305459
 0.42452 0.717103
 0.42464 1.05932
 0.42476 1.32038
 0.42488 1.49096
 0.425 1.56666
 0.42512 1.5442
 0.42524 1.42279
 0.42536 1.2046
 0.42548 0.891309
 0.4256 0.491607
 0.42572 0.0180457
 0.42584 -0.515949
 0.42596 -1.10006
 0.42608 -1.72419
 0.4262 -2.37786
 0.42632 -3.05005
 0.42644 -3.72967
 0.42656 -4.40474
 0.42668 -5.06029
 0.4268 -5.68038
 0.42692 -6.24843
 0.42704 -6.74838
 0.42716 -7.16482
 0.42728 -7.48331
 0.4274 -7.68959
 0.42752 -7.77075
 0.42764 -7.7186
 0.42776 -7.53178
 0.42788 -7.21443
 0.428 -6.77284
 0.42812 -6.21497
 0.42824 -5.55423
 0.42836 -4.80914
 0.42848 -3.99991
 0.4286 -3.14827
 0.42872 -2.2778
 0.42884 -1.41223
 0.42896 -0.576878
 0.42908 0.204483
 0.4292 0.909655
 0.42932 1.51576
 0.42944 1.99947
 0.42956 2.3384
 0.42968 2.51589
 0.4298 2.528
 0.42992 2.37516
 0.43004 2.06041
 0.43016 1.58946
 0.43028 0.978613
 0.4304 0.250394
 0.43052 -0.57083
 0.43064 -1.45951
 0.43076 -2.39043
 0.43088 -3.3397
 0.431 -4.28339
 0.43112 -5.20127
 0.43124 -6.07353
 0.43136 -6.87701
 0.43148 -7.58729
 0.4316 -8.17999
 0.43172 -8.64062
 0.43184 -8.96322
 0.43196 -9.14321
 0.43208 -9.17685
 0.4322 -9.06402
 0.43232 -8.81294
 0.43244 -8.4355
 0.43256 -7.94524
 0.43268 -7.35698
 0.4328 -6.68481
 0.43292 -5.94166
 0.43304 -5.13929
 0.43316 -4.28532
 0.43328 -3.38984
 0.4334 -2.46742
 0.43352 -1.53519
 0.43364 -0.612023
 0.43376 0.289234
 0.43388 1.15776
 0.434 1.98418
 0.43412 2.75958
 0.43424 3.47745
 0.43436 4.13509
 0.43448 4.73151
 0.4346 5.2678
 0.43472 5.74846
 0.43484 6.17813
 0.43496 6.56075
 0.43508 6.8969
 0.4352 7.18344
 0.43532 7.41923
 0.43544 7.60556
 0.43556 7.74627
 0.43568 7.84859
 0.4358 7.91829
 0.43592 7.96036
 0.43604 7.97766
 0.43616 7.97267
 0.43628 7.94531
 0.4364 7.89397
 0.43652 7.81663
 0.43664 7.70857
 0.43676 7.56095
 0.43688 7.36617
 0.437 7.11863
 0.43712 6.81755
 0.43724 6.46419
 0.43736 6.05939
 0.43748 5.60413
 0.4376 5.09904
 0.43772 4.54535
 0.43784 3.94419
 0.43796 3.29741
 0.43808 2.60786
 0.4382 1.88076
 0.43832 1.12575
 0.43844 0.352592
 0.43856 -0.431249
 0.43868 -1.21593
 0.4388 -1.99136
 0.43892 -2.75189
 0.43904 -3.49422
 0.43916 -4.21851
 0.43928 -4.92193
 0.4394 -5.59972
 0.43952 -6.2485
 0.43964 -6.86746
 0.43976 -7.45718
 0.43988 -8.01505
 0.44 -8.53888
 0.44012 -9.02691
 0.44024 -9.48287
 0.44036 -9.91477
 0.44048 -10.3292
 0.4406 -10.7296
 0.44072 -11.1199
 0.44084 -11.4998
 0.44096 -11.8638
 0.44108 -12.2041
 0.4412 -12.5111
 0.44132 -12.7821
 0.44144 -13.0158
 0.44156 -13.2106
 0.44168 -13.3622
 0.4418 -13.4704
 0.44192 -13.5361
 0.44204 -13.5597
 0.44216 -13.5407
 0.44228 -13.4739
 0.4424 -13.3511
 0.44252 -13.1657
 0.44264 -12.9129
 0.44276 -12.59
 0.44288 -12.1994
 0.443 -11.7461
 0.44312 -11.2391
 0.44324 -10.6881
 0.44336 -10.0998
 0.44348 -9.47963
 0.4436 -8.83241
 0.44372 -8.16162
 0.44384 -7.46797
 0.44396 -6.75466
 0.44408 -6.02495
 0.4442 -5.28237
 0.44432 -4.5309
 0.44444 -3.77563
 0.44456 -3.02095
 0.44468 -2.26844
 0.4448 -1.51795
 0.44492 -0.767985
 0.44504 -0.0151058
 0.44516 0.746492
 0.44528 1.52301
 0.4454 2.32145
 0.44552 3.14618
 0.44564 4.00134
 0.44576 4.88492
 0.44588 5.79454
 0.446 6.72785
 0.44612 7.68144
 0.44624 8.64851
 0.44636 9.61683
 0.44648 10.5732
 0.4466 11.5041
 0.44672 12.3946
 0.44684 13.2319
 0.44696 14.0027
 0.44708 14.6936
 0.4472 15.2918
 0.44732 15.7847
 0.44744 16.1602
 0.44756 16.4058
 0.44768 16.5084
 0.4478 16.4644
 0.44792 16.2727
 0.44804 15.9383
 0.44816 15.4692
 0.44828 14.8829
 0.4484 14.2028
 0.44852 13.4518
 0.44864 12.6519
 0.44876 11.8224
 0.44888 10.9809
 0.449 10.145
 0.44912 9.33161
 0.44924 8.55509
 0.44936 7.82904
 0.44948 7.16606
 0.4496 6.58295
 0.44972 6.09583
 0.44984 5.71454
 0.44996 5.4414
 0.45008 5.26965
 0.4502 5.18936
 0.45032 5.18314
 0.45044 5.23349
 0.45056 5.32461
 0.45068 5.44474
 0.4508 5.58423
 0.45092 5.73395
 0.45104 5.88487
 0.45116 6.02904
 0.45128 6.1598
 0.4514 6.2722
 0.45152 6.36161
 0.45164 6.42177
 0.45176 6.44883
 0.45188 6.44338
 0.452 6.41597
 0.45212 6.38138
 0.45224 6.35345
 0.45236 6.34615
 0.45248 6.37198
 0.4526 6.44024
 0.45272 6.55536
 0.45284 6.72108
 0.45296 6.94098
 0.45308 7.21862
 0.4532 7.55715
 0.45332 7.95847
 0.45344 8.42247
 0.45356 8.94798
 0.45368 9.52928
 0.4538 10.156
 0.45392 10.8129
 0.45404 11.4759
 0.45416 12.1218
 0.45428 12.7316
 0.4544 13.2875
 0.45452 13.7724
 0.45464 14.1731
 0.45476 14.481
 0.45488 14.6871
 0.455 14.7826
 0.45512 14.7587
 0.45524 14.6069
 0.45536 14.3235
 0.45548 13.907
 0.4556 13.3589
 0.45572 12.6875
 0.45584 11.9071
 0.45596 11.0376
 0.45608 10.1072
 0.4562 9.14183
 0.45632 8.16505
 0.45644 7.19951
 0.45656 6.26658
 0.45668 5.38145
 0.4568 4.55634
 0.45692 3.80385
 0.45704 3.13659
 0.45716 2.56788
 0.45728 2.10965
 0.4574 1.76658
 0.45752 1.54009
 0.45764 1.42822
 0.45776 1.42378
 0.45788 1.51278
 0.458 1.67546
 0.45812 1.88811
 0.45824 2.12809
 0.45836 2.37266
 0.45848 2.60074
 0.4586 2.79744
 0.45872 2.95663
 0.45884 3.07331
 0.45896 3.14229
 0.45908 3.15805
 0.4592 3.11076
 0.45932 2.99093
 0.45944 2.79494
 0.45956 2.52233
 0.45968 2.17417
 0.4598 1.75548
 0.45992 1.27536
 0.46004 0.745142
 0.46016 0.176618
 0.46028 -0.418103
 0.4604 -1.02263
 0.46052 -1.62291
 0.46064 -2.21468
 0.46076 -2.79764
 0.46088 -3.36982
 0.461 -3.92904
 0.46112 -4.47131
 0.46124 -4.98476
 0.46136 -5.45666
 0.46148 -5.87699
 0.4616 -6.23821
 0.46172 -6.53127
 0.46184 -6.74752
 0.46196 -6.8791
 0.46208 -6.91828
 0.4622 -6.8572
 0.46232 -6.69059
 0.46244 -6.42147
 0.46256 -6.05025
 0.46268 -5.57334
 0.4628 -4.99566
 0.46292 -4.32629
 0.46304 -3.57467
 0.46316 -2.75365
 0.46328 -1.88151
 0.4634 -0.978319
 0.46352 -0.0620532
 0.46364 0.853803
 0.46376 1.75141
 0.46388 2.61202
 0.464 3.41722
 0.46412 4.14876
 0.46424 4.78845
 0.46436 5.32232
 0.46448 5.74148
 0.4646 6.03538
 0.46472 6.19924
 0.46484 6.24205
 0.46496 6.17569
 0.46508 6.0128
 0.4652 5.7701
 0.46532 5.46648
 0.46544 5.12314
 0.46556 4.75402
 0.46568 4.36767
 0.4658 3.9754
 0.46592 3.58829
 0.46604 3.21622
 0.46616 2.86898
 0.46628 2.55583
 0.4664 2.28335
 0.46652 2.05723
 0.46664 1.88381
 0.46676 1.76269
 0.46688 1.6884
 0.467 1.65498
 0.46712 1.6545
 0.46724 1.67566
 0.46736 1.70695
 0.46748 1.73691
 0.4676 1.76332
 0.46772 1.78675
 0.46784 1.80755
 0.46796 1.82716
 0.46808 1.84743
 0.4682 1.86974
 0.46832 1.89669
 0.46844 1.93226
 0.46856 1.97979
 0.46868 2.0415
 0.4688 2.11849
 0.46892 2.20944
 0.46904 2.3126
 0.46916 2.42833
 0.46928 2.5562
 0.4694 2.6945
 0.46952 2.8395
 0.46964 2.98337
 0.46976 3.11746
 0.46988 3.23259
 0.47 3.31936
 0.47012 3.36995
 0.47024 3.37757
 0.47036 3.33383
 0.47048 3.23011
 0.4706 3.06037
 0.47072 2.82157
 0.47084 2.51443
 0.47096 2.14297
 0.47108 1.71133
 0.4712 1.22307
 0.47132 0.685599
 0.47144 0.107626
 0.47156 -0.50228
 0.47168 -1.1353
 0.4718 -1.78199
 0.47192 -2.43243
 0.47204 -3.07756
 0.47216 -3.71075
 0.47228 -4.32583
 0.4724 -4.91566
 0.47252 -5.47471
 0.47264 -6.00161
 0.47276 -6.4975
 0.47288 -6.96495
 0.473 -7.40911
 0.47312 -7.83348
 0.47324 -8.2422
 0.47336 -8.64222
 0.47348 -9.03796
 0.4736 -9.42883
 0.47372 -9.81391
 0.47384 -10.1929
 0.47396 -10.5658
 0.47408 -10.932
 0.4742 -11.2899
 0.47432 -11.6385
 0.47444 -11.9769
 0.47456 -12.3017
 0.47468 -12.6071
 0.4748 -12.8852
 0.47492 -13.1256
 0.47504 -13.3167
 0.47516 -13.4504
 0.47528 -13.5187
 0.4754 -13.5137
 0.47552 -13.4368
 0.47564 -13.2943
 0.47576 -13.0931
 0.47588 -12.8394
 0.476 -12.5391
 0.47612 -12.1968
 0.47624 -11.8166
 0.47636 -11.4013
 0.47648 -10.9538
 0.4766 -10.478
 0.47672 -9.97849
 0.47684 -9.46449
 0.47696 -8.94876
 0.47708 -8.44328
 0.4772 -7.95542
 0.47732 -7.49131
 0.47744 -7.05407
 0.47756 -6.63943
 0.47768 -6.2416
 0.4778 -5.85512
 0.47792 -5.47637
 0.47804 -5.10317
 0.47816 -4.73469
 0.47828 -4.37046
 0.4784 -4.01245
 0.47852 -3.66279
 0.47864 -3.32389
 0.47876 -2.99755
 0.47888 -2.68121
 0.479 -2.37167
 0.47912 -2.06695
 0.47924 -1.76868
 0.47936 -1.48017
 0.47948 -1.20676
 0.4796 -0.955428
 0.47972 -0.732986
 0.47984 -0.543649
 0.47996 -0.388223
 0.48008 -0.266298
 0.4802 -0.179512
 0.48032 -0.12852
 0.48044 -0.112149
 0.48056 -0.12929
 0.48068 -0.17838
 0.4808 -0.258741
 0.48092 -0.369983
 0.48104 -0.510963
 0.48116 -0.681202
 0.48128 -0.878268
 0.4814 -1.0981
 0.48152 -1.33651
 0.48164 -1.58923
 0.48176 -1.85197
 0.48188 -2.12249
 0.482 -2.40018
 0.48212 -2.68389
 0.48224 -2.96843
 0.48236 -3.2486
 0.48248 -3.51857
 0.4826 -3.77288
 0.48272 -4.00578
 0.48284 -4.20944
 0.48296 -4.37752
 0.48308 -4.50292
 0.4832 -4.57848
 0.48332 -4.5984
 0.48344 -4.55728
 0.48356 -4.44904
 0.48368 -4.26745
 0.4838 -4.00867
 0.48392 -3.67123
 0.48404 -3.25408
 0.48416 -2.75793
 0.48428 -2.18748
 0.4844 -1.55098
 0.48452 -0.857235
 0.48464 -0.114509
 0.48476 0.666842
 0.48488 1.4726
 0.485 2.28961
 0.48512 3.10507
 0.48524 3.90894
 0.48536 4.69177
 0.48548 5.44257
 0.4856 6.14752
 0.48572 6.79162
 0.48584 7.36354
 0.48596 7.85586
 0.48608 8.26204
 0.4862 8.57664
 0.48632 8.79827
 0.48644 8.92851
 0.48656 8.96926
 0.48668 8.9226
 0.4868 8.79449
 0.48692 8.59391
 0.48704 8.32979
 0.48716 8.00774
 0.48728 7.62973
 0.4874 7.1965
 0.48752 6.71394
 0.48764 6.1928
 0.48776 5.64793
 0.48788 5.09171
 0.488 4.53423
 0.48812 3.9851
 0.48824 3.45362
 0.48836 2.94735
 0.48848 2.47498
 0.4886 2.04297
 0.48872 1.656
 0.48884 1.31577
 0.48896 1.02136
 0.48908 0.771845
 0.4892 0.569497
 0.48932 0.421542
 0.48944 0.334847
 0.48956 0.309301
 0.48968 0.338677
 0.4898 0.411937
 0.48992 0.519324
 0.49004 0.652663
 0.49016 0.803964
 0.49028 0.966226
 0.4904 1.12767
 0.49052 1.27545
 0.49064 1.40182
 0.49076 1.50263
 0.49088 1.57523
 0.491 1.61984
 0.49112 1.63393
 0.49124 1.61232
 0.49136 1.5466
 0.49148 1.43107
 0.4916 1.26618
 0.49172 1.057
 0.49184 0.810616
 0.49196 0.532577
 0.49208 0.226801
 0.4922 -0.103608
 0.49232 -0.453322
 0.49244 -0.810635
 0.49256 -1.1683
 0.49268 -1.52588
 0.4928 -1.88601
 0.49292 -2.25249
 0.49304 -2.62813
 0.49316 -3.01082
 0.49328 -3.3973
 0.4934 -3.78389
 0.49352 -4.1704
 0.49364 -4.55987
 0.49376 -4.95514
 0.49388 -5.35915
 0.494 -5.77309
 0.49412 -6.19668
 0.49424 -6.62979
 0.49436 -7.0758
 0.49448 -7.5373
 0.4946 -8.0083
 0.49472 -8.47766
 0.49484 -8.93348
 0.49496 -9.36342
 0.49508 -9.76123
 0.4952 -10.125
 0.49532 -10.453
 0.49544 -10.7431
 0.49556 -10.9906
 0.49568 -11.1928
 0.4958 -11.3491
 0.49592 -11.4579
 0.49604 -11.518
 0.49616 -11.5291
 0.49628 -11.4923
 0.4964 -11.4096
 0.49652 -11.2896
 0.49664 -11.1507
 0.49676 -11.0131
 0.49688 -10.8961
 0.497 -10.8167
 0.49712 -10.7769
 0.49724 -10.7749
 0.49736 -10.809
 0.49748 -10.8774
 0.4976 -10.9781
 0.49772 -11.1045
 0.49784 -11.25
 0.49796 -11.4108
 0.49808 -11.5836
 0.4982 -11.764
 0.49832 -11.9426
 0.49844 -12.1076
 0.49856 -12.2373
 0.49868 -12.3036
 0.4988 -12.279
 0.49892 -12.1387
 0.49904 -11.8697
 0.49916 -11.4775
 0.49928 -10.9694
 0.4994 -10.353
 0.49952 -9.63791
 0.49964 -8.83615
 0.49976 -7.96286
 0.49988 -7.03173
 0.5 -6.05418
 0.50012 -5.04004
 0.50024 -4.00133
 0.50036 -2.95547
 0.50048 -1.92252
 0.5006 -0.929023
 0.50072 -0.00270495
 0.50084 0.831468
 0.50096 1.55425
 0.50108 2.16052
 0.5012 2.6538
 0.50132 3.03787
 0.50144 3.31903
 0.50156 3.50894
 0.50168 3.62043
 0.5018 3.66581
 0.50192 3.65572
 0.50204 3.59871
 0.50216 3.50121
 0.50228 3.37291
 0.5024 3.22626
 0.50252 3.07454
 0.50264 2.93136
 0.50276 2.80802
 0.50288 2.7116
 0.503 2.64495
 0.50312 2.60574
 0.50324 2.59046
 0.50336 2.59514
 0.50348 2.61129
 0.5036 2.62536
 0.50372 2.62729
 0.50384 2.60998
 0.50396 2.57001
 0.50408 2.50721
 0.5042 2.4216
 0.50432 2.31067
 0.50444 2.17295
 0.50456 2.00809
 0.50468 1.81889
 0.5048 1.61109
 0.50492 1.39293
 0.50504 1.17335
 0.50516 0.960384
 0.50528 0.761542
 0.5054 0.584863
 0.50552 0.439265
 0.50564 0.335058
 0.50576 0.279393
 0.50588 0.275897
 0.506 0.322722
 0.50612 0.415334
 0.50624 0.551825
 0.50636 0.731357
 0.50648 0.95119
 0.5066 1.20595
 0.50672 1.48699
 0.50684 1.78486
 0.50696 2.08963
 0.50708 2.3932
 0.5072 2.6929
 0.50732 2.98665
 0.50744 3.27349
 0.50756 3.55617
 0.50768 3.83471
 0.5078 4.10826
 0.50792 4.37753
 0.50804 4.64656
 0.50816 4.91949
 0.50828 5.19604
 0.5084 5.47564
 0.50852 5.75837
 0.50864 6.04694
 0.50876 6.34528
 0.50888 6.65703
 0.509 6.98567
 0.50912 7.32914
 0.50924 7.67908
 0.50936 8.02771
 0.50948 8.36662
 0.5096 8.68294
 0.50972 8.96882
 0.50984 9.21902
 0.50996 9.429
 0.51008 9.59455
 0.5102 9.7136
 0.51032 9.78764
 0.51044 9.81841
 0.51056 9.80847
 0.51068 9.7593
 0.5108 9.67094
 0.51092 9.54293
 0.51104 9.37528
 0.51116 9.1724
 0.51128 8.94075
 0.5114 8.68485
 0.51152 8.40873
 0.51164 8.12076
 0.51176 7.82581
 0.51188 7.52728
 0.512 7.22825
 0.51212 6.93082
 0.51224 6.63481
 0.51236 6.33816
 0.51248 6.03879
 0.5126 5.73445
 0.51272 5.42563
 0.51284 5.1161
 0.51296 4.8114
 0.51308 4.51815
 0.5132 4.2453
 0.51332 3.9998
 0.51344 3.78875
 0.51356 3.61851
 0.51368 3.4936
 0.5138 3.41905
 0.51392 3.39976
 0.51404 3.43868
 0.51416 3.53834
 0.51428 3.70294
 0.5144 3.93671
 0.51452 4.24109
 0.51464 4.61332
 0.51476 5.04372
 0.51488 5.51815
 0.515 6.0206
 0.51512 6.52969
 0.51524 7.02031
 0.51536 7.47534
 0.51548 7.88002
 0.5156 8.2191
 0.51572 8.47733
 0.51584 8.63953
 0.51596 8.69194
 0.51608 8.62433
 0.5162 8.4268
 0.51632 8.08957
 0.51644 7.60504
 0.51656 6.97189
 0.51668 6.19885
 0.5168 5.30297
 0.51692 4.30292
 0.51704 3.21912
 0.51716 2.07813
 0.51728 0.905476
 0.5174 -0.282055
 0.51752 -1.46804
 0.51764 -2.63324
 0.51776 -3.75693
 0.51788 -4.81599
 0.518 -5.79113
 0.51812 -6.66609
 0.51824 -7.42504
 0.51836 -8.0539
 0.51848 -8.54201
 0.5186 -8.88669
 0.51872 -9.097
 0.51884 -9.18409
 0.51896 -9.15569
 0.51908 -9.02131
 0.5192 -8.79313
 0.51932 -8.48187
 0.51944 -8.09628
 0.51956 -7.64725
 0.51968 -7.14933
 0.5198 -6.62164
 0.51992 -6.08511
 0.52004 -5.55541
 0.52016 -5.04652
 0.52028 -4.57083
 0.5204 -4.13827
 0.52052 -3.75379
 0.52064 -3.41538
 0.52076 -3.11604
 0.52088 -2.85424
 0.521 -2.63364
 0.52112 -2.45557
 0.52124 -2.31895
 0.52136 -2.22
 0.52148 -2.1536
 0.5216 -2.11249
 0.52172 -2.08709
 0.52184 -2.06425
 0.52196 -2.03249
 0.52208 -1.98358
 0.5222 -1.91008
 0.52232 -1.80734
 0.52244 -1.67421
 0.52256 -1.51424
 0.52268 -1.33288
 0.5228 -1.13491
 0.52292 -0.916488
 0.52304 -0.669692
 0.52316 -0.390385
 0.52328 -0.0802847
 0.5234 0.255633
 0.52352 0.611733
 0.52364 0.981729
 0.52376 1.35931
 0.52388 1.73996
 0.524 2.12126
 0.52412 2.50166
 0.52424 2.88075
 0.52436 3.26107
 0.52448 3.64678
 0.5246 4.04232
 0.52472 4.45097
 0.52484 4.87375
 0.52496 5.30292
 0.52508 5.72744
 0.5252 6.14086
 0.52532 6.54338
 0.52544 6.93668
 0.52556 7.32367
 0.52568 7.70762
 0.5258 8.08957
 0.52592 8.46726
 0.52604 8.83777
 0.52616 9.19793
 0.52628 9.54154
 0.5264 9.86067
 0.52652 10.1497
 0.52664 10.4046
 0.52676 10.6211
 0.52688 10.7969
 0.527 10.9362
 0.52712 11.0459
 0.52724 11.1294
 0.52736 11.1866
 0.52748 11.2148
 0.5276 11.2069
 0.52772 11.1557
 0.52784 11.0556
 0.52796 10.9015
 0.52808 10.6884
 0.5282 10.4127
 0.52832 10.0758
 0.52844 9.67913
 0.52856 9.22273
 0.52868 8.70893
 0.5288 8.14591
 0.52892 7.54091
 0.52904 6.89846
 0.52916 6.22188
 0.52928 5.51575
 0.5294 4.78803
 0.52952 4.052
 0.52964 3.32592
 0.52976 2.62787
 0.52988 1.97505
 0.53 1.3855
 0.53012 0.875801
 0.53024 0.459921
 0.53036 0.14841
 0.53048 -0.0490221
 0.5306 -0.12446
 0.53072 -0.0789484
 0.53084 0.0789319
 0.53096 0.340495
 0.53108 0.697926
 0.5312 1.14356
 0.53132 1.6659
 0.53144 2.24902
 0.53156 2.87231
 0.53168 3.51241
 0.5318 4.14869
 0.53192 4.76439
 0.53204 5.3425
 0.53216 5.86785
 0.53228 6.32677
 0.5324 6.70688
 0.53252 6.9978
 0.53264 7.19223
 0.53276 7.29154
 0.53288 7.30185
 0.533 7.22902
 0.53312 7.07758
 0.53324 6.85323
 0.53336 6.56746
 0.53348 6.23517
 0.5336 5.87338
 0.53372 5.50012
 0.53384 5.1263
 0.53396 4.75752
 0.53408 4.40108
 0.5342 4.064
 0.53432 3.7533
 0.53444 3.47641
 0.53456 3.23987
 0.53468 3.0485
 0.5348 2.90344
 0.53492 2.80287
 0.53504 2.74685
 0.53516 2.73672
 0.53528 2.77308
 0.5354 2.85282
 0.53552 2.97069
 0.53564 3.11967
 0.53576 3.29404
 0.53588 3.49487
 0.536 3.72593
 0.53612 3.98986
 0.53624 4.28931
 0.53636 4.62317
 0.53648 4.98719
 0.5366 5.37661
 0.53672 5.78631
 0.53684 6.21281
 0.53696 6.65334
 0.53708 7.10344
 0.5372 7.55849
 0.53732 8.01386
 0.53744 8.46651
 0.53756 8.91458
 0.53768 9.35753
 0.5378 9.79264
 0.53792 10.2138
 0.53804 10.6115
 0.53816 10.9733
 0.53828 11.2863
 0.5384 11.5454
 0.53852 11.7474
 0.53864 11.8912
 0.53876 11.9767
 0.53888 12.0033
 0.539 11.9711
 0.53912 11.88
 0.53924 11.7278
 0.53936 11.5116
 0.53948 11.2282
 0.5396 10.8746
 0.53972 10.4467
 0.53984 9.94198
 0.53996 9.35984
 0.54008 8.70529
 0.5402 7.98989
 0.54032 7.22494
 0.54044 6.41816
 0.54056 5.57738
 0.54068 4.70705
 0.5408 3.81127
 0.54092 2.89407
 0.54104 1.9587
 0.54116 1.0103
 0.54128 0.0593259
 0.5414 -0.882194
 0.54152 -1.8036
 0.54164 -2.69332
 0.54176 -3.5394
 0.54188 -4.33058
 0.542 -5.05737
 0.54212 -5.71403
 0.54224 -6.30063
 0.54236 -6.81856
 0.54248 -7.26924
 0.5426 -7.6527
 0.54272 -7.96727
 0.54284 -8.21167
 0.54296 -8.38429
 0.54308 -8.48263
 0.5432 -8.50724
 0.54332 -8.46377
 0.54344 -8.35903
 0.54356 -8.19944
 0.54368 -7.9922
 0.5438 -7.74353
 0.54392 -7.45989
 0.54404 -7.14764
 0.54416 -6.81327
 0.54428 -6.4599
 0.5444 -6.08826
 0.54452 -5.70083
 0.54464 -5.30155
 0.54476 -4.89456
 0.54488 -4.48323
 0.545 -4.07138
 0.54512 -3.66385
 0.54524 -3.2657
 0.54536 -2.88061
 0.54548 -2.5109
 0.5456 -2.15831
 0.54572 -1.82519
 0.54584 -1.5144
 0.54596 -1.22555
 0.54608 -0.956946
 0.5462 -0.70468
 0.54632 -0.467695
 0.54644 -0.246603
 0.54656 -0.0403136
 0.54668 0.153061
 0.5468 0.335787
 0.54692 0.510354
 0.54704 0.678316
 0.54716 0.842975
 0.54728 1.01171
 0.5474 1.19196
 0.54752 1.38707
 0.54764 1.59898
 0.54776 1.83046
 0.54788 2.08138
 0.548 2.34731
 0.54812 2.62253
 0.54824 2.89997
 0.54836 3.17389
 0.54848 3.43901
 0.5486 3.68867
 0.54872 3.91467
 0.54884 4.10528
 0.54896 4.24707
 0.54908 4.32855
 0.5492 4.33842
 0.54932 4.26297
 0.54944 4.09195
 0.54956 3.82424
 0.54968 3.46004
 0.5498 2.9997
 0.54992 2.44705
 0.55004 1.80769
 0.55016 1.08778
 0.55028 0.296722
 0.5504 -0.553569
 0.55052 -1.45069
 0.55064 -2.37777
 0.55076 -3.31397
 0.55088 -4.23162
 0.551 -5.10115
 0.55112 -5.89538
 0.55124 -6.59137
 0.55136 -7.16685
 0.55148 -7.60927
 0.5516 -7.9155
 0.55172 -8.08306
 0.55184 -8.11024
 0.55196 -7.99632
 0.55208 -7.74077
 0.5522 -7.34441
 0.55232 -6.81654
 0.55244 -6.16777
 0.55256 -5.41102
 0.55268 -4.56577
 0.5528 -3.65839
 0.55292 -2.72046
 0.55304 -1.78481
 0.55316 -0.881492
 0.55328 -0.0354255
 0.5534 0.730935
 0.55352 1.40644
 0.55364 1.98422
 0.55376 2.45902
 0.55388 2.82663
 0.554 3.08273
 0.55412 3.22322
 0.55424 3.24725
 0.55436 3.15973
 0.55448 2.96316
 0.5546 2.66324
 0.55472 2.2719
 0.55484 1.8095
 0.55496 1.29871
 0.55508 0.764567
 0.5552 0.229184
 0.55532 -0.289315
 0.55544 -0.776146
 0.55556 -1.22288
 0.55568 -1.62209
 0.5558 -1.96991
 0.55592 -2.2631
 0.55604 -2.49833
 0.55616 -2.67269
 0.55628 -2.7833
 0.5564 -2.82267
 0.55652 -2.78078
 0.55664 -2.64916
 0.55676 -2.42614
 0.55688 -2.11877
 0.557 -1.73608
 0.55712 -1.29106
 0.55724 -0.792581
 0.55736 -0.247548
 0.55748 0.340013
 0.5576 0.967126
 0.55772 1.63241
 0.55784 2.33898
 0.55796 3.08948
 0.55808 3.88701
 0.5582 4.73296
 0.55832 5.62029
 0.55844 6.53122
 0.55856 7.44642
 0.55868 8.34665
 0.5588 9.21864
 0.55892 10.0555
 0.55904 10.8519
 0.55916 11.6048
 0.55928 12.3083
 0.5594 12.9558
 0.55952 13.54
 0.55964 14.0539
 0.55976 14.486
 0.55988 14.8219
 0.56 15.0486
 0.56012 15.1532
 0.56024 15.1279
 0.56036 14.9759
 0.56048 14.7071
 0.5606 14.332
 0.56072 13.8643
 0.56084 13.315
 0.56096 12.6931
 0.56108 12.0058
 0.5612 11.2601
 0.56132 10.4641
 0.56144 9.62581
 0.56156 8.75313
 0.56168 7.85737
 0.5618 6.9551
 0.56192 6.06162
 0.56204 5.1906
 0.56216 4.35499
 0.56228 3.5631
 0.5624 2.82001
 0.56252 2.13062
 0.56264 1.49692
 0.56276 0.916121
 0.56288 0.385378
 0.563 -0.0970788
 0.56312 -0.52985
 0.56324 -0.91193
 0.56336 -1.24427
 0.56348 -1.52743
 0.5636 -1.76279
 0.56372 -1.95791
 0.56384 -2.12194
 0.56396 -2.26009
 0.56408 -2.3792
 0.5642 -2.48637
 0.56432 -2.5852
 0.56444 -2.68176
 0.56456 -2.78119
 0.56468 -2.88359
 0.5648 -2.98624
 0.56492 -3.08616
 0.56504 -3.18198
 0.56516 -3.2758
 0.56528 -3.36791
 0.5654 -3.45696
 0.56552 -3.54297
 0.56564 -3.62518
 0.56576 -3.70095
 0.56588 -3.76881
 0.566 -3.8281
 0.56612 -3.87359
 0.56624 -3.90118
 0.56636 -3.91003
 0.56648 -3.89791
 0.5666 -3.86644
 0.56672 -3.82181
 0.56684 -3.77179
 0.56696 -3.72319
 0.56708 -3.68088
 0.5672 -3.6474
 0.56732 -3.62598
 0.56744 -3.61937
 0.56756 -3.62881
 0.56768 -3.65372
 0.5678 -3.69203
 0.56792 -3.74164
 0.56804 -3.80364
 0.56816 -3.88199
 0.56828 -3.97934
 0.5684 -4.09726
 0.56852 -4.23728
 0.56864 -4.39715
 0.56876 -4.56914
 0.56888 -4.74514
 0.569 -4.92016
 0.56912 -5.09095
 0.56924 -5.25735
 0.56936 -5.41986
 0.56948 -5.57967
 0.5696 -5.73891
 0.56972 -5.90192
 0.56984 -6.07396
 0.56996 -6.25705
 0.57008 -6.44815
 0.5702 -6.64257
 0.57032 -6.83492
 0.57044 -7.01953
 0.57056 -7.18993
 0.57068 -7.34269
 0.5708 -7.47927
 0.57092 -7.60024
 0.57104 -7.70546
 0.57116 -7.79381
 0.57128 -7.86195
 0.5714 -7.90587
 0.57152 -7.92063
 0.57164 -7.90003
 0.57176 -7.8362
 0.57188 -7.7213
 0.572 -7.55362
 0.57212 -7.33564
 0.57224 -7.0713
 0.57236 -6.76596
 0.57248 -6.42645
 0.5726 -6.06171
 0.57272 -5.67868
 0.57284 -5.28303
 0.57296 -4.87915
 0.57308 -4.46812
 0.5732 -4.05018
 0.57332 -3.6272
 0.57344 -3.20404
 0.57356 -2.788
 0.57368 -2.38907
 0.5738 -2.01806
 0.57392 -1.6848
 0.57404 -1.39546
 0.57416 -1.15471
 0.57428 -0.966329
 0.5744 -0.830267
 0.57452 -0.743599
 0.57464 -0.702838
 0.57476 -0.704663
 0.57488 -0.745694
 0.575 -0.823315
 0.57512 -0.937783
 0.57524 -1.08993
 0.57536 -1.27684
 0.57548 -1.49242
 0.5756 -1.72837
 0.57572 -1.97551
 0.57584 -2.22632
 0.57596 -2.47369
 0.57608 -2.71041
 0.5762 -2.92852
 0.57632 -3.12097
 0.57644 -3.28631
 0.57656 -3.42421
 0.57668 -3.53276
 0.5768 -3.61022
 0.57692 -3.65555
 0.57704 -3.67075
 0.57716 -3.65769
 0.57728 -3.61967
 0.5774 -3.56256
 0.57752 -3.49085
 0.57764 -3.40705
 0.57776 -3.3096
 0.57788 -3.19554
 0.578 -3.06239
 0.57812 -2.90941
 0.57824 -2.7396
 0.57836 -2.55515
 0.57848 -2.35552
 0.5786 -2.14087
 0.57872 -1.91291
 0.57884 -1.67364
 0.57896 -1.42294
 0.57908 -1.15724
 0.5792 -0.872233
 0.57932 -0.560988
 0.57944 -0.216928
 0.57956 0.161934
 0.57968 0.568347
 0.5798 0.990448
 0.57992 1.4174
 0.58004 1.83938
 0.58016 2.25054
 0.58028 2.64926
 0.5804 3.03421
 0.58052 3.40379
 0.58064 3.75695
 0.58076 4.09448
 0.58088 4.41705
 0.581 4.72155
 0.58112 5.00419
 0.58124 5.26163
 0.58136 5.48726
 0.58148 5.67461
 0.5816 5.82198
 0.58172 5.93895
 0.58184 6.03672
 0.58196 6.12357
 0.58208 6.20629
 0.5822 6.2879
 0.58232 6.36809
 0.58244 6.44573
 0.58256 6.51985
 0.58268 6.58863
 0.5828 6.64797
 0.58292 6.69695
 0.58304 6.73858
 0.58316 6.77427
 0.58328 6.80338
 0.5834 6.8268
 0.58352 6.84738
 0.58364 6.86449
 0.58376 6.87148
 0.58388 6.86114
 0.584 6.83015
 0.58412 6.77713
 0.58424 6.7033
 0.58436 6.61248
 0.58448 6.50792
 0.5846 6.39236
 0.58472 6.269
 0.58484 6.13879
 0.58496 5.99803
 0.58508 5.84003
 0.5852 5.65987
 0.58532 5.4565
 0.58544 5.22799
 0.58556 4.97
 0.58568 4.67948
 0.5858 4.35749
 0.58592 4.00408
 0.58604 3.61424
 0.58616 3.18094
 0.58628 2.69595
 0.5864 2.15371
 0.58652 1.55148
 0.58664 0.887075
 0.58676 0.163946
 0.58688 -0.607133
 0.587 -1.41271
 0.58712 -2.23685
 0.58724 -3.06629
 0.58736 -3.89102
 0.58748 -4.69704
 0.5876 -5.46922
 0.58772 -6.19387
 0.58784 -6.86139
 0.58796 -7.45761
 0.58808 -7.96441
 0.5882 -8.36198
 0.58832 -8.63496
 0.58844 -8.77772
 0.58856 -8.78688
 0.58868 -8.66149
 0.5888 -8.41313
 0.58892 -8.05931
 0.58904 -7.6187
 0.58916 -7.10989
 0.58928 -6.54608
 0.5894 -5.94125
 0.58952 -5.31387
 0.58964 -4.68245
 0.58976 -4.06367
 0.58988 -3.47313
 0.59 -2.93005
 0.59012 -2.45613
 0.59024 -2.07452
 0.59036 -1.79609
 0.59048 -1.6233
 0.5906 -1.5581
 0.59072 -1.59746
 0.59084 -1.72758
 0.59096 -1.93149
 0.59108 -2.19233
 0.5912 -2.49546
 0.59132 -2.83096
 0.59144 -3.18571
 0.59156 -3.5443
 0.59168 -3.89127
 0.5918 -4.21201
 0.59192 -4.49206
 0.59204 -4.71682
 0.59216 -4.86939
 0.59228 -4.9357
 0.5924 -4.91298
 0.59252 -4.80111
 0.59264 -4.60172
 0.59276 -4.32148
 0.59288 -3.97177
 0.593 -3.56571
 0.59312 -3.11607
 0.59324 -2.63417
 0.59336 -2.13158
 0.59348 -1.62367
 0.5936 -1.12809
 0.59372 -0.662535
 0.59384 -0.244396
 0.59396 0.110344
 0.59408 0.389011
 0.5942 0.580351
 0.59432 0.678252
 0.59444 0.680164
 0.59456 0.586761
 0.59468 0.402535
 0.5948 0.13433
 0.59492 -0.211485
 0.59504 -0.62844
 0.59516 -1.11025
 0.59528 -1.65074
 0.5954 -2.24073
 0.59552 -2.86567
 0.59564 -3.50981
 0.59576 -4.15705
 0.59588 -4.79271
 0.596 -5.4063
 0.59612 -5.9924
 0.59624 -6.54755
 0.59636 -7.06922
 0.59648 -7.55587
 0.5966 -8.01256
 0.59672 -8.44473
 0.59684 -8.8556
 0.59696 -9.24523
 0.59708 -9.61312
 0.5972 -9.95891
 0.59732 -10.283
 0.59744 -10.5886
 0.59756 -10.8826
 0.59768 -11.1709
 0.5978 -11.4586
 0.59792 -11.7449
 0.59804 -12.0249
 0.59816 -12.2929
 0.59828 -12.5483
 0.5984 -12.7918
 0.59852 -13.0209
 0.59864 -13.227
 0.59876 -13.4059
 0.59888 -13.5568
 0.599 -13.6811
 0.59912 -13.7799
 0.59924 -13.852
 0.59936 -13.8937
 0.59948 -13.9008
 0.5996 -13.8697
 0.59972 -13.7964
 0.59984 -13.6831
 0.59996 -13.5387
 0.60008 -13.3708
 0.6002 -13.1818
 0.60032 -12.9672
 0.60044 -12.7238
 0.60056 -12.4542
 0.60068 -12.165
 0.6008 -11.8597
 0.60092 -11.5399
 0.60104 -11.2071
 0.60116 -10.8636
 0.60128 -10.5155
 0.6014 -10.1707
 0.60152 -9.83454
 0.60164 -9.51256
 0.60176 -9.21119
 0.60188 -8.93026
 0.602 -8.6673
 0.60212 -8.42365
 0.60224 -8.20492
 0.60236 -8.01573
 0.60248 -7.85723
 0.6026 -7.72471
 0.60272 -7.61104
 0.60284 -7.51063
 0.60296 -7.41905
 0.60308 -7.33189
 0.6032 -7.24385
 0.60332 -7.14751
 0.60344 -7.03615
 0.60356 -6.90419
 0.60368 -6.74393
 0.6038 -6.5463
 0.60392 -6.30399
 0.60404 -6.00759
 0.60416 -5.64598
 0.60428 -5.20984
 0.6044 -4.69591
 0.60452 -4.10438
 0.60464 -3.43848
 0.60476 -2.70211
 0.60488 -1.89733
 0.605 -1.02516
 0.60512 -0.0864777
 0.60524 0.916069
 0.60536 1.97716
 0.60548 3.09074
 0.6056 4.24946
 0.60572 5.4439
 0.60584 6.66156
 0.60596 7.88533
 0.60608 9.09272
 0.6062 10.2615
 0.60632 11.3722
 0.60644 12.411
 0.60656 13.3657
 0.60668 14.2251
 0.6068 14.9773
 0.60692 15.6091
 0.60704 16.1067
 0.60716 16.4561
 0.60728 16.6487
 0.6074 16.6813
 0.60752 16.5546
 0.60764 16.2705
 0.60776 15.8323
 0.60788 15.2484
 0.608 14.5355
 0.60812 13.7151
 0.60824 12.8097
 0.60836 11.8403
 0.60848 10.824
 0.6086 9.77725
 0.60872 8.7178
 0.60884 7.66441
 0.60896 6.63623
 0.60908 5.65343
 0.6092 4.73501
 0.60932 3.89598
 0.60944 3.14561
 0.60956 2.49015
 0.60968 1.93594
 0.6098 1.48779
 0.60992 1.14642
 0.61004 0.906758
 0.61016 0.759205
 0.61028 0.69263
 0.6104 0.699892
 0.61052 0.778215
 0.61064 0.924223
 0.61076 1.13203
 0.61088 1.39602
 0.611 1.7103
 0.61112 2.06825
 0.61124 2.46287
 0.61136 2.88303
 0.61148 3.31922
 0.6116 3.76254
 0.61172 4.20384
 0.61184 4.63522
 0.61196 5.05136
 0.61208 5.45171
 0.6122 5.84031
 0.61232 6.22068
 0.61244 6.58861
 0.61256 6.93652
 0.61268 7.25851
 0.6128 7.54884
 0.61292 7.79994
 0.61304 8.00475
 0.61316 8.15712
 0.61328 8.25613
 0.6134 8.30994
 0.61352 8.32717
 0.61364 8.31641
 0.61376 8.2859
 0.61388 8.24241
 0.614 8.18805
 0.61412 8.12008
 0.61424 8.03387
 0.61436 7.92678
 0.61448 7.80249
 0.6146 7.66566
 0.61472 7.51996
 0.61484 7.37215
 0.61496 7.22994
 0.61508 7.09934
 0.6152 6.98426
 0.61532 6.88242
 0.61544 6.78704
 0.61556 6.69121
 0.61568 6.58834
 0.6158 6.4727
 0.61592 6.34138
 0.61604 6.19695
 0.61616 6.04362
 0.61628 5.88635
 0.6164 5.72893
 0.61652 5.57165
 0.61664 5.41472
 0.61676 5.25542
 0.61688 5.08827
 0.617 4.90978
 0.61712 4.72006
 0.61724 4.52173
 0.61736 4.31924
 0.61748 4.11745
 0.6176 3.92111
 0.61772 3.73404
 0.61784 3.55903
 0.61796 3.39596
 0.61808 3.24294
 0.6182 3.09643
 0.61832 2.95113
 0.61844 2.80199
 0.61856 2.64308
 0.61868 2.46948
 0.6188 2.28156
 0.61892 2.08032
 0.61904 1.86421
 0.61916 1.62709
 0.61928 1.3617
 0.6194 1.06103
 0.61952 0.719366
 0.61964 0.331872
 0.61976 -0.105048
 0.61988 -0.594218
 0.62 -1.13769
 0.62012 -1.73678
 0.62024 -2.38947
 0.62036 -3.09304
 0.62048 -3.84072
 0.6206 -4.61526
 0.62072 -5.40085
 0.62084 -6.18406
 0.62096 -6.95285
 0.62108 -7.69355
 0.6212 -8.39011
 0.62132 -9.02628
 0.62144 -9.58708
 0.62156 -10.0621
 0.62168 -10.4423
 0.6218 -10.7189
 0.62192 -10.8835
 0.62204 -10.9279
 0.62216 -10.8451
 0.62228 -10.6283
 0.6224 -10.2681
 0.62252 -9.76938
 0.62264 -9.15087
 0.62276 -8.43216
 0.62288 -7.63384
 0.623 -6.77558
 0.62312 -5.87734
 0.62324 -4.95936
 0.62336 -4.04179
 0.62348 -3.14129
 0.6236 -2.26886
 0.62372 -1.43537
 0.62384 -0.652077
 0.62396 0.0702078
 0.62408 0.720816
 0.6242 1.28906
 0.62432 1.75774
 0.62444 2.10682
 0.62456 2.33529
 0.62468 2.44909
 0.6248 2.45828
 0.62492 2.37684
 0.62504 2.21967
 0.62516 2.00128
 0.62528 1.73606
 0.6254 1.43772
 0.62552 1.11541
 0.62564 0.774965
 0.62576 0.422292
 0.62588 0.0634233
 0.626 -0.295657
 0.62612 -0.648886
 0.62624 -0.988373
 0.62636 -1.2965
 0.62648 -1.55747
 0.6266 -1.76727
 0.62672 -1.92406
 0.62684 -2.0324
 0.62696 -2.10235
 0.62708 -2.14426
 0.6272 -2.16758
 0.62732 -2.18161
 0.62744 -2.1924
 0.62756 -2.20132
 0.62768 -2.206
 0.6278 -2.2036
 0.62792 -2.19106
 0.62804 -2.16518
 0.62816 -2.12281
 0.62828 -2.06394
 0.6284 -1.99446
 0.62852 -1.91633
 0.62864 -1.82814
 0.62876 -1.72705
 0.62888 -1.60357
 0.629 -1.44588
 0.62912 -1.24513
 0.62924 -0.993837
 0.62936 -0.685492
 0.62948 -0.319601
 0.6296 0.0992973
 0.62972 0.562643
 0.62984 1.06127
 0.62996 1.5837
 0.63008 2.1167
 0.6302 2.64658
 0.63032 3.16216
 0.63044 3.65328
 0.63056 4.10798
 0.63068 4.51436
 0.6308 4.85946
 0.63092 5.12807
 0.63104 5.30741
 0.63116 5.38906
 0.63128 5.36486
 0.6314 5.22853
 0.63152 4.97856
 0.63164 4.61644
 0.63176 4.14482
 0.63188 3.56805
 0.632 2.89586
 0.63212 2.14166
 0.63224 1.32125
 0.63236 0.449501
 0.63248 -0.458573
 0.6326 -1.38736
 0.63272 -2.32179
 0.63284 -3.24718
 0.63296 -4.15026
 0.63308 -5.02131
 0.6332 -5.85223
 0.63332 -6.63433
 0.63344 -7.36091
 0.63356 -8.02705
 0.63368 -8.62673
 0.6338 -9.15223
 0.63392 -9.59904
 0.63404 -9.96783
 0.63416 -10.2642
 0.63428 -10.4971
 0.6344 -10.6741
 0.63452 -10.8019
 0.63464 -10.8865
 0.63476 -10.9333
 0.63488 -10.9472
 0.635 -10.9304
 0.63512 -10.8827
 0.63524 -10.8029
 0.63536 -10.6877
 0.63548 -10.532
 0.6356 -10.3306
 0.63572 -10.083
 0.63584 -9.78959
 0.63596 -9.44791
 0.63608 -9.05328
 0.6362 -8.59752
 0.63632 -8.07288
 0.63644 -7.47389
 0.63656 -6.80011
 0.63668 -6.05341
 0.6368 -5.23641
 0.63692 -4.35486
 0.63704 -3.42031
 0.63716 -2.44722
 0.63728 -1.45435
 0.6374 -0.465584
 0.63752 0.494655
 0.63764 1.40315
 0.63776 2.24002
 0.63788 2.98404
 0.638 3.6126
 0.63812 4.10366
 0.63824 4.43841
 0.63836 4.60154
 0.63848 4.58258
 0.6386 4.3785
 0.63872 3.98883
 0.63884 3.41597
 0.63896 2.6727
 0.63908 1.77923
 0.6392 0.758818
 0.63932 -0.358173
 0.63944 -1.53862
 0.63956 -2.7503
 0.63968 -3.96226
 0.6398 -5.14399
 0.63992 -6.26241
 0.64004 -7.28311
 0.64016 -8.17497
 0.64028 -8.91509
 0.6404 -9.48437
 0.64052 -9.86972
 0.64064 -10.0617
 0.64076 -10.0517
 0.64088 -9.83777
 0.641 -9.42989
 0.64112 -8.84226
 0.64124 -8.09356
 0.64136 -7.208
 0.64148 -6.20665
 0.6416 -5.1087
 0.64172 -3.93232
 0.64184 -2.69682
 0.64196 -1.42523
 0.64208 -0.142373
 0.6422 1.13079
 0.64232 2.37972
 0.64244 3.59261
 0.64256 4.76011
 0.64268 5.86882
 0.6428 6.90415
 0.64292 7.85664
 0.64304 8.72102
 0.64316 9.49397
 0.64328 10.1803
 0.6434 10.7835
 0.64352 11.2974
 0.64364 11.7147
 0.64376 12.0273
 0.64388 12.2294
 0.644 12.3187
 0.64412 12.2929
 0.64424 12.1479
 0.64436 11.8762
 0.64448 11.4692
 0.6446 10.9206
 0.64472 10.2326
 0.64484 9.41109
 0.64496 8.46546
 0.64508 7.40679
 0.6452 6.24342
 0.64532 4.97665
 0.64544 3.61703
 0.64556 2.18391
 0.64568 0.697478
 0.6458 -0.821246
 0.64592 -2.35316
 0.64604 -3.87775
 0.64616 -5.37261
 0.64628 -6.81193
 0.6464 -8.16734
 0.64652 -9.40945
 0.64664 -10.5123
 0.64676 -11.4562
 0.64688 -12.2291
 0.647 -12.826
 0.64712 -13.2441
 0.64724 -13.478
 0.64736 -13.5208
 0.64748 -13.3733
 0.6476 -13.0396
 0.64772 -12.5263
 0.64784 -11.8426
 0.64796 -10.9979
 0.64808 -10.0075
 0.6482 -8.89015
 0.64832 -7.67067
 0.64844 -6.37704
 0.64856 -5.04114
 0.64868 -3.69265
 0.6488 -2.35677
 0.64892 -1.05273
 0.64904 0.203813
 0.64916 1.39832
 0.64928 2.51574
 0.6494 3.54153
 0.64952 4.46274
 0.64964 5.26684
 0.64976 5.94743
 0.64988 6.50023
 0.65 6.92336
 0.65012 7.21909
 0.65024 7.39436
 0.65036 7.46105
 0.65048 7.43637
 0.6506 7.34123
 0.65072 7.19339
 0.65084 7.00732
 0.65096 6.79635
 0.65108 6.57353
 0.6512 6.35042
 0.65132 6.13798
 0.65144 5.94721
 0.65156 5.78976
 0.65168 5.67485
 0.6518 5.60589
 0.65192 5.5849
 0.65204 5.61265
 0.65216 5.68949
 0.65228 5.81096
 0.6524 5.96993
 0.65252 6.1548
 0.65264 6.35375
 0.65276 6.55771
 0.65288 6.75974
 0.653 6.9503
 0.65312 7.11967
 0.65324 7.26022
 0.65336 7.36464
 0.65348 7.42553
 0.6536 7.43573
 0.65372 7.39275
 0.65384 7.29747
 0.65396 7.15247
 0.65408 6.95912
 0.6542 6.71942
 0.65432 6.43931
 0.65444 6.12594
 0.65456 5.78674
 0.65468 5.42911
 0.6548 5.06022
 0.65492 4.68717
 0.65504 4.32109
 0.65516 3.97259
 0.65528 3.65127
 0.6554 3.36721
 0.65552 3.13107
 0.65564 2.95201
 0.65576 2.83558
 0.65588 2.78491
 0.656 2.79989
 0.65612 2.8804
 0.65624 3.02229
 0.65636 3.21744
 0.65648 3.46045
 0.6566 3.74813
 0.65672 4.07543
 0.65684 4.43601
 0.65696 4.82115
 0.65708 5.22038
 0.6572 5.62431
 0.65732 6.02383
 0.65744 6.40712
 0.65756 6.7606
 0.65768 7.07185
 0.6578 7.33042
 0.65792 7.52952
 0.65804 7.66683
 0.65816 7.74283
 0.65828 7.76504
 0.6584 7.74317
 0.65852 7.6801
 0.65864 7.57764
 0.65876 7.43948
 0.65888 7.27089
 0.659 7.07828
 0.65912 6.86682
 0.65924 6.63838
 0.65936 6.39428
 0.65948 6.14056
 0.6596 5.88628
 0.65972 5.63954
 0.65984 5.4061
 0.65996 5.18809
 0.66008 4.98539
 0.6602 4.7943
 0.66032 4.60446
 0.66044 4.40619
 0.66056 4.19496
 0.66068 3.96601
 0.6608 3.71481
 0.66092 3.43826
 0.66104 3.13316
 0.66116 2.80009
 0.66128 2.44407
 0.6614 2.07176
 0.66152 1.68542
 0.66164 1.28459
 0.66176 0.870293
 0.66188 0.44546
 0.662 0.0142871
 0.66212 -0.418792
 0.66224 -0.846086
 0.66236 -1.25601
 0.66248 -1.63744
 0.6626 -1.98314
 0.66272 -2.28588
 0.66284 -2.53997
 0.66296 -2.73981
 0.66308 -2.87942
 0.6632 -2.95613
 0.66332 -2.97026
 0.66344 -2.9243
 0.66356 -2.81838
 0.66368 -2.65144
 0.6638 -2.42259
 0.66392 -2.13203
 0.66404 -1.78051
 0.66416 -1.36914
 0.66428 -0.901905
 0.6644 -0.384431
 0.66452 0.179361
 0.66464 0.78983
 0.66476 1.4442
 0.66488 2.13457
 0.665 2.84959
 0.66512 3.57801
 0.66524 4.30948
 0.66536 5.03507
 0.66548 5.74719
 0.6656 6.43785
 0.66572 7.09818
 0.66584 7.71812
 0.66596 8.28997
 0.66608 8.80742
 0.6662 9.26507
 0.66632 9.65926
 0.66644 9.98681
 0.66656 10.2419
 0.66668 10.4177
 0.6668 10.5171
 0.66692 10.5517
 0.66704 10.5345
 0.66716 10.4777
 0.66728 10.3938
 0.6674 10.295
 0.66752 10.1928
 0.66764 10.0984
 0.66776 10.0247
 0.66788 9.9843
 0.668 9.98517
 0.66812 10.0327
 0.66824 10.1317
 0.66836 10.285
 0.66848 10.4942
 0.6686 10.7622
 0.66872 11.0892
 0.66884 11.4664
 0.66896 11.8824
 0.66908 12.3269
 0.6692 12.7893
 0.66932 13.2564
 0.66944 13.7144
 0.66956 14.151
 0.66968 14.5527
 0.6698 14.906
 0.66992 15.1993
 0.67004 15.4273
 0.67016 15.5866
 0.67028 15.6745
 0.6704 15.6923
 0.67052 15.6432
 0.67064 15.5292
 0.67076 15.3549
 0.67088 15.1247
 0.671 14.8413
 0.67112 14.5085
 0.67124 14.134
 0.67136 13.73
 0.67148 13.3096
 0.6716 12.8833
 0.67172 12.4625
 0.67184 12.0557
 0.67196 11.669
 0.67208 11.3049
 0.6722 10.9665
 0.67232 10.6564
 0.67244 10.3722
 0.67256 10.1096
 0.67268 9.86689
 0.6728 9.64316
 0.67292 9.44307
 0.67304 9.27041
 0.67316 9.12392
 0.67328 8.99802
 0.6734 8.88271
 0.67352 8.76954
 0.67364 8.65235
 0.67376 8.52612
 0.67388 8.3879
 0.674 8.23551
 0.67412 8.06664
 0.67424 7.87474
 0.67436 7.65313
 0.67448 7.39884
 0.6746 7.10806
 0.67472 6.77565
 0.67484 6.39255
 0.67496 5.94852
 0.67508 5.43932
 0.6752 4.8647
 0.67532 4.22633
 0.67544 3.52764
 0.67556 2.76921
 0.67568 1.95174
 0.6758 1.07729
 0.67592 0.14971
 0.67604 -0.82702
 0.67616 -1.84676
 0.67628 -2.89885
 0.6764 -3.97316
 0.67652 -5.05486
 0.67664 -6.12803
 0.67676 -7.17384
 0.67688 -8.17071
 0.677 -9.10232
 0.67712 -9.9583
 0.67724 -10.7296
 0.67736 -11.4074
 0.67748 -11.9826
 0.6776 -12.4447
 0.67772 -12.7849
 0.67784 -13.0003
 0.67796 -13.0899
 0.67808 -13.0528
 0.6782 -12.8896
 0.67832 -12.5997
 0.67844 -12.1848
 0.67856 -11.6549
 0.67868 -11.0213
 0.6788 -10.2999
 0.67892 -9.50767
 0.67904 -8.65692
 0.67916 -7.75628
 0.67928 -6.81294
 0.6794 -5.83452
 0.67952 -4.82915
 0.67964 -3.8074
 0.67976 -2.77867
 0.67988 -1.74857
 0.68 -0.72204
 0.68012 0.295431
 0.68024 1.29682
 0.68036 2.26874
 0.68048 3.19812
 0.6806 4.07556
 0.68072 4.89359
 0.68084 5.64711
 0.68096 6.33381
 0.68108 6.94979
 0.6812 7.48756
 0.68132 7.93811
 0.68144 8.29211
 0.68156 8.54107
 0.68168 8.68101
 0.6818 8.70838
 0.68192 8.61914
 0.68204 8.40938
 0.68216 8.07788
 0.68228 7.62861
 0.6824 7.07529
 0.68252 6.43476
 0.68264 5.72334
 0.68276 4.95675
 0.68288 4.14927
 0.683 3.31153
 0.68312 2.45603
 0.68324 1.59707
 0.68336 0.750507
 0.68348 -0.0650496
 0.6836 -0.831234
 0.68372 -1.53237
 0.68384 -2.15287
 0.68396 -2.67717
 0.68408 -3.09174
 0.6842 -3.39024
 0.68432 -3.57333
 0.68444 -3.64804
 0.68456 -3.62296
 0.68468 -3.50668
 0.6848 -3.30779
 0.68492 -3.03326
 0.68504 -2.68956
 0.68516 -2.283
 0.68528 -1.81941
 0.6854 -1.30685
 0.68552 -0.756882
 0.68564 -0.182939
 0.68576 0.40107
 0.68588 0.977729
 0.686 1.53026
 0.68612 2.04662
 0.68624 2.52402
 0.68636 2.96289
 0.68648 3.36474
 0.6866 3.73048
 0.68672 4.06132
 0.68684 4.35971
 0.68696 4.62814
 0.68708 4.86899
 0.6872 5.08093
 0.68732 5.26198
 0.68744 5.41054
 0.68756 5.52631
 0.68768 5.61192
 0.6878 5.67314
 0.68792 5.72243
 0.68804 5.77082
 0.68816 5.8248
 0.68828 5.88628
 0.6884 5.95694
 0.68852 6.03992
 0.68864 6.14096
 0.68876 6.26208
 0.68888 6.40135
 0.689 6.556
 0.68912 6.72622
 0.68924 6.91559
 0.68936 7.12834
 0.68948 7.37093
 0.6896 7.64931
 0.68972 7.96659
 0.68984 8.32027
 0.68996 8.70017
 0.69008 9.09513
 0.6902 9.49509
 0.69032 9.89098
 0.69044 10.2734
 0.69056 10.6297
 0.69068 10.9451
 0.6908 11.2133
 0.69092 11.4315
 0.69104 11.596
 0.69116 11.7
 0.69128 11.7356
 0.6914 11.6941
 0.69152 11.5657
 0.69164 11.3413
 0.69176 11.0151
 0.69188 10.5875
 0.692 10.0678
 0.69212 9.46957
 0.69224 8.80621
 0.69236 8.09055
 0.69248 7.3365
 0.6926 6.56024
 0.69272 5.77722
 0.69284 4.99679
 0.69296 4.22671
 0.69308 3.4775
 0.6932 2.7603
 0.69332 2.08685
 0.69344 1.46961
 0.69356 0.920449
 0.69368 0.450811
 0.6938 0.0698917
 0.69392 -0.216726
 0.69404 -0.410965
 0.69416 -0.518616
 0.69428 -0.544269
 0.6944 -0.494112
 0.69452 -0.376237
 0.69464 -0.199007
 0.69476 0.0296746
 0.69488 0.304578
 0.695 0.619651
 0.69512 0.967958
 0.69524 1.34307
 0.69536 1.73505
 0.69548 2.13299
 0.6956 2.52702
 0.69572 2.90678
 0.69584 3.26161
 0.69596 3.58058
 0.69608 3.85617
 0.6962 4.0817
 0.69632 4.2507
 0.69644 4.36288
 0.69656 4.4187
 0.69668 4.41812
 0.6968 4.36015
 0.69692 4.24292
 0.69704 4.06642
 0.69716 3.82932
 0.69728 3.5312
 0.6974 3.17738
 0.69752 2.77252
 0.69764 2.3205
 0.69776 1.82599
 0.69788 1.29522
 0.698 0.73565
 0.69812 0.154851
 0.69824 -0.439217
 0.69836 -1.042
 0.69848 -1.65413
 0.6986 -2.27232
 0.69872 -2.89091
 0.69884 -3.50094
 0.69896 -4.09404
 0.69908 -4.66442
 0.6992 -5.20456
 0.69932 -5.70905
 0.69944 -6.17436
 0.69956 -6.5943
 0.69968 -6.96243
 0.6998 -7.2732
 0.69992 -7.52217
 0.70004 -7.70605
 0.70016 -7.82255
 0.70028 -7.86853
 0.7004 -7.83726
 0.70052 -7.72384
 0.70064 -7.53101
 0.70076 -7.26568
 0.70088 -6.93919
 0.701 -6.56167
 0.70112 -6.14108
 0.70124 -5.68627
 0.70136 -5.20536
 0.70148 -4.70873
 0.7016 -4.20798
 0.70172 -3.71428
 0.70184 -3.23755
 0.70196 -2.78688
 0.70208 -2.36987
 0.7022 -1.99417
 0.70232 -1.66748
 0.70244 -1.39791
 0.70256 -1.18709
 0.70268 -1.02974
 0.7028 -0.916321
 0.70292 -0.831615
 0.70304 -0.760713
 0.70316 -0.689094
 0.70328 -0.602031
 0.7034 -0.484327
 0.70352 -0.319408
 0.70364 -0.0914415
 0.70376 0.214889
 0.70388 0.614058
 0.704 1.11973
 0.70412 1.74545
 0.70424 2.50453
 0.70436 3.40072
 0.70448 4.43747
 0.7046 5.60974
 0.70472 6.90662
 0.70484 8.31301
 0.70496 9.80802
 0.70508 11.3697
 0.7052 12.9748
 0.70532 14.6001
 0.70544 16.2215
 0.70556 17.8138
 0.70568 19.3519
 0.7058 20.8108
 0.70592 22.1657
 0.70604 23.3919
 0.70616 24.4603
 0.70628 25.348
 0.7064 26.0433
 0.70652 26.5337
 0.70664 26.8187
 0.70676 26.9015
 0.70688 26.7885
 0.707 26.4878
 0.70712 26.0099
 0.70724 25.3671
 0.70736 24.5717
 0.70748 23.6378
 0.7076 22.5819
 0.70772 21.4209
 0.70784 20.1725
 0.70796 18.8545
 0.70808 17.4865
 0.7082 16.096
 0.70832 14.7035
 0.70844 13.3299
 0.70856 11.9922
 0.70868 10.6964
 0.7088 9.44856
 0.70892 8.25507
 0.70904 7.12291
 0.70916 6.05626
 0.70928 5.05864
 0.7094 4.1335
 0.70952 3.28216
 0.70964 2.50558
 0.70976 1.80388
 0.70988 1.17377
 0.71 0.611801
 0.71012 0.111743
 0.71024 -0.337596
 0.71036 -0.7467
 0.71048 -1.12692
 0.7106 -1.48133
 0.71072 -1.81006
 0.71084 -2.11528
 0.71096 -2.40194
 0.71108 -2.6756
 0.7112 -2.94091
 0.71132 -3.20265
 0.71144 -3.46544
 0.71156 -3.73322
 0.71168 -4.01259
 0.7118 -4.30587
 0.71192 -4.61081
 0.71204 -4.92375
 0.71216 -5.24025
 0.71228 -5.55431
 0.7124 -5.86174
 0.71252 -6.1617
 0.71264 -6.45762
 0.71276 -6.75111
 0.71288 -7.03968
 0.713 -7.31583
 0.71312 -7.57062
 0.71324 -7.79401
 0.71336 -7.97538
 0.71348 -8.10393
 0.7136 -8.16813
 0.71372 -8.15413
 0.71384 -8.05392
 0.71396 -7.8681
 0.71408 -7.601
 0.7142 -7.25604
 0.71432 -6.83821
 0.71444 -6.35074
 0.71456 -5.79568
 0.71468 -5.17477
 0.7148 -4.49237
 0.71492 -3.75934
 0.71504 -2.99047
 0.71516 -2.20201
 0.71528 -1.41173
 0.7154 -0.6396
 0.71552 0.0936099
 0.71564 0.7653
 0.71576 1.35101
 0.71588 1.83331
 0.716 2.20783
 0.71612 2.474
 0.71624 2.63054
 0.71636 2.67886
 0.71648 2.62272
 0.7166 2.46632
 0.71672 2.21312
 0.71684 1.868
 0.71696 1.43931
 0.71708 0.934738
 0.7172 0.361153
 0.71732 -0.27272
 0.71744 -0.954935
 0.71756 -1.67261
 0.71768 -2.40861
 0.7178 -3.14295
 0.71792 -3.86367
 0.71804 -4.56832
 0.71816 -5.25572
 0.71828 -5.92418
 0.7184 -6.57496
 0.71852 -7.21224
 0.71864 -7.83984
 0.71876 -8.45576
 0.71888 -9.05582
 0.719 -9.63554
 0.71912 -10.1867
 0.71924 -10.6994
 0.71936 -11.1655
 0.71948 -11.5778
 0.7196 -11.9304
 0.71972 -12.225
 0.71984 -12.4634
 0.71996 -12.6415
 0.72008 -12.7547
 0.7202 -12.7986
 0.72032 -12.7689
 0.72044 -12.6592
 0.72056 -12.4629
 0.72068 -12.1767
 0.7208 -11.8076
 0.72092 -11.3644
 0.72104 -10.8568
 0.72116 -10.2972
 0.72128 -9.69858
 0.7214 -9.07529
 0.72152 -8.44166
 0.72164 -7.80921
 0.72176 -7.18208
 0.72188 -6.56923
 0.722 -5.97864
 0.72212 -5.41399
 0.72224 -4.87931
 0.72236 -4.38155
 0.72248 -3.92786
 0.7226 -3.52359
 0.72272 -3.1698
 0.72284 -2.86333
 0.72296 -2.60085
 0.72308 -2.37864
 0.7232 -2.19287
 0.72332 -2.0386
 0.72344 -1.90811
 0.72356 -1.79794
 0.72368 -1.70944
 0.7238 -1.64801
 0.72392 -1.616
 0.72404 -1.62153
 0.72416 -1.67527
 0.72428 -1.78528
 0.7244 -1.95506
 0.72452 -2.18678
 0.72464 -2.48504
 0.72476 -2.85159
 0.72488 -3.28732
 0.725 -3.79314
 0.72512 -4.36949
 0.72524 -5.01526
 0.72536 -5.73198
 0.72548 -6.51725
 0.7256 -7.36281
 0.72572 -8.25466
 0.72584 -9.17702
 0.72596 -10.1122
 0.72608 -11.039
 0.7262 -11.9361
 0.72632 -12.7851
 0.72644 -13.5715
 0.72656 -14.2828
 0.72668 -14.9076
 0.7268 -15.4382
 0.72692 -15.8661
 0.72704 -16.1833
 0.72716 -16.3834
 0.72728 -16.4613
 0.7274 -16.4132
 0.72752 -16.2418
 0.72764 -15.9535
 0.72776 -15.5568
 0.72788 -15.0634
 0.728 -14.4889
 0.72812 -13.8496
 0.72824 -13.1618
 0.72836 -12.442
 0.72848 -11.7044
 0.7286 -10.9612
 0.72872 -10.2219
 0.72884 -9.49893
 0.72896 -8.80562
 0.72908 -8.15433
 0.7292 -7.55581
 0.72932 -7.01966
 0.72944 -6.55066
 0.72956 -6.14965
 0.72968 -5.81839
 0.7298 -5.56188
 0.72992 -5.38092
 0.73004 -5.27361
 0.73016 -5.23801
 0.73028 -5.26943
 0.7304 -5.35902
 0.73052 -5.5003
 0.73064 -5.6905
 0.73076 -5.92748
 0.73088 -6.20543
 0.731 -6.51986
 0.73112 -6.86723
 0.73124 -7.24459
 0.73136 -7.65008
 0.73148 -8.08754
 0.7316 -8.56255
 0.73172 -9.07235
 0.73184 -9.60484
 0.73196 -10.1483
 0.73208 -10.6915
 0.7322 -11.2233
 0.73232 -11.7396
 0.73244 -12.2391
 0.73256 -12.7175
 0.73268 -13.1667
 0.7328 -13.5811
 0.73292 -13.9586
 0.73304 -14.2937
 0.73316 -14.5808
 0.73328 -14.8139
 0.7334 -14.9858
 0.73352 -15.0829
 0.73364 -15.0937
 0.73376 -15.0225
 0.73388 -14.8848
 0.734 -14.7016
 0.73412 -14.4949
 0.73424 -14.2854
 0.73436 -14.0889
 0.73448 -13.9209
 0.7346 -13.7982
 0.73472 -13.7376
 0.73484 -13.742
 0.73496 -13.8101
 0.73508 -13.9429
 0.7352 -14.1416
 0.73532 -14.4071
 0.73544 -14.7421
 0.73556 -15.1534
 0.73568 -15.6408
 0.7358 -16.192
 0.73592 -16.7819
 0.73604 -17.3772
 0.73616 -17.9431
 0.73628 -18.4456
 0.7364 -18.8518
 0.73652 -19.1313
 0.73664 -19.256
 0.73676 -19.2033
 0.73688 -18.973
 0.737 -18.5667
 0.73712 -17.9856
 0.73724 -17.2308
 0.73736 -16.3055
 0.73748 -15.2148
 0.7376 -13.9642
 0.73772 -12.5618
 0.73784 -11.0248
 0.73796 -9.38294
 0.73808 -7.67187
 0.7382 -5.92767
 0.73832 -4.18617
 0.73844 -2.48188
 0.73856 -0.842391
 0.73868 0.70786
 0.7388 2.15313
 0.73892 3.49032
 0.73904 4.71704
 0.73916 5.83086
 0.73928 6.82982
 0.7394 7.71756
 0.73952 8.50325
 0.73964 9.19445
 0.73976 9.79547
 0.73988 10.318
 0.74 10.7791
 0.74012 11.1965
 0.74024 11.5863
 0.74036 11.9638
 0.74048 12.3414
 0.7406 12.7245
 0.74072 13.1161
 0.74084 13.5145
 0.74096 13.9144
 0.74108 14.3098
 0.7412 14.6948
 0.74132 15.0624
 0.74144 15.3999
 0.74156 15.6914
 0.74168 15.9287
 0.7418 16.1082
 0.74192 16.2247
 0.74204 16.2735
 0.74216 16.254
 0.74228 16.1697
 0.7424 16.0266
 0.74252 15.8336
 0.74264 15.6029
 0.74276 15.3481
 0.74288 15.0826
 0.743 14.8191
 0.74312 14.5697
 0.74324 14.3466
 0.74336 14.1626
 0.74348 14.0328
 0.7436 13.9695
 0.74372 13.9751
 0.74384 14.0487
 0.74396 14.1888
 0.74408 14.3913
 0.7442 14.6436
 0.74432 14.9258
 0.74444 15.2128
 0.74456 15.4783
 0.74468 15.695
 0.7448 15.8364
 0.74492 15.8823
 0.74504 15.8209
 0.74516 15.6429
 0.74528 15.3394
 0.7454 14.901
 0.74552 14.3197
 0.74564 13.5953
 0.74576 12.7348
 0.74588 11.7465
 0.746 10.6388
 0.74612 9.42452
 0.74624 8.12844
 0.74636 6.7829
 0.74648 5.42429
 0.7466 4.08919
 0.74672 2.81419
 0.74684 1.63322
 0.74696 0.568439
 0.74708 -0.370239
 0.7472 -1.17767
 0.74732 -1.84912
 0.74744 -2.37879
 0.74756 -2.7651
 0.74768 -3.0132
 0.7478 -3.13261
 0.74792 -3.13078
 0.74804 -3.01439
 0.74816 -2.79633
 0.74828 -2.49719
 0.7484 -2.14076
 0.74852 -1.75157
 0.74864 -1.35365
 0.74876 -0.970614
 0.74888 -0.623856
 0.749 -0.32489
 0.74912 -0.076025
 0.74924 0.125795
 0.74936 0.281931
 0.74948 0.39347
 0.7496 0.465215
 0.74972 0.506166
 0.74984 0.524393
 0.74996 0.523031
 0.75008 0.504134
 0.7502 0.472982
 0.75032 0.436331
 0.75044 0.400749
 0.75056 0.371986
 0.75068 0.353703
 0.7508 0.348742
 0.75092 0.359141
 0.75104 0.383281
 0.75116 0.414814
 0.75128 0.445246
 0.7514 0.468161
 0.75152 0.477995
 0.75164 0.465077
 0.75176 0.418134
 0.75188 0.330442
 0.752 0.199936
 0.75212 0.0244498
 0.75224 -0.197979
 0.75236 -0.467452
 0.75248 -0.783579
 0.7526 -1.14338
 0.75272 -1.54101
 0.75284 -1.97028
 0.75296 -2.42512
 0.75308 -2.89859
 0.7532 -3.38266
 0.75332 -3.8692
 0.75344 -4.35162
 0.75356 -4.82364
 0.75368 -5.27248
 0.7538 -5.68489
 0.75392 -6.05072
 0.75404 -6.36017
 0.75416 -6.60258
 0.75428 -6.7702
 0.7544 -6.85826
 0.75452 -6.86364
 0.75464 -6.78642
 0.75476 -6.62648
 0.75488 -6.3822
 0.755 -6.05334
 0.75512 -5.64017
 0.75524 -5.14294
 0.75536 -4.56186
 0.75548 -3.8968
 0.7556 -3.15213
 0.75572 -2.33887
 0.75584 -1.4707
 0.75596 -0.563332
 0.75608 0.365769
 0.7562 1.2994
 0.75632 2.2241
 0.75644 3.12831
 0.75656 4.00438
 0.75668 4.84444
 0.7568 5.63505
 0.75692 6.36163
 0.75704 7.01122
 0.75716 7.57124
 0.75728 8.02826
 0.7574 8.36933
 0.75752 8.5844
 0.75764 8.66967
 0.75776 8.62666
 0.75788 8.46317
 0.758 8.19069
 0.75812 7.82146
 0.75824 7.36705
 0.75836 6.83894
 0.75848 6.24656
 0.7586 5.59511
 0.75872 4.89449
 0.75884 4.16035
 0.75896 3.40985
 0.75908 2.66096
 0.7592 1.93288
 0.75932 1.24862
 0.75944 0.629132
 0.75956 0.0901694
 0.75968 -0.3571
 0.7598 -0.705865
 0.75992 -0.954029
 0.76004 -1.10162
 0.76016 -1.14931
 0.76028 -1.09803
 0.7604 -0.951391
 0.76052 -0.708786
 0.76064 -0.368845
 0.76076 0.0648849
 0.76088 0.586222
 0.761 1.18412
 0.76112 1.84612
 0.76124 2.55249
 0.76136 3.27704
 0.76148 3.99789
 0.7616 4.6977
 0.76172 5.36188
 0.76184 5.97745
 0.76196 6.53199
 0.76208 7.01404
 0.7622 7.41269
 0.76232 7.71769
 0.76244 7.91921
 0.76256 8.00521
 0.76268 7.96859
 0.7628 7.80456
 0.76292 7.51127
 0.76304 7.09199
 0.76316 6.55126
 0.76328 5.90602
 0.7634 5.17792
 0.76352 4.38494
 0.76364 3.54309
 0.76376 2.66773
 0.76388 1.77451
 0.764 0.881537
 0.76412 0.00683374
 0.76424 -0.831934
 0.76436 -1.61643
 0.76448 -2.32795
 0.7646 -2.95114
 0.76472 -3.47732
 0.76484 -3.89826
 0.76496 -4.21007
 0.76508 -4.41043
 0.7652 -4.49906
 0.76532 -4.48504
 0.76544 -4.38054
 0.76556 -4.19528
 0.76568 -3.93778
 0.7658 -3.61654
 0.76592 -3.24159
 0.76604 -2.82696
 0.76616 -2.38618
 0.76628 -1.93343
 0.7664 -1.48351
 0.76652 -1.04998
 0.76664 -0.641913
 0.76676 -0.266023
 0.76688 0.0705972
 0.767 0.36301
 0.76712 0.605631
 0.76724 0.795827
 0.76736 0.937144
 0.76748 1.03456
 0.7676 1.08768
 0.76772 1.09472
 0.76784 1.05403
 0.76796 0.96674
 0.76808 0.836891
 0.7682 0.669702
 0.76832 0.471665
 0.76844 0.248899
 0.76856 0.0063892
 0.76868 -0.251081
 0.7688 -0.517535
 0.76892 -0.783786
 0.76904 -1.03931
 0.76916 -1.27503
 0.76928 -1.4872
 0.7694 -1.67621
 0.76952 -1.84104
 0.76964 -1.97526
 0.76976 -2.07194
 0.76988 -2.12444
 0.77 -2.12825
 0.77012 -2.082
 0.77024 -1.98874
 0.77036 -1.85218
 0.77048 -1.6757
 0.7706 -1.46342
 0.77072 -1.22181
 0.77084 -0.96071
 0.77096 -0.69561
 0.77108 -0.44198
 0.7712 -0.212301
 0.77132 -0.0161268
 0.77144 0.138902
 0.77156 0.246739
 0.77168 0.299989
 0.7718 0.291328
 0.77192 0.213586
 0.77204 0.0603484
 0.77216 -0.169689
 0.77228 -0.473906
 0.7724 -0.849554
 0.77252 -1.29358
 0.77264 -1.8015
 0.77276 -2.36685
 0.77288 -2.97951
 0.773 -3.62873
 0.77312 -4.30476
 0.77324 -4.99492
 0.77336 -5.68442
 0.77348 -6.36146
 0.7736 -7.01887
 0.77372 -7.6497
 0.77384 -8.24752
 0.77396 -8.80573
 0.77408 -9.31816
 0.7742 -9.78208
 0.77432 -10.1956
 0.77444 -10.5572
 0.77456 -10.8661
 0.77468 -11.1219
 0.7748 -11.3247
 0.77492 -11.4741
 0.77504 -11.5651
 0.77516 -11.595
 0.77528 -11.5671
 0.7754 -11.4868
 0.77552 -11.3569
 0.77564 -11.178
 0.77576 -10.9487
 0.77588 -10.6657
 0.776 -10.3262
 0.77612 -9.92721
 0.77624 -9.46615
 0.77636 -8.94101
 0.77648 -8.34898
 0.7766 -7.68738
 0.77672 -6.95493
 0.77684 -6.14941
 0.77696 -5.2714
 0.77708 -4.32531
 0.7772 -3.31646
 0.77732 -2.24922
 0.77744 -1.12793
 0.77756 0.0434849
 0.77768 1.25611
 0.7778 2.49421
 0.77792 3.73993
 0.77804 4.97617
 0.77816 6.18639
 0.77828 7.35504
 0.7784 8.46632
 0.77852 9.50432
 0.77864 10.4555
 0.77876 11.3069
 0.77888 12.042
 0.779 12.644
 0.77912 13.1
 0.77924 13.4029
 0.77936 13.5475
 0.77948 13.5282
 0.7796 13.3403
 0.77972 12.991
 0.77984 12.4939
 0.77996 11.8633
 0.78008 11.1124
 0.7802 10.2529
 0.78032 9.29717
 0.78044 8.26037
 0.78056 7.15585
 0.78068 5.99444
 0.7808 4.78815
 0.78092 3.55581
 0.78104 2.31869
 0.78116 1.09451
 0.78128 -0.102041
 0.7814 -1.25655
 0.78152 -2.35394
 0.78164 -3.38206
 0.78176 -4.33801
 0.78188 -5.22155
 0.782 -6.03147
 0.78212 -6.76421
 0.78224 -7.41249
 0.78236 -7.97136
 0.78248 -8.43852
 0.7826 -8.80988
 0.78272 -9.07865
 0.78284 -9.2396
 0.78296 -9.293
 0.78308 -9.24015
 0.7832 -9.08148
 0.78332 -8.81761
 0.78344 -8.45076
 0.78356 -7.98445
 0.78368 -7.42178
 0.7838 -6.7622
 0.78392 -6.00491
 0.78404 -5.15188
 0.78416 -4.20869
 0.78428 -3.18539
 0.7844 -2.09023
 0.78452 -0.929259
 0.78464 0.290828
 0.78476 1.55654
 0.78488 2.85268
 0.785 4.16356
 0.78512 5.47247
 0.78524 6.76255
 0.78536 8.0185
 0.78548 9.2272
 0.7856 10.3778
 0.78572 11.4595
 0.78584 12.4587
 0.78596 13.3633
 0.78608 14.1645
 0.7862 14.8574
 0.78632 15.4392
 0.78644 15.9051
 0.78656 16.2439
 0.78668 16.4467
 0.7868 16.5159
 0.78692 16.4574
 0.78704 16.2813
 0.78716 15.9987
 0.78728 15.6215
 0.7874 15.1599
 0.78752 14.623
 0.78764 14.0189
 0.78776 13.3598
 0.78788 12.6617
 0.788 11.9388
 0.78812 11.2012
 0.78824 10.4531
 0.78836 9.69854
 0.78848 8.94691
 0.7886 8.21551
 0.78872 7.51657
 0.78884 6.85515
 0.78896 6.23362
 0.78908 5.65155
 0.7892 5.10719
 0.78932 4.59818
 0.78944 4.12257
 0.78956 3.67868
 0.78968 3.26299
 0.7898 2.86634
 0.78992 2.47842
 0.79004 2.08792
 0.79016 1.69196
 0.79028 1.29387
 0.7904 0.896257
 0.79052 0.495666
 0.79064 0.084944
 0.79076 -0.340407
 0.79088 -0.783136
 0.791 -1.24222
 0.79112 -1.71478
 0.79124 -2.19702
 0.79136 -2.68494
 0.79148 -3.17449
 0.7916 -3.66153
 0.79172 -4.13976
 0.79184 -4.60374
 0.79196 -5.04632
 0.79208 -5.4584
 0.7922 -5.83671
 0.79232 -6.18039
 0.79244 -6.48752
 0.79256 -6.75074
 0.79268 -6.96058
 0.7928 -7.10761
 0.79292 -7.18433
 0.79304 -7.1882
 0.79316 -7.11734
 0.79328 -6.96976
 0.7934 -6.74234
 0.79352 -6.43172
 0.79364 -6.03461
 0.79376 -5.54728
 0.79388 -4.96346
 0.794 -4.28132
 0.79412 -3.5053
 0.79424 -2.64113
 0.79436 -1.69393
 0.79448 -0.671349
 0.7946 0.412629
 0.79472 1.54226
 0.79484 2.70154
 0.79496 3.87687
 0.79508 5.05668
 0.7952 6.22877
 0.79532 7.37769
 0.79544 8.48389
 0.79556 9.52789
 0.79568 10.4903
 0.7958 11.3512
 0.79592 12.0914
 0.79604 12.6988
 0.79616 13.1708
 0.79628 13.5062
 0.7964 13.7025
 0.79652 13.7609
 0.79664 13.6874
 0.79676 13.489
 0.79688 13.1727
 0.797 12.7451
 0.79712 12.2139
 0.79724 11.5892
 0.79736 10.8896
 0.79748 10.1377
 0.7976 9.35477
 0.79772 8.56166
 0.79784 7.77908
 0.79796 7.02466
 0.79808 6.30796
 0.7982 5.6332
 0.79832 5.00678
 0.79844 4.43722
 0.79856 3.93023
 0.79868 3.48903
 0.7988 3.11618
 0.79892 2.81464
 0.79904 2.58657
 0.79916 2.43183
 0.79928 2.34606
 0.7994 2.31658
 0.79952 2.32982
 0.79964 2.37351
 0.79976 2.43456
 0.79988 2.49977
