 0.2 -4.84889
 0.20012 -4.76563
 0.20024 -4.60516
 0.20036 -4.36552
 0.20048 -4.04941
 0.2006 -3.66308
 0.20072 -3.21473
 0.20084 -2.71372
 0.20096 -2.17086
 0.20108 -1.59666
 0.2012 -1.00127
 0.20132 -0.393704
 0.20144 0.21968
 0.20156 0.834322
 0.20168 1.44497
 0.2018 2.04409
 0.20192 2.62015
 0.20204 3.16208
 0.20216 3.66025
 0.20228 4.10811
 0.2024 4.50349
 0.20252 4.84511
 0.20264 5.13241
 0.20276 5.36627
 0.20288 5.54872
 0.203 5.68148
 0.20312 5.76506
 0.20324 5.79963
 0.20336 5.78517
 0.20348 5.7208
 0.2036 5.60524
 0.20372 5.43816
 0.20384 5.22292
 0.20396 4.96572
 0.20408 4.67178
 0.2042 4.34591
 0.20432 3.99142
 0.20444 3.61112
 0.20456 3.21115
 0.20468 2.79602
 0.2048 2.36878
 0.20492 1.93254
 0.20504 1.49364
 0.20516 1.05995
 0.20528 0.639935
 0.2054 0.239864
 0.20552 -0.134863
 0.20564 -0.478803
 0.20576 -0.789022
 0.20588 -1.06679
 0.206 -1.31476
 0.20612 -1.53579
 0.20624 -1.73285
 0.20636 -1.90864
 0.20648 -2.06706
 0.2066 -2.21267
 0.20672 -2.34523
 0.20684 -2.46371
 0.20696 -2.56914
 0.20708 -2.66517
 0.2072 -2.75691
 0.20732 -2.84954
 0.20744 -2.94508
 0.20756 -3.04397
 0.20768 -3.1463
 0.2078 -3.24895
 0.20792 -3.34639
 0.20804 -3.43095
 0.20816 -3.4947
 0.20828 -3.53038
 0.2084 -3.53072
 0.20852 -3.48807
 0.20864 -3.39981
 0.20876 -3.26748
 0.20888 -3.09277
 0.209 -2.87615
 0.20912 -2.61756
 0.20924 -2.3168
 0.20936 -1.97357
 0.20948 -1.58988
 0.2096 -1.16889
 0.20972 -0.714443
 0.20984 -0.231704
 0.20996 0.272641
 0.21008 0.788893
 0.2102 1.3083
 0.21032 1.82246
 0.21044 2.32163
 0.21056 2.79652
 0.21068 3.24212
 0.2108 3.65422
 0.21092 4.02947
 0.21104 4.36479
 0.21116 4.65829
 0.21128 4.90914
 0.2114 5.11523
 0.21152 5.27466
 0.21164 5.3857
 0.21176 5.44684
 0.21188 5.45696
 0.212 5.41664
 0.21212 5.32831
 0.21224 5.1943
 0.21236 5.01868
 0.21248 4.80789
 0.2126 4.56975
 0.21272 4.31219
 0.21284 4.04305
 0.21296 3.76864
 0.21308 3.49385
 0.2132 3.22173
 0.21332 2.95496
 0.21344 2.69899
 0.21356 2.46068
 0.21368 2.24731
 0.2138 2.06603
 0.21392 1.92275
 0.21404 1.82223
 0.21416 1.76792
 0.21428 1.76155
 0.2144 1.80265
 0.21452 1.88844
 0.21464 2.01289
 0.21476 2.16918
 0.21488 2.35123
 0.215 2.55471
 0.21512 2.77711
 0.21524 3.01718
 0.21536 3.27218
 0.21548 3.5366
 0.2156 3.80284
 0.21572 4.06275
 0.21584 4.3088
 0.21596 4.5352
 0.21608 4.73659
 0.2162 4.90851
 0.21632 5.04766
 0.21644 5.15134
 0.21656 5.21859
 0.21668 5.25021
 0.2168 5.24701
 0.21692 5.20917
 0.21704 5.13524
 0.21716 5.02284
 0.21728 4.86936
 0.2174 4.67486
 0.21752 4.44141
 0.21764 4.17326
 0.21776 3.87489
 0.21788 3.54999
 0.218 3.20176
 0.21812 2.83377
 0.21824 2.45046
 0.21836 2.05679
 0.21848 1.65888
 0.2186 1.26301
 0.21872 0.875246
 0.21884 0.5013
 0.21896 0.147269
 0.21908 -0.179986
 0.2192 -0.473648
 0.21932 -0.728128
 0.21944 -0.939928
 0.21956 -1.10684
 0.21968 -1.2274
 0.2198 -1.30009
 0.21992 -1.32342
 0.22004 -1.29705
 0.22016 -1.2217
 0.22028 -1.09949
 0.2204 -0.935174
 0.22052 -0.736569
 0.22064 -0.51258
 0.22076 -0.27145
 0.22088 -0.020581
 0.221 0.232059
 0.22112 0.478374
 0.22124 0.711405
 0.22136 0.925549
 0.22148 1.11591
 0.2216 1.27744
 0.22172 1.40435
 0.22184 1.49066
 0.22196 1.53186
 0.22208 1.52537
 0.2222 1.46939
 0.22232 1.36308
 0.22244 1.21029
 0.22256 1.01727
 0.22268 0.790213
 0.2228 0.533698
 0.22292 0.251924
 0.22304 -0.0490695
 0.22316 -0.362971
 0.22328 -0.684262
 0.2234 -1.00784
 0.22352 -1.32853
 0.22364 -1.63993
 0.22376 -1.93428
 0.22388 -2.20305
 0.224 -2.44025
 0.22412 -2.64135
 0.22424 -2.80207
 0.22436 -2.9194
 0.22448 -2.99323
 0.2246 -3.02366
 0.22472 -3.00929
 0.22484 -2.94722
 0.22496 -2.83525
 0.22508 -2.67416
 0.2252 -2.46645
 0.22532 -2.21524
 0.22544 -1.92313
 0.22556 -1.59295
 0.22568 -1.22845
 0.2258 -0.835901
 0.22592 -0.423013
 0.22604 0.00447118
 0.22616 0.441559
 0.22628 0.883883
 0.2264 1.32762
 0.22652 1.77001
 0.22664 2.20748
 0.22676 2.6345
 0.22688 3.0448
 0.227 3.43306
 0.22712 3.79612
 0.22724 4.13401
 0.22736 4.44611
 0.22748 4.73098
 0.2276 4.98668
 0.22772 5.21163
 0.22784 5.40777
 0.22796 5.57744
 0.22808 5.72239
 0.2282 5.84329
 0.22832 5.9399
 0.22844 6.01168
 0.22856 6.05724
 0.22868 6.07572
 0.2288 6.06778
 0.22892 6.03427
 0.22904 5.97586
 0.22916 5.89178
 0.22928 5.77998
 0.2294 5.64032
 0.22952 5.47421
 0.22964 5.28458
 0.22976 5.07339
 0.22988 4.84084
 0.23 4.58729
 0.23012 4.31302
 0.23024 4.01956
 0.23036 3.70901
 0.23048 3.38344
 0.2306 3.04553
 0.23072 2.69805
 0.23084 2.34321
 0.23096 1.98347
 0.23108 1.62162
 0.2312 1.26155
 0.23132 0.906795
 0.23144 0.559016
 0.23156 0.216972
 0.23168 -0.121302
 0.2318 -0.456298
 0.23192 -0.787899
 0.23204 -1.11526
 0.23216 -1.43672
 0.23228 -1.7513
 0.2324 -2.05776
 0.23252 -2.35437
 0.23264 -2.63933
 0.23276 -2.9119
 0.23288 -3.17178
 0.233 -3.41923
 0.23312 -3.65531
 0.23324 -3.88177
 0.23336 -4.09977
 0.23348 -4.30774
 0.2336 -4.5018
 0.23372 -4.67873
 0.23384 -4.83648
 0.23396 -4.97368
 0.23408 -5.08996
 0.2342 -5.18579
 0.23432 -5.26144
 0.23444 -5.31713
 0.23456 -5.3536
 0.23468 -5.37148
 0.2348 -5.36913
 0.23492 -5.34405
 0.23504 -5.29346
 0.23516 -5.21366
 0.23528 -5.10059
 0.2354 -4.95155
 0.23552 -4.76604
 0.23564 -4.54446
 0.23576 -4.28654
 0.23588 -3.99156
 0.236 -3.65826
 0.23612 -3.28692
 0.23624 -2.87813
 0.23636 -2.4339
 0.23648 -1.95738
 0.2366 -1.45247
 0.23672 -0.924436
 0.23684 -0.380748
 0.23696 0.17065
 0.23708 0.721708
 0.2372 1.26238
 0.23732 1.78146
 0.23744 2.26869
 0.23756 2.71477
 0.23768 3.11104
 0.2378 3.4484
 0.23792 3.71644
 0.23804 3.90556
 0.23816 4.01064
 0.23828 4.02851
 0.2384 3.95976
 0.23852 3.80718
 0.23864 3.57559
 0.23876 3.27047
 0.23888 2.89815
 0.239 2.46503
 0.23912 1.97798
 0.23924 1.44748
 0.23936 0.885425
 0.23948 0.303475
 0.2396 -0.287397
 0.23972 -0.877036
 0.23984 -1.45454
 0.23996 -2.0059
 0.24008 -2.52054
 0.2402 -2.99185
 0.24032 -3.41711
 0.24044 -3.79792
 0.24056 -4.13806
 0.24068 -4.44078
 0.2408 -4.70827
 0.24092 -4.94307
 0.24104 -5.14785
 0.24116 -5.326
 0.24128 -5.48311
 0.2414 -5.62518
 0.24152 -5.7581
 0.24164 -5.88693
 0.24176 -6.01527
 0.24188 -6.14837
 0.242 -6.29232
 0.24212 -6.44895
 0.24224 -6.61766
 0.24236 -6.79312
 0.24248 -6.96748
 0.2426 -7.13227
 0.24272 -7.28213
 0.24284 -7.412
 0.24296 -7.51564
 0.24308 -7.58641
 0.2432 -7.61737
 0.24332 -7.60159
 0.24344 -7.53176
 0.24356 -7.4009
 0.24368 -7.20396
 0.2438 -6.93745
 0.24392 -6.59724
 0.24404 -6.18286
 0.24416 -5.69707
 0.24428 -5.14497
 0.2444 -4.53513
 0.24452 -3.87762
 0.24464 -3.18304
 0.24476 -2.46023
 0.24488 -1.71843
 0.245 -0.968038
 0.24512 -0.220292
 0.24524 0.513675
 0.24536 1.22261
 0.24548 1.89476
 0.2456 2.51959
 0.24572 3.08887
 0.24584 3.59592
 0.24596 4.03547
 0.24608 4.40647
 0.2462 4.7101
 0.24632 4.95011
 0.24644 5.13183
 0.24656 5.26274
 0.24668 5.35228
 0.2468 5.40737
 0.24692 5.43347
 0.24704 5.43642
 0.24716 5.42217
 0.24728 5.39614
 0.2474 5.36371
 0.24752 5.33006
 0.24764 5.29917
 0.24776 5.27382
 0.24788 5.25538
 0.248 5.24443
 0.24812 5.2403
 0.24824 5.24028
 0.24836 5.24013
 0.24848 5.23441
 0.2486 5.21581
 0.24872 5.17573
 0.24884 5.11129
 0.24896 5.02107
 0.24908 4.90453
 0.2492 4.76345
 0.24932 4.60076
 0.24944 4.4202
 0.24956 4.22599
 0.24968 4.02233
 0.2498 3.81371
 0.24992 3.60481
 0.25004 3.39799
 0.25016 3.19531
 0.25028 2.99994
 0.2504 2.81567
 0.25052 2.64748
 0.25064 2.50088
 0.25076 2.38046
 0.25088 2.28723
 0.251 2.22215
 0.25112 2.18406
 0.25124 2.16861
 0.25136 2.17078
 0.25148 2.18467
 0.2516 2.20411
 0.25172 2.22359
 0.25184 2.2379
 0.25196 2.24437
 0.25208 2.2434
 0.2522 2.23564
 0.25232 2.22197
 0.25244 2.20338
 0.25256 2.1804
 0.25268 2.15403
 0.2528 2.12515
 0.25292 2.09471
 0.25304 2.06247
 0.25316 2.0299
 0.25328 2.00015
 0.2534 1.97593
 0.25352 1.96093
 0.25364 1.95896
 0.25376 1.97308
 0.25388 2.00451
 0.254 2.05116
 0.25412 2.10957
 0.25424 2.17601
 0.25436 2.24595
 0.25448 2.31431
 0.2546 2.37603
 0.25472 2.42737
 0.25484 2.46629
 0.25496 2.49244
 0.25508 2.50714
 0.2552 2.51075
 0.25532 2.50337
 0.25544 2.4858
 0.25556 2.45828
 0.25568 2.42058
 0.2558 2.37329
 0.25592 2.31944
 0.25604 2.264
 0.25616 2.21196
 0.25628 2.16822
 0.2564 2.13812
 0.25652 2.12656
 0.25664 2.13679
 0.25676 2.16895
 0.25688 2.22164
 0.257 2.29031
 0.25712 2.37034
 0.25724 2.45811
 0.25736 2.5498
 0.25748 2.64077
 0.2576 2.72692
 0.25772 2.80593
 0.25784 2.87507
 0.25796 2.93022
 0.25808 2.96655
 0.2582 2.98091
 0.25832 2.97037
 0.25844 2.93277
 0.25856 2.86782
 0.25868 2.77817
 0.2588 2.66817
 0.25892 2.5439
 0.25904 2.41341
 0.25916 2.28293
 0.25928 2.15733
 0.2594 2.04136
 0.25952 1.94044
 0.25964 1.85864
 0.25976 1.79771
 0.25988 1.75974
 0.26 1.74759
 0.26012 1.76301
 0.26024 1.80584
 0.26036 1.87588
 0.26048 1.97122
 0.2606 2.08805
 0.26072 2.22131
 0.26084 2.36582
 0.26096 2.51526
 0.26108 2.66298
 0.2612 2.80419
 0.26132 2.93586
 0.26144 3.05487
 0.26156 3.15768
 0.26168 3.24223
 0.2618 3.30653
 0.26192 3.34781
 0.26204 3.36238
 0.26216 3.34786
 0.26228 3.30256
 0.2624 3.22527
 0.26252 3.11622
 0.26264 2.976
 0.26276 2.80463
 0.26288 2.60183
 0.263 2.36923
 0.26312 2.11117
 0.26324 1.83131
 0.26336 1.53214
 0.26348 1.21727
 0.2636 0.890246
 0.26372 0.554072
 0.26384 0.213247
 0.26396 -0.1265
 0.26408 -0.457194
 0.2642 -0.771058
 0.26432 -1.0606
 0.26444 -1.31892
 0.26456 -1.53907
 0.26468 -1.71361
 0.2648 -1.83425
 0.26492 -1.89387
 0.26504 -1.89053
 0.26516 -1.82616
 0.26528 -1.70256
 0.2654 -1.52184
 0.26552 -1.28706
 0.26564 -1.00071
 0.26576 -0.665102
 0.26588 -0.283456
 0.266 0.137983
 0.26612 0.589561
 0.26624 1.06197
 0.26636 1.54558
 0.26648 2.03017
 0.2666 2.50463
 0.26672 2.95783
 0.26684 3.37946
 0.26696 3.76137
 0.26708 4.09965
 0.2672 4.39183
 0.26732 4.63578
 0.26744 4.83003
 0.26756 4.97398
 0.26768 5.06631
 0.2678 5.10497
 0.26792 5.08939
 0.26804 5.02398
 0.26816 4.91442
 0.26828 4.766
 0.2684 4.58516
 0.26852 4.37928
 0.26864 4.15621
 0.26876 3.92274
 0.26888 3.68431
 0.269 3.4455
 0.26912 3.21004
 0.26924 2.98169
 0.26936 2.76406
 0.26948 2.56024
 0.2696 2.3727
 0.26972 2.20521
 0.26984 2.06265
 0.26996 1.94683
 0.27008 1.85694
 0.2702 1.79272
 0.27032 1.75353
 0.27044 1.73798
 0.27056 1.74454
 0.27068 1.77166
 0.2708 1.81855
 0.27092 1.88495
 0.27104 1.97081
 0.27116 2.0754
 0.27128 2.19716
 0.2714 2.33325
 0.27152 2.48064
 0.27164 2.63569
 0.27176 2.79238
 0.27188 2.94415
 0.272 3.08641
 0.27212 3.21481
 0.27224 3.32597
 0.27236 3.41725
 0.27248 3.48649
 0.2726 3.53104
 0.27272 3.54916
 0.27284 3.53956
 0.27296 3.50098
 0.27308 3.43259
 0.2732 3.33505
 0.27332 3.21015
 0.27344 3.06214
 0.27356 2.89586
 0.27368 2.71795
 0.2738 2.53711
 0.27392 2.36246
 0.27404 2.20243
 0.27416 2.0643
 0.27428 1.9536
 0.2744 1.87493
 0.27452 1.83239
 0.27464 1.82973
 0.27476 1.86859
 0.27488 1.94959
 0.275 2.07215
 0.27512 2.23452
 0.27524 2.43441
 0.27536 2.66872
 0.27548 2.9328
 0.2756 3.22118
 0.27572 3.52659
 0.27584 3.84065
 0.27596 4.15481
 0.27608 4.46138
 0.2762 4.75365
 0.27632 5.0257
 0.27644 5.27299
 0.27656 5.49134
 0.27668 5.6781
 0.2768 5.83141
 0.27692 5.95005
 0.27704 6.03465
 0.27716 6.08604
 0.27728 6.10459
 0.2774 6.09103
 0.27752 6.04658
 0.27764 5.97358
 0.27776 5.87582
 0.27788 5.75779
 0.278 5.62382
 0.27812 5.47789
 0.27824 5.32438
 0.27836 5.16672
 0.27848 5.00722
 0.2786 4.84783
 0.27872 4.69045
 0.27884 4.53826
 0.27896 4.39443
 0.27908 4.26157
 0.2792 4.14285
 0.27932 4.04152
 0.27944 3.96072
 0.27956 3.90328
 0.27968 3.87137
 0.2798 3.86444
 0.27992 3.88105
 0.28004 3.91985
 0.28016 3.979
 0.28028 4.05571
 0.2804 4.14845
 0.28052 4.25646
 0.28064 4.37912
 0.28076 4.51435
 0.28088 4.65892
 0.281 4.80841
 0.28112 4.95785
 0.28124 5.10199
 0.28136 5.23564
 0.28148 5.35385
 0.2816 5.45142
 0.28172 5.52425
 0.28184 5.57234
 0.28196 5.59617
 0.28208 5.59624
 0.2822 5.57388
 0.28232 5.53173
 0.28244 5.47042
 0.28256 5.38957
 0.28268 5.28847
 0.2828 5.16714
 0.28292 5.02567
 0.28304 4.86608
 0.28316 4.69102
 0.28328 4.50355
 0.2834 4.30664
 0.28352 4.10284
 0.28364 3.89552
 0.28376 3.68596
 0.28388 3.47323
 0.284 3.25684
 0.28412 3.03657
 0.28424 2.81126
 0.28436 2.57957
 0.28448 2.34269
 0.2846 2.10365
 0.28472 1.8661
 0.28484 1.63451
 0.28496 1.4131
 0.28508 1.20297
 0.2852 1.00459
 0.28532 0.817655
 0.28544 0.642382
 0.28556 0.478487
 0.28568 0.324835
 0.2858 0.180613
 0.28592 0.044069
 0.28604 -0.0877016
 0.28616 -0.217853
 0.28628 -0.348919
 0.2864 -0.484211
 0.28652 -0.629114
 0.28664 -0.791072
 0.28676 -0.977934
 0.28688 -1.19855
 0.287 -1.45752
 0.28712 -1.75521
 0.28724 -2.09164
 0.28736 -2.46617
 0.28748 -2.87733
 0.2876 -3.32215
 0.28772 -3.79567
 0.28784 -4.29076
 0.28796 -4.79855
 0.28808 -5.30938
 0.2882 -5.81399
 0.28832 -6.30374
 0.28844 -6.77018
 0.28856 -7.20352
 0.28868 -7.59264
 0.2888 -7.92589
 0.28892 -8.19292
 0.28904 -8.3905
 0.28916 -8.51691
 0.28928 -8.57025
 0.2894 -8.54974
 0.28952 -8.45705
 0.28964 -8.29517
 0.28976 -8.07005
 0.28988 -7.78886
 0.29 -7.45911
 0.29012 -7.08808
 0.29024 -6.68224
 0.29036 -6.24603
 0.29048 -5.78256
 0.2906 -5.29597
 0.29072 -4.79227
 0.29084 -4.27876
 0.29096 -3.7606
 0.29108 -3.24048
 0.2912 -2.72311
 0.29132 -2.21384
 0.29144 -1.7168
 0.29156 -1.23502
 0.29168 -0.770515
 0.2918 -0.32455
 0.29192 0.10176
 0.29204 0.506152
 0.29216 0.88574
 0.29228 1.2358
 0.2924 1.54789
 0.29252 1.81267
 0.29264 2.02314
 0.29276 2.17487
 0.29288 2.26581
 0.293 2.29399
 0.29312 2.26017
 0.29324 2.16772
 0.29336 2.02107
 0.29348 1.82449
 0.2936 1.58262
 0.29372 1.30011
 0.29384 0.981668
 0.29396 0.631586
 0.29408 0.255867
 0.2942 -0.138875
 0.29432 -0.542906
 0.29444 -0.943659
 0.29456 -1.32933
 0.29468 -1.6907
 0.2948 -2.02041
 0.29492 -2.31346
 0.29504 -2.56671
 0.29516 -2.7799
 0.29528 -2.95423
 0.2954 -3.09114
 0.29552 -3.19212
 0.29564 -3.25918
 0.29576 -3.29481
 0.29588 -3.3012
 0.296 -3.28075
 0.29612 -3.23668
 0.29624 -3.17312
 0.29636 -3.09645
 0.29648 -3.01393
 0.2966 -2.93177
 0.29672 -2.85548
 0.29684 -2.79026
 0.29696 -2.73825
 0.29708 -2.69951
 0.2972 -2.67262
 0.29732 -2.65552
 0.29744 -2.64727
 0.29756 -2.64656
 0.29768 -2.65135
 0.2978 -2.65877
 0.29792 -2.6655
 0.29804 -2.66794
 0.29816 -2.66192
 0.29828 -2.6424
 0.2984 -2.60335
 0.29852 -2.5384
 0.29864 -2.44118
 0.29876 -2.30359
 0.29888 -2.11891
 0.299 -1.88396
 0.29912 -1.5976
 0.29924 -1.26058
 0.29936 -0.874317
 0.29948 -0.439692
 0.2996 0.0395677
 0.29972 0.55857
 0.29984 1.11159
 0.29996 1.69261
 0.30008 2.29507
 0.3002 2.91157
 0.30032 3.53403
 0.30044 4.15394
 0.30056 4.76285
 0.30068 5.35109
 0.3008 5.90728
 0.30092 6.42197
 0.30104 6.88802
 0.30116 7.30049
 0.30128 7.65634
 0.3014 7.9533
 0.30152 8.19104
 0.30164 8.37341
 0.30176 8.50501
 0.30188 8.59088
 0.302 8.63601
 0.30212 8.64597
 0.30224 8.62687
 0.30236 8.58522
 0.30248 8.52623
 0.3026 8.45479
 0.30272 8.37739
 0.30284 8.30121
 0.30296 8.23358
 0.30308 8.17954
 0.3032 8.1432
 0.30332 8.12785
 0.30344 8.13547
 0.30356 8.16579
 0.30368 8.2165
 0.3038 8.28409
 0.30392 8.36479
 0.30404 8.45511
 0.30416 8.5518
 0.30428 8.65102
 0.3044 8.74976
 0.30452 8.84819
 0.30464 8.94591
 0.30476 9.0409
 0.30488 9.13014
 0.305 9.21031
 0.30512 9.28041
 0.30524 9.33972
 0.30536 9.38835
 0.30548 9.42712
 0.3056 9.45658
 0.30572 9.47812
 0.30584 9.49444
 0.30596 9.5077
 0.30608 9.51993
 0.3062 9.53284
 0.30632 9.54884
 0.30644 9.56726
 0.30656 9.58456
 0.30668 9.59908
 0.3068 9.6107
 0.30692 9.6202
 0.30704 9.62748
 0.30716 9.62963
 0.30728 9.62318
 0.3074 9.6035
 0.30752 9.56741
 0.30764 9.51253
 0.30776 9.43609
 0.30788 9.33564
 0.308 9.20852
 0.30812 9.05187
 0.30824 8.86236
 0.30836 8.63665
 0.30848 8.37561
 0.3086 8.08006
 0.30872 7.74914
 0.30884 7.38142
 0.30896 6.97586
 0.30908 6.53537
 0.3092 6.06625
 0.30932 5.57525
 0.30944 5.06996
 0.30956 4.55677
 0.30968 4.04182
 0.3098 3.53084
 0.30992 3.0294
 0.31004 2.54427
 0.31016 2.08264
 0.31028 1.65226
 0.3104 1.25991
 0.31052 0.911334
 0.31064 0.614109
 0.31076 0.375884
 0.31088 0.203073
 0.311 0.0987826
 0.31112 0.0594765
 0.31124 0.0795993
 0.31136 0.152284
 0.31148 0.269321
 0.3116 0.422647
 0.31172 0.604339
 0.31184 0.807061
 0.31196 1.02285
 0.31208 1.24302
 0.3122 1.45833
 0.31232 1.66042
 0.31244 1.84118
 0.31256 1.98979
 0.31268 2.09524
 0.3128 2.14726
 0.31292 2.13856
 0.31304 2.06656
 0.31316 1.93271
 0.31328 1.74014
 0.3134 1.4946
 0.31352 1.2028
 0.31364 0.871711
 0.31376 0.508254
 0.31388 0.118175
 0.314 -0.292434
 0.31412 -0.717043
 0.31424 -1.14893
 0.31436 -1.58266
 0.31448 -2.00931
 0.3146 -2.41768
 0.31472 -2.79725
 0.31484 -3.13822
 0.31496 -3.43343
 0.31508 -3.67816
 0.3152 -3.86853
 0.31532 -4.00254
 0.31544 -4.07939
 0.31556 -4.09847
 0.31568 -4.0604
 0.3158 -3.96537
 0.31592 -3.81104
 0.31604 -3.59473
 0.31616 -3.31417
 0.31628 -2.96622
 0.3164 -2.55101
 0.31652 -2.07552
 0.31664 -1.5471
 0.31676 -0.972761
 0.31688 -0.359095
 0.317 0.288297
 0.31712 0.964322
 0.31724 1.66333
 0.31736 2.37989
 0.31748 3.10745
 0.3176 3.84009
 0.31772 4.57411
 0.31784 5.30501
 0.31796 6.02517
 0.31808 6.72561
 0.3182 7.39683
 0.31832 8.02749
 0.31844 8.61443
 0.31856 9.1593
 0.31868 9.66284
 0.3188 10.1258
 0.31892 10.5491
 0.31904 10.9331
 0.31916 11.2788
 0.31928 11.5875
 0.3194 11.8617
 0.31952 12.105
 0.31964 12.3199
 0.31976 12.5054
 0.31988 12.6598
 0.32 12.7835
 0.32012 12.8787
 0.32024 12.9497
 0.32036 13.0019
 0.32048 13.0349
 0.3206 13.0474
 0.32072 13.0384
 0.32084 13.0059
 0.32096 12.9476
 0.32108 12.8611
 0.3212 12.7437
 0.32132 12.5932
 0.32144 12.4074
 0.32156 12.1843
 0.32168 11.9227
 0.3218 11.6265
 0.32192 11.3008
 0.32204 10.9497
 0.32216 10.5761
 0.32228 10.1812
 0.3224 9.76689
 0.32252 9.33564
 0.32264 8.8902
 0.32276 8.4351
 0.32288 7.97631
 0.323 7.51991
 0.32312 7.07229
 0.32324 6.63998
 0.32336 6.22785
 0.32348 5.83812
 0.3236 5.47324
 0.32372 5.13427
 0.32384 4.81989
 0.32396 4.52864
 0.32408 4.2596
 0.3242 4.01211
 0.32432 3.78472
 0.32444 3.57678
 0.32456 3.38817
 0.32468 3.21773
 0.3248 3.06265
 0.32492 2.9196
 0.32504 2.7851
 0.32516 2.65507
 0.32528 2.52512
 0.3254 2.39369
 0.32552 2.2622
 0.32564 2.13189
 0.32576 2.00455
 0.32588 1.88176
 0.326 1.76473
 0.32612 1.65456
 0.32624 1.5525
 0.32636 1.4596
 0.32648 1.37389
 0.3266 1.2934
 0.32672 1.21661
 0.32684 1.14224
 0.32696 1.06924
 0.32708 0.996907
 0.3272 0.926193
 0.32732 0.859389
 0.32744 0.796359
 0.32756 0.735077
 0.32768 0.673101
 0.3278 0.607591
 0.32792 0.536123
 0.32804 0.456465
 0.32816 0.366435
 0.32828 0.265104
 0.3284 0.155033
 0.32852 0.0409154
 0.32864 -0.0725154
 0.32876 -0.18035
 0.32888 -0.277737
 0.329 -0.359938
 0.32912 -0.423151
 0.32924 -0.467436
 0.32936 -0.494984
 0.32948 -0.506472
 0.3296 -0.500155
 0.32972 -0.472884
 0.32984 -0.421012
 0.32996 -0.34129
 0.33008 -0.230517
 0.3302 -0.0861505
 0.33032 0.0907372
 0.33044 0.296282
 0.33056 0.525909
 0.33068 0.77496
 0.3308 1.03913
 0.33092 1.314
 0.33104 1.59549
 0.33116 1.88213
 0.33128 2.17696
 0.3314 2.48401
 0.33152 2.80478
 0.33164 3.1369
 0.33176 3.47675
 0.33188 3.82093
 0.332 4.16656
 0.33212 4.51121
 0.33224 4.85408
 0.33236 5.19716
 0.33248 5.54303
 0.3326 5.89456
 0.33272 6.25355
 0.33284 6.62108
 0.33296 6.99846
 0.33308 7.38375
 0.3332 7.77134
 0.33332 8.15312
 0.33344 8.52181
 0.33356 8.87334
 0.33368 9.20625
 0.3338 9.51908
 0.33392 9.80898
 0.33404 10.0721
 0.33416 10.3034
 0.33428 10.4971
 0.3344 10.6471
 0.33452 10.7475
 0.33464 10.7928
 0.33476 10.7797
 0.33488 10.7057
 0.335 10.5699
 0.33512 10.3773
 0.33524 10.1349
 0.33536 9.8505
 0.33548 9.53087
 0.3356 9.18162
 0.33572 8.80782
 0.33584 8.41545
 0.33596 8.01238
 0.33608 7.60753
 0.3362 7.21007
 0.33632 6.82849
 0.33644 6.47052
 0.33656 6.14378
 0.33668 5.8542
 0.3368 5.60562
 0.33692 5.40007
 0.33704 5.23624
 0.33716 5.10979
 0.33728 5.016
 0.3374 4.94994
 0.33752 4.90599
 0.33764 4.87858
 0.33776 4.86252
 0.33788 4.8518
 0.338 4.83954
 0.33812 4.81874
 0.33824 4.784
 0.33836 4.73158
 0.33848 4.65786
 0.3386 4.5599
 0.33872 4.43725
 0.33884 4.29192
 0.33896 4.12832
 0.33908 3.95223
 0.3392 3.76878
 0.33932 3.58267
 0.33944 3.39955
 0.33956 3.22646
 0.33968 3.06892
 0.3398 2.93206
 0.33992 2.82095
 0.34004 2.74064
 0.34016 2.69544
 0.34028 2.68652
 0.3404 2.71318
 0.34052 2.77437
 0.34064 2.86777
 0.34076 2.98881
 0.34088 3.13081
 0.341 3.28575
 0.34112 3.44618
 0.34124 3.6065
 0.34136 3.76149
 0.34148 3.90463
 0.3416 4.02966
 0.34172 4.13208
 0.34184 4.20788
 0.34196 4.25332
 0.34208 4.26463
 0.3422 4.23925
 0.34232 4.17746
 0.34244 4.082
 0.34256 3.95573
 0.34268 3.80188
 0.3428 3.62415
 0.34292 3.42768
 0.34304 3.218
 0.34316 2.9998
 0.34328 2.77694
 0.3434 2.55351
 0.34352 2.33395
 0.34364 2.12154
 0.34376 1.91911
 0.34388 1.72928
 0.344 1.55455
 0.34412 1.39764
 0.34424 1.26041
 0.34436 1.1427
 0.34448 1.04279
 0.3446 0.960577
 0.34472 0.897863
 0.34484 0.857061
 0.34496 0.839656
 0.34508 0.847273
 0.3452 0.881662
 0.34532 0.943296
 0.34544 1.03183
 0.34556 1.14709
 0.34568 1.28935
 0.3458 1.45796
 0.34592 1.65232
 0.34604 1.87192
 0.34616 2.11597
 0.34628 2.38392
 0.3464 2.67693
 0.34652 2.99578
 0.34664 3.33697
 0.34676 3.69316
 0.34688 4.05661
 0.347 4.41986
 0.34712 4.77527
 0.34724 5.116
 0.34736 5.43782
 0.34748 5.73702
 0.3476 6.00981
 0.34772 6.25274
 0.34784 6.46296
 0.34796 6.63711
 0.34808 6.77167
 0.3482 6.86352
 0.34832 6.90907
 0.34844 6.90279
 0.34856 6.84161
 0.34868 6.72815
 0.3488 6.56844
 0.34892 6.3685
 0.34904 6.13374
 0.34916 5.86962
 0.34928 5.58081
 0.3494 5.27053
 0.34952 4.94181
 0.34964 4.59776
 0.34976 4.24168
 0.34988 3.87851
 0.35 3.51416
 0.35012 3.15482
 0.35024 2.80679
 0.35036 2.4776
 0.35048 2.17575
 0.3506 1.90709
 0.35072 1.67346
 0.35084 1.47577
 0.35096 1.3152
 0.35108 1.1937
 0.3512 1.11243
 0.35132 1.07189
 0.35144 1.07323
 0.35156 1.11778
 0.35168 1.20619
 0.3518 1.33731
 0.35192 1.50709
 0.35204 1.71082
 0.35216 1.94313
 0.35228 2.19828
 0.3524 2.46958
 0.35252 2.75057
 0.35264 3.0364
 0.35276 3.32307
 0.35288 3.6059
 0.353 3.88038
 0.35312 4.14214
 0.35324 4.38911
 0.35336 4.62005
 0.35348 4.8333
 0.3536 5.02722
 0.35372 5.20181
 0.35384 5.35898
 0.35396 5.50209
 0.35408 5.63452
 0.3542 5.75891
 0.35432 5.87775
 0.35444 5.99375
 0.35456 6.10818
 0.35468 6.22132
 0.3548 6.33452
 0.35492 6.45002
 0.35504 6.56905
 0.35516 6.69208
 0.35528 6.81673
 0.3554 6.93976
 0.35552 7.05798
 0.35564 7.16782
 0.35576 7.26445
 0.35588 7.34188
 0.356 7.3937
 0.35612 7.41525
 0.35624 7.40475
 0.35636 7.36001
 0.35648 7.27963
 0.3566 7.16441
 0.35672 7.01463
 0.35684 6.82881
 0.35696 6.60525
 0.35708 6.34342
 0.3572 6.04407
 0.35732 5.71058
 0.35744 5.34745
 0.35756 4.95915
 0.35768 4.55025
 0.3578 4.12648
 0.35792 3.69654
 0.35804 3.26936
 0.35816 2.85066
 0.35828 2.44465
 0.3584 2.05618
 0.35852 1.68868
 0.35864 1.34508
 0.35876 1.03041
 0.35888 0.750865
 0.359 0.511449
 0.35912 0.315925
 0.35924 0.165985
 0.35936 0.062419
 0.35948 0.00590562
 0.3596 -0.00275426
 0.35972 0.0372054
 0.35984 0.12343
 0.35996 0.24967
 0.36008 0.409857
 0.3602 0.599739
 0.36032 0.814944
 0.36044 1.05127
 0.36056 1.30495
 0.36068 1.57086
 0.3608 1.84195
 0.36092 2.11289
 0.36104 2.37978
 0.36116 2.64057
 0.36128 2.89425
 0.3614 3.13687
 0.36152 3.36359
 0.36164 3.56967
 0.36176 3.75097
 0.36188 3.90699
 0.362 4.03926
 0.36212 4.14915
 0.36224 4.23777
 0.36236 4.30597
 0.36248 4.35427
 0.3626 4.38356
 0.36272 4.39623
 0.36284 4.39466
 0.36296 4.37894
 0.36308 4.3486
 0.3632 4.30187
 0.36332 4.23889
 0.36344 4.16525
 0.36356 4.08728
 0.36368 4.0111
 0.3638 3.94184
 0.36392 3.88199
 0.36404 3.83319
 0.36416 3.79704
 0.36428 3.77523
 0.3644 3.76978
 0.36452 3.78323
 0.36464 3.81831
 0.36476 3.87719
 0.36488 3.96175
 0.365 4.07379
 0.36512 4.21528
 0.36524 4.38754
 0.36536 4.58785
 0.36548 4.80926
 0.3656 5.0442
 0.36572 5.28558
 0.36584 5.52794
 0.36596 5.76826
 0.36608 6.00404
 0.3662 6.23261
 0.36632 6.45121
 0.36644 6.65727
 0.36656 6.84728
 0.36668 7.01681
 0.3668 7.16066
 0.36692 7.27579
 0.36704 7.36031
 0.36716 7.41286
 0.36728 7.43521
 0.3674 7.43358
 0.36752 7.41701
 0.36764 7.39444
 0.36776 7.37371
 0.36788 7.36032
 0.368 7.35814
 0.36812 7.37145
 0.36824 7.40534
 0.36836 7.46505
 0.36848 7.55469
 0.3686 7.67885
 0.36872 7.84404
 0.36884 8.05796
 0.36896 8.32604
 0.36908 8.65081
 0.3692 9.03327
 0.36932 9.46788
 0.36944 9.94406
 0.36956 10.4501
 0.36968 10.9749
 0.3698 11.5096
 0.36992 12.0468
 0.37004 12.5798
 0.37016 13.1002
 0.37028 13.5984
 0.3704 14.0649
 0.37052 14.4912
 0.37064 14.8691
 0.37076 15.1887
 0.37088 15.44
 0.371 15.616
 0.37112 15.713
 0.37124 15.7299
 0.37136 15.6743
 0.37148 15.5567
 0.3716 15.3878
 0.37172 15.1776
 0.37184 14.9332
 0.37196 14.6606
 0.37208 14.3665
 0.3722 14.0591
 0.37232 13.747
 0.37244 13.4394
 0.37256 13.1453
 0.37268 12.8715
 0.3728 12.6251
 0.37292 12.4122
 0.37304 12.237
 0.37316 12.1023
 0.37328 12.0075
 0.3734 11.9488
 0.37352 11.9213
 0.37364 11.9191
 0.37376 11.9372
 0.37388 11.974
 0.374 12.0277
 0.37412 12.0942
 0.37424 12.1689
 0.37436 12.2471
 0.37448 12.323
 0.3746 12.3915
 0.37472 12.45
 0.37484 12.4981
 0.37496 12.5352
 0.37508 12.5604
 0.3752 12.5733
 0.37532 12.5737
 0.37544 12.5584
 0.37556 12.5264
 0.37568 12.4777
 0.3758 12.412
 0.37592 12.3274
 0.37604 12.2246
 0.37616 12.107
 0.37628 11.9775
 0.3764 11.8404
 0.37652 11.7013
 0.37664 11.5652
 0.37676 11.4347
 0.37688 11.3073
 0.377 11.1821
 0.37712 11.0589
 0.37724 10.9367
 0.37736 10.8189
 0.37748 10.7114
 0.3776 10.6188
 0.37772 10.5451
 0.37784 10.4927
 0.37796 10.4626
 0.37808 10.4536
 0.3782 10.4651
 0.37832 10.496
 0.37844 10.5424
 0.37856 10.5995
 0.37868 10.6615
 0.3788 10.7268
 0.37892 10.7973
 0.37904 10.8738
 0.37916 10.9572
 0.37928 11.0478
 0.3794 11.1421
 0.37952 11.2349
 0.37964 11.3204
 0.37976 11.3941
 0.37988 11.4538
 0.38 11.4973
 0.38012 11.5214
 0.38024 11.5209
 0.38036 11.4924
 0.38048 11.4348
 0.3806 11.3476
 0.38072 11.2315
 0.38084 11.0853
 0.38096 10.9079
 0.38108 10.698
 0.3812 10.455
 0.38132 10.1801
 0.38144 9.8763
 0.38156 9.54836
 0.38168 9.2007
 0.3818 8.83669
 0.38192 8.46042
 0.38204 8.07852
 0.38216 7.6998
 0.38228 7.33359
 0.3824 6.98772
 0.38252 6.66884
 0.38264 6.38391
 0.38276 6.13832
 0.38288 5.93647
 0.383 5.78203
 0.38312 5.67855
 0.38324 5.62802
 0.38336 5.6306
 0.38348 5.68573
 0.3836 5.79239
 0.38372 5.95064
 0.38384 6.16054
 0.38396 6.41824
 0.38408 6.71595
 0.3842 7.04493
 0.38432 7.39583
 0.38444 7.75803
 0.38456 8.12192
 0.38468 8.47805
 0.3848 8.8174
 0.38492 9.13135
 0.38504 9.41178
 0.38516 9.65067
 0.38528 9.84117
 0.3854 9.97703
 0.38552 10.0524
 0.38564 10.0618
 0.38576 9.9997
 0.38588 9.86173
 0.386 9.64904
 0.38612 9.36601
 0.38624 9.01854
 0.38636 8.61576
 0.38648 8.16861
 0.3866 7.68631
 0.38672 7.17776
 0.38684 6.65273
 0.38696 6.12138
 0.38708 5.59393
 0.3872 5.0812
 0.38732 4.59483
 0.38744 4.14668
 0.38756 3.74674
 0.38768 3.40301
 0.3878 3.12267
 0.38792 2.91096
 0.38804 2.76929
 0.38816 2.69672
 0.38828 2.68962
 0.3884 2.74144
 0.38852 2.8457
 0.38864 2.99755
 0.38876 3.19229
 0.38888 3.42443
 0.389 3.6877
 0.38912 3.97534
 0.38924 4.2787
 0.38936 4.58724
 0.38948 4.89018
 0.3896 5.18007
 0.38972 5.45051
 0.38984 5.69609
 0.38996 5.91281
 0.39008 6.09773
 0.3902 6.24988
 0.39032 6.36997
 0.39044 6.45972
 0.39056 6.52057
 0.39068 6.55325
 0.3908 6.55859
 0.39092 6.53785
 0.39104 6.49355
 0.39116 6.42924
 0.39128 6.3503
 0.3914 6.26405
 0.39152 6.17764
 0.39164 6.09798
 0.39176 6.03278
 0.39188 5.98773
 0.392 5.96694
 0.39212 5.97461
 0.39224 6.0142
 0.39236 6.08861
 0.39248 6.19885
 0.3926 6.34457
 0.39272 6.52427
 0.39284 6.73645
 0.39296 6.97919
 0.39308 7.24833
 0.3932 7.53876
 0.39332 7.84514
 0.39344 8.16119
 0.39356 8.48007
 0.39368 8.79183
 0.3938 9.08647
 0.39392 9.35873
 0.39404 9.60534
 0.39416 9.82225
 0.39428 10.0055
 0.3944 10.1516
 0.39452 10.2596
 0.39464 10.3324
 0.39476 10.3743
 0.39488 10.3889
 0.395 10.3807
 0.39512 10.3569
 0.39524 10.3239
 0.39536 10.2863
 0.39548 10.2483
 0.3956 10.2156
 0.39572 10.1956
 0.39584 10.1944
 0.39596 10.213
 0.39608 10.2517
 0.3962 10.3094
 0.39632 10.3852
 0.39644 10.4784
 0.39656 10.5864
 0.39668 10.7028
 0.3968 10.8208
 0.39692 10.9347
 0.39704 11.0373
 0.39716 11.1202
 0.39728 11.1774
 0.3974 11.2057
 0.39752 11.2024
 0.39764 11.1643
 0.39776 11.0878
 0.39788 10.9701
 0.398 10.8097
 0.39812 10.6075
 0.39824 10.3673
 0.39836 10.093
 0.39848 9.78649
 0.3986 9.45139
 0.39872 9.09302
 0.39884 8.7161
 0.39896 8.32534
 0.39908 7.92679
 0.3992 7.52625
 0.39932 7.12752
 0.39944 6.7329
 0.39956 6.34455
 0.39968 5.9648
 0.3998 5.59719
 0.39992 5.24614
 0.40004 4.91635
 0.40016 4.61036
 0.40028 4.3288
 0.4004 4.07283
 0.40052 3.84604
 0.40064 3.65164
 0.40076 3.49283
 0.40088 3.37297
 0.401 3.29437
 0.40112 3.25963
 0.40124 3.27066
 0.40136 3.32854
 0.40148 3.43417
 0.4016 3.58821
 0.40172 3.79059
 0.40184 4.03946
 0.40196 4.33193
 0.40208 4.66272
 0.4022 5.02428
 0.40232 5.4097
 0.40244 5.81085
 0.40256 6.21799
 0.40268 6.62112
 0.4028 7.00958
 0.40292 7.3739
 0.40304 7.70328
 0.40316 7.98647
 0.40328 8.21517
 0.4034 8.38427
 0.40352 8.48976
 0.40364 8.52734
 0.40376 8.49338
 0.40388 8.38474
 0.404 8.19912
 0.40412 7.94188
 0.40424 7.62279
 0.40436 7.25197
 0.40448 6.83946
 0.4046 6.39442
 0.40472 5.92603
 0.40484 5.44342
 0.40496 4.95622
 0.40508 4.47746
 0.4052 4.01953
 0.40532 3.59184
 0.40544 3.20022
 0.40556 2.85048
 0.40568 2.55005
 0.4058 2.30705
 0.40592 2.13072
 0.40604 2.02803
 0.40616 1.99706
 0.40628 2.0318
 0.4064 2.12546
 0.40652 2.27355
 0.40664 2.47354
 0.40676 2.72308
 0.40688 3.02057
 0.407 3.36182
 0.40712 3.73981
 0.40724 4.14668
 0.40736 4.57609
 0.40748 5.02393
 0.4076 5.48525
 0.40772 5.95318
 0.40784 6.41904
 0.40796 6.87303
 0.40808 7.30847
 0.4082 7.72343
 0.40832 8.11947
 0.40844 8.49881
 0.40856 8.86222
 0.40868 9.20959
 0.4088 9.54007
 0.40892 9.84993
 0.40904 10.138
 0.40916 10.4059
 0.40928 10.658
 0.4094 10.8985
 0.40952 11.1281
 0.40964 11.347
 0.40976 11.5564
 0.40988 11.7588
 0.41 11.9575
 0.41012 12.1552
 0.41024 12.3539
 0.41036 12.5533
 0.41048 12.7508
 0.4106 12.9436
 0.41072 13.1299
 0.41084 13.3099
 0.41096 13.4874
 0.41108 13.6639
 0.4112 13.8386
 0.41132 14.0057
 0.41144 14.1605
 0.41156 14.3037
 0.41168 14.4375
 0.4118 14.5638
 0.41192 14.6837
 0.41204 14.7947
 0.41216 14.8918
 0.41228 14.9697
 0.4124 15.0252
 0.41252 15.0581
 0.41264 15.0658
 0.41276 15.045
 0.41288 14.9915
 0.413 14.9014
 0.41312 14.7714
 0.41324 14.602
 0.41336 14.398
 0.41348 14.1631
 0.4136 13.8975
 0.41372 13.5999
 0.41384 13.2689
 0.41396 12.9052
 0.41408 12.5148
 0.4142 12.1053
 0.41432 11.6842
 0.41444 11.2569
 0.41456 10.8293
 0.41468 10.41
 0.4148 10.0075
 0.41492 9.62674
 0.41504 9.27113
 0.41516 8.94365
 0.41528 8.64405
 0.4154 8.36953
 0.41552 8.11717
 0.41564 7.88621
 0.41576 7.67739
 0.41588 7.4923
 0.416 7.33113
 0.41612 7.19208
 0.41624 7.07441
 0.41636 6.97761
 0.41648 6.90144
 0.4166 6.84524
 0.41672 6.80759
 0.41684 6.78701
 0.41696 6.7849
 0.41708 6.80354
 0.4172 6.8453
 0.41732 6.91364
 0.41744 7.01298
 0.41756 7.14715
 0.41768 7.31692
 0.4178 7.52099
 0.41792 7.75437
 0.41804 8.01132
 0.41816 8.28446
 0.41828 8.56513
 0.4184 8.84446
 0.41852 9.11261
 0.41864 9.35893
 0.41876 9.57407
 0.41888 9.75086
 0.419 9.88146
 0.41912 9.95793
 0.41924 9.97303
 0.41936 9.92046
 0.41948 9.79442
 0.4196 9.59169
 0.41972 9.31161
 0.41984 8.95757
 0.41996 8.53793
 0.42008 8.06249
 0.4202 7.5431
 0.42032 6.99219
 0.42044 6.42348
 0.42056 5.85225
 0.42068 5.29296
 0.4208 4.75773
 0.42092 4.25736
 0.42104 3.80254
 0.42116 3.40381
 0.42128 3.06992
 0.4214 2.80808
 0.42152 2.62444
 0.42164 2.52314
 0.42176 2.50701
 0.42188 2.57483
 0.422 2.72188
 0.42212 2.94151
 0.42224 3.22493
 0.42236 3.56233
 0.42248 3.94205
 0.4226 4.35219
 0.42272 4.78271
 0.42284 5.22298
 0.42296 5.66221
 0.42308 6.08971
 0.4232 6.49555
 0.42332 6.87123
 0.42344 7.2083
 0.42356 7.49829
 0.42368 7.73299
 0.4238 7.90494
 0.42392 8.00859
 0.42404 8.041
 0.42416 8.00144
 0.42428 7.89204
 0.4244 7.71638
 0.42452 7.47913
 0.42464 7.18456
 0.42476 6.83782
 0.42488 6.44658
 0.425 6.01884
 0.42512 5.56189
 0.42524 5.08218
 0.42536 4.5868
 0.42548 4.08475
 0.4256 3.58602
 0.42572 3.10084
 0.42584 2.63924
 0.42596 2.21081
 0.42608 1.82402
 0.4262 1.48588
 0.42632 1.20152
 0.42644 0.975299
 0.42656 0.811261
 0.42668 0.712758
 0.4268 0.680739
 0.42692 0.71516
 0.42704 0.816056
 0.42716 0.984445
 0.42728 1.22024
 0.4274 1.52129
 0.42752 1.88304
 0.42764 2.29977
 0.42776 2.76576
 0.42788 3.27527
 0.428 3.82218
 0.42812 4.39917
 0.42824 4.99816
 0.42836 5.61073
 0.42848 6.22795
 0.4286 6.84062
 0.42872 7.44061
 0.42884 8.02061
 0.42896 8.57231
 0.42908 9.08721
 0.4292 9.55775
 0.42932 9.97836
 0.42944 10.3451
 0.42956 10.6555
 0.42968 10.9083
 0.4298 11.0997
 0.42992 11.2257
 0.43004 11.2841
 0.43016 11.2762
 0.43028 11.2067
 0.4304 11.0823
 0.43052 10.9111
 0.43064 10.7017
 0.43076 10.462
 0.43088 10.2003
 0.431 9.92645
 0.43112 9.64913
 0.43124 9.37536
 0.43136 9.1113
 0.43148 8.86276
 0.4316 8.63466
 0.43172 8.43231
 0.43184 8.26491
 0.43196 8.13978
 0.43208 8.05888
 0.4322 8.02078
 0.43232 8.01923
 0.43244 8.04655
 0.43256 8.09378
 0.43268 8.15198
 0.4328 8.21317
 0.43292 8.26835
 0.43304 8.30822
 0.43316 8.32515
 0.43328 8.31215
 0.4334 8.26237
 0.43352 8.16921
 0.43364 8.02727
 0.43376 7.83078
 0.43388 7.57283
 0.434 7.25257
 0.43412 6.87412
 0.43424 6.44388
 0.43436 5.97055
 0.43448 5.46299
 0.4346 4.93084
 0.43472 4.38335
 0.43484 3.82915
 0.43496 3.27738
 0.43508 2.73744
 0.4352 2.2181
 0.43532 1.72783
 0.43544 1.27495
 0.43556 0.866616
 0.43568 0.507345
 0.4358 0.200745
 0.43592 -0.0511226
 0.43604 -0.250885
 0.43616 -0.402971
 0.43628 -0.512847
 0.4364 -0.58609
 0.43652 -0.627817
 0.43664 -0.643645
 0.43676 -0.638999
 0.43688 -0.618633
 0.437 -0.587005
 0.43712 -0.548623
 0.43724 -0.507743
 0.43736 -0.46767
 0.43748 -0.43112
 0.4376 -0.399174
 0.43772 -0.370616
 0.43784 -0.343184
 0.43796 -0.313097
 0.43808 -0.275365
 0.4382 -0.224339
 0.43832 -0.152439
 0.43844 -0.0524044
 0.43856 0.0824339
 0.43868 0.258947
 0.4388 0.483874
 0.43892 0.762687
 0.43904 1.09796
 0.43916 1.49115
 0.43928 1.94242
 0.4394 2.44822
 0.43952 3.00453
 0.43964 3.60665
 0.43976 4.24836
 0.43988 4.92144
 0.44 5.61596
 0.44012 6.32201
 0.44024 7.02783
 0.44036 7.71882
 0.44048 8.3809
 0.4406 9.0003
 0.44072 9.56346
 0.44084 10.0571
 0.44096 10.4706
 0.44108 10.7975
 0.4412 11.0333
 0.44132 11.177
 0.44144 11.2327
 0.44156 11.2045
 0.44168 11.0972
 0.4418 10.918
 0.44192 10.6766
 0.44204 10.3831
 0.44216 10.0475
 0.44228 9.68246
 0.4424 9.30208
 0.44252 8.92
 0.44264 8.54939
 0.44276 8.20243
 0.44288 7.89093
 0.443 7.6239
 0.44312 7.40695
 0.44324 7.24301
 0.44336 7.1308
 0.44348 7.06593
 0.4436 7.04358
 0.44372 7.05688
 0.44384 7.09759
 0.44396 7.15732
 0.44408 7.22927
 0.4442 7.30649
 0.44432 7.38101
 0.44444 7.44562
 0.44456 7.49357
 0.44468 7.51958
 0.4448 7.5191
 0.44492 7.48775
 0.44504 7.42307
 0.44516 7.32593
 0.44528 7.19947
 0.4454 7.04879
 0.44552 6.88032
 0.44564 6.70113
 0.44576 6.51952
 0.44588 6.34372
 0.446 6.18075
 0.44612 6.0363
 0.44624 5.91522
 0.44636 5.82075
 0.44648 5.75507
 0.4466 5.7198
 0.44672 5.71536
 0.44684 5.74271
 0.44696 5.80182
 0.44708 5.8903
 0.4472 6.00344
 0.44732 6.13621
 0.44744 6.28302
 0.44756 6.43813
 0.44768 6.59582
 0.4478 6.74991
 0.44792 6.89394
 0.44804 7.02039
 0.44816 7.12181
 0.44828 7.19171
 0.4484 7.22505
 0.44852 7.21697
 0.44864 7.16286
 0.44876 7.05805
 0.44888 6.89843
 0.449 6.68402
 0.44912 6.41832
 0.44924 6.10551
 0.44936 5.74933
 0.44948 5.354
 0.4496 4.92355
 0.44972 4.46196
 0.44984 3.97436
 0.44996 3.46799
 0.45008 2.95329
 0.4502 2.44211
 0.45032 1.94757
 0.45044 1.48322
 0.45056 1.06242
 0.45068 0.698038
 0.4508 0.40182
 0.45092 0.182027
 0.45104 0.0398315
 0.45116 -0.0256059
 0.45128 -0.0152288
 0.4514 0.0698478
 0.45152 0.227917
 0.45164 0.457472
 0.45176 0.75659
 0.45188 1.1212
 0.452 1.54503
 0.45212 2.01957
 0.45224 2.53377
 0.45236 3.07142
 0.45248 3.61467
 0.4526 4.14732
 0.45272 4.65418
 0.45284 5.12319
 0.45296 5.547
 0.45308 5.92309
 0.4532 6.2483
 0.45332 6.51987
 0.45344 6.73619
 0.45356 6.89529
 0.45368 6.99441
 0.4538 7.03144
 0.45392 7.00484
 0.45404 6.9136
 0.45416 6.75743
 0.45428 6.5406
 0.4544 6.276
 0.45452 5.97729
 0.45464 5.65733
 0.45476 5.32861
 0.45488 5.00115
 0.455 4.68058
 0.45512 4.37057
 0.45524 4.076
 0.45536 3.8006
 0.45548 3.54728
 0.4556 3.32151
 0.45572 3.12981
 0.45584 2.97904
 0.45596 2.87707
 0.45608 2.83211
 0.4562 2.8519
 0.45632 2.93804
 0.45644 3.08595
 0.45656 3.29
 0.45668 3.54085
 0.4568 3.82863
 0.45692 4.14488
 0.45704 4.48696
 0.45716 4.85329
 0.45728 5.24173
 0.4574 5.65123
 0.45752 6.08029
 0.45764 6.5239
 0.45776 6.97651
 0.45788 7.43174
 0.458 7.88248
 0.45812 8.32047
 0.45824 8.73713
 0.45836 9.12727
 0.45848 9.48769
 0.4586 9.81921
 0.45872 10.1279
 0.45884 10.4199
 0.45896 10.698
 0.45908 10.9597
 0.4592 11.2022
 0.45932 11.423
 0.45944 11.6176
 0.45956 11.7812
 0.45968 11.9119
 0.4598 12.0087
 0.45992 12.0708
 0.46004 12.0986
 0.46016 12.0947
 0.46028 12.063
 0.4604 12.0069
 0.46052 11.9288
 0.46064 11.8271
 0.46076 11.6984
 0.46088 11.5405
 0.461 11.3559
 0.46112 11.1488
 0.46124 10.9235
 0.46136 10.6847
 0.46148 10.4419
 0.4616 10.2041
 0.46172 9.9768
 0.46184 9.76381
 0.46196 9.56839
 0.46208 9.39206
 0.4622 9.23517
 0.46232 9.09787
 0.46244 8.98035
 0.46256 8.8832
 0.46268 8.8081
 0.4628 8.75619
 0.46292 8.72598
 0.46304 8.71304
 0.46316 8.7135
 0.46328 8.72454
 0.4634 8.74237
 0.46352 8.75967
 0.46364 8.77161
 0.46376 8.77625
 0.46388 8.77362
 0.464 8.7641
 0.46412 8.74881
 0.46424 8.72703
 0.46436 8.69794
 0.46448 8.66066
 0.4646 8.61417
 0.46472 8.55758
 0.46484 8.49167
 0.46496 8.42171
 0.46508 8.35586
 0.4652 8.29915
 0.46532 8.25241
 0.46544 8.21674
 0.46556 8.19409
 0.46568 8.18658
 0.4658 8.19554
 0.46592 8.22169
 0.46604 8.26576
 0.46616 8.32972
 0.46628 8.41578
 0.4664 8.52489
 0.46652 8.65869
 0.46664 8.81913
 0.46676 9.00755
 0.46688 9.22201
 0.467 9.45348
 0.46712 9.69086
 0.46724 9.92897
 0.46736 10.167
 0.46748 10.405
 0.4676 10.6418
 0.46772 10.8722
 0.46784 11.0913
 0.46796 11.2941
 0.46808 11.4751
 0.4682 11.6293
 0.46832 11.7557
 0.46844 11.8538
 0.46856 11.9224
 0.46868 11.9597
 0.4688 11.9659
 0.46892 11.9446
 0.46904 11.9043
 0.46916 11.8534
 0.46928 11.7965
 0.4694 11.735
 0.46952 11.6672
 0.46964 11.5939
 0.46976 11.5183
 0.46988 11.442
 0.47 11.3669
 0.47012 11.2949
 0.47024 11.2252
 0.47036 11.1542
 0.47048 11.0785
 0.4706 10.9955
 0.47072 10.9022
 0.47084 10.7943
 0.47096 10.6664
 0.47108 10.5129
 0.4712 10.3285
 0.47132 10.1085
 0.47144 9.8535
 0.47156 9.56746
 0.47168 9.253
 0.4718 8.91489
 0.47192 8.55906
 0.47204 8.19153
 0.47216 7.81825
 0.47228 7.44619
 0.4724 7.08299
 0.47252 6.73625
 0.47264 6.41376
 0.47276 6.12397
 0.47288 5.87571
 0.473 5.67723
 0.47312 5.53471
 0.47324 5.45425
 0.47336 5.44106
 0.47348 5.49541
 0.4736 5.61562
 0.47372 5.79891
 0.47384 6.04017
 0.47396 6.33389
 0.47408 6.67391
 0.4742 7.05471
 0.47432 7.4706
 0.47444 7.91497
 0.47456 8.38071
 0.47468 8.85924
 0.4748 9.34069
 0.47492 9.81463
 0.47504 10.2705
 0.47516 10.6998
 0.47528 11.0943
 0.4754 11.4468
 0.47552 11.7528
 0.47564 12.0078
 0.47576 12.2085
 0.47588 12.352
 0.476 12.4361
 0.47612 12.4597
 0.47624 12.4217
 0.47636 12.3219
 0.47648 12.1615
 0.4766 11.9426
 0.47672 11.6698
 0.47684 11.3472
 0.47696 10.9811
 0.47708 10.579
 0.4772 10.1478
 0.47732 9.69463
 0.47744 9.2255
 0.47756 8.74666
 0.47768 8.26572
 0.4778 7.79045
 0.47792 7.32872
 0.47804 6.88788
 0.47816 6.47492
 0.47828 6.09692
 0.4784 5.75884
 0.47852 5.4647
 0.47864 5.21777
 0.47876 5.02104
 0.47888 4.87829
 0.479 4.79058
 0.47912 4.75669
 0.47924 4.77376
 0.47936 4.83835
 0.47948 4.94719
 0.4796 5.09571
 0.47972 5.27733
 0.47984 5.48537
 0.47996 5.71325
 0.48008 5.95384
 0.4802 6.19756
 0.48032 6.43487
 0.48044 6.65876
 0.48056 6.86257
 0.48068 7.03895
 0.4808 7.18119
 0.48092 7.28444
 0.48104 7.34639
 0.48116 7.36726
 0.48128 7.35158
 0.4814 7.30496
 0.48152 7.23306
 0.48164 7.1423
 0.48176 7.03942
 0.48188 6.93038
 0.482 6.81989
 0.48212 6.71497
 0.48224 6.62616
 0.48236 6.56353
 0.48248 6.53501
 0.4826 6.54872
 0.48272 6.61347
 0.48284 6.73284
 0.48296 6.90696
 0.48308 7.13467
 0.4832 7.41219
 0.48332 7.73126
 0.48344 8.08246
 0.48356 8.45615
 0.48368 8.84297
 0.4838 9.23496
 0.48392 9.62609
 0.48404 10.0113
 0.48416 10.383
 0.48428 10.7303
 0.4844 11.0418
 0.48452 11.3073
 0.48464 11.5161
 0.48476 11.6599
 0.48488 11.7369
 0.485 11.7472
 0.48512 11.6909
 0.48524 11.5694
 0.48536 11.3861
 0.48548 11.1465
 0.4856 10.8567
 0.48572 10.5216
 0.48584 10.1444
 0.48596 9.72653
 0.48608 9.27052
 0.4862 8.78148
 0.48632 8.27029
 0.48644 7.75003
 0.48656 7.23335
 0.48668 6.73176
 0.4868 6.25299
 0.48692 5.80144
 0.48704 5.38118
 0.48716 4.99707
 0.48728 4.65468
 0.4874 4.35782
 0.48752 4.10898
 0.48764 3.91169
 0.48776 3.77066
 0.48788 3.69313
 0.488 3.68581
 0.48812 3.75339
 0.48824 3.89485
 0.48836 4.10214
 0.48848 4.36663
 0.4886 4.68014
 0.48872 5.03697
 0.48884 5.43385
 0.48896 5.86824
 0.48908 6.33794
 0.4892 6.84
 0.48932 7.37156
 0.48944 7.93026
 0.48956 8.51081
 0.48968 9.1052
 0.4898 9.70463
 0.48992 10.2986
 0.49004 10.8779
 0.49016 11.4355
 0.49028 11.9714
 0.4904 12.4875
 0.49052 12.9829
 0.49064 13.4564
 0.49076 13.905
 0.49088 14.3256
 0.491 14.7145
 0.49112 15.067
 0.49124 15.3783
 0.49136 15.6431
 0.49148 15.8595
 0.4916 16.0305
 0.49172 16.1609
 0.49184 16.2538
 0.49196 16.3131
 0.49208 16.3422
 0.4922 16.3428
 0.49232 16.314
 0.49244 16.2591
 0.49256 16.1849
 0.49268 16.0985
 0.4928 16.0067
 0.49292 15.9136
 0.49304 15.8235
 0.49316 15.7423
 0.49328 15.6754
 0.4934 15.6266
 0.49352 15.5954
 0.49364 15.5785
 0.49376 15.5739
 0.49388 15.5827
 0.494 15.6047
 0.49412 15.6397
 0.49424 15.6872
 0.49436 15.7462
 0.49448 15.8091
 0.4946 15.8656
 0.49472 15.9058
 0.49484 15.922
 0.49496 15.9113
 0.49508 15.8701
 0.4952 15.795
 0.49532 15.6845
 0.49544 15.5408
 0.49556 15.3677
 0.49568 15.1697
 0.4958 14.9493
 0.49592 14.7079
 0.49604 14.4473
 0.49616 14.1707
 0.49628 13.881
 0.4964 13.5818
 0.49652 13.2829
 0.49664 12.9952
 0.49676 12.7292
 0.49688 12.4922
 0.497 12.2892
 0.49712 12.1256
 0.49724 12.0063
 0.49736 11.931
 0.49748 11.8965
 0.4976 11.8988
 0.49772 11.9334
 0.49784 11.9964
 0.49796 12.0837
 0.49808 12.1913
 0.4982 12.3135
 0.49832 12.4474
 0.49844 12.5878
 0.49856 12.7246
 0.49868 12.8473
 0.4988 12.9462
 0.49892 13.0132
 0.49904 13.0397
 0.49916 13.0147
 0.49928 12.9303
 0.4994 12.7855
 0.49952 12.583
 0.49964 12.327
 0.49976 12.0225
 0.49988 11.674
 0.5 11.2857
 0.50012 10.8631
 0.50024 10.4116
 0.50036 9.93541
 0.50048 9.44351
 0.5006 8.94831
 0.50072 8.46215
 0.50084 7.99694
 0.50096 7.56426
 0.50108 7.17835
 0.5012 6.85756
 0.50132 6.61471
 0.50144 6.45384
 0.50156 6.37497
 0.50168 6.37682
 0.5018 6.45814
 0.50192 6.6185
 0.50204 6.85785
 0.50216 7.1768
 0.50228 7.57525
 0.5024 8.05136
 0.50252 8.59901
 0.50264 9.20996
 0.50276 9.87591
 0.50288 10.5886
 0.503 11.3386
 0.50312 12.1104
 0.50324 12.8849
 0.50336 13.6505
 0.50348 14.4018
 0.5036 15.1352
 0.50372 15.8479
 0.50384 16.5365
 0.50396 17.1967
 0.50408 17.8203
 0.5042 18.396
 0.50432 18.9144
 0.50444 19.3679
 0.50456 19.7518
 0.50468 20.0631
 0.5048 20.2994
 0.50492 20.4584
 0.50504 20.5425
 0.50516 20.56
 0.50528 20.5196
 0.5054 20.4241
 0.50552 20.2747
 0.50564 20.0726
 0.50576 19.8187
 0.50588 19.5136
 0.506 19.1598
 0.50612 18.7673
 0.50624 18.3494
 0.50636 17.9184
 0.50648 17.4862
 0.5066 17.0612
 0.50672 16.6499
 0.50684 16.2578
 0.50696 15.8897
 0.50708 15.546
 0.5072 15.2245
 0.50732 14.9251
 0.50744 14.6501
 0.50756 14.3998
 0.50768 14.1744
 0.5078 13.9745
 0.50792 13.8024
 0.50804 13.6588
 0.50816 13.5385
 0.50828 13.4323
 0.5084 13.3294
 0.50852 13.2195
 0.50864 13.0958
 0.50876 12.9541
 0.50888 12.7903
 0.509 12.6013
 0.50912 12.3858
 0.50924 12.1442
 0.50936 11.8757
 0.50948 11.5816
 0.5096 11.2656
 0.50972 10.93
 0.50984 10.5756
 0.50996 10.2016
 0.51008 9.80605
 0.5102 9.3896
 0.51032 8.95927
 0.51044 8.52382
 0.51056 8.09101
 0.51068 7.66633
 0.5108 7.254
 0.51092 6.85791
 0.51104 6.48177
 0.51116 6.12757
 0.51128 5.79438
 0.5114 5.48009
 0.51152 5.17877
 0.51164 4.88583
 0.51176 4.59965
 0.51188 4.31927
 0.512 4.04614
 0.51212 3.78392
 0.51224 3.5341
 0.51236 3.29431
 0.51248 3.06208
 0.5126 2.83607
 0.51272 2.61559
 0.51284 2.4007
 0.51296 2.19208
 0.51308 1.99083
 0.5132 1.79959
 0.51332 1.6238
 0.51344 1.47097
 0.51356 1.35021
 0.51368 1.26729
 0.5138 1.2264
 0.51392 1.2315
 0.51404 1.2845
 0.51416 1.38655
 0.51428 1.53995
 0.5144 1.74797
 0.51452 2.01171
 0.51464 2.33039
 0.51476 2.70298
 0.51488 3.12767
 0.515 3.60002
 0.51512 4.11519
 0.51524 4.66759
 0.51536 5.24983
 0.51548 5.85283
 0.5156 6.46648
 0.51572 7.08091
 0.51584 7.68652
 0.51596 8.27421
 0.51608 8.83552
 0.5162 9.36177
 0.51632 9.84285
 0.51644 10.2687
 0.51656 10.6335
 0.51668 10.9329
 0.5168 11.1622
 0.51692 11.319
 0.51704 11.4042
 0.51716 11.4189
 0.51728 11.3651
 0.5174 11.2468
 0.51752 11.0695
 0.51764 10.8415
 0.51776 10.5722
 0.51788 10.271
 0.518 9.94558
 0.51812 9.60369
 0.51824 9.25393
 0.51836 8.90721
 0.51848 8.57326
 0.5186 8.25936
 0.51872 7.97344
 0.51884 7.72342
 0.51896 7.51505
 0.51908 7.35351
 0.5192 7.24329
 0.51932 7.18452
 0.51944 7.17574
 0.51956 7.21568
 0.51968 7.30106
 0.5198 7.4282
 0.51992 7.59458
 0.52004 7.79904
 0.52016 8.04033
 0.52028 8.31581
 0.5204 8.61989
 0.52052 8.94746
 0.52064 9.29228
 0.52076 9.64717
 0.52088 10.0052
 0.521 10.3593
 0.52112 10.7005
 0.52124 11.023
 0.52136 11.3269
 0.52148 11.6102
 0.5216 11.8682
 0.52172 12.0964
 0.52184 12.29
 0.52196 12.4441
 0.52208 12.5534
 0.5222 12.613
 0.52232 12.6212
 0.52244 12.5796
 0.52256 12.491
 0.52268 12.3599
 0.5228 12.1915
 0.52292 11.9893
 0.52304 11.7585
 0.52316 11.5055
 0.52328 11.233
 0.5234 10.9419
 0.52352 10.6381
 0.52364 10.33
 0.52376 10.0262
 0.52388 9.73472
 0.524 9.46289
 0.52412 9.21774
 0.52424 9.0048
 0.52436 8.8253
 0.52448 8.67837
 0.5246 8.56218
 0.52472 8.47348
 0.52484 8.40806
 0.52496 8.36502
 0.52508 8.34225
 0.5252 8.33771
 0.52532 8.35037
 0.52544 8.37807
 0.52556 8.41535
 0.52568 8.45656
 0.5258 8.49638
 0.52592 8.53014
 0.52604 8.55441
 0.52616 8.56653
 0.52628 8.56645
 0.5264 8.55624
 0.52652 8.53844
 0.52664 8.51619
 0.52676 8.49552
 0.52688 8.48224
 0.527 8.47965
 0.52712 8.49087
 0.52724 8.5188
 0.52736 8.56627
 0.52748 8.6364
 0.5276 8.73328
 0.52772 8.86091
 0.52784 9.02301
 0.52796 9.22176
 0.52808 9.45658
 0.5282 9.72502
 0.52832 10.0227
 0.52844 10.3445
 0.52856 10.6852
 0.52868 11.0384
 0.5288 11.3952
 0.52892 11.7478
 0.52904 12.0904
 0.52916 12.4183
 0.52928 12.7271
 0.5294 13.0141
 0.52952 13.2749
 0.52964 13.5037
 0.52976 13.6923
 0.52988 13.8328
 0.53 13.9205
 0.53012 13.9543
 0.53024 13.9352
 0.53036 13.8667
 0.53048 13.7532
 0.5306 13.5991
 0.53072 13.4102
 0.53084 13.1927
 0.53096 12.9516
 0.53108 12.6898
 0.5312 12.4089
 0.53132 12.1104
 0.53144 11.7953
 0.53156 11.4679
 0.53168 11.1358
 0.5318 10.8106
 0.53192 10.5035
 0.53204 10.2229
 0.53216 9.97512
 0.53228 9.7648
 0.5324 9.59252
 0.53252 9.45817
 0.53264 9.36125
 0.53276 9.30072
 0.53288 9.27551
 0.533 9.28515
 0.53312 9.33095
 0.53324 9.41318
 0.53336 9.53196
 0.53348 9.68616
 0.5336 9.87133
 0.53372 10.0795
 0.53384 10.2997
 0.53396 10.5214
 0.53408 10.7346
 0.5342 10.9288
 0.53432 11.0957
 0.53444 11.2305
 0.53456 11.3289
 0.53468 11.3872
 0.5348 11.4024
 0.53492 11.372
 0.53504 11.2939
 0.53516 11.1662
 0.53528 10.9888
 0.5354 10.7618
 0.53552 10.4869
 0.53564 10.1679
 0.53576 9.81101
 0.53588 9.42389
 0.536 9.01415
 0.53612 8.58947
 0.53624 8.15923
 0.53636 7.73104
 0.53648 7.31076
 0.5366 6.90402
 0.53672 6.51546
 0.53684 6.14935
 0.53696 5.80831
 0.53708 5.4944
 0.5372 5.20861
 0.53732 4.95137
 0.53744 4.72286
 0.53756 4.522
 0.53768 4.34677
 0.5378 4.19432
 0.53792 4.06187
 0.53804 3.94728
 0.53816 3.84839
 0.53828 3.76201
 0.5384 3.68494
 0.53852 3.61377
 0.53864 3.5461
 0.53876 3.48066
 0.53888 3.4164
 0.539 3.35324
 0.53912 3.29216
 0.53924 3.23459
 0.53936 3.18262
 0.53948 3.13919
 0.5396 3.10784
 0.53972 3.09195
 0.53984 3.09273
 0.53996 3.11034
 0.54008 3.14378
 0.5402 3.192
 0.54032 3.2555
 0.54044 3.33914
 0.54056 3.44913
 0.54068 3.58753
 0.5408 3.75538
 0.54092 3.95379
 0.54104 4.18288
 0.54116 4.43937
 0.54128 4.7188
 0.5414 5.01553
 0.54152 5.32379
 0.54164 5.63852
 0.54176 5.95662
 0.54188 6.27853
 0.542 6.60548
 0.54212 6.93955
 0.54224 7.28143
 0.54236 7.62661
 0.54248 7.96295
 0.5426 8.27965
 0.54272 8.57247
 0.54284 8.83775
 0.54296 9.07293
 0.54308 9.27925
 0.5432 9.46395
 0.54332 9.63493
 0.54344 9.79859
 0.54356 9.95938
 0.54368 10.118
 0.5438 10.2727
 0.54392 10.4204
 0.54404 10.5583
 0.54416 10.6829
 0.54428 10.7945
 0.5444 10.8988
 0.54452 11.0061
 0.54464 11.1222
 0.54476 11.2478
 0.54488 11.3835
 0.545 11.5262
 0.54512 11.668
 0.54524 11.797
 0.54536 11.9022
 0.54548 11.9753
 0.5456 12.0127
 0.54572 12.0169
 0.54584 11.99
 0.54596 11.9324
 0.54608 11.845
 0.5462 11.729
 0.54632 11.5837
 0.54644 11.4058
 0.54656 11.1892
 0.54668 10.9318
 0.5468 10.6321
 0.54692 10.289
 0.54704 9.90531
 0.54716 9.48534
 0.54728 9.0364
 0.5474 8.56716
 0.54752 8.08475
 0.54764 7.59023
 0.54776 7.08044
 0.54788 6.55522
 0.548 6.01592
 0.54812 5.46221
 0.54824 4.89186
 0.54836 4.30305
 0.54848 3.69802
 0.5486 3.08378
 0.54872 2.4679
 0.54884 1.85971
 0.54896 1.26625
 0.54908 0.692855
 0.5492 0.145159
 0.54932 -0.375375
 0.54944 -0.868923
 0.54956 -1.33393
 0.54968 -1.76402
 0.5498 -2.15114
 0.54992 -2.48952
 0.55004 -2.77342
 0.55016 -2.99382
 0.55028 -3.13929
 0.5504 -3.20122
 0.55052 -3.177
 0.55064 -3.06853
 0.55076 -2.8805
 0.55088 -2.61781
 0.551 -2.28175
 0.55112 -1.87461
 0.55124 -1.39966
 0.55136 -0.859439
 0.55148 -0.259041
 0.5516 0.393766
 0.55172 1.08773
 0.55184 1.81059
 0.55196 2.55048
 0.55208 3.29501
 0.5522 4.02895
 0.55232 4.73609
 0.55244 5.40425
 0.55256 6.02432
 0.55268 6.58858
 0.5528 7.09041
 0.55292 7.52211
 0.55304 7.87473
 0.55316 8.14276
 0.55328 8.32255
 0.5534 8.41356
 0.55352 8.4194
 0.55364 8.34597
 0.55376 8.2021
 0.55388 7.99782
 0.554 7.74379
 0.55412 7.45107
 0.55424 7.13186
 0.55436 6.79807
 0.55448 6.45903
 0.5546 6.12419
 0.55472 5.80377
 0.55484 5.50789
 0.55496 5.24641
 0.55508 5.02735
 0.5552 4.85495
 0.55532 4.73246
 0.55544 4.66218
 0.55556 4.645
 0.55568 4.68051
 0.5558 4.76596
 0.55592 4.89689
 0.55604 5.06648
 0.55616 5.26763
 0.55628 5.49343
 0.5564 5.73761
 0.55652 5.99554
 0.55664 6.2611
 0.55676 6.52749
 0.55688 6.78867
 0.557 7.04037
 0.55712 7.28117
 0.55724 7.51163
 0.55736 7.73032
 0.55748 7.93263
 0.5576 8.11421
 0.55772 8.27192
 0.55784 8.40385
 0.55796 8.51117
 0.55808 8.59801
 0.5582 8.66839
 0.55832 8.72506
 0.55844 8.77004
 0.55856 8.80547
 0.55868 8.83581
 0.5588 8.86593
 0.55892 8.89839
 0.55904 8.93329
 0.55916 8.96887
 0.55928 9.00416
 0.5594 9.04225
 0.55952 9.08734
 0.55964 9.14122
 0.55976 9.20471
 0.55988 9.27787
 0.56 9.35827
 0.56012 9.4417
 0.56024 9.52511
 0.56036 9.60715
 0.56048 9.68653
 0.5606 9.75931
 0.56072 9.81823
 0.56084 9.85641
 0.56096 9.87011
 0.56108 9.85771
 0.5612 9.81787
 0.56132 9.74754
 0.56144 9.64312
 0.56156 9.50558
 0.56168 9.3389
 0.5618 9.1476
 0.56192 8.93719
 0.56204 8.71416
 0.56216 8.48495
 0.56228 8.25398
 0.5624 8.02408
 0.56252 7.79852
 0.56264 7.58427
 0.56276 7.39102
 0.56288 7.22782
 0.563 7.10212
 0.56312 7.02042
 0.56324 6.98816
 0.56336 7.01038
 0.56348 7.0878
 0.5636 7.21662
 0.56372 7.39235
 0.56384 7.60936
 0.56396 7.85949
 0.56408 8.13548
 0.5642 8.43124
 0.56432 8.74272
 0.56444 9.06816
 0.56456 9.40618
 0.56468 9.75312
 0.5648 10.1038
 0.56492 10.4519
 0.56504 10.7907
 0.56516 11.1142
 0.56528 11.4194
 0.5654 11.7036
 0.56552 11.9674
 0.56564 12.2099
 0.56576 12.4297
 0.56588 12.6279
 0.566 12.8063
 0.56612 12.9647
 0.56624 13.1019
 0.56636 13.2151
 0.56648 13.2983
 0.5666 13.3442
 0.56672 13.3466
 0.56684 13.3009
 0.56696 13.2046
 0.56708 13.0557
 0.5672 12.8514
 0.56732 12.5879
 0.56744 12.2643
 0.56756 11.8811
 0.56768 11.4429
 0.5678 10.9543
 0.56792 10.4194
 0.56804 9.84492
 0.56816 9.23825
 0.56828 8.60745
 0.5684 7.96213
 0.56852 7.31414
 0.56864 6.67587
 0.56876 6.05976
 0.56888 5.47707
 0.569 4.93747
 0.56912 4.45029
 0.56924 4.02459
 0.56936 3.66616
 0.56948 3.37695
 0.5696 3.15509
 0.56972 2.99678
 0.56984 2.89823
 0.56996 2.85393
 0.57008 2.85671
 0.5702 2.89937
 0.57032 2.97471
 0.57044 3.07607
 0.57056 3.19648
 0.57068 3.32777
 0.5708 3.45999
 0.57092 3.58379
 0.57104 3.69293
 0.57116 3.78192
 0.57128 3.84708
 0.5714 3.88841
 0.57152 3.91022
 0.57164 3.919
 0.57176 3.92147
 0.57188 3.92451
 0.572 3.93574
 0.57212 3.96301
 0.57224 4.01383
 0.57236 4.09229
 0.57248 4.19926
 0.5726 4.33471
 0.57272 4.49971
 0.57284 4.69762
 0.57296 4.92902
 0.57308 5.19001
 0.5732 5.47632
 0.57332 5.78221
 0.57344 6.09931
 0.57356 6.41533
 0.57368 6.71739
 0.5738 6.99303
 0.57392 7.23118
 0.57404 7.4214
 0.57416 7.55419
 0.57428 7.62215
 0.5744 7.62363
 0.57452 7.56093
 0.57464 7.44096
 0.57476 7.27274
 0.57488 7.06464
 0.575 6.82835
 0.57512 6.57776
 0.57524 6.32612
 0.57536 6.08693
 0.57548 5.87598
 0.5756 5.71154
 0.57572 5.61184
 0.57584 5.59204
 0.57596 5.66253
 0.57608 5.8315
 0.5762 6.10336
 0.57632 6.47973
 0.57644 6.95897
 0.57656 7.53458
 0.57668 8.19052
 0.5768 8.9077
 0.57692 9.66774
 0.57704 10.4518
 0.57716 11.2405
 0.57728 12.0153
 0.5774 12.7579
 0.57752 13.4479
 0.57764 14.0645
 0.57776 14.5876
 0.57788 15.0034
 0.578 15.3032
 0.57812 15.4828
 0.57824 15.5426
 0.57836 15.484
 0.57848 15.3094
 0.5786 15.0268
 0.57872 14.6521
 0.57884 14.2014
 0.57896 13.6891
 0.57908 13.13
 0.5792 12.5391
 0.57932 11.9313
 0.57944 11.3219
 0.57956 10.7267
 0.57968 10.1614
 0.5798 9.64074
 0.57992 9.17481
 0.58004 8.77149
 0.58016 8.43561
 0.58028 8.17122
 0.5804 7.98235
 0.58052 7.87303
 0.58064 7.84389
 0.58076 7.89221
 0.58088 8.01479
 0.581 8.20896
 0.58112 8.47121
 0.58124 8.79801
 0.58136 9.18575
 0.58148 9.6313
 0.5816 10.1317
 0.58172 10.6842
 0.58184 11.2863
 0.58196 11.9379
 0.58208 12.6385
 0.5822 13.3816
 0.58232 14.1592
 0.58244 14.9616
 0.58256 15.7782
 0.58268 16.5993
 0.5828 17.4187
 0.58292 18.2336
 0.58304 19.0413
 0.58316 19.8397
 0.58328 20.6262
 0.5834 21.3955
 0.58352 22.1384
 0.58364 22.8456
 0.58376 23.5075
 0.58388 24.1127
 0.584 24.6444
 0.58412 25.0921
 0.58424 25.4554
 0.58436 25.7355
 0.58448 25.9357
 0.5846 26.0604
 0.58472 26.1132
 0.58484 26.0935
 0.58496 25.9957
 0.58508 25.8131
 0.5852 25.539
 0.58532 25.1682
 0.58544 24.7029
 0.58556 24.1493
 0.58568 23.5135
 0.5858 22.8018
 0.58592 22.027
 0.58604 21.2058
 0.58616 20.3448
 0.58628 19.4462
 0.5864 18.5119
 0.58652 17.5436
 0.58664 16.5439
 0.58676 15.5161
 0.58688 14.4671
 0.587 13.4093
 0.58712 12.3559
 0.58724 11.3199
 0.58736 10.3122
 0.58748 9.33813
 0.5876 8.40235
 0.58772 7.5095
 0.58784 6.66411
 0.58796 5.86549
 0.58808 5.11678
 0.5882 4.42708
 0.58832 3.80616
 0.58844 3.2624
 0.58856 2.80149
 0.58868 2.42606
 0.5888 2.13825
 0.58892 1.93736
 0.58904 1.82018
 0.58916 1.78345
 0.58928 1.82389
 0.5894 1.93822
 0.58952 2.12327
 0.58964 2.37588
 0.58976 2.69203
 0.58988 3.06597
 0.59 3.4916
 0.59012 3.95631
 0.59024 4.44525
 0.59036 4.94319
 0.59048 5.43593
 0.5906 5.91341
 0.59072 6.36891
 0.59084 6.79587
 0.59096 7.18832
 0.59108 7.54054
 0.5912 7.84718
 0.59132 8.10432
 0.59144 8.31083
 0.59156 8.46662
 0.59168 8.57143
 0.5918 8.62697
 0.59192 8.63753
 0.59204 8.60969
 0.59216 8.55338
 0.59228 8.47974
 0.5924 8.40115
 0.59252 8.33005
 0.59264 8.27477
 0.59276 8.24226
 0.59288 8.23933
 0.593 8.27298
 0.59312 8.35006
 0.59324 8.4749
 0.59336 8.64702
 0.59348 8.86308
 0.5936 9.11838
 0.59372 9.40857
 0.59384 9.72702
 0.59396 10.0655
 0.59408 10.4145
 0.5942 10.7641
 0.59432 11.1033
 0.59444 11.4206
 0.59456 11.7056
 0.59468 11.9502
 0.5948 12.1472
 0.59492 12.2894
 0.59504 12.3698
 0.59516 12.3823
 0.59528 12.327
 0.5954 12.2088
 0.59552 12.0348
 0.59564 11.8145
 0.59576 11.5577
 0.59588 11.2762
 0.596 10.9827
 0.59612 10.6903
 0.59624 10.412
 0.59636 10.1592
 0.59648 9.94154
 0.5966 9.76578
 0.59672 9.63762
 0.59684 9.56204
 0.59696 9.54386
 0.59708 9.58777
 0.5972 9.69565
 0.59732 9.86427
 0.59744 10.0886
 0.59756 10.3616
 0.59768 10.6729
 0.5978 11.0115
 0.59792 11.3641
 0.59804 11.7175
 0.59816 12.0569
 0.59828 12.3684
 0.5984 12.6421
 0.59852 12.8725
 0.59864 13.0566
 0.59876 13.1922
 0.59888 13.2773
 0.599 13.3101
 0.59912 13.2897
 0.59924 13.2193
 0.59936 13.102
 0.59948 12.9418
 0.5996 12.7443
 0.59972 12.5172
 0.59984 12.2694
 0.59996 12.0114
 0.60008 11.7542
 0.6002 11.5111
 0.60032 11.2937
 0.60044 11.1088
 0.60056 10.9562
 0.60068 10.8346
 0.6008 10.7418
 0.60092 10.6761
 0.60104 10.635
 0.60116 10.6129
 0.60128 10.5997
 0.6014 10.587
 0.60152 10.5659
 0.60164 10.5266
 0.60176 10.459
 0.60188 10.3521
 0.602 10.194
 0.60212 9.97201
 0.60224 9.67247
 0.60236 9.28309
 0.60248 8.80041
 0.6026 8.22939
 0.60272 7.5757
 0.60284 6.84483
 0.60296 6.04231
 0.60308 5.17518
 0.6032 4.25695
 0.60332 3.30674
 0.60344 2.3437
 0.60356 1.38737
 0.60368 0.456931
 0.6038 -0.429219
 0.60392 -1.25241
 0.60404 -1.99347
 0.60416 -2.63262
 0.60428 -3.15006
 0.6044 -3.52916
 0.60452 -3.76465
 0.60464 -3.85688
 0.60476 -3.80625
 0.60488 -3.61303
 0.605 -3.27774
 0.60512 -2.80376
 0.60524 -2.20203
 0.60536 -1.48801
 0.60548 -0.680047
 0.6056 0.203079
 0.60572 1.14385
 0.60584 2.12567
 0.60596 3.1324
 0.60608 4.14747
 0.6062 5.15374
 0.60632 6.13412
 0.60644 7.07612
 0.60656 7.97371
 0.60668 8.82245
 0.6068 9.61786
 0.60692 10.3555
 0.60704 11.0316
 0.60716 11.646
 0.60728 12.2012
 0.6074 12.704
 0.60752 13.1645
 0.60764 13.5927
 0.60776 13.9977
 0.60788 14.388
 0.608 14.7683
 0.60812 15.1424
 0.60824 15.5152
 0.60836 15.8902
 0.60848 16.2666
 0.6086 16.6419
 0.60872 17.0142
 0.60884 17.382
 0.60896 17.7437
 0.60908 18.0966
 0.6092 18.436
 0.60932 18.7557
 0.60944 19.0459
 0.60956 19.2964
 0.60968 19.4969
 0.6098 19.6375
 0.60992 19.7102
 0.61004 19.7145
 0.61016 19.6497
 0.61028 19.5148
 0.6104 19.3131
 0.61052 19.0516
 0.61064 18.7379
 0.61076 18.3786
 0.61088 17.9791
 0.611 17.5449
 0.61112 17.0824
 0.61124 16.6004
 0.61136 16.1117
 0.61148 15.6277
 0.6116 15.1588
 0.61172 14.7158
 0.61184 14.31
 0.61196 13.9491
 0.61208 13.6371
 0.6122 13.3788
 0.61232 13.1784
 0.61244 13.0364
 0.61256 12.95
 0.61268 12.9124
 0.6128 12.9172
 0.61292 12.9587
 0.61304 13.031
 0.61316 13.1284
 0.61328 13.242
 0.6134 13.3614
 0.61352 13.4805
 0.61364 13.5933
 0.61376 13.6921
 0.61388 13.7684
 0.614 13.815
 0.61412 13.8274
 0.61424 13.8
 0.61436 13.7276
 0.61448 13.6056
 0.6146 13.4349
 0.61472 13.2229
 0.61484 12.9783
 0.61496 12.7102
 0.61508 12.4267
 0.6152 12.1347
 0.61532 11.842
 0.61544 11.5555
 0.61556 11.2802
 0.61568 11.022
 0.6158 10.79
 0.61592 10.5943
 0.61604 10.4422
 0.61616 10.3356
 0.61628 10.2773
 0.6164 10.2695
 0.61652 10.3144
 0.61664 10.4094
 0.61676 10.5463
 0.61688 10.7154
 0.617 10.9064
 0.61712 11.1095
 0.61724 11.3177
 0.61736 11.5231
 0.61748 11.7169
 0.6176 11.8907
 0.61772 12.0352
 0.61784 12.1385
 0.61796 12.1884
 0.61808 12.1788
 0.6182 12.1087
 0.61832 11.9785
 0.61844 11.79
 0.61856 11.5458
 0.61868 11.2503
 0.6188 10.9118
 0.61892 10.5393
 0.61904 10.1438
 0.61916 9.73563
 0.61928 9.32343
 0.6194 8.91843
 0.61952 8.53184
 0.61964 8.17371
 0.61976 7.85358
 0.61988 7.58195
 0.62 7.36905
 0.62012 7.21974
 0.62024 7.13645
 0.62036 7.11797
 0.62048 7.15941
 0.6206 7.25552
 0.62072 7.39979
 0.62084 7.58319
 0.62096 7.79445
 0.62108 8.02131
 0.6212 8.25298
 0.62132 8.47856
 0.62144 8.68617
 0.62156 8.86615
 0.62168 9.00998
 0.6218 9.1107
 0.62192 9.16183
 0.62204 9.15805
 0.62216 9.09643
 0.62228 8.97527
 0.6224 8.79747
 0.62252 8.56899
 0.62264 8.29605
 0.62276 7.98583
 0.62288 7.6485
 0.623 7.29641
 0.62312 6.93998
 0.62324 6.58842
 0.62336 6.25118
 0.62348 5.93683
 0.6236 5.65269
 0.62372 5.40587
 0.62384 5.20192
 0.62396 5.04376
 0.62408 4.93187
 0.6242 4.86491
 0.62432 4.84072
 0.62444 4.85441
 0.62456 4.90023
 0.62468 4.97364
 0.6248 5.07081
 0.62492 5.18518
 0.62504 5.31015
 0.62516 5.44135
 0.62528 5.57505
 0.6254 5.70777
 0.62552 5.83646
 0.62564 5.95786
 0.62576 6.06864
 0.62588 6.16763
 0.626 6.25823
 0.62612 6.34693
 0.62624 6.44178
 0.62636 6.55231
 0.62648 6.68901
 0.6266 6.86084
 0.62672 7.07031
 0.62684 7.31888
 0.62696 7.60947
 0.62708 7.94452
 0.6272 8.32601
 0.62732 8.75452
 0.62744 9.23039
 0.62756 9.75401
 0.62768 10.3259
 0.6278 10.9462
 0.62792 11.6107
 0.62804 12.3118
 0.62816 13.0395
 0.62828 13.7812
 0.6284 14.5192
 0.62852 15.2358
 0.62864 15.9185
 0.62876 16.562
 0.62888 17.159
 0.629 17.7021
 0.62912 18.1821
 0.62924 18.5891
 0.62936 18.9158
 0.62948 19.1548
 0.6296 19.2986
 0.62972 19.3399
 0.62984 19.2731
 0.62996 19.0969
 0.63008 18.8113
 0.6302 18.4189
 0.63032 17.9294
 0.63044 17.3564
 0.63056 16.7131
 0.63068 16.0069
 0.6308 15.2447
 0.63092 14.435
 0.63104 13.5865
 0.63116 12.7121
 0.63128 11.8234
 0.6314 10.9302
 0.63152 10.042
 0.63164 9.16848
 0.63176 8.31917
 0.63188 7.50254
 0.632 6.72557
 0.63212 5.99444
 0.63224 5.31138
 0.63236 4.6745
 0.63248 4.08381
 0.6326 3.54035
 0.63272 3.0465
 0.63284 2.60432
 0.63296 2.21622
 0.63308 1.8843
 0.6332 1.60845
 0.63332 1.39133
 0.63344 1.23694
 0.63356 1.14924
 0.63368 1.13215
 0.6338 1.1885
 0.63392 1.31844
 0.63404 1.52185
 0.63416 1.79883
 0.63428 2.14959
 0.6344 2.57021
 0.63452 3.05239
 0.63464 3.58778
 0.63476 4.16811
 0.63488 4.78433
 0.635 5.42659
 0.63512 6.08337
 0.63524 6.74258
 0.63536 7.39018
 0.63548 8.01185
 0.6356 8.59327
 0.63572 9.11984
 0.63584 9.57952
 0.63596 9.96397
 0.63608 10.2651
 0.6362 10.4772
 0.63632 10.5978
 0.63644 10.6309
 0.63656 10.5816
 0.63668 10.4556
 0.6368 10.2576
 0.63692 9.99185
 0.63704 9.66305
 0.63716 9.27755
 0.63728 8.84215
 0.6374 8.364
 0.63752 7.85063
 0.63764 7.31026
 0.63776 6.75371
 0.63788 6.19037
 0.638 5.62769
 0.63812 5.07267
 0.63824 4.53038
 0.63836 4.00486
 0.63848 3.49811
 0.6386 3.01157
 0.63872 2.54341
 0.63884 2.09342
 0.63896 1.6629
 0.63908 1.25613
 0.6392 0.878453
 0.63932 0.535435
 0.63944 0.232584
 0.63956 -0.0265916
 0.63968 -0.240516
 0.6398 -0.412205
 0.63992 -0.542329
 0.64004 -0.630922
 0.64016 -0.677897
 0.64028 -0.685314
 0.6404 -0.658674
 0.64052 -0.60312
 0.64064 -0.519552
 0.64076 -0.403725
 0.64088 -0.252371
 0.641 -0.0644221
 0.64112 0.155242
 0.64124 0.400417
 0.64136 0.664028
 0.64148 0.939636
 0.6416 1.22346
 0.64172 1.51268
 0.64184 1.80527
 0.64196 2.09678
 0.64208 2.38414
 0.6422 2.66479
 0.64232 2.94124
 0.64244 3.21886
 0.64256 3.50079
 0.64268 3.78245
 0.6428 4.05621
 0.64292 4.31391
 0.64304 4.54877
 0.64316 4.75719
 0.64328 4.93666
 0.6434 5.08635
 0.64352 5.20453
 0.64364 5.28975
 0.64376 5.34163
 0.64388 5.362
 0.644 5.3508
 0.64412 5.30643
 0.64424 5.22612
 0.64436 5.10408
 0.64448 4.93509
 0.6446 4.71997
 0.64472 4.46559
 0.64484 4.17974
 0.64496 3.87214
 0.64508 3.55293
 0.6452 3.23216
 0.64532 2.91791
 0.64544 2.6164
 0.64556 2.33412
 0.64568 2.07615
 0.6458 1.84727
 0.64592 1.65109
 0.64604 1.49341
 0.64616 1.38141
 0.64628 1.32434
 0.6464 1.33157
 0.64652 1.40923
 0.64664 1.55742
 0.64676 1.77414
 0.64688 2.0569
 0.647 2.4017
 0.64712 2.80344
 0.64724 3.25537
 0.64736 3.75338
 0.64748 4.29305
 0.6476 4.86894
 0.64772 5.47367
 0.64784 6.09672
 0.64796 6.72856
 0.64808 7.35982
 0.6482 7.97875
 0.64832 8.57248
 0.64844 9.12907
 0.64856 9.63952
 0.64868 10.0975
 0.6488 10.4972
 0.64892 10.833
 0.64904 11.0997
 0.64916 11.2944
 0.64928 11.4158
 0.6494 11.4619
 0.64952 11.434
 0.64964 11.3367
 0.64976 11.181
 0.64988 10.9827
 0.65 10.7564
 0.65012 10.5144
 0.65024 10.2704
 0.65036 10.0358
 0.65048 9.82115
 0.6506 9.63471
 0.65072 9.48253
 0.65084 9.36996
 0.65096 9.30286
 0.65108 9.28723
 0.6512 9.32708
 0.65132 9.42557
 0.65144 9.58443
 0.65156 9.80186
 0.65168 10.0716
 0.6518 10.3815
 0.65192 10.7157
 0.65204 11.0601
 0.65216 11.4029
 0.65228 11.7331
 0.6524 12.0426
 0.65252 12.3233
 0.65264 12.571
 0.65276 12.7836
 0.65288 12.9583
 0.653 13.09
 0.65312 13.1733
 0.65324 13.2042
 0.65336 13.1795
 0.65348 13.0973
 0.6536 12.9581
 0.65372 12.7635
 0.65384 12.5183
 0.65396 12.2309
 0.65408 11.909
 0.6542 11.5604
 0.65432 11.1921
 0.65444 10.8117
 0.65456 10.4256
 0.65468 10.038
 0.6548 9.65364
 0.65492 9.28046
 0.65504 8.9294
 0.65516 8.60918
 0.65528 8.32601
 0.6554 8.08455
 0.65552 7.88756
 0.65564 7.73777
 0.65576 7.63969
 0.65588 7.59418
 0.656 7.59894
 0.65612 7.65003
 0.65624 7.74323
 0.65636 7.87361
 0.65648 8.03518
 0.6566 8.22317
 0.65672 8.43304
 0.65684 8.65705
 0.65696 8.88478
 0.65708 9.10535
 0.6572 9.31284
 0.65732 9.5038
 0.65744 9.67787
 0.65756 9.83565
 0.65768 9.97574
 0.6578 10.0949
 0.65792 10.1927
 0.65804 10.2718
 0.65816 10.336
 0.65828 10.3875
 0.6584 10.4304
 0.65852 10.4689
 0.65864 10.5061
 0.65876 10.545
 0.65888 10.59
 0.659 10.6464
 0.65912 10.7177
 0.65924 10.8043
 0.65936 10.9052
 0.65948 11.0172
 0.6596 11.1383
 0.65972 11.2695
 0.65984 11.4126
 0.65996 11.5663
 0.66008 11.7262
 0.6602 11.8894
 0.66032 12.053
 0.66044 12.2113
 0.66056 12.3571
 0.66068 12.4853
 0.6608 12.5918
 0.66092 12.6725
 0.66104 12.7227
 0.66116 12.7372
 0.66128 12.7109
 0.6614 12.6391
 0.66152 12.517
 0.66164 12.3396
 0.66176 12.1002
 0.66188 11.7936
 0.662 11.4187
 0.66212 10.976
 0.66224 10.4634
 0.66236 9.87808
 0.66248 9.2223
 0.6626 8.49878
 0.66272 7.70865
 0.66284 6.85249
 0.66296 5.93127
 0.66308 4.95149
 0.6632 3.92375
 0.66332 2.85971
 0.66344 1.77175
 0.66356 0.670781
 0.66368 -0.433307
 0.6638 -1.53101
 0.66392 -2.61469
 0.66404 -3.67887
 0.66416 -4.71737
 0.66428 -5.71568
 0.6644 -6.65698
 0.66452 -7.5269
 0.66464 -8.31052
 0.66476 -8.99269
 0.66488 -9.5583
 0.665 -9.99483
 0.66512 -10.3007
 0.66524 -10.4793
 0.66536 -10.535
 0.66548 -10.4723
 0.6656 -10.2941
 0.66572 -10.0028
 0.66584 -9.59998
 0.66596 -9.08637
 0.66608 -8.46298
 0.6662 -7.73546
 0.66632 -6.92132
 0.66644 -6.03851
 0.66656 -5.1047
 0.66668 -4.13824
 0.6668 -3.15667
 0.66692 -2.17731
 0.66704 -1.21331
 0.66716 -0.26907
 0.66728 0.654217
 0.6674 1.5559
 0.66752 2.43541
 0.66764 3.2929
 0.66776 4.12801
 0.66788 4.93701
 0.668 5.71622
 0.66812 6.46395
 0.66824 7.18421
 0.66836 7.88406
 0.66848 8.56675
 0.6686 9.23365
 0.66872 9.8854
 0.66884 10.5217
 0.66896 11.1424
 0.66908 11.7466
 0.6692 12.3298
 0.66932 12.886
 0.66944 13.4086
 0.66956 13.89
 0.66968 14.3214
 0.6698 14.697
 0.66992 15.0151
 0.67004 15.2716
 0.67016 15.46
 0.67028 15.573
 0.6704 15.6086
 0.67052 15.5707
 0.67064 15.4672
 0.67076 15.3072
 0.67088 15.0996
 0.671 14.8489
 0.67112 14.5566
 0.67124 14.2245
 0.67136 13.8559
 0.67148 13.4537
 0.6716 13.0212
 0.67172 12.5617
 0.67184 12.0755
 0.67196 11.563
 0.67208 11.0287
 0.6722 10.4772
 0.67232 9.91062
 0.67244 9.32672
 0.67256 8.71934
 0.67268 8.08017
 0.6728 7.40069
 0.67292 6.67539
 0.67304 5.90858
 0.67316 5.10748
 0.67328 4.27931
 0.6734 3.43178
 0.67352 2.57677
 0.67364 1.72674
 0.67376 0.894312
 0.67388 0.0927598
 0.674 -0.667748
 0.67412 -1.37818
 0.67424 -2.0273
 0.67436 -2.60324
 0.67448 -3.09487
 0.6746 -3.49112
 0.67472 -3.78067
 0.67484 -3.95266
 0.67496 -4.00247
 0.67508 -3.93284
 0.6752 -3.74754
 0.67532 -3.45076
 0.67544 -3.0509
 0.67556 -2.56184
 0.67568 -1.9978
 0.6758 -1.37353
 0.67592 -0.704224
 0.67604 -0.00342108
 0.67616 0.71318
 0.67628 1.42959
 0.6764 2.13053
 0.67652 2.8037
 0.67664 3.438
 0.67676 4.02262
 0.67688 4.54806
 0.677 5.00894
 0.67712 5.40174
 0.67724 5.72352
 0.67736 5.9716
 0.67748 6.14744
 0.6776 6.25477
 0.67772 6.29823
 0.67784 6.28393
 0.67796 6.2191
 0.67808 6.10983
 0.6782 5.9633
 0.67832 5.7864
 0.67844 5.58697
 0.67856 5.37084
 0.67868 5.14326
 0.6788 4.90793
 0.67892 4.66734
 0.67904 4.42377
 0.67916 4.17965
 0.67928 3.93848
 0.6794 3.70503
 0.67952 3.48326
 0.67964 3.27647
 0.67976 3.08664
 0.67988 2.91436
 0.68 2.76028
 0.68012 2.62747
 0.68024 2.51765
 0.68036 2.43225
 0.68048 2.37347
 0.6806 2.34357
 0.68072 2.34551
 0.68084 2.38438
 0.68096 2.46592
 0.68108 2.59494
 0.6812 2.77529
 0.68132 3.00763
 0.68144 3.29116
 0.68156 3.62448
 0.68168 4.00565
 0.6818 4.43445
 0.68192 4.91059
 0.68204 5.43261
 0.68216 5.99839
 0.68228 6.60912
 0.6824 7.26147
 0.68252 7.94934
 0.68264 8.66725
 0.68276 9.40909
 0.68288 10.1677
 0.683 10.9327
 0.68312 11.6928
 0.68324 12.4378
 0.68336 13.1598
 0.68348 13.8509
 0.6836 14.5048
 0.68372 15.116
 0.68384 15.6771
 0.68396 16.1821
 0.68408 16.6253
 0.6842 16.9982
 0.68432 17.2886
 0.68444 17.4916
 0.68456 17.6041
 0.68468 17.6229
 0.6848 17.5446
 0.68492 17.3682
 0.68504 17.1005
 0.68516 16.7498
 0.68528 16.3241
 0.6854 15.8313
 0.68552 15.2803
 0.68564 14.6783
 0.68576 14.0332
 0.68588 13.3531
 0.686 12.6455
 0.68612 11.9183
 0.68624 11.185
 0.68636 10.4616
 0.68648 9.76141
 0.6866 9.09603
 0.68672 8.47698
 0.68684 7.91504
 0.68696 7.41569
 0.68708 6.97942
 0.6872 6.60716
 0.68732 6.29949
 0.68744 6.05562
 0.68756 5.87346
 0.68768 5.7512
 0.6878 5.68711
 0.68792 5.68093
 0.68804 5.7335
 0.68816 5.84641
 0.68828 6.01744
 0.6884 6.24109
 0.68852 6.51072
 0.68864 6.8232
 0.68876 7.17593
 0.68888 7.56887
 0.689 8.00501
 0.68912 8.48561
 0.68924 9.01065
 0.68936 9.58129
 0.68948 10.2003
 0.6896 10.8717
 0.68972 11.5992
 0.68984 12.3837
 0.68996 13.2204
 0.69008 14.1002
 0.6902 15.0086
 0.69032 15.9318
 0.69044 16.8619
 0.69056 17.7896
 0.69068 18.7018
 0.6908 19.5849
 0.69092 20.423
 0.69104 21.2001
 0.69116 21.9016
 0.69128 22.5137
 0.6914 23.0213
 0.69152 23.4082
 0.69164 23.6583
 0.69176 23.7558
 0.69188 23.6918
 0.692 23.463
 0.69212 23.0739
 0.69224 22.5353
 0.69236 21.857
 0.69248 21.0451
 0.6926 20.1087
 0.69272 19.0582
 0.69284 17.9046
 0.69296 16.6614
 0.69308 15.3455
 0.6932 13.9745
 0.69332 12.5657
 0.69344 11.1369
 0.69356 9.70592
 0.69368 8.29055
 0.6938 6.90723
 0.69392 5.56986
 0.69404 4.29299
 0.69416 3.08608
 0.69428 1.95663
 0.6944 0.913263
 0.69452 -0.0348963
 0.69464 -0.879562
 0.69476 -1.61248
 0.69488 -2.22666
 0.695 -2.72079
 0.69512 -3.09753
 0.69524 -3.3597
 0.69536 -3.51016
 0.69548 -3.55174
 0.6956 -3.48683
 0.69572 -3.31726
 0.69584 -3.04553
 0.69596 -2.67878
 0.69608 -2.22822
 0.6962 -1.7045
 0.69632 -1.11992
 0.69644 -0.487687
 0.69656 0.17918
 0.69668 0.867963
 0.6968 1.56489
 0.69692 2.25902
 0.69704 2.94451
 0.69716 3.61679
 0.69728 4.27229
 0.6974 4.90784
 0.69752 5.52028
 0.69764 6.10528
 0.69776 6.65811
 0.69788 7.17565
 0.698 7.65844
 0.69812 8.10724
 0.69824 8.52554
 0.69836 8.9202
 0.69848 9.298
 0.6986 9.66522
 0.69872 10.0273
 0.69884 10.3913
 0.69896 10.762
 0.69908 11.1422
 0.6992 11.5325
 0.69932 11.9299
 0.69944 12.3303
 0.69956 12.7299
 0.69968 13.126
 0.6998 13.5162
 0.69992 13.8981
 0.70004 14.2707
 0.70016 14.6333
 0.70028 14.978
 0.7004 15.295
 0.70052 15.576
 0.70064 15.8124
 0.70076 15.9967
 0.70088 16.12
 0.701 16.1743
 0.70112 16.1521
 0.70124 16.0506
 0.70136 15.8719
 0.70148 15.6183
 0.7016 15.2926
 0.70172 14.8972
 0.70184 14.4348
 0.70196 13.9078
 0.70208 13.3178
 0.7022 12.6731
 0.70232 11.9895
 0.70244 11.2819
 0.70256 10.5633
 0.70268 9.84757
 0.7028 9.14855
 0.70292 8.48021
 0.70304 7.85703
 0.70316 7.29316
 0.70328 6.7997
 0.7034 6.38625
 0.70352 6.06148
 0.70364 5.83313
 0.70376 5.70672
 0.70388 5.68577
 0.704 5.77383
 0.70412 5.96946
 0.70424 6.26287
 0.70436 6.64105
 0.70448 7.09395
 0.7046 7.61088
 0.70472 8.17861
 0.70484 8.7839
 0.70496 9.41349
 0.70508 10.0535
 0.7052 10.688
 0.70532 11.2991
 0.70544 11.8688
 0.70556 12.3813
 0.70568 12.8219
 0.7058 13.1816
 0.70592 13.4537
 0.70604 13.6325
 0.70616 13.7172
 0.70628 13.7105
 0.7064 13.614
 0.70652 13.4298
 0.70664 13.1687
 0.70676 12.8444
 0.70688 12.4707
 0.707 12.0614
 0.70712 11.6313
 0.70724 11.1983
 0.70736 10.7802
 0.70748 10.3939
 0.7076 10.0555
 0.70772 9.77846
 0.70784 9.56889
 0.70796 9.43081
 0.70808 9.36781
 0.7082 9.38202
 0.70832 9.47668
 0.70844 9.65634
 0.70856 9.91718
 0.70868 10.243
 0.7088 10.6161
 0.70892 11.0186
 0.70904 11.4323
 0.70916 11.8388
 0.70928 12.222
 0.7094 12.5699
 0.70952 12.8705
 0.70964 13.1119
 0.70976 13.2848
 0.70988 13.3858
 0.71 13.413
 0.71012 13.3647
 0.71024 13.2379
 0.71036 13.0247
 0.71048 12.7182
 0.7106 12.322
 0.71072 11.8474
 0.71084 11.3058
 0.71096 10.7095
 0.71108 10.0703
 0.7112 9.39932
 0.71132 8.70212
 0.71144 7.98232
 0.71156 7.24274
 0.71168 6.48719
 0.7118 5.72101
 0.71192 4.94587
 0.71204 4.16216
 0.71216 3.36914
 0.71228 2.5708
 0.7124 1.77786
 0.71252 0.99844
 0.71264 0.234262
 0.71276 -0.51594
 0.71288 -1.25372
 0.713 -1.98178
 0.71312 -2.70289
 0.71324 -3.4188
 0.71336 -4.1297
 0.71348 -4.83311
 0.7136 -5.52448
 0.71372 -6.2029
 0.71384 -6.87081
 0.71396 -7.52723
 0.71408 -8.16711
 0.7142 -8.78248
 0.71432 -9.3716
 0.71444 -9.93549
 0.71456 -10.4733
 0.71468 -10.9812
 0.7148 -11.4546
 0.71492 -11.8871
 0.71504 -12.2691
 0.71516 -12.591
 0.71528 -12.8431
 0.7154 -13.0158
 0.71552 -13.1033
 0.71564 -13.1011
 0.71576 -13.0011
 0.71588 -12.7954
 0.716 -12.4799
 0.71612 -12.0608
 0.71624 -11.5469
 0.71636 -10.9445
 0.71648 -10.2602
 0.7166 -9.50198
 0.71672 -8.67808
 0.71684 -7.79734
 0.71696 -6.87304
 0.71708 -5.92128
 0.7172 -4.95822
 0.71732 -4.00029
 0.71744 -3.06461
 0.71756 -2.16639
 0.71768 -1.32079
 0.7178 -0.543674
 0.71792 0.150478
 0.71804 0.753442
 0.71816 1.26643
 0.71828 1.6918
 0.7184 2.03184
 0.71852 2.28961
 0.71864 2.46831
 0.71876 2.57117
 0.71888 2.6023
 0.719 2.5699
 0.71912 2.48419
 0.71924 2.35557
 0.71936 2.19502
 0.71948 2.01494
 0.7196 1.82756
 0.71972 1.64519
 0.71984 1.48064
 0.71996 1.3458
 0.72008 1.24751
 0.7202 1.18944
 0.72032 1.17503
 0.72044 1.20765
 0.72056 1.29047
 0.72068 1.42669
 0.7208 1.61999
 0.72092 1.87434
 0.72104 2.18903
 0.72116 2.56005
 0.72128 2.9832
 0.7214 3.45331
 0.72152 3.96533
 0.72164 4.51509
 0.72176 5.09762
 0.72188 5.7053
 0.722 6.3315
 0.72212 6.97099
 0.72224 7.61879
 0.72236 8.26997
 0.72248 8.91951
 0.7226 9.56203
 0.72272 10.1916
 0.72284 10.7983
 0.72296 11.3708
 0.72308 11.9049
 0.7232 12.3993
 0.72332 12.8525
 0.72344 13.2631
 0.72356 13.6234
 0.72368 13.9238
 0.7238 14.1573
 0.72392 14.3192
 0.72404 14.4038
 0.72416 14.4051
 0.72428 14.3172
 0.7244 14.1343
 0.72452 13.851
 0.72464 13.4638
 0.72476 12.9716
 0.72488 12.3815
 0.725 11.7005
 0.72512 10.9307
 0.72524 10.0739
 0.72536 9.13158
 0.72548 8.11172
 0.7256 7.03228
 0.72572 5.91185
 0.72584 4.76697
 0.72596 3.61534
 0.72608 2.47629
 0.7262 1.36919
 0.72632 0.313424
 0.72644 -0.671591
 0.72656 -1.56741
 0.72668 -2.35756
 0.7268 -3.03006
 0.72692 -3.57852
 0.72704 -3.99623
 0.72716 -4.27568
 0.72728 -4.40927
 0.7274 -4.39057
 0.72752 -4.22342
 0.72764 -3.91578
 0.72776 -3.47527
 0.72788 -2.91081
 0.728 -2.23858
 0.72812 -1.47685
 0.72824 -0.643708
 0.72836 0.243145
 0.72848 1.165
 0.7286 2.10176
 0.72872 3.03477
 0.72884 3.95052
 0.72896 4.83853
 0.72908 5.68854
 0.7292 6.4903
 0.72932 7.2335
 0.72944 7.91003
 0.72956 8.51612
 0.72968 9.04715
 0.7298 9.49836
 0.72992 9.87086
 0.73004 10.1752
 0.73016 10.423
 0.73028 10.626
 0.7304 10.7953
 0.73052 10.9451
 0.73064 11.0928
 0.73076 11.2511
 0.73088 11.4237
 0.731 11.6117
 0.73112 11.8164
 0.73124 12.039
 0.73136 12.2805
 0.73148 12.5414
 0.7316 12.822
 0.73172 13.1227
 0.73184 13.4434
 0.73196 13.778
 0.73208 14.116
 0.7322 14.4449
 0.73232 14.7502
 0.73244 15.0167
 0.73256 15.2265
 0.73268 15.3607
 0.7328 15.411
 0.73292 15.3771
 0.73304 15.2588
 0.73316 15.0555
 0.73328 14.7665
 0.7334 14.3914
 0.73352 13.9295
 0.73364 13.3816
 0.73376 12.7505
 0.73388 12.0397
 0.734 11.2558
 0.73412 10.408
 0.73424 9.51087
 0.73436 8.58256
 0.73448 7.643
 0.7346 6.71203
 0.73472 5.80639
 0.73484 4.93449
 0.73496 4.10495
 0.73508 3.32976
 0.7352 2.6213
 0.73532 1.99408
 0.73544 1.46406
 0.73556 1.04694
 0.73568 0.75493
 0.7358 0.598155
 0.73592 0.586704
 0.73604 0.723528
 0.73616 1.00642
 0.73628 1.42847
 0.7364 1.97986
 0.73652 2.6491
 0.73664 3.42844
 0.73676 4.31385
 0.73688 5.30245
 0.737 6.38547
 0.73712 7.55114
 0.73724 8.78504
 0.73736 10.0639
 0.73748 11.3615
 0.7376 12.6525
 0.73772 13.9141
 0.73784 15.1228
 0.73796 16.256
 0.73808 17.3026
 0.7382 18.2549
 0.73832 19.1065
 0.73844 19.8529
 0.73856 20.4891
 0.73868 21.0032
 0.7388 21.3804
 0.73892 21.6072
 0.73904 21.6745
 0.73916 21.5742
 0.73928 21.3051
 0.7394 20.8764
 0.73952 20.2987
 0.73964 19.5822
 0.73976 18.7364
 0.73988 17.7749
 0.74 16.7108
 0.74012 15.5508
 0.74024 14.3016
 0.74036 12.9693
 0.74048 11.5597
 0.7406 10.0824
 0.74072 8.56016
 0.74084 7.01881
 0.74096 5.48385
 0.74108 3.98012
 0.7412 2.53146
 0.74132 1.15651
 0.74144 -0.129308
 0.74156 -1.31077
 0.74168 -2.37267
 0.7418 -3.30001
 0.74192 -4.0831
 0.74204 -4.71635
 0.74216 -5.19325
 0.74228 -5.50711
 0.7424 -5.65084
 0.74252 -5.61746
 0.74264 -5.41022
 0.74276 -5.04621
 0.74288 -4.54459
 0.743 -3.9264
 0.74312 -3.21269
 0.74324 -2.42318
 0.74336 -1.5781
 0.74348 -0.698196
 0.7436 0.195788
 0.74372 1.08298
 0.74384 1.94218
 0.74396 2.75928
 0.74408 3.52393
 0.7442 4.22453
 0.74432 4.84919
 0.74444 5.38561
 0.74456 5.8238
 0.74468 6.16436
 0.7448 6.41345
 0.74492 6.57998
 0.74504 6.67465
 0.74516 6.70748
 0.74528 6.68757
 0.7454 6.62733
 0.74552 6.54006
 0.74564 6.43908
 0.74576 6.33802
 0.74588 6.2491
 0.746 6.17886
 0.74612 6.13502
 0.74624 6.12643
 0.74636 6.16252
 0.74648 6.2515
 0.7466 6.39516
 0.74672 6.59047
 0.74684 6.83332
 0.74696 7.11728
 0.74708 7.43519
 0.7472 7.78079
 0.74732 8.14529
 0.74744 8.51562
 0.74756 8.87831
 0.74768 9.21988
 0.7478 9.52767
 0.74792 9.79288
 0.74804 10.0078
 0.74816 10.1629
 0.74828 10.2486
 0.7484 10.2535
 0.74852 10.1696
 0.74864 9.99705
 0.74876 9.7379
 0.74888 9.3946
 0.749 8.97173
 0.74912 8.47357
 0.74924 7.9062
 0.74936 7.28214
 0.74948 6.61581
 0.7496 5.9216
 0.74972 5.21383
 0.74984 4.50464
 0.74996 3.80447
 0.75008 3.12486
 0.7502 2.47808
 0.75032 1.87615
 0.75044 1.33437
 0.75056 0.864305
 0.75068 0.471379
 0.7508 0.1601
 0.75092 -0.0650128
 0.75104 -0.201314
 0.75116 -0.244543
 0.75128 -0.197192
 0.7514 -0.065152
 0.75152 0.14693
 0.75164 0.43449
 0.75176 0.793289
 0.75188 1.21948
 0.752 1.70711
 0.75212 2.2466
 0.75224 2.828
 0.75236 3.44156
 0.75248 4.07517
 0.7526 4.71977
 0.75272 5.37124
 0.75284 6.02558
 0.75296 6.67633
 0.75308 7.31526
 0.7532 7.93448
 0.75332 8.533
 0.75344 9.1064
 0.75356 9.64777
 0.75368 10.1502
 0.7538 10.6066
 0.75392 11.0119
 0.75404 11.3657
 0.75416 11.6719
 0.75428 11.9345
 0.7544 12.1579
 0.75452 12.347
 0.75464 12.5035
 0.75476 12.6231
 0.75488 12.7041
 0.755 12.7497
 0.75512 12.7667
 0.75524 12.7581
 0.75536 12.7253
 0.75548 12.6757
 0.7556 12.6192
 0.75572 12.5663
 0.75584 12.5274
 0.75596 12.5104
 0.75608 12.5195
 0.7562 12.5566
 0.75632 12.6226
 0.75644 12.7165
 0.75656 12.8355
 0.75668 12.9804
 0.7568 13.1553
 0.75692 13.3591
 0.75704 13.5868
 0.75716 13.8328
 0.75728 14.0958
 0.7574 14.3727
 0.75752 14.6547
 0.75764 14.9303
 0.75776 15.1865
 0.75788 15.4116
 0.758 15.5971
 0.75812 15.7363
 0.75824 15.8234
 0.75836 15.8553
 0.75848 15.8319
 0.7586 15.7563
 0.75872 15.6299
 0.75884 15.4565
 0.75896 15.2454
 0.75908 15.0067
 0.7592 14.7469
 0.75932 14.4688
 0.75944 14.1776
 0.75956 13.8842
 0.75968 13.6022
 0.7598 13.3434
 0.75992 13.115
 0.76004 12.9199
 0.76016 12.76
 0.76028 12.6366
 0.7604 12.5487
 0.76052 12.4937
 0.76064 12.4668
 0.76076 12.463
 0.76088 12.4727
 0.761 12.483
 0.76112 12.4822
 0.76124 12.4649
 0.76136 12.4274
 0.76148 12.3651
 0.7616 12.2679
 0.76172 12.1262
 0.76184 11.9365
 0.76196 11.7008
 0.76208 11.4243
 0.7622 11.1121
 0.76232 10.77
 0.76244 10.404
 0.76256 10.0203
 0.76268 9.62487
 0.7628 9.2242
 0.76292 8.82727
 0.76304 8.44399
 0.76316 8.0818
 0.76328 7.74507
 0.7634 7.43609
 0.76352 7.156
 0.76364 6.91066
 0.76376 6.70306
 0.76388 6.53149
 0.764 6.391
 0.76412 6.27563
 0.76424 6.17939
 0.76436 6.0963
 0.76448 6.02043
 0.7646 5.94649
 0.76472 5.86956
 0.76484 5.78516
 0.76496 5.69002
 0.76508 5.58256
 0.7652 5.46336
 0.76532 5.33307
 0.76544 5.19742
 0.76556 5.06027
 0.76568 4.9214
 0.7658 4.78328
 0.76592 4.65266
 0.76604 4.53756
 0.76616 4.44624
 0.76628 4.38696
 0.7664 4.36796
 0.76652 4.39746
 0.76664 4.48348
 0.76676 4.63387
 0.76688 4.85218
 0.767 5.13595
 0.76712 5.47965
 0.76724 5.87725
 0.76736 6.32167
 0.76748 6.80218
 0.7676 7.31434
 0.76772 7.8549
 0.76784 8.41468
 0.76796 8.97965
 0.76808 9.53535
 0.7682 10.0673
 0.76832 10.5611
 0.76844 11.0028
 0.76856 11.3786
 0.76868 11.6745
 0.7688 11.8778
 0.76892 11.9861
 0.76904 12.0031
 0.76916 11.9322
 0.76928 11.7757
 0.7694 11.5393
 0.76952 11.2295
 0.76964 10.8489
 0.76976 10.4026
 0.76988 9.90291
 0.77 9.36486
 0.77012 8.8039
 0.77024 8.23544
 0.77036 7.67355
 0.77048 7.13134
 0.7706 6.62191
 0.77072 6.15833
 0.77084 5.74999
 0.77096 5.39655
 0.77108 5.09643
 0.7712 4.85201
 0.77132 4.66555
 0.77144 4.53392
 0.77156 4.45342
 0.77168 4.42059
 0.7718 4.42938
 0.77192 4.47039
 0.77204 4.53324
 0.77216 4.60704
 0.77228 4.68145
 0.7724 4.74853
 0.77252 4.801
 0.77264 4.83162
 0.77276 4.83329
 0.77288 4.80259
 0.773 4.73833
 0.77312 4.63748
 0.77324 4.49606
 0.77336 4.31468
 0.77348 4.09766
 0.7736 3.84964
 0.77372 3.57552
 0.77384 3.28092
 0.77396 2.97198
 0.77408 2.65539
 0.7742 2.33797
 0.77432 2.02571
 0.77444 1.72317
 0.77456 1.43477
 0.77468 1.16493
 0.7748 0.918834
 0.77492 0.70862
 0.77504 0.552113
 0.77516 0.467641
 0.77528 0.466468
 0.7754 0.551157
 0.77552 0.723173
 0.77564 0.983972
 0.77576 1.33501
 0.77588 1.77774
 0.776 2.31355
 0.77612 2.94373
 0.77624 3.66956
 0.77636 4.49267
 0.77648 5.41492
 0.7766 6.43817
 0.77672 7.56427
 0.77684 8.78758
 0.77696 10.0774
 0.77708 11.3965
 0.7772 12.7102
 0.77732 13.9974
 0.77744 15.2438
 0.77756 16.4355
 0.77768 17.5584
 0.7778 18.5984
 0.77792 19.5416
 0.77804 20.3737
 0.77816 21.0803
 0.77828 21.6467
 0.7784 22.0593
 0.77852 22.3055
 0.77864 22.3727
 0.77876 22.2485
 0.77888 21.9384
 0.779 21.4738
 0.77912 20.8875
 0.77924 20.2074
 0.77936 19.4517
 0.77948 18.6368
 0.7796 17.7788
 0.77972 16.8942
 0.77984 15.9991
 0.77996 15.1098
 0.78008 14.2437
 0.7802 13.4199
 0.78032 12.6578
 0.78044 11.9723
 0.78056 11.3759
 0.78068 10.8815
 0.7808 10.5006
 0.78092 10.2299
 0.78104 10.0544
 0.78116 9.96075
 0.78128 9.93802
 0.7814 9.9769
 0.78152 10.0682
 0.78164 10.203
 0.78176 10.3721
 0.78188 10.5665
 0.782 10.7768
 0.78212 10.9913
 0.78224 11.1933
 0.78236 11.3659
 0.78248 11.4994
 0.7826 11.5852
 0.78272 11.6138
 0.78284 11.5791
 0.78296 11.4816
 0.78308 11.3259
 0.7832 11.1176
 0.78332 10.865
 0.78344 10.5768
 0.78356 10.2616
 0.78368 9.92777
 0.7838 9.584
 0.78392 9.23882
 0.78404 8.90131
 0.78416 8.5835
 0.78428 8.30551
 0.7844 8.08663
 0.78452 7.94283
 0.78464 7.89185
 0.78476 7.95002
 0.78488 8.12048
 0.785 8.40069
 0.78512 8.78412
 0.78524 9.25882
 0.78536 9.80965
 0.78548 10.4215
 0.7856 11.0798
 0.78572 11.7714
 0.78584 12.4827
 0.78596 13.2005
 0.78608 13.9112
 0.7862 14.5979
 0.78632 15.2371
 0.78644 15.8055
 0.78656 16.2785
 0.78668 16.6289
 0.7868 16.8378
 0.78692 16.9055
 0.78704 16.8372
 0.78716 16.6452
 0.78728 16.3469
 0.7874 15.9609
 0.78752 15.5049
 0.78764 14.9927
 0.78776 14.4351
 0.78788 13.8435
 0.788 13.23
 0.78812 12.6072
 0.78824 11.9904
 0.78836 11.3996
 0.78848 10.8536
 0.7886 10.3735
 0.78872 9.98125
 0.78884 9.68882
 0.78896 9.49867
 0.78908 9.40729
 0.7892 9.40345
 0.78932 9.47468
 0.78944 9.60842
 0.78956 9.7942
 0.78968 10.0289
 0.7898 10.3108
 0.78992 10.6374
 0.79004 11.0014
 0.79016 11.3953
 0.79028 11.8099
 0.7904 12.2308
 0.79052 12.647
 0.79064 13.0479
 0.79076 13.4234
 0.79088 13.7666
 0.791 14.0722
 0.79112 14.3406
 0.79124 14.5748
 0.79136 14.778
 0.79148 14.9534
 0.7916 15.1011
 0.79172 15.2172
 0.79184 15.2978
 0.79196 15.3423
 0.79208 15.3556
 0.7922 15.341
 0.79232 15.3037
 0.79244 15.2519
 0.79256 15.1899
 0.79268 15.1173
 0.7928 15.0341
 0.79292 14.9411
 0.79304 14.8387
 0.79316 14.7256
 0.79328 14.6002
 0.7934 14.4599
 0.79352 14.3023
 0.79364 14.1261
 0.79376 13.9304
 0.79388 13.7142
 0.794 13.4727
 0.79412 13.2009
 0.79424 12.8961
 0.79436 12.5542
 0.79448 12.1706
 0.7946 11.7432
 0.79472 11.2748
 0.79484 10.7661
 0.79496 10.2172
 0.79508 9.62832
 0.7952 8.99966
 0.79532 8.3335
 0.79544 7.6344
 0.79556 6.90707
 0.79568 6.15619
 0.7958 5.38666
 0.79592 4.60422
 0.79604 3.81549
 0.79616 3.02427
 0.79628 2.23504
 0.7964 1.45416
 0.79652 0.692157
 0.79664 -0.0419822
 0.79676 -0.739858
 0.79688 -1.3916
 0.797 -1.98727
 0.79712 -2.51693
 0.79724 -2.97117
 0.79736 -3.34484
 0.79748 -3.63478
 0.7976 -3.83783
 0.79772 -3.9509
 0.79784 -3.97244
 0.79796 -3.90613
 0.79808 -3.75814
 0.7982 -3.53376
 0.79832 -3.2429
 0.79844 -2.89964
 0.79856 -2.52206
 0.79868 -2.12811
 0.7988 -1.73642
 0.79892 -1.36584
 0.79904 -1.03526
 0.79916 -0.763538
 0.79928 -0.568494
 0.7994 -0.46494
 0.79952 -0.466766
 0.79964 -0.587684
 0.79976 -0.840994
 0.79988 -1.23423
