 0.2 2.94242
 0.20012 2.94201
 0.20024 2.96556
 0.20036 3.01249
 0.20048 3.08058
 0.2006 3.16752
 0.20072 3.27115
 0.20084 3.38989
 0.20096 3.52216
 0.20108 3.66653
 0.2012 3.82191
 0.20132 3.98768
 0.20144 4.16372
 0.20156 4.35019
 0.20168 4.54743
 0.2018 4.75567
 0.20192 4.97419
 0.20204 5.20215
 0.20216 5.43754
 0.20228 5.67837
 0.2024 5.92353
 0.20252 6.17105
 0.20264 6.41878
 0.20276 6.6648
 0.20288 6.90623
 0.203 7.13855
 0.20312 7.35669
 0.20324 7.55509
 0.20336 7.72794
 0.20348 7.87017
 0.2036 7.97789
 0.20372 8.0467
 0.20384 8.07225
 0.20396 8.05089
 0.20408 7.97971
 0.2042 7.8564
 0.20432 7.6798
 0.20444 7.45106
 0.20456 7.17343
 0.20468 6.84816
 0.2048 6.47477
 0.20492 6.05536
 0.20504 5.59606
 0.20516 5.1041
 0.20528 4.58685
 0.2054 4.05214
 0.20552 3.50645
 0.20564 2.95395
 0.20576 2.39941
 0.20588 1.84763
 0.206 1.30313
 0.20612 0.769994
 0.20624 0.251897
 0.20636 -0.249296
 0.20648 -0.733727
 0.2066 -1.20206
 0.20672 -1.65167
 0.20684 -2.07987
 0.20696 -2.48788
 0.20708 -2.88015
 0.2072 -3.26032
 0.20732 -3.63205
 0.20744 -4.00044
 0.20756 -4.36746
 0.20768 -4.73202
 0.2078 -5.09266
 0.20792 -5.44786
 0.20804 -5.79597
 0.20816 -6.13502
 0.20828 -6.46263
 0.2084 -6.77622
 0.20852 -7.07302
 0.20864 -7.35042
 0.20876 -7.60615
 0.20888 -7.8355
 0.209 -8.03142
 0.20912 -8.1872
 0.20924 -8.29768
 0.20936 -8.35609
 0.20948 -8.35505
 0.2096 -8.29184
 0.20972 -8.16658
 0.20984 -7.98038
 0.20996 -7.73453
 0.21008 -7.43093
 0.2102 -7.0722
 0.21032 -6.6614
 0.21044 -6.20164
 0.21056 -5.69657
 0.21068 -5.15074
 0.2108 -4.57118
 0.21092 -3.96754
 0.21104 -3.35053
 0.21116 -2.72956
 0.21128 -2.11579
 0.2114 -1.52263
 0.21152 -0.962613
 0.21164 -0.444997
 0.21176 0.0232072
 0.21188 0.435871
 0.212 0.787422
 0.21212 1.07358
 0.21224 1.29083
 0.21236 1.43633
 0.21248 1.50855
 0.2126 1.50793
 0.21272 1.43637
 0.21284 1.29821
 0.21296 1.10027
 0.21308 0.850199
 0.2132 0.556234
 0.21332 0.229958
 0.21344 -0.115521
 0.21356 -0.467832
 0.21368 -0.816538
 0.2138 -1.15264
 0.21392 -1.46792
 0.21404 -1.75495
 0.21416 -2.00684
 0.21428 -2.21686
 0.2144 -2.37898
 0.21452 -2.48977
 0.21464 -2.54799
 0.21476 -2.55378
 0.21488 -2.5093
 0.215 -2.4179
 0.21512 -2.28319
 0.21524 -2.10999
 0.21536 -1.9058
 0.21548 -1.6794
 0.2156 -1.43949
 0.21572 -1.19401
 0.21584 -0.950097
 0.21596 -0.71409
 0.21608 -0.492002
 0.2162 -0.29047
 0.21632 -0.116614
 0.21644 0.0245236
 0.21656 0.130127
 0.21668 0.198069
 0.2168 0.227856
 0.21692 0.220419
 0.21704 0.17648
 0.21716 0.0967971
 0.21728 -0.0166503
 0.2174 -0.159326
 0.21752 -0.325408
 0.21764 -0.508494
 0.21776 -0.702187
 0.21788 -0.901114
 0.218 -1.10122
 0.21812 -1.29864
 0.21824 -1.48876
 0.21836 -1.66748
 0.21848 -1.83331
 0.2186 -1.98413
 0.21872 -2.11765
 0.21884 -2.23304
 0.21896 -2.33022
 0.21908 -2.40928
 0.2192 -2.4706
 0.21932 -2.516
 0.21944 -2.54875
 0.21956 -2.57249
 0.21968 -2.59132
 0.2198 -2.60944
 0.21992 -2.6293
 0.22004 -2.6518
 0.22016 -2.67697
 0.22028 -2.70398
 0.2204 -2.73117
 0.22052 -2.75705
 0.22064 -2.78199
 0.22076 -2.80643
 0.22088 -2.83018
 0.221 -2.85263
 0.22112 -2.87215
 0.22124 -2.88612
 0.22136 -2.89136
 0.22148 -2.88508
 0.2216 -2.86466
 0.22172 -2.8268
 0.22184 -2.76803
 0.22196 -2.68621
 0.22208 -2.58053
 0.2222 -2.45265
 0.22232 -2.30626
 0.22244 -2.14444
 0.22256 -1.96832
 0.22268 -1.77812
 0.2228 -1.57398
 0.22292 -1.35554
 0.22304 -1.12235
 0.22316 -0.876246
 0.22328 -0.621407
 0.2234 -0.362274
 0.22352 -0.103287
 0.22364 0.15044
 0.22376 0.392959
 0.22388 0.618694
 0.224 0.822783
 0.22412 1.00154
 0.22424 1.15515
 0.22436 1.28608
 0.22448 1.39638
 0.2246 1.48703
 0.22472 1.55872
 0.22484 1.61151
 0.22496 1.6435
 0.22508 1.6525
 0.2252 1.64009
 0.22532 1.61024
 0.22544 1.56819
 0.22556 1.52029
 0.22568 1.47345
 0.2258 1.4339
 0.22592 1.40591
 0.22604 1.39341
 0.22616 1.39938
 0.22628 1.42266
 0.2264 1.45951
 0.22652 1.50579
 0.22664 1.55746
 0.22676 1.61147
 0.22688 1.6662
 0.227 1.72249
 0.22712 1.78132
 0.22724 1.84119
 0.22736 1.89953
 0.22748 1.9522
 0.2276 1.9944
 0.22772 2.02148
 0.22784 2.03121
 0.22796 2.02392
 0.22808 1.99981
 0.2282 1.96069
 0.22832 1.91124
 0.22844 1.8576
 0.22856 1.80622
 0.22868 1.76241
 0.2288 1.72944
 0.22892 1.70938
 0.22904 1.70248
 0.22916 1.70862
 0.22928 1.72804
 0.2294 1.76153
 0.22952 1.81057
 0.22964 1.87696
 0.22976 1.96264
 0.22988 2.06731
 0.23 2.18905
 0.23012 2.32478
 0.23024 2.46956
 0.23036 2.61688
 0.23048 2.75958
 0.2306 2.89072
 0.23072 3.00634
 0.23084 3.10393
 0.23096 3.18105
 0.23108 3.23643
 0.2312 3.26895
 0.23132 3.27707
 0.23144 3.25926
 0.23156 3.21416
 0.23168 3.13969
 0.2318 3.03252
 0.23192 2.8907
 0.23204 2.71365
 0.23216 2.50281
 0.23228 2.26133
 0.2324 1.99406
 0.23252 1.70792
 0.23264 1.40953
 0.23276 1.10298
 0.23288 0.792754
 0.233 0.483256
 0.23312 0.178182
 0.23324 -0.118448
 0.23336 -0.402629
 0.23348 -0.671318
 0.2336 -0.92201
 0.23372 -1.15082
 0.23384 -1.35148
 0.23396 -1.51827
 0.23408 -1.64704
 0.2342 -1.73551
 0.23432 -1.7826
 0.23444 -1.78992
 0.23456 -1.76226
 0.23468 -1.70486
 0.2348 -1.62266
 0.23492 -1.52045
 0.23504 -1.40164
 0.23516 -1.26862
 0.23528 -1.12313
 0.2354 -0.964463
 0.23552 -0.790351
 0.23564 -0.598055
 0.23576 -0.387065
 0.23588 -0.160716
 0.236 0.0773388
 0.23612 0.325068
 0.23624 0.58166
 0.23636 0.846939
 0.23648 1.12308
 0.2366 1.4145
 0.23672 1.72665
 0.23684 2.06429
 0.23696 2.42925
 0.23708 2.82051
 0.2372 3.23526
 0.23732 3.66786
 0.23744 4.10889
 0.23756 4.54709
 0.23768 4.97135
 0.2378 5.37319
 0.23792 5.74833
 0.23804 6.09252
 0.23816 6.40055
 0.23828 6.66698
 0.2384 6.88605
 0.23852 7.05115
 0.23864 7.15491
 0.23876 7.18982
 0.23888 7.15122
 0.239 7.03781
 0.23912 6.85132
 0.23924 6.59512
 0.23936 6.27521
 0.23948 5.90094
 0.2396 5.48283
 0.23972 5.03069
 0.23984 4.55237
 0.23996 4.05422
 0.24008 3.54369
 0.2402 3.02807
 0.24032 2.51443
 0.24044 2.00994
 0.24056 1.52184
 0.24068 1.05733
 0.2408 0.622621
 0.24092 0.222397
 0.24104 -0.139844
 0.24116 -0.461941
 0.24128 -0.742524
 0.2414 -0.981492
 0.24152 -1.18078
 0.24164 -1.34253
 0.24176 -1.46764
 0.24188 -1.55692
 0.242 -1.61254
 0.24212 -1.63879
 0.24224 -1.63946
 0.24236 -1.61811
 0.24248 -1.57848
 0.2426 -1.52468
 0.24272 -1.46137
 0.24284 -1.3928
 0.24296 -1.3244
 0.24308 -1.26217
 0.2432 -1.2119
 0.24332 -1.1789
 0.24344 -1.16776
 0.24356 -1.1825
 0.24368 -1.22757
 0.2438 -1.30879
 0.24392 -1.43106
 0.24404 -1.59625
 0.24416 -1.80427
 0.24428 -2.05511
 0.2444 -2.34879
 0.24452 -2.68493
 0.24464 -3.06139
 0.24476 -3.47384
 0.24488 -3.91774
 0.245 -4.38611
 0.24512 -4.87123
 0.24524 -5.36444
 0.24536 -5.85713
 0.24548 -6.34061
 0.2456 -6.80625
 0.24572 -7.24474
 0.24584 -7.64561
 0.24596 -7.99994
 0.24608 -8.30141
 0.2462 -8.54497
 0.24632 -8.72585
 0.24644 -8.83932
 0.24656 -8.88099
 0.24668 -8.84993
 0.2468 -8.74731
 0.24692 -8.57488
 0.24704 -8.33648
 0.24716 -8.03642
 0.24728 -7.68157
 0.2474 -7.27996
 0.24752 -6.84013
 0.24764 -6.37024
 0.24776 -5.87864
 0.24788 -5.37422
 0.248 -4.86459
 0.24812 -4.3565
 0.24824 -3.8558
 0.24836 -3.36818
 0.24848 -2.89942
 0.2486 -2.45488
 0.24872 -2.03634
 0.24884 -1.64479
 0.24896 -1.28138
 0.24908 -0.947561
 0.2492 -0.643778
 0.24932 -0.367317
 0.24944 -0.113733
 0.24956 0.121165
 0.24968 0.340046
 0.2498 0.545255
 0.24992 0.739294
 0.25004 0.924335
 0.25016 1.10225
 0.25028 1.27429
 0.2504 1.44166
 0.25052 1.60558
 0.25064 1.7659
 0.25076 1.91951
 0.25088 2.06324
 0.251 2.19602
 0.25112 2.3172
 0.25124 2.42455
 0.25136 2.5131
 0.25148 2.57741
 0.2516 2.614
 0.25172 2.62142
 0.25184 2.59871
 0.25196 2.5453
 0.25208 2.46106
 0.2522 2.34678
 0.25232 2.2037
 0.25244 2.03279
 0.25256 1.83577
 0.25268 1.61649
 0.2528 1.38133
 0.25292 1.13658
 0.25304 0.887064
 0.25316 0.638958
 0.25328 0.398739
 0.2534 0.174102
 0.25352 -0.0281328
 0.25364 -0.203859
 0.25376 -0.350872
 0.25388 -0.468014
 0.254 -0.555063
 0.25412 -0.612573
 0.25424 -0.642547
 0.25436 -0.645744
 0.25448 -0.622496
 0.2546 -0.574425
 0.25472 -0.504955
 0.25484 -0.418619
 0.25496 -0.31991
 0.25508 -0.213442
 0.2552 -0.103995
 0.25532 0.00433374
 0.25544 0.107402
 0.25556 0.202341
 0.25568 0.288388
 0.2558 0.366867
 0.25592 0.439544
 0.25604 0.508734
 0.25616 0.577266
 0.25628 0.647361
 0.2564 0.718816
 0.25652 0.79164
 0.25664 0.867569
 0.25676 0.948628
 0.25688 1.03528
 0.257 1.12719
 0.25712 1.22361
 0.25724 1.3229
 0.25736 1.42432
 0.25748 1.5264
 0.2576 1.62697
 0.25772 1.72236
 0.25784 1.80879
 0.25796 1.88343
 0.25808 1.9425
 0.2582 1.98318
 0.25832 2.00389
 0.25844 2.0039
 0.25856 1.98189
 0.25868 1.93537
 0.2588 1.86388
 0.25892 1.77024
 0.25904 1.65917
 0.25916 1.53685
 0.25928 1.40934
 0.2594 1.28074
 0.25952 1.15561
 0.25964 1.03824
 0.25976 0.932888
 0.25988 0.841609
 0.26 0.766512
 0.26012 0.711501
 0.26024 0.679868
 0.26036 0.675452
 0.26048 0.701317
 0.2606 0.759948
 0.26072 0.853024
 0.26084 0.979057
 0.26096 1.13474
 0.26108 1.31412
 0.2612 1.50907
 0.26132 1.71185
 0.26144 1.9163
 0.26156 2.11662
 0.26168 2.30813
 0.2618 2.48696
 0.26192 2.65054
 0.26204 2.79467
 0.26216 2.91373
 0.26228 3.00126
 0.2624 3.05106
 0.26252 3.05939
 0.26264 3.02383
 0.26276 2.94419
 0.26288 2.82181
 0.263 2.65797
 0.26312 2.45604
 0.26324 2.22212
 0.26336 1.96184
 0.26348 1.68028
 0.2636 1.38156
 0.26372 1.06898
 0.26384 0.746122
 0.26396 0.416558
 0.26408 0.084973
 0.2642 -0.243425
 0.26432 -0.563158
 0.26444 -0.869761
 0.26456 -1.16058
 0.26468 -1.43413
 0.2648 -1.69113
 0.26492 -1.93155
 0.26504 -2.1544
 0.26516 -2.3597
 0.26528 -2.54871
 0.2654 -2.72181
 0.26552 -2.87912
 0.26564 -3.01976
 0.26576 -3.14225
 0.26588 -3.24583
 0.266 -3.32981
 0.26612 -3.39356
 0.26624 -3.43635
 0.26636 -3.45746
 0.26648 -3.45654
 0.2666 -3.43236
 0.26672 -3.38209
 0.26684 -3.30226
 0.26696 -3.19147
 0.26708 -3.04944
 0.2672 -2.87587
 0.26732 -2.67094
 0.26744 -2.43645
 0.26756 -2.17421
 0.26768 -1.88739
 0.2678 -1.57994
 0.26792 -1.25568
 0.26804 -0.918425
 0.26816 -0.572322
 0.26828 -0.221894
 0.2684 0.128578
 0.26852 0.474386
 0.26864 0.809271
 0.26876 1.12571
 0.26888 1.41751
 0.269 1.68032
 0.26912 1.91042
 0.26924 2.1033
 0.26936 2.25494
 0.26948 2.36269
 0.2696 2.42376
 0.26972 2.43636
 0.26984 2.39936
 0.26996 2.31199
 0.27008 2.17337
 0.2702 1.98315
 0.27032 1.74134
 0.27044 1.44964
 0.27056 1.11273
 0.27068 0.737039
 0.2708 0.328578
 0.27092 -0.108442
 0.27104 -0.570818
 0.27116 -1.05489
 0.27128 -1.5546
 0.2714 -2.06359
 0.27152 -2.57576
 0.27164 -3.0848
 0.27176 -3.58447
 0.27188 -4.06909
 0.272 -4.53322
 0.27212 -4.97151
 0.27224 -5.37904
 0.27236 -5.75175
 0.27248 -6.08935
 0.2726 -6.39464
 0.27272 -6.67071
 0.27284 -6.91914
 0.27296 -7.13927
 0.27308 -7.3294
 0.2732 -7.48887
 0.27332 -7.61824
 0.27344 -7.71849
 0.27356 -7.79112
 0.27368 -7.83706
 0.2738 -7.85737
 0.27392 -7.85272
 0.27404 -7.82354
 0.27416 -7.76956
 0.27428 -7.68973
 0.2744 -7.58148
 0.27452 -7.43975
 0.27464 -7.25898
 0.27476 -7.03464
 0.27488 -6.76415
 0.275 -6.44776
 0.27512 -6.08661
 0.27524 -5.68281
 0.27536 -5.24052
 0.27548 -4.76381
 0.2756 -4.25707
 0.27572 -3.7266
 0.27584 -3.17863
 0.27596 -2.61966
 0.27608 -2.05704
 0.2762 -1.49967
 0.27632 -0.957785
 0.27644 -0.442644
 0.27656 0.0350727
 0.27668 0.46619
 0.2768 0.842731
 0.27692 1.15833
 0.27704 1.40822
 0.27716 1.5892
 0.27728 1.70171
 0.2774 1.74909
 0.27752 1.73471
 0.27764 1.66356
 0.27776 1.54229
 0.27788 1.37785
 0.278 1.17817
 0.27812 0.952511
 0.27824 0.711737
 0.27836 0.467641
 0.27848 0.231609
 0.2786 0.0126642
 0.27872 -0.182032
 0.27884 -0.346071
 0.27896 -0.473469
 0.27908 -0.558776
 0.2792 -0.599724
 0.27932 -0.59726
 0.27944 -0.552889
 0.27956 -0.468155
 0.27968 -0.345874
 0.2798 -0.189598
 0.27992 -0.00499294
 0.28004 0.200526
 0.28016 0.418848
 0.28028 0.641481
 0.2804 0.860039
 0.28052 1.06814
 0.28064 1.26129
 0.28076 1.43617
 0.28088 1.58959
 0.281 1.71797
 0.28112 1.81867
 0.28124 1.89248
 0.28136 1.94119
 0.28148 1.96553
 0.2816 1.96599
 0.28172 1.94337
 0.28184 1.89958
 0.28196 1.83994
 0.28208 1.77014
 0.2822 1.69488
 0.28232 1.61796
 0.28244 1.54186
 0.28256 1.46732
 0.28268 1.39495
 0.2828 1.32544
 0.28292 1.25997
 0.28304 1.2
 0.28316 1.145
 0.28328 1.09187
 0.2834 1.03757
 0.28352 0.980576
 0.28364 0.919939
 0.28376 0.854566
 0.28388 0.782081
 0.284 0.698453
 0.28412 0.601906
 0.28424 0.492407
 0.28436 0.371791
 0.28448 0.243422
 0.2846 0.110803
 0.28472 -0.0234444
 0.28484 -0.158007
 0.28496 -0.292203
 0.28508 -0.424169
 0.2852 -0.550362
 0.28532 -0.66644
 0.28544 -0.768428
 0.28556 -0.854232
 0.28568 -0.922318
 0.2858 -0.971269
 0.28592 -0.999416
 0.28604 -1.00612
 0.28616 -0.993171
 0.28628 -0.963624
 0.2864 -0.922336
 0.28652 -0.87504
 0.28664 -0.82758
 0.28676 -0.784641
 0.28688 -0.748798
 0.287 -0.723814
 0.28712 -0.714906
 0.28724 -0.726407
 0.28736 -0.762057
 0.28748 -0.825095
 0.2876 -0.917281
 0.28772 -1.03953
 0.28784 -1.19179
 0.28796 -1.37311
 0.28808 -1.58108
 0.2882 -1.81244
 0.28832 -2.06385
 0.28844 -2.33094
 0.28856 -2.60826
 0.28868 -2.88953
 0.2888 -3.17064
 0.28892 -3.44767
 0.28904 -3.71408
 0.28916 -3.96325
 0.28928 -4.19088
 0.2894 -4.39318
 0.28952 -4.56632
 0.28964 -4.70738
 0.28976 -4.81484
 0.28988 -4.88858
 0.29 -4.92917
 0.29012 -4.9368
 0.29024 -4.9112
 0.29036 -4.85157
 0.29048 -4.75851
 0.2906 -4.63414
 0.29072 -4.48036
 0.29084 -4.29693
 0.29096 -4.08559
 0.29108 -3.84993
 0.2912 -3.59295
 0.29132 -3.3163
 0.29144 -3.02183
 0.29156 -2.71197
 0.29168 -2.38827
 0.2918 -2.05122
 0.29192 -1.70075
 0.29204 -1.33875
 0.29216 -0.969519
 0.29228 -0.598106
 0.2924 -0.229495
 0.29252 0.13299
 0.29264 0.486849
 0.29276 0.82805
 0.29288 1.15138
 0.293 1.45309
 0.29312 1.72985
 0.29324 1.97821
 0.29336 2.19467
 0.29348 2.37626
 0.2936 2.5201
 0.29372 2.62282
 0.29384 2.68103
 0.29396 2.69206
 0.29408 2.65753
 0.2942 2.58101
 0.29432 2.46672
 0.29444 2.31876
 0.29456 2.14046
 0.29468 1.93496
 0.2948 1.70666
 0.29492 1.46051
 0.29504 1.20144
 0.29516 0.934193
 0.29528 0.662654
 0.2954 0.39032
 0.29552 0.120943
 0.29564 -0.140942
 0.29576 -0.391213
 0.29588 -0.625843
 0.296 -0.841777
 0.29612 -1.03844
 0.29624 -1.21577
 0.29636 -1.37447
 0.29648 -1.51549
 0.2966 -1.63915
 0.29672 -1.74517
 0.29684 -1.83364
 0.29696 -1.9049
 0.29708 -1.95892
 0.2972 -1.99382
 0.29732 -2.00663
 0.29744 -1.99438
 0.29756 -1.95569
 0.29768 -1.88951
 0.2978 -1.7945
 0.29792 -1.66954
 0.29804 -1.51396
 0.29816 -1.3273
 0.29828 -1.10896
 0.2984 -0.857716
 0.29852 -0.572677
 0.29864 -0.254395
 0.29876 0.0958064
 0.29888 0.476351
 0.299 0.884548
 0.29912 1.31423
 0.29924 1.75642
 0.29936 2.20168
 0.29948 2.64144
 0.2996 3.06823
 0.29972 3.47455
 0.29984 3.85309
 0.29996 4.19714
 0.30008 4.50144
 0.3002 4.76131
 0.30032 4.97186
 0.30044 5.12778
 0.30056 5.2254
 0.30068 5.26251
 0.3008 5.23704
 0.30092 5.14834
 0.30104 4.99918
 0.30116 4.7974
 0.30128 4.55279
 0.3014 4.27499
 0.30152 3.973
 0.30164 3.65563
 0.30176 3.331
 0.30188 3.00669
 0.302 2.68924
 0.30212 2.38432
 0.30224 2.09753
 0.30236 1.83505
 0.30248 1.60308
 0.3026 1.40593
 0.30272 1.24771
 0.30284 1.13225
 0.30296 1.06113
 0.30308 1.03245
 0.3032 1.04118
 0.30332 1.08125
 0.30344 1.14632
 0.30356 1.22951
 0.30368 1.32471
 0.3038 1.42684
 0.30392 1.53188
 0.30404 1.63706
 0.30416 1.74
 0.30428 1.83773
 0.3044 1.92618
 0.30452 2.00084
 0.30464 2.05778
 0.30476 2.09274
 0.30488 2.10213
 0.305 2.0835
 0.30512 2.03605
 0.30524 1.96007
 0.30536 1.85661
 0.30548 1.72846
 0.3056 1.5791
 0.30572 1.411
 0.30584 1.22601
 0.30596 1.02433
 0.30608 0.80419
 0.3062 0.564331
 0.30632 0.304375
 0.30644 0.0260038
 0.30656 -0.268084
 0.30668 -0.574833
 0.3068 -0.890818
 0.30692 -1.21185
 0.30704 -1.53316
 0.30716 -1.85036
 0.30728 -2.15896
 0.3074 -2.45552
 0.30752 -2.73811
 0.30764 -3.00526
 0.30776 -3.25519
 0.30788 -3.48555
 0.308 -3.69107
 0.30812 -3.86505
 0.30824 -4.00174
 0.30836 -4.09612
 0.30848 -4.14516
 0.3086 -4.14722
 0.30872 -4.10113
 0.30884 -4.00654
 0.30896 -3.86561
 0.30908 -3.6814
 0.3092 -3.45762
 0.30932 -3.19828
 0.30944 -2.9073
 0.30956 -2.58849
 0.30968 -2.24493
 0.3098 -1.8802
 0.30992 -1.49936
 0.31004 -1.11043
 0.31016 -0.722179
 0.31028 -0.342783
 0.3104 0.0204359
 0.31052 0.361491
 0.31064 0.677045
 0.31076 0.963594
 0.31088 1.21855
 0.311 1.44104
 0.31112 1.63111
 0.31124 1.78958
 0.31136 1.91717
 0.31148 2.01602
 0.3116 2.08866
 0.31172 2.13779
 0.31184 2.16778
 0.31196 2.18443
 0.31208 2.1954
 0.3122 2.20868
 0.31232 2.2303
 0.31244 2.26539
 0.31256 2.31719
 0.31268 2.38645
 0.3128 2.47415
 0.31292 2.58073
 0.31304 2.70628
 0.31316 2.85029
 0.31328 3.01251
 0.3134 3.19245
 0.31352 3.38788
 0.31364 3.59546
 0.31376 3.80987
 0.31388 4.02468
 0.314 4.23304
 0.31412 4.42737
 0.31424 4.60167
 0.31436 4.75256
 0.31448 4.87712
 0.3146 4.97365
 0.31472 5.04227
 0.31484 5.08455
 0.31496 5.10262
 0.31508 5.09834
 0.3152 5.07277
 0.31532 5.02637
 0.31544 4.96042
 0.31556 4.8776
 0.31568 4.78248
 0.3158 4.68121
 0.31592 4.57966
 0.31604 4.48237
 0.31616 4.3937
 0.31628 4.31636
 0.3164 4.25212
 0.31652 4.20302
 0.31664 4.17153
 0.31676 4.15711
 0.31688 4.15617
 0.317 4.16454
 0.31712 4.17875
 0.31724 4.19682
 0.31736 4.21707
 0.31748 4.23737
 0.3176 4.2546
 0.31772 4.2646
 0.31784 4.26342
 0.31796 4.24921
 0.31808 4.2223
 0.3182 4.18254
 0.31832 4.12987
 0.31844 4.06407
 0.31856 3.98333
 0.31868 3.88569
 0.3188 3.77264
 0.31892 3.64847
 0.31904 3.51728
 0.31916 3.38299
 0.31928 3.249
 0.3194 3.11842
 0.31952 2.99455
 0.31964 2.88108
 0.31976 2.78144
 0.31988 2.69721
 0.32 2.62776
 0.32012 2.57187
 0.32024 2.52896
 0.32036 2.49858
 0.32048 2.48107
 0.3206 2.47962
 0.32072 2.49659
 0.32084 2.53259
 0.32096 2.58845
 0.32108 2.66569
 0.3212 2.76472
 0.32132 2.88545
 0.32144 3.02769
 0.32156 3.19091
 0.32168 3.37465
 0.3218 3.57952
 0.32192 3.80687
 0.32204 4.05841
 0.32216 4.33557
 0.32228 4.63991
 0.3224 4.97333
 0.32252 5.33559
 0.32264 5.72304
 0.32276 6.13297
 0.32288 6.56003
 0.323 6.99573
 0.32312 7.43226
 0.32324 7.86379
 0.32336 8.28572
 0.32348 8.69364
 0.3236 9.08351
 0.32372 9.45099
 0.32384 9.79152
 0.32396 10.1015
 0.32408 10.3777
 0.3242 10.6165
 0.32432 10.8139
 0.32444 10.9655
 0.32456 11.0699
 0.32468 11.1281
 0.3248 11.1418
 0.32492 11.1185
 0.32504 11.0669
 0.32516 10.9926
 0.32528 10.8982
 0.3254 10.7855
 0.32552 10.6566
 0.32564 10.5127
 0.32576 10.3555
 0.32588 10.1854
 0.326 10.0017
 0.32612 9.80421
 0.32624 9.59305
 0.32636 9.36894
 0.32648 9.13373
 0.3266 8.88754
 0.32672 8.62962
 0.32684 8.35749
 0.32696 8.06557
 0.32708 7.75011
 0.3272 7.41118
 0.32732 7.05122
 0.32744 6.67296
 0.32756 6.27935
 0.32768 5.87337
 0.3278 5.45894
 0.32792 5.04149
 0.32804 4.62756
 0.32816 4.22332
 0.32828 3.83466
 0.3284 3.4669
 0.32852 3.12339
 0.32864 2.80779
 0.32876 2.52438
 0.32888 2.27851
 0.329 2.07538
 0.32912 1.91974
 0.32924 1.81404
 0.32936 1.75926
 0.32948 1.75537
 0.3296 1.80182
 0.32972 1.89793
 0.32984 2.0417
 0.32996 2.22914
 0.33008 2.45513
 0.3302 2.71473
 0.33032 3.00183
 0.33044 3.31056
 0.33056 3.63555
 0.33068 3.97095
 0.3308 4.30922
 0.33092 4.64239
 0.33104 4.962
 0.33116 5.25873
 0.33128 5.5244
 0.3314 5.75243
 0.33152 5.93791
 0.33164 6.07673
 0.33176 6.16562
 0.33188 6.20256
 0.332 6.1872
 0.33212 6.1198
 0.33224 6.00134
 0.33236 5.83453
 0.33248 5.62327
 0.3326 5.37237
 0.33272 5.08744
 0.33284 4.77577
 0.33296 4.44521
 0.33308 4.10474
 0.3332 3.76404
 0.33332 3.43211
 0.33344 3.11642
 0.33356 2.82287
 0.33368 2.55659
 0.3338 2.3219
 0.33392 2.12216
 0.33404 1.9598
 0.33416 1.83694
 0.33428 1.75475
 0.3344 1.71351
 0.33452 1.71177
 0.33464 1.74775
 0.33476 1.81888
 0.33488 1.92184
 0.335 2.05231
 0.33512 2.20451
 0.33524 2.37173
 0.33536 2.54767
 0.33548 2.72763
 0.3356 2.90803
 0.33572 3.08488
 0.33584 3.25392
 0.33596 3.41141
 0.33608 3.55384
 0.3362 3.67808
 0.33632 3.78141
 0.33644 3.8616
 0.33656 3.91711
 0.33668 3.94666
 0.3368 3.94962
 0.33692 3.92607
 0.33704 3.87808
 0.33716 3.80999
 0.33728 3.72746
 0.3374 3.63484
 0.33752 3.53477
 0.33764 3.42959
 0.33776 3.32356
 0.33788 3.22202
 0.338 3.13102
 0.33812 3.05686
 0.33824 3.00461
 0.33836 2.97901
 0.33848 2.98405
 0.3386 3.02397
 0.33872 3.10273
 0.33884 3.22384
 0.33896 3.38945
 0.33908 3.59692
 0.3392 3.8411
 0.33932 4.11589
 0.33944 4.41738
 0.33956 4.74266
 0.33968 5.08852
 0.3398 5.44938
 0.33992 5.8178
 0.34004 6.18357
 0.34016 6.53721
 0.34028 6.87096
 0.3404 7.17781
 0.34052 7.45099
 0.34064 7.68295
 0.34076 7.86611
 0.34088 7.99326
 0.341 8.06027
 0.34112 8.06854
 0.34124 8.02102
 0.34136 7.92089
 0.34148 7.77
 0.3416 7.56911
 0.34172 7.3196
 0.34184 7.02528
 0.34196 6.69281
 0.34208 6.33215
 0.3422 5.9513
 0.34232 5.55716
 0.34244 5.15643
 0.34256 4.75603
 0.34268 4.36348
 0.3428 3.98613
 0.34292 3.63093
 0.34304 3.3019
 0.34316 3.00078
 0.34328 2.72896
 0.3434 2.48711
 0.34352 2.27731
 0.34364 2.10319
 0.34376 1.96739
 0.34388 1.87109
 0.344 1.81294
 0.34412 1.78979
 0.34424 1.79987
 0.34436 1.84224
 0.34448 1.91648
 0.3446 2.02216
 0.34472 2.15894
 0.34484 2.32748
 0.34496 2.52914
 0.34508 2.76607
 0.3452 3.04024
 0.34532 3.35328
 0.34544 3.70755
 0.34556 4.10297
 0.34568 4.53824
 0.3458 5.01215
 0.34592 5.52252
 0.34604 6.06792
 0.34616 6.64838
 0.34628 7.26187
 0.3464 7.90346
 0.34652 8.56615
 0.34664 9.24257
 0.34676 9.9237
 0.34688 10.5967
 0.347 11.2474
 0.34712 11.8615
 0.34724 12.4254
 0.34736 12.9264
 0.34748 13.3517
 0.3476 13.6908
 0.34772 13.9341
 0.34784 14.0735
 0.34796 14.1029
 0.34808 14.016
 0.3482 13.8059
 0.34832 13.4702
 0.34844 13.0115
 0.34856 12.4352
 0.34868 11.7475
 0.3488 10.9598
 0.34892 10.0893
 0.34904 9.15446
 0.34916 8.17425
 0.34928 7.16705
 0.3494 6.15044
 0.34952 5.14134
 0.34964 4.15529
 0.34976 3.20752
 0.34988 2.31315
 0.35 1.48583
 0.35012 0.739367
 0.35024 0.086457
 0.35036 -0.464813
 0.35048 -0.910569
 0.3506 -1.24858
 0.35072 -1.4785
 0.35084 -1.60659
 0.35096 -1.64307
 0.35108 -1.59881
 0.3512 -1.48544
 0.35132 -1.31355
 0.35144 -1.09185
 0.35156 -0.828494
 0.35168 -0.530633
 0.3518 -0.207161
 0.35192 0.131651
 0.35204 0.4768
 0.35216 0.819163
 0.35228 1.15089
 0.3524 1.46673
 0.35252 1.76307
 0.35264 2.03609
 0.35276 2.28442
 0.35288 2.51123
 0.353 2.72066
 0.35312 2.9171
 0.35324 3.10488
 0.35336 3.28586
 0.35348 3.45994
 0.3536 3.62637
 0.35372 3.78388
 0.35384 3.93389
 0.35396 4.07901
 0.35408 4.22236
 0.3542 4.36755
 0.35432 4.51719
 0.35444 4.67183
 0.35456 4.83249
 0.35468 5.00095
 0.3548 5.17623
 0.35492 5.35499
 0.35504 5.53443
 0.35516 5.71161
 0.35528 5.88406
 0.3554 6.05158
 0.35552 6.21483
 0.35564 6.3752
 0.35576 6.53383
 0.35588 6.68904
 0.356 6.83705
 0.35612 6.9724
 0.35624 7.08907
 0.35636 7.18312
 0.35648 7.25282
 0.3566 7.29574
 0.35672 7.30988
 0.35684 7.2957
 0.35696 7.25507
 0.35708 7.19001
 0.3572 7.10305
 0.35732 6.99658
 0.35744 6.87169
 0.35756 6.72929
 0.35768 6.57038
 0.3578 6.39705
 0.35792 6.21468
 0.35804 6.0291
 0.35816 5.84641
 0.35828 5.67269
 0.3584 5.51177
 0.35852 5.36628
 0.35864 5.23893
 0.35876 5.13204
 0.35888 5.04668
 0.359 4.98134
 0.35912 4.93375
 0.35924 4.90172
 0.35936 4.88439
 0.35948 4.88131
 0.3596 4.89132
 0.35972 4.91263
 0.35984 4.942
 0.35996 4.97528
 0.36008 5.0107
 0.3602 5.04708
 0.36032 5.08417
 0.36044 5.12248
 0.36056 5.16169
 0.36068 5.20133
 0.3608 5.24032
 0.36092 5.27886
 0.36104 5.32102
 0.36116 5.37121
 0.36128 5.43081
 0.3614 5.49955
 0.36152 5.57844
 0.36164 5.66921
 0.36176 5.77405
 0.36188 5.8958
 0.362 6.03643
 0.36212 6.19615
 0.36224 6.37378
 0.36236 6.56657
 0.36248 6.77247
 0.3626 6.99033
 0.36272 7.21905
 0.36284 7.45839
 0.36296 7.70582
 0.36308 7.95553
 0.3632 8.20237
 0.36332 8.44529
 0.36344 8.68215
 0.36356 8.90968
 0.36368 9.12432
 0.3638 9.32188
 0.36392 9.49748
 0.36404 9.64656
 0.36416 9.76541
 0.36428 9.85205
 0.3644 9.90469
 0.36452 9.92203
 0.36464 9.90315
 0.36476 9.84668
 0.36488 9.7507
 0.365 9.61487
 0.36512 9.44042
 0.36524 9.2272
 0.36536 8.97418
 0.36548 8.68246
 0.3656 8.35292
 0.36572 7.98751
 0.36584 7.58957
 0.36596 7.16293
 0.36608 6.71087
 0.3662 6.23617
 0.36632 5.74263
 0.36644 5.23474
 0.36656 4.71578
 0.36668 4.18907
 0.3668 3.65852
 0.36692 3.12872
 0.36704 2.60425
 0.36716 2.08985
 0.36728 1.59088
 0.3674 1.11173
 0.36752 0.655986
 0.36764 0.227912
 0.36776 -0.170633
 0.36788 -0.538859
 0.368 -0.875866
 0.36812 -1.18028
 0.36824 -1.45154
 0.36836 -1.692
 0.36848 -1.90446
 0.3686 -2.09228
 0.36872 -2.25842
 0.36884 -2.40571
 0.36896 -2.53897
 0.36908 -2.66442
 0.3692 -2.78871
 0.36932 -2.9187
 0.36944 -3.06111
 0.36956 -3.22277
 0.36968 -3.41051
 0.3698 -3.62871
 0.36992 -3.87985
 0.37004 -4.16637
 0.37016 -4.49066
 0.37028 -4.85363
 0.3704 -5.25382
 0.37052 -5.6891
 0.37064 -6.15604
 0.37076 -6.65279
 0.37088 -7.17633
 0.371 -7.71796
 0.37112 -8.26735
 0.37124 -8.81419
 0.37136 -9.34736
 0.37148 -9.85372
 0.3716 -10.32
 0.37172 -10.7334
 0.37184 -11.0848
 0.37196 -11.3675
 0.37208 -11.5737
 0.3722 -11.6956
 0.37232 -11.7272
 0.37244 -11.6642
 0.37256 -11.5036
 0.37268 -11.2438
 0.3728 -10.8835
 0.37292 -10.426
 0.37304 -9.88111
 0.37316 -9.25912
 0.37328 -8.56998
 0.3734 -7.8259
 0.37352 -7.04311
 0.37364 -6.23828
 0.37376 -5.42696
 0.37388 -4.62101
 0.374 -3.83199
 0.37412 -3.07366
 0.37424 -2.35961
 0.37436 -1.70048
 0.37448 -1.10584
 0.3746 -0.583354
 0.37472 -0.137982
 0.37484 0.226868
 0.37496 0.512874
 0.37508 0.724483
 0.3752 0.865437
 0.37532 0.939278
 0.37544 0.952395
 0.37556 0.915052
 0.37568 0.838201
 0.3758 0.732006
 0.37592 0.605543
 0.37604 0.46895
 0.37616 0.333715
 0.37628 0.210003
 0.3764 0.105223
 0.37652 0.0262313
 0.37664 -0.0215975
 0.37676 -0.0348765
 0.37688 -0.0111711
 0.377 0.0496735
 0.37712 0.147395
 0.37724 0.282162
 0.37736 0.454115
 0.37748 0.661913
 0.3776 0.902321
 0.37772 1.17155
 0.37784 1.46483
 0.37796 1.77684
 0.37808 2.10194
 0.3782 2.43433
 0.37832 2.7698
 0.37844 3.10528
 0.37856 3.43759
 0.37868 3.76411
 0.3788 4.08259
 0.37892 4.39109
 0.37904 4.6886
 0.37916 4.97464
 0.37928 5.24868
 0.3794 5.50959
 0.37952 5.75612
 0.37964 5.98694
 0.37976 6.20129
 0.37988 6.4002
 0.38 6.58508
 0.38012 6.75697
 0.38024 6.91653
 0.38036 7.06403
 0.38048 7.19953
 0.3806 7.32315
 0.38072 7.43511
 0.38084 7.53572
 0.38096 7.62497
 0.38108 7.70256
 0.3812 7.76705
 0.38132 7.81803
 0.38144 7.85626
 0.38156 7.88379
 0.38168 7.90308
 0.3818 7.91545
 0.38192 7.92133
 0.38204 7.92099
 0.38216 7.91467
 0.38228 7.90273
 0.3824 7.8853
 0.38252 7.86284
 0.38264 7.83598
 0.38276 7.80462
 0.38288 7.76906
 0.383 7.7296
 0.38312 7.68688
 0.38324 7.64269
 0.38336 7.59739
 0.38348 7.5495
 0.3836 7.49589
 0.38372 7.43482
 0.38384 7.36509
 0.38396 7.28534
 0.38408 7.19509
 0.3842 7.09427
 0.38432 6.98267
 0.38444 6.86018
 0.38456 6.7254
 0.38468 6.57677
 0.3848 6.41338
 0.38492 6.23323
 0.38504 6.03409
 0.38516 5.81321
 0.38528 5.56724
 0.3854 5.29404
 0.38552 4.99333
 0.38564 4.66505
 0.38576 4.30784
 0.38588 3.92177
 0.386 3.50718
 0.38612 3.06401
 0.38624 2.59275
 0.38636 2.09476
 0.38648 1.5721
 0.3866 1.02961
 0.38672 0.472011
 0.38684 -0.095604
 0.38696 -0.666079
 0.38708 -1.2323
 0.3872 -1.78797
 0.38732 -2.32646
 0.38744 -2.84162
 0.38756 -3.32734
 0.38768 -3.77699
 0.3878 -4.18414
 0.38792 -4.54387
 0.38804 -4.8513
 0.38816 -5.10302
 0.38828 -5.29657
 0.3884 -5.43086
 0.38852 -5.50653
 0.38864 -5.52589
 0.38876 -5.49116
 0.38888 -5.4064
 0.389 -5.2772
 0.38912 -5.10735
 0.38924 -4.89899
 0.38936 -4.65497
 0.38948 -4.37804
 0.3896 -4.0715
 0.38972 -3.73911
 0.38984 -3.3856
 0.38996 -3.01693
 0.39008 -2.63877
 0.3902 -2.25565
 0.39032 -1.87217
 0.39044 -1.49205
 0.39056 -1.11781
 0.39068 -0.752237
 0.3908 -0.397424
 0.39092 -0.0537573
 0.39104 0.278598
 0.39116 0.597006
 0.39128 0.898044
 0.3914 1.17776
 0.39152 1.43027
 0.39164 1.64966
 0.39176 1.83075
 0.39188 1.97201
 0.392 2.07487
 0.39212 2.14081
 0.39224 2.17185
 0.39236 2.17115
 0.39248 2.14096
 0.3926 2.08311
 0.39272 1.99976
 0.39284 1.89245
 0.39296 1.76146
 0.39308 1.60686
 0.3932 1.43033
 0.39332 1.23395
 0.39344 1.0225
 0.39356 0.803284
 0.39368 0.58366
 0.3938 0.370937
 0.39392 0.168578
 0.39404 -0.0228848
 0.39416 -0.203523
 0.39428 -0.374864
 0.3944 -0.538475
 0.39452 -0.694668
 0.39464 -0.843364
 0.39476 -0.984714
 0.39488 -1.11827
 0.395 -1.242
 0.39512 -1.35363
 0.39524 -1.45194
 0.39536 -1.53532
 0.39548 -1.60367
 0.3956 -1.65777
 0.39572 -1.69892
 0.39584 -1.73046
 0.39596 -1.75322
 0.39608 -1.76512
 0.3962 -1.76325
 0.39632 -1.74336
 0.39644 -1.70181
 0.39656 -1.63596
 0.39668 -1.54348
 0.3968 -1.42246
 0.39692 -1.2718
 0.39704 -1.09169
 0.39716 -0.882275
 0.39728 -0.643321
 0.3974 -0.376876
 0.39752 -0.0853195
 0.39764 0.229417
 0.39776 0.566973
 0.39788 0.92968
 0.398 1.31704
 0.39812 1.7261
 0.39824 2.15241
 0.39836 2.58875
 0.39848 3.02749
 0.3986 3.46149
 0.39872 3.88397
 0.39884 4.28881
 0.39896 4.67005
 0.39908 5.02305
 0.3992 5.34314
 0.39932 5.62577
 0.39944 5.86843
 0.39956 6.06716
 0.39968 6.2172
 0.3998 6.31241
 0.39992 6.34605
 0.40004 6.3143
 0.40016 6.21454
 0.40028 6.04652
 0.4004 5.81393
 0.40052 5.52125
 0.40064 5.17385
 0.40076 4.7774
 0.40088 4.3388
 0.401 3.86515
 0.40112 3.36234
 0.40124 2.8367
 0.40136 2.29436
 0.40148 1.74181
 0.4016 1.18854
 0.40172 0.644501
 0.40184 0.119661
 0.40196 -0.376913
 0.40208 -0.83765
 0.4022 -1.25334
 0.40232 -1.61559
 0.40244 -1.91874
 0.40256 -2.15807
 0.40268 -2.33147
 0.4028 -2.43852
 0.40292 -2.48123
 0.40304 -2.46187
 0.40316 -2.38326
 0.40328 -2.24824
 0.4034 -2.05929
 0.40352 -1.8202
 0.40364 -1.53745
 0.40376 -1.21807
 0.40388 -0.867991
 0.404 -0.492257
 0.40412 -0.0960776
 0.40424 0.310879
 0.40436 0.718825
 0.40448 1.11937
 0.4046 1.50549
 0.40472 1.87296
 0.40484 2.21875
 0.40496 2.5409
 0.40508 2.83933
 0.4052 3.11569
 0.40532 3.37081
 0.40544 3.60526
 0.40556 3.82088
 0.40568 4.02335
 0.4058 4.21867
 0.40592 4.4112
 0.40604 4.60449
 0.40616 4.80193
 0.40628 5.00978
 0.4064 5.23365
 0.40652 5.47772
 0.40664 5.74562
 0.40676 6.0402
 0.40688 6.36504
 0.407 6.72278
 0.40712 7.11223
 0.40724 7.53006
 0.40736 7.9734
 0.40748 8.43931
 0.4076 8.92169
 0.40772 9.40955
 0.40784 9.89246
 0.40796 10.3616
 0.40808 10.8097
 0.4082 11.231
 0.40832 11.6196
 0.40844 11.9708
 0.40856 12.2815
 0.40868 12.5461
 0.4088 12.7586
 0.40892 12.9122
 0.40904 13.0019
 0.40916 13.0272
 0.40928 12.9901
 0.4094 12.8929
 0.40952 12.7386
 0.40964 12.5354
 0.40976 12.2942
 0.40988 12.0256
 0.41 11.7384
 0.41012 11.4402
 0.41024 11.1366
 0.41036 10.8332
 0.41048 10.5335
 0.4106 10.2407
 0.41072 9.96176
 0.41084 9.70364
 0.41096 9.47316
 0.41108 9.27658
 0.4112 9.11704
 0.41132 8.99425
 0.41144 8.90743
 0.41156 8.85486
 0.41168 8.83165
 0.4118 8.83148
 0.41192 8.84849
 0.41204 8.87771
 0.41216 8.91535
 0.41228 8.95842
 0.4124 9.00354
 0.41252 9.04999
 0.41264 9.09625
 0.41276 9.13906
 0.41288 9.1757
 0.413 9.20242
 0.41312 9.21328
 0.41324 9.20575
 0.41336 9.18051
 0.41348 9.13852
 0.4136 9.0809
 0.41372 9.00962
 0.41384 8.92808
 0.41396 8.83928
 0.41408 8.74595
 0.4142 8.65009
 0.41432 8.55364
 0.41444 8.45932
 0.41456 8.36721
 0.41468 8.27811
 0.4148 8.19302
 0.41492 8.11305
 0.41504 8.04227
 0.41516 7.98645
 0.41528 7.94698
 0.4154 7.92312
 0.41552 7.91448
 0.41564 7.92151
 0.41576 7.94389
 0.41588 7.98072
 0.416 8.03089
 0.41612 8.09297
 0.41624 8.16601
 0.41636 8.2484
 0.41648 8.33834
 0.4166 8.43583
 0.41672 8.53935
 0.41684 8.64567
 0.41696 8.75111
 0.41708 8.84942
 0.4172 8.93598
 0.41732 9.00978
 0.41744 9.07054
 0.41756 9.11597
 0.41768 9.14305
 0.4178 9.1493
 0.41792 9.13253
 0.41804 9.09137
 0.41816 9.0249
 0.41828 8.93218
 0.4184 8.81373
 0.41852 8.67006
 0.41864 8.50141
 0.41876 8.31225
 0.41888 8.10854
 0.419 7.89629
 0.41912 7.68118
 0.41924 7.46566
 0.41936 7.25054
 0.41948 7.03841
 0.4196 6.83489
 0.41972 6.64559
 0.41984 6.47508
 0.41996 6.32756
 0.42008 6.20633
 0.4202 6.11417
 0.42032 6.0532
 0.42044 6.02344
 0.42056 6.02457
 0.42068 6.05499
 0.4208 6.10956
 0.42092 6.18368
 0.42104 6.27255
 0.42116 6.37402
 0.42128 6.48816
 0.4214 6.61423
 0.42152 6.74811
 0.42164 6.88272
 0.42176 7.01223
 0.42188 7.13205
 0.422 7.23805
 0.42212 7.32723
 0.42224 7.39706
 0.42236 7.44595
 0.42248 7.47379
 0.4226 7.48075
 0.42272 7.4684
 0.42284 7.43896
 0.42296 7.39473
 0.42308 7.33827
 0.4232 7.26959
 0.42332 7.18781
 0.42344 7.09433
 0.42356 6.9937
 0.42368 6.8919
 0.4238 6.79344
 0.42392 6.70223
 0.42404 6.62132
 0.42416 6.55285
 0.42428 6.49887
 0.4244 6.46111
 0.42452 6.44088
 0.42464 6.43931
 0.42476 6.45689
 0.42488 6.49355
 0.425 6.548
 0.42512 6.61927
 0.42524 6.7087
 0.42536 6.81768
 0.42548 6.94499
 0.4256 7.08788
 0.42572 7.24438
 0.42584 7.41189
 0.42596 7.58807
 0.42608 7.77137
 0.4262 7.96027
 0.42632 8.15201
 0.42644 8.34348
 0.42656 8.53136
 0.42668 8.71252
 0.4268 8.88422
 0.42692 9.04542
 0.42704 9.19596
 0.42716 9.33401
 0.42728 9.45397
 0.4274 9.55128
 0.42752 9.62301
 0.42764 9.66576
 0.42776 9.67525
 0.42788 9.64871
 0.428 9.5827
 0.42812 9.4738
 0.42824 9.32004
 0.42836 9.12174
 0.42848 8.87992
 0.4286 8.59614
 0.42872 8.27203
 0.42884 7.90853
 0.42896 7.50495
 0.42908 7.0607
 0.4292 6.57875
 0.42932 6.06678
 0.42944 5.5325
 0.42956 4.98374
 0.42968 4.42983
 0.4298 3.88144
 0.42992 3.3495
 0.43004 2.84501
 0.43016 2.37832
 0.43028 1.95737
 0.4304 1.58838
 0.43052 1.27686
 0.43064 1.02676
 0.43076 0.84157
 0.43088 0.725543
 0.431 0.683219
 0.43112 0.718482
 0.43124 0.831995
 0.43136 1.01976
 0.43148 1.27636
 0.4316 1.59524
 0.43172 1.9678
 0.43184 2.38334
 0.43196 2.82998
 0.43208 3.29643
 0.4322 3.77173
 0.43232 4.24673
 0.43244 4.7133
 0.43256 5.16466
 0.43268 5.59614
 0.4328 6.00381
 0.43292 6.38373
 0.43304 6.73241
 0.43316 7.04626
 0.43328 7.32232
 0.4334 7.55998
 0.43352 7.75973
 0.43364 7.92296
 0.43376 8.05236
 0.43388 8.15258
 0.434 8.22894
 0.43412 8.28721
 0.43424 8.33351
 0.43436 8.37319
 0.43448 8.40942
 0.4346 8.44387
 0.43472 8.47684
 0.43484 8.50709
 0.43496 8.53275
 0.43508 8.55197
 0.4352 8.56421
 0.43532 8.57057
 0.43544 8.57186
 0.43556 8.56785
 0.43568 8.55785
 0.4358 8.54023
 0.43592 8.51235
 0.43604 8.47117
 0.43616 8.41282
 0.43628 8.33114
 0.4364 8.22173
 0.43652 8.0842
 0.43664 7.91916
 0.43676 7.7284
 0.43688 7.51572
 0.437 7.28521
 0.43712 7.04067
 0.43724 6.78441
 0.43736 6.51766
 0.43748 6.24216
 0.4376 5.96162
 0.43772 5.68127
 0.43784 5.40706
 0.43796 5.14499
 0.43808 4.90116
 0.4382 4.68272
 0.43832 4.5004
 0.43844 4.35921
 0.43856 4.25998
 0.43868 4.20199
 0.4388 4.1834
 0.43892 4.20143
 0.43904 4.25314
 0.43916 4.33584
 0.43928 4.44719
 0.4394 4.58498
 0.43952 4.74654
 0.43964 4.92673
 0.43976 5.11844
 0.43988 5.31426
 0.44 5.50723
 0.44012 5.69049
 0.44024 5.85583
 0.44036 5.99481
 0.44048 6.10587
 0.4406 6.19074
 0.44072 6.25232
 0.44084 6.29356
 0.44096 6.31769
 0.44108 6.32813
 0.4412 6.32795
 0.44132 6.3199
 0.44144 6.30599
 0.44156 6.28707
 0.44168 6.26565
 0.4418 6.24555
 0.44192 6.23041
 0.44204 6.22272
 0.44216 6.22461
 0.44228 6.23852
 0.4424 6.2643
 0.44252 6.29806
 0.44264 6.33405
 0.44276 6.36748
 0.44288 6.39328
 0.443 6.40602
 0.44312 6.40021
 0.44324 6.37127
 0.44336 6.31556
 0.44348 6.23154
 0.4436 6.11971
 0.44372 5.97976
 0.44384 5.81102
 0.44396 5.61375
 0.44408 5.39021
 0.4442 5.14249
 0.44432 4.87334
 0.44444 4.58739
 0.44456 4.2909
 0.44468 3.98984
 0.4448 3.69036
 0.44492 3.40022
 0.44504 3.12725
 0.44516 2.87851
 0.44528 2.66014
 0.4454 2.4769
 0.44552 2.33092
 0.44564 2.22339
 0.44576 2.15569
 0.44588 2.12866
 0.446 2.14173
 0.44612 2.19333
 0.44624 2.28264
 0.44636 2.40699
 0.44648 2.56255
 0.4466 2.74521
 0.44672 2.95083
 0.44684 3.17203
 0.44696 3.40034
 0.44708 3.62863
 0.4472 3.85199
 0.44732 4.06565
 0.44744 4.26618
 0.44756 4.45135
 0.44768 4.61907
 0.4478 4.76732
 0.44792 4.89481
 0.44804 5.00096
 0.44816 5.0848
 0.44828 5.14516
 0.4484 5.18397
 0.44852 5.20344
 0.44864 5.20482
 0.44876 5.19095
 0.44888 5.16693
 0.449 5.13786
 0.44912 5.10563
 0.44924 5.07019
 0.44936 5.03232
 0.44948 4.9927
 0.4496 4.95193
 0.44972 4.91111
 0.44984 4.87221
 0.44996 4.83768
 0.45008 4.80985
 0.4502 4.79203
 0.45032 4.7866
 0.45044 4.79264
 0.45056 4.81016
 0.45068 4.84014
 0.4508 4.88267
 0.45092 4.93686
 0.45104 5.0023
 0.45116 5.08105
 0.45128 5.17557
 0.4514 5.28718
 0.45152 5.41697
 0.45164 5.56522
 0.45176 5.73066
 0.45188 5.90979
 0.452 6.09759
 0.45212 6.28884
 0.45224 6.47761
 0.45236 6.6601
 0.45248 6.83463
 0.4526 6.99847
 0.45272 7.1485
 0.45284 7.2822
 0.45296 7.398
 0.45308 7.49471
 0.4532 7.57095
 0.45332 7.62549
 0.45344 7.65755
 0.45356 7.66697
 0.45368 7.65466
 0.4538 7.62148
 0.45392 7.57005
 0.45404 7.50532
 0.45416 7.43279
 0.45428 7.35777
 0.4544 7.28411
 0.45452 7.21519
 0.45464 7.15476
 0.45476 7.10655
 0.45488 7.07356
 0.455 7.05763
 0.45512 7.05799
 0.45524 7.07375
 0.45536 7.10409
 0.45548 7.14737
 0.4556 7.20057
 0.45572 7.26258
 0.45584 7.33473
 0.45596 7.41708
 0.45608 7.50642
 0.4562 7.59881
 0.45632 7.68991
 0.45644 7.77521
 0.45656 7.8501
 0.45668 7.91024
 0.4568 7.95153
 0.45692 7.97007
 0.45704 7.96373
 0.45716 7.93231
 0.45728 7.87412
 0.4574 7.78752
 0.45752 7.67213
 0.45764 7.52818
 0.45776 7.35244
 0.45788 7.14045
 0.458 6.88988
 0.45812 6.60114
 0.45824 6.27617
 0.45836 5.91847
 0.45848 5.53191
 0.4586 5.12008
 0.45872 4.68523
 0.45884 4.22927
 0.45896 3.75513
 0.45908 3.26611
 0.4592 2.76734
 0.45932 2.2656
 0.45944 1.76789
 0.45956 1.281
 0.45968 0.812088
 0.4598 0.36845
 0.45992 -0.0433607
 0.46004 -0.418386
 0.46016 -0.752437
 0.46028 -1.04268
 0.4604 -1.28721
 0.46052 -1.48413
 0.46064 -1.63034
 0.46076 -1.72055
 0.46088 -1.74928
 0.461 -1.7139
 0.46112 -1.61383
 0.46124 -1.4505
 0.46136 -1.22622
 0.46148 -0.944957
 0.4616 -0.611563
 0.46172 -0.230902
 0.46184 0.194458
 0.46196 0.662325
 0.46208 1.1698
 0.4622 1.71257
 0.46232 2.28528
 0.46244 2.88267
 0.46256 3.49943
 0.46268 4.12817
 0.4628 4.75864
 0.46292 5.38084
 0.46304 5.9865
 0.46316 6.56769
 0.46328 7.11726
 0.4634 7.62973
 0.46352 8.10222
 0.46364 8.53346
 0.46376 8.92178
 0.46388 9.26423
 0.464 9.559
 0.46412 9.80634
 0.46424 10.0094
 0.46436 10.173
 0.46448 10.3019
 0.4646 10.401
 0.46472 10.4779
 0.46484 10.543
 0.46496 10.6059
 0.46508 10.6755
 0.4652 10.7588
 0.46532 10.8619
 0.46544 10.9887
 0.46556 11.14
 0.46568 11.3146
 0.4658 11.5116
 0.46592 11.7303
 0.46604 11.9681
 0.46616 12.2206
 0.46628 12.481
 0.4664 12.7415
 0.46652 12.9947
 0.46664 13.233
 0.46676 13.4468
 0.46688 13.6257
 0.467 13.7603
 0.46712 13.8454
 0.46724 13.8785
 0.46736 13.858
 0.46748 13.7839
 0.4676 13.6593
 0.46772 13.4885
 0.46784 13.2747
 0.46796 13.0207
 0.46808 12.731
 0.4682 12.4109
 0.46832 12.0678
 0.46844 11.7087
 0.46856 11.3404
 0.46868 10.9691
 0.4688 10.6013
 0.46892 10.2432
 0.46904 9.89969
 0.46916 9.57249
 0.46928 9.26191
 0.4694 8.96802
 0.46952 8.69045
 0.46964 8.42767
 0.46976 8.18013
 0.46988 7.94924
 0.47 7.73628
 0.47012 7.54136
 0.47024 7.36374
 0.47036 7.2022
 0.47048 7.05579
 0.4706 6.92413
 0.47072 6.80765
 0.47084 6.70701
 0.47096 6.62297
 0.47108 6.55654
 0.4712 6.50919
 0.47132 6.48217
 0.47144 6.4767
 0.47156 6.49303
 0.47168 6.5292
 0.4718 6.58031
 0.47192 6.64191
 0.47204 6.71024
 0.47216 6.78317
 0.47228 6.85909
 0.4724 6.9363
 0.47252 7.01298
 0.47264 7.08739
 0.47276 7.15822
 0.47288 7.22413
 0.473 7.28408
 0.47312 7.3373
 0.47324 7.38445
 0.47336 7.42709
 0.47348 7.46623
 0.4736 7.50261
 0.47372 7.53879
 0.47384 7.57882
 0.47396 7.62626
 0.47408 7.68437
 0.4742 7.75432
 0.47432 7.83703
 0.47444 7.93346
 0.47456 8.04416
 0.47468 8.1678
 0.4748 8.30195
 0.47492 8.44294
 0.47504 8.58555
 0.47516 8.72397
 0.47528 8.85028
 0.4754 8.95718
 0.47552 9.04046
 0.47564 9.09931
 0.47576 9.13284
 0.47588 9.13975
 0.476 9.1182
 0.47612 9.06724
 0.47624 8.98714
 0.47636 8.87849
 0.47648 8.74219
 0.4766 8.58022
 0.47672 8.39719
 0.47684 8.19871
 0.47696 7.993
 0.47708 7.78985
 0.4772 7.5986
 0.47732 7.42802
 0.47744 7.28333
 0.47756 7.16599
 0.47768 7.075
 0.4778 7.00982
 0.47792 6.97016
 0.47804 6.95561
 0.47816 6.96484
 0.47828 6.99518
 0.4784 7.04251
 0.47852 7.10298
 0.47864 7.1718
 0.47876 7.24282
 0.47888 7.30913
 0.479 7.36286
 0.47912 7.39622
 0.47924 7.40424
 0.47936 7.38567
 0.47948 7.34302
 0.4796 7.27999
 0.47972 7.19878
 0.47984 7.1001
 0.47996 6.98581
 0.48008 6.85876
 0.4802 6.72269
 0.48032 6.58552
 0.48044 6.45614
 0.48056 6.34118
 0.48068 6.24736
 0.4808 6.18147
 0.48092 6.15004
 0.48104 6.15868
 0.48116 6.2122
 0.48128 6.31161
 0.4814 6.45303
 0.48152 6.63085
 0.48164 6.84011
 0.48176 7.07982
 0.48188 7.34803
 0.482 7.63856
 0.48212 7.94423
 0.48224 8.25586
 0.48236 8.55922
 0.48248 8.84204
 0.4826 9.09435
 0.48272 9.30635
 0.48284 9.4691
 0.48296 9.57518
 0.48308 9.6185
 0.4832 9.59403
 0.48332 9.50094
 0.48344 9.34255
 0.48356 9.12334
 0.48368 8.84684
 0.4838 8.51449
 0.48392 8.13226
 0.48404 7.71045
 0.48416 7.25944
 0.48428 6.79174
 0.4844 6.32202
 0.48452 5.86329
 0.48464 5.42825
 0.48476 5.02815
 0.48488 4.67264
 0.485 4.3689
 0.48512 4.12097
 0.48524 3.93114
 0.48536 3.79827
 0.48548 3.71817
 0.4856 3.6846
 0.48572 3.69135
 0.48584 3.73201
 0.48596 3.79728
 0.48608 3.87617
 0.4862 3.95819
 0.48632 4.03193
 0.48644 4.08534
 0.48656 4.10628
 0.48668 4.08432
 0.4868 4.01241
 0.48692 3.88475
 0.48704 3.69864
 0.48716 3.45646
 0.48728 3.16252
 0.4874 2.82248
 0.48752 2.44471
 0.48764 2.03969
 0.48776 1.61795
 0.48788 1.18982
 0.488 0.766089
 0.48812 0.358586
 0.48824 -0.0208122
 0.48836 -0.359826
 0.48848 -0.646892
 0.4886 -0.872278
 0.48872 -1.03064
 0.48884 -1.11873
 0.48896 -1.13374
 0.48908 -1.07587
 0.4892 -0.950213
 0.48932 -0.762049
 0.48944 -0.51599
 0.48956 -0.218051
 0.48968 0.125068
 0.4898 0.507519
 0.48992 0.923896
 0.49004 1.36752
 0.49016 1.82971
 0.49028 2.30148
 0.4904 2.77397
 0.49052 3.24168
 0.49064 3.70203
 0.49076 4.15422
 0.49088 4.5978
 0.491 5.03258
 0.49112 5.46118
 0.49124 5.88881
 0.49136 6.31691
 0.49148 6.74463
 0.4916 7.17133
 0.49172 7.59572
 0.49184 8.01545
 0.49196 8.42826
 0.49208 8.83469
 0.4922 9.23707
 0.49232 9.63905
 0.49244 10.0435
 0.49256 10.4497
 0.49268 10.8566
 0.4928 11.2635
 0.49292 11.6685
 0.49304 12.0691
 0.49316 12.4591
 0.49328 12.833
 0.4934 13.1914
 0.49352 13.5359
 0.49364 13.8686
 0.49376 14.1926
 0.49388 14.5119
 0.494 14.83
 0.49412 15.1473
 0.49424 15.4609
 0.49436 15.764
 0.49448 16.0513
 0.4946 16.319
 0.49472 16.5626
 0.49484 16.7788
 0.49496 16.9655
 0.49508 17.1225
 0.4952 17.2535
 0.49532 17.3596
 0.49544 17.4395
 0.49556 17.4916
 0.49568 17.5135
 0.4958 17.5005
 0.49592 17.4471
 0.49604 17.3492
 0.49616 17.2071
 0.49628 17.0268
 0.4964 16.8162
 0.49652 16.5822
 0.49664 16.3311
 0.49676 16.0699
 0.49688 15.8053
 0.497 15.5436
 0.49712 15.2881
 0.49724 15.0401
 0.49736 14.8012
 0.49748 14.5732
 0.4976 14.3577
 0.49772 14.1586
 0.49784 13.9836
 0.49796 13.8399
 0.49808 13.73
 0.4982 13.6513
 0.49832 13.5992
 0.49844 13.5701
 0.49856 13.5608
 0.49868 13.568
 0.4988 13.5859
 0.49892 13.6078
 0.49904 13.6275
 0.49916 13.6414
 0.49928 13.647
 0.4994 13.6431
 0.49952 13.6293
 0.49964 13.6051
 0.49976 13.5662
 0.49988 13.5052
 0.5 13.4175
 0.50012 13.3049
 0.50024 13.1715
 0.50036 13.0199
 0.50048 12.8519
 0.5006 12.6693
 0.50072 12.4747
 0.50084 12.2727
 0.50096 12.0681
 0.50108 11.8643
 0.5012 11.6633
 0.50132 11.4657
 0.50144 11.27
 0.50156 11.0736
 0.50168 10.8733
 0.5018 10.67
 0.50192 10.4647
 0.50204 10.2565
 0.50216 10.0421
 0.50228 9.81731
 0.5024 9.5788
 0.50252 9.32331
 0.50264 9.04795
 0.50276 8.74977
 0.50288 8.42654
 0.503 8.0774
 0.50312 7.70251
 0.50324 7.30337
 0.50336 6.88284
 0.50348 6.4454
 0.5036 5.99852
 0.50372 5.54988
 0.50384 5.10548
 0.50396 4.67254
 0.50408 4.25633
 0.5042 3.86263
 0.50432 3.49827
 0.50444 3.17014
 0.50456 2.88427
 0.50468 2.64561
 0.5048 2.45851
 0.50492 2.32598
 0.50504 2.2489
 0.50516 2.22738
 0.50528 2.26079
 0.5054 2.3485
 0.50552 2.48799
 0.50564 2.67368
 0.50576 2.89992
 0.50588 3.16067
 0.506 3.45025
 0.50612 3.76533
 0.50624 4.10145
 0.50636 4.45316
 0.50648 4.81519
 0.5066 5.18401
 0.50672 5.55659
 0.50684 5.92857
 0.50696 6.29542
 0.50708 6.65363
 0.5072 7.00028
 0.50732 7.33264
 0.50744 7.64782
 0.50756 7.94615
 0.50768 8.22944
 0.5078 8.49956
 0.50792 8.75859
 0.50804 9.00656
 0.50816 9.24146
 0.50828 9.46232
 0.5084 9.6686
 0.50852 9.85897
 0.50864 10.03
 0.50876 10.1791
 0.50888 10.3074
 0.509 10.4181
 0.50912 10.5146
 0.50924 10.5981
 0.50936 10.6694
 0.50948 10.7248
 0.5096 10.758
 0.50972 10.7627
 0.50984 10.7328
 0.50996 10.6625
 0.51008 10.5499
 0.5102 10.3946
 0.51032 10.1959
 0.51044 9.95276
 0.51056 9.6675
 0.51068 9.34583
 0.5108 8.99132
 0.51092 8.60394
 0.51104 8.18259
 0.51116 7.72809
 0.51128 7.24398
 0.5114 6.73731
 0.51152 6.22098
 0.51164 5.70799
 0.51176 5.21069
 0.51188 4.74128
 0.512 4.31044
 0.51212 3.92649
 0.51224 3.59775
 0.51236 3.3328
 0.51248 3.13988
 0.5126 3.02065
 0.51272 2.97456
 0.51284 3.00396
 0.51296 3.11154
 0.51308 3.29508
 0.5132 3.54878
 0.51332 3.86471
 0.51344 4.23119
 0.51356 4.63447
 0.51368 5.06232
 0.5138 5.50317
 0.51392 5.94594
 0.51404 6.38062
 0.51416 6.79561
 0.51428 7.17866
 0.5144 7.51796
 0.51452 7.8032
 0.51464 8.02802
 0.51476 8.18464
 0.51488 8.26404
 0.515 8.26272
 0.51512 8.1868
 0.51524 8.04452
 0.51536 7.84492
 0.51548 7.59773
 0.5156 7.31172
 0.51572 6.99472
 0.51584 6.65451
 0.51596 6.29837
 0.51608 5.93446
 0.5162 5.57422
 0.51632 5.22877
 0.51644 4.90742
 0.51656 4.61869
 0.51668 4.37224
 0.5168 4.17902
 0.51692 4.0483
 0.51704 3.98017
 0.51716 3.96862
 0.51728 4.0088
 0.5174 4.09732
 0.51752 4.23189
 0.51764 4.41115
 0.51776 4.63225
 0.51788 4.89139
 0.518 5.18489
 0.51812 5.508
 0.51824 5.85386
 0.51836 6.2155
 0.51848 6.58729
 0.5186 6.96308
 0.51872 7.33496
 0.51884 7.69599
 0.51896 8.04188
 0.51908 8.37367
 0.5192 8.6923
 0.51932 8.99411
 0.51944 9.2736
 0.51956 9.5244
 0.51968 9.74071
 0.5198 9.92034
 0.51992 10.0626
 0.52004 10.1667
 0.52016 10.2304
 0.52028 10.2537
 0.5204 10.2387
 0.52052 10.1878
 0.52064 10.1039
 0.52076 9.99102
 0.52088 9.85157
 0.521 9.68745
 0.52112 9.50006
 0.52124 9.29309
 0.52136 9.07302
 0.52148 8.84684
 0.5216 8.62179
 0.52172 8.40365
 0.52184 8.19543
 0.52196 7.99691
 0.52208 7.80905
 0.5222 7.63525
 0.52232 7.47586
 0.52244 7.32991
 0.52256 7.19542
 0.52268 7.06935
 0.5228 6.94848
 0.52292 6.82968
 0.52304 6.708
 0.52316 6.57886
 0.52328 6.43904
 0.5234 6.28616
 0.52352 6.11809
 0.52364 5.93291
 0.52376 5.72913
 0.52388 5.50725
 0.524 5.27157
 0.52412 5.02458
 0.52424 4.76751
 0.52436 4.50189
 0.52448 4.22949
 0.5246 3.95289
 0.52472 3.67517
 0.52484 3.39951
 0.52496 3.12991
 0.52508 2.87256
 0.5252 2.63013
 0.52532 2.40184
 0.52544 2.18597
 0.52556 1.98007
 0.52568 1.7818
 0.5258 1.58935
 0.52592 1.39954
 0.52604 1.2077
 0.52616 1.01042
 0.52628 0.807134
 0.5264 0.599252
 0.52652 0.388295
 0.52664 0.175749
 0.52676 -0.0369515
 0.52688 -0.248184
 0.527 -0.457253
 0.52712 -0.664186
 0.52724 -0.865251
 0.52736 -1.05569
 0.52748 -1.23072
 0.5276 -1.38591
 0.52772 -1.51757
 0.52784 -1.62246
 0.52796 -1.69663
 0.52808 -1.73548
 0.5282 -1.73635
 0.52832 -1.70123
 0.52844 -1.63375
 0.52856 -1.53785
 0.52868 -1.41762
 0.5288 -1.27696
 0.52892 -1.12033
 0.52904 -0.950447
 0.52916 -0.769268
 0.52928 -0.580165
 0.5294 -0.385852
 0.52952 -0.187949
 0.52964 0.0140388
 0.52976 0.22118
 0.52988 0.43404
 0.53 0.650791
 0.53012 0.868996
 0.53024 1.08841
 0.53036 1.3118
 0.53048 1.54257
 0.5306 1.78445
 0.53072 2.04075
 0.53084 2.31357
 0.53096 2.60501
 0.53108 2.91401
 0.5312 3.23938
 0.53132 3.58028
 0.53144 3.93517
 0.53156 4.30094
 0.53168 4.67294
 0.5318 5.04681
 0.53192 5.41999
 0.53204 5.79264
 0.53216 6.16415
 0.53228 6.5327
 0.5324 6.89534
 0.53252 7.24887
 0.53264 7.58978
 0.53276 7.91616
 0.53288 8.22797
 0.533 8.52656
 0.53312 8.81514
 0.53324 9.09607
 0.53336 9.3716
 0.53348 9.64373
 0.5336 9.91545
 0.53372 10.1887
 0.53384 10.4632
 0.53396 10.7368
 0.53408 11.0076
 0.5342 11.2749
 0.53432 11.5396
 0.53444 11.803
 0.53456 12.067
 0.53468 12.3338
 0.5348 12.605
 0.53492 12.8802
 0.53504 13.1559
 0.53516 13.4273
 0.53528 13.6899
 0.5354 13.9398
 0.53552 14.1729
 0.53564 14.3852
 0.53576 14.5766
 0.53588 14.7485
 0.536 14.9033
 0.53612 15.0421
 0.53624 15.1647
 0.53636 15.27
 0.53648 15.357
 0.5366 15.4236
 0.53672 15.4646
 0.53684 15.4744
 0.53696 15.4493
 0.53708 15.3913
 0.5372 15.3031
 0.53732 15.1873
 0.53744 15.0461
 0.53756 14.8826
 0.53768 14.6988
 0.5378 14.4949
 0.53792 14.2723
 0.53804 14.0326
 0.53816 13.7783
 0.53828 13.5113
 0.5384 13.2308
 0.53852 12.9347
 0.53864 12.624
 0.53876 12.304
 0.53888 11.9803
 0.539 11.6563
 0.53912 11.3319
 0.53924 11.0072
 0.53936 10.6831
 0.53948 10.3608
 0.5396 10.0411
 0.53972 9.72536
 0.53984 9.41308
 0.53996 9.10161
 0.54008 8.78694
 0.5402 8.46342
 0.54032 8.13042
 0.54044 7.79274
 0.54056 7.4578
 0.54068 7.12917
 0.5408 6.8079
 0.54092 6.4951
 0.54104 6.19271
 0.54116 5.90307
 0.54128 5.62827
 0.5414 5.36861
 0.54152 5.12426
 0.54164 4.89556
 0.54176 4.68313
 0.54188 4.48931
 0.542 4.31768
 0.54212 4.17472
 0.54224 4.06777
 0.54236 3.99906
 0.54248 3.96612
 0.5426 3.96444
 0.54272 3.99216
 0.54284 4.04819
 0.54296 4.13132
 0.54308 4.24044
 0.5432 4.37466
 0.54332 4.53351
 0.54344 4.71687
 0.54356 4.92332
 0.54368 5.1517
 0.5438 5.40128
 0.54392 5.67108
 0.54404 5.95959
 0.54416 6.26346
 0.54428 6.57941
 0.5444 6.905
 0.54452 7.23912
 0.54464 7.58035
 0.54476 7.92613
 0.54488 8.27434
 0.545 8.62316
 0.54512 8.97057
 0.54524 9.31424
 0.54536 9.65209
 0.54548 9.98446
 0.5456 10.3128
 0.54572 10.6368
 0.54584 10.9544
 0.54596 11.2629
 0.54608 11.5588
 0.5462 11.8386
 0.54632 12.0988
 0.54644 12.3386
 0.54656 12.5581
 0.54668 12.759
 0.5468 12.942
 0.54692 13.1064
 0.54704 13.251
 0.54716 13.3751
 0.54728 13.4786
 0.5474 13.5606
 0.54752 13.6182
 0.54764 13.6496
 0.54776 13.6547
 0.54788 13.6352
 0.548 13.594
 0.54812 13.5358
 0.54824 13.4655
 0.54836 13.3864
 0.54848 13.2991
 0.5486 13.2033
 0.54872 13.0978
 0.54884 12.9843
 0.54896 12.8657
 0.54908 12.7452
 0.5492 12.6252
 0.54932 12.5071
 0.54944 12.3918
 0.54956 12.2796
 0.54968 12.1697
 0.5498 12.0618
 0.54992 11.955
 0.55004 11.847
 0.55016 11.7346
 0.55028 11.6146
 0.5504 11.486
 0.55052 11.3499
 0.55064 11.208
 0.55076 11.0613
 0.55088 10.9082
 0.551 10.7466
 0.55112 10.5744
 0.55124 10.3904
 0.55136 10.1948
 0.55148 9.98955
 0.5516 9.77863
 0.55172 9.56494
 0.55184 9.34896
 0.55196 9.13174
 0.55208 8.91458
 0.5522 8.69901
 0.55232 8.48699
 0.55244 8.27842
 0.55256 8.07204
 0.55268 7.86634
 0.5528 7.66097
 0.55292 7.45776
 0.55304 7.25863
 0.55316 7.0655
 0.55328 6.87973
 0.5534 6.70068
 0.55352 6.52493
 0.55364 6.34804
 0.55376 6.1684
 0.55388 5.98591
 0.554 5.79873
 0.55412 5.60611
 0.55424 5.40738
 0.55436 5.2011
 0.55448 4.98579
 0.5546 4.76017
 0.55472 4.52391
 0.55484 4.27548
 0.55496 4.01233
 0.55508 3.73198
 0.5552 3.43177
 0.55532 3.10952
 0.55544 2.76581
 0.55556 2.40356
 0.55568 2.0265
 0.5558 1.63636
 0.55592 1.23647
 0.55604 0.831227
 0.55616 0.423641
 0.55628 0.0176709
 0.5564 -0.378907
 0.55652 -0.756717
 0.55664 -1.10659
 0.55676 -1.42113
 0.55688 -1.69325
 0.557 -1.91608
 0.55712 -2.08273
 0.55724 -2.18613
 0.55736 -2.21962
 0.55748 -2.17806
 0.5576 -2.05785
 0.55772 -1.85806
 0.55784 -1.57807
 0.55796 -1.2184
 0.55808 -0.778588
 0.5582 -0.259396
 0.55832 0.334275
 0.55844 0.99177
 0.55856 1.70141
 0.55868 2.45137
 0.5588 3.23129
 0.55892 4.03144
 0.55904 4.8418
 0.55916 5.65227
 0.55928 6.45284
 0.5594 7.23266
 0.55952 7.97961
 0.55964 8.68219
 0.55976 9.33223
 0.55988 9.92119
 0.56 10.4393
 0.56012 10.8765
 0.56024 11.2259
 0.56036 11.4845
 0.56048 11.6525
 0.5606 11.7309
 0.56072 11.7228
 0.56084 11.631
 0.56096 11.4598
 0.56108 11.2155
 0.5612 10.9039
 0.56132 10.5303
 0.56144 10.1019
 0.56156 9.62932
 0.56168 9.1244
 0.5618 8.59803
 0.56192 8.0619
 0.56204 7.52753
 0.56216 7.00671
 0.56228 6.51104
 0.5624 6.05143
 0.56252 5.63815
 0.56264 5.27942
 0.56276 4.98143
 0.56288 4.74966
 0.563 4.58593
 0.56312 4.48924
 0.56324 4.46011
 0.56336 4.50061
 0.56348 4.61056
 0.5636 4.78528
 0.56372 5.01719
 0.56384 5.29813
 0.56396 5.62139
 0.56408 5.98075
 0.5642 6.36878
 0.56432 6.77564
 0.56444 7.19154
 0.56456 7.60717
 0.56468 8.01378
 0.5648 8.40254
 0.56492 8.76553
 0.56504 9.09897
 0.56516 9.40105
 0.56528 9.66752
 0.5654 9.89328
 0.56552 10.0758
 0.56564 10.2167
 0.56576 10.3206
 0.56588 10.3921
 0.566 10.4362
 0.56612 10.4575
 0.56624 10.4607
 0.56636 10.4513
 0.56648 10.4334
 0.5666 10.4112
 0.56672 10.3911
 0.56684 10.38
 0.56696 10.3841
 0.56708 10.4063
 0.5672 10.4488
 0.56732 10.5149
 0.56744 10.6084
 0.56756 10.7307
 0.56768 10.8813
 0.5678 11.0577
 0.56792 11.2558
 0.56804 11.4682
 0.56816 11.6893
 0.56828 11.9142
 0.5684 12.1393
 0.56852 12.3615
 0.56864 12.5773
 0.56876 12.7812
 0.56888 12.9677
 0.569 13.1328
 0.56912 13.2754
 0.56924 13.3945
 0.56936 13.4881
 0.56948 13.5537
 0.5696 13.5879
 0.56972 13.5878
 0.56984 13.5518
 0.56996 13.4812
 0.57008 13.3801
 0.5702 13.2508
 0.57032 13.096
 0.57044 12.9187
 0.57056 12.7228
 0.57068 12.5137
 0.5708 12.2969
 0.57092 12.0779
 0.57104 11.8598
 0.57116 11.6431
 0.57128 11.4293
 0.5714 11.2208
 0.57152 11.022
 0.57164 10.8399
 0.57176 10.6817
 0.57188 10.5545
 0.572 10.4636
 0.57212 10.413
 0.57224 10.4071
 0.57236 10.4497
 0.57248 10.541
 0.5726 10.6777
 0.57272 10.8548
 0.57284 11.067
 0.57296 11.3086
 0.57308 11.5758
 0.5732 11.8665
 0.57332 12.1785
 0.57344 12.5095
 0.57356 12.8552
 0.57368 13.2094
 0.5738 13.5649
 0.57392 13.9143
 0.57404 14.2512
 0.57416 14.5693
 0.57428 14.8616
 0.5744 15.122
 0.57452 15.3494
 0.57464 15.5468
 0.57476 15.7184
 0.57488 15.8691
 0.575 16.0053
 0.57512 16.1327
 0.57524 16.2547
 0.57536 16.3698
 0.57548 16.4763
 0.5756 16.5736
 0.57572 16.6621
 0.57584 16.7428
 0.57596 16.8141
 0.57608 16.8736
 0.5762 16.9198
 0.57632 16.9527
 0.57644 16.9714
 0.57656 16.9727
 0.57668 16.9521
 0.5768 16.9047
 0.57692 16.8251
 0.57704 16.7067
 0.57716 16.5409
 0.57728 16.3271
 0.5774 16.0694
 0.57752 15.7721
 0.57764 15.4394
 0.57776 15.0747
 0.57788 14.6836
 0.578 14.2761
 0.57812 13.8624
 0.57824 13.451
 0.57836 13.0486
 0.57848 12.6623
 0.5786 12.2976
 0.57872 11.9585
 0.57884 11.6483
 0.57896 11.3705
 0.57908 11.1303
 0.5792 10.933
 0.57932 10.7776
 0.57944 10.6619
 0.57956 10.5839
 0.57968 10.5407
 0.5798 10.53
 0.57992 10.5468
 0.58004 10.5837
 0.58016 10.6334
 0.58028 10.6915
 0.5804 10.7532
 0.58052 10.8134
 0.58064 10.8698
 0.58076 10.923
 0.58088 10.9734
 0.581 11.0216
 0.58112 11.0681
 0.58124 11.1138
 0.58136 11.161
 0.58148 11.2092
 0.5816 11.2576
 0.58172 11.3061
 0.58184 11.3524
 0.58196 11.3953
 0.58208 11.4341
 0.5822 11.4675
 0.58232 11.4926
 0.58244 11.509
 0.58256 11.5177
 0.58268 11.5176
 0.5828 11.5068
 0.58292 11.4834
 0.58304 11.4455
 0.58316 11.3905
 0.58328 11.3159
 0.5834 11.2214
 0.58352 11.1122
 0.58364 10.9927
 0.58376 10.8678
 0.58388 10.7451
 0.584 10.6316
 0.58412 10.5333
 0.58424 10.4569
 0.58436 10.4092
 0.58448 10.3945
 0.5846 10.4137
 0.58472 10.4673
 0.58484 10.5559
 0.58496 10.6785
 0.58508 10.8335
 0.5852 11.0188
 0.58532 11.2321
 0.58544 11.4654
 0.58556 11.7066
 0.58568 11.946
 0.5858 12.1727
 0.58592 12.3752
 0.58604 12.5446
 0.58616 12.6722
 0.58628 12.7488
 0.5864 12.7637
 0.58652 12.7088
 0.58664 12.5802
 0.58676 12.3746
 0.58688 12.0907
 0.587 11.7307
 0.58712 11.2978
 0.58724 10.7961
 0.58736 10.2309
 0.58748 9.6138
 0.5876 8.95737
 0.58772 8.27273
 0.58784 7.57127
 0.58796 6.86285
 0.58808 6.15546
 0.5882 5.45668
 0.58832 4.77573
 0.58844 4.12481
 0.58856 3.51436
 0.58868 2.95313
 0.5888 2.4494
 0.58892 2.008
 0.58904 1.63152
 0.58916 1.32185
 0.58928 1.08049
 0.5894 0.907141
 0.58952 0.798434
 0.58964 0.751022
 0.58976 0.761975
 0.58988 0.828191
 0.59 0.947343
 0.59012 1.11884
 0.59024 1.3431
 0.59036 1.61895
 0.59048 1.94207
 0.5906 2.30778
 0.59072 2.71068
 0.59084 3.14453
 0.59096 3.60363
 0.59108 4.08306
 0.5912 4.57819
 0.59132 5.08451
 0.59144 5.59817
 0.59156 6.11588
 0.59168 6.63457
 0.5918 7.15207
 0.59192 7.66778
 0.59204 8.18005
 0.59216 8.68425
 0.59228 9.17317
 0.5924 9.63975
 0.59252 10.0792
 0.59264 10.4884
 0.59276 10.8655
 0.59288 11.213
 0.593 11.534
 0.59312 11.8305
 0.59324 12.1043
 0.59336 12.3574
 0.59348 12.5915
 0.5936 12.808
 0.59372 13.0051
 0.59384 13.1779
 0.59396 13.32
 0.59408 13.4279
 0.5942 13.5012
 0.59432 13.5432
 0.59444 13.5586
 0.59456 13.5509
 0.59468 13.5231
 0.5948 13.4757
 0.59492 13.4044
 0.59504 13.3054
 0.59516 13.176
 0.59528 13.0143
 0.5954 12.8184
 0.59552 12.5864
 0.59564 12.3186
 0.59576 12.0205
 0.59588 11.7007
 0.596 11.3674
 0.59612 11.0264
 0.59624 10.6819
 0.59636 10.3354
 0.59648 9.98735
 0.5966 9.63889
 0.59672 9.29072
 0.59684 8.94625
 0.59696 8.6125
 0.59708 8.29588
 0.5972 8.0013
 0.59732 7.73172
 0.59744 7.4898
 0.59756 7.2786
 0.59768 7.09925
 0.5978 6.95029
 0.59792 6.82952
 0.59804 6.7357
 0.59816 6.66889
 0.59828 6.62983
 0.5984 6.61933
 0.59852 6.63588
 0.59864 6.67752
 0.59876 6.74294
 0.59888 6.82859
 0.599 6.92924
 0.59912 7.04013
 0.59924 7.15899
 0.59936 7.28608
 0.59948 7.42188
 0.5996 7.56678
 0.59972 7.72133
 0.59984 7.88596
 0.59996 8.05999
 0.60008 8.24118
 0.6002 8.42436
 0.60032 8.6025
 0.60044 8.77054
 0.60056 8.92716
 0.60068 9.07058
 0.6008 9.19912
 0.60092 9.31244
 0.60104 9.40911
 0.60116 9.48676
 0.60128 9.54056
 0.6014 9.56397
 0.60152 9.55092
 0.60164 9.49314
 0.60176 9.38147
 0.60188 9.20796
 0.602 8.96672
 0.60212 8.65654
 0.60224 8.28142
 0.60236 7.84865
 0.60248 7.36355
 0.6026 6.83019
 0.60272 6.25417
 0.60284 5.6401
 0.60296 4.99434
 0.60308 4.32874
 0.6032 3.65658
 0.60332 2.99291
 0.60344 2.35111
 0.60356 1.74288
 0.60368 1.18484
 0.6038 0.695099
 0.60392 0.291063
 0.60404 -0.0133464
 0.60416 -0.210104
 0.60428 -0.295256
 0.6044 -0.266695
 0.60452 -0.121754
 0.60464 0.141282
 0.60476 0.520485
 0.60488 1.01361
 0.605 1.61195
 0.60512 2.29942
 0.60524 3.05747
 0.60536 3.86723
 0.60548 4.71605
 0.6056 5.59153
 0.60572 6.47589
 0.60584 7.34927
 0.60596 8.19052
 0.60608 8.98157
 0.6062 9.70698
 0.60632 10.3523
 0.60644 10.9035
 0.60656 11.3466
 0.60668 11.6698
 0.6068 11.8662
 0.60692 11.9291
 0.60704 11.8578
 0.60716 11.6583
 0.60728 11.3395
 0.6074 10.9087
 0.60752 10.3688
 0.60764 9.72535
 0.60776 8.98854
 0.60788 8.1722
 0.608 7.29345
 0.60812 6.36894
 0.60824 5.41507
 0.60836 4.44838
 0.60848 3.4858
 0.6086 2.54486
 0.60872 1.64141
 0.60884 0.791159
 0.60896 0.0110639
 0.60908 -0.684669
 0.6092 -1.28814
 0.60932 -1.79268
 0.60944 -2.19115
 0.60956 -2.47645
 0.60968 -2.64513
 0.6098 -2.69632
 0.60992 -2.63377
 0.61004 -2.46473
 0.61016 -2.1969
 0.61028 -1.83807
 0.6104 -1.39692
 0.61052 -0.884551
 0.61064 -0.315358
 0.61076 0.294439
 0.61088 0.926165
 0.611 1.56007
 0.61112 2.17904
 0.61124 2.76914
 0.61136 3.31724
 0.61148 3.8108
 0.6116 4.23873
 0.61172 4.59202
 0.61184 4.86264
 0.61196 5.04571
 0.61208 5.13828
 0.6122 5.13768
 0.61232 5.04159
 0.61244 4.84999
 0.61256 4.56983
 0.61268 4.21457
 0.6128 3.79921
 0.61292 3.33951
 0.61304 2.85186
 0.61316 2.35178
 0.61328 1.85404
 0.6134 1.37306
 0.61352 0.923237
 0.61364 0.518043
 0.61376 0.170437
 0.61388 -0.106925
 0.614 -0.302379
 0.61412 -0.404649
 0.61424 -0.401316
 0.61436 -0.280536
 0.61448 -0.0345815
 0.6146 0.333149
 0.61472 0.813945
 0.61484 1.40007
 0.61496 2.08314
 0.61508 2.85107
 0.6152 3.69083
 0.61532 4.58963
 0.61544 5.5346
 0.61556 6.51285
 0.61568 7.51171
 0.6158 8.51898
 0.61592 9.5228
 0.61604 10.5114
 0.61616 11.4706
 0.61628 12.3821
 0.6164 13.2286
 0.61652 13.9978
 0.61664 14.687
 0.61676 15.2947
 0.61688 15.8188
 0.617 16.26
 0.61712 16.6243
 0.61724 16.9182
 0.61736 17.1467
 0.61748 17.3127
 0.6176 17.4205
 0.61772 17.4737
 0.61784 17.4742
 0.61796 17.4234
 0.61808 17.3227
 0.6182 17.1807
 0.61832 17.0123
 0.61844 16.8309
 0.61856 16.647
 0.61868 16.4676
 0.6188 16.2995
 0.61892 16.1495
 0.61904 16.021
 0.61916 15.9155
 0.61928 15.8354
 0.6194 15.7878
 0.61952 15.7782
 0.61964 15.8086
 0.61976 15.8824
 0.61988 16.0058
 0.62 16.1854
 0.62012 16.4275
 0.62024 16.7274
 0.62036 17.0733
 0.62048 17.4533
 0.6206 17.8569
 0.62072 18.2749
 0.62084 18.698
 0.62096 19.1172
 0.62108 19.5243
 0.6212 19.9097
 0.62132 20.2616
 0.62144 20.5664
 0.62156 20.8191
 0.62168 21.0171
 0.6218 21.156
 0.62192 21.2305
 0.62204 21.2333
 0.62216 21.1581
 0.62228 21.0118
 0.6224 20.807
 0.62252 20.556
 0.62264 20.2686
 0.62276 19.9532
 0.62288 19.6189
 0.623 19.2752
 0.62312 18.9324
 0.62324 18.6037
 0.62336 18.3018
 0.62348 18.0358
 0.6236 17.8088
 0.62372 17.6235
 0.62384 17.4829
 0.62396 17.3907
 0.62408 17.3532
 0.6242 17.3731
 0.62432 17.444
 0.62444 17.5575
 0.62456 17.7072
 0.62468 17.8913
 0.6248 18.1056
 0.62492 18.3437
 0.62504 18.5975
 0.62516 18.8579
 0.62528 19.1166
 0.6254 19.3681
 0.62552 19.6089
 0.62564 19.8373
 0.62576 20.0513
 0.62588 20.2494
 0.626 20.4303
 0.62612 20.5916
 0.62624 20.7338
 0.62636 20.8593
 0.62648 20.9711
 0.6266 21.0655
 0.62672 21.1383
 0.62684 21.1907
 0.62696 21.2269
 0.62708 21.2531
 0.6272 21.273
 0.62732 21.2861
 0.62744 21.2906
 0.62756 21.2846
 0.62768 21.2662
 0.6278 21.2337
 0.62792 21.1833
 0.62804 21.1087
 0.62816 21.0047
 0.62828 20.8666
 0.6284 20.6884
 0.62852 20.467
 0.62864 20.2068
 0.62876 19.9102
 0.62888 19.5751
 0.629 19.1961
 0.62912 18.7692
 0.62924 18.2973
 0.62936 17.7858
 0.62948 17.2401
 0.6296 16.6645
 0.62972 16.0619
 0.62984 15.4357
 0.62996 14.7937
 0.63008 14.146
 0.6302 13.5024
 0.63032 12.8744
 0.63044 12.2762
 0.63056 11.7178
 0.63068 11.2027
 0.6308 10.7326
 0.63092 10.3148
 0.63104 9.95768
 0.63116 9.66475
 0.63128 9.43425
 0.6314 9.26389
 0.63152 9.15175
 0.63164 9.09863
 0.63176 9.10671
 0.63188 9.17778
 0.632 9.31045
 0.63212 9.50238
 0.63224 9.74576
 0.63236 10.0241
 0.63248 10.3195
 0.6326 10.6165
 0.63272 10.9095
 0.63284 11.1942
 0.63296 11.462
 0.63308 11.705
 0.6332 11.9205
 0.63332 12.1091
 0.63344 12.2716
 0.63356 12.4077
 0.63368 12.5158
 0.6338 12.5916
 0.63392 12.6296
 0.63404 12.6245
 0.63416 12.5728
 0.63428 12.4832
 0.6344 12.3725
 0.63452 12.2577
 0.63464 12.1521
 0.63476 12.0597
 0.63488 11.9849
 0.635 11.9331
 0.63512 11.9094
 0.63524 11.9122
 0.63536 11.9369
 0.63548 11.979
 0.6356 12.0345
 0.63572 12.1001
 0.63584 12.1767
 0.63596 12.267
 0.63608 12.3732
 0.6362 12.4949
 0.63632 12.6218
 0.63644 12.7414
 0.63656 12.8422
 0.63668 12.9188
 0.6368 12.9715
 0.63692 13
 0.63704 13.0035
 0.63716 12.9795
 0.63728 12.9315
 0.6374 12.8644
 0.63752 12.7823
 0.63764 12.6892
 0.63776 12.588
 0.63788 12.4786
 0.638 12.361
 0.63812 12.2373
 0.63824 12.1123
 0.63836 11.9928
 0.63848 11.886
 0.6386 11.795
 0.63872 11.7141
 0.63884 11.6359
 0.63896 11.5528
 0.63908 11.4603
 0.6392 11.3579
 0.63932 11.2437
 0.63944 11.1157
 0.63956 10.9739
 0.63968 10.8192
 0.6398 10.6531
 0.63992 10.4776
 0.64004 10.2938
 0.64016 10.0987
 0.64028 9.88857
 0.6404 9.65967
 0.64052 9.4087
 0.64064 9.13997
 0.64076 8.86304
 0.64088 8.58846
 0.641 8.32704
 0.64112 8.08598
 0.64124 7.86898
 0.64136 7.67969
 0.64148 7.52071
 0.6416 7.38942
 0.64172 7.2815
 0.64184 7.19266
 0.64196 7.1186
 0.64208 7.05659
 0.6422 7.00604
 0.64232 6.96654
 0.64244 6.93745
 0.64256 6.91592
 0.64268 6.89443
 0.6428 6.8649
 0.64292 6.81777
 0.64304 6.74332
 0.64316 6.63315
 0.64328 6.48002
 0.6434 6.27717
 0.64352 6.0211
 0.64364 5.71502
 0.64376 5.36329
 0.64388 4.97108
 0.644 4.54363
 0.64412 4.08563
 0.64424 3.60141
 0.64436 3.0956
 0.64448 2.57525
 0.6446 2.0518
 0.64472 1.53667
 0.64484 1.04142
 0.64496 0.578839
 0.64508 0.16219
 0.6452 -0.194674
 0.64532 -0.479161
 0.64544 -0.679814
 0.64556 -0.788792
 0.64568 -0.801482
 0.6458 -0.715651
 0.64592 -0.531488
 0.64604 -0.249302
 0.64616 0.130599
 0.64628 0.607767
 0.6464 1.17979
 0.64652 1.8381
 0.64664 2.57041
 0.64676 3.3648
 0.64688 4.20943
 0.647 5.09219
 0.64712 5.99977
 0.64724 6.91585
 0.64736 7.82549
 0.64748 8.71445
 0.6476 9.56966
 0.64772 10.3791
 0.64784 11.1351
 0.64796 11.8321
 0.64808 12.4644
 0.6482 13.0264
 0.64832 13.5132
 0.64844 13.9235
 0.64856 14.261
 0.64868 14.5305
 0.6488 14.7365
 0.64892 14.8807
 0.64904 14.9622
 0.64916 14.9834
 0.64928 14.9517
 0.6494 14.874
 0.64952 14.7576
 0.64964 14.6097
 0.64976 14.4365
 0.64988 14.2412
 0.65 14.0268
 0.65012 13.7971
 0.65024 13.5559
 0.65036 13.3064
 0.65048 13.05
 0.6506 12.7872
 0.65072 12.5182
 0.65084 12.2447
 0.65096 11.9758
 0.65108 11.7211
 0.6512 11.486
 0.65132 11.2731
 0.65144 11.0835
 0.65156 10.9181
 0.65168 10.7777
 0.6518 10.6644
 0.65192 10.5806
 0.65204 10.5278
 0.65216 10.5052
 0.65228 10.5108
 0.6524 10.5414
 0.65252 10.5936
 0.65264 10.6634
 0.65276 10.747
 0.65288 10.8379
 0.653 10.925
 0.65312 11.0007
 0.65324 11.0587
 0.65336 11.0933
 0.65348 11.1006
 0.6536 11.0769
 0.65372 11.0168
 0.65384 10.9136
 0.65396 10.7606
 0.65408 10.5545
 0.6542 10.2956
 0.65432 9.98539
 0.65444 9.62815
 0.65456 9.22853
 0.65468 8.7912
 0.6548 8.3215
 0.65492 7.8264
 0.65504 7.3118
 0.65516 6.78205
 0.65528 6.24443
 0.6554 5.70612
 0.65552 5.17355
 0.65564 4.65359
 0.65576 4.15632
 0.65588 3.69311
 0.656 3.27263
 0.65612 2.89819
 0.65624 2.57134
 0.65636 2.29246
 0.65648 2.06018
 0.6566 1.87142
 0.65672 1.72245
 0.65684 1.60898
 0.65696 1.52661
 0.65708 1.47173
 0.6572 1.43899
 0.65732 1.41911
 0.65744 1.40295
 0.65756 1.38216
 0.65768 1.34764
 0.6578 1.28786
 0.65792 1.19098
 0.65804 1.05061
 0.65816 0.863743
 0.65828 0.627617
 0.6584 0.339982
 0.65852 0.00254035
 0.65864 -0.376441
 0.65876 -0.787915
 0.65888 -1.22267
 0.659 -1.67133
 0.65912 -2.12437
 0.65924 -2.57081
 0.65936 -2.99833
 0.65948 -3.39655
 0.6596 -3.75728
 0.65972 -4.07193
 0.65984 -4.32952
 0.65996 -4.51868
 0.66008 -4.63182
 0.6602 -4.6621
 0.66032 -4.60267
 0.66044 -4.44798
 0.66056 -4.20308
 0.66068 -3.88016
 0.6608 -3.49159
 0.66092 -3.04991
 0.66104 -2.56832
 0.66116 -2.05982
 0.66128 -1.53695
 0.6614 -1.01147
 0.66152 -0.489881
 0.66164 0.0234878
 0.66176 0.523593
 0.66188 1.0017
 0.662 1.44852
 0.66212 1.85609
 0.66224 2.21752
 0.66236 2.52614
 0.66248 2.77895
 0.6626 2.98292
 0.66272 3.14743
 0.66284 3.28205
 0.66296 3.39781
 0.66308 3.50689
 0.6632 3.62111
 0.66332 3.75342
 0.66344 3.91345
 0.66356 4.10515
 0.66368 4.33157
 0.6638 4.59699
 0.66392 4.90799
 0.66404 5.27119
 0.66416 5.68945
 0.66428 6.16284
 0.6644 6.69105
 0.66452 7.27065
 0.66464 7.89526
 0.66476 8.55829
 0.66488 9.25116
 0.665 9.96034
 0.66512 10.6714
 0.66524 11.3691
 0.66536 12.0356
 0.66548 12.6569
 0.6656 13.2208
 0.66572 13.7151
 0.66584 14.1267
 0.66596 14.4407
 0.66608 14.6423
 0.6662 14.7233
 0.66632 14.6775
 0.66644 14.4991
 0.66656 14.1829
 0.66668 13.7237
 0.6668 13.1168
 0.66692 12.3645
 0.66704 11.4753
 0.66716 10.4578
 0.66728 9.32235
 0.6674 8.08066
 0.66752 6.74563
 0.66764 5.33073
 0.66776 3.85115
 0.66788 2.32336
 0.668 0.770863
 0.66812 -0.781621
 0.66824 -2.31349
 0.66836 -3.80457
 0.66848 -5.23472
 0.6686 -6.58375
 0.66872 -7.83151
 0.66884 -8.95954
 0.66896 -9.95808
 0.66908 -10.8202
 0.6692 -11.5391
 0.66932 -12.1086
 0.66944 -12.5242
 0.66956 -12.7837
 0.66968 -12.8869
 0.6698 -12.8339
 0.66992 -12.6281
 0.67004 -12.2842
 0.67016 -11.818
 0.67028 -11.2444
 0.6704 -10.5785
 0.67052 -9.83498
 0.67064 -9.02768
 0.67076 -8.16966
 0.67088 -7.27159
 0.671 -6.34025
 0.67112 -5.38196
 0.67124 -4.40313
 0.67136 -3.4107
 0.67148 -2.41114
 0.6716 -1.41001
 0.67172 -0.413119
 0.67184 0.569619
 0.67196 1.53294
 0.67208 2.47771
 0.6722 3.40552
 0.67232 4.31794
 0.67244 5.21634
 0.67256 6.09966
 0.67268 6.96384
 0.6728 7.8019
 0.67292 8.60588
 0.67304 9.36808
 0.67316 10.0819
 0.67328 10.7415
 0.6734 11.3444
 0.67352 11.8886
 0.67364 12.3712
 0.67376 12.7946
 0.67388 13.1638
 0.674 13.4809
 0.67412 13.7456
 0.67424 13.9564
 0.67436 14.1111
 0.67448 14.2099
 0.6746 14.2577
 0.67472 14.2646
 0.67484 14.2436
 0.67496 14.2074
 0.67508 14.164
 0.6752 14.1193
 0.67532 14.0772
 0.67544 14.0379
 0.67556 14.002
 0.67568 13.9695
 0.6758 13.936
 0.67592 13.9003
 0.67604 13.862
 0.67616 13.8238
 0.67628 13.7921
 0.6764 13.7731
 0.67652 13.7663
 0.67664 13.7677
 0.67676 13.7687
 0.67688 13.7594
 0.677 13.732
 0.67712 13.6866
 0.67724 13.6219
 0.67736 13.537
 0.67748 13.4335
 0.6776 13.3126
 0.67772 13.1772
 0.67784 13.0298
 0.67796 12.8707
 0.67808 12.6991
 0.6782 12.5112
 0.67832 12.2983
 0.67844 12.0566
 0.67856 11.7876
 0.67868 11.4955
 0.6788 11.1863
 0.67892 10.8663
 0.67904 10.5388
 0.67916 10.2039
 0.67928 9.86751
 0.6794 9.5339
 0.67952 9.20477
 0.67964 8.88173
 0.67976 8.5658
 0.67988 8.25954
 0.68 7.96598
 0.68012 7.68831
 0.68024 7.43114
 0.68036 7.20044
 0.68048 6.99746
 0.6806 6.82152
 0.68072 6.67051
 0.68084 6.54161
 0.68096 6.43207
 0.68108 6.34001
 0.6812 6.26124
 0.68132 6.18695
 0.68144 6.11362
 0.68156 6.03926
 0.68168 5.96185
 0.6818 5.87795
 0.68192 5.78397
 0.68204 5.67679
 0.68216 5.55425
 0.68228 5.4157
 0.6824 5.2606
 0.68252 5.08875
 0.68264 4.9002
 0.68276 4.69555
 0.68288 4.47548
 0.683 4.24076
 0.68312 3.99369
 0.68324 3.74033
 0.68336 3.48784
 0.68348 3.24072
 0.6836 3.00337
 0.68372 2.78007
 0.68384 2.57495
 0.68396 2.38886
 0.68408 2.22167
 0.6842 2.07063
 0.68432 1.93132
 0.68444 1.80183
 0.68456 1.68281
 0.68468 1.57495
 0.6848 1.47889
 0.68492 1.39574
 0.68504 1.32701
 0.68516 1.27195
 0.68528 1.22761
 0.6854 1.18938
 0.68552 1.15071
 0.68564 1.10515
 0.68576 1.04881
 0.68588 0.981922
 0.686 0.909509
 0.68612 0.837812
 0.68624 0.775933
 0.68636 0.732612
 0.68648 0.712232
 0.6866 0.717777
 0.68672 0.752012
 0.68684 0.81744
 0.68696 0.913999
 0.68708 1.04017
 0.6872 1.19516
 0.68732 1.37822
 0.68744 1.59247
 0.68756 1.84339
 0.68768 2.13548
 0.6878 2.46774
 0.68792 2.83295
 0.68804 3.22084
 0.68816 3.62006
 0.68828 4.01846
 0.6884 4.40503
 0.68852 4.76807
 0.68864 5.09548
 0.68876 5.37666
 0.68888 5.60207
 0.689 5.76645
 0.68912 5.86575
 0.68924 5.89731
 0.68936 5.85919
 0.68948 5.74661
 0.6896 5.55391
 0.68972 5.27749
 0.68984 4.92333
 0.68996 4.50381
 0.69008 4.0325
 0.6902 3.52348
 0.69032 2.99017
 0.69044 2.4476
 0.69056 1.91607
 0.69068 1.41393
 0.6908 0.95688
 0.69092 0.559202
 0.69104 0.232933
 0.69116 -0.010492
 0.69128 -0.16262
 0.6914 -0.216424
 0.69152 -0.164292
 0.69164 0.00174836
 0.69176 0.284389
 0.69188 0.673828
 0.692 1.15809
 0.69212 1.72425
 0.69224 2.35817
 0.69236 3.04585
 0.69248 3.76891
 0.6926 4.50622
 0.69272 5.24079
 0.69284 5.95732
 0.69296 6.64094
 0.69308 7.27708
 0.6932 7.85237
 0.69332 8.35784
 0.69344 8.78566
 0.69356 9.128
 0.69368 9.37732
 0.6938 9.53419
 0.69392 9.6028
 0.69404 9.58453
 0.69416 9.48207
 0.69428 9.29916
 0.6944 9.0419
 0.69452 8.72254
 0.69464 8.35339
 0.69476 7.94439
 0.69488 7.5051
 0.695 7.04516
 0.69512 6.57398
 0.69524 6.09779
 0.69536 5.61934
 0.69548 5.14117
 0.6956 4.66579
 0.69572 4.19424
 0.69584 3.72323
 0.69596 3.25606
 0.69608 2.79966
 0.6962 2.36268
 0.69632 1.95343
 0.69644 1.57517
 0.69656 1.22683
 0.69668 0.907757
 0.6968 0.617896
 0.69692 0.357367
 0.69704 0.126299
 0.69716 -0.0742156
 0.69728 -0.239162
 0.6974 -0.362361
 0.69752 -0.437625
 0.69764 -0.458648
 0.69776 -0.41681
 0.69788 -0.303962
 0.698 -0.117215
 0.69812 0.141587
 0.69824 0.467313
 0.69836 0.854959
 0.69848 1.3003
 0.6986 1.79791
 0.69872 2.34203
 0.69884 2.92518
 0.69896 3.53941
 0.69908 4.17666
 0.6992 4.82745
 0.69932 5.48039
 0.69944 6.12391
 0.69956 6.74648
 0.69968 7.33622
 0.6998 7.87963
 0.69992 8.3638
 0.70004 8.77761
 0.70016 9.11378
 0.70028 9.36634
 0.7004 9.53031
 0.70052 9.60503
 0.70064 9.59137
 0.70076 9.49185
 0.70088 9.31285
 0.701 9.06114
 0.70112 8.74393
 0.70124 8.36915
 0.70136 7.94417
 0.70148 7.47523
 0.7016 6.96846
 0.70172 6.4302
 0.70184 5.86718
 0.70196 5.28618
 0.70208 4.69332
 0.7022 4.09377
 0.70232 3.49251
 0.70244 2.89402
 0.70256 2.30086
 0.70268 1.71626
 0.7028 1.13913
 0.70292 0.564626
 0.70304 -0.0124388
 0.70316 -0.597913
 0.70328 -1.19783
 0.7034 -1.8138
 0.70352 -2.44454
 0.70364 -3.08874
 0.70376 -3.74508
 0.70388 -4.41226
 0.704 -5.08893
 0.70412 -5.7737
 0.70424 -6.46517
 0.70436 -7.16142
 0.70448 -7.85955
 0.7046 -8.55679
 0.70472 -9.25071
 0.70484 -9.933
 0.70496 -10.5912
 0.70508 -11.2124
 0.7052 -11.7828
 0.70532 -12.2881
 0.70544 -12.721
 0.70556 -13.0761
 0.70568 -13.3483
 0.7058 -13.532
 0.70592 -13.622
 0.70604 -13.613
 0.70616 -13.4996
 0.70628 -13.2765
 0.7064 -12.9405
 0.70652 -12.4912
 0.70664 -11.9279
 0.70676 -11.2515
 0.70688 -10.4725
 0.707 -9.60686
 0.70712 -8.67148
 0.70724 -7.68537
 0.70736 -6.66801
 0.70748 -5.63389
 0.7076 -4.59701
 0.70772 -3.57137
 0.70784 -2.57098
 0.70796 -1.60985
 0.70808 -0.70199
 0.7082 0.138604
 0.70832 0.897902
 0.70844 1.56329
 0.70856 2.12346
 0.70868 2.56991
 0.7088 2.90203
 0.70892 3.13099
 0.70904 3.27252
 0.70916 3.34467
 0.70928 3.36794
 0.7094 3.3601
 0.70952 3.33603
 0.70964 3.31069
 0.70976 3.29904
 0.70988 3.31604
 0.71 3.37666
 0.71012 3.49594
 0.71024 3.68977
 0.71036 3.97514
 0.71048 4.36999
 0.7106 4.88997
 0.71072 5.53686
 0.71084 6.30055
 0.71096 7.16434
 0.71108 8.10909
 0.7112 9.11266
 0.71132 10.1538
 0.71144 11.2165
 0.71156 12.2848
 0.71168 13.3424
 0.7118 14.3735
 0.71192 15.3626
 0.71204 16.2942
 0.71216 17.1514
 0.71228 17.9143
 0.7124 18.5613
 0.71252 19.0701
 0.71264 19.4271
 0.71276 19.6373
 0.71288 19.7114
 0.713 19.661
 0.71312 19.4987
 0.71324 19.2375
 0.71336 18.8869
 0.71348 18.4556
 0.7136 17.9541
 0.71372 17.3923
 0.71384 16.7779
 0.71396 16.1185
 0.71408 15.4211
 0.7142 14.695
 0.71432 13.9534
 0.71444 13.2099
 0.71456 12.4772
 0.71468 11.7592
 0.7148 11.0509
 0.71492 10.3473
 0.71504 9.64411
 0.71516 8.93749
 0.71528 8.22571
 0.7154 7.5087
 0.71552 6.78445
 0.71564 6.04991
 0.71576 5.30457
 0.71588 4.54986
 0.716 3.78802
 0.71612 3.02543
 0.71624 2.26696
 0.71636 1.5163
 0.71648 0.777625
 0.7166 0.0555446
 0.71672 -0.642721
 0.71684 -1.30847
 0.71696 -1.93308
 0.71708 -2.50889
 0.7172 -3.02888
 0.71732 -3.48773
 0.71744 -3.88021
 0.71756 -4.20039
 0.71768 -4.44189
 0.7178 -4.60006
 0.71792 -4.67077
 0.71804 -4.65288
 0.71816 -4.5514
 0.71828 -4.37092
 0.7184 -4.11672
 0.71852 -3.7955
 0.71864 -3.41288
 0.71876 -2.97427
 0.71888 -2.4875
 0.719 -1.96011
 0.71912 -1.39918
 0.71924 -0.811539
 0.71936 -0.20345
 0.71948 0.419653
 0.7196 1.05241
 0.71972 1.68742
 0.71984 2.31643
 0.71996 2.93141
 0.72008 3.52777
 0.7202 4.1029
 0.72032 4.65289
 0.72044 5.17583
 0.72056 5.67114
 0.72068 6.13636
 0.7208 6.57079
 0.72092 6.97645
 0.72104 7.35462
 0.72116 7.7059
 0.72128 8.0298
 0.7214 8.32407
 0.72152 8.5833
 0.72164 8.80231
 0.72176 8.9797
 0.72188 9.11498
 0.722 9.20745
 0.72212 9.25558
 0.72224 9.26028
 0.72236 9.22626
 0.72248 9.15838
 0.7226 9.06101
 0.72272 8.93863
 0.72284 8.79213
 0.72296 8.62134
 0.72308 8.42679
 0.7232 8.21245
 0.72332 7.98569
 0.72344 7.75783
 0.72356 7.54409
 0.72368 7.35869
 0.7238 7.21373
 0.72392 7.12112
 0.72404 7.09278
 0.72416 7.14004
 0.72428 7.26931
 0.7244 7.4738
 0.72452 7.74367
 0.72464 8.0697
 0.72476 8.44513
 0.72488 8.86609
 0.725 9.32878
 0.72512 9.82817
 0.72524 10.3526
 0.72536 10.8874
 0.72548 11.4149
 0.7256 11.9184
 0.72572 12.3828
 0.72584 12.7934
 0.72596 13.1352
 0.72608 13.3936
 0.7262 13.5541
 0.72632 13.6132
 0.72644 13.5843
 0.72656 13.4829
 0.72668 13.3233
 0.7268 13.1184
 0.72692 12.8806
 0.72704 12.6218
 0.72716 12.3564
 0.72728 12.1028
 0.7274 11.8794
 0.72752 11.7008
 0.72764 11.5718
 0.72776 11.4954
 0.72788 11.4747
 0.728 11.5139
 0.72812 11.6176
 0.72824 11.7897
 0.72836 12.0234
 0.72848 12.3038
 0.7286 12.6162
 0.72872 12.9452
 0.72884 13.2733
 0.72896 13.5822
 0.72908 13.8543
 0.7292 14.07
 0.72932 14.211
 0.72944 14.2627
 0.72956 14.2221
 0.72968 14.098
 0.7298 13.8995
 0.72992 13.6344
 0.73004 13.3054
 0.73016 12.914
 0.73028 12.4627
 0.7304 11.9568
 0.73052 11.403
 0.73064 10.8074
 0.73076 10.1783
 0.73088 9.527
 0.731 8.86485
 0.73112 8.20443
 0.73124 7.56026
 0.73136 6.94152
 0.73148 6.35332
 0.7316 5.79032
 0.73172 5.24297
 0.73184 4.70191
 0.73196 4.16402
 0.73208 3.63383
 0.7322 3.11643
 0.73232 2.61692
 0.73244 2.14038
 0.73256 1.6919
 0.73268 1.27768
 0.7328 0.905395
 0.73292 0.582001
 0.73304 0.31427
 0.73316 0.1033
 0.73328 -0.0505373
 0.7334 -0.143074
 0.73352 -0.168431
 0.73364 -0.118125
 0.73376 0.0167189
 0.73388 0.243713
 0.734 0.561643
 0.73412 0.964738
 0.73424 1.44716
 0.73436 2.00308
 0.73448 2.62665
 0.7346 3.31192
 0.73472 4.04908
 0.73484 4.82414
 0.73496 5.62143
 0.73508 6.42502
 0.7352 7.22505
 0.73532 8.01172
 0.73544 8.77451
 0.73556 9.50284
 0.73568 10.1862
 0.7358 10.8139
 0.73592 11.3766
 0.73604 11.8688
 0.73616 12.2859
 0.73628 12.6236
 0.7364 12.8773
 0.73652 13.0427
 0.73664 13.1165
 0.73676 13.1
 0.73688 12.9965
 0.737 12.8146
 0.73712 12.5644
 0.73724 12.2538
 0.73736 11.8901
 0.73748 11.4807
 0.7376 11.0324
 0.73772 10.5523
 0.73784 10.0473
 0.73796 9.52644
 0.73808 8.99936
 0.7382 8.47568
 0.73832 7.96494
 0.73844 7.47589
 0.73856 7.01587
 0.73868 6.58851
 0.7388 6.1947
 0.73892 5.83437
 0.73904 5.5024
 0.73916 5.19227
 0.73928 4.89791
 0.7394 4.61368
 0.73952 4.33522
 0.73964 4.05895
 0.73976 3.78126
 0.73988 3.49806
 0.74 3.20256
 0.74012 2.88715
 0.74024 2.54424
 0.74036 2.16701
 0.74048 1.75269
 0.7406 1.30228
 0.74072 0.821507
 0.74084 0.316804
 0.74096 -0.204971
 0.74108 -0.735463
 0.7412 -1.26605
 0.74132 -1.78823
 0.74144 -2.29453
 0.74156 -2.77952
 0.74168 -3.2383
 0.7418 -3.66601
 0.74192 -4.05747
 0.74204 -4.40659
 0.74216 -4.70716
 0.74228 -4.953
 0.7424 -5.14084
 0.74252 -5.27298
 0.74264 -5.35475
 0.74276 -5.39253
 0.74288 -5.39108
 0.743 -5.35451
 0.74312 -5.28639
 0.74324 -5.19015
 0.74336 -5.06946
 0.74348 -4.92714
 0.7436 -4.76493
 0.74372 -4.58443
 0.74384 -4.38685
 0.74396 -4.17373
 0.74408 -3.9473
 0.7442 -3.70994
 0.74432 -3.46379
 0.74444 -3.20774
 0.74456 -2.93882
 0.74468 -2.65458
 0.7448 -2.35513
 0.74492 -2.04312
 0.74504 -1.72366
 0.74516 -1.40334
 0.74528 -1.08813
 0.7454 -0.781792
 0.74552 -0.487399
 0.74564 -0.208158
 0.74576 0.0526063
 0.74588 0.290991
 0.746 0.50455
 0.74612 0.69291
 0.74624 0.855924
 0.74636 0.99323
 0.74648 1.10322
 0.7466 1.18653
 0.74672 1.24602
 0.74684 1.2865
 0.74696 1.31594
 0.74708 1.34938
 0.7472 1.40365
 0.74732 1.4924
 0.74744 1.62456
 0.74756 1.80729
 0.74768 2.04769
 0.7478 2.35311
 0.74792 2.73098
 0.74804 3.18587
 0.74816 3.71934
 0.74828 4.33271
 0.7484 5.02745
 0.74852 5.80532
 0.74864 6.66441
 0.74876 7.60172
 0.74888 8.61366
 0.749 9.68959
 0.74912 10.803
 0.74924 11.9273
 0.74936 13.0401
 0.74948 14.1238
 0.7496 15.1623
 0.74972 16.1394
 0.74984 17.042
 0.74996 17.8598
 0.75008 18.5856
 0.7502 19.2146
 0.75032 19.7418
 0.75044 20.1622
 0.75056 20.4708
 0.75068 20.665
 0.7508 20.742
 0.75092 20.6999
 0.75104 20.5516
 0.75116 20.3263
 0.75128 20.0517
 0.7514 19.7535
 0.75152 19.4545
 0.75164 19.1777
 0.75176 18.9426
 0.75188 18.7536
 0.752 18.6091
 0.75212 18.5043
 0.75224 18.4337
 0.75236 18.3918
 0.75248 18.3731
 0.7526 18.3721
 0.75272 18.3826
 0.75284 18.3994
 0.75296 18.4166
 0.75308 18.4151
 0.7532 18.3698
 0.75332 18.256
 0.75344 18.0495
 0.75356 17.7269
 0.75368 17.2644
 0.7538 16.6497
 0.75392 15.8921
 0.75404 15.0093
 0.75416 14.0225
 0.75428 12.9529
 0.7544 11.8216
 0.75452 10.6493
 0.75464 9.45701
 0.75476 8.26453
 0.75488 7.08612
 0.755 5.93469
 0.75512 4.82658
 0.75524 3.77878
 0.75536 2.80829
 0.75548 1.93208
 0.7556 1.16701
 0.75572 0.528925
 0.75584 0.0213315
 0.75596 -0.36506
 0.75608 -0.649492
 0.7562 -0.853094
 0.75632 -0.996659
 0.75644 -1.10001
 0.75656 -1.18278
 0.75668 -1.26429
 0.7568 -1.35746
 0.75692 -1.46572
 0.75704 -1.59139
 0.75716 -1.73679
 0.75728 -1.90424
 0.7574 -2.09607
 0.75752 -2.3145
 0.75764 -2.56097
 0.75776 -2.83584
 0.75788 -3.13551
 0.758 -3.45096
 0.75812 -3.76801
 0.75824 -4.07217
 0.75836 -4.34996
 0.75848 -4.58901
 0.7586 -4.77706
 0.75872 -4.90385
 0.75884 -4.96966
 0.75896 -4.97875
 0.75908 -4.93539
 0.7592 -4.84401
 0.75932 -4.70876
 0.75944 -4.53379
 0.75956 -4.32372
 0.75968 -4.08437
 0.7598 -3.8218
 0.75992 -3.54227
 0.76004 -3.25354
 0.76016 -2.96414
 0.76028 -2.68251
 0.7604 -2.41606
 0.76052 -2.17116
 0.76064 -1.95376
 0.76076 -1.76618
 0.76088 -1.60569
 0.761 -1.46979
 0.76112 -1.35498
 0.76124 -1.2581
 0.76136 -1.1766
 0.76148 -1.10793
 0.7616 -1.0489
 0.76172 -0.995454
 0.76184 -0.944101
 0.76196 -0.89191
 0.76208 -0.835961
 0.7622 -0.773334
 0.76232 -0.701193
 0.76244 -0.617795
 0.76256 -0.52313
 0.76268 -0.41787
 0.7628 -0.30505
 0.76292 -0.188303
 0.76304 -0.0715537
 0.76316 0.0393577
 0.76328 0.139758
 0.7634 0.225174
 0.76352 0.291076
 0.76364 0.332559
 0.76376 0.345109
 0.76388 0.327874
 0.764 0.281043
 0.76412 0.204803
 0.76424 0.0993454
 0.76436 -0.0350367
 0.76448 -0.196491
 0.7646 -0.383297
 0.76472 -0.592819
 0.76484 -0.820404
 0.76496 -1.06122
 0.76508 -1.30926
 0.7652 -1.55676
 0.76532 -1.79609
 0.76544 -2.01916
 0.76556 -2.21762
 0.76568 -2.38208
 0.7658 -2.50598
 0.76592 -2.58777
 0.76604 -2.62581
 0.76616 -2.61797
 0.76628 -2.56215
 0.7664 -2.45657
 0.76652 -2.29883
 0.76664 -2.08438
 0.76676 -1.81091
 0.76688 -1.47782
 0.767 -1.08461
 0.76712 -0.632315
 0.76724 -0.123547
 0.76736 0.438031
 0.76748 1.04829
 0.7676 1.70126
 0.76772 2.38805
 0.76784 3.10399
 0.76796 3.84682
 0.76808 4.61145
 0.7682 5.39181
 0.76832 6.18216
 0.76844 6.97683
 0.76856 7.76804
 0.76868 8.54728
 0.7688 9.30785
 0.76892 10.0435
 0.76904 10.7479
 0.76916 11.4163
 0.76928 12.0445
 0.7694 12.6291
 0.76952 13.1672
 0.76964 13.6592
 0.76976 14.1055
 0.76988 14.501
 0.77 14.8408
 0.77012 15.1241
 0.77024 15.3505
 0.77036 15.5172
 0.77048 15.6187
 0.7706 15.6497
 0.77072 15.605
 0.77084 15.4788
 0.77096 15.266
 0.77108 14.9608
 0.7712 14.5574
 0.77132 14.05
 0.77144 13.4329
 0.77156 12.7007
 0.77168 11.8485
 0.7718 10.8768
 0.77192 9.79229
 0.77204 8.60018
 0.77216 7.30354
 0.77228 5.90702
 0.7724 4.42803
 0.77252 2.89143
 0.77264 1.32217
 0.77276 -0.254819
 0.77288 -1.81477
 0.773 -3.333
 0.77312 -4.78481
 0.77324 -6.1455
 0.77336 -7.39124
 0.77348 -8.50085
 0.7736 -9.45432
 0.77372 -10.2352
 0.77384 -10.8321
 0.77396 -11.2362
 0.77408 -11.4382
 0.7742 -11.4284
 0.77432 -11.2058
 0.77444 -10.7916
 0.77456 -10.2112
 0.77468 -9.48983
 0.7748 -8.65272
 0.77492 -7.72512
 0.77504 -6.73248
 0.77516 -5.70033
 0.77528 -4.65409
 0.7754 -3.61632
 0.77552 -2.60525
 0.77564 -1.63818
 0.77576 -0.731268
 0.77588 0.100652
 0.776 0.843045
 0.77612 1.48138
 0.77624 2.00224
 0.77636 2.40665
 0.77648 2.70706
 0.7766 2.91592
 0.77672 3.04567
 0.77684 3.1088
 0.77696 3.11825
 0.77708 3.08778
 0.7772 3.0312
 0.77732 2.962
 0.77744 2.88855
 0.77756 2.8145
 0.77768 2.7452
 0.7778 2.68817
 0.77792 2.65114
 0.77804 2.64183
 0.77816 2.66795
 0.77828 2.73504
 0.7784 2.84148
 0.77852 2.98525
 0.77864 3.16448
 0.77876 3.37733
 0.77888 3.62192
 0.779 3.89562
 0.77912 4.19567
 0.77924 4.51937
 0.77936 4.86484
 0.77948 5.23662
 0.7796 5.64114
 0.77972 6.07678
 0.77984 6.53678
 0.77996 7.01422
 0.78008 7.50219
 0.7802 7.99383
 0.78032 8.48378
 0.78044 8.96798
 0.78056 9.44208
 0.78068 9.9017
 0.7808 10.3424
 0.78092 10.7588
 0.78104 11.1445
 0.78116 11.4913
 0.78128 11.7916
 0.7814 12.0363
 0.78152 12.2129
 0.78164 12.3135
 0.78176 12.3424
 0.78188 12.3081
 0.782 12.2188
 0.78212 12.0827
 0.78224 11.9078
 0.78236 11.6987
 0.78248 11.4581
 0.7826 11.1884
 0.78272 10.8925
 0.78284 10.5741
 0.78296 10.2422
 0.78308 9.91175
 0.7832 9.59779
 0.78332 9.31475
 0.78344 9.07757
 0.78356 8.89962
 0.78368 8.78812
 0.7838 8.74291
 0.78392 8.76304
 0.78404 8.84753
 0.78416 8.99541
 0.78428 9.20739
 0.7844 9.48977
 0.78452 9.84919
 0.78464 10.2906
 0.78476 10.8185
 0.78488 11.4312
 0.785 12.112
 0.78512 12.8367
 0.78524 13.5828
 0.78536 14.3282
 0.78548 15.0511
 0.7856 15.7311
 0.78572 16.3501
 0.78584 16.8912
 0.78596 17.3374
 0.78608 17.6718
 0.7862 17.8775
 0.78632 17.9351
 0.78644 17.8226
 0.78656 17.5234
 0.78668 17.026
 0.7868 16.3199
 0.78692 15.4086
 0.78704 14.3138
 0.78716 13.0616
 0.78728 11.677
 0.7874 10.1847
 0.78752 8.61035
 0.78764 6.98154
 0.78776 5.32602
 0.78788 3.67157
 0.788 2.04645
 0.78812 0.48028
 0.78824 -0.996952
 0.78836 -2.35419
 0.78848 -3.56148
 0.7886 -4.59886
 0.78872 -5.4498
 0.78884 -6.1004
 0.78896 -6.54769
 0.78908 -6.79865
 0.7892 -6.86128
 0.78932 -6.74344
 0.78944 -6.45313
 0.78956 -6.00121
 0.78968 -5.40106
 0.7898 -4.66617
 0.78992 -3.81015
 0.79004 -2.85032
 0.79016 -1.80831
 0.79028 -0.706099
 0.7904 0.433822
 0.79052 1.58942
 0.79064 2.74288
 0.79076 3.8771
 0.79088 4.97582
 0.791 6.02482
 0.79112 7.0122
 0.79124 7.92637
 0.79136 8.75626
 0.79148 9.49189
 0.7916 10.1255
 0.79172 10.6504
 0.79184 11.0596
 0.79196 11.3472
 0.79208 11.5154
 0.7922 11.5697
 0.79232 11.5161
 0.79244 11.3616
 0.79256 11.1173
 0.79268 10.7954
 0.7928 10.4078
 0.79292 9.96785
 0.79304 9.4896
 0.79316 8.98659
 0.79328 8.47198
 0.7934 7.95478
 0.79352 7.44141
 0.79364 6.93824
 0.79376 6.45155
 0.79388 5.98763
 0.794 5.55088
 0.79412 5.14018
 0.79424 4.75343
 0.79436 4.38845
 0.79448 4.04134
 0.7946 3.70463
 0.79472 3.37041
 0.79484 3.02989
 0.79496 2.67224
 0.79508 2.2864
 0.7952 1.86137
 0.79532 1.38798
 0.79544 0.867279
 0.79556 0.302562
 0.79568 -0.304162
 0.7958 -0.95123
 0.79592 -1.63695
 0.79604 -2.35869
 0.79616 -3.11329
 0.79628 -3.89849
 0.7964 -4.71212
 0.79652 -5.55123
 0.79664 -6.41228
 0.79676 -7.29141
 0.79688 -8.18059
 0.797 -9.06844
 0.79712 -9.9435
 0.79724 -10.7942
 0.79736 -11.612
 0.79748 -12.3985
 0.7976 -13.1546
 0.79772 -13.8775
 0.79784 -14.5648
 0.79796 -15.2162
 0.79808 -15.8314
 0.7982 -16.4069
 0.79832 -16.936
 0.79844 -17.4125
 0.79856 -17.8299
 0.79868 -18.1817
 0.7988 -18.4631
 0.79892 -18.6765
 0.79904 -18.827
 0.79916 -18.9194
 0.79928 -18.9589
 0.7994 -18.9496
 0.79952 -18.8917
 0.79964 -18.7897
 0.79976 -18.6514
 0.79988 -18.4796
