 0.2 0
 0.20012 0
 0.20024 0
 0.20036 0
 0.20048 0
 0.2006 0
 0.20072 0
 0.20084 0
 0.20096 0
 0.20108 0
 0.2012 0
 0.20132 0
 0.20144 0
 0.20156 0
 0.20168 0
 0.2018 0
 0.20192 0
 0.20204 0
 0.20216 0
 0.20228 0
 0.2024 0
 0.20252 0
 0.20264 0
 0.20276 0
 0.20288 0
 0.203 0
 0.20312 0
 0.20324 0
 0.20336 0
 0.20348 0
 0.2036 0
 0.20372 0
 0.20384 0
 0.20396 0
 0.20408 0
 0.2042 0
 0.20432 0
 0.20444 0
 0.20456 0
 0.20468 0
 0.2048 0
 0.20492 0
 0.20504 0
 0.20516 0
 0.20528 0
 0.2054 0
 0.20552 0
 0.20564 0
 0.20576 0
 0.20588 0
 0.206 0
 0.20612 0
 0.20624 0
 0.20636 0
 0.20648 0
 0.2066 0
 0.20672 0
 0.20684 0
 0.20696 0
 0.20708 0
 0.2072 0
 0.20732 0
 0.20744 0
 0.20756 0
 0.20768 0
 0.2078 0
 0.20792 0
 0.20804 0
 0.20816 0
 0.20828 0
 0.2084 0
 0.20852 0
 0.20864 0
 0.20876 0
 0.20888 0
 0.209 0
 0.20912 0
 0.20924 0
 0.20936 0
 0.20948 0
 0.2096 0
 0.20972 0
 0.20984 0
 0.20996 0
 0.21008 0
 0.2102 0
 0.21032 0
 0.21044 0
 0.21056 0
 0.21068 0
 0.2108 0
 0.21092 0
 0.21104 0
 0.21116 0
 0.21128 0
 0.2114 0
 0.21152 0
 0.21164 0
 0.21176 0
 0.21188 0
 0.212 0
 0.21212 0
 0.21224 0
 0.21236 0
 0.21248 0
 0.2126 0
 0.21272 0
 0.21284 0
 0.21296 0
 0.21308 0
 0.2132 0
 0.21332 0
 0.21344 0
 0.21356 0
 0.21368 0
 0.2138 0
 0.21392 0
 0.21404 0
 0.21416 0
 0.21428 0
 0.2144 0
 0.21452 0
 0.21464 0
 0.21476 0
 0.21488 0
 0.215 0
 0.21512 0
 0.21524 0
 0.21536 0
 0.21548 0
 0.2156 0
 0.21572 0
 0.21584 0
 0.21596 0
 0.21608 0
 0.2162 0
 0.21632 0
 0.21644 0
 0.21656 0
 0.21668 0
 0.2168 0
 0.21692 0
 0.21704 0
 0.21716 0
 0.21728 0
 0.2174 0
 0.21752 0
 0.21764 0
 0.21776 0
 0.21788 0
 0.218 0
 0.21812 0
 0.21824 0
 0.21836 0
 0.21848 0
 0.2186 0
 0.21872 0
 0.21884 0
 0.21896 0
 0.21908 0
 0.2192 0
 0.21932 0
 0.21944 0
 0.21956 0
 0.21968 0
 0.2198 0
 0.21992 0
 0.22004 0
 0.22016 0
 0.22028 0
 0.2204 0
 0.22052 0
 0.22064 0
 0.22076 0
 0.22088 0
 0.221 0
 0.22112 0
 0.22124 0
 0.22136 0
 0.22148 0
 0.2216 0
 0.22172 0
 0.22184 0
 0.22196 0
 0.22208 0
 0.2222 0
 0.22232 0
 0.22244 0
 0.22256 0
 0.22268 0
 0.2228 0
 0.22292 0
 0.22304 0
 0.22316 0
 0.22328 0
 0.2234 0
 0.22352 0
 0.22364 0
 0.22376 0
 0.22388 0
 0.224 0
 0.22412 0
 0.22424 0
 0.22436 0
 0.22448 0
 0.2246 0
 0.22472 0
 0.22484 0
 0.22496 0
 0.22508 0
 0.2252 0
 0.22532 0
 0.22544 0
 0.22556 0
 0.22568 0
 0.2258 0
 0.22592 0
 0.22604 0
 0.22616 0
 0.22628 0
 0.2264 0
 0.22652 0
 0.22664 0
 0.22676 0
 0.22688 0
 0.227 0
 0.22712 0
 0.22724 0
 0.22736 0
 0.22748 0
 0.2276 0
 0.22772 0
 0.22784 0
 0.22796 0
 0.22808 0
 0.2282 0
 0.22832 0
 0.22844 0
 0.22856 0
 0.22868 0
 0.2288 0
 0.22892 0
 0.22904 0
 0.22916 0
 0.22928 0
 0.2294 0
 0.22952 0
 0.22964 0
 0.22976 0
 0.22988 0
 0.23 0
 0.23012 0
 0.23024 0
 0.23036 0
 0.23048 0
 0.2306 0
 0.23072 0
 0.23084 0
 0.23096 0
 0.23108 0
 0.2312 0
 0.23132 0
 0.23144 0
 0.23156 0
 0.23168 0
 0.2318 0
 0.23192 0
 0.23204 0
 0.23216 0
 0.23228 0
 0.2324 0
 0.23252 0
 0.23264 0
 0.23276 0
 0.23288 0
 0.233 0
 0.23312 0
 0.23324 0
 0.23336 0
 0.23348 0
 0.2336 0
 0.23372 0
 0.23384 0
 0.23396 0
 0.23408 0
 0.2342 0
 0.23432 0
 0.23444 0
 0.23456 0
 0.23468 0
 0.2348 0
 0.23492 0
 0.23504 0
 0.23516 0
 0.23528 0
 0.2354 0
 0.23552 0
 0.23564 0
 0.23576 0
 0.23588 0
 0.236 0
 0.23612 0
 0.23624 0
 0.23636 0
 0.23648 0
 0.2366 0
 0.23672 0
 0.23684 0
 0.23696 0
 0.23708 0
 0.2372 0
 0.23732 0
 0.23744 0
 0.23756 0
 0.23768 0
 0.2378 0
 0.23792 0
 0.23804 0
 0.23816 0
 0.23828 0
 0.2384 0
 0.23852 0
 0.23864 0
 0.23876 0
 0.23888 0
 0.239 0
 0.23912 0
 0.23924 0
 0.23936 0
 0.23948 0
 0.2396 0
 0.23972 0
 0.23984 0
 0.23996 0
 0.24008 0
 0.2402 0
 0.24032 0
 0.24044 0
 0.24056 0
 0.24068 0
 0.2408 0
 0.24092 0
 0.24104 0
 0.24116 0
 0.24128 0
 0.2414 0
 0.24152 0
 0.24164 0
 0.24176 0
 0.24188 0
 0.242 0
 0.24212 0
 0.24224 0
 0.24236 0
 0.24248 0
 0.2426 0
 0.24272 0
 0.24284 0
 0.24296 0
 0.24308 0
 0.2432 0
 0.24332 0
 0.24344 0
 0.24356 0
 0.24368 0
 0.2438 0
 0.24392 0
 0.24404 0
 0.24416 0
 0.24428 0
 0.2444 0
 0.24452 0
 0.24464 0
 0.24476 0
 0.24488 0
 0.245 0
 0.24512 0
 0.24524 0
 0.24536 0
 0.24548 0
 0.2456 0
 0.24572 0
 0.24584 0
 0.24596 0
 0.24608 0
 0.2462 0
 0.24632 0
 0.24644 0
 0.24656 0
 0.24668 0
 0.2468 0
 0.24692 0
 0.24704 0
 0.24716 0
 0.24728 0
 0.2474 0
 0.24752 0
 0.24764 0
 0.24776 0
 0.24788 0
 0.248 0
 0.24812 0
 0.24824 0
 0.24836 0
 0.24848 0
 0.2486 0
 0.24872 0
 0.24884 0
 0.24896 0
 0.24908 0
 0.2492 0
 0.24932 0
 0.24944 0
 0.24956 0
 0.24968 0
 0.2498 0
 0.24992 0
 0.25004 0
 0.25016 0
 0.25028 0
 0.2504 0
 0.25052 0
 0.25064 0
 0.25076 0
 0.25088 0
 0.251 0
 0.25112 0
 0.25124 0
 0.25136 0
 0.25148 0
 0.2516 0
 0.25172 0
 0.25184 0
 0.25196 0
 0.25208 0
 0.2522 0
 0.25232 0
 0.25244 0
 0.25256 0
 0.25268 0
 0.2528 0
 0.25292 0
 0.25304 0
 0.25316 0
 0.25328 0
 0.2534 0
 0.25352 0
 0.25364 0
 0.25376 0
 0.25388 0
 0.254 0
 0.25412 0
 0.25424 0
 0.25436 0
 0.25448 0
 0.2546 0
 0.25472 0
 0.25484 0
 0.25496 0
 0.25508 0
 0.2552 0
 0.25532 0
 0.25544 0
 0.25556 0
 0.25568 0
 0.2558 0
 0.25592 0
 0.25604 0
 0.25616 0
 0.25628 0
 0.2564 0
 0.25652 0
 0.25664 0
 0.25676 0
 0.25688 0
 0.257 0
 0.25712 0
 0.25724 0
 0.25736 0
 0.25748 0
 0.2576 0
 0.25772 0
 0.25784 0
 0.25796 0
 0.25808 0
 0.2582 0
 0.25832 0
 0.25844 0
 0.25856 0
 0.25868 0
 0.2588 0
 0.25892 0
 0.25904 0
 0.25916 0
 0.25928 0
 0.2594 0
 0.25952 0
 0.25964 0
 0.25976 0
 0.25988 0
 0.26 0
 0.26012 0
 0.26024 0
 0.26036 0
 0.26048 0
 0.2606 0
 0.26072 0
 0.26084 0
 0.26096 0
 0.26108 0
 0.2612 0
 0.26132 0
 0.26144 0
 0.26156 0
 0.26168 0
 0.2618 0
 0.26192 0
 0.26204 0
 0.26216 0
 0.26228 0
 0.2624 0
 0.26252 0
 0.26264 0
 0.26276 0
 0.26288 0
 0.263 0
 0.26312 0
 0.26324 0
 0.26336 0
 0.26348 0
 0.2636 0
 0.26372 0
 0.26384 0
 0.26396 0
 0.26408 0
 0.2642 0
 0.26432 0
 0.26444 0
 0.26456 0
 0.26468 0
 0.2648 0
 0.26492 0
 0.26504 0
 0.26516 0
 0.26528 0
 0.2654 0
 0.26552 0
 0.26564 0
 0.26576 0
 0.26588 0
 0.266 0
 0.26612 0
 0.26624 0
 0.26636 0
 0.26648 0
 0.2666 0
 0.26672 0
 0.26684 0
 0.26696 0
 0.26708 0
 0.2672 0
 0.26732 0
 0.26744 0
 0.26756 0
 0.26768 0
 0.2678 0
 0.26792 0
 0.26804 0
 0.26816 0
 0.26828 0
 0.2684 0
 0.26852 0
 0.26864 0
 0.26876 0
 0.26888 0
 0.269 0
 0.26912 0
 0.26924 0
 0.26936 0
 0.26948 0
 0.2696 0
 0.26972 0
 0.26984 0
 0.26996 0
 0.27008 0
 0.2702 0
 0.27032 0
 0.27044 0
 0.27056 0
 0.27068 0
 0.2708 0
 0.27092 0
 0.27104 0
 0.27116 0
 0.27128 0
 0.2714 0
 0.27152 0
 0.27164 0
 0.27176 0
 0.27188 0
 0.272 0
 0.27212 0
 0.27224 0
 0.27236 0
 0.27248 0
 0.2726 0
 0.27272 0
 0.27284 0
 0.27296 0
 0.27308 0
 0.2732 0
 0.27332 0
 0.27344 0
 0.27356 0
 0.27368 0
 0.2738 0
 0.27392 0
 0.27404 0
 0.27416 0
 0.27428 0
 0.2744 0
 0.27452 0
 0.27464 0
 0.27476 0
 0.27488 0
 0.275 0
 0.27512 0
 0.27524 0
 0.27536 0
 0.27548 0
 0.2756 0
 0.27572 0
 0.27584 0
 0.27596 0
 0.27608 0
 0.2762 0
 0.27632 0
 0.27644 0
 0.27656 0
 0.27668 0
 0.2768 0
 0.27692 0
 0.27704 0
 0.27716 0
 0.27728 0
 0.2774 0
 0.27752 0
 0.27764 0
 0.27776 0
 0.27788 0
 0.278 0
 0.27812 0
 0.27824 0
 0.27836 0
 0.27848 0
 0.2786 0
 0.27872 0
 0.27884 0
 0.27896 0
 0.27908 0
 0.2792 0
 0.27932 0
 0.27944 0
 0.27956 0
 0.27968 0
 0.2798 0
 0.27992 0
 0.28004 0
 0.28016 0
 0.28028 0
 0.2804 0
 0.28052 0
 0.28064 0
 0.28076 0
 0.28088 0
 0.281 0
 0.28112 0
 0.28124 0
 0.28136 0
 0.28148 0
 0.2816 0
 0.28172 0
 0.28184 0
 0.28196 0
 0.28208 0
 0.2822 0
 0.28232 0
 0.28244 0
 0.28256 0
 0.28268 0
 0.2828 0
 0.28292 0
 0.28304 0
 0.28316 0
 0.28328 0
 0.2834 0
 0.28352 0
 0.28364 0
 0.28376 0
 0.28388 0
 0.284 0
 0.28412 0
 0.28424 0
 0.28436 0
 0.28448 0
 0.2846 0
 0.28472 0
 0.28484 0
 0.28496 0
 0.28508 0
 0.2852 0
 0.28532 0
 0.28544 0
 0.28556 0
 0.28568 0
 0.2858 0
 0.28592 0
 0.28604 0
 0.28616 0
 0.28628 0
 0.2864 0
 0.28652 0
 0.28664 0
 0.28676 0
 0.28688 0
 0.287 0
 0.28712 0
 0.28724 0
 0.28736 0
 0.28748 0
 0.2876 0
 0.28772 0
 0.28784 0
 0.28796 0
 0.28808 0
 0.2882 0
 0.28832 0
 0.28844 0
 0.28856 0
 0.28868 0
 0.2888 0
 0.28892 0
 0.28904 0
 0.28916 0
 0.28928 0
 0.2894 0
 0.28952 0
 0.28964 0
 0.28976 0
 0.28988 0
 0.29 0
 0.29012 0
 0.29024 0
 0.29036 0
 0.29048 0
 0.2906 0
 0.29072 0
 0.29084 0
 0.29096 0
 0.29108 0
 0.2912 0
 0.29132 0
 0.29144 0
 0.29156 0
 0.29168 0
 0.2918 0
 0.29192 0
 0.29204 0
 0.29216 0
 0.29228 0
 0.2924 0
 0.29252 0
 0.29264 0
 0.29276 0
 0.29288 0
 0.293 0
 0.29312 0
 0.29324 0
 0.29336 0
 0.29348 0
 0.2936 0
 0.29372 0
 0.29384 0
 0.29396 0
 0.29408 0
 0.2942 0
 0.29432 0
 0.29444 0
 0.29456 0
 0.29468 0
 0.2948 0
 0.29492 0
 0.29504 0
 0.29516 0
 0.29528 0
 0.2954 0
 0.29552 0
 0.29564 0
 0.29576 0
 0.29588 0
 0.296 0
 0.29612 0
 0.29624 0
 0.29636 0
 0.29648 0
 0.2966 0
 0.29672 0
 0.29684 0
 0.29696 0
 0.29708 0
 0.2972 0
 0.29732 0
 0.29744 0
 0.29756 0
 0.29768 0
 0.2978 0
 0.29792 0
 0.29804 0
 0.29816 0
 0.29828 0
 0.2984 0
 0.29852 0
 0.29864 0
 0.29876 0
 0.29888 0
 0.299 0
 0.29912 0
 0.29924 0
 0.29936 0
 0.29948 0
 0.2996 0
 0.29972 0
 0.29984 0
 0.29996 0
 0.30008 0
 0.3002 0
 0.30032 0
 0.30044 0
 0.30056 0
 0.30068 0
 0.3008 0
 0.30092 0
 0.30104 0
 0.30116 0
 0.30128 0
 0.3014 0
 0.30152 0
 0.30164 0
 0.30176 0
 0.30188 0
 0.302 0
 0.30212 0
 0.30224 0
 0.30236 0
 0.30248 0
 0.3026 0
 0.30272 0
 0.30284 0
 0.30296 0
 0.30308 0
 0.3032 0
 0.30332 0
 0.30344 0
 0.30356 0
 0.30368 0
 0.3038 0
 0.30392 0
 0.30404 0
 0.30416 0
 0.30428 0
 0.3044 0
 0.30452 0
 0.30464 0
 0.30476 0
 0.30488 0
 0.305 0
 0.30512 0
 0.30524 0
 0.30536 0
 0.30548 0
 0.3056 0
 0.30572 0
 0.30584 0
 0.30596 0
 0.30608 0
 0.3062 0
 0.30632 0
 0.30644 0
 0.30656 0
 0.30668 0
 0.3068 0
 0.30692 0
 0.30704 0
 0.30716 0
 0.30728 0
 0.3074 0
 0.30752 0
 0.30764 0
 0.30776 0
 0.30788 0
 0.308 0
 0.30812 0
 0.30824 0
 0.30836 0
 0.30848 0
 0.3086 0
 0.30872 0
 0.30884 0
 0.30896 0
 0.30908 0
 0.3092 0
 0.30932 0
 0.30944 0
 0.30956 0
 0.30968 0
 0.3098 0
 0.30992 0
 0.31004 0
 0.31016 0
 0.31028 0
 0.3104 0
 0.31052 0
 0.31064 0
 0.31076 0
 0.31088 0
 0.311 0
 0.31112 0
 0.31124 0
 0.31136 0
 0.31148 0
 0.3116 0
 0.31172 0
 0.31184 0
 0.31196 0
 0.31208 0
 0.3122 0
 0.31232 0
 0.31244 0
 0.31256 0
 0.31268 0
 0.3128 0
 0.31292 0
 0.31304 0
 0.31316 0
 0.31328 0
 0.3134 0
 0.31352 0
 0.31364 0
 0.31376 0
 0.31388 0
 0.314 0
 0.31412 0
 0.31424 0
 0.31436 0
 0.31448 0
 0.3146 0
 0.31472 0
 0.31484 0
 0.31496 0
 0.31508 0
 0.3152 0
 0.31532 0
 0.31544 0
 0.31556 0
 0.31568 0
 0.3158 0
 0.31592 0
 0.31604 0
 0.31616 0
 0.31628 0
 0.3164 0
 0.31652 0
 0.31664 0
 0.31676 0
 0.31688 0
 0.317 0
 0.31712 0
 0.31724 0
 0.31736 0
 0.31748 0
 0.3176 0
 0.31772 0
 0.31784 0
 0.31796 0
 0.31808 0
 0.3182 0
 0.31832 0
 0.31844 0
 0.31856 0
 0.31868 0
 0.3188 0
 0.31892 0
 0.31904 0
 0.31916 0
 0.31928 0
 0.3194 0
 0.31952 0
 0.31964 0
 0.31976 0
 0.31988 0
 0.32 0
 0.32012 0
 0.32024 0
 0.32036 0
 0.32048 0
 0.3206 0
 0.32072 0
 0.32084 0
 0.32096 0
 0.32108 0
 0.3212 0
 0.32132 0
 0.32144 0
 0.32156 0
 0.32168 0
 0.3218 0
 0.32192 0
 0.32204 0
 0.32216 0
 0.32228 0
 0.3224 0
 0.32252 0
 0.32264 0
 0.32276 0
 0.32288 0
 0.323 0
 0.32312 0
 0.32324 0
 0.32336 0
 0.32348 0
 0.3236 0
 0.32372 0
 0.32384 0
 0.32396 0
 0.32408 0
 0.3242 0
 0.32432 0
 0.32444 0
 0.32456 0
 0.32468 0
 0.3248 0
 0.32492 0
 0.32504 0
 0.32516 0
 0.32528 0
 0.3254 0
 0.32552 0
 0.32564 0
 0.32576 0
 0.32588 0
 0.326 0
 0.32612 0
 0.32624 0
 0.32636 0
 0.32648 0
 0.3266 0
 0.32672 0
 0.32684 0
 0.32696 0
 0.32708 0
 0.3272 0
 0.32732 0
 0.32744 0
 0.32756 0
 0.32768 0
 0.3278 0
 0.32792 0
 0.32804 0
 0.32816 0
 0.32828 0
 0.3284 0
 0.32852 0
 0.32864 0
 0.32876 0
 0.32888 0
 0.329 0
 0.32912 0
 0.32924 0
 0.32936 0
 0.32948 0
 0.3296 0
 0.32972 0
 0.32984 0
 0.32996 0
 0.33008 0
 0.3302 0
 0.33032 0
 0.33044 0
 0.33056 0
 0.33068 0
 0.3308 0
 0.33092 0
 0.33104 0
 0.33116 0
 0.33128 0
 0.3314 0
 0.33152 0
 0.33164 0
 0.33176 0
 0.33188 0
 0.332 0
 0.33212 0
 0.33224 0
 0.33236 0
 0.33248 0
 0.3326 0
 0.33272 0
 0.33284 0
 0.33296 0
 0.33308 0
 0.3332 0
 0.33332 0
 0.33344 0
 0.33356 0
 0.33368 0
 0.3338 0
 0.33392 0
 0.33404 0
 0.33416 0
 0.33428 0
 0.3344 0
 0.33452 0
 0.33464 0
 0.33476 0
 0.33488 0
 0.335 0
 0.33512 0
 0.33524 0
 0.33536 0
 0.33548 0
 0.3356 0
 0.33572 0
 0.33584 0
 0.33596 0
 0.33608 0
 0.3362 0
 0.33632 0
 0.33644 0
 0.33656 0
 0.33668 0
 0.3368 0
 0.33692 0
 0.33704 0
 0.33716 0
 0.33728 0
 0.3374 0
 0.33752 0
 0.33764 0
 0.33776 0
 0.33788 0
 0.338 0
 0.33812 0
 0.33824 0
 0.33836 0
 0.33848 0
 0.3386 0
 0.33872 0
 0.33884 0
 0.33896 0
 0.33908 0
 0.3392 0
 0.33932 0
 0.33944 0
 0.33956 0
 0.33968 0
 0.3398 0
 0.33992 0
 0.34004 0
 0.34016 0
 0.34028 0
 0.3404 0
 0.34052 0
 0.34064 0
 0.34076 0
 0.34088 0
 0.341 0
 0.34112 0
 0.34124 0
 0.34136 0
 0.34148 0
 0.3416 0
 0.34172 0
 0.34184 0
 0.34196 0
 0.34208 0
 0.3422 0
 0.34232 0
 0.34244 0
 0.34256 0
 0.34268 0
 0.3428 0
 0.34292 0
 0.34304 0
 0.34316 0
 0.34328 0
 0.3434 0
 0.34352 0
 0.34364 0
 0.34376 0
 0.34388 0
 0.344 0
 0.34412 0
 0.34424 0
 0.34436 0
 0.34448 0
 0.3446 0
 0.34472 0
 0.34484 0
 0.34496 0
 0.34508 0
 0.3452 0
 0.34532 0
 0.34544 0
 0.34556 0
 0.34568 0
 0.3458 0
 0.34592 0
 0.34604 0
 0.34616 0
 0.34628 0
 0.3464 0
 0.34652 0
 0.34664 0
 0.34676 0
 0.34688 0
 0.347 0
 0.34712 0
 0.34724 0
 0.34736 0
 0.34748 0
 0.3476 0
 0.34772 0
 0.34784 0
 0.34796 0
 0.34808 0
 0.3482 0
 0.34832 0
 0.34844 0
 0.34856 0
 0.34868 0
 0.3488 0
 0.34892 0
 0.34904 0
 0.34916 0
 0.34928 0
 0.3494 0
 0.34952 0
 0.34964 0
 0.34976 0
 0.34988 0
 0.35 0
 0.35012 0
 0.35024 0
 0.35036 0
 0.35048 0
 0.3506 0
 0.35072 0
 0.35084 0
 0.35096 0
 0.35108 0
 0.3512 0
 0.35132 0
 0.35144 0
 0.35156 0
 0.35168 0
 0.3518 0
 0.35192 0
 0.35204 0
 0.35216 0
 0.35228 0
 0.3524 0
 0.35252 0
 0.35264 0
 0.35276 0
 0.35288 0
 0.353 0
 0.35312 0
 0.35324 0
 0.35336 0
 0.35348 0
 0.3536 0
 0.35372 0
 0.35384 0
 0.35396 0
 0.35408 0
 0.3542 0
 0.35432 0
 0.35444 0
 0.35456 0
 0.35468 0
 0.3548 0
 0.35492 0
 0.35504 0
 0.35516 0
 0.35528 0
 0.3554 0
 0.35552 0
 0.35564 0
 0.35576 0
 0.35588 0
 0.356 0
 0.35612 0
 0.35624 0
 0.35636 0
 0.35648 0
 0.3566 0
 0.35672 0
 0.35684 0
 0.35696 0
 0.35708 0
 0.3572 0
 0.35732 0
 0.35744 0
 0.35756 0
 0.35768 0
 0.3578 0
 0.35792 0
 0.35804 0
 0.35816 0
 0.35828 0
 0.3584 0
 0.35852 0
 0.35864 0
 0.35876 0
 0.35888 0
 0.359 0
 0.35912 0
 0.35924 0
 0.35936 0
 0.35948 0
 0.3596 0
 0.35972 0
 0.35984 0
 0.35996 0
 0.36008 0
 0.3602 0
 0.36032 0
 0.36044 0
 0.36056 0
 0.36068 0
 0.3608 0
 0.36092 0
 0.36104 0
 0.36116 0
 0.36128 0
 0.3614 0
 0.36152 0
 0.36164 0
 0.36176 0
 0.36188 0
 0.362 0
 0.36212 0
 0.36224 0
 0.36236 0
 0.36248 0
 0.3626 0
 0.36272 0
 0.36284 0
 0.36296 0
 0.36308 0
 0.3632 0
 0.36332 0
 0.36344 0
 0.36356 0
 0.36368 0
 0.3638 0
 0.36392 0
 0.36404 0
 0.36416 0
 0.36428 0
 0.3644 0
 0.36452 0
 0.36464 0
 0.36476 0
 0.36488 0
 0.365 0
 0.36512 0
 0.36524 0
 0.36536 0
 0.36548 0
 0.3656 0
 0.36572 0
 0.36584 0
 0.36596 0
 0.36608 0
 0.3662 0
 0.36632 0
 0.36644 0
 0.36656 0
 0.36668 0
 0.3668 0
 0.36692 0
 0.36704 0
 0.36716 0
 0.36728 0
 0.3674 0
 0.36752 0
 0.36764 0
 0.36776 0
 0.36788 0
 0.368 0
 0.36812 0
 0.36824 0
 0.36836 0
 0.36848 0
 0.3686 0
 0.36872 0
 0.36884 0
 0.36896 0
 0.36908 0
 0.3692 0
 0.36932 0
 0.36944 0
 0.36956 0
 0.36968 0
 0.3698 0
 0.36992 0
 0.37004 0
 0.37016 0
 0.37028 0
 0.3704 0
 0.37052 0
 0.37064 0
 0.37076 0
 0.37088 0
 0.371 0
 0.37112 0
 0.37124 0
 0.37136 0
 0.37148 0
 0.3716 0
 0.37172 0
 0.37184 0
 0.37196 0
 0.37208 0
 0.3722 0
 0.37232 0
 0.37244 0
 0.37256 0
 0.37268 0
 0.3728 0
 0.37292 0
 0.37304 0
 0.37316 0
 0.37328 0
 0.3734 0
 0.37352 0
 0.37364 0
 0.37376 0
 0.37388 0
 0.374 0
 0.37412 0
 0.37424 0
 0.37436 0
 0.37448 0
 0.3746 0
 0.37472 0
 0.37484 0
 0.37496 0
 0.37508 0
 0.3752 0
 0.37532 0
 0.37544 0
 0.37556 0
 0.37568 0
 0.3758 0
 0.37592 0
 0.37604 0
 0.37616 0
 0.37628 0
 0.3764 0
 0.37652 0
 0.37664 0
 0.37676 0
 0.37688 0
 0.377 0
 0.37712 0
 0.37724 0
 0.37736 0
 0.37748 0
 0.3776 0
 0.37772 0
 0.37784 0
 0.37796 0
 0.37808 0
 0.3782 0
 0.37832 0
 0.37844 0
 0.37856 0
 0.37868 0
 0.3788 0
 0.37892 0
 0.37904 0
 0.37916 0
 0.37928 0
 0.3794 0
 0.37952 0
 0.37964 0
 0.37976 0
 0.37988 0
 0.38 0
 0.38012 0
 0.38024 0
 0.38036 0
 0.38048 0
 0.3806 0
 0.38072 0
 0.38084 0
 0.38096 0
 0.38108 0
 0.3812 0
 0.38132 0
 0.38144 0
 0.38156 0
 0.38168 0
 0.3818 0
 0.38192 0
 0.38204 0
 0.38216 0
 0.38228 0
 0.3824 0
 0.38252 0
 0.38264 0
 0.38276 0
 0.38288 0
 0.383 0
 0.38312 0
 0.38324 0
 0.38336 0
 0.38348 0
 0.3836 0
 0.38372 0
 0.38384 0
 0.38396 0
 0.38408 0
 0.3842 0
 0.38432 0
 0.38444 0
 0.38456 0
 0.38468 0
 0.3848 0
 0.38492 0
 0.38504 0
 0.38516 0
 0.38528 0
 0.3854 0
 0.38552 0
 0.38564 0
 0.38576 0
 0.38588 0
 0.386 0
 0.38612 0
 0.38624 0
 0.38636 0
 0.38648 0
 0.3866 0
 0.38672 0
 0.38684 0
 0.38696 0
 0.38708 0
 0.3872 0
 0.38732 0
 0.38744 0
 0.38756 0
 0.38768 0
 0.3878 0
 0.38792 0
 0.38804 0
 0.38816 0
 0.38828 0
 0.3884 0
 0.38852 0
 0.38864 0
 0.38876 0
 0.38888 0
 0.389 0
 0.38912 0
 0.38924 0
 0.38936 0
 0.38948 0
 0.3896 0
 0.38972 0
 0.38984 0
 0.38996 0
 0.39008 0
 0.3902 0
 0.39032 0
 0.39044 0
 0.39056 0
 0.39068 0
 0.3908 0
 0.39092 0
 0.39104 0
 0.39116 0
 0.39128 0
 0.3914 0
 0.39152 0
 0.39164 0
 0.39176 0
 0.39188 0
 0.392 0
 0.39212 0
 0.39224 0
 0.39236 0
 0.39248 0
 0.3926 0
 0.39272 0
 0.39284 0
 0.39296 0
 0.39308 0
 0.3932 0
 0.39332 0
 0.39344 0
 0.39356 0
 0.39368 0
 0.3938 0
 0.39392 0
 0.39404 0
 0.39416 0
 0.39428 0
 0.3944 0
 0.39452 0
 0.39464 0
 0.39476 0
 0.39488 0
 0.395 0
 0.39512 0
 0.39524 0
 0.39536 0
 0.39548 0
 0.3956 0
 0.39572 0
 0.39584 0
 0.39596 0
 0.39608 0
 0.3962 0
 0.39632 0
 0.39644 0
 0.39656 0
 0.39668 0
 0.3968 0
 0.39692 0
 0.39704 0
 0.39716 0
 0.39728 0
 0.3974 0
 0.39752 0
 0.39764 0
 0.39776 0
 0.39788 0
 0.398 0
 0.39812 0
 0.39824 0
 0.39836 0
 0.39848 0
 0.3986 0
 0.39872 0
 0.39884 0
 0.39896 0
 0.39908 0
 0.3992 0
 0.39932 0
 0.39944 0
 0.39956 0
 0.39968 0
 0.3998 0
 0.39992 0
 0.40004 0
 0.40016 0
 0.40028 0
 0.4004 0
 0.40052 0
 0.40064 0
 0.40076 0
 0.40088 0
 0.401 0
 0.40112 0
 0.40124 0
 0.40136 0
 0.40148 0
 0.4016 0
 0.40172 0
 0.40184 0
 0.40196 0
 0.40208 0
 0.4022 0
 0.40232 0
 0.40244 0
 0.40256 0
 0.40268 0
 0.4028 0
 0.40292 0
 0.40304 0
 0.40316 0
 0.40328 0
 0.4034 0
 0.40352 0
 0.40364 0
 0.40376 0
 0.40388 0
 0.404 0
 0.40412 0
 0.40424 0
 0.40436 0
 0.40448 0
 0.4046 0
 0.40472 0
 0.40484 0
 0.40496 0
 0.40508 0
 0.4052 0
 0.40532 0
 0.40544 0
 0.40556 0
 0.40568 0
 0.4058 0
 0.40592 0
 0.40604 0
 0.40616 0
 0.40628 0
 0.4064 0
 0.40652 0
 0.40664 0
 0.40676 0
 0.40688 0
 0.407 0
 0.40712 0
 0.40724 0
 0.40736 0
 0.40748 0
 0.4076 0
 0.40772 0
 0.40784 0
 0.40796 0
 0.40808 0
 0.4082 0
 0.40832 0
 0.40844 0
 0.40856 0
 0.40868 0
 0.4088 0
 0.40892 0
 0.40904 0
 0.40916 0
 0.40928 0
 0.4094 0
 0.40952 0
 0.40964 0
 0.40976 0
 0.40988 0
 0.41 0
 0.41012 0
 0.41024 0
 0.41036 0
 0.41048 0
 0.4106 0
 0.41072 0
 0.41084 0
 0.41096 0
 0.41108 0
 0.4112 0
 0.41132 0
 0.41144 0
 0.41156 0
 0.41168 0
 0.4118 0
 0.41192 0
 0.41204 0
 0.41216 0
 0.41228 0
 0.4124 0
 0.41252 0
 0.41264 0
 0.41276 0
 0.41288 0
 0.413 0
 0.41312 0
 0.41324 0
 0.41336 0
 0.41348 0
 0.4136 0
 0.41372 0
 0.41384 0
 0.41396 0
 0.41408 0
 0.4142 0
 0.41432 0
 0.41444 0
 0.41456 0
 0.41468 0
 0.4148 0
 0.41492 0
 0.41504 0
 0.41516 0
 0.41528 0
 0.4154 0
 0.41552 0
 0.41564 0
 0.41576 0
 0.41588 0
 0.416 0
 0.41612 0
 0.41624 0
 0.41636 0
 0.41648 0
 0.4166 0
 0.41672 0
 0.41684 0
 0.41696 0
 0.41708 0
 0.4172 0
 0.41732 0
 0.41744 0
 0.41756 0
 0.41768 0
 0.4178 0
 0.41792 0
 0.41804 0
 0.41816 0
 0.41828 0
 0.4184 0
 0.41852 0
 0.41864 0
 0.41876 0
 0.41888 0
 0.419 0
 0.41912 0
 0.41924 0
 0.41936 0
 0.41948 0
 0.4196 0
 0.41972 0
 0.41984 0
 0.41996 0
 0.42008 0
 0.4202 0
 0.42032 0
 0.42044 0
 0.42056 0
 0.42068 0
 0.4208 0
 0.42092 0
 0.42104 0
 0.42116 0
 0.42128 0
 0.4214 0
 0.42152 0
 0.42164 0
 0.42176 0
 0.42188 0
 0.422 0
 0.42212 0
 0.42224 0
 0.42236 0
 0.42248 0
 0.4226 0
 0.42272 0
 0.42284 0
 0.42296 0
 0.42308 0
 0.4232 0
 0.42332 0
 0.42344 0
 0.42356 0
 0.42368 0
 0.4238 0
 0.42392 0
 0.42404 0
 0.42416 0
 0.42428 0
 0.4244 0
 0.42452 0
 0.42464 0
 0.42476 0
 0.42488 0
 0.425 0
 0.42512 0
 0.42524 0
 0.42536 0
 0.42548 0
 0.4256 0
 0.42572 0
 0.42584 0
 0.42596 0
 0.42608 0
 0.4262 0
 0.42632 0
 0.42644 0
 0.42656 0
 0.42668 0
 0.4268 0
 0.42692 0
 0.42704 0
 0.42716 0
 0.42728 0
 0.4274 0
 0.42752 0
 0.42764 0
 0.42776 0
 0.42788 0
 0.428 0
 0.42812 0
 0.42824 0
 0.42836 0
 0.42848 0
 0.4286 0
 0.42872 0
 0.42884 0
 0.42896 0
 0.42908 0
 0.4292 0
 0.42932 0
 0.42944 0
 0.42956 0
 0.42968 0
 0.4298 0
 0.42992 0
 0.43004 0
 0.43016 0
 0.43028 0
 0.4304 0
 0.43052 0
 0.43064 0
 0.43076 0
 0.43088 0
 0.431 0
 0.43112 0
 0.43124 0
 0.43136 0
 0.43148 0
 0.4316 0
 0.43172 0
 0.43184 0
 0.43196 0
 0.43208 0
 0.4322 0
 0.43232 0
 0.43244 0
 0.43256 0
 0.43268 0
 0.4328 0
 0.43292 0
 0.43304 0
 0.43316 0
 0.43328 0
 0.4334 0
 0.43352 0
 0.43364 0
 0.43376 0
 0.43388 0
 0.434 0
 0.43412 0
 0.43424 0
 0.43436 0
 0.43448 0
 0.4346 0
 0.43472 0
 0.43484 0
 0.43496 0
 0.43508 0
 0.4352 0
 0.43532 0
 0.43544 0
 0.43556 0
 0.43568 0
 0.4358 0
 0.43592 0
 0.43604 0
 0.43616 0
 0.43628 0
 0.4364 0
 0.43652 0
 0.43664 0
 0.43676 0
 0.43688 0
 0.437 0
 0.43712 0
 0.43724 0
 0.43736 0
 0.43748 0
 0.4376 0
 0.43772 0
 0.43784 0
 0.43796 0
 0.43808 0
 0.4382 0
 0.43832 0
 0.43844 0
 0.43856 0
 0.43868 0
 0.4388 0
 0.43892 0
 0.43904 0
 0.43916 0
 0.43928 0
 0.4394 0
 0.43952 0
 0.43964 0
 0.43976 0
 0.43988 0
 0.44 0
 0.44012 0
 0.44024 0
 0.44036 0
 0.44048 0
 0.4406 0
 0.44072 0
 0.44084 0
 0.44096 0
 0.44108 0
 0.4412 0
 0.44132 0
 0.44144 0
 0.44156 0
 0.44168 0
 0.4418 0
 0.44192 0
 0.44204 0
 0.44216 0
 0.44228 0
 0.4424 0
 0.44252 0
 0.44264 0
 0.44276 0
 0.44288 0
 0.443 0
 0.44312 0
 0.44324 0
 0.44336 0
 0.44348 0
 0.4436 0
 0.44372 0
 0.44384 0
 0.44396 0
 0.44408 0
 0.4442 0
 0.44432 0
 0.44444 0
 0.44456 0
 0.44468 0
 0.4448 0
 0.44492 0
 0.44504 0
 0.44516 0
 0.44528 0
 0.4454 0
 0.44552 0
 0.44564 0
 0.44576 0
 0.44588 0
 0.446 0
 0.44612 0
 0.44624 0
 0.44636 0
 0.44648 0
 0.4466 0
 0.44672 0
 0.44684 0
 0.44696 0
 0.44708 0
 0.4472 0
 0.44732 0
 0.44744 0
 0.44756 0
 0.44768 0
 0.4478 0
 0.44792 0
 0.44804 0
 0.44816 0
 0.44828 0
 0.4484 0
 0.44852 0
 0.44864 0
 0.44876 0
 0.44888 0
 0.449 0
 0.44912 0
 0.44924 0
 0.44936 0
 0.44948 0
 0.4496 0
 0.44972 0
 0.44984 0
 0.44996 0
 0.45008 0
 0.4502 0
 0.45032 0
 0.45044 0
 0.45056 0
 0.45068 0
 0.4508 0
 0.45092 0
 0.45104 0
 0.45116 0
 0.45128 0
 0.4514 0
 0.45152 0
 0.45164 0
 0.45176 0
 0.45188 0
 0.452 0
 0.45212 0
 0.45224 0
 0.45236 0
 0.45248 0
 0.4526 0
 0.45272 0
 0.45284 0
 0.45296 0
 0.45308 0
 0.4532 0
 0.45332 0
 0.45344 0
 0.45356 0
 0.45368 0
 0.4538 0
 0.45392 0
 0.45404 0
 0.45416 0
 0.45428 0
 0.4544 0
 0.45452 0
 0.45464 0
 0.45476 0
 0.45488 0
 0.455 0
 0.45512 0
 0.45524 0
 0.45536 0
 0.45548 0
 0.4556 0
 0.45572 0
 0.45584 0
 0.45596 0
 0.45608 0
 0.4562 0
 0.45632 0
 0.45644 0
 0.45656 0
 0.45668 0
 0.4568 0
 0.45692 0
 0.45704 0
 0.45716 0
 0.45728 0
 0.4574 0
 0.45752 0
 0.45764 0
 0.45776 0
 0.45788 0
 0.458 0
 0.45812 0
 0.45824 0
 0.45836 0
 0.45848 0
 0.4586 0
 0.45872 0
 0.45884 0
 0.45896 0
 0.45908 0
 0.4592 0
 0.45932 0
 0.45944 0
 0.45956 0
 0.45968 0
 0.4598 0
 0.45992 0
 0.46004 0
 0.46016 0
 0.46028 0
 0.4604 0
 0.46052 0
 0.46064 0
 0.46076 0
 0.46088 0
 0.461 0
 0.46112 0
 0.46124 0
 0.46136 0
 0.46148 0
 0.4616 0
 0.46172 0
 0.46184 0
 0.46196 0
 0.46208 0
 0.4622 0
 0.46232 0
 0.46244 0
 0.46256 0
 0.46268 0
 0.4628 0
 0.46292 0
 0.46304 0
 0.46316 0
 0.46328 0
 0.4634 0
 0.46352 0
 0.46364 0
 0.46376 0
 0.46388 0
 0.464 0
 0.46412 0
 0.46424 0
 0.46436 0
 0.46448 0
 0.4646 0
 0.46472 0
 0.46484 0
 0.46496 0
 0.46508 0
 0.4652 0
 0.46532 0
 0.46544 0
 0.46556 0
 0.46568 0
 0.4658 0
 0.46592 0
 0.46604 0
 0.46616 0
 0.46628 0
 0.4664 0
 0.46652 0
 0.46664 0
 0.46676 0
 0.46688 0
 0.467 0
 0.46712 0
 0.46724 0
 0.46736 0
 0.46748 0
 0.4676 0
 0.46772 0
 0.46784 0
 0.46796 0
 0.46808 0
 0.4682 0
 0.46832 0
 0.46844 0
 0.46856 0
 0.46868 0
 0.4688 0
 0.46892 0
 0.46904 0
 0.46916 0
 0.46928 0
 0.4694 0
 0.46952 0
 0.46964 0
 0.46976 0
 0.46988 0
 0.47 0
 0.47012 0
 0.47024 0
 0.47036 0
 0.47048 0
 0.4706 0
 0.47072 0
 0.47084 0
 0.47096 0
 0.47108 0
 0.4712 0
 0.47132 0
 0.47144 0
 0.47156 0
 0.47168 0
 0.4718 0
 0.47192 0
 0.47204 0
 0.47216 0
 0.47228 0
 0.4724 0
 0.47252 0
 0.47264 0
 0.47276 0
 0.47288 0
 0.473 0
 0.47312 0
 0.47324 0
 0.47336 0
 0.47348 0
 0.4736 0
 0.47372 0
 0.47384 0
 0.47396 0
 0.47408 0
 0.4742 0
 0.47432 0
 0.47444 0
 0.47456 0
 0.47468 0
 0.4748 0
 0.47492 0
 0.47504 0
 0.47516 0
 0.47528 0
 0.4754 0
 0.47552 0
 0.47564 0
 0.47576 0
 0.47588 0
 0.476 0
 0.47612 0
 0.47624 0
 0.47636 0
 0.47648 0
 0.4766 0
 0.47672 0
 0.47684 0
 0.47696 0
 0.47708 0
 0.4772 0
 0.47732 0
 0.47744 0
 0.47756 0
 0.47768 0
 0.4778 0
 0.47792 0
 0.47804 0
 0.47816 0
 0.47828 0
 0.4784 0
 0.47852 0
 0.47864 0
 0.47876 0
 0.47888 0
 0.479 0
 0.47912 0
 0.47924 0
 0.47936 0
 0.47948 0
 0.4796 0
 0.47972 0
 0.47984 0
 0.47996 0
 0.48008 0
 0.4802 0
 0.48032 0
 0.48044 0
 0.48056 0
 0.48068 0
 0.4808 0
 0.48092 0
 0.48104 0
 0.48116 0
 0.48128 0
 0.4814 0
 0.48152 0
 0.48164 0
 0.48176 0
 0.48188 0
 0.482 0
 0.48212 0
 0.48224 0
 0.48236 0
 0.48248 0
 0.4826 0
 0.48272 0
 0.48284 0
 0.48296 0
 0.48308 0
 0.4832 0
 0.48332 0
 0.48344 0
 0.48356 0
 0.48368 0
 0.4838 0
 0.48392 0
 0.48404 0
 0.48416 0
 0.48428 0
 0.4844 0
 0.48452 0
 0.48464 0
 0.48476 0
 0.48488 0
 0.485 0
 0.48512 0
 0.48524 0
 0.48536 0
 0.48548 0
 0.4856 0
 0.48572 0
 0.48584 0
 0.48596 0
 0.48608 0
 0.4862 0
 0.48632 0
 0.48644 0
 0.48656 0
 0.48668 0
 0.4868 0
 0.48692 0
 0.48704 0
 0.48716 0
 0.48728 0
 0.4874 0
 0.48752 0
 0.48764 0
 0.48776 0
 0.48788 0
 0.488 0
 0.48812 0
 0.48824 0
 0.48836 0
 0.48848 0
 0.4886 0
 0.48872 0
 0.48884 0
 0.48896 0
 0.48908 0
 0.4892 0
 0.48932 0
 0.48944 0
 0.48956 0
 0.48968 0
 0.4898 0
 0.48992 0
 0.49004 0
 0.49016 0
 0.49028 0
 0.4904 0
 0.49052 0
 0.49064 0
 0.49076 0
 0.49088 0
 0.491 0
 0.49112 0
 0.49124 0
 0.49136 0
 0.49148 0
 0.4916 0
 0.49172 0
 0.49184 0
 0.49196 0
 0.49208 0
 0.4922 0
 0.49232 0
 0.49244 0
 0.49256 0
 0.49268 0
 0.4928 0
 0.49292 0
 0.49304 0
 0.49316 0
 0.49328 0
 0.4934 0
 0.49352 0
 0.49364 0
 0.49376 0
 0.49388 0
 0.494 0
 0.49412 0
 0.49424 0
 0.49436 0
 0.49448 0
 0.4946 0
 0.49472 0
 0.49484 0
 0.49496 0
 0.49508 0
 0.4952 0
 0.49532 0
 0.49544 0
 0.49556 0
 0.49568 0
 0.4958 0
 0.49592 0
 0.49604 0
 0.49616 0
 0.49628 0
 0.4964 0
 0.49652 0
 0.49664 0
 0.49676 0
 0.49688 0
 0.497 0
 0.49712 0
 0.49724 0
 0.49736 0
 0.49748 0
 0.4976 0
 0.49772 0
 0.49784 0
 0.49796 0
 0.49808 0
 0.4982 0
 0.49832 0
 0.49844 0
 0.49856 0
 0.49868 0
 0.4988 0
 0.49892 0
 0.49904 0
 0.49916 0
 0.49928 0
 0.4994 0
 0.49952 0
 0.49964 0
 0.49976 0
 0.49988 0
 0.5 0
 0.50012 0
 0.50024 0
 0.50036 0
 0.50048 0
 0.5006 0
 0.50072 0
 0.50084 0
 0.50096 0
 0.50108 0
 0.5012 0
 0.50132 0
 0.50144 0
 0.50156 0
 0.50168 0
 0.5018 0
 0.50192 0
 0.50204 0
 0.50216 0
 0.50228 0
 0.5024 0
 0.50252 0
 0.50264 0
 0.50276 0
 0.50288 0
 0.503 0
 0.50312 0
 0.50324 0
 0.50336 0
 0.50348 0
 0.5036 0
 0.50372 0
 0.50384 0
 0.50396 0
 0.50408 0
 0.5042 0
 0.50432 0
 0.50444 0
 0.50456 0
 0.50468 0
 0.5048 0
 0.50492 0
 0.50504 0
 0.50516 0
 0.50528 0
 0.5054 0
 0.50552 0
 0.50564 0
 0.50576 0
 0.50588 0
 0.506 0
 0.50612 0
 0.50624 0
 0.50636 0
 0.50648 0
 0.5066 0
 0.50672 0
 0.50684 0
 0.50696 0
 0.50708 0
 0.5072 0
 0.50732 0
 0.50744 0
 0.50756 0
 0.50768 0
 0.5078 0
 0.50792 0
 0.50804 0
 0.50816 0
 0.50828 0
 0.5084 0
 0.50852 0
 0.50864 0
 0.50876 0
 0.50888 0
 0.509 0
 0.50912 0
 0.50924 0
 0.50936 0
 0.50948 0
 0.5096 0
 0.50972 0
 0.50984 0
 0.50996 0
 0.51008 0
 0.5102 0
 0.51032 0
 0.51044 0
 0.51056 0
 0.51068 0
 0.5108 0
 0.51092 0
 0.51104 0
 0.51116 0
 0.51128 0
 0.5114 0
 0.51152 0
 0.51164 0
 0.51176 0
 0.51188 0
 0.512 0
 0.51212 0
 0.51224 0
 0.51236 0
 0.51248 0
 0.5126 0
 0.51272 0
 0.51284 0
 0.51296 0
 0.51308 0
 0.5132 0
 0.51332 0
 0.51344 0
 0.51356 0
 0.51368 0
 0.5138 0
 0.51392 0
 0.51404 0
 0.51416 0
 0.51428 0
 0.5144 0
 0.51452 0
 0.51464 0
 0.51476 0
 0.51488 0
 0.515 0
 0.51512 0
 0.51524 0
 0.51536 0
 0.51548 0
 0.5156 0
 0.51572 0
 0.51584 0
 0.51596 0
 0.51608 0
 0.5162 0
 0.51632 0
 0.51644 0
 0.51656 0
 0.51668 0
 0.5168 0
 0.51692 0
 0.51704 0
 0.51716 0
 0.51728 0
 0.5174 0
 0.51752 0
 0.51764 0
 0.51776 0
 0.51788 0
 0.518 0
 0.51812 0
 0.51824 0
 0.51836 0
 0.51848 0
 0.5186 0
 0.51872 0
 0.51884 0
 0.51896 0
 0.51908 0
 0.5192 0
 0.51932 0
 0.51944 0
 0.51956 0
 0.51968 0
 0.5198 0
 0.51992 0
 0.52004 0
 0.52016 0
 0.52028 0
 0.5204 0
 0.52052 0
 0.52064 0
 0.52076 0
 0.52088 0
 0.521 0
 0.52112 0
 0.52124 0
 0.52136 0
 0.52148 0
 0.5216 0
 0.52172 0
 0.52184 0
 0.52196 0
 0.52208 0
 0.5222 0
 0.52232 0
 0.52244 0
 0.52256 0
 0.52268 0
 0.5228 0
 0.52292 0
 0.52304 0
 0.52316 0
 0.52328 0
 0.5234 0
 0.52352 0
 0.52364 0
 0.52376 0
 0.52388 0
 0.524 0
 0.52412 0
 0.52424 0
 0.52436 0
 0.52448 0
 0.5246 0
 0.52472 0
 0.52484 0
 0.52496 0
 0.52508 0
 0.5252 0
 0.52532 0
 0.52544 0
 0.52556 0
 0.52568 0
 0.5258 0
 0.52592 0
 0.52604 0
 0.52616 0
 0.52628 0
 0.5264 0
 0.52652 0
 0.52664 0
 0.52676 0
 0.52688 0
 0.527 0
 0.52712 0
 0.52724 0
 0.52736 0
 0.52748 0
 0.5276 0
 0.52772 0
 0.52784 0
 0.52796 0
 0.52808 0
 0.5282 0
 0.52832 0
 0.52844 0
 0.52856 0
 0.52868 0
 0.5288 0
 0.52892 0
 0.52904 0
 0.52916 0
 0.52928 0
 0.5294 0
 0.52952 0
 0.52964 0
 0.52976 0
 0.52988 0
 0.53 0
 0.53012 0
 0.53024 0
 0.53036 0
 0.53048 0
 0.5306 0
 0.53072 0
 0.53084 0
 0.53096 0
 0.53108 0
 0.5312 0
 0.53132 0
 0.53144 0
 0.53156 0
 0.53168 0
 0.5318 0
 0.53192 0
 0.53204 0
 0.53216 0
 0.53228 0
 0.5324 0
 0.53252 0
 0.53264 0
 0.53276 0
 0.53288 0
 0.533 0
 0.53312 0
 0.53324 0
 0.53336 0
 0.53348 0
 0.5336 0
 0.53372 0
 0.53384 0
 0.53396 0
 0.53408 0
 0.5342 0
 0.53432 0
 0.53444 0
 0.53456 0
 0.53468 0
 0.5348 0
 0.53492 0
 0.53504 0
 0.53516 0
 0.53528 0
 0.5354 0
 0.53552 0
 0.53564 0
 0.53576 0
 0.53588 0
 0.536 0
 0.53612 0
 0.53624 0
 0.53636 0
 0.53648 0
 0.5366 0
 0.53672 0
 0.53684 0
 0.53696 0
 0.53708 0
 0.5372 0
 0.53732 0
 0.53744 0
 0.53756 0
 0.53768 0
 0.5378 0
 0.53792 0
 0.53804 0
 0.53816 0
 0.53828 0
 0.5384 0
 0.53852 0
 0.53864 0
 0.53876 0
 0.53888 0
 0.539 0
 0.53912 0
 0.53924 0
 0.53936 0
 0.53948 0
 0.5396 0
 0.53972 0
 0.53984 0
 0.53996 0
 0.54008 0
 0.5402 0
 0.54032 0
 0.54044 0
 0.54056 0
 0.54068 0
 0.5408 0
 0.54092 0
 0.54104 0
 0.54116 0
 0.54128 0
 0.5414 0
 0.54152 0
 0.54164 0
 0.54176 0
 0.54188 0
 0.542 0
 0.54212 0
 0.54224 0
 0.54236 0
 0.54248 0
 0.5426 0
 0.54272 0
 0.54284 0
 0.54296 0
 0.54308 0
 0.5432 0
 0.54332 0
 0.54344 0
 0.54356 0
 0.54368 0
 0.5438 0
 0.54392 0
 0.54404 0
 0.54416 0
 0.54428 0
 0.5444 0
 0.54452 0
 0.54464 0
 0.54476 0
 0.54488 0
 0.545 0
 0.54512 0
 0.54524 0
 0.54536 0
 0.54548 0
 0.5456 0
 0.54572 0
 0.54584 0
 0.54596 0
 0.54608 0
 0.5462 0
 0.54632 0
 0.54644 0
 0.54656 0
 0.54668 0
 0.5468 0
 0.54692 0
 0.54704 0
 0.54716 0
 0.54728 0
 0.5474 0
 0.54752 0
 0.54764 0
 0.54776 0
 0.54788 0
 0.548 0
 0.54812 0
 0.54824 0
 0.54836 0
 0.54848 0
 0.5486 0
 0.54872 0
 0.54884 0
 0.54896 0
 0.54908 0
 0.5492 0
 0.54932 0
 0.54944 0
 0.54956 0
 0.54968 0
 0.5498 0
 0.54992 0
 0.55004 0
 0.55016 0
 0.55028 0
 0.5504 0
 0.55052 0
 0.55064 0
 0.55076 0
 0.55088 0
 0.551 0
 0.55112 0
 0.55124 0
 0.55136 0
 0.55148 0
 0.5516 0
 0.55172 0
 0.55184 0
 0.55196 0
 0.55208 0
 0.5522 0
 0.55232 0
 0.55244 0
 0.55256 0
 0.55268 0
 0.5528 0
 0.55292 0
 0.55304 0
 0.55316 0
 0.55328 0
 0.5534 0
 0.55352 0
 0.55364 0
 0.55376 0
 0.55388 0
 0.554 0
 0.55412 0
 0.55424 0
 0.55436 0
 0.55448 0
 0.5546 0
 0.55472 0
 0.55484 0
 0.55496 0
 0.55508 0
 0.5552 0
 0.55532 0
 0.55544 0
 0.55556 0
 0.55568 0
 0.5558 0
 0.55592 0
 0.55604 0
 0.55616 0
 0.55628 0
 0.5564 0
 0.55652 0
 0.55664 0
 0.55676 0
 0.55688 0
 0.557 0
 0.55712 0
 0.55724 0
 0.55736 0
 0.55748 0
 0.5576 0
 0.55772 0
 0.55784 0
 0.55796 0
 0.55808 0
 0.5582 0
 0.55832 0
 0.55844 0
 0.55856 0
 0.55868 0
 0.5588 0
 0.55892 0
 0.55904 0
 0.55916 0
 0.55928 0
 0.5594 0
 0.55952 0
 0.55964 0
 0.55976 0
 0.55988 0
 0.56 0
 0.56012 0
 0.56024 0
 0.56036 0
 0.56048 0
 0.5606 0
 0.56072 0
 0.56084 0
 0.56096 0
 0.56108 0
 0.5612 0
 0.56132 0
 0.56144 0
 0.56156 0
 0.56168 0
 0.5618 0
 0.56192 0
 0.56204 0
 0.56216 0
 0.56228 0
 0.5624 0
 0.56252 0
 0.56264 0
 0.56276 0
 0.56288 0
 0.563 0
 0.56312 0
 0.56324 0
 0.56336 0
 0.56348 0
 0.5636 0
 0.56372 0
 0.56384 0
 0.56396 0
 0.56408 0
 0.5642 0
 0.56432 0
 0.56444 0
 0.56456 0
 0.56468 0
 0.5648 0
 0.56492 0
 0.56504 0
 0.56516 0
 0.56528 0
 0.5654 0
 0.56552 0
 0.56564 0
 0.56576 0
 0.56588 0
 0.566 0
 0.56612 0
 0.56624 0
 0.56636 0
 0.56648 0
 0.5666 0
 0.56672 0
 0.56684 0
 0.56696 0
 0.56708 0
 0.5672 0
 0.56732 0
 0.56744 0
 0.56756 0
 0.56768 0
 0.5678 0
 0.56792 0
 0.56804 0
 0.56816 0
 0.56828 0
 0.5684 0
 0.56852 0
 0.56864 0
 0.56876 0
 0.56888 0
 0.569 0
 0.56912 0
 0.56924 0
 0.56936 0
 0.56948 0
 0.5696 0
 0.56972 0
 0.56984 0
 0.56996 0
 0.57008 0
 0.5702 0
 0.57032 0
 0.57044 0
 0.57056 0
 0.57068 0
 0.5708 0
 0.57092 0
 0.57104 0
 0.57116 0
 0.57128 0
 0.5714 0
 0.57152 0
 0.57164 0
 0.57176 0
 0.57188 0
 0.572 0
 0.57212 0
 0.57224 0
 0.57236 0
 0.57248 0
 0.5726 0
 0.57272 0
 0.57284 0
 0.57296 0
 0.57308 0
 0.5732 0
 0.57332 0
 0.57344 0
 0.57356 0
 0.57368 0
 0.5738 0
 0.57392 0
 0.57404 0
 0.57416 0
 0.57428 0
 0.5744 0
 0.57452 0
 0.57464 0
 0.57476 0
 0.57488 0
 0.575 0
 0.57512 0
 0.57524 0
 0.57536 0
 0.57548 0
 0.5756 0
 0.57572 0
 0.57584 0
 0.57596 0
 0.57608 0
 0.5762 0
 0.57632 0
 0.57644 0
 0.57656 0
 0.57668 0
 0.5768 0
 0.57692 0
 0.57704 0
 0.57716 0
 0.57728 0
 0.5774 0
 0.57752 0
 0.57764 0
 0.57776 0
 0.57788 0
 0.578 0
 0.57812 0
 0.57824 0
 0.57836 0
 0.57848 0
 0.5786 0
 0.57872 0
 0.57884 0
 0.57896 0
 0.57908 0
 0.5792 0
 0.57932 0
 0.57944 0
 0.57956 0
 0.57968 0
 0.5798 0
 0.57992 0
 0.58004 0
 0.58016 0
 0.58028 0
 0.5804 0
 0.58052 0
 0.58064 0
 0.58076 0
 0.58088 0
 0.581 0
 0.58112 0
 0.58124 0
 0.58136 0
 0.58148 0
 0.5816 0
 0.58172 0
 0.58184 0
 0.58196 0
 0.58208 0
 0.5822 0
 0.58232 0
 0.58244 0
 0.58256 0
 0.58268 0
 0.5828 0
 0.58292 0
 0.58304 0
 0.58316 0
 0.58328 0
 0.5834 0
 0.58352 0
 0.58364 0
 0.58376 0
 0.58388 0
 0.584 0
 0.58412 0
 0.58424 0
 0.58436 0
 0.58448 0
 0.5846 0
 0.58472 0
 0.58484 0
 0.58496 0
 0.58508 0
 0.5852 0
 0.58532 0
 0.58544 0
 0.58556 0
 0.58568 0
 0.5858 0
 0.58592 0
 0.58604 0
 0.58616 0
 0.58628 0
 0.5864 0
 0.58652 0
 0.58664 0
 0.58676 0
 0.58688 0
 0.587 0
 0.58712 0
 0.58724 0
 0.58736 0
 0.58748 0
 0.5876 0
 0.58772 0
 0.58784 0
 0.58796 0
 0.58808 0
 0.5882 0
 0.58832 0
 0.58844 0
 0.58856 0
 0.58868 0
 0.5888 0
 0.58892 0
 0.58904 0
 0.58916 0
 0.58928 0
 0.5894 0
 0.58952 0
 0.58964 0
 0.58976 0
 0.58988 0
 0.59 0
 0.59012 0
 0.59024 0
 0.59036 0
 0.59048 0
 0.5906 0
 0.59072 0
 0.59084 0
 0.59096 0
 0.59108 0
 0.5912 0
 0.59132 0
 0.59144 0
 0.59156 0
 0.59168 0
 0.5918 0
 0.59192 0
 0.59204 0
 0.59216 0
 0.59228 0
 0.5924 0
 0.59252 0
 0.59264 0
 0.59276 0
 0.59288 0
 0.593 0
 0.59312 0
 0.59324 0
 0.59336 0
 0.59348 0
 0.5936 0
 0.59372 0
 0.59384 0
 0.59396 0
 0.59408 0
 0.5942 0
 0.59432 0
 0.59444 0
 0.59456 0
 0.59468 0
 0.5948 0
 0.59492 0
 0.59504 0
 0.59516 0
 0.59528 0
 0.5954 0
 0.59552 0
 0.59564 0
 0.59576 0
 0.59588 0
 0.596 0
 0.59612 0
 0.59624 0
 0.59636 0
 0.59648 0
 0.5966 0
 0.59672 0
 0.59684 0
 0.59696 0
 0.59708 0
 0.5972 0
 0.59732 0
 0.59744 0
 0.59756 0
 0.59768 0
 0.5978 0
 0.59792 0
 0.59804 0
 0.59816 0
 0.59828 0
 0.5984 0
 0.59852 0
 0.59864 0
 0.59876 0
 0.59888 0
 0.599 0
 0.59912 0
 0.59924 0
 0.59936 0
 0.59948 0
 0.5996 0
 0.59972 0
 0.59984 0
 0.59996 0
 0.60008 0
 0.6002 0
 0.60032 0
 0.60044 0
 0.60056 0
 0.60068 0
 0.6008 0
 0.60092 0
 0.60104 0
 0.60116 0
 0.60128 0
 0.6014 0
 0.60152 0
 0.60164 0
 0.60176 0
 0.60188 0
 0.602 0
 0.60212 0
 0.60224 0
 0.60236 0
 0.60248 0
 0.6026 0
 0.60272 0
 0.60284 0
 0.60296 0
 0.60308 0
 0.6032 0
 0.60332 0
 0.60344 0
 0.60356 0
 0.60368 0
 0.6038 0
 0.60392 0
 0.60404 0
 0.60416 0
 0.60428 0
 0.6044 0
 0.60452 0
 0.60464 0
 0.60476 0
 0.60488 0
 0.605 0
 0.60512 0
 0.60524 0
 0.60536 0
 0.60548 0
 0.6056 0
 0.60572 0
 0.60584 0
 0.60596 0
 0.60608 0
 0.6062 0
 0.60632 0
 0.60644 0
 0.60656 0
 0.60668 0
 0.6068 0
 0.60692 0
 0.60704 0
 0.60716 0
 0.60728 0
 0.6074 0
 0.60752 0
 0.60764 0
 0.60776 0
 0.60788 0
 0.608 0
 0.60812 0
 0.60824 0
 0.60836 0
 0.60848 0
 0.6086 0
 0.60872 0
 0.60884 0
 0.60896 0
 0.60908 0
 0.6092 0
 0.60932 0
 0.60944 0
 0.60956 0
 0.60968 0
 0.6098 0
 0.60992 0
 0.61004 0
 0.61016 0
 0.61028 0
 0.6104 0
 0.61052 0
 0.61064 0
 0.61076 0
 0.61088 0
 0.611 0
 0.61112 0
 0.61124 0
 0.61136 0
 0.61148 0
 0.6116 0
 0.61172 0
 0.61184 0
 0.61196 0
 0.61208 0
 0.6122 0
 0.61232 0
 0.61244 0
 0.61256 0
 0.61268 0
 0.6128 0
 0.61292 0
 0.61304 0
 0.61316 0
 0.61328 0
 0.6134 0
 0.61352 0
 0.61364 0
 0.61376 0
 0.61388 0
 0.614 0
 0.61412 0
 0.61424 0
 0.61436 0
 0.61448 0
 0.6146 0
 0.61472 0
 0.61484 0
 0.61496 0
 0.61508 0
 0.6152 0
 0.61532 0
 0.61544 0
 0.61556 0
 0.61568 0
 0.6158 0
 0.61592 0
 0.61604 0
 0.61616 0
 0.61628 0
 0.6164 0
 0.61652 0
 0.61664 0
 0.61676 0
 0.61688 0
 0.617 0
 0.61712 0
 0.61724 0
 0.61736 0
 0.61748 0
 0.6176 0
 0.61772 0
 0.61784 0
 0.61796 0
 0.61808 0
 0.6182 0
 0.61832 0
 0.61844 0
 0.61856 0
 0.61868 0
 0.6188 0
 0.61892 0
 0.61904 0
 0.61916 0
 0.61928 0
 0.6194 0
 0.61952 0
 0.61964 0
 0.61976 0
 0.61988 0
 0.62 0
 0.62012 -2.63283e-35
 0.62024 -2.10626e-34
 0.62036 -7.10863e-34
 0.62048 -1.68501e-33
 0.6206 -3.29103e-33
 0.62072 -5.6869e-33
 0.62084 -9.03059e-33
 0.62096 -1.34801e-32
 0.62108 -1.91933e-32
 0.6212 -2.63283e-32
 0.62132 -3.50429e-32
 0.62144 -4.54952e-32
 0.62156 -5.78432e-32
 0.62168 -7.22447e-32
 0.6218 -8.88579e-32
 0.62192 -1.07841e-31
 0.62204 -1.29351e-31
 0.62216 -1.53546e-31
 0.62228 -1.80585e-31
 0.6224 -2.10626e-31
 0.62252 -2.43826e-31
 0.62264 -2.80343e-31
 0.62276 -3.20336e-31
 0.62288 -3.63962e-31
 0.623 -4.11379e-31
 0.62312 -4.62745e-31
 0.62324 -5.18219e-31
 0.62336 -5.77958e-31
 0.62348 -6.4212e-31
 0.6236 -7.10863e-31
 0.62372 -7.84345e-31
 0.62384 -8.62724e-31
 0.62396 -9.46158e-31
 0.62408 -1.03481e-30
 0.6242 -1.12882e-30
 0.62432 -1.22837e-30
 0.62444 -1.3336e-30
 0.62456 -1.44468e-30
 0.62468 -1.56177e-30
 0.6248 -1.68501e-30
 0.62492 -1.81457e-30
 0.62504 -1.95061e-30
 0.62516 -2.09328e-30
 0.62528 -2.24275e-30
 0.6254 -2.39916e-30
 0.62552 -2.56269e-30
 0.62564 -2.73348e-30
 0.62576 -2.91169e-30
 0.62588 -3.09749e-30
 0.626 -3.29103e-30
 0.62612 -3.49247e-30
 0.62624 -3.70196e-30
 0.62636 -3.91967e-30
 0.62648 -4.14575e-30
 0.6266 -4.38036e-30
 0.62672 -4.62366e-30
 0.62684 -4.87581e-30
 0.62696 -5.13696e-30
 0.62708 -5.40727e-30
 0.6272 -5.6869e-30
 0.62732 -5.97601e-30
 0.62744 -6.27476e-30
 0.62756 -6.5833e-30
 0.62768 -6.90179e-30
 0.6278 -7.2304e-30
 0.62792 -7.56927e-30
 0.62804 -7.91856e-30
 0.62816 -8.27845e-30
 0.62828 -8.64907e-30
 0.6284 -9.03059e-30
 0.62852 -9.42317e-30
 0.62864 -9.82697e-30
 0.62876 -1.02421e-29
 0.62888 -1.06688e-29
 0.629 -1.11072e-29
 0.62912 -1.15575e-29
 0.62924 -1.20197e-29
 0.62936 -1.24941e-29
 0.62948 -1.29809e-29
 0.6296 -1.34801e-29
 0.62972 -1.39919e-29
 0.62984 -1.45166e-29
 0.62996 -1.50542e-29
 0.63008 -1.56049e-29
 0.6302 -1.61688e-29
 0.63032 -1.67462e-29
 0.63044 -1.73372e-29
 0.63056 -1.7942e-29
 0.63068 -1.85606e-29
 0.6308 -1.91933e-29
 0.63092 -1.98402e-29
 0.63104 -2.05015e-29
 0.63116 -2.11773e-29
 0.63128 -2.18678e-29
 0.6314 -2.25732e-29
 0.63152 -2.32936e-29
 0.63164 -2.40291e-29
 0.63176 -2.47799e-29
 0.63188 -2.55463e-29
 0.632 -2.63283e-29
 0.63212 -2.7126e-29
 0.63224 -2.79398e-29
 0.63236 -2.87696e-29
 0.63248 -2.96157e-29
 0.6326 -3.04782e-29
 0.63272 -3.13574e-29
 0.63284 -3.22532e-29
 0.63296 -3.3166e-29
 0.63308 -3.40959e-29
 0.6332 -3.50429e-29
 0.63332 -3.60073e-29
 0.63344 -3.69893e-29
 0.63356 -3.7989e-29
 0.63368 -3.90065e-29
 0.6338 -4.0042e-29
 0.63392 -4.10957e-29
 0.63404 -4.21677e-29
 0.63416 -4.32582e-29
 0.63428 -4.43673e-29
 0.6344 -4.54952e-29
 0.63452 -4.66421e-29
 0.63464 -4.78081e-29
 0.63476 -4.89934e-29
 0.63488 -5.01981e-29
 0.635 -5.14224e-29
 0.63512 -5.26664e-29
 0.63524 -5.39303e-29
 0.63536 -5.52143e-29
 0.63548 -5.65186e-29
 0.6356 -5.78432e-29
 0.63572 -5.91883e-29
 0.63584 -6.05541e-29
 0.63596 -6.19408e-29
 0.63608 -6.33485e-29
 0.6362 -6.47774e-29
 0.63632 -6.62276e-29
 0.63644 -6.76992e-29
 0.63656 -6.91925e-29
 0.63668 -7.07077e-29
 0.6368 -7.22447e-29
 0.63692 -7.38039e-29
 0.63704 -7.53854e-29
 0.63716 -7.69893e-29
 0.63728 -7.86157e-29
 0.6374 -8.0265e-29
 0.63752 -8.19371e-29
 0.63764 -8.36323e-29
 0.63776 -8.53507e-29
 0.63788 -8.70925e-29
 0.638 -8.88579e-29
 0.63812 -9.06469e-29
 0.63824 -9.24598e-29
 0.63836 -9.42967e-29
 0.63848 -9.61577e-29
 0.6386 -9.80431e-29
 0.63872 -9.9953e-29
 0.63884 -1.01888e-28
 0.63896 -1.03847e-28
 0.63908 -1.05831e-28
 0.6392 -1.07841e-28
 0.63932 -1.09875e-28
 0.63944 -1.11935e-28
 0.63956 -1.14021e-28
 0.63968 -1.16132e-28
 0.6398 -1.1827e-28
 0.63992 -1.20433e-28
 0.64004 -1.22623e-28
 0.64016 -1.24839e-28
 0.64028 -1.27081e-28
 0.6404 -1.2935e-28
 0.64052 -1.31645e-28
 0.64064 -1.33966e-28
 0.64076 -1.36314e-28
 0.64088 -1.38687e-28
 0.641 -1.41088e-28
 0.64112 -1.43514e-28
 0.64124 -1.45967e-28
 0.64136 -1.48446e-28
 0.64148 -1.50952e-28
 0.6416 -1.53484e-28
 0.64172 -1.56042e-28
 0.64184 -1.58627e-28
 0.64196 -1.61238e-28
 0.64208 -1.63875e-28
 0.6422 -1.66538e-28
 0.64232 -1.69228e-28
 0.64244 -1.71944e-28
 0.64256 -1.74687e-28
 0.64268 -1.77456e-28
 0.6428 -1.80251e-28
 0.64292 -1.83073e-28
 0.64304 -1.8592e-28
 0.64316 -1.88795e-28
 0.64328 -1.91695e-28
 0.6434 -1.94622e-28
 0.64352 -1.97575e-28
 0.64364 -2.00554e-28
 0.64376 -2.0356e-28
 0.64388 -2.06592e-28
 0.644 -2.09651e-28
 0.64412 -2.12736e-28
 0.64424 -2.15847e-28
 0.64436 -2.18984e-28
 0.64448 -2.22148e-28
 0.6446 -2.25338e-28
 0.64472 -2.28555e-28
 0.64484 -2.31797e-28
 0.64496 -2.35066e-28
 0.64508 -2.38362e-28
 0.6452 -2.41684e-28
 0.64532 -2.45032e-28
 0.64544 -2.48406e-28
 0.64556 -2.51807e-28
 0.64568 -2.55234e-28
 0.6458 -2.58687e-28
 0.64592 -2.62167e-28
 0.64604 -2.65673e-28
 0.64616 -2.69205e-28
 0.64628 -2.72764e-28
 0.6464 -2.76349e-28
 0.64652 -2.79961e-28
 0.64664 -2.83598e-28
 0.64676 -2.87262e-28
 0.64688 -2.90953e-28
 0.647 -2.94669e-28
 0.64712 -2.98412e-28
 0.64724 -3.02182e-28
 0.64736 -3.05977e-28
 0.64748 -3.09799e-28
 0.6476 -3.13648e-28
 0.64772 -3.17522e-28
 0.64784 -3.21423e-28
 0.64796 -3.2535e-28
 0.64808 -3.29304e-28
 0.6482 -3.33284e-28
 0.64832 -3.3729e-28
 0.64844 -3.41323e-28
 0.64856 -3.45382e-28
 0.64868 -3.49467e-28
 0.6488 -3.53579e-28
 0.64892 -3.57717e-28
 0.64904 -3.61881e-28
 0.64916 -3.66071e-28
 0.64928 -3.70288e-28
 0.6494 -3.74532e-28
 0.64952 -3.78801e-28
 0.64964 -3.83097e-28
 0.64976 -3.87419e-28
 0.64988 -3.91768e-28
 0.65 -3.96143e-28
 0.65012 -4.00544e-28
 0.65024 -4.04971e-28
 0.65036 -4.09422e-28
 0.65048 -4.13899e-28
 0.6506 -4.18399e-28
 0.65072 -4.22922e-28
 0.65084 -4.27468e-28
 0.65096 -4.32036e-28
 0.65108 -4.36625e-28
 0.6512 -4.41234e-28
 0.65132 -4.45864e-28
 0.65144 -4.50513e-28
 0.65156 -4.55181e-28
 0.65168 -4.59866e-28
 0.6518 -4.6457e-28
 0.65192 -4.6929e-28
 0.65204 -4.74026e-28
 0.65216 -4.78778e-28
 0.65228 -4.83545e-28
 0.6524 -4.88327e-28
 0.65252 -4.93122e-28
 0.65264 -4.9793e-28
 0.65276 -5.0275e-28
 0.65288 -5.07582e-28
 0.653 -5.12426e-28
 0.65312 -5.1728e-28
 0.65324 -5.22144e-28
 0.65336 -5.27017e-28
 0.65348 -5.31898e-28
 0.6536 -5.36788e-28
 0.65372 -5.41685e-28
 0.65384 -5.46589e-28
 0.65396 -5.51499e-28
 0.65408 -5.56415e-28
 0.6542 -5.61335e-28
 0.65432 -5.66259e-28
 0.65444 -5.71188e-28
 0.65456 -5.76119e-28
 0.65468 -5.81052e-28
 0.6548 -5.85987e-28
 0.65492 -5.90923e-28
 0.65504 -5.9586e-28
 0.65516 -6.00796e-28
 0.65528 -6.05731e-28
 0.6554 -6.10665e-28
 0.65552 -6.15597e-28
 0.65564 -6.20526e-28
 0.65576 -6.25452e-28
 0.65588 -6.30374e-28
 0.656 -6.35291e-28
 0.65612 -6.40203e-28
 0.65624 -6.45109e-28
 0.65636 -6.50008e-28
 0.65648 -6.54901e-28
 0.6566 -6.59785e-28
 0.65672 -6.64661e-28
 0.65684 -6.69528e-28
 0.65696 -6.74385e-28
 0.65708 -6.79232e-28
 0.6572 -6.84068e-28
 0.65732 -6.88893e-28
 0.65744 -6.93705e-28
 0.65756 -6.98505e-28
 0.65768 -7.0329e-28
 0.6578 -7.08062e-28
 0.65792 -7.12819e-28
 0.65804 -7.17561e-28
 0.65816 -7.22287e-28
 0.65828 -7.26996e-28
 0.6584 -7.31688e-28
 0.65852 -7.36361e-28
 0.65864 -7.41017e-28
 0.65876 -7.45653e-28
 0.65888 -7.50269e-28
 0.659 -7.54865e-28
 0.65912 -7.5944e-28
 0.65924 -7.63993e-28
 0.65936 -7.68524e-28
 0.65948 -7.73032e-28
 0.6596 -7.77516e-28
 0.65972 -7.81976e-28
 0.65984 -7.86412e-28
 0.65996 -7.90821e-28
 0.66008 -7.95205e-28
 0.6602 -7.99562e-28
 0.66032 -8.03891e-28
 0.66044 -8.08193e-28
 0.66056 -8.12466e-28
 0.66068 -8.16709e-28
 0.6608 -8.20923e-28
 0.66092 -8.25106e-28
 0.66104 -8.29258e-28
 0.66116 -8.33378e-28
 0.66128 -8.37466e-28
 0.6614 -8.4152e-28
 0.66152 -8.45541e-28
 0.66164 -8.49528e-28
 0.66176 -8.53479e-28
 0.66188 -8.57395e-28
 0.662 -8.61275e-28
 0.66212 -8.65118e-28
 0.66224 -8.68924e-28
 0.66236 -8.72691e-28
 0.66248 -8.76419e-28
 0.6626 -8.80109e-28
 0.66272 -8.83758e-28
 0.66284 -8.87366e-28
 0.66296 -8.90934e-28
 0.66308 -8.94459e-28
 0.6632 -8.97942e-28
 0.66332 -9.01381e-28
 0.66344 -9.04777e-28
 0.66356 -9.08128e-28
 0.66368 -9.11435e-28
 0.6638 -9.14695e-28
 0.66392 -9.17909e-28
 0.66404 -9.21077e-28
 0.66416 -9.24196e-28
 0.66428 -9.27268e-28
 0.6644 -9.3029e-28
 0.66452 -9.33263e-28
 0.66464 -9.36186e-28
 0.66476 -9.39058e-28
 0.66488 -9.41879e-28
 0.665 -9.44648e-28
 0.66512 -9.47364e-28
 0.66524 -9.50027e-28
 0.66536 -9.52636e-28
 0.66548 -9.5519e-28
 0.6656 -9.57689e-28
 0.66572 -9.60133e-28
 0.66584 -9.62519e-28
 0.66596 -9.64849e-28
 0.66608 -9.67121e-28
 0.6662 -9.69335e-28
 0.66632 -9.7149e-28
 0.66644 -9.73585e-28
 0.66656 -9.7562e-28
 0.66668 -9.77594e-28
 0.6668 -9.79507e-28
 0.66692 -9.81357e-28
 0.66704 -9.83145e-28
 0.66716 -9.84869e-28
 0.66728 -9.86529e-28
 0.6674 -9.88125e-28
 0.66752 -9.89655e-28
 0.66764 -9.91119e-28
 0.66776 -9.92517e-28
 0.66788 -9.93848e-28
 0.668 -9.9511e-28
 0.66812 -9.96305e-28
 0.66824 -9.9743e-28
 0.66836 -9.98486e-28
 0.66848 -9.99471e-28
 0.6686 -1.00038e-27
 0.66872 -1.00123e-27
 0.66884 -1.002e-27
 0.66896 -1.0027e-27
 0.66908 -1.00332e-27
 0.6692 -1.00387e-27
 0.66932 -1.00434e-27
 0.66944 -1.00474e-27
 0.66956 -1.00507e-27
 0.66968 -1.00531e-27
 0.6698 -1.00548e-27
 0.66992 -1.00558e-27
 0.67004 -1.00559e-27
 0.67016 -1.00552e-27
 0.67028 -1.00538e-27
 0.6704 -1.00515e-27
 0.67052 -1.00485e-27
 0.67064 -1.00447e-27
 0.67076 -1.00401e-27
 0.67088 -1.00347e-27
 0.671 -1.00285e-27
 0.67112 -1.00215e-27
 0.67124 -1.00138e-27
 0.67136 -1.00052e-27
 0.67148 -9.99586e-28
 0.6716 -9.98572e-28
 0.67172 -9.9748e-28
 0.67184 -9.96308e-28
 0.67196 -9.95057e-28
 0.67208 -9.93728e-28
 0.6722 -9.92319e-28
 0.67232 -9.90832e-28
 0.67244 -9.89265e-28
 0.67256 -9.8762e-28
 0.67268 -9.85895e-28
 0.6728 -9.84092e-28
 0.67292 -9.82209e-28
 0.67304 -9.80248e-28
 0.67316 -9.78207e-28
 0.67328 -9.76088e-28
 0.6734 -9.73889e-28
 0.67352 -9.71612e-28
 0.67364 -9.69256e-28
 0.67376 -9.6682e-28
 0.67388 -9.64306e-28
 0.674 -9.61713e-28
 0.67412 -9.5904e-28
 0.67424 -9.56289e-28
 0.67436 -9.53459e-28
 0.67448 -9.50549e-28
 0.6746 -9.47561e-28
 0.67472 -9.44494e-28
 0.67484 -9.41348e-28
 0.67496 -9.38122e-28
 0.67508 -9.34818e-28
 0.6752 -9.31435e-28
 0.67532 -9.27973e-28
 0.67544 -9.24432e-28
 0.67556 -9.20812e-28
 0.67568 -9.17113e-28
 0.6758 -9.13334e-28
 0.67592 -9.09477e-28
 0.67604 -9.05541e-28
 0.67616 -9.01526e-28
 0.67628 -8.97432e-28
 0.6764 -8.93259e-28
 0.67652 -8.89007e-28
 0.67664 -8.84676e-28
 0.67676 -8.80266e-28
 0.67688 -8.75777e-28
 0.677 -8.71209e-28
 0.67712 -8.66562e-28
 0.67724 -8.61836e-28
 0.67736 -8.57031e-28
 0.67748 -8.52148e-28
 0.6776 -8.47185e-28
 0.67772 -8.42143e-28
 0.67784 -8.37022e-28
 0.67796 -8.31822e-28
 0.67808 -8.26543e-28
 0.6782 -8.21186e-28
 0.67832 -8.15749e-28
 0.67844 -8.10233e-28
 0.67856 -8.04638e-28
 0.67868 -7.98964e-28
 0.6788 -7.93212e-28
 0.67892 -7.8738e-28
 0.67904 -7.81469e-28
 0.67916 -7.7548e-28
 0.67928 -7.69411e-28
 0.6794 -7.63263e-28
 0.67952 -7.57037e-28
 0.67964 -7.50731e-28
 0.67976 -7.44347e-28
 0.67988 -7.37883e-28
 0.68 -7.3134e-28
 0.68012 -7.24719e-28
 0.68024 -7.1802e-28
 0.68036 -7.11243e-28
 0.68048 -7.0439e-28
 0.6806 -6.97462e-28
 0.68072 -6.9046e-28
 0.68084 -6.83385e-28
 0.68096 -6.76237e-28
 0.68108 -6.69018e-28
 0.6812 -6.61728e-28
 0.68132 -6.54369e-28
 0.68144 -6.46942e-28
 0.68156 -6.39446e-28
 0.68168 -6.31884e-28
 0.6818 -6.24257e-28
 0.68192 -6.16564e-28
 0.68204 -6.08808e-28
 0.68216 -6.00989e-28
 0.68228 -5.93108e-28
 0.6824 -5.85166e-28
 0.68252 -5.77164e-28
 0.68264 -5.69103e-28
 0.68276 -5.60983e-28
 0.68288 -5.52807e-28
 0.683 -5.44574e-28
 0.68312 -5.36286e-28
 0.68324 -5.27944e-28
 0.68336 -5.19548e-28
 0.68348 -5.111e-28
 0.6836 -5.026e-28
 0.68372 -4.9405e-28
 0.68384 -4.8545e-28
 0.68396 -4.76802e-28
 0.68408 -4.68106e-28
 0.6842 -4.59363e-28
 0.68432 -4.50574e-28
 0.68444 -4.41741e-28
 0.68456 -4.32863e-28
 0.68468 -4.23943e-28
 0.6848 -4.1498e-28
 0.68492 -4.05976e-28
 0.68504 -3.96933e-28
 0.68516 -3.8785e-28
 0.68528 -3.78729e-28
 0.6854 -3.6957e-28
 0.68552 -3.60376e-28
 0.68564 -3.51146e-28
 0.68576 -3.41881e-28
 0.68588 -3.32583e-28
 0.686 -3.23252e-28
 0.68612 -3.1389e-28
 0.68624 -3.04497e-28
 0.68636 -2.95075e-28
 0.68648 -2.85624e-28
 0.6866 -2.76145e-28
 0.68672 -2.66639e-28
 0.68684 -2.57107e-28
 0.68696 -2.4755e-28
 0.68708 -2.37969e-28
 0.6872 -2.28365e-28
 0.68732 -2.18739e-28
 0.68744 -2.09092e-28
 0.68756 -1.99425e-28
 0.68768 -1.89738e-28
 0.6878 -1.80033e-28
 0.68792 -1.70311e-28
 0.68804 -1.60572e-28
 0.68816 -1.50818e-28
 0.68828 -1.41049e-28
 0.6884 -1.31267e-28
 0.68852 -1.21472e-28
 0.68864 -1.11665e-28
 0.68876 -1.01848e-28
 0.68888 -9.20205e-29
 0.689 -8.21844e-29
 0.68912 -7.23404e-29
 0.68924 -6.24895e-29
 0.68936 -5.26325e-29
 0.68948 -4.27706e-29
 0.6896 -3.29045e-29
 0.68972 -2.30352e-29
 0.68984 -1.31638e-29
 0.68996 -3.29103e-30
 0.69008 6.58202e-30
 0.6902 1.64544e-29
 0.69032 2.63253e-29
 0.69044 3.61936e-29
 0.69056 4.60584e-29
 0.69068 5.59188e-29
 0.6908 6.57738e-29
 0.69092 7.56225e-29
 0.69104 8.5464e-29
 0.69116 9.52972e-29
 0.69128 1.05121e-28
 0.6914 1.14935e-28
 0.69152 1.24738e-28
 0.69164 1.34529e-28
 0.69176 1.44307e-28
 0.69188 1.54071e-28
 0.692 1.6382e-28
 0.69212 1.73554e-28
 0.69224 1.8327e-28
 0.69236 1.92969e-28
 0.69248 2.0265e-28
 0.6926 2.1231e-28
 0.69272 2.2195e-28
 0.69284 2.31569e-28
 0.69296 2.41165e-28
 0.69308 2.50738e-28
 0.6932 2.60287e-28
 0.69332 2.6981e-28
 0.69344 2.79307e-28
 0.69356 2.88777e-28
 0.69368 2.98219e-28
 0.6938 3.07632e-28
 0.69392 3.17014e-28
 0.69404 3.26366e-28
 0.69416 3.35686e-28
 0.69428 3.44973e-28
 0.6944 3.54226e-28
 0.69452 3.63445e-28
 0.69464 3.72627e-28
 0.69476 3.81773e-28
 0.69488 3.90882e-28
 0.695 3.99952e-28
 0.69512 4.08982e-28
 0.69524 4.17972e-28
 0.69536 4.26921e-28
 0.69548 4.35827e-28
 0.6956 4.4469e-28
 0.69572 4.53509e-28
 0.69584 4.62282e-28
 0.69596 4.7101e-28
 0.69608 4.7969e-28
 0.6962 4.88323e-28
 0.69632 4.96906e-28
 0.69644 5.05439e-28
 0.69656 5.13922e-28
 0.69668 5.22353e-28
 0.6968 5.30731e-28
 0.69692 5.39055e-28
 0.69704 5.47325e-28
 0.69716 5.55539e-28
 0.69728 5.63696e-28
 0.6974 5.71796e-28
 0.69752 5.79838e-28
 0.69764 5.8782e-28
 0.69776 5.95742e-28
 0.69788 6.03602e-28
 0.698 6.11401e-28
 0.69812 6.19136e-28
 0.69824 6.26807e-28
 0.69836 6.34412e-28
 0.69848 6.41952e-28
 0.6986 6.49425e-28
 0.69872 6.5683e-28
 0.69884 6.64166e-28
 0.69896 6.71432e-28
 0.69908 6.78628e-28
 0.6992 6.85752e-28
 0.69932 6.92803e-28
 0.69944 6.9978e-28
 0.69956 7.06683e-28
 0.69968 7.1351e-28
 0.6998 7.20261e-28
 0.69992 7.26935e-28
 0.70004 7.3353e-28
 0.70016 7.40046e-28
 0.70028 7.46483e-28
 0.7004 7.52842e-28
 0.70052 7.59121e-28
 0.70064 7.65321e-28
 0.70076 7.71443e-28
 0.70088 7.77485e-28
 0.701 7.83448e-28
 0.70112 7.89333e-28
 0.70124 7.95138e-28
 0.70136 8.00864e-28
 0.70148 8.06512e-28
 0.7016 8.1208e-28
 0.70172 8.1757e-28
 0.70184 8.2298e-28
 0.70196 8.28312e-28
 0.70208 8.33564e-28
 0.7022 8.38738e-28
 0.70232 8.43832e-28
 0.70244 8.48848e-28
 0.70256 8.53784e-28
 0.70268 8.58642e-28
 0.7028 8.6342e-28
 0.70292 8.6812e-28
 0.70304 8.72741e-28
 0.70316 8.77282e-28
 0.70328 8.81745e-28
 0.7034 8.86129e-28
 0.70352 8.90433e-28
 0.70364 8.94659e-28
 0.70376 8.98806e-28
 0.70388 9.02873e-28
 0.704 9.06862e-28
 0.70412 9.10772e-28
 0.70424 9.14603e-28
 0.70436 9.18354e-28
 0.70448 9.22027e-28
 0.7046 9.25621e-28
 0.70472 9.29136e-28
 0.70484 9.32572e-28
 0.70496 9.35928e-28
 0.70508 9.39206e-28
 0.7052 9.42405e-28
 0.70532 9.45525e-28
 0.70544 9.48566e-28
 0.70556 9.51528e-28
 0.70568 9.54411e-28
 0.7058 9.57215e-28
 0.70592 9.5994e-28
 0.70604 9.62586e-28
 0.70616 9.65153e-28
 0.70628 9.67641e-28
 0.7064 9.7005e-28
 0.70652 9.7238e-28
 0.70664 9.74631e-28
 0.70676 9.76803e-28
 0.70688 9.78896e-28
 0.707 9.8091e-28
 0.70712 9.82845e-28
 0.70724 9.84702e-28
 0.70736 9.86479e-28
 0.70748 9.88177e-28
 0.7076 9.89796e-28
 0.70772 9.91336e-28
 0.70784 9.92797e-28
 0.70796 9.9418e-28
 0.70808 9.95483e-28
 0.7082 9.96707e-28
 0.70832 9.97852e-28
 0.70844 9.98919e-28
 0.70856 9.99906e-28
 0.70868 1.00081e-27
 0.7088 1.00164e-27
 0.70892 1.00239e-27
 0.70904 1.00307e-27
 0.70916 1.00366e-27
 0.70928 1.00417e-27
 0.7094 1.00461e-27
 0.70952 1.00496e-27
 0.70964 1.00524e-27
 0.70976 1.00544e-27
 0.70988 1.00555e-27
 0.71 1.00559e-27
 0.71012 1.00555e-27
 0.71024 1.00544e-27
 0.71036 1.00524e-27
 0.71048 1.00497e-27
 0.7106 1.00462e-27
 0.71072 1.00419e-27
 0.71084 1.00369e-27
 0.71096 1.00312e-27
 0.71108 1.00247e-27
 0.7112 1.00175e-27
 0.71132 1.00095e-27
 0.71144 1.00009e-27
 0.71156 9.9915e-28
 0.71168 9.98141e-28
 0.7118 9.97063e-28
 0.71192 9.95914e-28
 0.71204 9.94697e-28
 0.71216 9.93412e-28
 0.71228 9.92059e-28
 0.7124 9.90639e-28
 0.71252 9.89152e-28
 0.71264 9.876e-28
 0.71276 9.85983e-28
 0.71288 9.84301e-28
 0.713 9.82556e-28
 0.71312 9.80747e-28
 0.71324 9.78876e-28
 0.71336 9.76943e-28
 0.71348 9.74948e-28
 0.7136 9.72893e-28
 0.71372 9.70778e-28
 0.71384 9.68604e-28
 0.71396 9.6637e-28
 0.71408 9.64079e-28
 0.7142 9.6173e-28
 0.71432 9.59324e-28
 0.71444 9.56862e-28
 0.71456 9.54345e-28
 0.71468 9.51772e-28
 0.7148 9.49145e-28
 0.71492 9.46465e-28
 0.71504 9.43731e-28
 0.71516 9.40945e-28
 0.71528 9.38107e-28
 0.7154 9.35218e-28
 0.71552 9.32278e-28
 0.71564 9.29288e-28
 0.71576 9.26249e-28
 0.71588 9.23162e-28
 0.716 9.20026e-28
 0.71612 9.16843e-28
 0.71624 9.13613e-28
 0.71636 9.10338e-28
 0.71648 9.07016e-28
 0.7166 9.0365e-28
 0.71672 9.0024e-28
 0.71684 8.96785e-28
 0.71696 8.93288e-28
 0.71708 8.89749e-28
 0.7172 8.86168e-28
 0.71732 8.82546e-28
 0.71744 8.78883e-28
 0.71756 8.75181e-28
 0.71768 8.71439e-28
 0.7178 8.67659e-28
 0.71792 8.63841e-28
 0.71804 8.59986e-28
 0.71816 8.56094e-28
 0.71828 8.52166e-28
 0.7184 8.48203e-28
 0.71852 8.44205e-28
 0.71864 8.40172e-28
 0.71876 8.36107e-28
 0.71888 8.32008e-28
 0.719 8.27877e-28
 0.71912 8.23715e-28
 0.71924 8.19522e-28
 0.71936 8.15298e-28
 0.71948 8.11044e-28
 0.7196 8.06762e-28
 0.71972 8.02451e-28
 0.71984 7.98112e-28
 0.71996 7.93747e-28
 0.72008 7.89354e-28
 0.7202 7.84936e-28
 0.72032 7.80492e-28
 0.72044 7.76024e-28
 0.72056 7.71532e-28
 0.72068 7.67016e-28
 0.7208 7.62478e-28
 0.72092 7.57917e-28
 0.72104 7.53335e-28
 0.72116 7.48733e-28
 0.72128 7.4411e-28
 0.7214 7.39467e-28
 0.72152 7.34805e-28
 0.72164 7.30126e-28
 0.72176 7.25428e-28
 0.72188 7.20713e-28
 0.722 7.15982e-28
 0.72212 7.11235e-28
 0.72224 7.06473e-28
 0.72236 7.01697e-28
 0.72248 6.96906e-28
 0.7226 6.92102e-28
 0.72272 6.87286e-28
 0.72284 6.82458e-28
 0.72296 6.77618e-28
 0.72308 6.72767e-28
 0.7232 6.67907e-28
 0.72332 6.63037e-28
 0.72344 6.58158e-28
 0.72356 6.53271e-28
 0.72368 6.48376e-28
 0.7238 6.43474e-28
 0.72392 6.38566e-28
 0.72404 6.33652e-28
 0.72416 6.28734e-28
 0.72428 6.23811e-28
 0.7244 6.18884e-28
 0.72452 6.13953e-28
 0.72464 6.09021e-28
 0.72476 6.04086e-28
 0.72488 5.9915e-28
 0.725 5.94214e-28
 0.72512 5.89278e-28
 0.72524 5.84342e-28
 0.72536 5.79407e-28
 0.72548 5.74475e-28
 0.7256 5.69544e-28
 0.72572 5.64618e-28
 0.72584 5.59694e-28
 0.72596 5.54776e-28
 0.72608 5.49862e-28
 0.7262 5.44954e-28
 0.72632 5.40052e-28
 0.72644 5.35157e-28
 0.72656 5.3027e-28
 0.72668 5.25391e-28
 0.7268 5.20521e-28
 0.72692 5.15661e-28
 0.72704 5.1081e-28
 0.72716 5.0597e-28
 0.72728 5.01142e-28
 0.7274 4.96326e-28
 0.72752 4.91522e-28
 0.72764 4.86731e-28
 0.72776 4.81955e-28
 0.72788 4.77193e-28
 0.728 4.72446e-28
 0.72812 4.67715e-28
 0.72824 4.63e-28
 0.72836 4.58303e-28
 0.72848 4.53623e-28
 0.7286 4.48961e-28
 0.72872 4.44318e-28
 0.72884 4.39695e-28
 0.72896 4.35093e-28
 0.72908 4.30511e-28
 0.7292 4.2595e-28
 0.72932 4.21412e-28
 0.72944 4.16896e-28
 0.72956 4.12404e-28
 0.72968 4.07936e-28
 0.7298 4.03492e-28
 0.72992 3.99074e-28
 0.73004 3.94681e-28
 0.73016 3.90315e-28
 0.73028 3.85976e-28
 0.7304 3.81662e-28
 0.73052 3.77375e-28
 0.73064 3.73114e-28
 0.73076 3.6888e-28
 0.73088 3.64672e-28
 0.731 3.6049e-28
 0.73112 3.56334e-28
 0.73124 3.52205e-28
 0.73136 3.48102e-28
 0.73148 3.44026e-28
 0.7316 3.39976e-28
 0.73172 3.35952e-28
 0.73184 3.31954e-28
 0.73196 3.27983e-28
 0.73208 3.24038e-28
 0.7322 3.2012e-28
 0.73232 3.16228e-28
 0.73244 3.12362e-28
 0.73256 3.08522e-28
 0.73268 3.04709e-28
 0.7328 3.00922e-28
 0.73292 2.97162e-28
 0.73304 2.93427e-28
 0.73316 2.8972e-28
 0.73328 2.86038e-28
 0.7334 2.82383e-28
 0.73352 2.78754e-28
 0.73364 2.75151e-28
 0.73376 2.71575e-28
 0.73388 2.68025e-28
 0.734 2.64501e-28
 0.73412 2.61004e-28
 0.73424 2.57533e-28
 0.73436 2.54089e-28
 0.73448 2.5067e-28
 0.7346 2.47278e-28
 0.73472 2.43913e-28
 0.73484 2.40573e-28
 0.73496 2.3726e-28
 0.73508 2.33974e-28
 0.7352 2.30714e-28
 0.73532 2.2748e-28
 0.73544 2.24272e-28
 0.73556 2.21091e-28
 0.73568 2.17936e-28
 0.7358 2.14807e-28
 0.73592 2.11705e-28
 0.73604 2.08628e-28
 0.73616 2.05579e-28
 0.73628 2.02555e-28
 0.7364 1.99558e-28
 0.73652 1.96588e-28
 0.73664 1.93643e-28
 0.73676 1.90725e-28
 0.73688 1.87834e-28
 0.737 1.84968e-28
 0.73712 1.82129e-28
 0.73724 1.79316e-28
 0.73736 1.7653e-28
 0.73748 1.7377e-28
 0.7376 1.71036e-28
 0.73772 1.68329e-28
 0.73784 1.65648e-28
 0.73796 1.62993e-28
 0.73808 1.60364e-28
 0.7382 1.57762e-28
 0.73832 1.55187e-28
 0.73844 1.52637e-28
 0.73856 1.50114e-28
 0.73868 1.47617e-28
 0.7388 1.45147e-28
 0.73892 1.42703e-28
 0.73904 1.40285e-28
 0.73916 1.37893e-28
 0.73928 1.35528e-28
 0.7394 1.33189e-28
 0.73952 1.30877e-28
 0.73964 1.28591e-28
 0.73976 1.26331e-28
 0.73988 1.24097e-28
 0.74 1.2189e-28
 0.74012 1.19709e-28
 0.74024 1.17554e-28
 0.74036 1.15426e-28
 0.74048 1.13323e-28
 0.7406 1.11246e-28
 0.74072 1.09194e-28
 0.74084 1.07168e-28
 0.74096 1.05167e-28
 0.74108 1.03191e-28
 0.7412 1.0124e-28
 0.74132 9.93136e-29
 0.74144 9.74119e-29
 0.74156 9.55347e-29
 0.74168 9.36817e-29
 0.7418 9.18528e-29
 0.74192 9.00479e-29
 0.74204 8.82668e-29
 0.74216 8.65093e-29
 0.74228 8.47753e-29
 0.7424 8.30647e-29
 0.74252 8.13772e-29
 0.74264 7.97127e-29
 0.74276 7.80711e-29
 0.74288 7.64521e-29
 0.743 7.48557e-29
 0.74312 7.32817e-29
 0.74324 7.17299e-29
 0.74336 7.02002e-29
 0.74348 6.86924e-29
 0.7436 6.72063e-29
 0.74372 6.57418e-29
 0.74384 6.42987e-29
 0.74396 6.28769e-29
 0.74408 6.14763e-29
 0.7442 6.00966e-29
 0.74432 5.87376e-29
 0.74444 5.73994e-29
 0.74456 5.60816e-29
 0.74468 5.47841e-29
 0.7448 5.35068e-29
 0.74492 5.22495e-29
 0.74504 5.10121e-29
 0.74516 4.97943e-29
 0.74528 4.85961e-29
 0.7454 4.74173e-29
 0.74552 4.62577e-29
 0.74564 4.51171e-29
 0.74576 4.39955e-29
 0.74588 4.28926e-29
 0.746 4.18083e-29
 0.74612 4.07424e-29
 0.74624 3.96948e-29
 0.74636 3.86653e-29
 0.74648 3.76538e-29
 0.7466 3.666e-29
 0.74672 3.56839e-29
 0.74684 3.47253e-29
 0.74696 3.3784e-29
 0.74708 3.28599e-29
 0.7472 3.19527e-29
 0.74732 3.10625e-29
 0.74744 3.01889e-29
 0.74756 2.93318e-29
 0.74768 2.84912e-29
 0.7478 2.76667e-29
 0.74792 2.68583e-29
 0.74804 2.60658e-29
 0.74816 2.52891e-29
 0.74828 2.45279e-29
 0.7484 2.37822e-29
 0.74852 2.30518e-29
 0.74864 2.23364e-29
 0.74876 2.1636e-29
 0.74888 2.09504e-29
 0.749 2.02795e-29
 0.74912 1.9623e-29
 0.74924 1.89808e-29
 0.74936 1.83528e-29
 0.74948 1.77389e-29
 0.7496 1.71387e-29
 0.74972 1.65523e-29
 0.74984 1.59794e-29
 0.74996 1.54198e-29
 0.75008 1.48735e-29
 0.7502 1.43402e-29
 0.75032 1.38199e-29
 0.75044 1.33123e-29
 0.75056 1.28172e-29
 0.75068 1.23346e-29
 0.7508 1.18643e-29
 0.75092 1.14061e-29
 0.75104 1.09598e-29
 0.75116 1.05253e-29
 0.75128 1.01025e-29
 0.7514 9.69111e-30
 0.75152 9.29107e-30
 0.75164 8.9022e-30
 0.75176 8.52432e-30
 0.75188 8.1573e-30
 0.752 7.80096e-30
 0.75212 7.45516e-30
 0.75224 7.11973e-30
 0.75236 6.79451e-30
 0.75248 6.47936e-30
 0.7526 6.1741e-30
 0.75272 5.87858e-30
 0.75284 5.59265e-30
 0.75296 5.31614e-30
 0.75308 5.0489e-30
 0.7532 4.79077e-30
 0.75332 4.54159e-30
 0.75344 4.3012e-30
 0.75356 4.06945e-30
 0.75368 3.84618e-30
 0.7538 3.63123e-30
 0.75392 3.42444e-30
 0.75404 3.22565e-30
 0.75416 3.03471e-30
 0.75428 2.85145e-30
 0.7544 2.67573e-30
 0.75452 2.50738e-30
 0.75464 2.34624e-30
 0.75476 2.19216e-30
 0.75488 2.04498e-30
 0.755 1.90453e-30
 0.75512 1.77067e-30
 0.75524 1.64323e-30
 0.75536 1.52206e-30
 0.75548 1.407e-30
 0.7556 1.29789e-30
 0.75572 1.19456e-30
 0.75584 1.09688e-30
 0.75596 1.00467e-30
 0.75608 9.17776e-31
 0.7562 8.36044e-31
 0.75632 7.59315e-31
 0.75644 6.8743e-31
 0.75656 6.20231e-31
 0.75668 5.57561e-31
 0.7568 4.99262e-31
 0.75692 4.45175e-31
 0.75704 3.95142e-31
 0.75716 3.49006e-31
 0.75728 3.06609e-31
 0.7574 2.67792e-31
 0.75752 2.32399e-31
 0.75764 2.00269e-31
 0.75776 1.71247e-31
 0.75788 1.45173e-31
 0.758 1.2189e-31
 0.75812 1.0124e-31
 0.75824 8.30647e-32
 0.75836 6.72063e-32
 0.75848 5.35068e-32
 0.7586 4.18083e-32
 0.75872 3.19527e-32
 0.75884 2.37822e-32
 0.75896 1.71387e-32
 0.75908 1.18643e-32
 0.7592 7.80096e-33
 0.75932 4.79077e-33
 0.75944 2.67573e-33
 0.75956 1.29789e-33
 0.75968 4.99262e-34
 0.7598 1.2189e-34
 0.75992 7.80096e-36
 0.76004 0
 0.76016 0
 0.76028 0
 0.7604 0
 0.76052 0
 0.76064 0
 0.76076 0
 0.76088 0
 0.761 0
 0.76112 0
 0.76124 0
 0.76136 0
 0.76148 0
 0.7616 0
 0.76172 0
 0.76184 0
 0.76196 0
 0.76208 0
 0.7622 0
 0.76232 0
 0.76244 0
 0.76256 0
 0.76268 0
 0.7628 0
 0.76292 0
 0.76304 0
 0.76316 0
 0.76328 0
 0.7634 0
 0.76352 0
 0.76364 0
 0.76376 0
 0.76388 0
 0.764 0
 0.76412 0
 0.76424 0
 0.76436 0
 0.76448 0
 0.7646 0
 0.76472 0
 0.76484 0
 0.76496 0
 0.76508 0
 0.7652 0
 0.76532 0
 0.76544 0
 0.76556 0
 0.76568 0
 0.7658 0
 0.76592 0
 0.76604 0
 0.76616 0
 0.76628 0
 0.7664 0
 0.76652 0
 0.76664 0
 0.76676 0
 0.76688 0
 0.767 0
 0.76712 0
 0.76724 0
 0.76736 0
 0.76748 0
 0.7676 0
 0.76772 0
 0.76784 0
 0.76796 0
 0.76808 0
 0.7682 0
 0.76832 0
 0.76844 0
 0.76856 0
 0.76868 0
 0.7688 0
 0.76892 0
 0.76904 0
 0.76916 0
 0.76928 0
 0.7694 0
 0.76952 0
 0.76964 0
 0.76976 0
 0.76988 0
 0.77 0
 0.77012 0
 0.77024 0
 0.77036 0
 0.77048 0
 0.7706 0
 0.77072 0
 0.77084 0
 0.77096 0
 0.77108 0
 0.7712 0
 0.77132 0
 0.77144 0
 0.77156 0
 0.77168 0
 0.7718 0
 0.77192 0
 0.77204 0
 0.77216 0
 0.77228 0
 0.7724 0
 0.77252 0
 0.77264 0
 0.77276 0
 0.77288 0
 0.773 0
 0.77312 0
 0.77324 0
 0.77336 0
 0.77348 0
 0.7736 0
 0.77372 0
 0.77384 0
 0.77396 0
 0.77408 0
 0.7742 0
 0.77432 0
 0.77444 0
 0.77456 0
 0.77468 0
 0.7748 0
 0.77492 0
 0.77504 0
 0.77516 0
 0.77528 0
 0.7754 0
 0.77552 0
 0.77564 0
 0.77576 0
 0.77588 0
 0.776 0
 0.77612 0
 0.77624 0
 0.77636 0
 0.77648 0
 0.7766 0
 0.77672 0
 0.77684 0
 0.77696 0
 0.77708 0
 0.7772 0
 0.77732 0
 0.77744 0
 0.77756 0
 0.77768 0
 0.7778 0
 0.77792 0
 0.77804 0
 0.77816 0
 0.77828 0
 0.7784 0
 0.77852 0
 0.77864 0
 0.77876 0
 0.77888 0
 0.779 0
 0.77912 0
 0.77924 0
 0.77936 0
 0.77948 0
 0.7796 0
 0.77972 0
 0.77984 0
 0.77996 0
 0.78008 0
 0.7802 0
 0.78032 0
 0.78044 0
 0.78056 0
 0.78068 0
 0.7808 0
 0.78092 0
 0.78104 0
 0.78116 0
 0.78128 0
 0.7814 0
 0.78152 0
 0.78164 0
 0.78176 0
 0.78188 0
 0.782 0
 0.78212 0
 0.78224 0
 0.78236 0
 0.78248 0
 0.7826 0
 0.78272 0
 0.78284 0
 0.78296 0
 0.78308 0
 0.7832 0
 0.78332 0
 0.78344 0
 0.78356 0
 0.78368 0
 0.7838 0
 0.78392 0
 0.78404 0
 0.78416 0
 0.78428 0
 0.7844 0
 0.78452 0
 0.78464 0
 0.78476 0
 0.78488 0
 0.785 0
 0.78512 0
 0.78524 0
 0.78536 0
 0.78548 0
 0.7856 0
 0.78572 0
 0.78584 0
 0.78596 0
 0.78608 0
 0.7862 0
 0.78632 0
 0.78644 0
 0.78656 0
 0.78668 0
 0.7868 0
 0.78692 0
 0.78704 0
 0.78716 0
 0.78728 0
 0.7874 0
 0.78752 0
 0.78764 0
 0.78776 0
 0.78788 0
 0.788 0
 0.78812 0
 0.78824 0
 0.78836 0
 0.78848 0
 0.7886 0
 0.78872 0
 0.78884 0
 0.78896 0
 0.78908 0
 0.7892 0
 0.78932 0
 0.78944 0
 0.78956 0
 0.78968 0
 0.7898 0
 0.78992 0
 0.79004 0
 0.79016 0
 0.79028 0
 0.7904 0
 0.79052 0
 0.79064 0
 0.79076 0
 0.79088 0
 0.791 0
 0.79112 0
 0.79124 0
 0.79136 0
 0.79148 0
 0.7916 0
 0.79172 0
 0.79184 0
 0.79196 0
 0.79208 0
 0.7922 0
 0.79232 0
 0.79244 0
 0.79256 0
 0.79268 0
 0.7928 0
 0.79292 0
 0.79304 0
 0.79316 0
 0.79328 0
 0.7934 0
 0.79352 0
 0.79364 0
 0.79376 0
 0.79388 0
 0.794 0
 0.79412 0
 0.79424 0
 0.79436 0
 0.79448 0
 0.7946 0
 0.79472 0
 0.79484 0
 0.79496 0
 0.79508 0
 0.7952 0
 0.79532 0
 0.79544 0
 0.79556 0
 0.79568 0
 0.7958 0
 0.79592 0
 0.79604 0
 0.79616 0
 0.79628 0
 0.7964 0
 0.79652 0
 0.79664 0
 0.79676 0
 0.79688 0
 0.797 0
 0.79712 0
 0.79724 0
 0.79736 0
 0.79748 0
 0.7976 0
 0.79772 0
 0.79784 0
 0.79796 0
 0.79808 0
 0.7982 0
 0.79832 0
 0.79844 0
 0.79856 0
 0.79868 0
 0.7988 0
 0.79892 0
 0.79904 0
 0.79916 0
 0.79928 0
 0.7994 0
 0.79952 0
 0.79964 0
 0.79976 0
 0.79988 0
