 0.2 -0.135948
 0.20012 -0.136035
 0.20024 -0.136117
 0.20036 -0.136194
 0.20048 -0.136266
 0.2006 -0.136333
 0.20072 -0.136396
 0.20084 -0.136453
 0.20096 -0.136505
 0.20108 -0.136552
 0.2012 -0.136594
 0.20132 -0.136631
 0.20144 -0.136663
 0.20156 -0.13669
 0.20168 -0.136711
 0.2018 -0.136728
 0.20192 -0.136739
 0.20204 -0.136745
 0.20216 -0.136746
 0.20228 -0.136742
 0.2024 -0.136733
 0.20252 -0.136719
 0.20264 -0.1367
 0.20276 -0.136676
 0.20288 -0.136647
 0.203 -0.136613
 0.20312 -0.136574
 0.20324 -0.13653
 0.20336 -0.136481
 0.20348 -0.136427
 0.2036 -0.136369
 0.20372 -0.136305
 0.20384 -0.136237
 0.20396 -0.136163
 0.20408 -0.136085
 0.2042 -0.136002
 0.20432 -0.135915
 0.20444 -0.135822
 0.20456 -0.135725
 0.20468 -0.135623
 0.2048 -0.135517
 0.20492 -0.135406
 0.20504 -0.135291
 0.20516 -0.13517
 0.20528 -0.135046
 0.2054 -0.134916
 0.20552 -0.134782
 0.20564 -0.134644
 0.20576 -0.134501
 0.20588 -0.134353
 0.206 -0.1342
 0.20612 -0.134043
 0.20624 -0.133882
 0.20636 -0.133715
 0.20648 -0.133544
 0.2066 -0.133369
 0.20672 -0.133189
 0.20684 -0.133004
 0.20696 -0.132815
 0.20708 -0.132621
 0.2072 -0.132423
 0.20732 -0.13222
 0.20744 -0.132012
 0.20756 -0.1318
 0.20768 -0.131583
 0.2078 -0.131362
 0.20792 -0.131136
 0.20804 -0.130906
 0.20816 -0.130671
 0.20828 -0.130432
 0.2084 -0.130188
 0.20852 -0.129939
 0.20864 -0.129686
 0.20876 -0.129428
 0.20888 -0.129166
 0.209 -0.128899
 0.20912 -0.128628
 0.20924 -0.128351
 0.20936 -0.128071
 0.20948 -0.127785
 0.2096 -0.127495
 0.20972 -0.1272
 0.20984 -0.126901
 0.20996 -0.126596
 0.21008 -0.126287
 0.2102 -0.125974
 0.21032 -0.125656
 0.21044 -0.125333
 0.21056 -0.125005
 0.21068 -0.124673
 0.2108 -0.124336
 0.21092 -0.123994
 0.21104 -0.123648
 0.21116 -0.123297
 0.21128 -0.122941
 0.2114 -0.122581
 0.21152 -0.122216
 0.21164 -0.121846
 0.21176 -0.121472
 0.21188 -0.121093
 0.212 -0.12071
 0.21212 -0.120322
 0.21224 -0.119929
 0.21236 -0.119532
 0.21248 -0.11913
 0.2126 -0.118724
 0.21272 -0.118313
 0.21284 -0.117897
 0.21296 -0.117476
 0.21308 -0.117051
 0.2132 -0.116621
 0.21332 -0.116187
 0.21344 -0.115748
 0.21356 -0.115304
 0.21368 -0.114855
 0.2138 -0.114402
 0.21392 -0.113943
 0.21404 -0.113481
 0.21416 -0.113013
 0.21428 -0.11254
 0.2144 -0.112063
 0.21452 -0.111581
 0.21464 -0.111094
 0.21476 -0.110603
 0.21488 -0.110106
 0.215 -0.109605
 0.21512 -0.109098
 0.21524 -0.108587
 0.21536 -0.108071
 0.21548 -0.107551
 0.2156 -0.107025
 0.21572 -0.106494
 0.21584 -0.105959
 0.21596 -0.105418
 0.21608 -0.104873
 0.2162 -0.104322
 0.21632 -0.103767
 0.21644 -0.103207
 0.21656 -0.102642
 0.21668 -0.102071
 0.2168 -0.101496
 0.21692 -0.100916
 0.21704 -0.100331
 0.21716 -0.0997408
 0.21728 -0.0991458
 0.2174 -0.0985459
 0.21752 -0.097941
 0.21764 -0.0973311
 0.21776 -0.0967164
 0.21788 -0.0960966
 0.218 -0.0954719
 0.21812 -0.0948423
 0.21824 -0.0942078
 0.21836 -0.0935683
 0.21848 -0.0929239
 0.2186 -0.0922746
 0.21872 -0.0916203
 0.21884 -0.0909612
 0.21896 -0.0902971
 0.21908 -0.089628
 0.2192 -0.088954
 0.21932 -0.0882748
 0.21944 -0.0875906
 0.21956 -0.0869012
 0.21968 -0.0862066
 0.2198 -0.0855066
 0.21992 -0.0848013
 0.22004 -0.0840904
 0.22016 -0.0833741
 0.22028 -0.0826523
 0.2204 -0.0819247
 0.22052 -0.0811915
 0.22064 -0.0804525
 0.22076 -0.0797077
 0.22088 -0.078957
 0.221 -0.0782006
 0.22112 -0.0774384
 0.22124 -0.0766707
 0.22136 -0.0758973
 0.22148 -0.0751186
 0.2216 -0.0743344
 0.22172 -0.0735449
 0.22184 -0.0727502
 0.22196 -0.0719503
 0.22208 -0.0711452
 0.2222 -0.070335
 0.22232 -0.0695199
 0.22244 -0.0686997
 0.22256 -0.0678745
 0.22268 -0.0670445
 0.2228 -0.0662096
 0.22292 -0.0653699
 0.22304 -0.0645255
 0.22316 -0.0636763
 0.22328 -0.0628225
 0.2234 -0.061964
 0.22352 -0.061101
 0.22364 -0.0602334
 0.22376 -0.0593614
 0.22388 -0.0584851
 0.224 -0.0576044
 0.22412 -0.0567196
 0.22424 -0.0558306
 0.22436 -0.0549377
 0.22448 -0.0540407
 0.2246 -0.0531399
 0.22472 -0.0522353
 0.22484 -0.051327
 0.22496 -0.050415
 0.22508 -0.0494995
 0.2252 -0.0485806
 0.22532 -0.0476582
 0.22544 -0.0467326
 0.22556 -0.0458037
 0.22568 -0.0448717
 0.2258 -0.0439367
 0.22592 -0.0429987
 0.22604 -0.0420577
 0.22616 -0.041114
 0.22628 -0.0401675
 0.2264 -0.0392184
 0.22652 -0.0382668
 0.22664 -0.0373125
 0.22676 -0.0363559
 0.22688 -0.0353968
 0.227 -0.0344355
 0.22712 -0.0334718
 0.22724 -0.032506
 0.22736 -0.0315381
 0.22748 -0.030568
 0.2276 -0.029596
 0.22772 -0.0286221
 0.22784 -0.0276463
 0.22796 -0.0266686
 0.22808 -0.0256893
 0.2282 -0.0247082
 0.22832 -0.0237256
 0.22844 -0.0227415
 0.22856 -0.0217559
 0.22868 -0.020769
 0.2288 -0.0197809
 0.22892 -0.0187917
 0.22904 -0.0178015
 0.22916 -0.0168103
 0.22928 -0.0158183
 0.2294 -0.0148256
 0.22952 -0.0138323
 0.22964 -0.0128384
 0.22976 -0.011844
 0.22988 -0.0108494
 0.23 -0.00985442
 0.23012 -0.00885936
 0.23024 -0.00786426
 0.23036 -0.00686924
 0.23048 -0.00587439
 0.2306 -0.00487981
 0.23072 -0.00388561
 0.23084 -0.00289188
 0.23096 -0.00189871
 0.23108 -0.000906178
 0.2312 8.56537e-05
 0.23132 0.00107672
 0.23144 0.00206698
 0.23156 0.00305636
 0.23168 0.00404482
 0.2318 0.0050323
 0.23192 0.00601874
 0.23204 0.0070041
 0.23216 0.00798832
 0.23228 0.00897134
 0.2324 0.00995312
 0.23252 0.0109336
 0.23264 0.0119128
 0.23276 0.0128906
 0.23288 0.013867
 0.233 0.014842
 0.23312 0.0158155
 0.23324 0.0167875
 0.23336 0.0177579
 0.23348 0.0187266
 0.2336 0.0196937
 0.23372 0.0206591
 0.23384 0.0216226
 0.23396 0.0225844
 0.23408 0.0235442
 0.2342 0.0245022
 0.23432 0.0254583
 0.23444 0.0264125
 0.23456 0.0273646
 0.23468 0.0283148
 0.2348 0.0292629
 0.23492 0.030209
 0.23504 0.0311529
 0.23516 0.0320947
 0.23528 0.0330343
 0.2354 0.0339716
 0.23552 0.0349066
 0.23564 0.0358393
 0.23576 0.0367694
 0.23588 0.037697
 0.236 0.038622
 0.23612 0.0395444
 0.23624 0.0404641
 0.23636 0.041381
 0.23648 0.0422951
 0.2366 0.0432064
 0.23672 0.0441148
 0.23684 0.0450202
 0.23696 0.0459226
 0.23708 0.046822
 0.2372 0.0477183
 0.23732 0.0486114
 0.23744 0.0495014
 0.23756 0.0503883
 0.23768 0.0512718
 0.2378 0.0521522
 0.23792 0.0530292
 0.23804 0.0539028
 0.23816 0.0547731
 0.23828 0.0556398
 0.2384 0.0565031
 0.23852 0.0573627
 0.23864 0.0582186
 0.23876 0.0590709
 0.23888 0.0599193
 0.239 0.0607639
 0.23912 0.0616047
 0.23924 0.0624414
 0.23936 0.0632742
 0.23948 0.0641029
 0.2396 0.0649275
 0.23972 0.065748
 0.23984 0.0665642
 0.23996 0.0673762
 0.24008 0.068184
 0.2402 0.0689875
 0.24032 0.0697866
 0.24044 0.0705813
 0.24056 0.0713716
 0.24068 0.0721575
 0.2408 0.0729388
 0.24092 0.0737156
 0.24104 0.0744879
 0.24116 0.0752555
 0.24128 0.0760185
 0.2414 0.0767768
 0.24152 0.0775305
 0.24164 0.0782794
 0.24176 0.0790236
 0.24188 0.0797631
 0.242 0.0804978
 0.24212 0.0812277
 0.24224 0.0819528
 0.24236 0.082673
 0.24248 0.0833884
 0.2426 0.0840988
 0.24272 0.0848043
 0.24284 0.0855048
 0.24296 0.0862004
 0.24308 0.0868909
 0.2432 0.0875764
 0.24332 0.0882568
 0.24344 0.0889321
 0.24356 0.0896022
 0.24368 0.0902672
 0.2438 0.0909271
 0.24392 0.0915817
 0.24404 0.092231
 0.24416 0.0928751
 0.24428 0.0935139
 0.2444 0.0941474
 0.24452 0.0947756
 0.24464 0.0953983
 0.24476 0.0960157
 0.24488 0.0966276
 0.245 0.097234
 0.24512 0.097835
 0.24524 0.0984304
 0.24536 0.0990203
 0.24548 0.0996046
 0.2456 0.100183
 0.24572 0.100756
 0.24584 0.101324
 0.24596 0.101886
 0.24608 0.102442
 0.2462 0.102992
 0.24632 0.103536
 0.24644 0.104075
 0.24656 0.104608
 0.24668 0.105135
 0.2468 0.105656
 0.24692 0.106172
 0.24704 0.106681
 0.24716 0.107184
 0.24728 0.107682
 0.2474 0.108173
 0.24752 0.108659
 0.24764 0.109138
 0.24776 0.109611
 0.24788 0.110079
 0.248 0.11054
 0.24812 0.110995
 0.24824 0.111443
 0.24836 0.111886
 0.24848 0.112322
 0.2486 0.112752
 0.24872 0.113175
 0.24884 0.113592
 0.24896 0.114003
 0.24908 0.114407
 0.2492 0.114805
 0.24932 0.115195
 0.24944 0.11558
 0.24956 0.115957
 0.24968 0.116327
 0.2498 0.11669
 0.24992 0.117046
 0.25004 0.117395
 0.25016 0.117737
 0.25028 0.118071
 0.2504 0.118398
 0.25052 0.118717
 0.25064 0.119029
 0.25076 0.119333
 0.25088 0.119629
 0.251 0.119917
 0.25112 0.120197
 0.25124 0.120469
 0.25136 0.120734
 0.25148 0.120992
 0.2516 0.121241
 0.25172 0.121483
 0.25184 0.121718
 0.25196 0.121945
 0.25208 0.122165
 0.2522 0.122378
 0.25232 0.122583
 0.25244 0.12278
 0.25256 0.122971
 0.25268 0.123154
 0.2528 0.12333
 0.25292 0.123498
 0.25304 0.123659
 0.25316 0.123813
 0.25328 0.12396
 0.2534 0.124099
 0.25352 0.124231
 0.25364 0.124357
 0.25376 0.124474
 0.25388 0.124585
 0.254 0.124689
 0.25412 0.124786
 0.25424 0.124876
 0.25436 0.124959
 0.25448 0.125035
 0.2546 0.125105
 0.25472 0.125168
 0.25484 0.125224
 0.25496 0.125274
 0.25508 0.125318
 0.2552 0.125355
 0.25532 0.125386
 0.25544 0.12541
 0.25556 0.125429
 0.25568 0.125441
 0.2558 0.125447
 0.25592 0.125447
 0.25604 0.125442
 0.25616 0.12543
 0.25628 0.125413
 0.2564 0.125389
 0.25652 0.125361
 0.25664 0.125326
 0.25676 0.125286
 0.25688 0.125241
 0.257 0.125189
 0.25712 0.125133
 0.25724 0.125071
 0.25736 0.125003
 0.25748 0.124931
 0.2576 0.124853
 0.25772 0.124769
 0.25784 0.124681
 0.25796 0.124587
 0.25808 0.124488
 0.2582 0.124384
 0.25832 0.124275
 0.25844 0.124162
 0.25856 0.124043
 0.25868 0.123919
 0.2588 0.12379
 0.25892 0.123657
 0.25904 0.123518
 0.25916 0.123375
 0.25928 0.123228
 0.2594 0.123076
 0.25952 0.122919
 0.25964 0.122758
 0.25976 0.122592
 0.25988 0.122422
 0.26 0.122247
 0.26012 0.122068
 0.26024 0.121885
 0.26036 0.121698
 0.26048 0.121507
 0.2606 0.121311
 0.26072 0.121112
 0.26084 0.120908
 0.26096 0.120701
 0.26108 0.12049
 0.2612 0.120275
 0.26132 0.120056
 0.26144 0.119833
 0.26156 0.119607
 0.26168 0.119378
 0.2618 0.119144
 0.26192 0.118907
 0.26204 0.118667
 0.26216 0.118423
 0.26228 0.118175
 0.2624 0.117924
 0.26252 0.11767
 0.26264 0.117413
 0.26276 0.117152
 0.26288 0.116887
 0.263 0.11662
 0.26312 0.116349
 0.26324 0.116075
 0.26336 0.115798
 0.26348 0.115518
 0.2636 0.115235
 0.26372 0.114949
 0.26384 0.11466
 0.26396 0.114368
 0.26408 0.114073
 0.2642 0.113775
 0.26432 0.113475
 0.26444 0.113171
 0.26456 0.112865
 0.26468 0.112556
 0.2648 0.112245
 0.26492 0.11193
 0.26504 0.111613
 0.26516 0.111294
 0.26528 0.110971
 0.2654 0.110647
 0.26552 0.110319
 0.26564 0.109989
 0.26576 0.109657
 0.26588 0.109323
 0.266 0.108986
 0.26612 0.108647
 0.26624 0.108305
 0.26636 0.107962
 0.26648 0.107616
 0.2666 0.107268
 0.26672 0.106918
 0.26684 0.106566
 0.26696 0.106213
 0.26708 0.105857
 0.2672 0.105499
 0.26732 0.10514
 0.26744 0.104778
 0.26756 0.104415
 0.26768 0.10405
 0.2678 0.103684
 0.26792 0.103315
 0.26804 0.102945
 0.26816 0.102574
 0.26828 0.1022
 0.2684 0.101826
 0.26852 0.101449
 0.26864 0.101072
 0.26876 0.100693
 0.26888 0.100313
 0.269 0.099931
 0.26912 0.0995481
 0.26924 0.0991639
 0.26936 0.0987784
 0.26948 0.0983917
 0.2696 0.0980039
 0.26972 0.0976148
 0.26984 0.0972245
 0.26996 0.096833
 0.27008 0.0964403
 0.2702 0.0960464
 0.27032 0.0956514
 0.27044 0.0952551
 0.27056 0.0948578
 0.27068 0.0944593
 0.2708 0.0940596
 0.27092 0.0936589
 0.27104 0.093257
 0.27116 0.0928541
 0.27128 0.0924501
 0.2714 0.092045
 0.27152 0.0916388
 0.27164 0.0912316
 0.27176 0.0908233
 0.27188 0.090414
 0.272 0.0900036
 0.27212 0.0895922
 0.27224 0.0891797
 0.27236 0.0887663
 0.27248 0.0883518
 0.2726 0.0879363
 0.27272 0.0875198
 0.27284 0.0871023
 0.27296 0.0866838
 0.27308 0.0862644
 0.2732 0.0858439
 0.27332 0.0854225
 0.27344 0.0850002
 0.27356 0.0845768
 0.27368 0.0841526
 0.2738 0.0837273
 0.27392 0.0833012
 0.27404 0.0828741
 0.27416 0.0824461
 0.27428 0.0820171
 0.2744 0.0815873
 0.27452 0.0811566
 0.27464 0.0807249
 0.27476 0.0802924
 0.27488 0.0798589
 0.275 0.0794246
 0.27512 0.0789894
 0.27524 0.0785533
 0.27536 0.0781164
 0.27548 0.0776785
 0.2756 0.0772398
 0.27572 0.0768002
 0.27584 0.0763597
 0.27596 0.0759183
 0.27608 0.0754761
 0.2762 0.0750329
 0.27632 0.0745889
 0.27644 0.0741441
 0.27656 0.0736983
 0.27668 0.0732517
 0.2768 0.0728042
 0.27692 0.0723558
 0.27704 0.0719066
 0.27716 0.0714566
 0.27728 0.0710056
 0.2774 0.0705538
 0.27752 0.0701012
 0.27764 0.0696477
 0.27776 0.0691934
 0.27788 0.0687382
 0.278 0.0682822
 0.27812 0.0678253
 0.27824 0.0673676
 0.27836 0.0669091
 0.27848 0.0664499
 0.2786 0.0659899
 0.27872 0.0655292
 0.27884 0.0650678
 0.27896 0.0646057
 0.27908 0.064143
 0.2792 0.0636797
 0.27932 0.0632158
 0.27944 0.0627514
 0.27956 0.0622864
 0.27968 0.0618211
 0.2798 0.0613554
 0.27992 0.0608894
 0.28004 0.0604231
 0.28016 0.0599566
 0.28028 0.05949
 0.2804 0.0590234
 0.28052 0.0585567
 0.28064 0.0580902
 0.28076 0.0576238
 0.28088 0.0571577
 0.281 0.0566919
 0.28112 0.0562263
 0.28124 0.0557611
 0.28136 0.0552961
 0.28148 0.0548313
 0.2816 0.0543668
 0.28172 0.0539024
 0.28184 0.0534382
 0.28196 0.0529741
 0.28208 0.0525102
 0.2822 0.0520464
 0.28232 0.0515827
 0.28244 0.051119
 0.28256 0.0506555
 0.28268 0.050192
 0.2828 0.0497286
 0.28292 0.0492652
 0.28304 0.0488019
 0.28316 0.0483386
 0.28328 0.0478755
 0.2834 0.0474125
 0.28352 0.0469497
 0.28364 0.0464871
 0.28376 0.0460247
 0.28388 0.0455624
 0.284 0.0451003
 0.28412 0.0446384
 0.28424 0.0441766
 0.28436 0.0437149
 0.28448 0.0432533
 0.2846 0.0427919
 0.28472 0.0423306
 0.28484 0.0418693
 0.28496 0.0414081
 0.28508 0.040947
 0.2852 0.040486
 0.28532 0.040025
 0.28544 0.039564
 0.28556 0.0391031
 0.28568 0.0386422
 0.2858 0.0381813
 0.28592 0.0377205
 0.28604 0.0372597
 0.28616 0.0367988
 0.28628 0.0363379
 0.2864 0.035877
 0.28652 0.035416
 0.28664 0.034955
 0.28676 0.0344939
 0.28688 0.0340328
 0.287 0.0335716
 0.28712 0.0331104
 0.28724 0.0326491
 0.28736 0.0321878
 0.28748 0.0317264
 0.2876 0.031265
 0.28772 0.0308035
 0.28784 0.0303419
 0.28796 0.0298803
 0.28808 0.0294186
 0.2882 0.0289569
 0.28832 0.028495
 0.28844 0.0280331
 0.28856 0.0275711
 0.28868 0.027109
 0.2888 0.0266468
 0.28892 0.0261845
 0.28904 0.0257221
 0.28916 0.0252596
 0.28928 0.024797
 0.2894 0.0243342
 0.28952 0.0238714
 0.28964 0.0234084
 0.28976 0.0229453
 0.28988 0.022482
 0.29 0.0220186
 0.29012 0.0215551
 0.29024 0.0210914
 0.29036 0.0206275
 0.29048 0.0201635
 0.2906 0.0196993
 0.29072 0.0192349
 0.29084 0.0187704
 0.29096 0.0183056
 0.29108 0.0178407
 0.2912 0.0173755
 0.29132 0.0169101
 0.29144 0.0164445
 0.29156 0.0159787
 0.29168 0.0155127
 0.2918 0.0150465
 0.29192 0.0145801
 0.29204 0.0141135
 0.29216 0.0136467
 0.29228 0.0131796
 0.2924 0.0127123
 0.29252 0.0122447
 0.29264 0.0117768
 0.29276 0.0113086
 0.29288 0.0108402
 0.293 0.0103713
 0.29312 0.00990221
 0.29324 0.00943271
 0.29336 0.00896285
 0.29348 0.0084926
 0.2936 0.00802195
 0.29372 0.00755089
 0.29384 0.0070794
 0.29396 0.00660747
 0.29408 0.00613509
 0.2942 0.00566223
 0.29432 0.00518888
 0.29444 0.00471504
 0.29456 0.00424068
 0.29468 0.00376578
 0.2948 0.00329036
 0.29492 0.00281441
 0.29504 0.00233794
 0.29516 0.00186094
 0.29528 0.00138342
 0.2954 0.000905377
 0.29552 0.000426812
 0.29564 -5.2293e-05
 0.29576 -0.000531954
 0.29588 -0.00101218
 0.296 -0.00149298
 0.29612 -0.00197436
 0.29624 -0.0024563
 0.29636 -0.00293882
 0.29648 -0.00342191
 0.2966 -0.00390559
 0.29672 -0.00438984
 0.29684 -0.00487467
 0.29696 -0.00536009
 0.29708 -0.0058461
 0.2972 -0.00633269
 0.29732 -0.00681986
 0.29744 -0.00730759
 0.29756 -0.0077959
 0.29768 -0.00828481
 0.2978 -0.00877438
 0.29792 -0.00926462
 0.29804 -0.00975558
 0.29816 -0.0102473
 0.29828 -0.0107398
 0.2984 -0.0112331
 0.29852 -0.0117273
 0.29864 -0.0122224
 0.29876 -0.0127184
 0.29888 -0.0132152
 0.299 -0.0137128
 0.29912 -0.0142112
 0.29924 -0.0147104
 0.29936 -0.0152103
 0.29948 -0.0157108
 0.2996 -0.016212
 0.29972 -0.0167137
 0.29984 -0.017216
 0.29996 -0.0177187
 0.30008 -0.0182218
 0.3002 -0.0187254
 0.30032 -0.0192294
 0.30044 -0.0197337
 0.30056 -0.0202384
 0.30068 -0.0207433
 0.3008 -0.0212485
 0.30092 -0.021754
 0.30104 -0.0222597
 0.30116 -0.0227655
 0.30128 -0.0232716
 0.3014 -0.0237777
 0.30152 -0.024284
 0.30164 -0.0247903
 0.30176 -0.0252966
 0.30188 -0.025803
 0.302 -0.0263094
 0.30212 -0.0268157
 0.30224 -0.027322
 0.30236 -0.0278282
 0.30248 -0.0283342
 0.3026 -0.0288401
 0.30272 -0.0293458
 0.30284 -0.0298513
 0.30296 -0.0303566
 0.30308 -0.0308616
 0.3032 -0.0313663
 0.30332 -0.0318707
 0.30344 -0.0323747
 0.30356 -0.0328784
 0.30368 -0.0333817
 0.3038 -0.0338845
 0.30392 -0.0343869
 0.30404 -0.0348888
 0.30416 -0.0353901
 0.30428 -0.035891
 0.3044 -0.0363913
 0.30452 -0.036891
 0.30464 -0.0373901
 0.30476 -0.0378886
 0.30488 -0.0383864
 0.305 -0.0388835
 0.30512 -0.0393799
 0.30524 -0.0398756
 0.30536 -0.0403704
 0.30548 -0.0408644
 0.3056 -0.0413575
 0.30572 -0.0418497
 0.30584 -0.042341
 0.30596 -0.0428312
 0.30608 -0.0433205
 0.3062 -0.0438087
 0.30632 -0.0442959
 0.30644 -0.0447819
 0.30656 -0.0452668
 0.30668 -0.0457505
 0.3068 -0.0462329
 0.30692 -0.0467141
 0.30704 -0.047194
 0.30716 -0.0476726
 0.30728 -0.0481498
 0.3074 -0.0486256
 0.30752 -0.0491
 0.30764 -0.0495729
 0.30776 -0.0500443
 0.30788 -0.0505142
 0.308 -0.0509825
 0.30812 -0.0514492
 0.30824 -0.0519142
 0.30836 -0.0523776
 0.30848 -0.0528394
 0.3086 -0.0532994
 0.30872 -0.0537578
 0.30884 -0.0542143
 0.30896 -0.0546691
 0.30908 -0.0551221
 0.3092 -0.0555732
 0.30932 -0.0560224
 0.30944 -0.0564696
 0.30956 -0.056915
 0.30968 -0.0573585
 0.3098 -0.0578
 0.30992 -0.0582397
 0.31004 -0.0586774
 0.31016 -0.0591133
 0.31028 -0.0595473
 0.3104 -0.0599793
 0.31052 -0.0604096
 0.31064 -0.060838
 0.31076 -0.0612646
 0.31088 -0.0616896
 0.311 -0.0621129
 0.31112 -0.0625346
 0.31124 -0.0629547
 0.31136 -0.0633731
 0.31148 -0.0637899
 0.3116 -0.064205
 0.31172 -0.0646183
 0.31184 -0.0650299
 0.31196 -0.0654398
 0.31208 -0.0658478
 0.3122 -0.0662539
 0.31232 -0.0666582
 0.31244 -0.0670604
 0.31256 -0.0674607
 0.31268 -0.067859
 0.3128 -0.0682552
 0.31292 -0.0686493
 0.31304 -0.0690412
 0.31316 -0.069431
 0.31328 -0.0698187
 0.3134 -0.0702044
 0.31352 -0.070588
 0.31364 -0.0709696
 0.31376 -0.0713491
 0.31388 -0.0717266
 0.314 -0.0721022
 0.31412 -0.0724757
 0.31424 -0.0728472
 0.31436 -0.0732168
 0.31448 -0.0735843
 0.3146 -0.0739499
 0.31472 -0.0743135
 0.31484 -0.0746751
 0.31496 -0.0750347
 0.31508 -0.0753924
 0.3152 -0.075748
 0.31532 -0.0761017
 0.31544 -0.0764535
 0.31556 -0.0768032
 0.31568 -0.077151
 0.3158 -0.0774969
 0.31592 -0.0778409
 0.31604 -0.0781829
 0.31616 -0.0785229
 0.31628 -0.078861
 0.3164 -0.0791971
 0.31652 -0.0795313
 0.31664 -0.0798635
 0.31676 -0.0801938
 0.31688 -0.0805221
 0.317 -0.0808485
 0.31712 -0.0811729
 0.31724 -0.0814953
 0.31736 -0.0818158
 0.31748 -0.0821343
 0.3176 -0.0824508
 0.31772 -0.0827654
 0.31784 -0.083078
 0.31796 -0.0833885
 0.31808 -0.083697
 0.3182 -0.0840034
 0.31832 -0.0843078
 0.31844 -0.0846101
 0.31856 -0.0849103
 0.31868 -0.0852084
 0.3188 -0.0855044
 0.31892 -0.0857982
 0.31904 -0.0860898
 0.31916 -0.0863792
 0.31928 -0.0866665
 0.3194 -0.0869516
 0.31952 -0.0872344
 0.31964 -0.087515
 0.31976 -0.0877934
 0.31988 -0.0880695
 0.32 -0.0883434
 0.32012 -0.088615
 0.32024 -0.0888843
 0.32036 -0.0891514
 0.32048 -0.0894162
 0.3206 -0.0896786
 0.32072 -0.0899388
 0.32084 -0.0901966
 0.32096 -0.0904521
 0.32108 -0.0907052
 0.3212 -0.090956
 0.32132 -0.0912045
 0.32144 -0.0914505
 0.32156 -0.0916942
 0.32168 -0.0919355
 0.3218 -0.0921744
 0.32192 -0.092411
 0.32204 -0.092645
 0.32216 -0.0928767
 0.32228 -0.0931058
 0.3224 -0.0933325
 0.32252 -0.0935566
 0.32264 -0.0937781
 0.32276 -0.093997
 0.32288 -0.0942132
 0.323 -0.0944268
 0.32312 -0.0946377
 0.32324 -0.0948458
 0.32336 -0.0950511
 0.32348 -0.0952536
 0.3236 -0.0954533
 0.32372 -0.0956501
 0.32384 -0.095844
 0.32396 -0.0960349
 0.32408 -0.0962229
 0.3242 -0.0964078
 0.32432 -0.0965897
 0.32444 -0.0967686
 0.32456 -0.0969443
 0.32468 -0.0971169
 0.3248 -0.0972864
 0.32492 -0.0974526
 0.32504 -0.0976156
 0.32516 -0.0977755
 0.32528 -0.097932
 0.3254 -0.0980853
 0.32552 -0.0982353
 0.32564 -0.098382
 0.32576 -0.0985254
 0.32588 -0.0986654
 0.326 -0.098802
 0.32612 -0.0989353
 0.32624 -0.0990651
 0.32636 -0.0991916
 0.32648 -0.0993147
 0.3266 -0.0994344
 0.32672 -0.0995506
 0.32684 -0.0996634
 0.32696 -0.0997728
 0.32708 -0.0998787
 0.3272 -0.0999811
 0.32732 -0.10008
 0.32744 -0.100175
 0.32756 -0.100267
 0.32768 -0.100355
 0.3278 -0.10044
 0.32792 -0.100521
 0.32804 -0.100597
 0.32816 -0.10067
 0.32828 -0.100739
 0.3284 -0.100804
 0.32852 -0.100865
 0.32864 -0.100921
 0.32876 -0.100973
 0.32888 -0.101021
 0.329 -0.101065
 0.32912 -0.101104
 0.32924 -0.101139
 0.32936 -0.101171
 0.32948 -0.101198
 0.3296 -0.101221
 0.32972 -0.10124
 0.32984 -0.101255
 0.32996 -0.101266
 0.33008 -0.101273
 0.3302 -0.101276
 0.33032 -0.101275
 0.33044 -0.101271
 0.33056 -0.101262
 0.33068 -0.10125
 0.3308 -0.101234
 0.33092 -0.101215
 0.33104 -0.101191
 0.33116 -0.101164
 0.33128 -0.101134
 0.3314 -0.101099
 0.33152 -0.101061
 0.33164 -0.10102
 0.33176 -0.100974
 0.33188 -0.100926
 0.332 -0.100873
 0.33212 -0.100818
 0.33224 -0.100758
 0.33236 -0.100696
 0.33248 -0.100629
 0.3326 -0.10056
 0.33272 -0.100487
 0.33284 -0.100411
 0.33296 -0.100331
 0.33308 -0.100248
 0.3332 -0.100162
 0.33332 -0.100072
 0.33344 -0.0999793
 0.33356 -0.0998833
 0.33368 -0.099784
 0.3338 -0.0996816
 0.33392 -0.099576
 0.33404 -0.0994672
 0.33416 -0.0993553
 0.33428 -0.0992402
 0.3344 -0.099122
 0.33452 -0.0990007
 0.33464 -0.0988763
 0.33476 -0.0987487
 0.33488 -0.098618
 0.335 -0.0984843
 0.33512 -0.0983474
 0.33524 -0.0982075
 0.33536 -0.0980646
 0.33548 -0.0979186
 0.3356 -0.0977697
 0.33572 -0.0976177
 0.33584 -0.0974627
 0.33596 -0.0973048
 0.33608 -0.0971439
 0.3362 -0.0969801
 0.33632 -0.0968134
 0.33644 -0.0966437
 0.33656 -0.0964712
 0.33668 -0.0962958
 0.3368 -0.0961175
 0.33692 -0.0959364
 0.33704 -0.0957524
 0.33716 -0.0955656
 0.33728 -0.0953761
 0.3374 -0.0951837
 0.33752 -0.0949886
 0.33764 -0.0947907
 0.33776 -0.09459
 0.33788 -0.0943867
 0.338 -0.0941806
 0.33812 -0.0939718
 0.33824 -0.0937604
 0.33836 -0.0935462
 0.33848 -0.0933294
 0.3386 -0.09311
 0.33872 -0.0928879
 0.33884 -0.0926633
 0.33896 -0.0924361
 0.33908 -0.0922064
 0.3392 -0.0919742
 0.33932 -0.0917396
 0.33944 -0.0915026
 0.33956 -0.0912631
 0.33968 -0.0910213
 0.3398 -0.0907771
 0.33992 -0.0905304
 0.34004 -0.0902815
 0.34016 -0.0900301
 0.34028 -0.0897765
 0.3404 -0.0895204
 0.34052 -0.089262
 0.34064 -0.0890013
 0.34076 -0.088738
 0.34088 -0.0884723
 0.341 -0.0882041
 0.34112 -0.0879333
 0.34124 -0.0876599
 0.34136 -0.087384
 0.34148 -0.0871055
 0.3416 -0.0868245
 0.34172 -0.0865409
 0.34184 -0.0862548
 0.34196 -0.0859663
 0.34208 -0.0856753
 0.3422 -0.085382
 0.34232 -0.0850863
 0.34244 -0.0847884
 0.34256 -0.0844882
 0.34268 -0.0841859
 0.3428 -0.0838815
 0.34292 -0.083575
 0.34304 -0.0832665
 0.34316 -0.0829559
 0.34328 -0.0826433
 0.3434 -0.0823287
 0.34352 -0.0820121
 0.34364 -0.0816935
 0.34376 -0.0813728
 0.34388 -0.0810501
 0.344 -0.0807253
 0.34412 -0.0803984
 0.34424 -0.0800695
 0.34436 -0.0797386
 0.34448 -0.0794056
 0.3446 -0.0790706
 0.34472 -0.0787335
 0.34484 -0.0783944
 0.34496 -0.0780533
 0.34508 -0.0777103
 0.3452 -0.0773652
 0.34532 -0.0770182
 0.34544 -0.0766692
 0.34556 -0.0763183
 0.34568 -0.0759655
 0.3458 -0.0756107
 0.34592 -0.0752541
 0.34604 -0.0748956
 0.34616 -0.0745352
 0.34628 -0.0741731
 0.3464 -0.0738091
 0.34652 -0.0734433
 0.34664 -0.0730757
 0.34676 -0.0727063
 0.34688 -0.0723353
 0.347 -0.0719625
 0.34712 -0.071588
 0.34724 -0.0712119
 0.34736 -0.0708341
 0.34748 -0.0704547
 0.3476 -0.0700737
 0.34772 -0.0696911
 0.34784 -0.0693069
 0.34796 -0.0689213
 0.34808 -0.0685343
 0.3482 -0.0681458
 0.34832 -0.067756
 0.34844 -0.0673649
 0.34856 -0.0669724
 0.34868 -0.0665788
 0.3488 -0.0661839
 0.34892 -0.0657878
 0.34904 -0.0653907
 0.34916 -0.0649925
 0.34928 -0.0645932
 0.3494 -0.0641928
 0.34952 -0.0637915
 0.34964 -0.0633891
 0.34976 -0.0629858
 0.34988 -0.0625815
 0.35 -0.0621763
 0.35012 -0.0617701
 0.35024 -0.0613631
 0.35036 -0.0609552
 0.35048 -0.0605464
 0.3506 -0.0601368
 0.35072 -0.0597264
 0.35084 -0.0593152
 0.35096 -0.0589032
 0.35108 -0.0584905
 0.3512 -0.0580771
 0.35132 -0.057663
 0.35144 -0.0572481
 0.35156 -0.0568327
 0.35168 -0.0564166
 0.3518 -0.0559998
 0.35192 -0.0555825
 0.35204 -0.0551646
 0.35216 -0.0547462
 0.35228 -0.0543273
 0.3524 -0.0539079
 0.35252 -0.0534881
 0.35264 -0.053068
 0.35276 -0.0526475
 0.35288 -0.0522267
 0.353 -0.0518056
 0.35312 -0.0513843
 0.35324 -0.0509628
 0.35336 -0.0505412
 0.35348 -0.0501195
 0.3536 -0.0496977
 0.35372 -0.0492758
 0.35384 -0.048854
 0.35396 -0.0484322
 0.35408 -0.0480105
 0.3542 -0.0475889
 0.35432 -0.0471675
 0.35444 -0.0467462
 0.35456 -0.0463252
 0.35468 -0.0459045
 0.3548 -0.045484
 0.35492 -0.0450639
 0.35504 -0.0446442
 0.35516 -0.0442249
 0.35528 -0.0438061
 0.3554 -0.0433877
 0.35552 -0.0429699
 0.35564 -0.0425526
 0.35576 -0.0421359
 0.35588 -0.0417198
 0.356 -0.0413043
 0.35612 -0.0408895
 0.35624 -0.0404755
 0.35636 -0.0400621
 0.35648 -0.0396495
 0.3566 -0.0392376
 0.35672 -0.0388266
 0.35684 -0.0384164
 0.35696 -0.038007
 0.35708 -0.0375986
 0.3572 -0.0371911
 0.35732 -0.0367846
 0.35744 -0.0363791
 0.35756 -0.0359749
 0.35768 -0.0355718
 0.3578 -0.0351701
 0.35792 -0.0347698
 0.35804 -0.034371
 0.35816 -0.0339739
 0.35828 -0.0335785
 0.3584 -0.0331848
 0.35852 -0.0327931
 0.35864 -0.0324033
 0.35876 -0.0320155
 0.35888 -0.0316297
 0.359 -0.031246
 0.35912 -0.0308644
 0.35924 -0.0304849
 0.35936 -0.0301076
 0.35948 -0.0297324
 0.3596 -0.0293594
 0.35972 -0.0289886
 0.35984 -0.0286199
 0.35996 -0.0282534
 0.36008 -0.0278891
 0.3602 -0.0275269
 0.36032 -0.0271668
 0.36044 -0.0268088
 0.36056 -0.0264529
 0.36068 -0.0260991
 0.3608 -0.0257473
 0.36092 -0.0253976
 0.36104 -0.0250499
 0.36116 -0.0247042
 0.36128 -0.0243604
 0.3614 -0.0240186
 0.36152 -0.0236787
 0.36164 -0.0233406
 0.36176 -0.0230044
 0.36188 -0.02267
 0.362 -0.0223374
 0.36212 -0.0220066
 0.36224 -0.0216776
 0.36236 -0.0213503
 0.36248 -0.0210247
 0.3626 -0.0207008
 0.36272 -0.0203785
 0.36284 -0.0200579
 0.36296 -0.0197389
 0.36308 -0.0194215
 0.3632 -0.0191057
 0.36332 -0.0187915
 0.36344 -0.0184787
 0.36356 -0.0181675
 0.36368 -0.0178578
 0.3638 -0.0175495
 0.36392 -0.0172427
 0.36404 -0.0169373
 0.36416 -0.0166334
 0.36428 -0.0163309
 0.3644 -0.0160299
 0.36452 -0.0157304
 0.36464 -0.0154323
 0.36476 -0.0151356
 0.36488 -0.0148405
 0.365 -0.0145468
 0.36512 -0.0142546
 0.36524 -0.0139639
 0.36536 -0.0136747
 0.36548 -0.013387
 0.3656 -0.0131007
 0.36572 -0.012816
 0.36584 -0.0125328
 0.36596 -0.012251
 0.36608 -0.0119708
 0.3662 -0.0116921
 0.36632 -0.0114149
 0.36644 -0.0111392
 0.36656 -0.0108651
 0.36668 -0.0105925
 0.3668 -0.0103214
 0.36692 -0.0100518
 0.36704 -0.00978383
 0.36716 -0.00951736
 0.36728 -0.00925245
 0.3674 -0.00898911
 0.36752 -0.00872734
 0.36764 -0.00846717
 0.36776 -0.00820859
 0.36788 -0.00795164
 0.368 -0.00769631
 0.36812 -0.00744263
 0.36824 -0.00719059
 0.36836 -0.00694023
 0.36848 -0.00669154
 0.3686 -0.00644453
 0.36872 -0.00619921
 0.36884 -0.00595555
 0.36896 -0.00571355
 0.36908 -0.0054732
 0.3692 -0.00523449
 0.36932 -0.0049974
 0.36944 -0.00476193
 0.36956 -0.00452806
 0.36968 -0.0042958
 0.3698 -0.00406514
 0.36992 -0.00383606
 0.37004 -0.00360858
 0.37016 -0.00338266
 0.37028 -0.00315832
 0.3704 -0.00293555
 0.37052 -0.00271436
 0.37064 -0.00249478
 0.37076 -0.00227682
 0.37088 -0.00206051
 0.371 -0.00184586
 0.37112 -0.00163289
 0.37124 -0.00142162
 0.37136 -0.00121205
 0.37148 -0.00100416
 0.3716 -0.000797936
 0.37172 -0.000593368
 0.37184 -0.000390435
 0.37196 -0.000189107
 0.37208 1.06597e-05
 0.3722 0.000208905
 0.37232 0.000405671
 0.37244 0.000600999
 0.37256 0.000794928
 0.37268 0.000987502
 0.3728 0.00117876
 0.37292 0.00136874
 0.37304 0.00155748
 0.37316 0.00174502
 0.37328 0.00193138
 0.3734 0.00211658
 0.37352 0.00230062
 0.37364 0.00248351
 0.37376 0.00266523
 0.37388 0.00284579
 0.374 0.00302519
 0.37412 0.00320343
 0.37424 0.00338052
 0.37436 0.00355647
 0.37448 0.00373128
 0.3746 0.00390495
 0.37472 0.00407749
 0.37484 0.00424892
 0.37496 0.00441928
 0.37508 0.0045886
 0.3752 0.00475691
 0.37532 0.00492422
 0.37544 0.00509054
 0.37556 0.00525591
 0.37568 0.00542036
 0.3758 0.00558391
 0.37592 0.00574661
 0.37604 0.00590848
 0.37616 0.00606956
 0.37628 0.00622987
 0.3764 0.00638946
 0.37652 0.00654835
 0.37664 0.00670658
 0.37676 0.00686419
 0.37688 0.00702121
 0.377 0.00717765
 0.37712 0.00733355
 0.37724 0.00748892
 0.37736 0.0076438
 0.37748 0.00779822
 0.3776 0.00795219
 0.37772 0.00810576
 0.37784 0.00825895
 0.37796 0.00841179
 0.37808 0.00856434
 0.3782 0.0087166
 0.37832 0.00886863
 0.37844 0.00902046
 0.37856 0.00917211
 0.37868 0.00932363
 0.3788 0.00947504
 0.37892 0.00962639
 0.37904 0.00977769
 0.37916 0.009929
 0.37928 0.0100803
 0.3794 0.0102317
 0.37952 0.010383
 0.37964 0.0105344
 0.37976 0.0106858
 0.37988 0.0108373
 0.38 0.0109889
 0.38012 0.0111407
 0.38024 0.0112926
 0.38036 0.0114447
 0.38048 0.0115969
 0.3806 0.0117494
 0.38072 0.0119022
 0.38084 0.0120552
 0.38096 0.0122085
 0.38108 0.0123621
 0.3812 0.012516
 0.38132 0.0126703
 0.38144 0.012825
 0.38156 0.0129801
 0.38168 0.0131356
 0.3818 0.0132916
 0.38192 0.013448
 0.38204 0.0136049
 0.38216 0.0137624
 0.38228 0.0139204
 0.3824 0.0140789
 0.38252 0.0142381
 0.38264 0.0143979
 0.38276 0.0145583
 0.38288 0.0147194
 0.383 0.0148812
 0.38312 0.0150437
 0.38324 0.015207
 0.38336 0.0153711
 0.38348 0.015536
 0.3836 0.0157017
 0.38372 0.0158682
 0.38384 0.0160356
 0.38396 0.016204
 0.38408 0.0163733
 0.3842 0.0165435
 0.38432 0.0167147
 0.38444 0.016887
 0.38456 0.0170603
 0.38468 0.0172346
 0.3848 0.0174101
 0.38492 0.0175866
 0.38504 0.0177644
 0.38516 0.0179432
 0.38528 0.0181233
 0.3854 0.0183046
 0.38552 0.0184872
 0.38564 0.018671
 0.38576 0.0188561
 0.38588 0.0190426
 0.386 0.0192304
 0.38612 0.0194196
 0.38624 0.0196102
 0.38636 0.0198022
 0.38648 0.0199956
 0.3866 0.0201905
 0.38672 0.020387
 0.38684 0.0205849
 0.38696 0.0207844
 0.38708 0.0209855
 0.3872 0.0211882
 0.38732 0.0213926
 0.38744 0.0215988
 0.38756 0.0218069
 0.38768 0.0220168
 0.3878 0.0222288
 0.38792 0.0224429
 0.38804 0.022659
 0.38816 0.0228774
 0.38828 0.0230981
 0.3884 0.0233212
 0.38852 0.0235467
 0.38864 0.0237746
 0.38876 0.0240051
 0.38888 0.0242382
 0.389 0.0244738
 0.38912 0.0247122
 0.38924 0.0249533
 0.38936 0.0251973
 0.38948 0.0254441
 0.3896 0.0256939
 0.38972 0.0259467
 0.38984 0.0262024
 0.38996 0.0264612
 0.39008 0.0267229
 0.3902 0.0269877
 0.39032 0.0272555
 0.39044 0.0275263
 0.39056 0.0278001
 0.39068 0.0280769
 0.3908 0.0283567
 0.39092 0.0286393
 0.39104 0.0289249
 0.39116 0.0292133
 0.39128 0.0295044
 0.3914 0.0297982
 0.39152 0.0300946
 0.39164 0.0303936
 0.39176 0.0306952
 0.39188 0.0309992
 0.392 0.0313056
 0.39212 0.0316144
 0.39224 0.0319255
 0.39236 0.0322389
 0.39248 0.0325544
 0.3926 0.0328721
 0.39272 0.033192
 0.39284 0.0335138
 0.39296 0.0338377
 0.39308 0.0341636
 0.3932 0.0344913
 0.39332 0.034821
 0.39344 0.0351524
 0.39356 0.0354856
 0.39368 0.0358205
 0.3938 0.036157
 0.39392 0.0364952
 0.39404 0.0368349
 0.39416 0.0371762
 0.39428 0.0375191
 0.3944 0.0378633
 0.39452 0.0382091
 0.39464 0.0385562
 0.39476 0.0389048
 0.39488 0.0392547
 0.395 0.039606
 0.39512 0.0399586
 0.39524 0.0403126
 0.39536 0.0406678
 0.39548 0.0410243
 0.3956 0.0413821
 0.39572 0.0417411
 0.39584 0.0421013
 0.39596 0.0424627
 0.39608 0.0428253
 0.3962 0.043189
 0.39632 0.0435539
 0.39644 0.04392
 0.39656 0.0442871
 0.39668 0.0446553
 0.3968 0.0450246
 0.39692 0.045395
 0.39704 0.0457663
 0.39716 0.0461388
 0.39728 0.0465122
 0.3974 0.0468867
 0.39752 0.0472622
 0.39764 0.0476389
 0.39776 0.0480166
 0.39788 0.0483954
 0.398 0.0487754
 0.39812 0.0491565
 0.39824 0.0495387
 0.39836 0.0499222
 0.39848 0.0503068
 0.3986 0.0506927
 0.39872 0.0510797
 0.39884 0.0514679
 0.39896 0.0518573
 0.39908 0.0522478
 0.3992 0.0526395
 0.39932 0.0530322
 0.39944 0.0534261
 0.39956 0.053821
 0.39968 0.054217
 0.3998 0.0546139
 0.39992 0.0550119
 0.40004 0.0554109
 0.40016 0.0558108
 0.40028 0.0562116
 0.4004 0.0566134
 0.40052 0.057016
 0.40064 0.0574195
 0.40076 0.0578239
 0.40088 0.0582291
 0.401 0.0586352
 0.40112 0.059042
 0.40124 0.0594496
 0.40136 0.059858
 0.40148 0.0602671
 0.4016 0.0606768
 0.40172 0.0610872
 0.40184 0.0614982
 0.40196 0.0619097
 0.40208 0.0623217
 0.4022 0.0627341
 0.40232 0.0631469
 0.40244 0.06356
 0.40256 0.0639735
 0.40268 0.0643871
 0.4028 0.064801
 0.40292 0.065215
 0.40304 0.065629
 0.40316 0.0660431
 0.40328 0.0664572
 0.4034 0.0668712
 0.40352 0.0672851
 0.40364 0.0676989
 0.40376 0.0681125
 0.40388 0.068526
 0.404 0.0689393
 0.40412 0.0693523
 0.40424 0.0697651
 0.40436 0.0701775
 0.40448 0.0705897
 0.4046 0.0710015
 0.40472 0.0714129
 0.40484 0.071824
 0.40496 0.0722345
 0.40508 0.0726445
 0.4052 0.073054
 0.40532 0.073463
 0.40544 0.0738713
 0.40556 0.074279
 0.40568 0.0746861
 0.4058 0.0750924
 0.40592 0.0754979
 0.40604 0.0759027
 0.40616 0.0763065
 0.40628 0.0767095
 0.4064 0.0771115
 0.40652 0.0775124
 0.40664 0.0779124
 0.40676 0.0783112
 0.40688 0.0787089
 0.407 0.0791054
 0.40712 0.0795007
 0.40724 0.0798947
 0.40736 0.0802875
 0.40748 0.0806789
 0.4076 0.081069
 0.40772 0.0814577
 0.40784 0.081845
 0.40796 0.0822308
 0.40808 0.0826151
 0.4082 0.0829979
 0.40832 0.0833792
 0.40844 0.0837588
 0.40856 0.0841368
 0.40868 0.0845132
 0.4088 0.0848878
 0.40892 0.0852608
 0.40904 0.0856319
 0.40916 0.0860013
 0.40928 0.0863688
 0.4094 0.0867345
 0.40952 0.0870984
 0.40964 0.0874604
 0.40976 0.0878204
 0.40988 0.0881784
 0.41 0.0885344
 0.41012 0.0888882
 0.41024 0.0892399
 0.41036 0.0895894
 0.41048 0.0899366
 0.4106 0.0902815
 0.41072 0.090624
 0.41084 0.0909641
 0.41096 0.0913017
 0.41108 0.0916367
 0.4112 0.0919692
 0.41132 0.092299
 0.41144 0.0926262
 0.41156 0.0929506
 0.41168 0.0932722
 0.4118 0.0935909
 0.41192 0.0939068
 0.41204 0.0942197
 0.41216 0.0945297
 0.41228 0.0948367
 0.4124 0.0951406
 0.41252 0.0954414
 0.41264 0.0957391
 0.41276 0.0960336
 0.41288 0.0963249
 0.413 0.0966129
 0.41312 0.0968976
 0.41324 0.0971789
 0.41336 0.0974568
 0.41348 0.0977313
 0.4136 0.0980023
 0.41372 0.0982697
 0.41384 0.0985336
 0.41396 0.0987938
 0.41408 0.0990504
 0.4142 0.0993033
 0.41432 0.0995524
 0.41444 0.0997977
 0.41456 0.100039
 0.41468 0.100277
 0.4148 0.10051
 0.41492 0.10074
 0.41504 0.100966
 0.41516 0.101187
 0.41528 0.101405
 0.4154 0.101618
 0.41552 0.101827
 0.41564 0.102032
 0.41576 0.102232
 0.41588 0.102428
 0.416 0.10262
 0.41612 0.102807
 0.41624 0.10299
 0.41636 0.103169
 0.41648 0.103343
 0.4166 0.103512
 0.41672 0.103677
 0.41684 0.103836
 0.41696 0.103992
 0.41708 0.104142
 0.4172 0.104288
 0.41732 0.104429
 0.41744 0.104565
 0.41756 0.104696
 0.41768 0.104822
 0.4178 0.104942
 0.41792 0.105058
 0.41804 0.105168
 0.41816 0.105273
 0.41828 0.105372
 0.4184 0.105467
 0.41852 0.105555
 0.41864 0.105638
 0.41876 0.105716
 0.41888 0.105787
 0.419 0.105853
 0.41912 0.105913
 0.41924 0.105968
 0.41936 0.106016
 0.41948 0.106059
 0.4196 0.106095
 0.41972 0.106125
 0.41984 0.106149
 0.41996 0.106167
 0.42008 0.106179
 0.4202 0.106184
 0.42032 0.106183
 0.42044 0.106176
 0.42056 0.106162
 0.42068 0.106143
 0.4208 0.106117
 0.42092 0.106085
 0.42104 0.106047
 0.42116 0.106002
 0.42128 0.105952
 0.4214 0.105897
 0.42152 0.105835
 0.42164 0.105768
 0.42176 0.105695
 0.42188 0.105616
 0.422 0.105532
 0.42212 0.105443
 0.42224 0.105348
 0.42236 0.105247
 0.42248 0.105142
 0.4226 0.105031
 0.42272 0.104916
 0.42284 0.104795
 0.42296 0.104669
 0.42308 0.104538
 0.4232 0.104402
 0.42332 0.104262
 0.42344 0.104117
 0.42356 0.103967
 0.42368 0.103812
 0.4238 0.103653
 0.42392 0.10349
 0.42404 0.103322
 0.42416 0.103149
 0.42428 0.102973
 0.4244 0.102792
 0.42452 0.102607
 0.42464 0.102418
 0.42476 0.102224
 0.42488 0.102027
 0.425 0.101826
 0.42512 0.101621
 0.42524 0.101411
 0.42536 0.101198
 0.42548 0.100982
 0.4256 0.100761
 0.42572 0.100536
 0.42584 0.100308
 0.42596 0.100076
 0.42608 0.0998411
 0.4262 0.099602
 0.42632 0.0993594
 0.42644 0.0991132
 0.42656 0.0988636
 0.42668 0.0986104
 0.4268 0.0983539
 0.42692 0.0980939
 0.42704 0.0978305
 0.42716 0.0975638
 0.42728 0.0972938
 0.4274 0.0970204
 0.42752 0.0967436
 0.42764 0.0964634
 0.42776 0.0961797
 0.42788 0.0958927
 0.428 0.0956022
 0.42812 0.0953082
 0.42824 0.0950107
 0.42836 0.0947097
 0.42848 0.0944051
 0.4286 0.0940971
 0.42872 0.0937855
 0.42884 0.0934704
 0.42896 0.0931518
 0.42908 0.0928298
 0.4292 0.0925043
 0.42932 0.0921755
 0.42944 0.0918433
 0.42956 0.0915077
 0.42968 0.0911688
 0.4298 0.0908266
 0.42992 0.0904812
 0.43004 0.0901325
 0.43016 0.0897806
 0.43028 0.0894256
 0.4304 0.0890675
 0.43052 0.0887062
 0.43064 0.0883418
 0.43076 0.0879744
 0.43088 0.0876041
 0.431 0.0872307
 0.43112 0.0868544
 0.43124 0.0864752
 0.43136 0.0860931
 0.43148 0.0857083
 0.4316 0.0853206
 0.43172 0.0849303
 0.43184 0.0845373
 0.43196 0.0841418
 0.43208 0.0837438
 0.4322 0.0833433
 0.43232 0.0829405
 0.43244 0.0825353
 0.43256 0.0821279
 0.43268 0.0817182
 0.4328 0.0813065
 0.43292 0.0808926
 0.43304 0.0804767
 0.43316 0.0800589
 0.43328 0.0796392
 0.4334 0.0792176
 0.43352 0.0787942
 0.43364 0.0783691
 0.43376 0.0779423
 0.43388 0.0775139
 0.434 0.0770839
 0.43412 0.0766525
 0.43424 0.0762195
 0.43436 0.0757851
 0.43448 0.0753494
 0.4346 0.0749124
 0.43472 0.0744741
 0.43484 0.0740346
 0.43496 0.0735939
 0.43508 0.0731521
 0.4352 0.0727093
 0.43532 0.0722653
 0.43544 0.0718204
 0.43556 0.0713745
 0.43568 0.0709276
 0.4358 0.0704799
 0.43592 0.0700314
 0.43604 0.0695821
 0.43616 0.069132
 0.43628 0.0686813
 0.4364 0.0682299
 0.43652 0.067778
 0.43664 0.0673256
 0.43676 0.0668726
 0.43688 0.0664192
 0.437 0.0659655
 0.43712 0.0655113
 0.43724 0.0650569
 0.43736 0.0646021
 0.43748 0.0641472
 0.4376 0.0636921
 0.43772 0.0632369
 0.43784 0.0627816
 0.43796 0.0623264
 0.43808 0.0618711
 0.4382 0.0614159
 0.43832 0.0609608
 0.43844 0.0605059
 0.43856 0.0600512
 0.43868 0.0595968
 0.4388 0.0591426
 0.43892 0.0586889
 0.43904 0.0582355
 0.43916 0.0577826
 0.43928 0.0573301
 0.4394 0.0568782
 0.43952 0.0564269
 0.43964 0.0559762
 0.43976 0.0555263
 0.43988 0.0550771
 0.44 0.0546288
 0.44012 0.0541815
 0.44024 0.0537352
 0.44036 0.0532901
 0.44048 0.0528462
 0.4406 0.0524036
 0.44072 0.0519624
 0.44084 0.0515226
 0.44096 0.0510845
 0.44108 0.050648
 0.4412 0.0502133
 0.44132 0.0497804
 0.44144 0.0493495
 0.44156 0.0489206
 0.44168 0.0484937
 0.4418 0.0480691
 0.44192 0.0476466
 0.44204 0.0472264
 0.44216 0.0468086
 0.44228 0.0463932
 0.4424 0.0459802
 0.44252 0.0455698
 0.44264 0.045162
 0.44276 0.0447569
 0.44288 0.0443545
 0.443 0.0439549
 0.44312 0.0435581
 0.44324 0.0431643
 0.44336 0.0427734
 0.44348 0.0423856
 0.4436 0.0420009
 0.44372 0.0416194
 0.44384 0.0412412
 0.44396 0.0408662
 0.44408 0.0404947
 0.4442 0.0401266
 0.44432 0.039762
 0.44444 0.0394009
 0.44456 0.0390436
 0.44468 0.0386899
 0.4448 0.0383399
 0.44492 0.0379938
 0.44504 0.0376516
 0.44516 0.0373133
 0.44528 0.036979
 0.4454 0.0366488
 0.44552 0.0363227
 0.44564 0.0360009
 0.44576 0.0356832
 0.44588 0.0353699
 0.446 0.035061
 0.44612 0.0347564
 0.44624 0.0344564
 0.44636 0.0341608
 0.44648 0.0338698
 0.4466 0.0335834
 0.44672 0.0333016
 0.44684 0.0330246
 0.44696 0.0327522
 0.44708 0.0324847
 0.4472 0.0322219
 0.44732 0.0319641
 0.44744 0.0317111
 0.44756 0.0314632
 0.44768 0.0312203
 0.4478 0.0309825
 0.44792 0.0307498
 0.44804 0.0305223
 0.44816 0.0303001
 0.44828 0.0300831
 0.4484 0.0298715
 0.44852 0.0296653
 0.44864 0.0294644
 0.44876 0.0292691
 0.44888 0.0290792
 0.449 0.0288948
 0.44912 0.028716
 0.44924 0.0285429
 0.44936 0.0283754
 0.44948 0.0282137
 0.4496 0.0280577
 0.44972 0.0279076
 0.44984 0.0277633
 0.44996 0.0276249
 0.45008 0.0274923
 0.4502 0.0273656
 0.45032 0.0272447
 0.45044 0.0271297
 0.45056 0.0270205
 0.45068 0.026917
 0.4508 0.0268192
 0.45092 0.0267271
 0.45104 0.0266405
 0.45116 0.0265594
 0.45128 0.0264837
 0.4514 0.0264133
 0.45152 0.0263483
 0.45164 0.0262886
 0.45176 0.026234
 0.45188 0.0261846
 0.452 0.0261403
 0.45212 0.026101
 0.45224 0.0260667
 0.45236 0.0260374
 0.45248 0.0260129
 0.4526 0.0259933
 0.45272 0.0259785
 0.45284 0.0259684
 0.45296 0.0259629
 0.45308 0.0259621
 0.4532 0.0259659
 0.45332 0.0259741
 0.45344 0.0259868
 0.45356 0.0260038
 0.45368 0.0260252
 0.4538 0.0260508
 0.45392 0.0260806
 0.45404 0.0261145
 0.45416 0.0261525
 0.45428 0.0261945
 0.4544 0.0262404
 0.45452 0.0262902
 0.45464 0.0263438
 0.45476 0.0264011
 0.45488 0.0264622
 0.455 0.026527
 0.45512 0.0265954
 0.45524 0.0266674
 0.45536 0.0267429
 0.45548 0.0268218
 0.4556 0.0269042
 0.45572 0.02699
 0.45584 0.0270791
 0.45596 0.0271714
 0.45608 0.0272671
 0.4562 0.0273659
 0.45632 0.0274679
 0.45644 0.0275731
 0.45656 0.0276813
 0.45668 0.0277927
 0.4568 0.027907
 0.45692 0.0280244
 0.45704 0.0281447
 0.45716 0.0282679
 0.45728 0.0283941
 0.4574 0.0285232
 0.45752 0.0286552
 0.45764 0.0287901
 0.45776 0.0289279
 0.45788 0.0290686
 0.458 0.0292122
 0.45812 0.0293587
 0.45824 0.0295082
 0.45836 0.0296605
 0.45848 0.0298158
 0.4586 0.0299739
 0.45872 0.0301349
 0.45884 0.0302987
 0.45896 0.0304654
 0.45908 0.0306348
 0.4592 0.030807
 0.45932 0.030982
 0.45944 0.0311596
 0.45956 0.03134
 0.45968 0.0315231
 0.4598 0.0317089
 0.45992 0.0318973
 0.46004 0.0320883
 0.46016 0.032282
 0.46028 0.0324782
 0.4604 0.0326771
 0.46052 0.0328785
 0.46064 0.0330824
 0.46076 0.0332888
 0.46088 0.0334978
 0.461 0.0337091
 0.46112 0.0339229
 0.46124 0.0341391
 0.46136 0.0343576
 0.46148 0.0345784
 0.4616 0.0348015
 0.46172 0.0350268
 0.46184 0.0352542
 0.46196 0.0354836
 0.46208 0.035715
 0.4622 0.0359483
 0.46232 0.0361835
 0.46244 0.0364205
 0.46256 0.0366592
 0.46268 0.0368997
 0.4628 0.0371418
 0.46292 0.0373855
 0.46304 0.0376308
 0.46316 0.0378775
 0.46328 0.0381258
 0.4634 0.0383754
 0.46352 0.0386263
 0.46364 0.0388786
 0.46376 0.039132
 0.46388 0.0393867
 0.464 0.0396425
 0.46412 0.0398994
 0.46424 0.0401573
 0.46436 0.0404161
 0.46448 0.0406759
 0.4646 0.0409366
 0.46472 0.0411981
 0.46484 0.0414604
 0.46496 0.0417235
 0.46508 0.0419873
 0.4652 0.0422518
 0.46532 0.042517
 0.46544 0.0427829
 0.46556 0.0430493
 0.46568 0.0433164
 0.4658 0.043584
 0.46592 0.0438521
 0.46604 0.0441207
 0.46616 0.0443897
 0.46628 0.0446592
 0.4664 0.044929
 0.46652 0.0451992
 0.46664 0.0454696
 0.46676 0.0457404
 0.46688 0.0460113
 0.467 0.0462825
 0.46712 0.0465539
 0.46724 0.0468253
 0.46736 0.0470969
 0.46748 0.0473685
 0.4676 0.0476402
 0.46772 0.0479118
 0.46784 0.0481833
 0.46796 0.0484546
 0.46808 0.0487258
 0.4682 0.0489968
 0.46832 0.0492675
 0.46844 0.0495379
 0.46856 0.0498079
 0.46868 0.0500775
 0.4688 0.0503467
 0.46892 0.0506154
 0.46904 0.0508836
 0.46916 0.0511512
 0.46928 0.0514182
 0.4694 0.0516845
 0.46952 0.0519501
 0.46964 0.0522149
 0.46976 0.0524789
 0.46988 0.0527421
 0.47 0.0530042
 0.47012 0.0532653
 0.47024 0.0535252
 0.47036 0.0537839
 0.47048 0.0540413
 0.4706 0.0542973
 0.47072 0.0545518
 0.47084 0.0548047
 0.47096 0.0550559
 0.47108 0.0553053
 0.4712 0.0555527
 0.47132 0.0557982
 0.47144 0.0560416
 0.47156 0.0562828
 0.47168 0.0565217
 0.4718 0.0567583
 0.47192 0.0569925
 0.47204 0.0572242
 0.47216 0.0574534
 0.47228 0.05768
 0.4724 0.0579039
 0.47252 0.058125
 0.47264 0.0583434
 0.47276 0.0585588
 0.47288 0.0587713
 0.473 0.0589808
 0.47312 0.0591872
 0.47324 0.0593905
 0.47336 0.0595906
 0.47348 0.0597873
 0.4736 0.0599807
 0.47372 0.0601707
 0.47384 0.0603572
 0.47396 0.0605401
 0.47408 0.0607194
 0.4742 0.060895
 0.47432 0.0610669
 0.47444 0.0612349
 0.47456 0.061399
 0.47468 0.0615592
 0.4748 0.0617155
 0.47492 0.0618677
 0.47504 0.0620158
 0.47516 0.0621597
 0.47528 0.0622995
 0.4754 0.0624351
 0.47552 0.0625663
 0.47564 0.0626933
 0.47576 0.0628158
 0.47588 0.062934
 0.476 0.0630477
 0.47612 0.0631569
 0.47624 0.0632617
 0.47636 0.0633619
 0.47648 0.0634575
 0.4766 0.0635486
 0.47672 0.0636351
 0.47684 0.063717
 0.47696 0.0637943
 0.47708 0.0638668
 0.4772 0.0639347
 0.47732 0.0639979
 0.47744 0.0640563
 0.47756 0.06411
 0.47768 0.0641589
 0.4778 0.064203
 0.47792 0.0642423
 0.47804 0.0642767
 0.47816 0.0643062
 0.47828 0.0643308
 0.4784 0.0643505
 0.47852 0.0643653
 0.47864 0.0643751
 0.47876 0.0643799
 0.47888 0.0643798
 0.479 0.0643746
 0.47912 0.0643644
 0.47924 0.0643492
 0.47936 0.064329
 0.47948 0.0643036
 0.4796 0.0642731
 0.47972 0.0642376
 0.47984 0.0641969
 0.47996 0.0641512
 0.48008 0.0641004
 0.4802 0.0640446
 0.48032 0.0639838
 0.48044 0.0639181
 0.48056 0.0638474
 0.48068 0.0637719
 0.4808 0.0636915
 0.48092 0.0636064
 0.48104 0.0635166
 0.48116 0.0634221
 0.48128 0.0633231
 0.4814 0.0632194
 0.48152 0.0631113
 0.48164 0.0629986
 0.48176 0.0628815
 0.48188 0.0627599
 0.482 0.062634
 0.48212 0.0625037
 0.48224 0.0623691
 0.48236 0.0622303
 0.48248 0.0620872
 0.4826 0.06194
 0.48272 0.0617886
 0.48284 0.061633
 0.48296 0.0614734
 0.48308 0.0613098
 0.4832 0.0611422
 0.48332 0.0609707
 0.48344 0.0607954
 0.48356 0.0606162
 0.48368 0.0604333
 0.4838 0.0602467
 0.48392 0.0600564
 0.48404 0.0598626
 0.48416 0.0596653
 0.48428 0.0594645
 0.4844 0.0592602
 0.48452 0.0590526
 0.48464 0.0588417
 0.48476 0.0586276
 0.48488 0.0584102
 0.485 0.0581897
 0.48512 0.0579662
 0.48524 0.0577395
 0.48536 0.0575099
 0.48548 0.0572773
 0.4856 0.0570419
 0.48572 0.0568036
 0.48584 0.0565626
 0.48596 0.0563189
 0.48608 0.0560725
 0.4862 0.0558234
 0.48632 0.0555718
 0.48644 0.0553176
 0.48656 0.0550609
 0.48668 0.0548017
 0.4868 0.0545401
 0.48692 0.0542761
 0.48704 0.0540098
 0.48716 0.0537411
 0.48728 0.0534702
 0.4874 0.053197
 0.48752 0.0529216
 0.48764 0.0526441
 0.48776 0.0523644
 0.48788 0.0520826
 0.488 0.0517987
 0.48812 0.0515128
 0.48824 0.0512248
 0.48836 0.0509349
 0.48848 0.050643
 0.4886 0.0503492
 0.48872 0.0500535
 0.48884 0.049756
 0.48896 0.0494567
 0.48908 0.0491556
 0.4892 0.0488528
 0.48932 0.0485482
 0.48944 0.0482419
 0.48956 0.047934
 0.48968 0.0476243
 0.4898 0.047313
 0.48992 0.0470001
 0.49004 0.0466855
 0.49016 0.0463694
 0.49028 0.0460516
 0.4904 0.0457322
 0.49052 0.0454113
 0.49064 0.0450888
 0.49076 0.0447647
 0.49088 0.0444392
 0.491 0.0441122
 0.49112 0.0437837
 0.49124 0.0434539
 0.49136 0.0431227
 0.49148 0.0427902
 0.4916 0.0424564
 0.49172 0.0421214
 0.49184 0.0417852
 0.49196 0.0414481
 0.49208 0.0411099
 0.4922 0.0407708
 0.49232 0.0404308
 0.49244 0.04009
 0.49256 0.0397483
 0.49268 0.0394059
 0.4928 0.0390628
 0.49292 0.038719
 0.49304 0.0383746
 0.49316 0.0380296
 0.49328 0.0376841
 0.4934 0.0373381
 0.49352 0.0369917
 0.49364 0.0366448
 0.49376 0.0362976
 0.49388 0.0359501
 0.494 0.0356023
 0.49412 0.0352543
 0.49424 0.0349061
 0.49436 0.0345577
 0.49448 0.0342093
 0.4946 0.0338608
 0.49472 0.0335122
 0.49484 0.0331637
 0.49496 0.0328152
 0.49508 0.0324667
 0.4952 0.0321184
 0.49532 0.0317701
 0.49544 0.031422
 0.49556 0.031074
 0.49568 0.0307263
 0.4958 0.0303788
 0.49592 0.0300315
 0.49604 0.0296846
 0.49616 0.029338
 0.49628 0.0289917
 0.4964 0.0286458
 0.49652 0.0283004
 0.49664 0.0279554
 0.49676 0.0276108
 0.49688 0.0272668
 0.497 0.0269233
 0.49712 0.0265803
 0.49724 0.0262379
 0.49736 0.0258962
 0.49748 0.025555
 0.4976 0.0252146
 0.49772 0.0248748
 0.49784 0.0245359
 0.49796 0.0241977
 0.49808 0.0238604
 0.4982 0.0235239
 0.49832 0.0231883
 0.49844 0.0228537
 0.49856 0.0225201
 0.49868 0.0221876
 0.4988 0.021856
 0.49892 0.0215256
 0.49904 0.0211964
 0.49916 0.0208683
 0.49928 0.0205414
 0.4994 0.0202158
 0.49952 0.0198915
 0.49964 0.0195685
 0.49976 0.0192469
 0.49988 0.0189267
 0.5 0.0186081
 0.50012 0.018291
 0.50024 0.0179756
 0.50036 0.0176619
 0.50048 0.01735
 0.5006 0.01704
 0.50072 0.0167319
 0.50084 0.0164258
 0.50096 0.0161218
 0.50108 0.01582
 0.5012 0.0155204
 0.50132 0.0152232
 0.50144 0.0149284
 0.50156 0.0146361
 0.50168 0.0143463
 0.5018 0.0140592
 0.50192 0.0137747
 0.50204 0.013493
 0.50216 0.0132141
 0.50228 0.0129381
 0.5024 0.012665
 0.50252 0.0123949
 0.50264 0.0121278
 0.50276 0.0118639
 0.50288 0.0116031
 0.503 0.0113456
 0.50312 0.0110914
 0.50324 0.0108406
 0.50336 0.0105932
 0.50348 0.0103493
 0.5036 0.0101089
 0.50372 0.00987215
 0.50384 0.00963908
 0.50396 0.00940976
 0.50408 0.00918425
 0.5042 0.00896262
 0.50432 0.00874492
 0.50444 0.00853121
 0.50456 0.00832152
 0.50468 0.00811589
 0.5048 0.00791439
 0.50492 0.00771704
 0.50504 0.00752388
 0.50516 0.00733494
 0.50528 0.00715024
 0.5054 0.0069698
 0.50552 0.00679365
 0.50564 0.00662179
 0.50576 0.00645425
 0.50588 0.00629104
 0.506 0.00613217
 0.50612 0.00597763
 0.50624 0.00582744
 0.50636 0.00568159
 0.50648 0.0055401
 0.5066 0.00540295
 0.50672 0.00527016
 0.50684 0.00514172
 0.50696 0.00501765
 0.50708 0.00489794
 0.5072 0.00478259
 0.50732 0.00467161
 0.50744 0.00456501
 0.50756 0.00446277
 0.50768 0.00436492
 0.5078 0.00427145
 0.50792 0.00418235
 0.50804 0.00409765
 0.50816 0.00401733
 0.50828 0.00394141
 0.5084 0.0038699
 0.50852 0.00380279
 0.50864 0.0037401
 0.50876 0.00368181
 0.50888 0.00362792
 0.509 0.00357843
 0.50912 0.00353334
 0.50924 0.00349263
 0.50936 0.00345631
 0.50948 0.00342435
 0.5096 0.00339674
 0.50972 0.00337344
 0.50984 0.00335444
 0.50996 0.00333972
 0.51008 0.00332928
 0.5102 0.00332309
 0.51032 0.00332115
 0.51044 0.00332342
 0.51056 0.0033299
 0.51068 0.00334057
 0.5108 0.00335539
 0.51092 0.00337435
 0.51104 0.00339743
 0.51116 0.00342459
 0.51128 0.00345582
 0.5114 0.0034911
 0.51152 0.00353039
 0.51164 0.00357369
 0.51176 0.00362096
 0.51188 0.00367218
 0.512 0.00372733
 0.51212 0.00378639
 0.51224 0.00384934
 0.51236 0.00391615
 0.51248 0.00398679
 0.5126 0.00406126
 0.51272 0.00413952
 0.51284 0.00422155
 0.51296 0.00430733
 0.51308 0.00439682
 0.5132 0.00448999
 0.51332 0.0045868
 0.51344 0.00468721
 0.51356 0.00479118
 0.51368 0.00489867
 0.5138 0.00500964
 0.51392 0.00512406
 0.51404 0.00524188
 0.51416 0.00536308
 0.51428 0.0054876
 0.5144 0.00561541
 0.51452 0.00574648
 0.51464 0.00588077
 0.51476 0.00601822
 0.51488 0.00615882
 0.515 0.00630252
 0.51512 0.00644928
 0.51524 0.00659906
 0.51536 0.00675183
 0.51548 0.00690753
 0.5156 0.00706612
 0.51572 0.00722756
 0.51584 0.00739179
 0.51596 0.00755879
 0.51608 0.00772852
 0.5162 0.00790095
 0.51632 0.00807606
 0.51644 0.00825381
 0.51656 0.00843416
 0.51668 0.00861709
 0.5168 0.00880257
 0.51692 0.00899056
 0.51704 0.00918103
 0.51716 0.00937397
 0.51728 0.00956933
 0.5174 0.00976708
 0.51752 0.00996721
 0.51764 0.0101697
 0.51776 0.0103744
 0.51788 0.0105815
 0.518 0.0107908
 0.51812 0.0110023
 0.51824 0.011216
 0.51836 0.0114318
 0.51848 0.0116498
 0.5186 0.0118699
 0.51872 0.0120921
 0.51884 0.0123163
 0.51896 0.0125425
 0.51908 0.0127707
 0.5192 0.0130008
 0.51932 0.0132329
 0.51944 0.013467
 0.51956 0.0137029
 0.51968 0.0139406
 0.5198 0.0141802
 0.51992 0.0144217
 0.52004 0.0146649
 0.52016 0.0149099
 0.52028 0.0151567
 0.5204 0.0154052
 0.52052 0.0156554
 0.52064 0.0159074
 0.52076 0.0161611
 0.52088 0.0164164
 0.521 0.0166733
 0.52112 0.0169318
 0.52124 0.0171919
 0.52136 0.0174535
 0.52148 0.0177165
 0.5216 0.017981
 0.52172 0.0182469
 0.52184 0.0185141
 0.52196 0.0187826
 0.52208 0.0190522
 0.5222 0.019323
 0.52232 0.0195948
 0.52244 0.0198678
 0.52256 0.0201417
 0.52268 0.0204166
 0.5228 0.0206925
 0.52292 0.0209692
 0.52304 0.0212467
 0.52316 0.0215251
 0.52328 0.0218042
 0.5234 0.022084
 0.52352 0.0223644
 0.52364 0.0226455
 0.52376 0.0229272
 0.52388 0.0232094
 0.524 0.0234922
 0.52412 0.0237754
 0.52424 0.0240591
 0.52436 0.0243432
 0.52448 0.0246276
 0.5246 0.0249124
 0.52472 0.0251975
 0.52484 0.0254829
 0.52496 0.0257685
 0.52508 0.0260543
 0.5252 0.0263403
 0.52532 0.0266264
 0.52544 0.0269127
 0.52556 0.027199
 0.52568 0.0274853
 0.5258 0.0277715
 0.52592 0.0280577
 0.52604 0.0283438
 0.52616 0.0286297
 0.52628 0.0289154
 0.5264 0.0292009
 0.52652 0.029486
 0.52664 0.0297709
 0.52676 0.0300555
 0.52688 0.0303396
 0.527 0.0306234
 0.52712 0.0309068
 0.52724 0.0311898
 0.52736 0.0314723
 0.52748 0.0317544
 0.5276 0.0320359
 0.52772 0.032317
 0.52784 0.0325974
 0.52796 0.0328773
 0.52808 0.0331566
 0.5282 0.0334353
 0.52832 0.0337133
 0.52844 0.0339906
 0.52856 0.0342672
 0.52868 0.034543
 0.5288 0.0348181
 0.52892 0.0350923
 0.52904 0.0353658
 0.52916 0.0356383
 0.52928 0.03591
 0.5294 0.0361808
 0.52952 0.0364506
 0.52964 0.0367194
 0.52976 0.0369873
 0.52988 0.0372541
 0.53 0.0375198
 0.53012 0.0377843
 0.53024 0.0380477
 0.53036 0.0383098
 0.53048 0.0385708
 0.5306 0.0388304
 0.53072 0.0390887
 0.53084 0.0393457
 0.53096 0.0396014
 0.53108 0.0398556
 0.5312 0.0401084
 0.53132 0.0403598
 0.53144 0.0406096
 0.53156 0.0408579
 0.53168 0.0411047
 0.5318 0.0413499
 0.53192 0.0415935
 0.53204 0.0418354
 0.53216 0.0420757
 0.53228 0.0423142
 0.5324 0.0425511
 0.53252 0.0427862
 0.53264 0.0430195
 0.53276 0.0432511
 0.53288 0.0434808
 0.533 0.0437087
 0.53312 0.0439346
 0.53324 0.0441587
 0.53336 0.0443809
 0.53348 0.044601
 0.5336 0.0448192
 0.53372 0.0450354
 0.53384 0.0452495
 0.53396 0.0454615
 0.53408 0.0456713
 0.5342 0.045879
 0.53432 0.0460843
 0.53444 0.0462875
 0.53456 0.0464883
 0.53468 0.0466867
 0.5348 0.0468828
 0.53492 0.0470764
 0.53504 0.0472677
 0.53516 0.0474564
 0.53528 0.0476428
 0.5354 0.0478267
 0.53552 0.0480081
 0.53564 0.0481871
 0.53576 0.0483637
 0.53588 0.0485379
 0.536 0.0487096
 0.53612 0.0488789
 0.53624 0.0490458
 0.53636 0.0492103
 0.53648 0.0493724
 0.5366 0.0495321
 0.53672 0.0496894
 0.53684 0.0498443
 0.53696 0.0499968
 0.53708 0.050147
 0.5372 0.0502948
 0.53732 0.0504402
 0.53744 0.0505832
 0.53756 0.0507238
 0.53768 0.0508621
 0.5378 0.050998
 0.53792 0.0511315
 0.53804 0.0512626
 0.53816 0.0513914
 0.53828 0.0515177
 0.5384 0.0516417
 0.53852 0.0517632
 0.53864 0.0518824
 0.53876 0.0519991
 0.53888 0.0521133
 0.539 0.0522252
 0.53912 0.0523347
 0.53924 0.0524419
 0.53936 0.0525466
 0.53948 0.052649
 0.5396 0.0527491
 0.53972 0.052847
 0.53984 0.0529426
 0.53996 0.0530359
 0.54008 0.053127
 0.5402 0.0532157
 0.54032 0.0533022
 0.54044 0.0533864
 0.54056 0.0534683
 0.54068 0.0535479
 0.5408 0.0536251
 0.54092 0.0537
 0.54104 0.0537725
 0.54116 0.0538427
 0.54128 0.0539106
 0.5414 0.0539761
 0.54152 0.0540392
 0.54164 0.0541
 0.54176 0.0541585
 0.54188 0.0542146
 0.542 0.0542683
 0.54212 0.0543197
 0.54224 0.0543687
 0.54236 0.0544153
 0.54248 0.0544596
 0.5426 0.0545015
 0.54272 0.0545411
 0.54284 0.0545783
 0.54296 0.0546131
 0.54308 0.0546455
 0.5432 0.0546756
 0.54332 0.0547034
 0.54344 0.0547287
 0.54356 0.0547517
 0.54368 0.0547724
 0.5438 0.0547906
 0.54392 0.0548065
 0.54404 0.05482
 0.54416 0.0548312
 0.54428 0.0548399
 0.5444 0.0548462
 0.54452 0.0548502
 0.54464 0.0548518
 0.54476 0.0548509
 0.54488 0.0548477
 0.545 0.054842
 0.54512 0.0548339
 0.54524 0.0548235
 0.54536 0.0548106
 0.54548 0.0547952
 0.5456 0.0547775
 0.54572 0.0547574
 0.54584 0.0547348
 0.54596 0.0547099
 0.54608 0.0546825
 0.5462 0.0546527
 0.54632 0.0546205
 0.54644 0.054586
 0.54656 0.054549
 0.54668 0.0545095
 0.5468 0.0544677
 0.54692 0.0544235
 0.54704 0.0543768
 0.54716 0.0543277
 0.54728 0.0542762
 0.5474 0.0542222
 0.54752 0.0541658
 0.54764 0.0541069
 0.54776 0.0540456
 0.54788 0.0539817
 0.548 0.0539154
 0.54812 0.0538466
 0.54824 0.0537753
 0.54836 0.0537015
 0.54848 0.0536252
 0.5486 0.0535464
 0.54872 0.053465
 0.54884 0.0533811
 0.54896 0.0532947
 0.54908 0.0532058
 0.5492 0.0531143
 0.54932 0.0530202
 0.54944 0.0529237
 0.54956 0.0528246
 0.54968 0.0527231
 0.5498 0.0526191
 0.54992 0.0525127
 0.55004 0.0524038
 0.55016 0.0522927
 0.55028 0.0521791
 0.5504 0.0520633
 0.55052 0.0519451
 0.55064 0.0518247
 0.55076 0.0517021
 0.55088 0.0515772
 0.551 0.0514502
 0.55112 0.051321
 0.55124 0.0511896
 0.55136 0.0510562
 0.55148 0.0509206
 0.5516 0.0507829
 0.55172 0.0506432
 0.55184 0.0505014
 0.55196 0.0503577
 0.55208 0.050212
 0.5522 0.0500643
 0.55232 0.0499146
 0.55244 0.0497631
 0.55256 0.0496097
 0.55268 0.0494544
 0.5528 0.0492972
 0.55292 0.0491382
 0.55304 0.0489774
 0.55316 0.0488148
 0.55328 0.0486505
 0.5534 0.0484844
 0.55352 0.0483166
 0.55364 0.0481471
 0.55376 0.0479759
 0.55388 0.0478031
 0.554 0.0476286
 0.55412 0.0474525
 0.55424 0.0472747
 0.55436 0.0470953
 0.55448 0.0469143
 0.5546 0.0467317
 0.55472 0.0465475
 0.55484 0.0463618
 0.55496 0.0461744
 0.55508 0.0459855
 0.5552 0.045795
 0.55532 0.045603
 0.55544 0.0454095
 0.55556 0.0452145
 0.55568 0.0450181
 0.5558 0.0448203
 0.55592 0.0446211
 0.55604 0.0444205
 0.55616 0.0442187
 0.55628 0.0440156
 0.5564 0.0438112
 0.55652 0.0436056
 0.55664 0.0433987
 0.55676 0.0431906
 0.55688 0.0429813
 0.557 0.0427708
 0.55712 0.042559
 0.55724 0.042346
 0.55736 0.0421318
 0.55748 0.0419163
 0.5576 0.0416995
 0.55772 0.0414815
 0.55784 0.0412622
 0.55796 0.0410416
 0.55808 0.0408197
 0.5582 0.0405964
 0.55832 0.0403719
 0.55844 0.040146
 0.55856 0.0399188
 0.55868 0.0396903
 0.5588 0.0394604
 0.55892 0.0392291
 0.55904 0.0389964
 0.55916 0.0387624
 0.55928 0.038527
 0.5594 0.0382901
 0.55952 0.0380519
 0.55964 0.0378123
 0.55976 0.0375712
 0.55988 0.0373287
 0.56 0.0370847
 0.56012 0.0368393
 0.56024 0.0365925
 0.56036 0.0363442
 0.56048 0.0360944
 0.5606 0.0358431
 0.56072 0.0355903
 0.56084 0.035336
 0.56096 0.0350801
 0.56108 0.0348225
 0.5612 0.0345634
 0.56132 0.0343026
 0.56144 0.0340402
 0.56156 0.033776
 0.56168 0.0335102
 0.5618 0.0332426
 0.56192 0.0329733
 0.56204 0.0327021
 0.56216 0.0324292
 0.56228 0.0321543
 0.5624 0.0318776
 0.56252 0.031599
 0.56264 0.0313185
 0.56276 0.031036
 0.56288 0.0307515
 0.563 0.030465
 0.56312 0.0301764
 0.56324 0.0298858
 0.56336 0.0295931
 0.56348 0.0292982
 0.5636 0.0290012
 0.56372 0.028702
 0.56384 0.0284006
 0.56396 0.0280971
 0.56408 0.0277914
 0.5642 0.0274835
 0.56432 0.0271735
 0.56444 0.0268614
 0.56456 0.0265472
 0.56468 0.026231
 0.5648 0.0259127
 0.56492 0.0255924
 0.56504 0.0252701
 0.56516 0.0249457
 0.56528 0.0246193
 0.5654 0.0242909
 0.56552 0.0239604
 0.56564 0.0236279
 0.56576 0.0232933
 0.56588 0.0229567
 0.566 0.022618
 0.56612 0.0222772
 0.56624 0.0219344
 0.56636 0.0215894
 0.56648 0.0212424
 0.5666 0.0208933
 0.56672 0.0205422
 0.56684 0.0201889
 0.56696 0.0198337
 0.56708 0.0194764
 0.5672 0.0191171
 0.56732 0.0187558
 0.56744 0.0183926
 0.56756 0.0180275
 0.56768 0.0176604
 0.5678 0.0172915
 0.56792 0.0169207
 0.56804 0.0165482
 0.56816 0.0161738
 0.56828 0.0157977
 0.5684 0.0154199
 0.56852 0.0150405
 0.56864 0.0146594
 0.56876 0.0142768
 0.56888 0.0138927
 0.569 0.013507
 0.56912 0.0131199
 0.56924 0.0127314
 0.56936 0.0123414
 0.56948 0.0119501
 0.5696 0.0115574
 0.56972 0.0111633
 0.56984 0.0107678
 0.56996 0.0103711
 0.57008 0.00997308
 0.5702 0.00957385
 0.57032 0.00917343
 0.57044 0.00877187
 0.57056 0.00836921
 0.57068 0.00796548
 0.5708 0.00756072
 0.57092 0.00715498
 0.57104 0.00674831
 0.57116 0.00634075
 0.57128 0.00593235
 0.5714 0.00552317
 0.57152 0.00511324
 0.57164 0.00470261
 0.57176 0.00429134
 0.57188 0.00387946
 0.572 0.00346704
 0.57212 0.00305411
 0.57224 0.00264072
 0.57236 0.00222692
 0.57248 0.00181276
 0.5726 0.00139828
 0.57272 0.00098354
 0.57284 0.000568579
 0.57296 0.000153446
 0.57308 -0.000261813
 0.5732 -0.00067715
 0.57332 -0.00109251
 0.57344 -0.00150783
 0.57356 -0.00192305
 0.57368 -0.0023381
 0.5738 -0.00275291
 0.57392 -0.00316744
 0.57404 -0.0035816
 0.57416 -0.00399535
 0.57428 -0.00440861
 0.5744 -0.00482132
 0.57452 -0.00523343
 0.57464 -0.00564485
 0.57476 -0.00605554
 0.57488 -0.00646543
 0.575 -0.00687446
 0.57512 -0.00728255
 0.57524 -0.00768965
 0.57536 -0.0080957
 0.57548 -0.00850064
 0.5756 -0.00890439
 0.57572 -0.00930691
 0.57584 -0.00970814
 0.57596 -0.0101081
 0.57608 -0.0105066
 0.5762 -0.0109038
 0.57632 -0.0112995
 0.57644 -0.0116938
 0.57656 -0.0120865
 0.57668 -0.0124777
 0.5768 -0.0128673
 0.57692 -0.0132552
 0.57704 -0.0136415
 0.57716 -0.014026
 0.57728 -0.0144088
 0.5774 -0.0147897
 0.57752 -0.0151687
 0.57764 -0.0155458
 0.57776 -0.0159209
 0.57788 -0.016294
 0.578 -0.016665
 0.57812 -0.0170339
 0.57824 -0.0174006
 0.57836 -0.0177651
 0.57848 -0.0181273
 0.5786 -0.0184872
 0.57872 -0.0188447
 0.57884 -0.0191998
 0.57896 -0.0195524
 0.57908 -0.0199025
 0.5792 -0.0202501
 0.57932 -0.0205951
 0.57944 -0.0209375
 0.57956 -0.0212773
 0.57968 -0.0216145
 0.5798 -0.0219491
 0.57992 -0.0222811
 0.58004 -0.0226105
 0.58016 -0.0229375
 0.58028 -0.0232619
 0.5804 -0.0235839
 0.58052 -0.0239035
 0.58064 -0.0242206
 0.58076 -0.0245353
 0.58088 -0.0248477
 0.581 -0.0251577
 0.58112 -0.0254654
 0.58124 -0.0257707
 0.58136 -0.0260737
 0.58148 -0.0263743
 0.5816 -0.0266725
 0.58172 -0.0269683
 0.58184 -0.0272618
 0.58196 -0.0275528
 0.58208 -0.0278413
 0.5822 -0.0281273
 0.58232 -0.0284108
 0.58244 -0.0286917
 0.58256 -0.02897
 0.58268 -0.0292457
 0.5828 -0.0295187
 0.58292 -0.029789
 0.58304 -0.0300566
 0.58316 -0.0303215
 0.58328 -0.0305837
 0.5834 -0.0308431
 0.58352 -0.0310998
 0.58364 -0.0313538
 0.58376 -0.031605
 0.58388 -0.0318534
 0.584 -0.0320991
 0.58412 -0.0323419
 0.58424 -0.0325818
 0.58436 -0.0328188
 0.58448 -0.0330529
 0.5846 -0.0332841
 0.58472 -0.0335122
 0.58484 -0.0337374
 0.58496 -0.0339595
 0.58508 -0.0341786
 0.5852 -0.0343945
 0.58532 -0.0346074
 0.58544 -0.0348171
 0.58556 -0.0350236
 0.58568 -0.0352271
 0.5858 -0.0354273
 0.58592 -0.0356244
 0.58604 -0.0358183
 0.58616 -0.0360091
 0.58628 -0.0361966
 0.5864 -0.0363809
 0.58652 -0.036562
 0.58664 -0.0367398
 0.58676 -0.0369143
 0.58688 -0.0370855
 0.587 -0.0372534
 0.58712 -0.0374179
 0.58724 -0.037579
 0.58736 -0.0377367
 0.58748 -0.0378908
 0.5876 -0.0380414
 0.58772 -0.0381885
 0.58784 -0.0383319
 0.58796 -0.0384717
 0.58808 -0.0386078
 0.5882 -0.0387401
 0.58832 -0.0388686
 0.58844 -0.0389933
 0.58856 -0.0391141
 0.58868 -0.039231
 0.5888 -0.039344
 0.58892 -0.0394529
 0.58904 -0.0395579
 0.58916 -0.0396587
 0.58928 -0.0397554
 0.5894 -0.0398479
 0.58952 -0.0399362
 0.58964 -0.0400202
 0.58976 -0.0401
 0.58988 -0.0401754
 0.59 -0.0402464
 0.59012 -0.040313
 0.59024 -0.0403752
 0.59036 -0.0404328
 0.59048 -0.0404859
 0.5906 -0.0405343
 0.59072 -0.0405781
 0.59084 -0.0406173
 0.59096 -0.0406516
 0.59108 -0.0406812
 0.5912 -0.040706
 0.59132 -0.0407259
 0.59144 -0.0407408
 0.59156 -0.0407508
 0.59168 -0.0407558
 0.5918 -0.0407556
 0.59192 -0.0407503
 0.59204 -0.0407399
 0.59216 -0.0407241
 0.59228 -0.0407031
 0.5924 -0.0406767
 0.59252 -0.0406449
 0.59264 -0.0406076
 0.59276 -0.0405648
 0.59288 -0.0405165
 0.593 -0.0404624
 0.59312 -0.0404027
 0.59324 -0.0403373
 0.59336 -0.040266
 0.59348 -0.0401889
 0.5936 -0.0401059
 0.59372 -0.0400169
 0.59384 -0.039922
 0.59396 -0.0398209
 0.59408 -0.0397139
 0.5942 -0.0396008
 0.59432 -0.0394816
 0.59444 -0.0393565
 0.59456 -0.0392253
 0.59468 -0.0390881
 0.5948 -0.0389449
 0.59492 -0.0387957
 0.59504 -0.0386405
 0.59516 -0.0384793
 0.59528 -0.0383121
 0.5954 -0.0381388
 0.59552 -0.0379595
 0.59564 -0.0377742
 0.59576 -0.0375828
 0.59588 -0.0373854
 0.596 -0.0371819
 0.59612 -0.0369724
 0.59624 -0.0367568
 0.59636 -0.0365353
 0.59648 -0.0363077
 0.5966 -0.0360742
 0.59672 -0.0358347
 0.59684 -0.0355893
 0.59696 -0.035338
 0.59708 -0.0350809
 0.5972 -0.0348181
 0.59732 -0.0345496
 0.59744 -0.0342754
 0.59756 -0.0339957
 0.59768 -0.0337104
 0.5978 -0.0334198
 0.59792 -0.0331237
 0.59804 -0.0328224
 0.59816 -0.032516
 0.59828 -0.0322044
 0.5984 -0.0318877
 0.59852 -0.0315661
 0.59864 -0.0312397
 0.59876 -0.0309085
 0.59888 -0.0305726
 0.599 -0.0302321
 0.59912 -0.0298872
 0.59924 -0.0295378
 0.59936 -0.0291842
 0.59948 -0.0288263
 0.5996 -0.0284643
 0.59972 -0.0280983
 0.59984 -0.0277283
 0.59996 -0.0273543
 0.60008 -0.0269766
 0.6002 -0.026595
 0.60032 -0.0262098
 0.60044 -0.0258209
 0.60056 -0.0254284
 0.60068 -0.0250324
 0.6008 -0.024633
 0.60092 -0.0242302
 0.60104 -0.0238241
 0.60116 -0.0234148
 0.60128 -0.0230024
 0.6014 -0.022587
 0.60152 -0.0221686
 0.60164 -0.0217474
 0.60176 -0.0213234
 0.60188 -0.0208968
 0.602 -0.0204676
 0.60212 -0.0200358
 0.60224 -0.0196017
 0.60236 -0.0191652
 0.60248 -0.0187265
 0.6026 -0.0182856
 0.60272 -0.0178426
 0.60284 -0.0173977
 0.60296 -0.0169508
 0.60308 -0.0165022
 0.6032 -0.0160518
 0.60332 -0.0155998
 0.60344 -0.0151462
 0.60356 -0.0146912
 0.60368 -0.0142348
 0.6038 -0.0137772
 0.60392 -0.0133184
 0.60404 -0.0128585
 0.60416 -0.0123976
 0.60428 -0.0119358
 0.6044 -0.0114733
 0.60452 -0.01101
 0.60464 -0.010546
 0.60476 -0.0100816
 0.60488 -0.0096167
 0.605 -0.00915147
 0.60512 -0.00868598
 0.60524 -0.00822033
 0.60536 -0.00775462
 0.60548 -0.00728892
 0.6056 -0.00682335
 0.60572 -0.00635797
 0.60584 -0.00589286
 0.60596 -0.00542807
 0.60608 -0.00496365
 0.6062 -0.00449965
 0.60632 -0.00403614
 0.60644 -0.00357317
 0.60656 -0.00311079
 0.60668 -0.00264905
 0.6068 -0.00218802
 0.60692 -0.00172774
 0.60704 -0.00126829
 0.60716 -0.000809716
 0.60728 -0.000352086
 0.6074 0.00010454
 0.60752 0.000560101
 0.60764 0.00101454
 0.60776 0.00146778
 0.60788 0.00191978
 0.608 0.00237047
 0.60812 0.00281979
 0.60824 0.00326768
 0.60836 0.00371407
 0.60848 0.00415891
 0.6086 0.00460212
 0.60872 0.00504364
 0.60884 0.00548342
 0.60896 0.00592139
 0.60908 0.00635749
 0.6092 0.00679167
 0.60932 0.00722386
 0.60944 0.00765402
 0.60956 0.0080821
 0.60968 0.00850807
 0.6098 0.00893191
 0.60992 0.00935362
 0.61004 0.0097732
 0.61016 0.0101907
 0.61028 0.010606
 0.6104 0.0110192
 0.61052 0.0114303
 0.61064 0.0118393
 0.61076 0.0122463
 0.61088 0.0126511
 0.611 0.0130538
 0.61112 0.0134544
 0.61124 0.0138529
 0.61136 0.0142493
 0.61148 0.0146435
 0.6116 0.0150355
 0.61172 0.0154253
 0.61184 0.0158129
 0.61196 0.016198
 0.61208 0.0165808
 0.6122 0.0169611
 0.61232 0.0173388
 0.61244 0.0177139
 0.61256 0.0180864
 0.61268 0.018456
 0.6128 0.0188229
 0.61292 0.0191869
 0.61304 0.019548
 0.61316 0.0199061
 0.61328 0.0202612
 0.6134 0.0206133
 0.61352 0.0209624
 0.61364 0.0213085
 0.61376 0.0216515
 0.61388 0.0219914
 0.614 0.0223282
 0.61412 0.0226617
 0.61424 0.022992
 0.61436 0.023319
 0.61448 0.0236427
 0.6146 0.023963
 0.61472 0.0242799
 0.61484 0.0245934
 0.61496 0.0249034
 0.61508 0.0252099
 0.6152 0.0255128
 0.61532 0.0258121
 0.61544 0.0261078
 0.61556 0.0263999
 0.61568 0.0266882
 0.6158 0.0269727
 0.61592 0.0272535
 0.61604 0.0275306
 0.61616 0.0278038
 0.61628 0.0280732
 0.6164 0.0283388
 0.61652 0.0286005
 0.61664 0.0288582
 0.61676 0.0291121
 0.61688 0.029362
 0.617 0.029608
 0.61712 0.02985
 0.61724 0.0300879
 0.61736 0.0303218
 0.61748 0.0305515
 0.6176 0.0307772
 0.61772 0.0309987
 0.61784 0.031216
 0.61796 0.0314292
 0.61808 0.031638
 0.6182 0.0318426
 0.61832 0.0320429
 0.61844 0.0322388
 0.61856 0.0324303
 0.61868 0.0326175
 0.6188 0.0328002
 0.61892 0.0329784
 0.61904 0.0331521
 0.61916 0.0333213
 0.61928 0.0334859
 0.6194 0.0336459
 0.61952 0.0338013
 0.61964 0.0339519
 0.61976 0.0340979
 0.61988 0.0342391
 0.62 0.0343755
 0.62012 0.034507
 0.62024 0.0346338
 0.62036 0.0347556
 0.62048 0.0348725
 0.6206 0.0349845
 0.62072 0.0350916
 0.62084 0.0351937
 0.62096 0.0352908
 0.62108 0.0353829
 0.6212 0.0354699
 0.62132 0.0355519
 0.62144 0.0356288
 0.62156 0.0357006
 0.62168 0.0357673
 0.6218 0.0358288
 0.62192 0.0358851
 0.62204 0.0359361
 0.62216 0.0359819
 0.62228 0.0360225
 0.6224 0.0360576
 0.62252 0.0360875
 0.62264 0.0361119
 0.62276 0.0361309
 0.62288 0.0361445
 0.623 0.0361526
 0.62312 0.0361552
 0.62324 0.0361523
 0.62336 0.0361438
 0.62348 0.0361297
 0.6236 0.0361099
 0.62372 0.0360845
 0.62384 0.0360534
 0.62396 0.0360167
 0.62408 0.0359741
 0.6242 0.0359259
 0.62432 0.035872
 0.62444 0.0358124
 0.62456 0.0357472
 0.62468 0.0356762
 0.6248 0.0355995
 0.62492 0.0355172
 0.62504 0.0354292
 0.62516 0.0353355
 0.62528 0.0352361
 0.6254 0.035131
 0.62552 0.0350202
 0.62564 0.0349037
 0.62576 0.0347815
 0.62588 0.0346536
 0.626 0.03452
 0.62612 0.0343807
 0.62624 0.0342357
 0.62636 0.0340851
 0.62648 0.0339289
 0.6266 0.033767
 0.62672 0.0335996
 0.62684 0.0334267
 0.62696 0.0332483
 0.62708 0.0330646
 0.6272 0.0328755
 0.62732 0.0326812
 0.62744 0.0324817
 0.62756 0.0322771
 0.62768 0.0320676
 0.6278 0.031853
 0.62792 0.0316337
 0.62804 0.0314096
 0.62816 0.0311808
 0.62828 0.0309474
 0.6284 0.0307095
 0.62852 0.0304672
 0.62864 0.0302205
 0.62876 0.0299697
 0.62888 0.0297147
 0.629 0.0294558
 0.62912 0.0291929
 0.62924 0.0289263
 0.62936 0.0286559
 0.62948 0.028382
 0.6296 0.0281046
 0.62972 0.0278238
 0.62984 0.0275397
 0.62996 0.0272524
 0.63008 0.0269618
 0.6302 0.026668
 0.63032 0.0263711
 0.63044 0.0260712
 0.63056 0.0257683
 0.63068 0.0254624
 0.6308 0.0251537
 0.63092 0.0248421
 0.63104 0.0245277
 0.63116 0.0242106
 0.63128 0.0238909
 0.6314 0.0235685
 0.63152 0.0232437
 0.63164 0.0229165
 0.63176 0.0225869
 0.63188 0.022255
 0.632 0.0219209
 0.63212 0.0215845
 0.63224 0.0212461
 0.63236 0.0209057
 0.63248 0.0205632
 0.6326 0.0202189
 0.63272 0.0198726
 0.63284 0.0195246
 0.63296 0.0191748
 0.63308 0.0188234
 0.6332 0.0184703
 0.63332 0.0181157
 0.63344 0.0177596
 0.63356 0.0174021
 0.63368 0.0170432
 0.6338 0.0166829
 0.63392 0.0163214
 0.63404 0.0159586
 0.63416 0.0155948
 0.63428 0.0152298
 0.6344 0.0148637
 0.63452 0.0144967
 0.63464 0.0141288
 0.63476 0.0137599
 0.63488 0.0133903
 0.635 0.0130199
 0.63512 0.0126488
 0.63524 0.0122771
 0.63536 0.0119047
 0.63548 0.0115319
 0.6356 0.0111585
 0.63572 0.0107848
 0.63584 0.0104106
 0.63596 0.0100361
 0.63608 0.0096613
 0.6362 0.00928621
 0.63632 0.00891087
 0.63644 0.00853532
 0.63656 0.0081596
 0.63668 0.00778374
 0.6368 0.00740778
 0.63692 0.00703175
 0.63704 0.00665569
 0.63716 0.00627964
 0.63728 0.00590363
 0.6374 0.0055277
 0.63752 0.00515188
 0.63764 0.00477622
 0.63776 0.00440075
 0.63788 0.00402551
 0.638 0.00365053
 0.63812 0.00327585
 0.63824 0.00290151
 0.63836 0.00252755
 0.63848 0.00215403
 0.6386 0.00178098
 0.63872 0.00140846
 0.63884 0.00103651
 0.63896 0.000665185
 0.63908 0.00029452
 0.6392 -7.54352e-05
 0.63932 -0.000444629
 0.63944 -0.000813011
 0.63956 -0.00118054
 0.63968 -0.00154715
 0.6398 -0.00191283
 0.63992 -0.00227754
 0.64004 -0.00264127
 0.64016 -0.00300399
 0.64028 -0.00336569
 0.6404 -0.00372635
 0.64052 -0.00408594
 0.64064 -0.00444444
 0.64076 -0.00480183
 0.64088 -0.0051581
 0.641 -0.00551321
 0.64112 -0.00586715
 0.64124 -0.00621989
 0.64136 -0.0065714
 0.64148 -0.00692167
 0.6416 -0.00727065
 0.64172 -0.00761833
 0.64184 -0.00796462
 0.64196 -0.00830948
 0.64208 -0.00865284
 0.6422 -0.00899462
 0.64232 -0.00933477
 0.64244 -0.00967322
 0.64256 -0.0100099
 0.64268 -0.0103448
 0.6428 -0.0106777
 0.64292 -0.0110087
 0.64304 -0.0113377
 0.64316 -0.0116646
 0.64328 -0.0119894
 0.6434 -0.0123122
 0.64352 -0.0126327
 0.64364 -0.0129511
 0.64376 -0.0132672
 0.64388 -0.0135811
 0.644 -0.0138926
 0.64412 -0.0142019
 0.64424 -0.0145087
 0.64436 -0.0148131
 0.64448 -0.0151151
 0.6446 -0.0154147
 0.64472 -0.0157117
 0.64484 -0.0160063
 0.64496 -0.0162983
 0.64508 -0.0165877
 0.6452 -0.0168745
 0.64532 -0.0171587
 0.64544 -0.0174402
 0.64556 -0.0177189
 0.64568 -0.0179949
 0.6458 -0.0182682
 0.64592 -0.0185386
 0.64604 -0.0188063
 0.64616 -0.0190711
 0.64628 -0.0193332
 0.6464 -0.0195924
 0.64652 -0.0198487
 0.64664 -0.0201022
 0.64676 -0.0203529
 0.64688 -0.0206006
 0.647 -0.0208455
 0.64712 -0.0210875
 0.64724 -0.0213265
 0.64736 -0.0215627
 0.64748 -0.0217959
 0.6476 -0.0220261
 0.64772 -0.0222534
 0.64784 -0.0224777
 0.64796 -0.022699
 0.64808 -0.0229174
 0.6482 -0.0231327
 0.64832 -0.0233449
 0.64844 -0.0235542
 0.64856 -0.0237604
 0.64868 -0.0239635
 0.6488 -0.0241636
 0.64892 -0.0243605
 0.64904 -0.0245544
 0.64916 -0.0247451
 0.64928 -0.0249327
 0.6494 -0.025117
 0.64952 -0.0252982
 0.64964 -0.0254762
 0.64976 -0.0256509
 0.64988 -0.0258224
 0.65 -0.0259906
 0.65012 -0.0261555
 0.65024 -0.0263171
 0.65036 -0.0264754
 0.65048 -0.0266304
 0.6506 -0.0267821
 0.65072 -0.0269306
 0.65084 -0.0270759
 0.65096 -0.0272179
 0.65108 -0.0273568
 0.6512 -0.0274924
 0.65132 -0.0276249
 0.65144 -0.0277542
 0.65156 -0.0278803
 0.65168 -0.0280033
 0.6518 -0.0281231
 0.65192 -0.0282399
 0.65204 -0.0283535
 0.65216 -0.028464
 0.65228 -0.0285714
 0.6524 -0.0286758
 0.65252 -0.028777
 0.65264 -0.0288752
 0.65276 -0.0289704
 0.65288 -0.0290625
 0.653 -0.0291516
 0.65312 -0.0292377
 0.65324 -0.0293208
 0.65336 -0.0294008
 0.65348 -0.0294779
 0.6536 -0.029552
 0.65372 -0.0296231
 0.65384 -0.0296913
 0.65396 -0.0297566
 0.65408 -0.0298189
 0.6542 -0.0298783
 0.65432 -0.0299348
 0.65444 -0.0299885
 0.65456 -0.0300393
 0.65468 -0.0300873
 0.6548 -0.0301324
 0.65492 -0.0301746
 0.65504 -0.0302141
 0.65516 -0.0302507
 0.65528 -0.0302845
 0.6554 -0.0303155
 0.65552 -0.0303436
 0.65564 -0.030369
 0.65576 -0.0303916
 0.65588 -0.0304113
 0.656 -0.0304283
 0.65612 -0.0304424
 0.65624 -0.0304537
 0.65636 -0.0304622
 0.65648 -0.030468
 0.6566 -0.030471
 0.65672 -0.0304712
 0.65684 -0.0304687
 0.65696 -0.0304636
 0.65708 -0.0304558
 0.6572 -0.0304454
 0.65732 -0.0304324
 0.65744 -0.0304169
 0.65756 -0.030399
 0.65768 -0.0303786
 0.6578 -0.0303558
 0.65792 -0.0303307
 0.65804 -0.0303032
 0.65816 -0.0302736
 0.65828 -0.0302417
 0.6584 -0.0302077
 0.65852 -0.0301715
 0.65864 -0.0301333
 0.65876 -0.0300931
 0.65888 -0.0300509
 0.659 -0.0300069
 0.65912 -0.029961
 0.65924 -0.0299133
 0.65936 -0.0298639
 0.65948 -0.0298129
 0.6596 -0.0297603
 0.65972 -0.029706
 0.65984 -0.0296502
 0.65996 -0.0295929
 0.66008 -0.029534
 0.6602 -0.0294736
 0.66032 -0.0294116
 0.66044 -0.0293481
 0.66056 -0.0292831
 0.66068 -0.0292166
 0.6608 -0.0291486
 0.66092 -0.0290791
 0.66104 -0.029008
 0.66116 -0.0289355
 0.66128 -0.0288616
 0.6614 -0.0287861
 0.66152 -0.0287093
 0.66164 -0.028631
 0.66176 -0.0285512
 0.66188 -0.0284701
 0.662 -0.0283875
 0.66212 -0.0283035
 0.66224 -0.0282181
 0.66236 -0.0281313
 0.66248 -0.0280431
 0.6626 -0.0279535
 0.66272 -0.0278625
 0.66284 -0.0277701
 0.66296 -0.0276763
 0.66308 -0.0275811
 0.6632 -0.0274844
 0.66332 -0.0273864
 0.66344 -0.027287
 0.66356 -0.0271862
 0.66368 -0.0270839
 0.6638 -0.0269803
 0.66392 -0.0268753
 0.66404 -0.026769
 0.66416 -0.0266613
 0.66428 -0.0265521
 0.6644 -0.0264417
 0.66452 -0.0263299
 0.66464 -0.0262167
 0.66476 -0.0261022
 0.66488 -0.0259863
 0.665 -0.0258691
 0.66512 -0.0257506
 0.66524 -0.0256307
 0.66536 -0.0255095
 0.66548 -0.0253869
 0.6656 -0.0252629
 0.66572 -0.0251376
 0.66584 -0.025011
 0.66596 -0.0248829
 0.66608 -0.0247536
 0.6662 -0.0246228
 0.66632 -0.0244908
 0.66644 -0.0243574
 0.66656 -0.0242227
 0.66668 -0.0240866
 0.6668 -0.0239492
 0.66692 -0.0238105
 0.66704 -0.0236705
 0.66716 -0.0235292
 0.66728 -0.0233865
 0.6674 -0.0232425
 0.66752 -0.0230972
 0.66764 -0.0229505
 0.66776 -0.0228026
 0.66788 -0.0226533
 0.668 -0.0225027
 0.66812 -0.0223507
 0.66824 -0.0221975
 0.66836 -0.022043
 0.66848 -0.0218872
 0.6686 -0.0217302
 0.66872 -0.0215719
 0.66884 -0.0214125
 0.66896 -0.0212518
 0.66908 -0.02109
 0.6692 -0.020927
 0.66932 -0.0207629
 0.66944 -0.0205977
 0.66956 -0.0204314
 0.66968 -0.0202641
 0.6698 -0.0200957
 0.66992 -0.0199263
 0.67004 -0.0197559
 0.67016 -0.0195844
 0.67028 -0.0194121
 0.6704 -0.0192387
 0.67052 -0.0190645
 0.67064 -0.0188893
 0.67076 -0.0187133
 0.67088 -0.0185365
 0.671 -0.0183589
 0.67112 -0.0181805
 0.67124 -0.0180015
 0.67136 -0.0178217
 0.67148 -0.0176412
 0.6716 -0.0174601
 0.67172 -0.0172785
 0.67184 -0.0170962
 0.67196 -0.0169135
 0.67208 -0.0167303
 0.6722 -0.0165468
 0.67232 -0.0163629
 0.67244 -0.0161786
 0.67256 -0.0159942
 0.67268 -0.0158095
 0.6728 -0.0156247
 0.67292 -0.0154398
 0.67304 -0.0152548
 0.67316 -0.0150698
 0.67328 -0.0148849
 0.6734 -0.0147
 0.67352 -0.0145153
 0.67364 -0.0143307
 0.67376 -0.0141464
 0.67388 -0.0139623
 0.674 -0.0137784
 0.67412 -0.0135949
 0.67424 -0.0134118
 0.67436 -0.013229
 0.67448 -0.0130466
 0.6746 -0.0128646
 0.67472 -0.0126831
 0.67484 -0.0125021
 0.67496 -0.0123215
 0.67508 -0.0121416
 0.6752 -0.0119622
 0.67532 -0.0117834
 0.67544 -0.0116053
 0.67556 -0.0114279
 0.67568 -0.0112513
 0.6758 -0.0110754
 0.67592 -0.0109003
 0.67604 -0.010726
 0.67616 -0.0105526
 0.67628 -0.01038
 0.6764 -0.0102083
 0.67652 -0.0100375
 0.67664 -0.00986763
 0.67676 -0.00969871
 0.67688 -0.00953076
 0.677 -0.0093638
 0.67712 -0.00919786
 0.67724 -0.00903297
 0.67736 -0.00886915
 0.67748 -0.00870642
 0.6776 -0.00854482
 0.67772 -0.00838435
 0.67784 -0.00822505
 0.67796 -0.00806694
 0.67808 -0.00791004
 0.6782 -0.00775437
 0.67832 -0.00759996
 0.67844 -0.00744683
 0.67856 -0.00729501
 0.67868 -0.00714451
 0.6788 -0.00699536
 0.67892 -0.00684759
 0.67904 -0.00670122
 0.67916 -0.00655631
 0.67928 -0.00641285
 0.6794 -0.00627089
 0.67952 -0.00613043
 0.67964 -0.0059915
 0.67976 -0.00585411
 0.67988 -0.0057183
 0.68 -0.00558407
 0.68012 -0.00545145
 0.68024 -0.00532043
 0.68036 -0.005191
 0.68048 -0.00506313
 0.6806 -0.0049368
 0.68072 -0.00481198
 0.68084 -0.00468866
 0.68096 -0.0045668
 0.68108 -0.00444638
 0.6812 -0.00432738
 0.68132 -0.00420978
 0.68144 -0.00409356
 0.68156 -0.00397869
 0.68168 -0.00386514
 0.6818 -0.00375288
 0.68192 -0.00364188
 0.68204 -0.00353211
 0.68216 -0.00342355
 0.68228 -0.00331616
 0.6824 -0.00320991
 0.68252 -0.00310477
 0.68264 -0.00300073
 0.68276 -0.00289774
 0.68288 -0.00279578
 0.683 -0.00269482
 0.68312 -0.00259483
 0.68324 -0.00249578
 0.68336 -0.00239765
 0.68348 -0.0023004
 0.6836 -0.002204
 0.68372 -0.00210843
 0.68384 -0.00201366
 0.68396 -0.00191966
 0.68408 -0.00182639
 0.6842 -0.00173383
 0.68432 -0.00164195
 0.68444 -0.00155073
 0.68456 -0.00146015
 0.68468 -0.00137019
 0.6848 -0.00128084
 0.68492 -0.00119208
 0.68504 -0.00110389
 0.68516 -0.00101625
 0.68528 -0.000929128
 0.6854 -0.000842508
 0.68552 -0.000756365
 0.68564 -0.000670674
 0.68576 -0.000585417
 0.68588 -0.000500588
 0.686 -0.000416191
 0.68612 -0.000332227
 0.68624 -0.000248695
 0.68636 -0.000165594
 0.68648 -8.2918e-05
 0.6866 -6.55255e-07
 0.68672 8.12062e-05
 0.68684 0.000162678
 0.68696 0.000243773
 0.68708 0.000324504
 0.6872 0.000404886
 0.68732 0.000484935
 0.68744 0.000564667
 0.68756 0.000644096
 0.68768 0.000723239
 0.6878 0.000802111
 0.68792 0.000880722
 0.68804 0.000959083
 0.68816 0.0010372
 0.68828 0.0011151
 0.6884 0.00119277
 0.68852 0.00127022
 0.68864 0.00134746
 0.68876 0.0014245
 0.68888 0.00150134
 0.689 0.001578
 0.68912 0.00165448
 0.68924 0.00173079
 0.68936 0.00180693
 0.68948 0.00188292
 0.6896 0.00195876
 0.68972 0.00203442
 0.68984 0.00210991
 0.68996 0.00218519
 0.69008 0.00226026
 0.6902 0.0023351
 0.69032 0.00240969
 0.69044 0.002484
 0.69056 0.00255803
 0.69068 0.00263176
 0.6908 0.00270516
 0.69092 0.00277822
 0.69104 0.00285093
 0.69116 0.00292326
 0.69128 0.00299519
 0.6914 0.00306672
 0.69152 0.00313782
 0.69164 0.00320847
 0.69176 0.00327866
 0.69188 0.00334836
 0.692 0.00341757
 0.69212 0.00348625
 0.69224 0.00355439
 0.69236 0.00362195
 0.69248 0.00368891
 0.6926 0.00375526
 0.69272 0.00382096
 0.69284 0.00388599
 0.69296 0.00395033
 0.69308 0.00401395
 0.6932 0.00407684
 0.69332 0.00413895
 0.69344 0.00420029
 0.69356 0.00426084
 0.69368 0.0043206
 0.6938 0.00437956
 0.69392 0.0044377
 0.69404 0.00449502
 0.69416 0.00455152
 0.69428 0.00460717
 0.6944 0.00466199
 0.69452 0.00471595
 0.69464 0.00476905
 0.69476 0.00482129
 0.69488 0.00487265
 0.695 0.0049231
 0.69512 0.00497262
 0.69524 0.00502117
 0.69536 0.00506871
 0.69548 0.00511519
 0.6956 0.00516058
 0.69572 0.00520484
 0.69584 0.00524794
 0.69596 0.00528987
 0.69608 0.0053306
 0.6962 0.00537012
 0.69632 0.00540841
 0.69644 0.00544546
 0.69656 0.00548124
 0.69668 0.00551575
 0.6968 0.00554896
 0.69692 0.00558085
 0.69704 0.00561138
 0.69716 0.00564049
 0.69728 0.00566815
 0.6974 0.0056943
 0.69752 0.0057189
 0.69764 0.00574192
 0.69776 0.00576334
 0.69788 0.00578314
 0.698 0.0058013
 0.69812 0.0058178
 0.69824 0.00583261
 0.69836 0.00584573
 0.69848 0.00585714
 0.6986 0.00586685
 0.69872 0.00587482
 0.69884 0.00588106
 0.69896 0.00588556
 0.69908 0.0058883
 0.6992 0.00588928
 0.69932 0.00588849
 0.69944 0.00588593
 0.69956 0.00588159
 0.69968 0.00587548
 0.6998 0.00586757
 0.69992 0.00585784
 0.70004 0.00584628
 0.70016 0.00583287
 0.70028 0.00581761
 0.7004 0.0058005
 0.70052 0.00578158
 0.70064 0.0057609
 0.70076 0.00573848
 0.70088 0.00571436
 0.701 0.00568856
 0.70112 0.00566113
 0.70124 0.00563209
 0.70136 0.00560147
 0.70148 0.00556932
 0.7016 0.00553566
 0.70172 0.00550052
 0.70184 0.00546394
 0.70196 0.00542595
 0.70208 0.00538659
 0.7022 0.0053459
 0.70232 0.00530392
 0.70244 0.00526068
 0.70256 0.00521622
 0.70268 0.00517057
 0.7028 0.00512377
 0.70292 0.00507586
 0.70304 0.00502686
 0.70316 0.00497682
 0.70328 0.00492577
 0.7034 0.00487373
 0.70352 0.00482075
 0.70364 0.00476688
 0.70376 0.00471214
 0.70388 0.00465657
 0.704 0.00460022
 0.70412 0.00454311
 0.70424 0.00448527
 0.70436 0.00442675
 0.70448 0.00436757
 0.7046 0.00430777
 0.70472 0.00424738
 0.70484 0.00418644
 0.70496 0.00412498
 0.70508 0.00406304
 0.7052 0.00400066
 0.70532 0.00393789
 0.70544 0.00387476
 0.70556 0.00381131
 0.70568 0.00374759
 0.7058 0.00368363
 0.70592 0.00361948
 0.70604 0.00355515
 0.70616 0.0034907
 0.70628 0.00342614
 0.7064 0.00336151
 0.70652 0.00329683
 0.70664 0.00323214
 0.70676 0.00316746
 0.70688 0.00310283
 0.707 0.00303827
 0.70712 0.00297381
 0.70724 0.00290951
 0.70736 0.00284538
 0.70748 0.00278146
 0.7076 0.00271778
 0.70772 0.00265437
 0.70784 0.00259126
 0.70796 0.00252848
 0.70808 0.00246606
 0.7082 0.00240403
 0.70832 0.00234242
 0.70844 0.00228126
 0.70856 0.00222057
 0.70868 0.0021604
 0.7088 0.00210077
 0.70892 0.00204171
 0.70904 0.00198327
 0.70916 0.00192546
 0.70928 0.00186829
 0.7094 0.00181179
 0.70952 0.00175594
 0.70964 0.00170076
 0.70976 0.00164624
 0.70988 0.00159241
 0.71 0.00153925
 0.71012 0.00148679
 0.71024 0.00143499
 0.71036 0.00138386
 0.71048 0.00133336
 0.7106 0.00128347
 0.71072 0.00123418
 0.71084 0.00118547
 0.71096 0.00113731
 0.71108 0.00108967
 0.7112 0.00104255
 0.71132 0.000995926
 0.71144 0.000949776
 0.71156 0.000904071
 0.71168 0.000858775
 0.7118 0.000813854
 0.71192 0.000769274
 0.71204 0.000725001
 0.71216 0.000681003
 0.71228 0.000637247
 0.7124 0.0005937
 0.71252 0.000550329
 0.71264 0.000507102
 0.71276 0.000463984
 0.71288 0.000420945
 0.713 0.000377949
 0.71312 0.000334966
 0.71324 0.000291961
 0.71336 0.000248901
 0.71348 0.000205755
 0.7136 0.000162488
 0.71372 0.000119069
 0.71384 7.54635e-05
 0.71396 3.16394e-05
 0.71408 -1.24365e-05
 0.7142 -5.67969e-05
 0.71432 -0.000101475
 0.71444 -0.000146507
 0.71456 -0.000191926
 0.71468 -0.000237755
 0.7148 -0.000284014
 0.71492 -0.000330735
 0.71504 -0.000377963
 0.71516 -0.000425756
 0.71528 -0.000474172
 0.7154 -0.000523268
 0.71552 -0.000573102
 0.71564 -0.000623732
 0.71576 -0.000675213
 0.71588 -0.000727591
 0.716 -0.000780902
 0.71612 -0.000835178
 0.71624 -0.000890449
 0.71636 -0.000946745
 0.71648 -0.0010041
 0.7166 -0.00106254
 0.71672 -0.0011221
 0.71684 -0.00118281
 0.71696 -0.00124471
 0.71708 -0.00130782
 0.7172 -0.00137218
 0.71732 -0.00143782
 0.71744 -0.00150478
 0.71756 -0.00157308
 0.71768 -0.00164276
 0.7178 -0.00171385
 0.71792 -0.00178636
 0.71804 -0.0018603
 0.71816 -0.00193569
 0.71828 -0.00201254
 0.7184 -0.00209085
 0.71852 -0.0021706
 0.71864 -0.00225179
 0.71876 -0.0023344
 0.71888 -0.00241843
 0.719 -0.00250387
 0.71912 -0.00259071
 0.71924 -0.00267894
 0.71936 -0.00276854
 0.71948 -0.00285951
 0.7196 -0.00295183
 0.71972 -0.00304548
 0.71984 -0.00314044
 0.71996 -0.00323669
 0.72008 -0.0033342
 0.7202 -0.00343296
 0.72032 -0.00353295
 0.72044 -0.00363414
 0.72056 -0.00373651
 0.72068 -0.00384005
 0.7208 -0.00394473
 0.72092 -0.00405053
 0.72104 -0.00415744
 0.72116 -0.00426543
 0.72128 -0.00437447
 0.7214 -0.00448456
 0.72152 -0.00459567
 0.72164 -0.00470778
 0.72176 -0.00482087
 0.72188 -0.00493493
 0.722 -0.00504992
 0.72212 -0.00516582
 0.72224 -0.00528262
 0.72236 -0.0054003
 0.72248 -0.00551883
 0.7226 -0.00563818
 0.72272 -0.00575834
 0.72284 -0.00587929
 0.72296 -0.00600101
 0.72308 -0.00612346
 0.7232 -0.00624663
 0.72332 -0.00637051
 0.72344 -0.00649506
 0.72356 -0.00662029
 0.72368 -0.00674619
 0.7238 -0.00687273
 0.72392 -0.00699992
 0.72404 -0.00712775
 0.72416 -0.0072562
 0.72428 -0.00738526
 0.7244 -0.00751492
 0.72452 -0.00764518
 0.72464 -0.00777602
 0.72476 -0.00790743
 0.72488 -0.00803941
 0.725 -0.00817192
 0.72512 -0.0083049
 0.72524 -0.00843831
 0.72536 -0.00857209
 0.72548 -0.00870619
 0.7256 -0.00884054
 0.72572 -0.00897509
 0.72584 -0.0091098
 0.72596 -0.00924463
 0.72608 -0.00937952
 0.7262 -0.00951446
 0.72632 -0.00964938
 0.72644 -0.00978426
 0.72656 -0.00991906
 0.72668 -0.0100537
 0.7268 -0.0101882
 0.72692 -0.0103224
 0.72704 -0.0104564
 0.72716 -0.0105899
 0.72728 -0.0107229
 0.7274 -0.0108554
 0.72752 -0.0109871
 0.72764 -0.0111181
 0.72776 -0.0112484
 0.72788 -0.0113777
 0.728 -0.0115062
 0.72812 -0.0116337
 0.72824 -0.0117602
 0.72836 -0.0118857
 0.72848 -0.01201
 0.7286 -0.0121332
 0.72872 -0.0122551
 0.72884 -0.0123758
 0.72896 -0.0124952
 0.72908 -0.0126132
 0.7292 -0.0127298
 0.72932 -0.0128449
 0.72944 -0.0129586
 0.72956 -0.0130708
 0.72968 -0.0131815
 0.7298 -0.0132906
 0.72992 -0.0133982
 0.73004 -0.0135041
 0.73016 -0.0136083
 0.73028 -0.0137108
 0.7304 -0.0138117
 0.73052 -0.0139108
 0.73064 -0.0140083
 0.73076 -0.0141042
 0.73088 -0.0141986
 0.731 -0.0142913
 0.73112 -0.0143825
 0.73124 -0.0144721
 0.73136 -0.0145602
 0.73148 -0.0146468
 0.7316 -0.0147318
 0.73172 -0.0148154
 0.73184 -0.0148974
 0.73196 -0.014978
 0.73208 -0.015057
 0.7322 -0.0151347
 0.73232 -0.0152108
 0.73244 -0.0152855
 0.73256 -0.0153588
 0.73268 -0.0154306
 0.7328 -0.0155011
 0.73292 -0.0155701
 0.73304 -0.0156376
 0.73316 -0.0157038
 0.73328 -0.0157685
 0.7334 -0.0158318
 0.73352 -0.0158937
 0.73364 -0.0159542
 0.73376 -0.0160133
 0.73388 -0.016071
 0.734 -0.0161274
 0.73412 -0.0161825
 0.73424 -0.0162363
 0.73436 -0.0162888
 0.73448 -0.0163401
 0.7346 -0.0163901
 0.73472 -0.0164389
 0.73484 -0.0164864
 0.73496 -0.0165328
 0.73508 -0.0165781
 0.7352 -0.0166222
 0.73532 -0.0166653
 0.73544 -0.0167072
 0.73556 -0.0167482
 0.73568 -0.0167881
 0.7358 -0.016827
 0.73592 -0.016865
 0.73604 -0.016902
 0.73616 -0.0169381
 0.73628 -0.0169733
 0.7364 -0.0170075
 0.73652 -0.0170408
 0.73664 -0.0170731
 0.73676 -0.0171046
 0.73688 -0.017135
 0.737 -0.0171645
 0.73712 -0.0171931
 0.73724 -0.0172207
 0.73736 -0.0172474
 0.73748 -0.0172732
 0.7376 -0.017298
 0.73772 -0.0173218
 0.73784 -0.0173447
 0.73796 -0.0173667
 0.73808 -0.0173877
 0.7382 -0.0174077
 0.73832 -0.0174268
 0.73844 -0.0174449
 0.73856 -0.017462
 0.73868 -0.0174782
 0.7388 -0.0174934
 0.73892 -0.0175076
 0.73904 -0.0175209
 0.73916 -0.0175332
 0.73928 -0.0175445
 0.7394 -0.0175547
 0.73952 -0.0175639
 0.73964 -0.017572
 0.73976 -0.017579
 0.73988 -0.0175848
 0.74 -0.0175894
 0.74012 -0.0175928
 0.74024 -0.017595
 0.74036 -0.0175959
 0.74048 -0.0175955
 0.7406 -0.0175937
 0.74072 -0.0175906
 0.74084 -0.017586
 0.74096 -0.01758
 0.74108 -0.0175724
 0.7412 -0.0175634
 0.74132 -0.0175527
 0.74144 -0.0175405
 0.74156 -0.0175267
 0.74168 -0.0175112
 0.7418 -0.0174939
 0.74192 -0.0174749
 0.74204 -0.0174541
 0.74216 -0.0174314
 0.74228 -0.0174069
 0.7424 -0.0173804
 0.74252 -0.017352
 0.74264 -0.0173215
 0.74276 -0.017289
 0.74288 -0.0172544
 0.743 -0.0172176
 0.74312 -0.0171787
 0.74324 -0.0171375
 0.74336 -0.0170941
 0.74348 -0.0170483
 0.7436 -0.0170002
 0.74372 -0.0169497
 0.74384 -0.0168968
 0.74396 -0.0168414
 0.74408 -0.0167835
 0.7442 -0.016723
 0.74432 -0.0166599
 0.74444 -0.0165942
 0.74456 -0.0165258
 0.74468 -0.0164546
 0.7448 -0.0163806
 0.74492 -0.0163039
 0.74504 -0.0162243
 0.74516 -0.0161416
 0.74528 -0.016056
 0.7454 -0.0159672
 0.74552 -0.0158751
 0.74564 -0.0157797
 0.74576 -0.0156809
 0.74588 -0.0155786
 0.746 -0.0154727
 0.74612 -0.0153631
 0.74624 -0.0152499
 0.74636 -0.0151329
 0.74648 -0.0150121
 0.7466 -0.0148876
 0.74672 -0.0147591
 0.74684 -0.0146267
 0.74696 -0.0144904
 0.74708 -0.01435
 0.7472 -0.0142056
 0.74732 -0.0140571
 0.74744 -0.0139045
 0.74756 -0.0137477
 0.74768 -0.0135866
 0.7478 -0.0134213
 0.74792 -0.0132516
 0.74804 -0.0130777
 0.74816 -0.0128994
 0.74828 -0.0127168
 0.7484 -0.0125299
 0.74852 -0.0123387
 0.74864 -0.0121431
 0.74876 -0.0119433
 0.74888 -0.0117393
 0.749 -0.011531
 0.74912 -0.0113184
 0.74924 -0.0111017
 0.74936 -0.0108808
 0.74948 -0.0106558
 0.7496 -0.0104267
 0.74972 -0.0101934
 0.74984 -0.00995618
 0.74996 -0.00971494
 0.75008 -0.00946977
 0.7502 -0.0092207
 0.75032 -0.00896778
 0.75044 -0.00871106
 0.75056 -0.00845057
 0.75068 -0.00818636
 0.7508 -0.00791848
 0.75092 -0.00764696
 0.75104 -0.00737184
 0.75116 -0.00709317
 0.75128 -0.00681099
 0.7514 -0.00652534
 0.75152 -0.00623626
 0.75164 -0.00594379
 0.75176 -0.00564798
 0.75188 -0.00534887
 0.752 -0.0050465
 0.75212 -0.00474091
 0.75224 -0.00443214
 0.75236 -0.00412024
 0.75248 -0.00380523
 0.7526 -0.00348717
 0.75272 -0.00316608
 0.75284 -0.00284202
 0.75296 -0.00251501
 0.75308 -0.00218511
 0.7532 -0.00185234
 0.75332 -0.00151674
 0.75344 -0.00117837
 0.75356 -0.000837238
 0.75368 -0.000493397
 0.7538 -0.000146879
 0.75392 0.000202282
 0.75404 0.000554054
 0.75416 0.000908404
 0.75428 0.0012653
 0.7544 0.0016247
 0.75452 0.00198659
 0.75464 0.00235091
 0.75476 0.00271765
 0.75488 0.00308677
 0.755 0.00345822
 0.75512 0.00383194
 0.75524 0.00420787
 0.75536 0.00458594
 0.75548 0.0049661
 0.7556 0.00534827
 0.75572 0.0057324
 0.75584 0.00611842
 0.75596 0.00650629
 0.75608 0.00689593
 0.7562 0.00728728
 0.75632 0.0076803
 0.75644 0.00807492
 0.75656 0.00847108
 0.75668 0.0088687
 0.7568 0.00926772
 0.75692 0.00966803
 0.75704 0.0100695
 0.75716 0.0104721
 0.75728 0.0108757
 0.7574 0.0112802
 0.75752 0.0116854
 0.75764 0.0120913
 0.75776 0.0124977
 0.75788 0.0129047
 0.758 0.013312
 0.75812 0.0137196
 0.75824 0.0141274
 0.75836 0.0145353
 0.75848 0.0149432
 0.7586 0.015351
 0.75872 0.0157585
 0.75884 0.0161658
 0.75896 0.0165726
 0.75908 0.016979
 0.7592 0.0173847
 0.75932 0.0177898
 0.75944 0.0181942
 0.75956 0.0185979
 0.75968 0.0190007
 0.7598 0.0194027
 0.75992 0.0198039
 0.76004 0.0202041
 0.76016 0.0206034
 0.76028 0.0210018
 0.7604 0.0213991
 0.76052 0.0217954
 0.76064 0.0221907
 0.76076 0.0225849
 0.76088 0.0229782
 0.761 0.0233705
 0.76112 0.0237617
 0.76124 0.0241518
 0.76136 0.0245408
 0.76148 0.0249287
 0.7616 0.0253154
 0.76172 0.0257009
 0.76184 0.0260852
 0.76196 0.0264682
 0.76208 0.0268499
 0.7622 0.0272303
 0.76232 0.0276093
 0.76244 0.0279869
 0.76256 0.0283631
 0.76268 0.0287379
 0.7628 0.0291112
 0.76292 0.0294829
 0.76304 0.0298531
 0.76316 0.0302216
 0.76328 0.0305884
 0.7634 0.0309534
 0.76352 0.0313168
 0.76364 0.0316783
 0.76376 0.0320381
 0.76388 0.032396
 0.764 0.0327521
 0.76412 0.0331064
 0.76424 0.0334588
 0.76436 0.0338093
 0.76448 0.0341579
 0.7646 0.0345046
 0.76472 0.0348493
 0.76484 0.0351922
 0.76496 0.0355331
 0.76508 0.0358721
 0.7652 0.0362092
 0.76532 0.0365444
 0.76544 0.0368778
 0.76556 0.0372093
 0.76568 0.0375389
 0.7658 0.0378666
 0.76592 0.0381925
 0.76604 0.0385166
 0.76616 0.0388388
 0.76628 0.0391591
 0.7664 0.0394774
 0.76652 0.0397938
 0.76664 0.0401082
 0.76676 0.0404205
 0.76688 0.0407308
 0.767 0.0410389
 0.76712 0.0413449
 0.76724 0.0416487
 0.76736 0.0419503
 0.76748 0.0422497
 0.7676 0.0425467
 0.76772 0.0428414
 0.76784 0.0431338
 0.76796 0.0434238
 0.76808 0.0437113
 0.7682 0.0439964
 0.76832 0.0442789
 0.76844 0.044559
 0.76856 0.0448364
 0.76868 0.0451113
 0.7688 0.0453835
 0.76892 0.045653
 0.76904 0.0459198
 0.76916 0.0461838
 0.76928 0.046445
 0.7694 0.0467034
 0.76952 0.0469589
 0.76964 0.0472113
 0.76976 0.0474608
 0.76988 0.0477071
 0.77 0.0479503
 0.77012 0.0481903
 0.77024 0.0484271
 0.77036 0.0486605
 0.77048 0.0488906
 0.7706 0.0491173
 0.77072 0.0493404
 0.77084 0.0495601
 0.77096 0.0497762
 0.77108 0.0499886
 0.7712 0.0501973
 0.77132 0.0504023
 0.77144 0.0506036
 0.77156 0.0508009
 0.77168 0.0509944
 0.7718 0.051184
 0.77192 0.0513695
 0.77204 0.051551
 0.77216 0.0517285
 0.77228 0.0519017
 0.7724 0.0520708
 0.77252 0.0522357
 0.77264 0.0523962
 0.77276 0.0525525
 0.77288 0.0527043
 0.773 0.0528517
 0.77312 0.0529946
 0.77324 0.053133
 0.77336 0.0532668
 0.77348 0.0533959
 0.7736 0.0535204
 0.77372 0.0536401
 0.77384 0.053755
 0.77396 0.0538651
 0.77408 0.0539703
 0.7742 0.0540706
 0.77432 0.0541658
 0.77444 0.0542561
 0.77456 0.0543412
 0.77468 0.0544212
 0.7748 0.054496
 0.77492 0.0545655
 0.77504 0.0546298
 0.77516 0.0546886
 0.77528 0.054742
 0.7754 0.0547898
 0.77552 0.0548319
 0.77564 0.0548683
 0.77576 0.0548988
 0.77588 0.0549235
 0.776 0.0549421
 0.77612 0.0549546
 0.77624 0.0549611
 0.77636 0.0549615
 0.77648 0.0549558
 0.7766 0.0549439
 0.77672 0.0549258
 0.77684 0.0549015
 0.77696 0.0548709
 0.77708 0.0548341
 0.7772 0.0547909
 0.77732 0.0547414
 0.77744 0.0546856
 0.77756 0.0546234
 0.77768 0.0545549
 0.7778 0.0544799
 0.77792 0.0543984
 0.77804 0.0543106
 0.77816 0.0542163
 0.77828 0.0541155
 0.7784 0.0540084
 0.77852 0.0538948
 0.77864 0.0537748
 0.77876 0.0536485
 0.77888 0.0535158
 0.779 0.0533768
 0.77912 0.0532314
 0.77924 0.0530798
 0.77936 0.052922
 0.77948 0.0527579
 0.7796 0.0525876
 0.77972 0.0524113
 0.77984 0.0522289
 0.77996 0.0520405
 0.78008 0.0518461
 0.7802 0.0516459
 0.78032 0.0514399
 0.78044 0.0512282
 0.78056 0.0510108
 0.78068 0.0507877
 0.7808 0.0505591
 0.78092 0.050325
 0.78104 0.0500855
 0.78116 0.0498406
 0.78128 0.0495904
 0.7814 0.0493349
 0.78152 0.0490743
 0.78164 0.0488086
 0.78176 0.0485378
 0.78188 0.048262
 0.782 0.0479813
 0.78212 0.0476958
 0.78224 0.0474054
 0.78236 0.0471103
 0.78248 0.0468105
 0.7826 0.0465061
 0.78272 0.046197
 0.78284 0.0458834
 0.78296 0.0455652
 0.78308 0.0452425
 0.7832 0.0449154
 0.78332 0.0445839
 0.78344 0.0442481
 0.78356 0.0439079
 0.78368 0.0435635
 0.7838 0.0432149
 0.78392 0.0428621
 0.78404 0.0425051
 0.78416 0.0421441
 0.78428 0.0417789
 0.7844 0.0414097
 0.78452 0.0410364
 0.78464 0.0406592
 0.78476 0.0402779
 0.78488 0.0398928
 0.785 0.0395038
 0.78512 0.0391109
 0.78524 0.0387142
 0.78536 0.0383137
 0.78548 0.0379094
 0.7856 0.0375015
 0.78572 0.0370899
 0.78584 0.0366747
 0.78596 0.0362558
 0.78608 0.0358335
 0.7862 0.0354076
 0.78632 0.0349783
 0.78644 0.0345455
 0.78656 0.0341094
 0.78668 0.0336699
 0.7868 0.0332272
 0.78692 0.0327812
 0.78704 0.0323322
 0.78716 0.0318801
 0.78728 0.0314251
 0.7874 0.0309672
 0.78752 0.0305064
 0.78764 0.030043
 0.78776 0.0295769
 0.78788 0.0291082
 0.788 0.028637
 0.78812 0.0281636
 0.78824 0.0276878
 0.78836 0.0272099
 0.78848 0.02673
 0.7886 0.0262481
 0.78872 0.0257643
 0.78884 0.0252788
 0.78896 0.0247917
 0.78908 0.024303
 0.7892 0.0238129
 0.78932 0.0233214
 0.78944 0.0228286
 0.78956 0.0223345
 0.78968 0.0218392
 0.7898 0.0213427
 0.78992 0.020845
 0.79004 0.0203461
 0.79016 0.0198461
 0.79028 0.0193449
 0.7904 0.0188427
 0.79052 0.0183393
 0.79064 0.0178348
 0.79076 0.0173292
 0.79088 0.0168226
 0.791 0.0163148
 0.79112 0.0158061
 0.79124 0.0152963
 0.79136 0.0147856
 0.79148 0.0142739
 0.7916 0.0137614
 0.79172 0.013248
 0.79184 0.0127339
 0.79196 0.0122189
 0.79208 0.0117032
 0.7922 0.0111868
 0.79232 0.0106698
 0.79244 0.0101521
 0.79256 0.00963387
 0.79268 0.00911506
 0.7928 0.00859575
 0.79292 0.00807599
 0.79304 0.00755582
 0.79316 0.00703529
 0.79328 0.00651446
 0.7934 0.00599336
 0.79352 0.00547203
 0.79364 0.00495049
 0.79376 0.00442879
 0.79388 0.00390694
 0.794 0.00338497
 0.79412 0.00286292
 0.79424 0.00234081
 0.79436 0.00181867
 0.79448 0.00129652
 0.7946 0.000774393
 0.79472 0.000252293
 0.79484 -0.000269785
 0.79496 -0.000791851
 0.79508 -0.00131391
 0.7952 -0.00183598
 0.79532 -0.00235806
 0.79544 -0.00288016
 0.79556 -0.00340228
 0.79568 -0.00392444
 0.7958 -0.00444663
 0.79592 -0.00496888
 0.79604 -0.00549117
 0.79616 -0.0060135
 0.79628 -0.00653585
 0.7964 -0.00705819
 0.79652 -0.0075805
 0.79664 -0.00810275
 0.79676 -0.00862493
 0.79688 -0.00914702
 0.797 -0.00966898
 0.79712 -0.0101908
 0.79724 -0.0107125
 0.79736 -0.0112339
 0.79748 -0.0117552
 0.7976 -0.0122762
 0.79772 -0.0127969
 0.79784 -0.0133174
 0.79796 -0.0138376
 0.79808 -0.0143574
 0.7982 -0.0148769
 0.79832 -0.0153961
 0.79844 -0.0159148
 0.79856 -0.0164331
 0.79868 -0.016951
 0.7988 -0.0174684
 0.79892 -0.0179853
 0.79904 -0.0185017
 0.79916 -0.0190176
 0.79928 -0.0195329
 0.7994 -0.0200476
 0.79952 -0.0205615
 0.79964 -0.0210747
 0.79976 -0.0215871
 0.79988 -0.0220985
