 0.2 7507.74
 0.20012 7550.89
 0.20024 7579.91
 0.20036 7594.42
 0.20048 7594.19
 0.2006 7579.02
 0.20072 7548.51
 0.20084 7502.1
 0.20096 7439.15
 0.20108 7359.31
 0.2012 7262.43
 0.20132 7148.96
 0.20144 7019.71
 0.20156 6876.65
 0.20168 6722.65
 0.2018 6560.58
 0.20192 6392.94
 0.20204 6221.71
 0.20216 6048.86
 0.20228 5875.97
 0.2024 5704.48
 0.20252 5536.38
 0.20264 5373.75
 0.20276 5218.72
 0.20288 5073.53
 0.203 4940.64
 0.20312 4822.06
 0.20324 4719.14
 0.20336 4632.77
 0.20348 4563.3
 0.2036 4510.06
 0.20372 4472.09
 0.20384 4448.31
 0.20396 4438.11
 0.20408 4440.99
 0.2042 4456.01
 0.20432 4482.44
 0.20444 4519.01
 0.20456 4563.99
 0.20468 4615.84
 0.2048 4672.97
 0.20492 4733.64
 0.20504 4796.31
 0.20516 4859.93
 0.20528 4923.75
 0.2054 4987.41
 0.20552 5050.92
 0.20564 5113.97
 0.20576 5176.17
 0.20588 5237.12
 0.206 5296.22
 0.20612 5353.02
 0.20624 5407.62
 0.20636 5460.41
 0.20648 5512.36
 0.2066 5563.97
 0.20672 5615.18
 0.20684 5665.87
 0.20696 5715.82
 0.20708 5764.39
 0.2072 5811.14
 0.20732 5855.59
 0.20744 5897.05
 0.20756 5935.22
 0.20768 5970.75
 0.2078 6004.44
 0.20792 6036.64
 0.20804 6067.74
 0.20816 6097.74
 0.20828 6125.99
 0.2084 6151.41
 0.20852 6173.05
 0.20864 6190.65
 0.20876 6204.68
 0.20888 6215.82
 0.209 6225.01
 0.20912 6233.01
 0.20924 6240.13
 0.20936 6246.39
 0.20948 6251.51
 0.2096 6254.81
 0.20972 6254.87
 0.20984 6250.2
 0.20996 6240.16
 0.21008 6223.96
 0.2102 6201.34
 0.21032 6172.76
 0.21044 6138.78
 0.21056 6100.05
 0.21068 6057.06
 0.2108 6009.88
 0.21092 5958.17
 0.21104 5901.75
 0.21116 5840.94
 0.21128 5776.16
 0.2114 5708.81
 0.21152 5640.53
 0.21164 5572.84
 0.21176 5507.88
 0.21188 5447.69
 0.212 5394.01
 0.21212 5348.73
 0.21224 5313.03
 0.21236 5287.32
 0.21248 5271.83
 0.2126 5265.99
 0.21272 5268.82
 0.21284 5279.57
 0.21296 5297.6
 0.21308 5322.05
 0.2132 5351.87
 0.21332 5385.96
 0.21344 5422.51
 0.21356 5459.89
 0.21368 5496.53
 0.2138 5530.58
 0.21392 5560.29
 0.21404 5583.95
 0.21416 5600.06
 0.21428 5608.08
 0.2144 5607.96
 0.21452 5599.99
 0.21464 5585.39
 0.21476 5565.81
 0.21488 5542.83
 0.215 5518.06
 0.21512 5493.27
 0.21524 5470.35
 0.21536 5451.04
 0.21548 5437.09
 0.2156 5430.2
 0.21572 5432.06
 0.21584 5443.88
 0.21596 5466.37
 0.21608 5499.43
 0.2162 5542.45
 0.21632 5594.27
 0.21644 5653.84
 0.21656 5719.75
 0.21668 5790.06
 0.2168 5862.85
 0.21692 5936.16
 0.21704 6007.94
 0.21716 6075.91
 0.21728 6137.67
 0.2174 6191.2
 0.21752 6234.73
 0.21764 6266.26
 0.21776 6284.37
 0.21788 6288.4
 0.218 6279.05
 0.21812 6258.21
 0.21824 6227.82
 0.21836 6189.55
 0.21848 6144.72
 0.2186 6095.21
 0.21872 6042.67
 0.21884 5988.68
 0.21896 5934.71
 0.21908 5882.25
 0.2192 5832.94
 0.21932 5788.28
 0.21944 5749.57
 0.21956 5718.03
 0.21968 5694.98
 0.2198 5681.55
 0.21992 5678.76
 0.22004 5686.04
 0.22016 5702.44
 0.22028 5727.43
 0.2204 5761.35
 0.22052 5804.43
 0.22064 5856.98
 0.22076 5919.49
 0.22088 5992.37
 0.221 6076.39
 0.22112 6172.21
 0.22124 6280.29
 0.22136 6401.21
 0.22148 6535.09
 0.2216 6682.06
 0.22172 6841.7
 0.22184 7012.08
 0.22196 7190.62
 0.22208 7375.5
 0.2222 7564.76
 0.22232 7755.81
 0.22244 7945.36
 0.22256 8129.53
 0.22268 8303.76
 0.2228 8463.86
 0.22292 8605.66
 0.22304 8724.86
 0.22316 8817.93
 0.22328 8881.75
 0.2234 8913.48
 0.22352 8910.8
 0.22364 8871.55
 0.22376 8794.99
 0.22388 8682.68
 0.224 8537.02
 0.22412 8360.44
 0.22424 8155.64
 0.22436 7925.85
 0.22448 7675.19
 0.2246 7409.38
 0.22472 7134.43
 0.22484 6856.07
 0.22496 6579.83
 0.22508 6310.88
 0.2252 6053.3
 0.22532 5810.77
 0.22544 5586.88
 0.22556 5385.15
 0.22568 5208.69
 0.2258 5059.39
 0.22592 4937.78
 0.22604 4843.93
 0.22616 4777.4
 0.22628 4737.34
 0.2264 4722.65
 0.22652 4731.21
 0.22664 4759.84
 0.22676 4805.34
 0.22688 4864.71
 0.227 4935.47
 0.22712 5015.48
 0.22724 5103.3
 0.22736 5197.52
 0.22748 5296.36
 0.2276 5397.7
 0.22772 5499.42
 0.22784 5599.8
 0.22796 5697.29
 0.22808 5790.57
 0.2282 5879.07
 0.22832 5962.19
 0.22844 6039.22
 0.22856 6110.02
 0.22868 6174.8
 0.2288 6233.81
 0.22892 6286.69
 0.22904 6332.68
 0.22916 6370.97
 0.22928 6400.59
 0.2294 6420.82
 0.22952 6431.63
 0.22964 6433.73
 0.22976 6428.19
 0.22988 6416.06
 0.23 6398.58
 0.23012 6376.64
 0.23024 6350.98
 0.23036 6322.69
 0.23048 6292.79
 0.2306 6261.74
 0.23072 6229.84
 0.23084 6197.5
 0.23096 6165.67
 0.23108 6135.03
 0.2312 6106.2
 0.23132 6079.61
 0.23144 6055.34
 0.23156 6032.9
 0.23168 6011.17
 0.2318 5988.89
 0.23192 5964.73
 0.23204 5937.54
 0.23216 5905.97
 0.23228 5868.53
 0.2324 5824.04
 0.23252 5771.95
 0.23264 5712.19
 0.23276 5644.76
 0.23288 5569.48
 0.233 5486.61
 0.23312 5397.11
 0.23324 5302.07
 0.23336 5203.09
 0.23348 5101.86
 0.2336 5000.3
 0.23372 4900.61
 0.23384 4805.14
 0.23396 4716.2
 0.23408 4636.15
 0.2342 4567.87
 0.23432 4513.7
 0.23444 4474.85
 0.23456 4452.37
 0.23468 4447.36
 0.2348 4461.11
 0.23492 4494.72
 0.23504 4548.57
 0.23516 4622.68
 0.23528 4716.15
 0.2354 4827.53
 0.23552 4955.33
 0.23564 5097.8
 0.23576 5252.66
 0.23588 5417.16
 0.236 5588.22
 0.23612 5762.52
 0.23624 5936.6
 0.23636 6108.24
 0.23648 6275.95
 0.2366 6437.29
 0.23672 6589.03
 0.23684 6728
 0.23696 6851.38
 0.23708 6956.31
 0.2372 7040.51
 0.23732 7103.26
 0.23744 7144.45
 0.23756 7164.05
 0.23768 7162.52
 0.2378 7141.05
 0.23792 7101.79
 0.23804 7047.42
 0.23816 6980.74
 0.23828 6904.25
 0.2384 6819.25
 0.23852 6727.22
 0.23864 6631.07
 0.23876 6534.22
 0.23888 6439.23
 0.239 6348.61
 0.23912 6264.89
 0.23924 6189.41
 0.23936 6122.37
 0.23948 6063.81
 0.2396 6014.03
 0.23972 5973.06
 0.23984 5940.41
 0.23996 5914.84
 0.24008 5894.67
 0.2402 5878.21
 0.24032 5864.22
 0.24044 5852.28
 0.24056 5841.37
 0.24068 5829.82
 0.2408 5816.38
 0.24092 5800.8
 0.24104 5782.83
 0.24116 5762.9
 0.24128 5742.44
 0.2414 5722.83
 0.24152 5704.79
 0.24164 5688.26
 0.24176 5672.96
 0.24188 5658.43
 0.242 5644.35
 0.24212 5630.69
 0.24224 5617.35
 0.24236 5603.89
 0.24248 5589.86
 0.2426 5575.48
 0.24272 5560.99
 0.24284 5546.09
 0.24296 5529.97
 0.24308 5511.42
 0.2432 5488.52
 0.24332 5459.2
 0.24344 5421.91
 0.24356 5376
 0.24368 5321.59
 0.2438 5259.35
 0.24392 5190.49
 0.24404 5116.59
 0.24416 5039.25
 0.24428 4960.32
 0.2444 4881.75
 0.24452 4804.54
 0.24464 4728.76
 0.24476 4654.61
 0.24488 4582.5
 0.245 4513.34
 0.24512 4448.39
 0.24524 4388.95
 0.24536 4336.33
 0.24548 4291.93
 0.2456 4257.04
 0.24572 4232.83
 0.24584 4220.43
 0.24596 4220.72
 0.24608 4234.06
 0.2462 4260.39
 0.24632 4298.92
 0.24644 4348.75
 0.24656 4410.48
 0.24668 4485.11
 0.2468 4573.33
 0.24692 4675.67
 0.24704 4792.33
 0.24716 4923.86
 0.24728 5071.18
 0.2474 5234.5
 0.24752 5413.1
 0.24764 5605.43
 0.24776 5809.27
 0.24788 6021.58
 0.248 6239
 0.24812 6458.53
 0.24824 6677.68
 0.24836 6894.92
 0.24848 7108.85
 0.2486 7317.22
 0.24872 7518.4
 0.24884 7710.79
 0.24896 7892.68
 0.24908 8062.06
 0.2492 8215.94
 0.24932 8351.05
 0.24944 8465.38
 0.24956 8557.96
 0.24968 8628.73
 0.2498 8678.15
 0.24992 8707.76
 0.25004 8719.42
 0.25016 8714.97
 0.25028 8695.89
 0.2504 8662.94
 0.25052 8616.78
 0.25064 8557.89
 0.25076 8486.11
 0.25088 8401.67
 0.251 8304.96
 0.25112 8196.98
 0.25124 8079.77
 0.25136 7955.35
 0.25148 7824.75
 0.2516 7688.59
 0.25172 7547.55
 0.25184 7402.38
 0.25196 7253.5
 0.25208 7101.39
 0.2522 6946.64
 0.25232 6790.07
 0.25244 6632.79
 0.25256 6475.86
 0.25268 6320.55
 0.2528 6168.31
 0.25292 6020.55
 0.25304 5878.75
 0.25316 5744.27
 0.25328 5618.03
 0.2534 5501.14
 0.25352 5395.25
 0.25364 5301.61
 0.25376 5220.91
 0.25388 5153.69
 0.254 5100.17
 0.25412 5060.02
 0.25424 5032.73
 0.25436 5017.75
 0.25448 5014.85
 0.2546 5024.15
 0.25472 5045.95
 0.25484 5080.44
 0.25496 5127.52
 0.25508 5186.69
 0.2552 5257.09
 0.25532 5337.35
 0.25544 5425.51
 0.25556 5519.34
 0.25568 5617.38
 0.2558 5717.98
 0.25592 5819.45
 0.25604 5920.5
 0.25616 6020.56
 0.25628 6119.13
 0.2564 6215.18
 0.25652 6307.04
 0.25664 6392.51
 0.25676 6469.04
 0.25688 6533.96
 0.257 6584.99
 0.25712 6620.21
 0.25724 6638.65
 0.25736 6640.55
 0.25748 6627.06
 0.2576 6599.23
 0.25772 6557.67
 0.25784 6503.53
 0.25796 6438.18
 0.25808 6362.73
 0.2582 6277.9
 0.25832 6184.53
 0.25844 6084.45
 0.25856 5979.92
 0.25868 5873.82
 0.2588 5769.72
 0.25892 5671.47
 0.25904 5582.46
 0.25916 5505.46
 0.25928 5442.06
 0.2594 5392.75
 0.25952 5357.35
 0.25964 5336.05
 0.25976 5329.17
 0.25988 5336.9
 0.26 5358.92
 0.26012 5394.47
 0.26024 5442.98
 0.26036 5503.43
 0.26048 5574.03
 0.2606 5652.67
 0.26072 5736.8
 0.26084 5823.13
 0.26096 5908.27
 0.26108 5989.41
 0.2612 6064.55
 0.26132 6132.19
 0.26144 6191.32
 0.26156 6240.79
 0.26168 6279.26
 0.2618 6305.22
 0.26192 6317.27
 0.26204 6315.05
 0.26216 6298.72
 0.26228 6268.29
 0.2624 6224.49
 0.26252 6168.42
 0.26264 6101.32
 0.26276 6024.17
 0.26288 5938.43
 0.263 5845.49
 0.26312 5746.15
 0.26324 5640.74
 0.26336 5529.65
 0.26348 5413.75
 0.2636 5294.55
 0.26372 5173.69
 0.26384 5052.99
 0.26396 4934.11
 0.26408 4818.06
 0.2642 4705.94
 0.26432 4598.56
 0.26444 4496.13
 0.26456 4398.8
 0.26468 4307.35
 0.2648 4223.09
 0.26492 4147.17
 0.26504 4081.05
 0.26516 4026.59
 0.26528 3986.04
 0.2654 3961.27
 0.26552 3953.19
 0.26564 3961.81
 0.26576 3986.82
 0.26588 4027.37
 0.266 4082.37
 0.26612 4150.84
 0.26624 4231.77
 0.26636 4324.86
 0.26648 4430.25
 0.2666 4547.83
 0.26672 4676.66
 0.26684 4815.48
 0.26696 4962.72
 0.26708 5116.13
 0.2672 5273.25
 0.26732 5431.37
 0.26744 5588.4
 0.26756 5743.17
 0.26768 5895.61
 0.2678 6046.11
 0.26792 6195.92
 0.26804 6346.09
 0.26816 6497.28
 0.26828 6649.97
 0.2684 6803.51
 0.26852 6956.45
 0.26864 7107.24
 0.26876 7254.54
 0.26888 7396.92
 0.269 7534.02
 0.26912 7666.1
 0.26924 7793.3
 0.26936 7915.53
 0.26948 8032.28
 0.2696 8141.92
 0.26972 8241.67
 0.26984 8328.42
 0.26996 8398.84
 0.27008 8450.46
 0.2702 8481.25
 0.27032 8489.58
 0.27044 8475.26
 0.27056 8439.35
 0.27068 8383.43
 0.2708 8309.38
 0.27092 8218.88
 0.27104 8112.35
 0.27116 7990.28
 0.27128 7853.51
 0.2714 7703.15
 0.27152 7540.81
 0.27164 7369.65
 0.27176 7193.85
 0.27188 7017.51
 0.272 6844.41
 0.27212 6677.87
 0.27224 6520.74
 0.27236 6375.26
 0.27248 6242.64
 0.2726 6123.19
 0.27272 6016.9
 0.27284 5923.99
 0.27296 5845.4
 0.27308 5782.57
 0.2732 5736.42
 0.27332 5707.4
 0.27344 5695.8
 0.27356 5700.99
 0.27368 5720.6
 0.2738 5751.61
 0.27392 5791.39
 0.27404 5837.19
 0.27416 5886.42
 0.27428 5936.79
 0.2744 5986.25
 0.27452 6033.06
 0.27464 6075.93
 0.27476 6113.31
 0.27488 6143.08
 0.275 6162.76
 0.27512 6170.05
 0.27524 6163.49
 0.27536 6141.85
 0.27548 6104.04
 0.2756 6049.69
 0.27572 5979.79
 0.27584 5895.57
 0.27596 5798.25
 0.27608 5689.63
 0.2762 5571.61
 0.27632 5446.64
 0.27644 5317.46
 0.27656 5186.68
 0.27668 5056.87
 0.2768 4930.9
 0.27692 4811.59
 0.27704 4701.68
 0.27716 4603.28
 0.27728 4517.93
 0.2774 4447.7
 0.27752 4394.81
 0.27764 4361.47
 0.27776 4349.13
 0.27788 4358.81
 0.278 4390.82
 0.27812 4444.67
 0.27824 4519.21
 0.27836 4612.16
 0.27848 4720.93
 0.2786 4842.77
 0.27872 4974.91
 0.27884 5114.67
 0.27896 5259.6
 0.27908 5407.33
 0.2792 5555.95
 0.27932 5703.14
 0.27944 5845.72
 0.27956 5979.84
 0.27968 6101.61
 0.2798 6207.66
 0.27992 6295.52
 0.28004 6363.76
 0.28016 6411.79
 0.28028 6440.09
 0.2804 6449.95
 0.28052 6442.87
 0.28064 6420.47
 0.28076 6383.97
 0.28088 6334.39
 0.281 6273.3
 0.28112 6202.19
 0.28124 6122.69
 0.28136 6037.3
 0.28148 5949.24
 0.2816 5862.27
 0.28172 5779.79
 0.28184 5704.49
 0.28196 5638.2
 0.28208 5582
 0.2822 5536.06
 0.28232 5499.55
 0.28244 5471.39
 0.28256 5450.41
 0.28268 5436
 0.2828 5428.38
 0.28292 5427.25
 0.28304 5431.52
 0.28316 5440.29
 0.28328 5452.22
 0.2834 5465.38
 0.28352 5477.53
 0.28364 5486.41
 0.28376 5490.5
 0.28388 5488.89
 0.284 5481.27
 0.28412 5467.44
 0.28424 5447.98
 0.28436 5423.98
 0.28448 5396.54
 0.2846 5366.74
 0.28472 5334.63
 0.28484 5299.63
 0.28496 5262.41
 0.28508 5223.93
 0.2852 5185.05
 0.28532 5147.09
 0.28544 5111.66
 0.28556 5080.5
 0.28568 5055.09
 0.2858 5036.36
 0.28592 5024.94
 0.28604 5021.12
 0.28616 5025.53
 0.28628 5038.46
 0.2864 5060.26
 0.28652 5091.24
 0.28664 5131.6
 0.28676 5182.37
 0.28688 5244.35
 0.287 5317.06
 0.28712 5400.06
 0.28724 5493.03
 0.28736 5595.18
 0.28748 5705.12
 0.2876 5820.99
 0.28772 5941.07
 0.28784 6063.96
 0.28796 6188.44
 0.28808 6313.52
 0.2882 6437.94
 0.28832 6560.19
 0.28844 6678.22
 0.28856 6790.29
 0.28868 6894.72
 0.2888 6989.83
 0.28892 7074.66
 0.28904 7149.04
 0.28916 7212.23
 0.28928 7263.07
 0.2894 7301.08
 0.28952 7327.01
 0.28964 7342.45
 0.28976 7348.63
 0.28988 7345.94
 0.29 7334.68
 0.29012 7314.98
 0.29024 7287.36
 0.29036 7253.04
 0.29048 7213.85
 0.2906 7171.46
 0.29072 7127.55
 0.29084 7083.63
 0.29096 7040.77
 0.29108 6999.82
 0.2912 6962.83
 0.29132 6931.97
 0.29144 6908.38
 0.29156 6891.3
 0.29168 6879.16
 0.2918 6871.42
 0.29192 6868.45
 0.29204 6870.62
 0.29216 6878.09
 0.29228 6890.57
 0.2924 6907.05
 0.29252 6925.99
 0.29264 6945.65
 0.29276 6963.92
 0.29288 6978.56
 0.293 6987.58
 0.29312 6988.94
 0.29324 6980.2
 0.29336 6959.39
 0.29348 6925.96
 0.2936 6881.58
 0.29372 6828.25
 0.29384 6767.27
 0.29396 6699.54
 0.29408 6625.77
 0.2942 6547.06
 0.29432 6464.65
 0.29444 6380.29
 0.29456 6296.34
 0.29468 6215.43
 0.2948 6140.55
 0.29492 6074.84
 0.29504 6021.12
 0.29516 5981.81
 0.29528 5958.89
 0.2954 5953.3
 0.29552 5964.49
 0.29564 5990.56
 0.29576 6029.6
 0.29588 6079.51
 0.296 6138.38
 0.29612 6204.76
 0.29624 6276.91
 0.29636 6353.26
 0.29648 6431.59
 0.2966 6508.96
 0.29672 6582.56
 0.29684 6649.56
 0.29696 6707.31
 0.29708 6753.35
 0.2972 6785.77
 0.29732 6803.38
 0.29744 6806.24
 0.29756 6795.26
 0.29768 6771.45
 0.2978 6735.68
 0.29792 6689.36
 0.29804 6633.56
 0.29816 6569.05
 0.29828 6496.49
 0.2984 6416.66
 0.29852 6331.55
 0.29864 6243.89
 0.29876 6156.25
 0.29888 6070.67
 0.299 5988.52
 0.29912 5911.16
 0.29924 5839.67
 0.29936 5774.32
 0.29948 5714.59
 0.2996 5659.79
 0.29972 5610
 0.29984 5565.55
 0.29996 5526.64
 0.30008 5493.66
 0.3002 5467.44
 0.30032 5448.79
 0.30044 5437.85
 0.30056 5433.08
 0.30068 5431.99
 0.3008 5431.82
 0.30092 5431.18
 0.30104 5429.54
 0.30116 5426.33
 0.30128 5421.37
 0.3014 5414.72
 0.30152 5406.84
 0.30164 5397.88
 0.30176 5387.42
 0.30188 5374.89
 0.302 5359.8
 0.30212 5341.45
 0.30224 5318.97
 0.30236 5291.94
 0.30248 5260.69
 0.3026 5226.88
 0.30272 5193.41
 0.30284 5163.22
 0.30296 5137.7
 0.30308 5117.62
 0.3032 5103.53
 0.30332 5095.86
 0.30344 5095.31
 0.30356 5102.44
 0.30368 5117.66
 0.3038 5140.96
 0.30392 5171.66
 0.30404 5208.77
 0.30416 5251.25
 0.30428 5297.83
 0.3044 5347.04
 0.30452 5397.27
 0.30464 5446.42
 0.30476 5491.83
 0.30488 5531.28
 0.305 5563.52
 0.30512 5587.85
 0.30524 5603.84
 0.30536 5610.85
 0.30548 5607.98
 0.3056 5594.59
 0.30572 5571
 0.30584 5538.73
 0.30596 5500.57
 0.30608 5459.76
 0.3062 5419.68
 0.30632 5383.62
 0.30644 5354.56
 0.30656 5335.07
 0.30668 5327.41
 0.3068 5333.63
 0.30692 5355.47
 0.30704 5394.16
 0.30716 5450.21
 0.30728 5523.55
 0.3074 5614.13
 0.30752 5721.86
 0.30764 5846.14
 0.30776 5985.39
 0.30788 6136.95
 0.308 6296.89
 0.30812 6461.31
 0.30824 6626.5
 0.30836 6788.91
 0.30848 6945.51
 0.3086 7093.61
 0.30872 7231.07
 0.30884 7355.9
 0.30896 7466.03
 0.30908 7559.65
 0.3092 7636.21
 0.30932 7695.97
 0.30944 7739.26
 0.30956 7766.79
 0.30968 7779.46
 0.3098 7778.42
 0.30992 7765.42
 0.31004 7742.85
 0.31016 7712.38
 0.31028 7675.77
 0.3104 7634.79
 0.31052 7590.96
 0.31064 7545.75
 0.31076 7500.22
 0.31088 7455.32
 0.311 7412.66
 0.31112 7373.46
 0.31124 7337.67
 0.31136 7304.88
 0.31148 7274.64
 0.3116 7245.92
 0.31172 7217.99
 0.31184 7190.59
 0.31196 7163.43
 0.31208 7136.21
 0.3122 7109.13
 0.31232 7081.86
 0.31244 7053.96
 0.31256 7025.03
 0.31268 6994.65
 0.3128 6963.11
 0.31292 6930.55
 0.31304 6895.92
 0.31316 6858.76
 0.31328 6819.29
 0.3134 6777.44
 0.31352 6733.75
 0.31364 6689.17
 0.31376 6644.36
 0.31388 6599.39
 0.314 6554.02
 0.31412 6508.19
 0.31424 6462.1
 0.31436 6416.5
 0.31448 6372.1
 0.3146 6329.36
 0.31472 6288.32
 0.31484 6248.04
 0.31496 6208.2
 0.31508 6169.46
 0.3152 6131.88
 0.31532 6095.36
 0.31544 6060.07
 0.31556 6025.53
 0.31568 5991.15
 0.3158 5956.09
 0.31592 5919.67
 0.31604 5881.49
 0.31616 5840.76
 0.31628 5796.14
 0.3164 5745.93
 0.31652 5688.65
 0.31664 5623.25
 0.31676 5549.53
 0.31688 5468.46
 0.317 5380.77
 0.31712 5287
 0.31724 5188.18
 0.31736 5085.51
 0.31748 4980.21
 0.3176 4873.54
 0.31772 4766.72
 0.31784 4661.82
 0.31796 4561.03
 0.31808 4466.35
 0.3182 4380
 0.31832 4304.75
 0.31844 4243.58
 0.31856 4199.62
 0.31868 4175.78
 0.3188 4173.58
 0.31892 4193.14
 0.31904 4233.94
 0.31916 4295.11
 0.31928 4375.14
 0.3194 4471.9
 0.31952 4583.2
 0.31964 4707.15
 0.31976 4841.6
 0.31988 4983.59
 0.32 5130.08
 0.32012 5277.97
 0.32024 5423.52
 0.32036 5562.63
 0.32048 5690.99
 0.3206 5804
 0.32072 5897.45
 0.32084 5968.88
 0.32096 6017.06
 0.32108 6041.73
 0.3212 6043.23
 0.32132 6022.78
 0.32144 5982.42
 0.32156 5924.03
 0.32168 5849.52
 0.3218 5761.15
 0.32192 5661.6
 0.32204 5553.63
 0.32216 5440.85
 0.32228 5327.84
 0.3224 5219.4
 0.32252 5120.43
 0.32264 5035.36
 0.32276 4967.77
 0.32288 4920.07
 0.323 4893.74
 0.32312 4889.46
 0.32324 4907.47
 0.32336 4947.14
 0.32348 5007.3
 0.3236 5086.89
 0.32372 5184.62
 0.32384 5299.04
 0.32396 5428.55
 0.32408 5571.3
 0.3242 5724.12
 0.32432 5882.89
 0.32444 6042.95
 0.32456 6199.65
 0.32468 6349.27
 0.3248 6488.75
 0.32492 6615.59
 0.32504 6728.03
 0.32516 6824.65
 0.32528 6904.24
 0.3254 6966.29
 0.32552 7010.54
 0.32564 7036.91
 0.32576 7045.4
 0.32588 7035.94
 0.326 7008.52
 0.32612 6963.37
 0.32624 6901.98
 0.32636 6826.51
 0.32648 6740.32
 0.3266 6646.86
 0.32672 6549.11
 0.32684 6449.83
 0.32696 6351.18
 0.32708 6254.97
 0.3272 6163.04
 0.32732 6076.91
 0.32744 5997.61
 0.32756 5926.22
 0.32768 5863.18
 0.3278 5809.05
 0.32792 5764.35
 0.32804 5729.56
 0.32816 5704.97
 0.32828 5690.26
 0.3284 5684.59
 0.32852 5685.83
 0.32864 5691.69
 0.32876 5699.87
 0.32888 5708.12
 0.329 5714.83
 0.32912 5718.46
 0.32924 5717.66
 0.32936 5711.54
 0.32948 5699.3
 0.3296 5680.18
 0.32972 5654.26
 0.32984 5621.62
 0.32996 5582.86
 0.33008 5538.38
 0.3302 5488.73
 0.33032 5434.51
 0.33044 5376.89
 0.33056 5317.79
 0.33068 5259.44
 0.3308 5204.57
 0.33092 5155.85
 0.33104 5115.24
 0.33116 5084.11
 0.33128 5063.24
 0.3314 5053.2
 0.33152 5054.63
 0.33164 5068.09
 0.33176 5093.58
 0.33188 5130.65
 0.332 5178.6
 0.33212 5236.89
 0.33224 5304.69
 0.33236 5381.19
 0.33248 5465.28
 0.3326 5554.8
 0.33272 5646.54
 0.33284 5736.6
 0.33296 5821.22
 0.33308 5897.64
 0.3332 5964.67
 0.33332 6021.68
 0.33344 6067.93
 0.33356 6102.53
 0.33368 6124.45
 0.3338 6133.07
 0.33392 6128.38
 0.33404 6110.43
 0.33416 6079.84
 0.33428 6037.91
 0.3344 5985.86
 0.33452 5925.5
 0.33464 5860.43
 0.33476 5795.41
 0.33488 5735.69
 0.335 5686.43
 0.33512 5650.95
 0.33524 5630.73
 0.33536 5626.73
 0.33548 5640.02
 0.3356 5672.19
 0.33572 5724.8
 0.33584 5798.7
 0.33596 5894.01
 0.33608 6010.26
 0.3362 6145.27
 0.33632 6296.03
 0.33644 6459.58
 0.33656 6632.1
 0.33668 6808.2
 0.3368 6982.17
 0.33692 7148.06
 0.33704 7300.49
 0.33716 7436.28
 0.33728 7553.66
 0.3374 7651.26
 0.33752 7727.28
 0.33764 7779.14
 0.33776 7804.61
 0.33788 7802.39
 0.338 7771.83
 0.33812 7713.54
 0.33824 7630.2
 0.33836 7524.83
 0.33848 7400.41
 0.3386 7260.58
 0.33872 7109.79
 0.33884 6952.17
 0.33896 6791.63
 0.33908 6631.05
 0.3392 6471.99
 0.33932 6315.57
 0.33944 6162.99
 0.33956 6016.47
 0.33968 5878.9
 0.3398 5752.92
 0.33992 5640.54
 0.34004 5543.36
 0.34016 5461.67
 0.34028 5394.62
 0.3404 5341.21
 0.34052 5300.41
 0.34064 5270.92
 0.34076 5251.12
 0.34088 5239.87
 0.341 5236.55
 0.34112 5241.23
 0.34124 5254.21
 0.34136 5275.66
 0.34148 5305.07
 0.3416 5340.96
 0.34172 5381.34
 0.34184 5424.12
 0.34196 5467.41
 0.34208 5509.51
 0.3422 5549.25
 0.34232 5585.97
 0.34244 5619.44
 0.34256 5649.04
 0.34268 5674.18
 0.3428 5694.59
 0.34292 5709.63
 0.34304 5718.17
 0.34316 5718.91
 0.34328 5710.65
 0.3434 5692.57
 0.34352 5664.66
 0.34364 5627.68
 0.34376 5582.92
 0.34388 5532.14
 0.344 5477.25
 0.34412 5420.35
 0.34424 5363.55
 0.34436 5308.53
 0.34448 5257.09
 0.3446 5211.4
 0.34472 5172.97
 0.34484 5142.82
 0.34496 5122.24
 0.34508 5112.72
 0.3452 5115.9
 0.34532 5133.11
 0.34544 5165.05
 0.34556 5211.79
 0.34568 5272.65
 0.3458 5346.21
 0.34592 5430.5
 0.34604 5523.3
 0.34616 5622.03
 0.34628 5724.28
 0.3464 5827.74
 0.34652 5929.63
 0.34664 6027.71
 0.34676 6121.15
 0.34688 6209.55
 0.347 6292.41
 0.34712 6369.03
 0.34724 6438.2
 0.34736 6499.31
 0.34748 6551.89
 0.3476 6595.99
 0.34772 6632.13
 0.34784 6661.38
 0.34796 6685.17
 0.34808 6705.03
 0.3482 6722.35
 0.34832 6738.11
 0.34844 6753.14
 0.34856 6768.54
 0.34868 6784.46
 0.3488 6799.83
 0.34892 6813.16
 0.34904 6822.96
 0.34916 6828.21
 0.34928 6828.59
 0.3494 6823.52
 0.34952 6813.01
 0.34964 6796.89
 0.34976 6775.15
 0.34988 6747.39
 0.35 6713.03
 0.35012 6671.72
 0.35024 6623.64
 0.35036 6569.4
 0.35048 6509.74
 0.3506 6445.07
 0.35072 6376.33
 0.35084 6305.35
 0.35096 6234.42
 0.35108 6166.16
 0.3512 6102.68
 0.35132 6045.71
 0.35144 5996.6
 0.35156 5955.86
 0.35168 5923.55
 0.3518 5899.52
 0.35192 5884.06
 0.35204 5877.43
 0.35216 5879.53
 0.35228 5890.21
 0.3524 5909.02
 0.35252 5935.98
 0.35264 5971.43
 0.35276 6015.43
 0.35288 6067.07
 0.353 6124.73
 0.35312 6186.06
 0.35324 6248.93
 0.35336 6311.3
 0.35348 6371.79
 0.3536 6429.99
 0.35372 6486.03
 0.35384 6540.08
 0.35396 6592.07
 0.35408 6642.04
 0.3542 6689.94
 0.35432 6735.43
 0.35444 6778.08
 0.35456 6816.91
 0.35468 6850.81
 0.3548 6879.14
 0.35492 6902.12
 0.35504 6920.61
 0.35516 6936.05
 0.35528 6949.81
 0.3554 6962.93
 0.35552 6975.96
 0.35564 6988.46
 0.35576 6999.57
 0.35588 7008.19
 0.356 7013.23
 0.35612 7013.23
 0.35624 7007.26
 0.35636 6994.51
 0.35648 6974.44
 0.3566 6946.97
 0.35672 6912.32
 0.35684 6870.52
 0.35696 6821.59
 0.35708 6765.43
 0.3572 6702.04
 0.35732 6631.76
 0.35744 6554.98
 0.35756 6472.55
 0.35768 6385.97
 0.3578 6297.08
 0.35792 6207.79
 0.35804 6120.71
 0.35816 6038.68
 0.35828 5964.14
 0.3584 5899.8
 0.35852 5847.92
 0.35864 5809.79
 0.35876 5785.59
 0.35888 5775
 0.359 5777.39
 0.35912 5791.95
 0.35924 5817.22
 0.35936 5851.67
 0.35948 5894.13
 0.3596 5942.8
 0.35972 5995.59
 0.35984 6050.69
 0.35996 6106.39
 0.36008 6160.28
 0.3602 6209.96
 0.36032 6252.76
 0.36044 6285.37
 0.36056 6305.23
 0.36068 6311.27
 0.3608 6303.91
 0.36092 6283.91
 0.36104 6251.53
 0.36116 6207.28
 0.36128 6152.15
 0.3614 6086.73
 0.36152 6011.62
 0.36164 5928.22
 0.36176 5838
 0.36188 5741.7
 0.362 5639.91
 0.36212 5533.47
 0.36224 5423.53
 0.36236 5311.99
 0.36248 5201.44
 0.3626 5093.75
 0.36272 4989.71
 0.36284 4889.34
 0.36296 4793.18
 0.36308 4702.7
 0.3632 4618.97
 0.36332 4543.07
 0.36344 4476.59
 0.36356 4420.57
 0.36368 4375.54
 0.3638 4341.81
 0.36392 4320.31
 0.36404 4312.01
 0.36416 4317.59
 0.36428 4337.32
 0.3644 4370.98
 0.36452 4418
 0.36464 4478.08
 0.36476 4550.72
 0.36488 4635.41
 0.365 4730.71
 0.36512 4834.85
 0.36524 4946.44
 0.36536 5063.41
 0.36548 5183.38
 0.3656 5304.15
 0.36572 5423.73
 0.36584 5540.43
 0.36596 5652.17
 0.36608 5757.01
 0.3662 5853.2
 0.36632 5938.94
 0.36644 6012.38
 0.36656 6071.73
 0.36668 6115.59
 0.3668 6143.59
 0.36692 6155.72
 0.36704 6152.64
 0.36716 6134.74
 0.36728 6102.6
 0.3674 6057.73
 0.36752 6001.78
 0.36764 5936.73
 0.36776 5864.3
 0.36788 5786.15
 0.368 5704.25
 0.36812 5620.66
 0.36824 5537.49
 0.36836 5457.21
 0.36848 5382.74
 0.3686 5316.97
 0.36872 5262.01
 0.36884 5219.01
 0.36896 5188.59
 0.36908 5170.98
 0.3692 5166.68
 0.36932 5175.82
 0.36944 5197.98
 0.36956 5232.84
 0.36968 5279.77
 0.3698 5338.55
 0.36992 5408.64
 0.37004 5488.86
 0.37016 5577.59
 0.37028 5673.11
 0.3704 5772.98
 0.37052 5874.39
 0.37064 5974.59
 0.37076 6071.25
 0.37088 6162.85
 0.371 6248.34
 0.37112 6326.98
 0.37124 6397.83
 0.37136 6460.01
 0.37148 6512.65
 0.3716 6554.58
 0.37172 6584.74
 0.37184 6602.11
 0.37196 6606.53
 0.37208 6598.76
 0.3722 6580.15
 0.37232 6552.3
 0.37244 6517.49
 0.37256 6477.99
 0.37268 6436.34
 0.3728 6394.91
 0.37292 6355.48
 0.37304 6319.51
 0.37316 6288.17
 0.37328 6262.72
 0.3734 6244.11
 0.37352 6233.65
 0.37364 6232.78
 0.37376 6242.63
 0.37388 6263.2
 0.374 6293.67
 0.37412 6332.57
 0.37424 6377.98
 0.37436 6427.91
 0.37448 6480.25
 0.3746 6532.94
 0.37472 6583.55
 0.37484 6629.75
 0.37496 6669.51
 0.37508 6700.9
 0.3752 6722.22
 0.37532 6732.46
 0.37544 6731.35
 0.37556 6718.41
 0.37568 6693.35
 0.3758 6656.74
 0.37592 6610.58
 0.37604 6556.9
 0.37616 6497.91
 0.37628 6435.89
 0.3764 6372.66
 0.37652 6309.82
 0.37664 6248.99
 0.37676 6192.08
 0.37688 6141.11
 0.377 6098.09
 0.37712 6065.27
 0.37724 6044.17
 0.37736 6035.02
 0.37748 6037.53
 0.3776 6051.19
 0.37772 6075.14
 0.37784 6107.87
 0.37796 6147.24
 0.37808 6191.72
 0.3782 6239.64
 0.37832 6289.56
 0.37844 6340.65
 0.37856 6392.35
 0.37868 6444.34
 0.3788 6495.93
 0.37892 6546.32
 0.37904 6594.5
 0.37916 6639.53
 0.37928 6681.61
 0.3794 6721.86
 0.37952 6761.19
 0.37964 6801.14
 0.37976 6843.3
 0.37988 6888.62
 0.38 6937.94
 0.38012 6991.48
 0.38024 7049.48
 0.38036 7112.02
 0.38048 7178.64
 0.3806 7248.4
 0.38072 7319.81
 0.38084 7391.52
 0.38096 7462.07
 0.38108 7529.93
 0.3812 7593.28
 0.38132 7649.25
 0.38144 7695.04
 0.38156 7727.98
 0.38168 7744.62
 0.3818 7742.31
 0.38192 7719.79
 0.38204 7676.16
 0.38216 7611.15
 0.38228 7524.79
 0.3824 7417.39
 0.38252 7289.81
 0.38264 7143.71
 0.38276 6981.41
 0.38288 6805.33
 0.383 6618.33
 0.38312 6423.49
 0.38324 6224.23
 0.38336 6024.47
 0.38348 5828.11
 0.3836 5639.38
 0.38372 5462.89
 0.38384 5302.04
 0.38396 5159.27
 0.38408 5036.64
 0.3842 4935.39
 0.38432 4856.3
 0.38444 4799.94
 0.38456 4766.21
 0.38468 4753.99
 0.3848 4761.89
 0.38492 4788.32
 0.38504 4831.21
 0.38516 4888.31
 0.38528 4956.97
 0.3854 5034.36
 0.38552 5117.15
 0.38564 5201.78
 0.38576 5284.95
 0.38588 5364.03
 0.386 5436.84
 0.38612 5501.52
 0.38624 5557.04
 0.38636 5602.12
 0.38648 5635.37
 0.3866 5656.15
 0.38672 5664.73
 0.38684 5661.3
 0.38696 5646.33
 0.38708 5620.34
 0.3872 5583.84
 0.38732 5537.58
 0.38744 5482.37
 0.38756 5419.61
 0.38768 5350.65
 0.3878 5276.43
 0.38792 5197.6
 0.38804 5114.74
 0.38816 5028.05
 0.38828 4937.82
 0.3884 4845.25
 0.38852 4751.8
 0.38864 4658.43
 0.38876 4565.49
 0.38888 4473.31
 0.389 4382
 0.38912 4292.24
 0.38924 4204.92
 0.38936 4120.98
 0.38948 4041.37
 0.3896 3966.67
 0.38972 3897.76
 0.38984 3835.85
 0.38996 3782.31
 0.39008 3738.57
 0.3902 3706.09
 0.39032 3685.76
 0.39044 3677.59
 0.39056 3681.18
 0.39068 3696.21
 0.3908 3722.77
 0.39092 3761
 0.39104 3811.19
 0.39116 3873.23
 0.39128 3946.79
 0.3914 4031.39
 0.39152 4126.38
 0.39164 4231.37
 0.39176 4345.4
 0.39188 4467.45
 0.392 4596.24
 0.39212 4730.31
 0.39224 4868.47
 0.39236 5009.9
 0.39248 5154.38
 0.3926 5302.25
 0.39272 5454.2
 0.39284 5610.7
 0.39296 5772.25
 0.39308 5938.7
 0.3932 6109.8
 0.39332 6285.51
 0.39344 6465.82
 0.39356 6650.04
 0.39368 6837.21
 0.3938 7026.39
 0.39392 7216.26
 0.39404 7406.13
 0.39416 7595.2
 0.39428 7782.13
 0.3944 7965.32
 0.39452 8142.97
 0.39464 8312.18
 0.39476 8469.4
 0.39488 8611.04
 0.395 8733.76
 0.39512 8834.99
 0.39524 8912.2
 0.39536 8962.97
 0.39548 8985.65
 0.3956 8980.06
 0.39572 8946.55
 0.39584 8886.28
 0.39596 8800.39
 0.39608 8689.48
 0.3962 8554.82
 0.39632 8398.32
 0.39644 8221.93
 0.39656 8028.24
 0.39668 7821.33
 0.3968 7606.02
 0.39692 7387.12
 0.39704 7169.26
 0.39716 6956.88
 0.39728 6754.15
 0.3974 6564.6
 0.39752 6390.81
 0.39764 6234.3
 0.39776 6096.02
 0.39788 5976.64
 0.398 5877.26
 0.39812 5798.93
 0.39824 5741.84
 0.39836 5705.79
 0.39848 5690.33
 0.3986 5694.01
 0.39872 5713.93
 0.39884 5746.81
 0.39896 5789.53
 0.39908 5838.68
 0.3992 5890.89
 0.39932 5943.09
 0.39944 5992.59
 0.39956 6037.14
 0.39968 6074.95
 0.3998 6104.11
 0.39992 6122.8
 0.40004 6129.01
 0.40016 6121.27
 0.40028 6098.97
 0.4004 6061.45
 0.40052 6008.35
 0.40064 5939.9
 0.40076 5857.29
 0.40088 5761.79
 0.401 5654.92
 0.40112 5538.66
 0.40124 5415.28
 0.40136 5287.52
 0.40148 5158.23
 0.4016 5030.05
 0.40172 4905.71
 0.40184 4787.95
 0.40196 4679.17
 0.40208 4581.55
 0.4022 4496.48
 0.40232 4425.19
 0.40244 4369.37
 0.40256 4331.11
 0.40268 4312.27
 0.4028 4314.2
 0.40292 4337.7
 0.40304 4382.78
 0.40316 4448.8
 0.40328 4534.19
 0.4034 4636.49
 0.40352 4753.08
 0.40364 4881.17
 0.40376 5017.98
 0.40388 5161.04
 0.404 5307.95
 0.40412 5456.62
 0.40424 5605.28
 0.40436 5751.35
 0.40448 5891.58
 0.4046 6021.98
 0.40472 6138.85
 0.40484 6239.07
 0.40496 6320.49
 0.40508 6382.02
 0.4052 6423.36
 0.40532 6445.36
 0.40544 6449.39
 0.40556 6437.04
 0.40568 6409.82
 0.4058 6368.83
 0.40592 6315.22
 0.40604 6250.64
 0.40616 6176.52
 0.40628 6094.73
 0.4064 6008.06
 0.40652 5919.94
 0.40664 5834.13
 0.40676 5753.78
 0.40688 5681.33
 0.407 5618.31
 0.40712 5565.57
 0.40724 5522.9
 0.40736 5489.29
 0.40748 5463.66
 0.4076 5444.87
 0.40772 5432.69
 0.40784 5427.33
 0.40796 5428.11
 0.40808 5433.99
 0.4082 5444.02
 0.40832 5456.57
 0.40844 5469.66
 0.40856 5480.94
 0.40868 5488.36
 0.4088 5490.62
 0.40892 5487.02
 0.40904 5477.35
 0.40916 5461.52
 0.40928 5440.43
 0.4094 5415.15
 0.40952 5386.84
 0.40964 5356.34
 0.40976 5323.29
 0.40988 5287.41
 0.41 5249.68
 0.41012 5210.96
 0.41024 5172.21
 0.41036 5134.92
 0.41048 5100.71
 0.4106 5071.34
 0.41072 5048.07
 0.41084 5031.73
 0.41096 5022.79
 0.41108 5021.66
 0.4112 5028.88
 0.41132 5044.72
 0.41144 5069.57
 0.41156 5103.62
 0.41168 5147.3
 0.4118 5201.8
 0.41192 5267.42
 0.41204 5343.6
 0.41216 5429.97
 0.41228 5526.12
 0.4124 5631.05
 0.41252 5743.17
 0.41264 5860.62
 0.41276 5981.78
 0.41288 6105.33
 0.413 6230.12
 0.41312 6355.13
 0.41324 6479.03
 0.41336 6600.1
 0.41348 6716.32
 0.4136 6826.03
 0.41372 6927.54
 0.41384 7019.26
 0.41396 7100.62
 0.41408 7171.41
 0.4142 7230.6
 0.41432 7277.16
 0.41444 7310.99
 0.41456 7333.25
 0.41468 7345.51
 0.4148 7348.7
 0.41492 7343.14
 0.41504 7329.03
 0.41516 7306.62
 0.41528 7276.57
 0.4154 7240.43
 0.41552 7199.99
 0.41564 7156.91
 0.41576 7112.84
 0.41588 7069.2
 0.416 7026.83
 0.41612 6986.94
 0.41624 6951.78
 0.41636 6923.29
 0.41648 6902.05
 0.4166 6886.76
 0.41672 6876.08
 0.41684 6869.88
 0.41696 6868.58
 0.41708 6872.53
 0.4172 6881.72
 0.41732 6895.69
 0.41744 6913.16
 0.41756 6932.56
 0.41768 6952
 0.4178 6969.32
 0.41792 6982.28
 0.41804 6989
 0.41816 6987.27
 0.41828 6974.67
 0.4184 6949.61
 0.41852 6912.27
 0.41864 6864.71
 0.41876 6808.73
 0.41888 6745.4
 0.419 6675.58
 0.41912 6600.02
 0.41924 6519.93
 0.41936 6436.64
 0.41948 6352.14
 0.4196 6268.9
 0.41972 6189.65
 0.41984 6117.48
 0.41996 6055.47
 0.42008 6006.31
 0.4202 5972.28
 0.42032 5955.1
 0.42044 5955.24
 0.42056 5971.61
 0.42068 6002.23
 0.4208 6045.14
 0.42092 6098.21
 0.42104 6159.76
 0.42116 6228.25
 0.42128 6301.98
 0.4214 6379.3
 0.42152 6457.63
 0.42164 6534.05
 0.42176 6605.76
 0.42188 6669.97
 0.422 6724.06
 0.42212 6765.75
 0.42224 6793.3
 0.42236 6805.94
 0.42248 6804.05
 0.4226 6788.72
 0.42272 6760.79
 0.42284 6721.34
 0.42296 6671.77
 0.42308 6612.99
 0.4232 6545.73
 0.42332 6470.63
 0.42344 6388.74
 0.42356 6302.48
 0.42368 6214.55
 0.4238 6127.43
 0.42392 6042.84
 0.42404 5962.14
 0.42416 5886.64
 0.42428 5817.21
 0.4244 5753.82
 0.42452 5695.79
 0.42464 5642.62
 0.42476 5594.58
 0.42488 5551.95
 0.425 5514.96
 0.42512 5484.12
 0.42524 5460.35
 0.42536 5444.33
 0.42548 5435.68
 0.4256 5432.45
 0.42572 5431.94
 0.42584 5431.68
 0.42596 5430.77
 0.42608 5428.66
 0.4262 5424.87
 0.42632 5419.32
 0.42644 5412.2
 0.42656 5403.99
 0.42668 5394.59
 0.4268 5383.49
 0.42692 5370.18
 0.42704 5354.09
 0.42716 5334.45
 0.42728 5310.48
 0.4274 5281.93
 0.42752 5249.58
 0.42764 5215.52
 0.42776 5182.88
 0.42788 5154.15
 0.428 5130.37
 0.42812 5112.24
 0.42824 5100.22
 0.42836 5094.86
 0.42848 5096.81
 0.4286 5106.61
 0.42872 5124.55
 0.42884 5150.42
 0.42896 5183.37
 0.42908 5222.39
 0.4292 5266.39
 0.42932 5314.02
 0.42944 5363.76
 0.42956 5413.9
 0.42968 5462.11
 0.4298 5505.72
 0.42992 5542.87
 0.43004 5572.53
 0.43016 5594.13
 0.43028 5607.22
 0.4304 5611.04
 0.43052 5604.7
 0.43064 5587.8
 0.43076 5561.1
 0.43088 5526.5
 0.431 5487.09
 0.43112 5446.15
 0.43124 5407.06
 0.43136 5373.02
 0.43148 5346.88
 0.4316 5331.1
 0.43172 5327.84
 0.43184 5339.11
 0.43196 5366.45
 0.43208 5410.92
 0.4322 5472.74
 0.43232 5551.83
 0.43244 5648.15
 0.43256 5761.5
 0.43268 5891
 0.4328 6034.72
 0.43292 6189.53
 0.43304 6351.38
 0.43316 6516.48
 0.43328 6681.1
 0.4334 6841.89
 0.43352 6995.94
 0.43364 7140.71
 0.43376 7274.18
 0.43388 7394.35
 0.434 7499.13
 0.43412 7587.07
 0.43424 7657.98
 0.43436 7712.2
 0.43448 7750.15
 0.4346 7772.61
 0.43472 7780.57
 0.43484 7775.29
 0.43496 7758.87
 0.43508 7733.5
 0.4352 7700.76
 0.43532 7662.53
 0.43544 7620.42
 0.43556 7575.98
 0.43568 7530.57
 0.4358 7485.12
 0.43592 7440.76
 0.43604 7399.2
 0.43616 7361.18
 0.43628 7326.41
 0.4364 7294.58
 0.43652 7264.94
 0.43664 7236.55
 0.43676 7208.8
 0.43688 7181.54
 0.437 7154.36
 0.43712 7127.17
 0.43724 7100.09
 0.43736 7072.65
 0.43748 7044.46
 0.4376 7015.07
 0.43772 6984.23
 0.43784 6952.41
 0.43796 6919.28
 0.43808 6883.81
 0.4382 6845.85
 0.43832 6805.61
 0.43844 6763.03
 0.43856 6718.96
 0.43868 6674.24
 0.4388 6629.39
 0.43892 6584.32
 0.43904 6538.8
 0.43916 6492.83
 0.43928 6446.8
 0.4394 6401.54
 0.43952 6357.65
 0.43964 6315.52
 0.43976 6274.86
 0.43988 6234.67
 0.44 6195.15
 0.44012 6156.82
 0.44024 6119.58
 0.44036 6083.47
 0.44048 6048.5
 0.4406 6014.08
 0.44072 5979.58
 0.44084 5944.12
 0.44096 5907.17
 0.44108 5868.24
 0.4412 5826.4
 0.44132 5780.1
 0.44144 5727.69
 0.44156 5667.79
 0.44168 5599.56
 0.4418 5523.27
 0.44192 5439.94
 0.44204 5350.15
 0.44216 5254.55
 0.44228 5154.33
 0.4424 5050.64
 0.44252 4944.76
 0.44264 4837.87
 0.44276 4731.43
 0.44288 4627.67
 0.443 4528.69
 0.44312 4436.51
 0.44324 4353.54
 0.44336 4282.64
 0.44348 4226.86
 0.4436 4189.32
 0.44372 4172.62
 0.44384 4177.7
 0.44396 4204.41
 0.44408 4252.13
 0.4442 4319.79
 0.44432 4405.64
 0.44444 4507.48
 0.44456 4623.21
 0.44468 4750.93
 0.4448 4888.24
 0.44492 5032.06
 0.44504 5179.39
 0.44516 5326.95
 0.44528 5470.8
 0.4454 5606.84
 0.44552 5730.59
 0.44564 5837.48
 0.44576 5923.79
 0.44588 5987.55
 0.446 6027.88
 0.44612 6044.77
 0.44624 6038.75
 0.44636 6011.45
 0.44648 5964.87
 0.4466 5900.89
 0.44672 5821.47
 0.44684 5729.08
 0.44696 5626.4
 0.44708 5516.35
 0.4472 5402.97
 0.44732 5290.95
 0.44744 5185.13
 0.44756 5090.33
 0.44768 5010.76
 0.4478 4949.56
 0.44792 4908.88
 0.44804 4889.84
 0.44816 4892.99
 0.44828 4918.35
 0.4484 4964.96
 0.44852 5031.73
 0.44864 5117.51
 0.44876 5220.99
 0.44888 5340.61
 0.449 5474.78
 0.44912 5621.32
 0.44924 5776.6
 0.44936 5936.36
 0.44948 6095.75
 0.4496 6250.48
 0.44972 6397.03
 0.44984 6532.54
 0.44996 6654.74
 0.45008 6762.06
 0.4502 6853.12
 0.45032 6926.87
 0.45044 6983.04
 0.45056 7021.31
 0.45068 7041.73
 0.4508 7044.24
 0.45092 7028.8
 0.45104 6995.39
 0.45116 6944.61
 0.45128 6878.26
 0.4514 6798.79
 0.45152 6709.82
 0.45164 6614.61
 0.45176 6516.07
 0.45188 6416.79
 0.452 6318.75
 0.45212 6223.76
 0.45224 6133.63
 0.45236 6049.67
 0.45248 5972.9
 0.4526 5904.27
 0.45272 5844.1
 0.45284 5793.09
 0.45296 5751.62
 0.45308 5720.25
 0.4532 5698.99
 0.45332 5687.45
 0.45344 5684.35
 0.45356 5687.38
 0.45368 5694.28
 0.4538 5702.7
 0.45392 5710.6
 0.45404 5716.45
 0.45416 5718.74
 0.45428 5716.24
 0.4544 5708.18
 0.45452 5693.71
 0.45464 5672.29
 0.45476 5644.11
 0.45488 5609.35
 0.455 5568.65
 0.45512 5522.37
 0.45524 5471.12
 0.45536 5415.6
 0.45548 5357.25
 0.4556 5298.13
 0.45572 5240.62
 0.45584 5187.55
 0.45596 5141.33
 0.45608 5103.77
 0.4562 5075.99
 0.45632 5058.66
 0.45644 5052.37
 0.45656 5057.77
 0.45668 5075.25
 0.4568 5104.69
 0.45692 5145.45
 0.45704 5196.92
 0.45716 5258.47
 0.45728 5329.27
 0.4574 5408.46
 0.45752 5494.66
 0.45764 5585.31
 0.45776 5676.95
 0.45788 5765.57
 0.458 5847.69
 0.45812 5921.06
 0.45824 5984.82
 0.45836 6038.33
 0.45848 6080.81
 0.4586 6111.29
 0.45872 6128.81
 0.45884 6132.98
 0.45896 6123.86
 0.45908 6101.58
 0.4592 6067.06
 0.45932 6021.62
 0.45944 5966.52
 0.45956 5904.1
 0.45968 5838.51
 0.4598 5774.64
 0.45992 5717.89
 0.46004 5672.98
 0.46016 5642.47
 0.46028 5627.55
 0.4604 5629.17
 0.46052 5648.56
 0.46064 5687.39
 0.46076 5747.06
 0.46088 5828.1
 0.461 5930.5
 0.46112 6053.33
 0.46124 6193.92
 0.46136 6349.28
 0.46148 6516.33
 0.4616 6690.69
 0.46172 6866.71
 0.46184 7038.67
 0.46196 7200.57
 0.46208 7347.71
 0.4622 7477.52
 0.46232 7588.46
 0.46244 7679.12
 0.46256 7747.37
 0.46268 7790.64
 0.4628 7806.99
 0.46292 7795.36
 0.46304 7755.38
 0.46316 7688.39
 0.46328 7597.39
 0.4634 7485.32
 0.46352 7355.3
 0.46364 7211.32
 0.46376 7057.81
 0.46388 6898.8
 0.464 6738.01
 0.46412 6577.8
 0.46424 6419.51
 0.46436 6264.2
 0.46448 6113.33
 0.4646 5969.48
 0.46472 5835.51
 0.46484 5713.85
 0.46496 5606.4
 0.46508 5514.45
 0.4652 5437.74
 0.46532 5375.35
 0.46544 5326.26
 0.46556 5289.4
 0.46568 5263.31
 0.4658 5246.46
 0.46592 5237.89
 0.46604 5237.21
 0.46616 5244.62
 0.46628 5260.42
 0.4664 5284.63
 0.46652 5316.41
 0.46664 5354.03
 0.46676 5395.42
 0.46688 5438.59
 0.467 5481.65
 0.46712 5523.06
 0.46724 5561.84
 0.46736 5597.51
 0.46748 5629.77
 0.4676 5657.93
 0.46772 5681.53
 0.46784 5700.25
 0.46796 5713.26
 0.46808 5719.34
 0.4682 5717.21
 0.46832 5705.74
 0.46844 5684.33
 0.46856 5653.3
 0.46868 5613.54
 0.4688 5566.58
 0.46892 5514.2
 0.46904 5458.39
 0.46916 5401.31
 0.46928 5344.93
 0.4694 5290.87
 0.46952 5241.13
 0.46964 5197.74
 0.46976 5161.94
 0.46988 5134.83
 0.47 5117.77
 0.47012 5112.31
 0.47024 5120.09
 0.47036 5142.17
 0.47048 5179.12
 0.4706 5230.7
 0.47072 5296.04
 0.47084 5373.46
 0.47096 5460.91
 0.47108 5556.04
 0.4712 5656.27
 0.47132 5759.27
 0.47144 5862.63
 0.47156 5963.52
 0.47168 6060.23
 0.4718 6152.16
 0.47192 6238.91
 0.47204 6319.92
 0.47216 6394.31
 0.47228 6460.92
 0.4724 6519.35
 0.47252 6569.15
 0.47264 6610.61
 0.47276 6644.39
 0.47288 6671.75
 0.473 6694.14
 0.47312 6713.09
 0.47324 6729.88
 0.47336 6745.35
 0.47348 6760.42
 0.4736 6776.03
 0.47372 6791.77
 0.47384 6806.38
 0.47396 6818.46
 0.47408 6826.71
 0.4742 6830.62
 0.47432 6829.99
 0.47444 6824.54
 0.47456 6814.33
 0.47468 6799.19
 0.4748 6779.03
 0.47492 6753.19
 0.47504 6721.02
 0.47516 6682.27
 0.47528 6637.1
 0.4754 6586.2
 0.47552 6530.08
 0.47564 6469.29
 0.47576 6405.1
 0.47588 6339.15
 0.476 6273.11
 0.47612 6208.56
 0.47624 6146.14
 0.47636 6086.36
 0.47648 6029.41
 0.4766 5975.17
 0.47672 5923.2
 0.47684 5873.62
 0.47696 5827.02
 0.47708 5783.78
 0.4772 5743.92
 0.47732 5707.45
 0.47744 5674.18
 0.47756 5644.44
 0.47768 5618.47
 0.4778 5596.46
 0.47792 5578.73
 0.47804 5565.57
 0.47816 5557.53
 0.47828 5555.45
 0.4784 5560.16
 0.47852 5572.71
 0.47864 5594.55
 0.47876 5626.75
 0.47888 5669.28
 0.479 5721.88
 0.47912 5784.45
 0.47924 5856.6
 0.47936 5937.75
 0.47948 6026.95
 0.4796 6122.95
 0.47972 6224.49
 0.47984 6330.07
 0.47996 6437.32
 0.48008 6543.88
 0.4802 6647.19
 0.48032 6744.94
 0.48044 6834.69
 0.48056 6913.73
 0.48068 6979.32
 0.4808 7029.62
 0.48092 7063.62
 0.48104 7080.45
 0.48116 7079.36
 0.48128 7060.19
 0.4814 7023.14
 0.48152 6968.93
 0.48164 6898.42
 0.48176 6812.39
 0.48188 6712.23
 0.482 6600.35
 0.48212 6479.08
 0.48224 6350.87
 0.48236 6217.79
 0.48248 6082.27
 0.4826 5946.99
 0.48272 5814.4
 0.48284 5686.6
 0.48296 5565.21
 0.48308 5451.76
 0.4832 5347.42
 0.48332 5252.92
 0.48344 5168.55
 0.48356 5093.83
 0.48368 5028.4
 0.4838 4972.04
 0.48392 4924.16
 0.48404 4883.93
 0.48416 4850.53
 0.48428 4823.46
 0.4844 4802.38
 0.48452 4786.67
 0.48464 4775.46
 0.48476 4767.37
 0.48488 4760.92
 0.485 4754.96
 0.48512 4748.34
 0.48524 4740.12
 0.48536 4729.47
 0.48548 4716.22
 0.4856 4700.97
 0.48572 4683.92
 0.48584 4665.07
 0.48596 4644.37
 0.48608 4621.56
 0.4862 4596.33
 0.48632 4568.08
 0.48644 4535.94
 0.48656 4499.19
 0.48668 4458.04
 0.4868 4413.79
 0.48692 4367.65
 0.48704 4320.8
 0.48716 4274.53
 0.48728 4230.38
 0.4874 4189.73
 0.48752 4153.11
 0.48764 4120.66
 0.48776 4092.81
 0.48788 4070.08
 0.488 4053.02
 0.48812 4042.19
 0.48824 4037.71
 0.48836 4039.74
 0.48848 4049.03
 0.4886 4065.98
 0.48872 4089.57
 0.48884 4118.15
 0.48896 4150.4
 0.48908 4184.93
 0.4892 4220.22
 0.48932 4254.6
 0.48944 4286.81
 0.48956 4316.11
 0.48968 4341.9
 0.4898 4363.62
 0.48992 4380.8
 0.49004 4392.94
 0.49016 4399.92
 0.49028 4402.51
 0.4904 4401.31
 0.49052 4396.58
 0.49064 4389.07
 0.49076 4380.47
 0.49088 4372.31
 0.491 4365.78
 0.49112 4361.9
 0.49124 4361.44
 0.49136 4364.96
 0.49148 4372.66
 0.4916 4384.72
 0.49172 4401.19
 0.49184 4421.63
 0.49196 4445.33
 0.49208 4471.74
 0.4922 4499.86
 0.49232 4528.28
 0.49244 4555.58
 0.49256 4580.18
 0.49268 4600.3
 0.4928 4613.95
 0.49292 4619.35
 0.49304 4614.94
 0.49316 4599.57
 0.49328 4572.46
 0.4934 4533.3
 0.49352 4481.96
 0.49364 4418.32
 0.49376 4342.49
 0.49388 4255.49
 0.494 4158.64
 0.49412 4053.13
 0.49424 3940.26
 0.49436 3821.13
 0.49448 3697.38
 0.4946 3570.82
 0.49472 3443.31
 0.49484 3316.86
 0.49496 3193.82
 0.49508 3076.48
 0.4952 2966.82
 0.49532 2866.55
 0.49544 2776.74
 0.49556 2698.13
 0.49568 2631.26
 0.4958 2576.35
 0.49592 2533.11
 0.49604 2501.18
 0.49616 2480.24
 0.49628 2470.26
 0.4964 2471.33
 0.49652 2482.91
 0.49664 2504.39
 0.49676 2534.71
 0.49688 2572.26
 0.497 2614.82
 0.49712 2660.17
 0.49724 2706.23
 0.49736 2751.4
 0.49748 2794.69
 0.4976 2835.61
 0.49772 2873.85
 0.49784 2909.15
 0.49796 2940.86
 0.49808 2968.2
 0.4982 2990.28
 0.49832 3005.77
 0.49844 3013.62
 0.49856 3013.16
 0.49868 3004.21
 0.4988 2987.25
 0.49892 2963.35
 0.49904 2933.91
 0.49916 2900.07
 0.49928 2862.82
 0.4994 2822.72
 0.49952 2780.02
 0.49964 2734.73
 0.49976 2686.87
 0.49988 2636.84
 0.5 2585.77
 0.50012 2534.7
 0.50024 2484.94
 0.50036 2438.06
 0.50048 2395.12
 0.5006 2356.73
 0.50072 2322.78
 0.50084 2292.85
 0.50096 2266.52
 0.50108 2243.64
 0.5012 2224.6
 0.50132 2209.69
 0.50144 2199.4
 0.50156 2194.26
 0.50168 2194.63
 0.5018 2200.71
 0.50192 2212.2
 0.50204 2228.71
 0.50216 2250.05
 0.50228 2275.81
 0.5024 2305.6
 0.50252 2339.6
 0.50264 2378.64
 0.50276 2423.88
 0.50288 2476.31
 0.503 2536.28
 0.50312 2603.26
 0.50324 2676.41
 0.50336 2755.06
 0.50348 2838.03
 0.5036 2924.2
 0.50372 3012.66
 0.50384 3102.53
 0.50396 3192.84
 0.50408 3282.43
 0.5042 3370.03
 0.50432 3454.44
 0.50444 3534.34
 0.50456 3607.82
 0.50468 3672.63
 0.5048 3726.54
 0.50492 3767.79
 0.50504 3795.38
 0.50516 3809.3
 0.50528 3809.43
 0.5054 3796.13
 0.50552 3770.41
 0.50564 3733.12
 0.50576 3685.17
 0.50588 3627.97
 0.506 3563.24
 0.50612 3492.8
 0.50624 3418.56
 0.50636 3342.47
 0.50648 3266.5
 0.5066 3193.01
 0.50672 3124.31
 0.50684 3062.46
 0.50696 3009.21
 0.50708 2965.89
 0.5072 2933.4
 0.50732 2912.31
 0.50744 2902.46
 0.50756 2903.61
 0.50768 2915.69
 0.5078 2938.41
 0.50792 2971.02
 0.50804 3012.44
 0.50816 3061.57
 0.50828 3116.9
 0.5084 3176.74
 0.50852 3239.52
 0.50864 3303.41
 0.50876 3366.56
 0.50888 3427.52
 0.509 3484.67
 0.50912 3536.38
 0.50924 3581.28
 0.50936 3618.77
 0.50948 3648.53
 0.5096 3670.08
 0.50972 3682.69
 0.50984 3685.59
 0.50996 3678.2
 0.51008 3660.08
 0.5102 3630.99
 0.51032 3591.54
 0.51044 3542.52
 0.51056 3484.81
 0.51068 3419.74
 0.5108 3348.76
 0.51092 3272.95
 0.51104 3193.79
 0.51116 3112.84
 0.51128 3031.41
 0.5114 2950.21
 0.51152 2869.81
 0.51164 2790.76
 0.51176 2714.03
 0.51188 2640.83
 0.512 2572.45
 0.51212 2510.19
 0.51224 2454.81
 0.51236 2406.4
 0.51248 2364.6
 0.5126 2328.65
 0.51272 2297.41
 0.51284 2269.96
 0.51296 2245.62
 0.51308 2223.51
 0.5132 2202.85
 0.51332 2183.14
 0.51344 2164.19
 0.51356 2146.11
 0.51368 2129.05
 0.5138 2112.62
 0.51392 2096.24
 0.51404 2079.14
 0.51416 2060.68
 0.51428 2040.73
 0.5144 2019.44
 0.51452 1997.6
 0.51464 1976.35
 0.51476 1956.77
 0.51488 1939.42
 0.515 1924.78
 0.51512 1912.89
 0.51524 1903.44
 0.51536 1895.89
 0.51548 1889.66
 0.5156 1883.89
 0.51572 1878.04
 0.51584 1871.97
 0.51596 1865.66
 0.51608 1859.21
 0.5162 1852.7
 0.51632 1845.97
 0.51644 1838.95
 0.51656 1831.05
 0.51668 1821.53
 0.5168 1810.02
 0.51692 1796.5
 0.51704 1781.15
 0.51716 1765.01
 0.51728 1749.5
 0.5174 1735.83
 0.51752 1725.21
 0.51764 1718.75
 0.51776 1717.19
 0.51788 1721.17
 0.518 1731.24
 0.51812 1747.41
 0.51824 1769.51
 0.51836 1797.34
 0.51848 1830.58
 0.5186 1869.13
 0.51872 1912.83
 0.51884 1961.24
 0.51896 2013.81
 0.51908 2069.71
 0.5192 2127.29
 0.51932 2184.88
 0.51944 2240.97
 0.51956 2294
 0.51968 2342.66
 0.5198 2385.37
 0.51992 2420.46
 0.52004 2446.72
 0.52016 2463.84
 0.52028 2471.6
 0.5204 2469.85
 0.52052 2458.46
 0.52064 2437.5
 0.52076 2407.11
 0.52088 2367.49
 0.521 2318.87
 0.52112 2261.75
 0.52124 2197.19
 0.52136 2126.35
 0.52148 2050.6
 0.5216 1971.39
 0.52172 1890.29
 0.52184 1809.56
 0.52196 1731.28
 0.52208 1656.58
 0.5222 1586.13
 0.52232 1520.57
 0.52244 1460.55
 0.52256 1406.64
 0.52268 1359.29
 0.5228 1318.93
 0.52292 1285.99
 0.52304 1260.9
 0.52316 1243.77
 0.52328 1234.13
 0.5234 1231.2
 0.52352 1234.03
 0.52364 1241.66
 0.52376 1252.73
 0.52388 1265.58
 0.524 1279.23
 0.52412 1293.39
 0.52424 1307.82
 0.52436 1322.33
 0.52448 1336.64
 0.5246 1350.28
 0.52472 1362.72
 0.52484 1373.41
 0.52496 1381.83
 0.52508 1387.52
 0.5252 1390.49
 0.52532 1391.22
 0.52544 1390.15
 0.52556 1387.51
 0.52568 1383.66
 0.5258 1379.09
 0.52592 1374.26
 0.52604 1369.17
 0.52616 1363.59
 0.52628 1357.32
 0.5264 1350.14
 0.52652 1342.02
 0.52664 1333.36
 0.52676 1324.58
 0.52688 1316.12
 0.527 1308.3
 0.52712 1301.13
 0.52724 1294.3
 0.52736 1287.57
 0.52748 1281.29
 0.5276 1275.79
 0.52772 1271.19
 0.52784 1267.56
 0.52796 1264.74
 0.52808 1262.61
 0.5282 1261.12
 0.52832 1260.27
 0.52844 1260.03
 0.52856 1260.19
 0.52868 1260.36
 0.5288 1260.21
 0.52892 1259.44
 0.52904 1258.01
 0.52916 1256.27
 0.52928 1254.36
 0.5294 1251.94
 0.52952 1248.36
 0.52964 1243.32
 0.52976 1236.72
 0.52988 1228.68
 0.53 1219.76
 0.53012 1210.59
 0.53024 1201.49
 0.53036 1192.67
 0.53048 1184.37
 0.5306 1176.86
 0.53072 1170.17
 0.53084 1164.33
 0.53096 1159.37
 0.53108 1155.1
 0.5312 1151.26
 0.53132 1148.08
 0.53144 1146.02
 0.53156 1145.54
 0.53168 1146.76
 0.5318 1149.79
 0.53192 1154.22
 0.53204 1159.33
 0.53216 1164.63
 0.53228 1170.11
 0.5324 1175.88
 0.53252 1182.04
 0.53264 1188.85
 0.53276 1196.74
 0.53288 1205.92
 0.533 1216.35
 0.53312 1228.01
 0.53324 1240.78
 0.53336 1254.25
 0.53348 1268
 0.5336 1281.64
 0.53372 1294.86
 0.53384 1307.43
 0.53396 1319.66
 0.53408 1331.83
 0.5342 1343.68
 0.53432 1354.47
 0.53444 1363.33
 0.53456 1369.38
 0.53468 1371.66
 0.5348 1369.38
 0.53492 1362.32
 0.53504 1350.61
 0.53516 1334.44
 0.53528 1314.09
 0.5354 1289.89
 0.53552 1262.17
 0.53564 1231.3
 0.53576 1197.71
 0.53588 1161.7
 0.536 1123.41
 0.53612 1083.34
 0.53624 1042.53
 0.53636 1002.44
 0.53648 964.564
 0.5366 930.44
 0.53672 901.515
 0.53684 878.895
 0.53696 863.102
 0.53708 854.33
 0.5372 852.598
 0.53732 857.989
 0.53744 870.613
 0.53756 890.545
 0.53768 917.656
 0.5378 951.726
 0.53792 992.382
 0.53804 1039.03
 0.53816 1090.77
 0.53828 1146.43
 0.5384 1204.73
 0.53852 1264.36
 0.53864 1324.04
 0.53876 1382.54
 0.53888 1438.91
 0.539 1492.53
 0.53912 1543.04
 0.53924 1590.09
 0.53936 1633.07
 0.53948 1671.32
 0.5396 1704.24
 0.53972 1731.39
 0.53984 1752.42
 0.53996 1767.46
 0.54008 1776.89
 0.5402 1781.11
 0.54032 1780.36
 0.54044 1774.74
 0.54056 1764.35
 0.54068 1749.32
 0.5408 1729.72
 0.54092 1705.59
 0.54104 1677.19
 0.54116 1644.68
 0.54128 1608.53
 0.5414 1569.48
 0.54152 1528.34
 0.54164 1486.1
 0.54176 1443.83
 0.54188 1402.32
 0.542 1361.85
 0.54212 1322.64
 0.54224 1285.1
 0.54236 1250.19
 0.54248 1219
 0.5426 1192.6
 0.54272 1172.08
 0.54284 1158.45
 0.54296 1152.11
 0.54308 1153.04
 0.5432 1161.2
 0.54332 1176.31
 0.54344 1198.04
 0.54356 1225.72
 0.54368 1258.35
 0.5438 1294.89
 0.54392 1334.72
 0.54404 1377.51
 0.54416 1422.9
 0.54428 1469.93
 0.5444 1517.01
 0.54452 1562.52
 0.54464 1604.83
 0.54476 1642.33
 0.54488 1673.8
 0.545 1698.94
 0.54512 1717.64
 0.54524 1729.75
 0.54536 1734.89
 0.54548 1732.76
 0.5456 1723.52
 0.54572 1707.49
 0.54584 1684.94
 0.54596 1655.99
 0.54608 1620.75
 0.5462 1579.49
 0.54632 1533.38
 0.54644 1483.93
 0.54656 1432.65
 0.54668 1381.06
 0.5468 1330.62
 0.54692 1282.15
 0.54704 1235.88
 0.54716 1192.03
 0.54728 1151.21
 0.5474 1114.47
 0.54752 1082.7
 0.54764 1056.56
 0.54776 1036.69
 0.54788 1023.57
 0.548 1017.15
 0.54812 1017.33
 0.54824 1023.76
 0.54836 1035.63
 0.54848 1052.09
 0.5486 1072.27
 0.54872 1095.29
 0.54884 1120.44
 0.54896 1147.54
 0.54908 1176.6
 0.5492 1207.49
 0.54932 1239.25
 0.54944 1270.61
 0.54956 1300.34
 0.54968 1327.25
 0.5498 1350.18
 0.54992 1368.68
 0.55004 1382.93
 0.55016 1393.15
 0.55028 1399.48
 0.5504 1401.95
 0.55052 1400.56
 0.55064 1395.29
 0.55076 1386.16
 0.55088 1373.06
 0.551 1355.76
 0.55112 1334.06
 0.55124 1308.15
 0.55136 1279.08
 0.55148 1248.06
 0.5516 1216.26
 0.55172 1184.88
 0.55184 1154.94
 0.55196 1126.64
 0.55208 1099.86
 0.5522 1074.57
 0.55232 1051.24
 0.55244 1030.64
 0.55256 1013.52
 0.55268 1000.64
 0.5528 992.733
 0.55292 990.192
 0.55304 993.032
 0.55316 1001.23
 0.55328 1014.37
 0.5534 1031.7
 0.55352 1052.48
 0.55364 1075.93
 0.55376 1101.31
 0.55388 1128.17
 0.554 1156.56
 0.55412 1186.59
 0.55424 1218.03
 0.55436 1249.81
 0.55448 1280.76
 0.5546 1309.68
 0.55472 1335.38
 0.55484 1356.83
 0.55496 1373.89
 0.55508 1386.77
 0.5552 1395.69
 0.55532 1400.74
 0.55544 1401.92
 0.55556 1399.23
 0.55568 1392.68
 0.5558 1382.24
 0.55592 1367.77
 0.55604 1349.03
 0.55616 1325.85
 0.55628 1298.75
 0.5564 1268.9
 0.55652 1237.49
 0.55664 1205.7
 0.55676 1174.71
 0.55688 1145.33
 0.557 1117.55
 0.55712 1091.26
 0.55724 1066.54
 0.55736 1044.04
 0.55748 1024.51
 0.5576 1008.72
 0.55772 997.416
 0.55784 991.288
 0.55796 990.54
 0.55808 995.175
 0.5582 1005.1
 0.55832 1019.72
 0.55844 1038.28
 0.55856 1060.03
 0.55868 1084.21
 0.5588 1110.1
 0.55892 1137.46
 0.55904 1166.39
 0.55916 1196.96
 0.55928 1228.64
 0.5594 1260.28
 0.55952 1290.68
 0.55964 1318.66
 0.55976 1343.04
 0.55988 1363
 0.56 1378.64
 0.56012 1390.17
 0.56024 1397.8
 0.56036 1401.56
 0.56048 1401.45
 0.5606 1397.48
 0.56072 1389.64
 0.56084 1377.88
 0.56096 1362
 0.56108 1341.8
 0.5612 1317.19
 0.56132 1289.05
 0.56144 1258.54
 0.56156 1226.87
 0.56168 1195.22
 0.5618 1164.74
 0.56192 1135.9
 0.56204 1108.63
 0.56216 1082.82
 0.56228 1058.75
 0.5624 1037.16
 0.56252 1018.8
 0.56264 1004.42
 0.56276 994.776
 0.56288 990.441
 0.563 991.487
 0.56312 997.914
 0.56324 1009.49
 0.56336 1025.51
 0.56348 1045.22
 0.5636 1067.86
 0.56372 1092.68
 0.56384 1119.06
 0.56396 1146.92
 0.56408 1176.39
 0.5642 1207.45
 0.56432 1239.25
 0.56444 1270.61
 0.56456 1300.34
 0.56468 1327.25
 0.5648 1350.18
 0.56492 1368.68
 0.56504 1382.93
 0.56516 1393.15
 0.56528 1399.48
 0.5654 1401.95
 0.56552 1400.56
 0.56564 1395.29
 0.56576 1386.16
 0.56588 1373.06
 0.566 1355.76
 0.56612 1334.06
 0.56624 1308.15
 0.56636 1279.08
 0.56648 1248.06
 0.5666 1216.26
 0.56672 1184.88
 0.56684 1154.94
 0.56696 1126.64
 0.56708 1099.86
 0.5672 1074.57
 0.56732 1051.24
 0.56744 1030.64
 0.56756 1013.52
 0.56768 1000.64
 0.5678 992.733
 0.56792 990.192
 0.56804 993.032
 0.56816 1001.23
 0.56828 1014.37
 0.5684 1031.7
 0.56852 1052.48
 0.56864 1075.93
 0.56876 1101.31
 0.56888 1128.17
 0.569 1156.56
 0.56912 1186.59
 0.56924 1218.03
 0.56936 1249.81
 0.56948 1280.76
 0.5696 1309.68
 0.56972 1335.38
 0.56984 1356.83
 0.56996 1373.89
 0.57008 1386.77
 0.5702 1395.69
 0.57032 1400.74
 0.57044 1401.92
 0.57056 1399.23
 0.57068 1392.68
 0.5708 1382.24
 0.57092 1367.77
 0.57104 1349.03
 0.57116 1325.85
 0.57128 1298.75
 0.5714 1268.9
 0.57152 1237.49
 0.57164 1205.7
 0.57176 1174.71
 0.57188 1145.33
 0.572 1117.55
 0.57212 1091.26
 0.57224 1066.54
 0.57236 1044.04
 0.57248 1024.51
 0.5726 1008.72
 0.57272 997.416
 0.57284 991.288
 0.57296 990.54
 0.57308 995.175
 0.5732 1005.1
 0.57332 1019.72
 0.57344 1038.28
 0.57356 1060.03
 0.57368 1084.21
 0.5738 1110.1
 0.57392 1137.46
 0.57404 1166.39
 0.57416 1196.96
 0.57428 1228.64
 0.5744 1260.28
 0.57452 1290.68
 0.57464 1318.66
 0.57476 1343.04
 0.57488 1363
 0.575 1378.64
 0.57512 1390.17
 0.57524 1397.8
 0.57536 1401.56
 0.57548 1401.45
 0.5756 1397.48
 0.57572 1389.64
 0.57584 1377.88
 0.57596 1362
 0.57608 1341.8
 0.5762 1317.19
 0.57632 1289.05
 0.57644 1258.54
 0.57656 1226.87
 0.57668 1195.22
 0.5768 1164.74
 0.57692 1135.9
 0.57704 1108.63
 0.57716 1082.82
 0.57728 1058.75
 0.5774 1037.16
 0.57752 1018.8
 0.57764 1004.42
 0.57776 994.776
 0.57788 990.441
 0.578 991.487
 0.57812 997.914
 0.57824 1009.49
 0.57836 1025.51
 0.57848 1045.22
 0.5786 1067.86
 0.57872 1092.68
 0.57884 1119.06
 0.57896 1146.92
 0.57908 1176.39
 0.5792 1207.45
 0.57932 1239.25
 0.57944 1270.61
 0.57956 1300.34
 0.57968 1327.25
 0.5798 1350.18
 0.57992 1368.68
 0.58004 1382.93
 0.58016 1393.15
 0.58028 1399.48
 0.5804 1401.95
 0.58052 1400.56
 0.58064 1395.29
 0.58076 1386.16
 0.58088 1373.06
 0.581 1355.76
 0.58112 1334.06
 0.58124 1308.15
 0.58136 1279.08
 0.58148 1248.06
 0.5816 1216.26
 0.58172 1184.88
 0.58184 1154.94
 0.58196 1126.64
 0.58208 1099.86
 0.5822 1074.57
 0.58232 1051.24
 0.58244 1030.64
 0.58256 1013.52
 0.58268 1000.64
 0.5828 992.733
 0.58292 990.192
 0.58304 993.032
 0.58316 1001.23
 0.58328 1014.37
 0.5834 1031.7
 0.58352 1052.48
 0.58364 1075.93
 0.58376 1101.31
 0.58388 1128.17
 0.584 1156.56
 0.58412 1186.59
 0.58424 1218.03
 0.58436 1249.81
 0.58448 1280.76
 0.5846 1309.68
 0.58472 1335.38
 0.58484 1356.83
 0.58496 1373.89
 0.58508 1386.77
 0.5852 1395.69
 0.58532 1400.74
 0.58544 1401.92
 0.58556 1399.23
 0.58568 1392.68
 0.5858 1382.24
 0.58592 1367.77
 0.58604 1349.03
 0.58616 1325.85
 0.58628 1298.75
 0.5864 1268.9
 0.58652 1237.49
 0.58664 1205.7
 0.58676 1174.71
 0.58688 1145.33
 0.587 1117.55
 0.58712 1091.26
 0.58724 1066.54
 0.58736 1044.04
 0.58748 1024.51
 0.5876 1008.72
 0.58772 997.416
 0.58784 991.288
 0.58796 990.54
 0.58808 995.175
 0.5882 1005.1
 0.58832 1019.72
 0.58844 1038.28
 0.58856 1060.03
 0.58868 1084.21
 0.5888 1110.1
 0.58892 1137.46
 0.58904 1166.39
 0.58916 1196.96
 0.58928 1228.64
 0.5894 1260.28
 0.58952 1290.68
 0.58964 1318.66
 0.58976 1343.04
 0.58988 1363
 0.59 1378.64
 0.59012 1390.17
 0.59024 1397.8
 0.59036 1401.56
 0.59048 1401.45
 0.5906 1397.48
 0.59072 1389.64
 0.59084 1377.88
 0.59096 1362
 0.59108 1341.8
 0.5912 1317.19
 0.59132 1289.05
 0.59144 1258.54
 0.59156 1226.87
 0.59168 1195.22
 0.5918 1164.74
 0.59192 1135.9
 0.59204 1108.63
 0.59216 1082.82
 0.59228 1058.75
 0.5924 1037.16
 0.59252 1018.8
 0.59264 1004.42
 0.59276 994.776
 0.59288 990.441
 0.593 991.487
 0.59312 997.914
 0.59324 1009.49
 0.59336 1025.51
 0.59348 1045.22
 0.5936 1067.86
 0.59372 1092.68
 0.59384 1119.06
 0.59396 1146.92
 0.59408 1176.39
 0.5942 1207.45
 0.59432 1239.25
 0.59444 1270.61
 0.59456 1300.34
 0.59468 1327.25
 0.5948 1350.18
 0.59492 1368.68
 0.59504 1382.93
 0.59516 1393.15
 0.59528 1399.48
 0.5954 1401.95
 0.59552 1400.56
 0.59564 1395.29
 0.59576 1386.16
 0.59588 1373.06
 0.596 1355.76
 0.59612 1334.06
 0.59624 1308.15
 0.59636 1279.08
 0.59648 1248.06
 0.5966 1216.26
 0.59672 1184.88
 0.59684 1154.94
 0.59696 1126.64
 0.59708 1099.86
 0.5972 1074.57
 0.59732 1051.24
 0.59744 1030.64
 0.59756 1013.52
 0.59768 1000.64
 0.5978 992.733
 0.59792 990.192
 0.59804 993.032
 0.59816 1001.23
 0.59828 1014.37
 0.5984 1031.7
 0.59852 1052.48
 0.59864 1075.93
 0.59876 1101.31
 0.59888 1128.17
 0.599 1156.56
 0.59912 1186.59
 0.59924 1218.03
 0.59936 1249.81
 0.59948 1280.76
 0.5996 1309.68
 0.59972 1335.38
 0.59984 1356.83
 0.59996 1373.89
 0.60008 1386.77
 0.6002 1395.69
 0.60032 1400.74
 0.60044 1401.92
 0.60056 1399.23
 0.60068 1392.68
 0.6008 1382.24
 0.60092 1367.77
 0.60104 1349.03
 0.60116 1325.85
 0.60128 1298.75
 0.6014 1268.9
 0.60152 1237.49
 0.60164 1205.7
 0.60176 1174.71
 0.60188 1145.33
 0.602 1117.55
 0.60212 1091.26
 0.60224 1066.54
 0.60236 1044.04
 0.60248 1024.51
 0.6026 1008.72
 0.60272 997.416
 0.60284 991.288
 0.60296 990.54
 0.60308 995.175
 0.6032 1005.1
 0.60332 1019.72
 0.60344 1038.28
 0.60356 1060.03
 0.60368 1084.21
 0.6038 1110.1
 0.60392 1137.46
 0.60404 1166.39
 0.60416 1196.96
 0.60428 1228.64
 0.6044 1260.28
 0.60452 1290.68
 0.60464 1318.66
 0.60476 1343.04
 0.60488 1363
 0.605 1378.64
 0.60512 1390.17
 0.60524 1397.8
 0.60536 1401.56
 0.60548 1401.45
 0.6056 1397.48
 0.60572 1389.64
 0.60584 1377.88
 0.60596 1362
 0.60608 1341.8
 0.6062 1317.19
 0.60632 1289.05
 0.60644 1258.54
 0.60656 1226.87
 0.60668 1195.22
 0.6068 1164.74
 0.60692 1135.9
 0.60704 1108.63
 0.60716 1082.82
 0.60728 1058.75
 0.6074 1037.16
 0.60752 1018.8
 0.60764 1004.42
 0.60776 994.776
 0.60788 990.441
 0.608 991.487
 0.60812 997.914
 0.60824 1009.49
 0.60836 1025.51
 0.60848 1045.22
 0.6086 1067.86
 0.60872 1092.68
 0.60884 1119.06
 0.60896 1146.92
 0.60908 1176.39
 0.6092 1207.45
 0.60932 1239.25
 0.60944 1270.61
 0.60956 1300.34
 0.60968 1327.25
 0.6098 1350.18
 0.60992 1368.68
 0.61004 1382.93
 0.61016 1393.15
 0.61028 1399.48
 0.6104 1401.95
 0.61052 1400.56
 0.61064 1395.29
 0.61076 1386.16
 0.61088 1373.06
 0.611 1355.76
 0.61112 1334.06
 0.61124 1308.15
 0.61136 1279.08
 0.61148 1248.06
 0.6116 1216.26
 0.61172 1184.88
 0.61184 1154.94
 0.61196 1126.64
 0.61208 1099.86
 0.6122 1074.57
 0.61232 1051.24
 0.61244 1030.64
 0.61256 1013.52
 0.61268 1000.64
 0.6128 992.733
 0.61292 990.192
 0.61304 993.032
 0.61316 1001.23
 0.61328 1014.37
 0.6134 1031.7
 0.61352 1052.48
 0.61364 1075.93
 0.61376 1101.31
 0.61388 1128.17
 0.614 1156.56
 0.61412 1186.59
 0.61424 1218.03
 0.61436 1249.81
 0.61448 1280.76
 0.6146 1309.68
 0.61472 1335.38
 0.61484 1356.83
 0.61496 1373.89
 0.61508 1386.77
 0.6152 1395.69
 0.61532 1400.74
 0.61544 1401.92
 0.61556 1399.23
 0.61568 1392.68
 0.6158 1382.24
 0.61592 1367.77
 0.61604 1349.03
 0.61616 1325.85
 0.61628 1298.75
 0.6164 1268.9
 0.61652 1237.49
 0.61664 1205.7
 0.61676 1174.71
 0.61688 1145.33
 0.617 1117.55
 0.61712 1091.26
 0.61724 1066.54
 0.61736 1044.04
 0.61748 1024.51
 0.6176 1008.72
 0.61772 997.416
 0.61784 991.288
 0.61796 990.54
 0.61808 995.175
 0.6182 1005.1
 0.61832 1019.72
 0.61844 1038.28
 0.61856 1060.03
 0.61868 1084.21
 0.6188 1110.1
 0.61892 1137.46
 0.61904 1166.39
 0.61916 1196.96
 0.61928 1228.64
 0.6194 1260.28
 0.61952 1290.68
 0.61964 1318.66
 0.61976 1343.04
 0.61988 1363
 0.62 1378.64
 0.62012 1390.17
 0.62024 1397.8
 0.62036 1401.56
 0.62048 1401.45
 0.6206 1397.48
 0.62072 1389.64
 0.62084 1377.88
 0.62096 1362
 0.62108 1341.8
 0.6212 1317.19
 0.62132 1289.05
 0.62144 1258.54
 0.62156 1226.87
 0.62168 1195.22
 0.6218 1164.74
 0.62192 1135.9
 0.62204 1108.63
 0.62216 1082.82
 0.62228 1058.75
 0.6224 1037.16
 0.62252 1018.8
 0.62264 1004.42
 0.62276 994.776
 0.62288 990.441
 0.623 991.487
 0.62312 997.914
 0.62324 1009.49
 0.62336 1025.51
 0.62348 1045.22
 0.6236 1067.86
 0.62372 1092.68
 0.62384 1119.06
 0.62396 1146.92
 0.62408 1176.39
 0.6242 1207.45
 0.62432 1239.25
 0.62444 1270.61
 0.62456 1300.34
 0.62468 1327.25
 0.6248 1350.18
 0.62492 1368.68
 0.62504 1382.93
 0.62516 1393.15
 0.62528 1399.48
 0.6254 1401.95
 0.62552 1400.56
 0.62564 1395.29
 0.62576 1386.16
 0.62588 1373.06
 0.626 1355.76
 0.62612 1334.06
 0.62624 1308.15
 0.62636 1279.08
 0.62648 1248.06
 0.6266 1216.26
 0.62672 1184.88
 0.62684 1154.94
 0.62696 1126.64
 0.62708 1099.86
 0.6272 1074.57
 0.62732 1051.24
 0.62744 1030.64
 0.62756 1013.52
 0.62768 1000.64
 0.6278 992.733
 0.62792 990.192
 0.62804 993.032
 0.62816 1001.23
 0.62828 1014.37
 0.6284 1031.7
 0.62852 1052.48
 0.62864 1075.93
 0.62876 1101.31
 0.62888 1128.17
 0.629 1156.56
 0.62912 1186.59
 0.62924 1218.03
 0.62936 1249.81
 0.62948 1280.76
 0.6296 1309.68
 0.62972 1335.38
 0.62984 1356.83
 0.62996 1373.89
 0.63008 1386.77
 0.6302 1395.69
 0.63032 1400.74
 0.63044 1401.92
 0.63056 1399.23
 0.63068 1392.68
 0.6308 1382.24
 0.63092 1367.77
 0.63104 1349.03
 0.63116 1325.85
 0.63128 1298.75
 0.6314 1268.9
 0.63152 1237.49
 0.63164 1205.7
 0.63176 1174.71
 0.63188 1145.33
 0.632 1117.55
 0.63212 1091.26
 0.63224 1066.54
 0.63236 1044.04
 0.63248 1024.51
 0.6326 1008.72
 0.63272 997.416
 0.63284 991.288
 0.63296 990.54
 0.63308 995.175
 0.6332 1005.1
 0.63332 1019.72
 0.63344 1038.28
 0.63356 1060.03
 0.63368 1084.21
 0.6338 1110.1
 0.63392 1137.46
 0.63404 1166.39
 0.63416 1196.96
 0.63428 1228.64
 0.6344 1260.28
 0.63452 1290.68
 0.63464 1318.66
 0.63476 1343.04
 0.63488 1363
 0.635 1378.64
 0.63512 1390.17
 0.63524 1397.8
 0.63536 1401.56
 0.63548 1401.45
 0.6356 1397.48
 0.63572 1389.64
 0.63584 1377.88
 0.63596 1362
 0.63608 1341.8
 0.6362 1317.19
 0.63632 1289.05
 0.63644 1258.54
 0.63656 1226.87
 0.63668 1195.22
 0.6368 1164.74
 0.63692 1135.9
 0.63704 1108.63
 0.63716 1082.82
 0.63728 1058.75
 0.6374 1037.16
 0.63752 1018.8
 0.63764 1004.42
 0.63776 994.776
 0.63788 990.441
 0.638 991.487
 0.63812 997.914
 0.63824 1009.49
 0.63836 1025.51
 0.63848 1045.22
 0.6386 1067.86
 0.63872 1092.68
 0.63884 1119.06
 0.63896 1146.92
 0.63908 1176.39
 0.6392 1207.45
 0.63932 1239.25
 0.63944 1270.61
 0.63956 1300.34
 0.63968 1327.25
 0.6398 1350.18
 0.63992 1368.68
 0.64004 1382.93
 0.64016 1393.15
 0.64028 1399.48
 0.6404 1401.95
 0.64052 1400.56
 0.64064 1395.29
 0.64076 1386.16
 0.64088 1373.06
 0.641 1355.76
 0.64112 1334.06
 0.64124 1308.15
 0.64136 1279.08
 0.64148 1248.06
 0.6416 1216.26
 0.64172 1184.88
 0.64184 1154.94
 0.64196 1126.64
 0.64208 1099.86
 0.6422 1074.57
 0.64232 1051.24
 0.64244 1030.64
 0.64256 1013.52
 0.64268 1000.64
 0.6428 992.733
 0.64292 990.192
 0.64304 993.032
 0.64316 1001.23
 0.64328 1014.37
 0.6434 1031.7
 0.64352 1052.48
 0.64364 1075.93
 0.64376 1101.31
 0.64388 1128.17
 0.644 1156.56
 0.64412 1186.59
 0.64424 1218.03
 0.64436 1249.81
 0.64448 1280.76
 0.6446 1309.68
 0.64472 1335.38
 0.64484 1356.83
 0.64496 1373.89
 0.64508 1386.77
 0.6452 1395.69
 0.64532 1400.74
 0.64544 1401.92
 0.64556 1399.23
 0.64568 1392.68
 0.6458 1382.24
 0.64592 1367.77
 0.64604 1349.03
 0.64616 1325.85
 0.64628 1298.75
 0.6464 1268.9
 0.64652 1237.49
 0.64664 1205.7
 0.64676 1174.71
 0.64688 1145.33
 0.647 1117.55
 0.64712 1091.26
 0.64724 1066.54
 0.64736 1044.04
 0.64748 1024.51
 0.6476 1008.72
 0.64772 997.416
 0.64784 991.288
 0.64796 990.54
 0.64808 995.175
 0.6482 1005.1
 0.64832 1019.72
 0.64844 1038.28
 0.64856 1060.03
 0.64868 1084.21
 0.6488 1110.1
 0.64892 1137.46
 0.64904 1166.39
 0.64916 1196.96
 0.64928 1228.64
 0.6494 1260.28
 0.64952 1290.68
 0.64964 1318.66
 0.64976 1343.04
 0.64988 1363
 0.65 1378.64
 0.65012 1390.17
 0.65024 1397.8
 0.65036 1401.56
 0.65048 1401.45
 0.6506 1397.48
 0.65072 1389.64
 0.65084 1377.88
 0.65096 1362
 0.65108 1341.8
 0.6512 1317.19
 0.65132 1289.05
 0.65144 1258.54
 0.65156 1226.87
 0.65168 1195.22
 0.6518 1164.74
 0.65192 1135.9
 0.65204 1108.63
 0.65216 1082.82
 0.65228 1058.75
 0.6524 1037.16
 0.65252 1018.8
 0.65264 1004.42
 0.65276 994.776
 0.65288 990.441
 0.653 991.487
 0.65312 997.914
 0.65324 1009.49
 0.65336 1025.51
 0.65348 1045.22
 0.6536 1067.86
 0.65372 1092.68
 0.65384 1119.06
 0.65396 1146.92
 0.65408 1176.39
 0.6542 1207.45
 0.65432 1239.25
 0.65444 1270.61
 0.65456 1300.34
 0.65468 1327.25
 0.6548 1350.18
 0.65492 1368.68
 0.65504 1382.93
 0.65516 1393.15
 0.65528 1399.48
 0.6554 1401.95
 0.65552 1400.56
 0.65564 1395.29
 0.65576 1386.16
 0.65588 1373.06
 0.656 1355.76
 0.65612 1334.06
 0.65624 1308.15
 0.65636 1279.08
 0.65648 1248.06
 0.6566 1216.26
 0.65672 1184.88
 0.65684 1154.94
 0.65696 1126.64
 0.65708 1099.86
 0.6572 1074.57
 0.65732 1051.24
 0.65744 1030.64
 0.65756 1013.52
 0.65768 1000.64
 0.6578 992.733
 0.65792 990.192
 0.65804 993.032
 0.65816 1001.23
 0.65828 1014.37
 0.6584 1031.7
 0.65852 1052.48
 0.65864 1075.93
 0.65876 1101.31
 0.65888 1128.17
 0.659 1156.56
 0.65912 1186.59
 0.65924 1218.03
 0.65936 1249.81
 0.65948 1280.76
 0.6596 1309.68
 0.65972 1335.38
 0.65984 1356.83
 0.65996 1373.89
 0.66008 1386.77
 0.6602 1395.69
 0.66032 1400.74
 0.66044 1401.92
 0.66056 1399.23
 0.66068 1392.68
 0.6608 1382.24
 0.66092 1367.7
 0.66104 1348.74
 0.66116 1325.06
 0.66128 1297.08
 0.6614 1265.87
 0.66152 1232.49
 0.66164 1198.03
 0.66176 1163.57
 0.66188 1129.79
 0.662 1096.58
 0.66212 1063.72
 0.66224 1031.16
 0.66236 999.332
 0.66248 968.778
 0.6626 940.039
 0.66272 913.655
 0.66284 890.142
 0.66296 869.816
 0.66308 852.891
 0.6632 839.492
 0.66332 829.244
 0.66344 821.606
 0.66356 816.041
 0.66368 812.064
 0.6638 809.276
 0.66392 807.759
 0.66404 807.938
 0.66416 810.227
 0.66428 814.667
 0.6644 820.933
 0.66452 828.702
 0.66464 837.649
 0.66476 847.451
 0.66488 857.951
 0.665 869.409
 0.66512 882.149
 0.66524 896.473
 0.66536 912.533
 0.66548 930.437
 0.6656 950.25
 0.66572 971.759
 0.66584 994.577
 0.66596 1018.11
 0.66608 1041.79
 0.6662 1065.15
 0.66632 1088.08
 0.66644 1110.4
 0.66656 1131.88
 0.66668 1152.32
 0.6668 1171.48
 0.66692 1188.94
 0.66704 1204.07
 0.66716 1216.21
 0.66728 1225.05
 0.6674 1230.67
 0.66752 1233.18
 0.66764 1232.87
 0.66776 1230.42
 0.66788 1226.52
 0.668 1221.58
 0.66812 1215.74
 0.66824 1209.03
 0.66836 1201.61
 0.66848 1193.91
 0.6686 1186.36
 0.66872 1179.39
 0.66884 1173.45
 0.66896 1169.04
 0.66908 1166.71
 0.6692 1166.93
 0.66932 1169.67
 0.66944 1174.71
 0.66956 1181.84
 0.66968 1190.62
 0.6698 1200.42
 0.66992 1210.9
 0.67004 1222.1
 0.67016 1234.21
 0.67028 1247.28
 0.6704 1260.86
 0.67052 1274.44
 0.67064 1287.45
 0.67076 1299.41
 0.67088 1309.92
 0.671 1318.63
 0.67112 1325.22
 0.67124 1329.54
 0.67136 1331.61
 0.67148 1331.45
 0.6716 1329.06
 0.67172 1324.53
 0.67184 1318.06
 0.67196 1309.72
 0.67208 1299.63
 0.6722 1287.95
 0.67232 1275.35
 0.67244 1262.77
 0.67256 1251.19
 0.67268 1241.56
 0.6728 1234.55
 0.67292 1230.5
 0.67304 1229.57
 0.67316 1232
 0.67328 1238.06
 0.6734 1248.23
 0.67352 1263.05
 0.67364 1283.07
 0.67376 1308.69
 0.67388 1339.79
 0.674 1376.02
 0.67412 1416.82
 0.67424 1461.47
 0.67436 1508.69
 0.67448 1557.19
 0.6746 1605.67
 0.67472 1652.97
 0.67484 1698.4
 0.67496 1741.74
 0.67508 1782.64
 0.6752 1820.48
 0.67532 1854.35
 0.67544 1883.19
 0.67556 1905.91
 0.67568 1921.44
 0.6758 1929.14
 0.67592 1929.15
 0.67604 1921.74
 0.67616 1907.26
 0.67628 1886.39
 0.6764 1859.91
 0.67652 1828.48
 0.67664 1792.75
 0.67676 1753.17
 0.67688 1709.91
 0.677 1663.13
 0.67712 1613.48
 0.67724 1561.89
 0.67736 1509.32
 0.67748 1456.75
 0.6776 1405.14
 0.67772 1355.46
 0.67784 1308.3
 0.67796 1263.88
 0.67808 1222.41
 0.6782 1184.07
 0.67832 1148.87
 0.67844 1117.21
 0.67856 1089.65
 0.67868 1066.73
 0.6788 1049.03
 0.67892 1036.93
 0.67904 1030.35
 0.67916 1028.74
 0.67928 1031.7
 0.6794 1039.04
 0.67952 1050.52
 0.67964 1065.93
 0.67976 1084.81
 0.67988 1106.69
 0.68 1131.14
 0.68012 1157.73
 0.68024 1186.05
 0.68036 1215.51
 0.68048 1244.97
 0.6806 1273.28
 0.68072 1299.34
 0.68084 1322.23
 0.68096 1341.55
 0.68108 1357.55
 0.6812 1370.52
 0.68132 1380.31
 0.68144 1386.71
 0.68156 1389.49
 0.68168 1388.54
 0.6818 1384.17
 0.68192 1376.81
 0.68204 1366.89
 0.68216 1354.86
 0.68228 1341.21
 0.6824 1326.86
 0.68252 1313.17
 0.68264 1301.35
 0.68276 1292.4
 0.68288 1286.95
 0.683 1285.07
 0.68312 1286.22
 0.68324 1290.13
 0.68336 1296.79
 0.68348 1306.2
 0.6836 1318.37
 0.68372 1333.13
 0.68384 1350.08
 0.68396 1368.8
 0.68408 1388.84
 0.6842 1409.72
 0.68432 1430.65
 0.68444 1450.33
 0.68456 1467.1
 0.68468 1479.68
 0.6848 1487.01
 0.68492 1488.49
 0.68504 1484.09
 0.68516 1474.21
 0.68528 1459.01
 0.6854 1438.59
 0.68552 1413.08
 0.68564 1382.56
 0.68576 1347.23
 0.68588 1307.33
 0.686 1263.16
 0.68612 1215.06
 0.68624 1163.55
 0.68636 1109.59
 0.68648 1054.6
 0.6866 1000.21
 0.68672 947.781
 0.68684 898.484
 0.68696 852.924
 0.68708 811.326
 0.6872 773.756
 0.68732 740.411
 0.68744 711.582
 0.68756 687.592
 0.68768 668.765
 0.6878 655.416
 0.68792 647.644
 0.68804 645.349
 0.68816 648.412
 0.68828 656.487
 0.6884 668.99
 0.68852 685.09
 0.68864 703.965
 0.68876 724.86
 0.68888 747.293
 0.689 771.23
 0.68912 796.751
 0.68924 823.831
 0.68936 852.084
 0.68948 880.808
 0.6896 909.245
 0.68972 936.64
 0.68984 962.324
 0.68996 986.115
 0.69008 1008.02
 0.6902 1028.04
 0.69032 1046.27
 0.69044 1062.81
 0.69056 1077.62
 0.69068 1090.46
 0.6908 1101.13
 0.69092 1109.29
 0.69104 1114.52
 0.69116 1116.4
 0.69128 1114.87
 0.6914 1110.41
 0.69152 1103.88
 0.69164 1096.14
 0.69176 1088.05
 0.69188 1080.19
 0.692 1072.62
 0.69212 1065.34
 0.69224 1058.39
 0.69236 1051.86
 0.69248 1045.98
 0.6926 1041.4
 0.69272 1038.88
 0.69284 1038.94
 0.69296 1041.68
 0.69308 1047.1
 0.6932 1055.16
 0.69332 1065.56
 0.69344 1077.68
 0.69356 1090.76
 0.69368 1104.04
 0.6938 1116.81
 0.69392 1128.77
 0.69404 1139.91
 0.69416 1150.22
 0.69428 1159.47
 0.6944 1167.21
 0.69452 1172.86
 0.69464 1175.57
 0.69476 1174.52
 0.69488 1169.53
 0.695 1161.08
 0.69512 1149.71
 0.69524 1135.91
 0.69536 1119.96
 0.69548 1102.19
 0.6956 1082.91
 0.69572 1062.45
 0.69584 1041.08
 0.69596 1018.92
 0.69608 996.093
 0.6962 972.773
 0.69632 949.62
 0.69644 927.501
 0.69656 907.349
 0.69668 890.136
 0.6968 876.699
 0.69692 867.135
 0.69704 861.131
 0.69716 858.374
 0.69728 858.927
 0.6974 863.302
 0.69752 872.039
 0.69764 885.678
 0.69776 904.758
 0.69788 929.631
 0.698 960.155
 0.69812 996.114
 0.69824 1037.15
 0.69836 1082.46
 0.69848 1131.07
 0.6986 1182
 0.69872 1234.29
 0.69884 1287.13
 0.69896 1340.28
 0.69908 1393.63
 0.6992 1446.94
 0.69932 1499.16
 0.69944 1548.89
 0.69956 1594.72
 0.69968 1635.25
 0.6998 1669.11
 0.69992 1695.61
 0.70004 1714.73
 0.70016 1726.47
 0.70028 1730.84
 0.7004 1728.08
 0.70052 1718.53
 0.70064 1702.51
 0.70076 1680.33
 0.70088 1652.22
 0.701 1618.28
 0.70112 1578.64
 0.70124 1533.78
 0.70136 1485.12
 0.70148 1434.16
 0.7016 1382.41
 0.70172 1331.38
 0.70184 1282.44
 0.70196 1236.08
 0.70208 1192.53
 0.7022 1152.06
 0.70232 1115.31
 0.70244 1082.93
 0.70256 1055.57
 0.70268 1033.87
 0.7028 1018.49
 0.70292 1009.68
 0.70304 1007.36
 0.70316 1011.4
 0.70328 1021.28
 0.7034 1036.14
 0.70352 1055.11
 0.70364 1077.33
 0.70376 1101.94
 0.70388 1128.38
 0.704 1156.6
 0.70412 1186.59
 0.70424 1218.03
 0.70436 1249.81
 0.70448 1280.76
 0.7046 1309.68
 0.70472 1335.38
 0.70484 1356.83
 0.70496 1373.89
 0.70508 1386.77
 0.7052 1395.69
 0.70532 1400.74
 0.70544 1401.92
 0.70556 1399.23
 0.70568 1392.68
 0.7058 1382.24
 0.70592 1367.77
 0.70604 1349.03
 0.70616 1325.85
 0.70628 1298.75
 0.7064 1268.9
 0.70652 1237.49
 0.70664 1205.7
 0.70676 1174.71
 0.70688 1145.33
 0.707 1117.55
 0.70712 1091.26
 0.70724 1066.54
 0.70736 1044.04
 0.70748 1024.51
 0.7076 1008.72
 0.70772 997.416
 0.70784 991.288
 0.70796 990.54
 0.70808 995.175
 0.7082 1005.1
 0.70832 1019.72
 0.70844 1038.28
 0.70856 1060.03
 0.70868 1084.21
 0.7088 1110.1
 0.70892 1137.46
 0.70904 1166.39
 0.70916 1196.96
 0.70928 1228.64
 0.7094 1260.28
 0.70952 1290.68
 0.70964 1318.66
 0.70976 1343.04
 0.70988 1363
 0.71 1378.64
 0.71012 1390.17
 0.71024 1397.8
 0.71036 1401.56
 0.71048 1401.45
 0.7106 1397.48
 0.71072 1389.64
 0.71084 1377.88
 0.71096 1362
 0.71108 1341.8
 0.7112 1317.19
 0.71132 1289.05
 0.71144 1258.54
 0.71156 1226.87
 0.71168 1195.22
 0.7118 1164.74
 0.71192 1135.9
 0.71204 1108.63
 0.71216 1082.82
 0.71228 1058.75
 0.7124 1037.16
 0.71252 1018.8
 0.71264 1004.42
 0.71276 994.776
 0.71288 990.441
 0.713 991.487
 0.71312 997.914
 0.71324 1009.49
 0.71336 1025.51
 0.71348 1045.22
 0.7136 1067.86
 0.71372 1092.68
 0.71384 1119.06
 0.71396 1146.92
 0.71408 1176.39
 0.7142 1207.45
 0.71432 1239.25
 0.71444 1270.61
 0.71456 1300.34
 0.71468 1327.25
 0.7148 1350.18
 0.71492 1368.68
 0.71504 1382.93
 0.71516 1393.15
 0.71528 1399.48
 0.7154 1401.95
 0.71552 1400.56
 0.71564 1395.29
 0.71576 1386.16
 0.71588 1373.06
 0.716 1355.76
 0.71612 1334.06
 0.71624 1308.15
 0.71636 1279.08
 0.71648 1248.06
 0.7166 1216.26
 0.71672 1184.88
 0.71684 1154.94
 0.71696 1126.64
 0.71708 1099.86
 0.7172 1074.57
 0.71732 1051.24
 0.71744 1030.64
 0.71756 1013.52
 0.71768 1000.64
 0.7178 992.733
 0.71792 990.192
 0.71804 993.032
 0.71816 1001.23
 0.71828 1014.37
 0.7184 1031.7
 0.71852 1052.48
 0.71864 1075.93
 0.71876 1101.31
 0.71888 1128.17
 0.719 1156.56
 0.71912 1186.59
 0.71924 1218.03
 0.71936 1249.81
 0.71948 1280.76
 0.7196 1309.68
 0.71972 1335.38
 0.71984 1356.83
 0.71996 1373.89
 0.72008 1386.77
 0.7202 1395.69
 0.72032 1400.74
 0.72044 1401.92
 0.72056 1399.23
 0.72068 1392.68
 0.7208 1382.24
 0.72092 1367.77
 0.72104 1349.03
 0.72116 1325.85
 0.72128 1298.75
 0.7214 1268.9
 0.72152 1237.49
 0.72164 1205.7
 0.72176 1174.71
 0.72188 1145.33
 0.722 1117.55
 0.72212 1091.26
 0.72224 1066.54
 0.72236 1044.04
 0.72248 1024.51
 0.7226 1008.72
 0.72272 997.416
 0.72284 991.288
 0.72296 990.54
 0.72308 995.175
 0.7232 1005.1
 0.72332 1019.72
 0.72344 1038.28
 0.72356 1060.03
 0.72368 1084.21
 0.7238 1110.1
 0.72392 1137.46
 0.72404 1166.39
 0.72416 1196.96
 0.72428 1228.64
 0.7244 1260.28
 0.72452 1290.68
 0.72464 1318.66
 0.72476 1343.04
 0.72488 1363
 0.725 1378.64
 0.72512 1390.17
 0.72524 1397.8
 0.72536 1401.56
 0.72548 1401.45
 0.7256 1397.48
 0.72572 1389.64
 0.72584 1377.88
 0.72596 1362
 0.72608 1341.8
 0.7262 1317.19
 0.72632 1289.05
 0.72644 1258.54
 0.72656 1226.87
 0.72668 1195.22
 0.7268 1164.74
 0.72692 1135.9
 0.72704 1108.63
 0.72716 1082.82
 0.72728 1058.75
 0.7274 1037.16
 0.72752 1018.8
 0.72764 1004.42
 0.72776 994.776
 0.72788 990.441
 0.728 991.487
 0.72812 997.914
 0.72824 1009.49
 0.72836 1025.51
 0.72848 1045.22
 0.7286 1067.86
 0.72872 1092.68
 0.72884 1119.06
 0.72896 1146.92
 0.72908 1176.39
 0.7292 1207.45
 0.72932 1239.25
 0.72944 1270.61
 0.72956 1300.34
 0.72968 1327.25
 0.7298 1350.18
 0.72992 1368.68
 0.73004 1382.93
 0.73016 1393.15
 0.73028 1399.48
 0.7304 1401.95
 0.73052 1400.56
 0.73064 1395.29
 0.73076 1386.16
 0.73088 1373.06
 0.731 1355.76
 0.73112 1334.06
 0.73124 1308.15
 0.73136 1279.08
 0.73148 1248.06
 0.7316 1216.26
 0.73172 1184.88
 0.73184 1154.94
 0.73196 1126.64
 0.73208 1099.86
 0.7322 1074.57
 0.73232 1051.24
 0.73244 1030.64
 0.73256 1013.52
 0.73268 1000.64
 0.7328 992.733
 0.73292 990.192
 0.73304 993.032
 0.73316 1001.23
 0.73328 1014.37
 0.7334 1031.7
 0.73352 1052.48
 0.73364 1075.93
 0.73376 1101.31
 0.73388 1128.17
 0.734 1156.56
 0.73412 1186.59
 0.73424 1218.03
 0.73436 1249.81
 0.73448 1280.76
 0.7346 1309.68
 0.73472 1335.38
 0.73484 1356.83
 0.73496 1373.89
 0.73508 1386.77
 0.7352 1395.69
 0.73532 1400.74
 0.73544 1401.92
 0.73556 1399.23
 0.73568 1392.68
 0.7358 1382.24
 0.73592 1367.77
 0.73604 1349.03
 0.73616 1325.85
 0.73628 1298.75
 0.7364 1268.9
 0.73652 1237.49
 0.73664 1205.7
 0.73676 1174.71
 0.73688 1145.33
 0.737 1117.55
 0.73712 1091.26
 0.73724 1066.54
 0.73736 1044.04
 0.73748 1024.51
 0.7376 1008.72
 0.73772 997.416
 0.73784 991.288
 0.73796 990.54
 0.73808 995.175
 0.7382 1005.1
 0.73832 1019.72
 0.73844 1038.28
 0.73856 1060.03
 0.73868 1084.21
 0.7388 1110.1
 0.73892 1137.46
 0.73904 1166.39
 0.73916 1196.96
 0.73928 1228.64
 0.7394 1260.28
 0.73952 1290.68
 0.73964 1318.66
 0.73976 1343.04
 0.73988 1363
 0.74 1378.64
 0.74012 1390.17
 0.74024 1397.8
 0.74036 1401.56
 0.74048 1401.45
 0.7406 1397.48
 0.74072 1389.64
 0.74084 1377.88
 0.74096 1362
 0.74108 1341.8
 0.7412 1317.19
 0.74132 1289.05
 0.74144 1258.54
 0.74156 1226.87
 0.74168 1195.22
 0.7418 1164.74
 0.74192 1135.9
 0.74204 1108.63
 0.74216 1082.82
 0.74228 1058.75
 0.7424 1037.16
 0.74252 1018.8
 0.74264 1004.42
 0.74276 994.776
 0.74288 990.441
 0.743 991.487
 0.74312 997.914
 0.74324 1009.49
 0.74336 1025.51
 0.74348 1045.22
 0.7436 1067.86
 0.74372 1092.68
 0.74384 1119.06
 0.74396 1146.92
 0.74408 1176.39
 0.7442 1207.45
 0.74432 1239.25
 0.74444 1270.61
 0.74456 1300.34
 0.74468 1327.25
 0.7448 1350.18
 0.74492 1368.68
 0.74504 1382.93
 0.74516 1393.15
 0.74528 1399.48
 0.7454 1401.95
 0.74552 1400.56
 0.74564 1395.29
 0.74576 1386.16
 0.74588 1373.06
 0.746 1355.76
 0.74612 1334.06
 0.74624 1308.15
 0.74636 1279.08
 0.74648 1248.06
 0.7466 1216.26
 0.74672 1184.88
 0.74684 1154.94
 0.74696 1126.64
 0.74708 1099.86
 0.7472 1074.57
 0.74732 1051.24
 0.74744 1030.64
 0.74756 1013.52
 0.74768 1000.64
 0.7478 992.733
 0.74792 990.192
 0.74804 993.032
 0.74816 1001.23
 0.74828 1014.37
 0.7484 1031.7
 0.74852 1052.48
 0.74864 1075.93
 0.74876 1101.31
 0.74888 1128.17
 0.749 1156.56
 0.74912 1186.59
 0.74924 1218.03
 0.74936 1249.81
 0.74948 1280.76
 0.7496 1309.68
 0.74972 1335.38
 0.74984 1356.83
 0.74996 1373.89
 0.75008 1386.77
 0.7502 1395.69
 0.75032 1400.74
 0.75044 1401.92
 0.75056 1399.23
 0.75068 1392.68
 0.7508 1382.24
 0.75092 1367.77
 0.75104 1349.03
 0.75116 1325.85
 0.75128 1298.75
 0.7514 1268.9
 0.75152 1237.49
 0.75164 1205.7
 0.75176 1174.71
 0.75188 1145.33
 0.752 1117.55
 0.75212 1091.26
 0.75224 1066.54
 0.75236 1044.04
 0.75248 1024.51
 0.7526 1008.72
 0.75272 997.416
 0.75284 991.288
 0.75296 990.54
 0.75308 995.175
 0.7532 1005.1
 0.75332 1019.72
 0.75344 1038.28
 0.75356 1060.03
 0.75368 1084.21
 0.7538 1110.1
 0.75392 1137.46
 0.75404 1166.39
 0.75416 1196.96
 0.75428 1228.64
 0.7544 1260.28
 0.75452 1290.68
 0.75464 1318.66
 0.75476 1343.04
 0.75488 1363
 0.755 1378.64
 0.75512 1390.17
 0.75524 1397.8
 0.75536 1401.56
 0.75548 1401.45
 0.7556 1397.48
 0.75572 1389.64
 0.75584 1377.88
 0.75596 1362
 0.75608 1341.8
 0.7562 1317.19
 0.75632 1289.05
 0.75644 1258.54
 0.75656 1226.87
 0.75668 1195.22
 0.7568 1164.74
 0.75692 1135.9
 0.75704 1108.63
 0.75716 1082.82
 0.75728 1058.75
 0.7574 1037.16
 0.75752 1018.8
 0.75764 1004.42
 0.75776 994.776
 0.75788 990.441
 0.758 991.487
 0.75812 997.914
 0.75824 1009.49
 0.75836 1025.51
 0.75848 1045.22
 0.7586 1067.86
 0.75872 1092.68
 0.75884 1119.06
 0.75896 1146.92
 0.75908 1176.39
 0.7592 1207.45
 0.75932 1239.25
 0.75944 1270.61
 0.75956 1300.34
 0.75968 1327.25
 0.7598 1350.18
 0.75992 1368.68
 0.76004 1382.93
 0.76016 1393.15
 0.76028 1399.48
 0.7604 1401.95
 0.76052 1400.56
 0.76064 1395.29
 0.76076 1386.16
 0.76088 1373.06
 0.761 1355.76
 0.76112 1334.06
 0.76124 1308.15
 0.76136 1279.08
 0.76148 1248.06
 0.7616 1216.26
 0.76172 1184.88
 0.76184 1154.94
 0.76196 1126.64
 0.76208 1099.86
 0.7622 1074.57
 0.76232 1051.24
 0.76244 1030.64
 0.76256 1013.52
 0.76268 1000.64
 0.7628 992.733
 0.76292 990.192
 0.76304 993.032
 0.76316 1001.23
 0.76328 1014.37
 0.7634 1031.7
 0.76352 1052.48
 0.76364 1075.93
 0.76376 1101.31
 0.76388 1128.17
 0.764 1156.56
 0.76412 1186.59
 0.76424 1218.03
 0.76436 1249.81
 0.76448 1280.76
 0.7646 1309.68
 0.76472 1335.38
 0.76484 1356.83
 0.76496 1373.89
 0.76508 1386.77
 0.7652 1395.69
 0.76532 1400.74
 0.76544 1401.92
 0.76556 1399.23
 0.76568 1392.68
 0.7658 1382.24
 0.76592 1367.7
 0.76604 1348.74
 0.76616 1325.06
 0.76628 1297.08
 0.7664 1265.87
 0.76652 1232.49
 0.76664 1198.03
 0.76676 1163.57
 0.76688 1129.79
 0.767 1096.58
 0.76712 1063.72
 0.76724 1031.16
 0.76736 999.332
 0.76748 968.778
 0.7676 940.039
 0.76772 913.655
 0.76784 890.142
 0.76796 869.816
 0.76808 852.891
 0.7682 839.492
 0.76832 829.244
 0.76844 821.606
 0.76856 816.041
 0.76868 812.064
 0.7688 809.276
 0.76892 807.759
 0.76904 807.938
 0.76916 810.227
 0.76928 814.667
 0.7694 820.933
 0.76952 828.702
 0.76964 837.649
 0.76976 847.451
 0.76988 857.951
 0.77 869.409
 0.77012 882.149
 0.77024 896.473
 0.77036 912.533
 0.77048 930.437
 0.7706 950.25
 0.77072 971.759
 0.77084 994.577
 0.77096 1018.11
 0.77108 1041.79
 0.7712 1065.15
 0.77132 1088.08
 0.77144 1110.4
 0.77156 1131.88
 0.77168 1152.32
 0.7718 1171.48
 0.77192 1188.94
 0.77204 1204.07
 0.77216 1216.21
 0.77228 1225.05
 0.7724 1230.67
 0.77252 1233.18
 0.77264 1232.87
 0.77276 1230.42
 0.77288 1226.52
 0.773 1221.58
 0.77312 1215.74
 0.77324 1209.03
 0.77336 1201.61
 0.77348 1193.91
 0.7736 1186.36
 0.77372 1179.39
 0.77384 1173.45
 0.77396 1169.04
 0.77408 1166.71
 0.7742 1166.93
 0.77432 1169.67
 0.77444 1174.71
 0.77456 1181.84
 0.77468 1190.62
 0.7748 1200.42
 0.77492 1210.9
 0.77504 1222.1
 0.77516 1234.21
 0.77528 1247.28
 0.7754 1260.86
 0.77552 1274.44
 0.77564 1287.45
 0.77576 1299.41
 0.77588 1309.92
 0.776 1318.63
 0.77612 1325.22
 0.77624 1329.56
 0.77636 1331.77
 0.77648 1331.97
 0.7766 1330.28
 0.77672 1326.89
 0.77684 1322.1
 0.77696 1316.1
 0.77708 1309.11
 0.7772 1301.41
 0.77732 1293.76
 0.77744 1287.23
 0.77756 1282.9
 0.77768 1281.81
 0.7778 1284.76
 0.77792 1292.18
 0.77804 1304.29
 0.77816 1321.32
 0.77828 1343.36
 0.7784 1370.47
 0.77852 1402.75
 0.77864 1440.32
 0.77876 1483.15
 0.77888 1530.7
 0.779 1582.17
 0.77912 1636.63
 0.77924 1693.02
 0.77936 1749.7
 0.77948 1804.95
 0.7796 1857.04
 0.77972 1904.37
 0.77984 1945.82
 0.77996 1980.81
 0.78008 2008.88
 0.7802 2029.44
 0.78032 2042.04
 0.78044 2046.26
 0.78056 2041.66
 0.78068 2027.82
 0.7808 2004.74
 0.78092 1973.24
 0.78104 1934.3
 0.78116 1888.74
 0.78128 1837.59
 0.7814 1782.24
 0.78152 1724.09
 0.78164 1664.55
 0.78176 1604.82
 0.78188 1545.8
 0.782 1488.06
 0.78212 1432.2
 0.78224 1378.98
 0.78236 1328.85
 0.78248 1282.26
 0.7826 1239.64
 0.78272 1201.37
 0.78284 1167.39
 0.78296 1137.06
 0.78308 1109.68
 0.7832 1084.98
 0.78332 1062.54
 0.78344 1041.81
 0.78356 1022.26
 0.78368 1003.34
 0.7838 984.686
 0.78392 966.008
 0.78404 947.091
 0.78416 927.678
 0.78428 907.763
 0.7844 887.559
 0.78452 867.281
 0.78464 847.146
 0.78476 827.401
 0.78488 808.492
 0.785 791.315
 0.78512 776.619
 0.78524 764.69
 0.78536 755.845
 0.78548 750.407
 0.7856 748.701
 0.78572 750.963
 0.78584 757.145
 0.78596 767.142
 0.78608 780.896
 0.7862 798.175
 0.78632 818.282
 0.78644 840.462
 0.78656 863.958
 0.78668 888.016
 0.7868 911.877
 0.78692 934.679
 0.78704 955.34
 0.78716 973.221
 0.78728 987.993
 0.7874 999.343
 0.78752 1007.03
 0.78764 1010.85
 0.78776 1010.86
 0.78788 1007.45
 0.788 1001.04
 0.78812 991.779
 0.78824 980.177
 0.78836 967.087
 0.78848 953.373
 0.7886 939.908
 0.78872 927.638
 0.78884 917.536
 0.78896 910.617
 0.78908 907.744
 0.7892 909.426
 0.78932 916.092
 0.78944 928.045
 0.78956 945.319
 0.78968 967.884
 0.7898 995.454
 0.78992 1027.6
 0.79004 1064.05
 0.79016 1104.85
 0.79028 1149.69
 0.7904 1198.02
 0.79052 1249.3
 0.79064 1302.88
 0.79076 1357.83
 0.79088 1413.18
 0.791 1468.08
 0.79112 1521.69
 0.79124 1573.05
 0.79136 1621.19
 0.79148 1665.52
 0.7916 1705.68
 0.79172 1741.39
 0.79184 1772.4
 0.79196 1798.5
 0.79208 1819.25
 0.7922 1834.11
 0.79232 1842.7
 0.79244 1844.71
 0.79256 1839.82
 0.79268 1828.04
 0.7928 1809.67
 0.79292 1784.93
 0.79304 1753.84
 0.79316 1716.98
 0.79328 1675.2
 0.7934 1629.31
 0.79352 1579.85
 0.79364 1527.28
 0.79376 1472.13
 0.79388 1414.93
 0.794 1356.24
 0.79412 1296.68
 0.79424 1237.01
 0.79436 1178.16
 0.79448 1121.1
 0.7946 1066.77
 0.79472 1015.82
 0.79484 968.794
 0.79496 926.552
 0.79508 889.966
 0.7952 859.187
 0.79532 834.215
 0.79544 815.083
 0.79556 801.881
 0.79568 794.501
 0.7958 792.629
 0.79592 795.94
 0.79604 804.11
 0.79616 816.726
 0.79628 832.947
 0.7964 851.758
 0.79652 872.183
 0.79664 893.281
 0.79676 914.176
 0.79688 933.965
 0.797 951.496
 0.79712 965.896
 0.79724 976.797
 0.79736 983.875
 0.79748 986.806
 0.7976 985.328
 0.79772 979.597
 0.79784 969.934
 0.79796 956.678
 0.79808 940.243
 0.7982 921.387
 0.79832 901.382
 0.79844 881.307
 0.79856 862.138
 0.79868 844.9
 0.7988 830.671
 0.79892 820.558
 0.79904 815.598
 0.79916 816.332
 0.79928 823.095
 0.7994 836.281
 0.79952 856.321
 0.79964 883.533
 0.79976 917.96
 0.79988 959.6
