 0.2 3359.98
 0.20012 3378.52
 0.20024 3410.94
 0.20036 3455.59
 0.20048 3510.41
 0.2006 3573.58
 0.20072 3643.66
 0.20084 3719.53
 0.20096 3800
 0.20108 3883.02
 0.2012 3965.74
 0.20132 4045.59
 0.20144 4120.77
 0.20156 4190.08
 0.20168 4252.19
 0.2018 4306.55
 0.20192 4353.26
 0.20204 4392.69
 0.20216 4425.41
 0.20228 4452.08
 0.2024 4473.25
 0.20252 4489.2
 0.20264 4499.78
 0.20276 4504.28
 0.20288 4501.87
 0.203 4491.9
 0.20312 4474.88
 0.20324 4451.96
 0.20336 4423.71
 0.20348 4390.19
 0.2036 4351.39
 0.20372 4307.65
 0.20384 4258.85
 0.20396 4204.53
 0.20408 4144.48
 0.2042 4078.71
 0.20432 4007.39
 0.20444 3930.92
 0.20456 3850.32
 0.20468 3767.1
 0.2048 3683.39
 0.20492 3601.15
 0.20504 3522.25
 0.20516 3447.99
 0.20528 3379.81
 0.2054 3319.66
 0.20552 3269.51
 0.20564 3230.69
 0.20576 3203.89
 0.20588 3189.64
 0.206 3188.67
 0.20612 3201.24
 0.20624 3227.28
 0.20636 3266.34
 0.20648 3317.38
 0.2066 3378.74
 0.20672 3448.14
 0.20684 3523.15
 0.20696 3601.53
 0.20708 3680.95
 0.2072 3759.05
 0.20732 3833.05
 0.20744 3899.92
 0.20756 3957.04
 0.20768 4002.74
 0.2078 4036.3
 0.20792 4057.43
 0.20804 4065.62
 0.20816 4060.55
 0.20828 4041.99
 0.2084 4010.67
 0.20852 3967.95
 0.20864 3915.85
 0.20876 3856.85
 0.20888 3793.43
 0.209 3728.21
 0.20912 3663.69
 0.20924 3602.35
 0.20936 3546.96
 0.20948 3500.2
 0.2096 3464.17
 0.20972 3440.17
 0.20984 3428.4
 0.20996 3428.81
 0.21008 3441.69
 0.2102 3467.69
 0.21032 3507.28
 0.21044 3559.67
 0.21056 3623.29
 0.21068 3696.07
 0.2108 3775.56
 0.21092 3858.92
 0.21104 3943.14
 0.21116 4025.64
 0.21128 4103.9
 0.2114 4175.64
 0.21152 4238.79
 0.21164 4291.71
 0.21176 4333.4
 0.21188 4363.76
 0.212 4382.76
 0.21212 4389.85
 0.21224 4383.97
 0.21236 4364.33
 0.21248 4331.5
 0.2126 4286.74
 0.21272 4231.57
 0.21284 4167.8
 0.21296 4097.72
 0.21308 4023.59
 0.2132 3947.49
 0.21332 3871.27
 0.21344 3796.14
 0.21356 3723.24
 0.21368 3653.52
 0.2138 3587.43
 0.21392 3524.98
 0.21404 3466.11
 0.21416 3411.39
 0.21428 3361.81
 0.2144 3318.15
 0.21452 3280.26
 0.21464 3247.79
 0.21476 3220.39
 0.21488 3197.71
 0.215 3179.17
 0.21512 3163.93
 0.21524 3150.95
 0.21536 3139.59
 0.21548 3129.45
 0.2156 3120.1
 0.21572 3111.18
 0.21584 3102.55
 0.21596 3094.24
 0.21608 3086.06
 0.2162 3077.28
 0.21632 3066.86
 0.21644 3053.99
 0.21656 3038.1
 0.21668 3018.38
 0.2168 2993.87
 0.21692 2963.58
 0.21704 2926.77
 0.21716 2883.17
 0.21728 2832.83
 0.2174 2775.82
 0.21752 2712.47
 0.21764 2643.18
 0.21776 2568.09
 0.21788 2487.32
 0.218 2401.18
 0.21812 2310.43
 0.21824 2216.16
 0.21836 2119.53
 0.21848 2021.47
 0.2186 1923.16
 0.21872 1826.16
 0.21884 1731.82
 0.21896 1641.42
 0.21908 1556.02
 0.2192 1476.52
 0.21932 1403.62
 0.21944 1337.78
 0.21956 1279.26
 0.21968 1228.55
 0.2198 1186.5
 0.21992 1153.75
 0.22004 1130.73
 0.22016 1117.62
 0.22028 1114.54
 0.2204 1121.75
 0.22052 1139.52
 0.22064 1167.66
 0.22076 1205.87
 0.22088 1254.2
 0.221 1312.77
 0.22112 1381.54
 0.22124 1460.2
 0.22136 1548.43
 0.22148 1645.84
 0.2216 1751.68
 0.22172 1864.89
 0.22184 1984.11
 0.22196 2107.91
 0.22208 2234.76
 0.2222 2362.92
 0.22232 2490.55
 0.22244 2615.59
 0.22256 2736.13
 0.22268 2850.89
 0.2228 2958.66
 0.22292 3058.11
 0.22304 3148.12
 0.22316 3228.01
 0.22328 3297.23
 0.2234 3355.19
 0.22352 3401.64
 0.22364 3436.85
 0.22376 3461.32
 0.22388 3476.16
 0.224 3482.94
 0.22412 3483.58
 0.22424 3480.18
 0.22436 3475
 0.22448 3470.51
 0.2246 3468.74
 0.22472 3470.87
 0.22484 3477.89
 0.22496 3490.41
 0.22508 3508.35
 0.2252 3531.49
 0.22532 3559.75
 0.22544 3593.28
 0.22556 3632
 0.22568 3675.58
 0.2258 3723.21
 0.22592 3773.26
 0.22604 3823.91
 0.22616 3873.13
 0.22628 3919.09
 0.2264 3959.91
 0.22652 3993.32
 0.22664 4017.78
 0.22676 4032.29
 0.22688 4036.15
 0.227 4029.38
 0.22712 4012.79
 0.22724 3987.18
 0.22736 3953.25
 0.22748 3911.53
 0.2276 3862.62
 0.22772 3807.3
 0.22784 3746.95
 0.22796 3683.14
 0.22808 3617.16
 0.2282 3550.01
 0.22832 3482.39
 0.22844 3415.18
 0.22856 3349.6
 0.22868 3286.55
 0.2288 3227.1
 0.22892 3172.09
 0.22904 3121.84
 0.22916 3076.38
 0.22928 3035.63
 0.2294 2999.39
 0.22952 2967.19
 0.22964 2938.51
 0.22976 2912.63
 0.22988 2888.81
 0.23 2866.81
 0.23012 2847.07
 0.23024 2830.48
 0.23036 2818.11
 0.23048 2810.94
 0.2306 2809.76
 0.23072 2814.78
 0.23084 2825.88
 0.23096 2842.96
 0.23108 2866.17
 0.2312 2895.35
 0.23132 2930.31
 0.23144 2971.36
 0.23156 3019.22
 0.23168 3074.75
 0.2318 3139
 0.23192 3212.57
 0.23204 3295.28
 0.23216 3386.12
 0.23228 3483.64
 0.2324 3586.21
 0.23252 3692.21
 0.23264 3800.6
 0.23276 3910.84
 0.23288 4022.5
 0.233 4134.81
 0.23312 4246.37
 0.23324 4356.45
 0.23336 4464.5
 0.23348 4569.62
 0.2336 4670.61
 0.23372 4765.77
 0.23384 4852.83
 0.23396 4929.94
 0.23408 4996.11
 0.2342 5051.03
 0.23432 5094.91
 0.23444 5127.86
 0.23456 5149.46
 0.23468 5158.76
 0.2348 5154.84
 0.23492 5137.23
 0.23504 5106.31
 0.23516 5063.55
 0.23528 5009.88
 0.2354 4945.72
 0.23552 4871.63
 0.23564 4788.5
 0.23576 4698.2
 0.23588 4603.35
 0.236 4506.25
 0.23612 4408.69
 0.23624 4312.03
 0.23636 4217.19
 0.23648 4125.68
 0.2366 4039.73
 0.23672 3961.54
 0.23684 3892.91
 0.23696 3835.06
 0.23708 3788.42
 0.2372 3752.3
 0.23732 3726.5
 0.23744 3711.13
 0.23756 3706.15
 0.23768 3711.06
 0.2378 3724.45
 0.23792 3744.77
 0.23804 3770.63
 0.23816 3800.67
 0.23828 3834.08
 0.2384 3870.35
 0.23852 3908.64
 0.23864 3947.92
 0.23876 3987.55
 0.23888 4027.18
 0.239 4066.63
 0.23912 4106.01
 0.23924 4146.11
 0.23936 4187.28
 0.23948 4230.09
 0.2396 4275.3
 0.23972 4324.17
 0.23984 4378.1
 0.23996 4438.07
 0.24008 4504.78
 0.2402 4578.66
 0.24032 4659.6
 0.24044 4746.47
 0.24056 4837.81
 0.24068 4931.89
 0.2408 5026.97
 0.24092 5121.26
 0.24104 5213.1
 0.24116 5300.99
 0.24128 5383.53
 0.2414 5459.56
 0.24152 5527.66
 0.24164 5586.09
 0.24176 5632.67
 0.24188 5665.76
 0.242 5683.99
 0.24212 5686.59
 0.24224 5673.34
 0.24236 5644.63
 0.24248 5602.12
 0.2426 5548.04
 0.24272 5484.77
 0.24284 5414.13
 0.24296 5338.15
 0.24308 5258.73
 0.2432 5177.27
 0.24332 5094.53
 0.24344 5011.21
 0.24356 4928.11
 0.24368 4846.49
 0.2438 4767.81
 0.24392 4693.46
 0.24404 4625.26
 0.24416 4564.27
 0.24428 4511.26
 0.2444 4466.67
 0.24452 4430.28
 0.24464 4401.44
 0.24476 4379.59
 0.24488 4364.58
 0.245 4355.82
 0.24512 4352.84
 0.24524 4355.98
 0.24536 4366.11
 0.24548 4383.97
 0.2456 4410.31
 0.24572 4445.64
 0.24584 4490.1
 0.24596 4542.95
 0.24608 4602.42
 0.2462 4667.17
 0.24632 4735.77
 0.24644 4806.9
 0.24656 4879.64
 0.24668 4953.35
 0.2468 5027.45
 0.24692 5101.39
 0.24704 5174.92
 0.24716 5247.6
 0.24728 5317.94
 0.2474 5384.2
 0.24752 5444.75
 0.24764 5497.71
 0.24776 5541.28
 0.24788 5574.22
 0.248 5596.69
 0.24812 5610
 0.24824 5615.55
 0.24836 5614.71
 0.24848 5608.2
 0.2486 5596.32
 0.24872 5579.12
 0.24884 5556.44
 0.24896 5527.91
 0.24908 5492.89
 0.2492 5450.94
 0.24932 5402.7
 0.24944 5349.13
 0.24956 5291.2
 0.24968 5230.2
 0.2498 5167.37
 0.24992 5103.58
 0.25004 5038.49
 0.25016 4971.02
 0.25028 4900
 0.2504 4824.76
 0.25052 4745.64
 0.25064 4663.28
 0.25076 4578.47
 0.25088 4492.16
 0.251 4405.69
 0.25112 4320.99
 0.25124 4239.67
 0.25136 4162.38
 0.25148 4089.37
 0.2516 4021.02
 0.25172 3957.56
 0.25184 3899.17
 0.25196 3846.3
 0.25208 3800.14
 0.2522 3762.08
 0.25232 3733.5
 0.25244 3715.15
 0.25256 3707.33
 0.25268 3709.89
 0.2528 3722.57
 0.25292 3744.83
 0.25304 3775.76
 0.25316 3814.05
 0.25328 3858.93
 0.2534 3910.52
 0.25352 3969.19
 0.25364 4035.12
 0.25376 4108.56
 0.25388 4189.31
 0.254 4276.55
 0.25412 4369.03
 0.25424 4465.1
 0.25436 4562.79
 0.25448 4660.12
 0.2546 4755.22
 0.25472 4847
 0.25484 4934.58
 0.25496 5017.4
 0.25508 5094.8
 0.2552 5166.13
 0.25532 5229.93
 0.25544 5283.89
 0.25556 5325.58
 0.25568 5352.65
 0.2558 5363.07
 0.25592 5355.87
 0.25604 5330.57
 0.25616 5287.21
 0.25628 5226.76
 0.2564 5150.91
 0.25652 5061.94
 0.25664 4961.86
 0.25676 4852.2
 0.25688 4734.09
 0.257 4608.71
 0.25712 4477.55
 0.25724 4342.42
 0.25736 4205.9
 0.25748 4071.07
 0.2576 3940.87
 0.25772 3817.95
 0.25784 3704.4
 0.25796 3601.85
 0.25808 3511.87
 0.2582 3435.63
 0.25832 3373.32
 0.25844 3324.28
 0.25856 3287.52
 0.25868 3262.13
 0.2588 3247.17
 0.25892 3242
 0.25904 3245.79
 0.25916 3257.12
 0.25928 3274.24
 0.2594 3295.3
 0.25952 3318.56
 0.25964 3342.7
 0.25976 3366.88
 0.25988 3390.49
 0.26 3412.68
 0.26012 3432.01
 0.26024 3447.11
 0.26036 3457.5
 0.26048 3463.17
 0.2606 3464.24
 0.26072 3461
 0.26084 3454.05
 0.26096 3443.89
 0.26108 3431.3
 0.2612 3417.88
 0.26132 3404.96
 0.26144 3393.45
 0.26156 3383.82
 0.26168 3376.23
 0.2618 3370.41
 0.26192 3365.91
 0.26204 3362.95
 0.26216 3362.6
 0.26228 3365.89
 0.2624 3373.17
 0.26252 3384.39
 0.26264 3399.44
 0.26276 3417.84
 0.26288 3438.74
 0.263 3461.37
 0.26312 3484.48
 0.26324 3506.58
 0.26336 3526.77
 0.26348 3544.46
 0.2636 3559.43
 0.26372 3571.78
 0.26384 3582.19
 0.26396 3591.47
 0.26408 3599.79
 0.2642 3607
 0.26432 3613.2
 0.26444 3618.94
 0.26456 3625.23
 0.26468 3633.2
 0.2648 3644.46
 0.26492 3660.79
 0.26504 3683.86
 0.26516 3715.53
 0.26528 3757.18
 0.2654 3809.73
 0.26552 3873.91
 0.26564 3949.79
 0.26576 4036.61
 0.26588 4133.13
 0.266 4238.1
 0.26612 4350.46
 0.26624 4468.72
 0.26636 4590.95
 0.26648 4714.84
 0.2666 4837.73
 0.26672 4956.83
 0.26684 5068.88
 0.26696 5170.69
 0.26708 5259.02
 0.2672 5331.04
 0.26732 5384.7
 0.26744 5418.45
 0.26756 5431.14
 0.26768 5422.88
 0.2678 5394.55
 0.26792 5347.06
 0.26804 5281.13
 0.26816 5197.58
 0.26828 5098.22
 0.2684 4985.25
 0.26852 4861.28
 0.26864 4729.13
 0.26876 4591.61
 0.26888 4451.91
 0.269 4313.38
 0.26912 4179.48
 0.26924 4053.1
 0.26936 3936.42
 0.26948 3831.32
 0.2696 3738.87
 0.26972 3659.12
 0.26984 3592.19
 0.26996 3538.49
 0.27008 3498.78
 0.2702 3473.53
 0.27032 3462.59
 0.27044 3465.48
 0.27056 3481.03
 0.27068 3508.05
 0.2708 3545.19
 0.27092 3590.72
 0.27104 3642.61
 0.27116 3698.89
 0.27128 3757.92
 0.2714 3818.11
 0.27152 3877.83
 0.27164 3936.39
 0.27176 3993.12
 0.27188 4046.7
 0.272 4095.64
 0.27212 4138.26
 0.27224 4172.98
 0.27236 4198.35
 0.27248 4213.11
 0.2726 4216.9
 0.27272 4209.53
 0.27284 4191.21
 0.27296 4162.36
 0.27308 4123.18
 0.2732 4073.76
 0.27332 4014.21
 0.27344 3945.23
 0.27356 3867.59
 0.27368 3781.68
 0.2738 3688.62
 0.27392 3589.97
 0.27404 3487.12
 0.27416 3381.59
 0.27428 3274.97
 0.2744 3169.09
 0.27452 3065.76
 0.27464 2966.34
 0.27476 2871.87
 0.27488 2783.18
 0.275 2701.41
 0.27512 2628.21
 0.27524 2565.44
 0.27536 2514.88
 0.27548 2477.88
 0.2756 2455.54
 0.27572 2448.7
 0.27584 2457.49
 0.27596 2482.17
 0.27608 2522.98
 0.2762 2580.07
 0.27632 2653.34
 0.27644 2742.2
 0.27656 2845.68
 0.27668 2962.75
 0.2768 3092.31
 0.27692 3233.09
 0.27704 3383.49
 0.27716 3541.28
 0.27728 3703.48
 0.2774 3866.81
 0.27752 4028.06
 0.27764 4184.26
 0.27776 4332.97
 0.27788 4471.85
 0.278 4598.41
 0.27812 4710.38
 0.27824 4805.3
 0.27836 4881.09
 0.27848 4936.35
 0.2786 4970.19
 0.27872 4982.01
 0.27884 4971.73
 0.27896 4939.26
 0.27908 4884.61
 0.2792 4808.71
 0.27932 4713.54
 0.27944 4601.5
 0.27956 4475.16
 0.27968 4336.99
 0.2798 4189.2
 0.27992 4034.22
 0.28004 3874.49
 0.28016 3712.65
 0.28028 3551.6
 0.2804 3393.69
 0.28052 3240.65
 0.28064 3093.81
 0.28076 2954.07
 0.28088 2822.03
 0.281 2698.67
 0.28112 2584.85
 0.28124 2480.75
 0.28136 2385.95
 0.28148 2299.82
 0.2816 2221.51
 0.28172 2150.23
 0.28184 2085.19
 0.28196 2025.45
 0.28208 1970.06
 0.2822 1917.76
 0.28232 1867.55
 0.28244 1819.11
 0.28256 1772.48
 0.28268 1728.17
 0.2828 1686.91
 0.28292 1649.46
 0.28304 1616.34
 0.28316 1588.25
 0.28328 1566.15
 0.2834 1551.21
 0.28352 1544.67
 0.28364 1547.88
 0.28376 1562.23
 0.28388 1589.07
 0.284 1629.59
 0.28412 1684.91
 0.28424 1755.98
 0.28436 1843.14
 0.28448 1945.78
 0.2846 2063.2
 0.28472 2194.41
 0.28484 2338.19
 0.28496 2493.12
 0.28508 2657.75
 0.2852 2830.23
 0.28532 3008.34
 0.28544 3189.66
 0.28556 3371.82
 0.28568 3552.33
 0.2858 3728.71
 0.28592 3898.7
 0.28604 4060.18
 0.28616 4211.18
 0.28628 4349.9
 0.2864 4475.41
 0.28652 4587.74
 0.28664 4686.86
 0.28676 4772.61
 0.28688 4845.3
 0.287 4904.98
 0.28712 4951.72
 0.28724 4986.14
 0.28736 5009.41
 0.28748 5022.67
 0.2876 5026.68
 0.28772 5022.14
 0.28784 5009.42
 0.28796 4988.77
 0.28808 4960.48
 0.2882 4924.92
 0.28832 4882.47
 0.28844 4832.52
 0.28856 4774
 0.28868 4706.16
 0.2888 4628.6
 0.28892 4541.2
 0.28904 4444.77
 0.28916 4340.25
 0.28928 4228.3
 0.2894 4109.37
 0.28952 3984.43
 0.28964 3854.96
 0.28976 3722.78
 0.28988 3590.06
 0.29 3458.92
 0.29012 3331.49
 0.29024 3209.67
 0.29036 3095.53
 0.29048 2991.84
 0.2906 2901.18
 0.29072 2825.63
 0.29084 2766.44
 0.29096 2724.11
 0.29108 2698.3
 0.2912 2688.37
 0.29132 2693.37
 0.29144 2712.21
 0.29156 2743.33
 0.29168 2784.97
 0.2918 2835.03
 0.29192 2891.47
 0.29204 2952.19
 0.29216 3014.97
 0.29228 3077.63
 0.2924 3137.64
 0.29252 3192.14
 0.29264 3238.75
 0.29276 3275.77
 0.29288 3302.09
 0.293 3317.26
 0.29312 3321.18
 0.29324 3314.17
 0.29336 3297.07
 0.29348 3270.9
 0.2936 3236.86
 0.29372 3196.28
 0.29384 3150.6
 0.29396 3101.07
 0.29408 3049.07
 0.2942 2996.12
 0.29432 2943.9
 0.29444 2894.52
 0.29456 2850.27
 0.29468 2812.97
 0.2948 2784.17
 0.29492 2765.07
 0.29504 2756.5
 0.29516 2759.19
 0.29528 2773.56
 0.2954 2799.85
 0.29552 2837.79
 0.29564 2886.85
 0.29576 2946.18
 0.29588 3014.81
 0.296 3091.8
 0.29612 3176.2
 0.29624 3266.59
 0.29636 3361.33
 0.29648 3458.37
 0.2966 3555.57
 0.29672 3650.9
 0.29684 3742.13
 0.29696 3827.3
 0.29708 3904.6
 0.2972 3972.12
 0.29732 4027.96
 0.29744 4070.29
 0.29756 4098.08
 0.29768 4110.62
 0.2978 4107.79
 0.29792 4089.86
 0.29804 4057.19
 0.29816 4010.33
 0.29828 3950.67
 0.2984 3879.48
 0.29852 3798.08
 0.29864 3707.92
 0.29876 3610.73
 0.29888 3508.68
 0.299 3404.02
 0.29912 3299.09
 0.29924 3196.44
 0.29936 3098.85
 0.29948 3008.95
 0.2996 2928.89
 0.29972 2860.21
 0.29984 2803.66
 0.29996 2759.53
 0.30008 2728.04
 0.3002 2708.82
 0.30032 2701.11
 0.30044 2704.71
 0.30056 2719.64
 0.30068 2745.82
 0.3008 2782.77
 0.30092 2829.2
 0.30104 2883.27
 0.30116 2942.97
 0.30128 3006.09
 0.3014 3070.07
 0.30152 3132.29
 0.30164 3190.46
 0.30176 3243.08
 0.30188 3289.16
 0.302 3327.93
 0.30212 3358.87
 0.30224 3381.79
 0.30236 3396.46
 0.30248 3402.25
 0.3026 3398.3
 0.30272 3383.55
 0.30284 3357.41
 0.30296 3320.49
 0.30308 3273.89
 0.3032 3218.88
 0.30332 3156.91
 0.30344 3090.03
 0.30356 3020.25
 0.30368 2949.15
 0.3038 2878.1
 0.30392 2808.45
 0.30404 2741.5
 0.30416 2678.1
 0.30428 2619.05
 0.3044 2564.99
 0.30452 2516.68
 0.30464 2475.3
 0.30476 2442.3
 0.30488 2418.68
 0.305 2404.63
 0.30512 2400.01
 0.30524 2404.54
 0.30536 2417.74
 0.30548 2438.79
 0.3056 2467.22
 0.30572 2502.76
 0.30584 2544.83
 0.30596 2592.31
 0.30608 2644.41
 0.3062 2700.93
 0.30632 2761.79
 0.30644 2827.15
 0.30656 2896.95
 0.30668 2970.71
 0.3068 3047.97
 0.30692 3128.2
 0.30704 3211.09
 0.30716 3296.55
 0.30728 3384.39
 0.3074 3474.32
 0.30752 3565.98
 0.30764 3658.76
 0.30776 3752.07
 0.30788 3845.85
 0.308 3940.64
 0.30812 4035.97
 0.30824 4130.77
 0.30836 4223.49
 0.30848 4312.64
 0.3086 4396.96
 0.30872 4474.83
 0.30884 4544.56
 0.30896 4604.98
 0.30908 4654.98
 0.3092 4693.3
 0.30932 4719.1
 0.30944 4731.82
 0.30956 4730.95
 0.30968 4716.06
 0.3098 4686.69
 0.30992 4641.86
 0.31004 4580.73
 0.31016 4503.71
 0.31028 4411.89
 0.3104 4306.91
 0.31052 4190.24
 0.31064 4063.44
 0.31076 3928.96
 0.31088 3789.11
 0.311 3645.86
 0.31112 3501.21
 0.31124 3357.3
 0.31136 3216.02
 0.31148 3078.98
 0.3116 2947.68
 0.31172 2823.65
 0.31184 2708.43
 0.31196 2603.76
 0.31208 2511.01
 0.3122 2430.94
 0.31232 2364.02
 0.31244 2310.5
 0.31256 2270.68
 0.31268 2244.49
 0.3128 2231.31
 0.31292 2230.41
 0.31304 2241.01
 0.31316 2262.33
 0.31328 2293.4
 0.3134 2333.23
 0.31352 2381.21
 0.31364 2436.83
 0.31376 2499.61
 0.31388 2569.05
 0.314 2644.35
 0.31412 2724.48
 0.31424 2807.91
 0.31436 2892.82
 0.31448 2977.53
 0.3146 3060.64
 0.31472 3141.25
 0.31484 3218.85
 0.31496 3293.22
 0.31508 3364.09
 0.3152 3430.98
 0.31532 3493.53
 0.31544 3551.38
 0.31556 3603.85
 0.31568 3650.2
 0.3158 3689.5
 0.31592 3721.07
 0.31604 3744.79
 0.31616 3761.39
 0.31628 3772.47
 0.3164 3779.71
 0.31652 3784.31
 0.31664 3786.95
 0.31676 3787.95
 0.31688 3787.32
 0.317 3785.04
 0.31712 3781.33
 0.31724 3776.86
 0.31736 3772.27
 0.31748 3768.54
 0.3176 3766.78
 0.31772 3768.21
 0.31784 3774.27
 0.31796 3786.01
 0.31808 3803.86
 0.3182 3827.39
 0.31832 3856.05
 0.31844 3889.2
 0.31856 3926.67
 0.31868 3968.6
 0.3188 4015.35
 0.31892 4067.48
 0.31904 4125.41
 0.31916 4189.36
 0.31928 4259.19
 0.3194 4334.42
 0.31952 4413.95
 0.31964 4496.33
 0.31976 4579.87
 0.31988 4662.53
 0.32 4742.56
 0.32012 4818.71
 0.32024 4890.1
 0.32036 4955.99
 0.32048 5016.38
 0.3206 5071.12
 0.32072 5119.77
 0.32084 5161.49
 0.32096 5195.31
 0.32108 5220.41
 0.3212 5235.59
 0.32132 5239.76
 0.32144 5232.42
 0.32156 5213.96
 0.32168 5185.42
 0.3218 5148.62
 0.32192 5105.76
 0.32204 5058.9
 0.32216 5009.93
 0.32228 4960.39
 0.3224 4911.01
 0.32252 4861.74
 0.32264 4812.63
 0.32276 4764.02
 0.32288 4716.59
 0.323 4670.79
 0.32312 4627.27
 0.32324 4587.77
 0.32336 4554
 0.32348 4527.22
 0.3236 4507.94
 0.32372 4495.78
 0.32384 4489.26
 0.32396 4486.79
 0.32408 4486.79
 0.3242 4487.54
 0.32432 4488.07
 0.32444 4488.05
 0.32456 4487.46
 0.32468 4486.14
 0.3248 4484.12
 0.32492 4481.59
 0.32504 4479.13
 0.32516 4476.52
 0.32528 4472.71
 0.3254 4466.69
 0.32552 4457.64
 0.32564 4445.02
 0.32576 4429.25
 0.32588 4411.34
 0.326 4392.2
 0.32612 4372.93
 0.32624 4354.44
 0.32636 4336.87
 0.32648 4320.17
 0.3266 4304.5
 0.32672 4289.88
 0.32684 4275.83
 0.32696 4261.69
 0.32708 4246.75
 0.3272 4231.1
 0.32732 4214.87
 0.32744 4198.19
 0.32756 4181.18
 0.32768 4163.94
 0.3278 4146.09
 0.32792 4127.1
 0.32804 4106.64
 0.32816 4084.28
 0.32828 4060.24
 0.3284 4035.23
 0.32852 4009.65
 0.32864 3983.62
 0.32876 3957.66
 0.32888 3932.32
 0.329 3907.88
 0.32912 3884.3
 0.32924 3861.22
 0.32936 3838.29
 0.32948 3815.29
 0.3296 3791.94
 0.32972 3767.87
 0.32984 3743
 0.32996 3717.1
 0.33008 3689.7
 0.3302 3660.27
 0.33032 3627.8
 0.33044 3591.24
 0.33056 3550.01
 0.33068 3503.6
 0.3308 3451.34
 0.33092 3393.14
 0.33104 3329.55
 0.33116 3261.4
 0.33128 3190.06
 0.3314 3116.89
 0.33152 3043.09
 0.33164 2969.97
 0.33176 2898.85
 0.33188 2830.89
 0.332 2767.6
 0.33212 2710.73
 0.33224 2661.86
 0.33236 2622.61
 0.33248 2594.49
 0.3326 2578.84
 0.33272 2577.04
 0.33284 2590.12
 0.33296 2618.51
 0.33308 2661.98
 0.3332 2719.87
 0.33332 2791.11
 0.33344 2874.5
 0.33356 2968.76
 0.33368 3072.33
 0.3338 3183.44
 0.33392 3300.29
 0.33404 3420.85
 0.33416 3542.92
 0.33428 3664.72
 0.3344 3784.51
 0.33452 3900.32
 0.33464 4010.05
 0.33476 4111.54
 0.33488 4203.03
 0.335 4283.03
 0.33512 4350.57
 0.33524 4404.94
 0.33536 4445.56
 0.33548 4472.39
 0.3356 4485.66
 0.33572 4486.12
 0.33584 4474.97
 0.33596 4453.26
 0.33608 4422.22
 0.3362 4383.04
 0.33632 4336.43
 0.33644 4283.51
 0.33656 4225.91
 0.33668 4165.73
 0.3368 4104.92
 0.33692 4045.35
 0.33704 3989
 0.33716 3937.46
 0.33728 3892.27
 0.3374 3854.73
 0.33752 3825.58
 0.33764 3805.3
 0.33776 3793.84
 0.33788 3790.72
 0.338 3795.64
 0.33812 3808.18
 0.33824 3828.3
 0.33836 3855.99
 0.33848 3890.37
 0.3386 3929.84
 0.33872 3972.33
 0.33884 4016.13
 0.33896 4059.22
 0.33908 4099.44
 0.3392 4135.04
 0.33932 4164.44
 0.33944 4186.54
 0.33956 4200.53
 0.33968 4205.84
 0.3398 4202.42
 0.33992 4190.73
 0.34004 4171.35
 0.34016 4144.93
 0.34028 4112.11
 0.3404 4073.78
 0.34052 4031.74
 0.34064 3988.3
 0.34076 3945.87
 0.34088 3906.74
 0.341 3873.59
 0.34112 3849.09
 0.34124 3835.58
 0.34136 3834.83
 0.34148 3848.22
 0.3416 3876.88
 0.34172 3921.72
 0.34184 3983.11
 0.34196 4060.24
 0.34208 4151.78
 0.3422 4255.9
 0.34232 4370.53
 0.34244 4493.54
 0.34256 4622.61
 0.34268 4755.43
 0.3428 4889.68
 0.34292 5022.92
 0.34304 5152.3
 0.34316 5274.53
 0.34328 5386.42
 0.3434 5485.44
 0.34352 5569.11
 0.34364 5635.23
 0.34376 5681.6
 0.34388 5706.96
 0.344 5711.56
 0.34412 5696.34
 0.34424 5662.82
 0.34436 5612.33
 0.34448 5545.86
 0.3446 5464.15
 0.34472 5367.95
 0.34484 5258
 0.34496 5135.38
 0.34508 5002
 0.3452 4860.66
 0.34532 4714.23
 0.34544 4565.34
 0.34556 4416.69
 0.34568 4270.8
 0.3458 4129.93
 0.34592 3995.45
 0.34604 3867.96
 0.34616 3747.65
 0.34628 3634.67
 0.3464 3529.73
 0.34652 3433.72
 0.34664 3347.47
 0.34676 3271.57
 0.34688 3206.51
 0.347 3152.38
 0.34712 3108.5
 0.34724 3073.52
 0.34736 3045.95
 0.34748 3024.4
 0.3476 3007.51
 0.34772 2994.36
 0.34784 2984.55
 0.34796 2977.64
 0.34808 2973.28
 0.3482 2971.25
 0.34832 2971.08
 0.34844 2971.91
 0.34856 2972.98
 0.34868 2973.97
 0.3488 2975.02
 0.34892 2976.4
 0.34904 2978.62
 0.34916 2982.54
 0.34928 2989.36
 0.3494 3000.09
 0.34952 3015.71
 0.34964 3036.93
 0.34976 3064.12
 0.34988 3097.48
 0.35 3137.77
 0.35012 3185.84
 0.35024 3242.47
 0.35036 3308.62
 0.35048 3385.53
 0.3506 3474.28
 0.35072 3575.32
 0.35084 3688.43
 0.35096 3813.31
 0.35108 3949.22
 0.3512 4095.05
 0.35132 4249.43
 0.35144 4411.15
 0.35156 4578.84
 0.35168 4751.03
 0.3518 4925.8
 0.35192 5101.37
 0.35204 5275.28
 0.35216 5444.71
 0.35228 5606.77
 0.3524 5758.47
 0.35252 5896.65
 0.35264 6018.14
 0.35276 6120.39
 0.35288 6201.38
 0.353 6259.21
 0.35312 6292.76
 0.35324 6301.48
 0.35336 6285.2
 0.35348 6244.07
 0.3536 6178.65
 0.35372 6090.37
 0.35384 5981.09
 0.35396 5852.39
 0.35408 5706.5
 0.3542 5546.21
 0.35432 5374.44
 0.35444 5193.94
 0.35456 5007.71
 0.35468 4819.17
 0.3548 4631.48
 0.35492 4447.45
 0.35504 4269.68
 0.35516 4100.23
 0.35528 3940.71
 0.3554 3792.45
 0.35552 3656.41
 0.35564 3533.12
 0.35576 3422.2
 0.35588 3323.49
 0.356 3237.18
 0.35612 3163.33
 0.35624 3101.67
 0.35636 3051.94
 0.35648 3013.89
 0.3566 2986.67
 0.35672 2968.65
 0.35684 2958.48
 0.35696 2955.01
 0.35708 2957.21
 0.3572 2964.14
 0.35732 2974.94
 0.35744 2988.75
 0.35756 3004.97
 0.35768 3023.45
 0.3578 3044.61
 0.35792 3068.6
 0.35804 3095.04
 0.35816 3123.24
 0.35828 3152.69
 0.3584 3182.95
 0.35852 3213.94
 0.35864 3246.4
 0.35876 3281.51
 0.35888 3320.45
 0.359 3364.69
 0.35912 3415.72
 0.35924 3475.02
 0.35936 3544.02
 0.35948 3623.72
 0.3596 3714.63
 0.35972 3816.34
 0.35984 3928.05
 0.35996 4048.99
 0.36008 4178.89
 0.3602 4317.12
 0.36032 4462.99
 0.36044 4615.83
 0.36056 4774.6
 0.36068 4937.82
 0.3608 5103.41
 0.36092 5268.16
 0.36104 5428.42
 0.36116 5580.72
 0.36128 5721.84
 0.3614 5849.2
 0.36152 5961.11
 0.36164 6056.81
 0.36176 6136.34
 0.36188 6199.61
 0.362 6246.3
 0.36212 6276.37
 0.36224 6290.72
 0.36236 6289.9
 0.36248 6274.2
 0.3626 6244.06
 0.36272 6200.28
 0.36284 6145.06
 0.36296 6081.94
 0.36308 6014.06
 0.3632 5944.05
 0.36332 5873.92
 0.36344 5804.79
 0.36356 5737.07
 0.36368 5670.46
 0.3638 5604.8
 0.36392 5540.8
 0.36404 5479.52
 0.36416 5421.23
 0.36428 5365.49
 0.3644 5312.47
 0.36452 5262.45
 0.36464 5215.56
 0.36476 5171.06
 0.36488 5127.24
 0.365 5082.26
 0.36512 5035.43
 0.36524 4986.57
 0.36536 4936.46
 0.36548 4886.29
 0.3656 4837.59
 0.36572 4792.03
 0.36584 4750.63
 0.36596 4713.41
 0.36608 4679.98
 0.3662 4650.69
 0.36632 4626.14
 0.36644 4606.53
 0.36656 4592.05
 0.36668 4583.31
 0.3668 4581.61
 0.36692 4588.27
 0.36704 4603.65
 0.36716 4627.41
 0.36728 4658.29
 0.3674 4694.25
 0.36752 4733.25
 0.36764 4772.8
 0.36776 4810.54
 0.36788 4844.65
 0.368 4874.47
 0.36812 4899.54
 0.36824 4918.98
 0.36836 4932.14
 0.36848 4938.43
 0.3686 4937.53
 0.36872 4928.72
 0.36884 4910.88
 0.36896 4883.37
 0.36908 4846.31
 0.3692 4800.12
 0.36932 4746.41
 0.36944 4686.93
 0.36956 4623.57
 0.36968 4558.81
 0.3698 4494.9
 0.36992 4432.83
 0.37004 4372.72
 0.37016 4314.71
 0.37028 4259.01
 0.3704 4205.67
 0.37052 4154.68
 0.37064 4105.78
 0.37076 4058.96
 0.37088 4014.65
 0.371 3972.93
 0.37112 3933.78
 0.37124 3897.01
 0.37136 3861.52
 0.37148 3826.39
 0.3716 3790.43
 0.37172 3752.03
 0.37184 3710.35
 0.37196 3665.98
 0.37208 3619.78
 0.3722 3572.31
 0.37232 3524.06
 0.37244 3475.37
 0.37256 3426.6
 0.37268 3378.19
 0.3728 3330.32
 0.37292 3282.65
 0.37304 3234.71
 0.37316 3185.8
 0.37328 3135.6
 0.3734 3084.34
 0.37352 3032.39
 0.37364 2980.17
 0.37376 2928.2
 0.37388 2876.23
 0.374 2823.4
 0.37412 2769.27
 0.37424 2713.74
 0.37436 2657
 0.37448 2599.35
 0.3746 2541.1
 0.37472 2482.59
 0.37484 2424.49
 0.37496 2367.83
 0.37508 2313.99
 0.3752 2264.48
 0.37532 2220.38
 0.37544 2182.38
 0.37556 2150.78
 0.37568 2126.12
 0.3758 2109.09
 0.37592 2100.66
 0.37604 2101.5
 0.37616 2111.53
 0.37628 2130.47
 0.3764 2157.78
 0.37652 2192.88
 0.37664 2235.03
 0.37676 2283.53
 0.37688 2337.58
 0.377 2396.26
 0.37712 2458.23
 0.37724 2521.94
 0.37736 2585.99
 0.37748 2649.33
 0.3776 2711.23
 0.37772 2770.54
 0.37784 2825.76
 0.37796 2875.37
 0.37808 2918.65
 0.3782 2955.47
 0.37832 2985.81
 0.37844 3009.72
 0.37856 3027.59
 0.37868 3039.93
 0.3788 3046.97
 0.37892 3048.65
 0.37904 3045.19
 0.37916 3037.32
 0.37928 3026.1
 0.3794 3012.59
 0.37952 2997.51
 0.37964 2981.31
 0.37976 2964.72
 0.37988 2948.92
 0.38 2935.03
 0.38012 2923.36
 0.38024 2914.04
 0.38036 2907.32
 0.38048 2903.24
 0.3806 2901.49
 0.38072 2901.75
 0.38084 2904.2
 0.38096 2909.1
 0.38108 2916.42
 0.3812 2925.64
 0.38132 2936.02
 0.38144 2946.83
 0.38156 2957.59
 0.38168 2968.37
 0.3818 2979.03
 0.38192 2989.05
 0.38204 2998.06
 0.38216 3006.07
 0.38228 3012.79
 0.3824 3017.81
 0.38252 3020.95
 0.38264 3022.24
 0.38276 3021.69
 0.38288 3019.07
 0.383 3014.24
 0.38312 3007.08
 0.38324 2997.7
 0.38336 2986.26
 0.38348 2972.85
 0.3836 2957.32
 0.38372 2939.28
 0.38384 2918.66
 0.38396 2895.42
 0.38408 2869.35
 0.3842 2840.43
 0.38432 2809.03
 0.38444 2775.29
 0.38456 2739.22
 0.38468 2700.8
 0.3848 2660.03
 0.38492 2617
 0.38504 2572.13
 0.38516 2526
 0.38528 2479.28
 0.3854 2432.86
 0.38552 2387.72
 0.38564 2344.82
 0.38576 2304.66
 0.38588 2267.78
 0.386 2234.98
 0.38612 2207.12
 0.38624 2184.81
 0.38636 2168.77
 0.38648 2160.11
 0.3866 2160.01
 0.38672 2169.39
 0.38684 2188.91
 0.38696 2218.83
 0.38708 2258.69
 0.3872 2307.85
 0.38732 2365.49
 0.38744 2430.46
 0.38756 2501.42
 0.38768 2577.33
 0.3878 2657.3
 0.38792 2739.93
 0.38804 2823.58
 0.38816 2906.59
 0.38828 2987
 0.3884 3062.59
 0.38852 3130.86
 0.38864 3189.46
 0.38876 3236.48
 0.38888 3270.53
 0.389 3290.85
 0.38912 3297.35
 0.38924 3289.9
 0.38936 3268.36
 0.38948 3233.09
 0.3896 3184.7
 0.38972 3123.85
 0.38984 3051.88
 0.38996 2970.67
 0.39008 2882.23
 0.3902 2788.97
 0.39032 2693.77
 0.39044 2599.66
 0.39056 2509.8
 0.39068 2427.16
 0.3908 2354.37
 0.39092 2293.45
 0.39104 2245.84
 0.39116 2212.66
 0.39128 2195.42
 0.3914 2195.52
 0.39152 2214.1
 0.39164 2251.93
 0.39176 2309.4
 0.39188 2386.17
 0.392 2481.25
 0.39212 2593.29
 0.39224 2720.32
 0.39236 2860.01
 0.39248 3009.98
 0.3926 3167.68
 0.39272 3330.49
 0.39284 3496.09
 0.39296 3662.66
 0.39308 3828.65
 0.3932 3992.45
 0.39332 4152.06
 0.39344 4305.46
 0.39356 4450.39
 0.39368 4584.89
 0.3938 4707.12
 0.39392 4815.99
 0.39404 4911.1
 0.39416 4992.63
 0.39428 5061.15
 0.3944 5117.02
 0.39452 5160.45
 0.39464 5191.93
 0.39476 5212.07
 0.39488 5221.26
 0.395 5219.78
 0.39512 5207.95
 0.39524 5186.17
 0.39536 5155.38
 0.39548 5116.91
 0.3956 5072.5
 0.39572 5023.54
 0.39584 4971.53
 0.39596 4917.18
 0.39608 4860.59
 0.3962 4801.58
 0.39632 4740.28
 0.39644 4677.6
 0.39656 4614.64
 0.39668 4552.23
 0.3968 4490.94
 0.39692 4431.54
 0.39704 4374.91
 0.39716 4322
 0.39728 4273.55
 0.3974 4229.54
 0.39752 4189.74
 0.39764 4154.23
 0.39776 4123.39
 0.39788 4097.54
 0.398 4077.67
 0.39812 4065.07
 0.39824 4060.82
 0.39836 4065.19
 0.39848 4078.14
 0.3986 4099.6
 0.39872 4130.01
 0.39884 4169.98
 0.39896 4219.62
 0.39908 4278.55
 0.3992 4346.16
 0.39932 4422.25
 0.39944 4506.86
 0.39956 4599.23
 0.39968 4697.47
 0.3998 4799.78
 0.39992 4904.23
 0.40004 5008.48
 0.40016 5110.2
 0.40028 5207.53
 0.4004 5298.92
 0.40052 5382.45
 0.40064 5456
 0.40076 5516.72
 0.40088 5562.06
 0.401 5590.28
 0.40112 5600.19
 0.40124 5590.67
 0.40136 5560.56
 0.40148 5509.44
 0.4016 5438.38
 0.40172 5349.28
 0.40184 5243.82
 0.40196 5123.98
 0.40208 4992.02
 0.4022 4850.11
 0.40232 4700.2
 0.40244 4544.75
 0.40256 4386.49
 0.40268 4228.53
 0.4028 4074.24
 0.40292 3926.18
 0.40304 3786
 0.40316 3655.26
 0.40328 3535.56
 0.4034 3428.25
 0.40352 3333.82
 0.40364 3251.88
 0.40376 3182.02
 0.40388 3123.98
 0.404 3076.86
 0.40412 3039.42
 0.40424 3010.44
 0.40436 2988.47
 0.40448 2971.52
 0.4046 2957.8
 0.40472 2945.45
 0.40484 2933.17
 0.40496 2920.66
 0.40508 2908.26
 0.4052 2895.93
 0.40532 2883.28
 0.40544 2870.21
 0.40556 2856.86
 0.40568 2843.41
 0.4058 2829.66
 0.40592 2815.53
 0.40604 2801.78
 0.40616 2789.27
 0.40628 2778.82
 0.4064 2771.48
 0.40652 2768.35
 0.40664 2770.21
 0.40676 2777.22
 0.40688 2788.76
 0.407 2803.6
 0.40712 2820.34
 0.40724 2838.31
 0.40736 2856.9
 0.40748 2875.16
 0.4076 2892.16
 0.40772 2907.16
 0.40784 2919.62
 0.40796 2928.81
 0.40808 2933.69
 0.4082 2933.65
 0.40832 2928.13
 0.40844 2916.63
 0.40856 2898.83
 0.40868 2874.9
 0.4088 2845.9
 0.40892 2813.26
 0.40904 2778.55
 0.40916 2743.17
 0.40928 2708.17
 0.4094 2675.04
 0.40952 2645.57
 0.40964 2621.57
 0.40976 2604.81
 0.40988 2596.93
 0.41 2599.05
 0.41012 2611.96
 0.41024 2635.87
 0.41036 2670.89
 0.41048 2716.8
 0.4106 2772.75
 0.41072 2837.22
 0.41084 2908.19
 0.41096 2983.62
 0.41108 3061.45
 0.4112 3139.73
 0.41132 3216.38
 0.41144 3288.95
 0.41156 3354.72
 0.41168 3410.94
 0.4118 3454.89
 0.41192 3484.54
 0.41204 3498.76
 0.41216 3496.86
 0.41228 3478.58
 0.4124 3443.86
 0.41252 3393.47
 0.41264 3328.92
 0.41276 3252.22
 0.41288 3165.54
 0.413 3071.08
 0.41312 2971.11
 0.41324 2867.9
 0.41336 2763.87
 0.41348 2661.63
 0.4136 2564.16
 0.41372 2474.41
 0.41384 2395.18
 0.41396 2328.58
 0.41408 2276.26
 0.4142 2239.62
 0.41432 2219.9
 0.41444 2217.85
 0.41456 2233.64
 0.41468 2267.11
 0.4148 2317.57
 0.41492 2384.22
 0.41504 2466.04
 0.41516 2561.83
 0.41528 2670.41
 0.4154 2790.75
 0.41552 2921.63
 0.41564 3061.32
 0.41576 3207.78
 0.41588 3358.61
 0.416 3511.48
 0.41612 3664.1
 0.41624 3814.06
 0.41636 3958.97
 0.41648 4097.05
 0.4166 4226.44
 0.41672 4345.51
 0.41684 4453.08
 0.41696 4548.1
 0.41708 4630.06
 0.4172 4698.51
 0.41732 4752.86
 0.41744 4791.76
 0.41756 4814.16
 0.41768 4819.77
 0.4178 4809.26
 0.41792 4784.07
 0.41804 4745.82
 0.41816 4696.31
 0.41828 4637.86
 0.4184 4572.49
 0.41852 4501.74
 0.41864 4427.24
 0.41876 4350.51
 0.41888 4272.94
 0.419 4195.6
 0.41912 4119.32
 0.41924 4045.01
 0.41936 3974.05
 0.41948 3908.89
 0.4196 3851.7
 0.41972 3803.65
 0.41984 3764.96
 0.41996 3735.33
 0.42008 3714.22
 0.4202 3700.76
 0.42032 3693.78
 0.42044 3692.58
 0.42056 3696.94
 0.42068 3706.55
 0.4208 3721.16
 0.42092 3740.54
 0.42104 3764.43
 0.42116 3792.15
 0.42128 3822.87
 0.4214 3855.16
 0.42152 3886.86
 0.42164 3916.19
 0.42176 3942.58
 0.42188 3966.05
 0.422 3987.02
 0.42212 4006.02
 0.42224 4023.47
 0.42236 4039.47
 0.42248 4053.77
 0.4226 4066.02
 0.42272 4075.94
 0.42284 4083.08
 0.42296 4087.19
 0.42308 4088.84
 0.4232 4089.24
 0.42332 4089.76
 0.42344 4092.24
 0.42356 4098.58
 0.42368 4109.78
 0.4238 4125.48
 0.42392 4144.78
 0.42404 4166.51
 0.42416 4189.76
 0.42428 4214.38
 0.4244 4240.62
 0.42452 4268.83
 0.42464 4299.1
 0.42476 4331.55
 0.42488 4366.4
 0.425 4403.24
 0.42512 4440.71
 0.42524 4476.98
 0.42536 4510
 0.42548 4537.15
 0.4256 4556.12
 0.42572 4565.8
 0.42584 4566.21
 0.42596 4557.67
 0.42608 4540.68
 0.4262 4515.42
 0.42632 4481.6
 0.42644 4438.77
 0.42656 4386.56
 0.42668 4324.95
 0.4268 4253.7
 0.42692 4172.77
 0.42704 4082.81
 0.42716 3984.85
 0.42728 3880.22
 0.4274 3770.6
 0.42752 3658.54
 0.42764 3546.16
 0.42776 3434.74
 0.42788 3325.13
 0.428 3218.16
 0.42812 3114.59
 0.42824 3015.1
 0.42836 2920.27
 0.42848 2830.66
 0.4286 2746.73
 0.42872 2668.77
 0.42884 2597.44
 0.42896 2533.21
 0.42908 2476.31
 0.4292 2427.1
 0.42932 2385.79
 0.42944 2352.2
 0.42956 2325.64
 0.42968 2305.9
 0.4298 2292.92
 0.42992 2286.64
 0.43004 2286.53
 0.43016 2291.95
 0.43028 2302.64
 0.4304 2318.54
 0.43052 2339.4
 0.43064 2365.32
 0.43076 2396.11
 0.43088 2431.17
 0.431 2469.76
 0.43112 2511.07
 0.43124 2554.13
 0.43136 2598.06
 0.43148 2642.19
 0.4316 2685.8
 0.43172 2727.93
 0.43184 2767.58
 0.43196 2804.16
 0.43208 2837.76
 0.4322 2868.68
 0.43232 2897.09
 0.43244 2923.28
 0.43256 2947.75
 0.43268 2970.28
 0.4328 2990.93
 0.43292 3010.06
 0.43304 3028.16
 0.43316 3045.83
 0.43328 3063.55
 0.4334 3081.62
 0.43352 3100.36
 0.43364 3120.25
 0.43376 3141.9
 0.43388 3166.09
 0.434 3193.21
 0.43412 3223.18
 0.43424 3255.44
 0.43436 3289.09
 0.43448 3322.84
 0.4346 3355.79
 0.43472 3387.97
 0.43484 3419.6
 0.43496 3450.83
 0.43508 3481.58
 0.4352 3511.69
 0.43532 3541.3
 0.43544 3570.57
 0.43556 3599.72
 0.43568 3628.72
 0.4358 3657.3
 0.43592 3685.06
 0.43604 3711.67
 0.43616 3737.12
 0.43628 3762.06
 0.4364 3787.38
 0.43652 3814.21
 0.43664 3843.08
 0.43676 3873.72
 0.43688 3905.61
 0.437 3938.38
 0.43712 3972.03
 0.43724 4006.59
 0.43736 4041.97
 0.43748 4077.98
 0.4376 4114.09
 0.43772 4150.18
 0.43784 4186.25
 0.43796 4222.47
 0.43808 4259.15
 0.4382 4296.23
 0.43832 4333.4
 0.43844 4370.23
 0.43856 4406.21
 0.43868 4440.91
 0.4388 4474.32
 0.43892 4506.17
 0.43904 4536.05
 0.43916 4563.44
 0.43928 4587.84
 0.4394 4608.71
 0.43952 4626.14
 0.43964 4640.35
 0.43976 4651.32
 0.43988 4658.85
 0.44 4662.42
 0.44012 4661.37
 0.44024 4655.4
 0.44036 4644.39
 0.44048 4628.43
 0.4406 4607.94
 0.44072 4583.52
 0.44084 4555.8
 0.44096 4526.06
 0.44108 4495.23
 0.4412 4464.09
 0.44132 4433.48
 0.44144 4404.09
 0.44156 4376.19
 0.44168 4350.09
 0.4418 4326.11
 0.44192 4304.64
 0.44204 4286.4
 0.44216 4272.08
 0.44228 4262.08
 0.4424 4256.43
 0.44252 4254.76
 0.44264 4256.43
 0.44276 4260.85
 0.44288 4266.94
 0.443 4273.3
 0.44312 4279.02
 0.44324 4283.3
 0.44336 4284.88
 0.44348 4282.69
 0.4436 4275.93
 0.44372 4264.03
 0.44384 4246.7
 0.44396 4223.9
 0.44408 4195.44
 0.4442 4161.24
 0.44432 4121.37
 0.44444 4076.4
 0.44456 4027.17
 0.44468 3974.26
 0.4448 3918.05
 0.44492 3859.27
 0.44504 3798.8
 0.44516 3737.33
 0.44528 3675.76
 0.4454 3615.64
 0.44552 3558.18
 0.44564 3504
 0.44576 3453.27
 0.44588 3405.66
 0.446 3360.74
 0.44612 3318.17
 0.44624 3277.67
 0.44636 3239
 0.44648 3201.53
 0.4466 3164.78
 0.44672 3128.82
 0.44684 3094.02
 0.44696 3060.71
 0.44708 3029.14
 0.4472 2999.62
 0.44732 2972.13
 0.44744 2946.4
 0.44756 2922.45
 0.44768 2901.06
 0.4478 2883.34
 0.44792 2870.61
 0.44804 2863.98
 0.44816 2864.25
 0.44828 2871.75
 0.4484 2886.36
 0.44852 2908.1
 0.44864 2936.77
 0.44876 2971.86
 0.44888 3012.69
 0.449 3058.41
 0.44912 3107.96
 0.44924 3160.18
 0.44936 3214.09
 0.44948 3269.03
 0.4496 3324.3
 0.44972 3378.52
 0.44984 3430.4
 0.44996 3478.57
 0.45008 3521.94
 0.4502 3560.04
 0.45032 3593.2
 0.45044 3622.34
 0.45056 3648.27
 0.45068 3671.65
 0.4508 3693.08
 0.45092 3713.02
 0.45104 3731.99
 0.45116 3750.87
 0.45128 3770.61
 0.4514 3791.51
 0.45152 3813.2
 0.45164 3835.59
 0.45176 3858.98
 0.45188 3883.6
 0.452 3909.88
 0.45212 3937.93
 0.45224 3967.19
 0.45236 3996.51
 0.45248 4024.44
 0.4526 4049.64
 0.45272 4071.18
 0.45284 4088.55
 0.45296 4101.5
 0.45308 4109.9
 0.4532 4113.41
 0.45332 4111.94
 0.45344 4106.35
 0.45356 4097.5
 0.45368 4085.75
 0.4538 4071.3
 0.45392 4054.25
 0.45404 4034.7
 0.45416 4013.35
 0.45428 3991.26
 0.4544 3969.74
 0.45452 3950.36
 0.45464 3934.37
 0.45476 3922.43
 0.45488 3914.5
 0.455 3910.5
 0.45512 3910.09
 0.45524 3913.02
 0.45536 3918.82
 0.45548 3926.96
 0.4556 3937.59
 0.45572 3951.07
 0.45584 3967.77
 0.45596 3987.97
 0.45608 4011.29
 0.4562 4036.81
 0.45632 4063.52
 0.45644 4090.21
 0.45656 4115.9
 0.45668 4140.3
 0.4568 4163.97
 0.45692 4188.03
 0.45704 4213.84
 0.45716 4242.72
 0.45728 4275.82
 0.4574 4314.21
 0.45752 4358.12
 0.45764 4407.24
 0.45776 4461.48
 0.45788 4520.68
 0.458 4584.98
 0.45812 4655.26
 0.45824 4732.42
 0.45836 4817.29
 0.45848 4910.44
 0.4586 5011.26
 0.45872 5118.22
 0.45884 5229.15
 0.45896 5341.32
 0.45908 5451.74
 0.4592 5557.83
 0.45932 5656.84
 0.45944 5746.3
 0.45956 5824.59
 0.45968 5890.22
 0.4598 5941.64
 0.45992 5977.62
 0.46004 5996.67
 0.46016 5997.3
 0.46028 5978.29
 0.4604 5938.46
 0.46052 5877.43
 0.46064 5796.19
 0.46076 5696.4
 0.46088 5579.9
 0.461 5448.97
 0.46112 5305.67
 0.46124 5151.86
 0.46136 4989.91
 0.46148 4821.88
 0.4616 4649.53
 0.46172 4474.46
 0.46184 4297.98
 0.46196 4121.15
 0.46208 3945.01
 0.4622 3770.37
 0.46232 3598.24
 0.46244 3429.57
 0.46256 3264.98
 0.46268 3104.54
 0.4628 2948.22
 0.46292 2796.19
 0.46304 2648.56
 0.46316 2506.14
 0.46328 2369.67
 0.4634 2239.61
 0.46352 2116.45
 0.46364 2000.56
 0.46376 1892.68
 0.46388 1793.84
 0.464 1705.22
 0.46412 1628.01
 0.46424 1563.2
 0.46436 1511.48
 0.46448 1473.34
 0.4646 1448.89
 0.46472 1438.17
 0.46484 1440.88
 0.46496 1456.4
 0.46508 1483.85
 0.4652 1521.64
 0.46532 1568.23
 0.46544 1622.1
 0.46556 1682.04
 0.46568 1746.95
 0.4658 1815.28
 0.46592 1885.42
 0.46604 1955.37
 0.46616 2023.16
 0.46628 2087.1
 0.4664 2145.6
 0.46652 2197.48
 0.46664 2242.05
 0.46676 2278.72
 0.46688 2307.38
 0.467 2327.95
 0.46712 2340.74
 0.46724 2346.37
 0.46736 2345.51
 0.46748 2338.76
 0.4676 2326.36
 0.46772 2308.81
 0.46784 2286.78
 0.46796 2261.09
 0.46808 2233.19
 0.4682 2204.6
 0.46832 2176.83
 0.46844 2151.33
 0.46856 2129.11
 0.46868 2111
 0.4688 2097.75
 0.46892 2089.93
 0.46904 2088.14
 0.46916 2092.67
 0.46928 2103.8
 0.4694 2122.03
 0.46952 2148.18
 0.46964 2183.27
 0.46976 2227.81
 0.46988 2282.24
 0.47 2346.5
 0.47012 2420.07
 0.47024 2502.15
 0.47036 2591.77
 0.47048 2687.99
 0.4706 2790
 0.47072 2896.76
 0.47084 3007.25
 0.47096 3120.46
 0.47108 3235.63
 0.4712 3352.12
 0.47132 3469.02
 0.47144 3584.32
 0.47156 3695.36
 0.47168 3799.63
 0.4718 3894.89
 0.47192 3979.41
 0.47204 4052
 0.47216 4111.66
 0.47228 4157.81
 0.4724 4190.05
 0.47252 4208.14
 0.47264 4212.18
 0.47276 4202.6
 0.47288 4179.93
 0.473 4144.6
 0.47312 4096.8
 0.47324 4036.47
 0.47336 3964.27
 0.47348 3882.26
 0.4736 3792.9
 0.47372 3698.5
 0.47384 3601.18
 0.47396 3502.49
 0.47408 3403.89
 0.4742 3306.8
 0.47432 3212.44
 0.47444 3121.93
 0.47456 3036.14
 0.47468 2955.64
 0.4748 2880.65
 0.47492 2811.2
 0.47504 2747.44
 0.47516 2689.78
 0.47528 2639.18
 0.4754 2596.04
 0.47552 2560.21
 0.47564 2531.56
 0.47576 2509.97
 0.47588 2495.5
 0.476 2488.04
 0.47612 2487.23
 0.47624 2492.66
 0.47636 2504.01
 0.47648 2521.01
 0.4766 2543.59
 0.47672 2571.98
 0.47684 2606.9
 0.47696 2649.26
 0.47708 2699.71
 0.4772 2758.4
 0.47732 2825.09
 0.47744 2899.49
 0.47756 2981.21
 0.47768 3070.06
 0.4778 3165.87
 0.47792 3268.59
 0.47804 3378.63
 0.47816 3496.42
 0.47828 3621.67
 0.4784 3753.83
 0.47852 3892.21
 0.47864 4035.44
 0.47876 4181.63
 0.47888 4328.26
 0.479 4472.68
 0.47912 4612.54
 0.47924 4745.65
 0.47936 4869.81
 0.47948 4983.2
 0.4796 5083.83
 0.47972 5169.09
 0.47984 5236.39
 0.47996 5283.12
 0.48008 5306.61
 0.4802 5305.22
 0.48032 5278.58
 0.48044 5226.58
 0.48056 5149.64
 0.48068 5049.25
 0.4808 4927.57
 0.48092 4787.35
 0.48104 4631.63
 0.48116 4463.64
 0.48128 4286.87
 0.4814 4104.92
 0.48152 3920.8
 0.48164 3738.06
 0.48176 3560.92
 0.48188 3393.28
 0.482 3238.83
 0.48212 3100.81
 0.48224 2981.26
 0.48236 2881.48
 0.48248 2802.52
 0.4826 2744.88
 0.48272 2708.33
 0.48284 2692.06
 0.48296 2694.73
 0.48308 2714.52
 0.4832 2749.2
 0.48332 2796.14
 0.48344 2853.04
 0.48356 2918.13
 0.48368 2989.11
 0.4838 3063.39
 0.48392 3138.82
 0.48404 3213.33
 0.48416 3285.38
 0.48428 3353.89
 0.4844 3418.08
 0.48452 3477.26
 0.48464 3530.64
 0.48476 3577.46
 0.48488 3617.42
 0.485 3650.64
 0.48512 3677.4
 0.48524 3698.41
 0.48536 3714.61
 0.48548 3726.59
 0.4856 3734.77
 0.48572 3739.85
 0.48584 3742.5
 0.48596 3743.19
 0.48608 3742.34
 0.4862 3739.93
 0.48632 3735.73
 0.48644 3729.53
 0.48656 3721.24
 0.48668 3711.56
 0.4868 3701.47
 0.48692 3691.66
 0.48704 3682.66
 0.48716 3675.05
 0.48728 3669.18
 0.4874 3665.21
 0.48752 3663.24
 0.48764 3663.17
 0.48776 3664.82
 0.48788 3668.2
 0.488 3673.34
 0.48812 3680.55
 0.48824 3690.46
 0.48836 3703.61
 0.48848 3720.37
 0.4886 3740.84
 0.48872 3764.5
 0.48884 3790.54
 0.48896 3818.34
 0.48908 3847.38
 0.4892 3877.07
 0.48932 3906.69
 0.48944 3935.57
 0.48956 3963.38
 0.48968 3990.03
 0.4898 4015.38
 0.48992 4038.85
 0.49004 4059.94
 0.49016 4077.95
 0.49028 4092.15
 0.4904 4102.28
 0.49052 4107.98
 0.49064 4109.09
 0.49076 4105.5
 0.49088 4097.24
 0.491 4084.16
 0.49112 4065.84
 0.49124 4042.02
 0.49136 4012.92
 0.49148 3978.9
 0.4916 3940.05
 0.49172 3896.27
 0.49184 3847.76
 0.49196 3794.96
 0.49208 3738.06
 0.4922 3677.28
 0.49232 3612.66
 0.49244 3544.38
 0.49256 3472.78
 0.49268 3398.26
 0.4928 3321.57
 0.49292 3243.53
 0.49304 3165.19
 0.49316 3087.94
 0.49328 3012.8
 0.4934 2940.37
 0.49352 2871.18
 0.49364 2806.08
 0.49376 2746.03
 0.49388 2691.9
 0.494 2644.75
 0.49412 2605.9
 0.49424 2576.73
 0.49436 2558.33
 0.49448 2551.13
 0.4946 2555.31
 0.49472 2570.81
 0.49484 2597.04
 0.49496 2633.23
 0.49508 2678.4
 0.4952 2731.52
 0.49532 2791.87
 0.49544 2858.73
 0.49556 2931.09
 0.49568 3007.82
 0.4958 3087.78
 0.49592 3169.68
 0.49604 3251.78
 0.49616 3332.19
 0.49628 3408.87
 0.4964 3480.53
 0.49652 3546.6
 0.49664 3606.68
 0.49676 3660.55
 0.49688 3708.34
 0.497 3750.27
 0.49712 3786.71
 0.49724 3817.85
 0.49736 3843.92
 0.49748 3865.42
 0.4976 3882.95
 0.49772 3896.72
 0.49784 3906.74
 0.49796 3913.38
 0.49808 3917.42
 0.4982 3919.96
 0.49832 3921.83
 0.49844 3923.02
 0.49856 3923.19
 0.49868 3922.16
 0.4988 3919.91
 0.49892 3916.34
 0.49904 3911.29
 0.49916 3904.19
 0.49928 3894.73
 0.4994 3882.49
 0.49952 3867
 0.49964 3847.95
 0.49976 3825.67
 0.49988 3800.42
 0.5 3771.76
 0.50012 3738.83
 0.50024 3700.8
 0.50036 3657.78
 0.50048 3610.3
 0.5006 3558.85
 0.50072 3503.68
 0.50084 3444.78
 0.50096 3382.19
 0.50108 3316.25
 0.5012 3247.77
 0.50132 3176.97
 0.50144 3104.16
 0.50156 3029.7
 0.50168 2953.95
 0.5018 2877.12
 0.50192 2799.97
 0.50204 2724.14
 0.50216 2651.45
 0.50228 2583.18
 0.5024 2519.73
 0.50252 2461.35
 0.50264 2408.42
 0.50276 2361.43
 0.50288 2320.9
 0.503 2287.27
 0.50312 2260.5
 0.50324 2240.95
 0.50336 2229.52
 0.50348 2226.72
 0.5036 2232.68
 0.50372 2247.48
 0.50384 2270.92
 0.50396 2302.25
 0.50408 2340.18
 0.5042 2383.45
 0.50432 2431.26
 0.50444 2483.32
 0.50456 2539.23
 0.50468 2598.45
 0.5048 2660.45
 0.50492 2724.67
 0.50504 2790.66
 0.50516 2857.77
 0.50528 2924.59
 0.5054 2989.56
 0.50552 3051.68
 0.50564 3110.3
 0.50576 3164.71
 0.50588 3214.41
 0.506 3259.18
 0.50612 3298.94
 0.50624 3333.78
 0.50636 3363.77
 0.50648 3388.83
 0.5066 3409.11
 0.50672 3425.04
 0.50684 3437.24
 0.50696 3446.43
 0.50708 3453.63
 0.5072 3460.37
 0.50732 3468.61
 0.50744 3480.33
 0.50756 3497.15
 0.50768 3520.11
 0.5078 3550.27
 0.50792 3588.52
 0.50804 3635.66
 0.50816 3692.19
 0.50828 3758.02
 0.5084 3832.87
 0.50852 3916.47
 0.50864 4008.24
 0.50876 4106.68
 0.50888 4209.77
 0.509 4315.28
 0.50912 4420.63
 0.50924 4522.99
 0.50936 4619.43
 0.50948 4706.94
 0.5096 4783.12
 0.50972 4846.43
 0.50984 4895.56
 0.50996 4929.35
 0.51008 4946.62
 0.5102 4946.82
 0.51032 4929.92
 0.51044 4896.04
 0.51056 4845.21
 0.51068 4778.11
 0.5108 4696.8
 0.51092 4603.76
 0.51104 4501.61
 0.51116 4393.18
 0.51128 4281.2
 0.5114 4168.37
 0.51152 4057.4
 0.51164 3949.95
 0.51176 3846.99
 0.51188 3749.06
 0.512 3656.63
 0.51212 3570.3
 0.51224 3490.32
 0.51236 3416.77
 0.51248 3349.84
 0.5126 3289.92
 0.51272 3236.69
 0.51284 3189.08
 0.51296 3145.97
 0.51308 3106.15
 0.5132 3068.46
 0.51332 3032.09
 0.51344 2996.26
 0.51356 2960.25
 0.51368 2924.35
 0.5138 2889.36
 0.51392 2856.49
 0.51404 2827.13
 0.51416 2802.2
 0.51428 2782.49
 0.5144 2768.75
 0.51452 2761.27
 0.51464 2760.23
 0.51476 2766.05
 0.51488 2779.17
 0.515 2799.69
 0.51512 2827.6
 0.51524 2862.52
 0.51536 2903.54
 0.51548 2949.84
 0.5156 3000.58
 0.51572 3054.36
 0.51584 3109.49
 0.51596 3163.79
 0.51608 3214.96
 0.5162 3261.51
 0.51632 3301.87
 0.51644 3334.69
 0.51656 3359.1
 0.51668 3374.32
 0.5168 3379.59
 0.51692 3374.46
 0.51704 3359.1
 0.51716 3333.8
 0.51728 3299.15
 0.5174 3256.11
 0.51752 3205.55
 0.51764 3148.33
 0.51776 3085.48
 0.51788 3018.49
 0.518 2949.49
 0.51812 2880.55
 0.51824 2813.46
 0.51836 2750.44
 0.51848 2693.34
 0.5186 2643.54
 0.51872 2602.26
 0.51884 2570.66
 0.51896 2549.49
 0.51908 2539.07
 0.5192 2540.06
 0.51932 2553.16
 0.51944 2578.93
 0.51956 2617.82
 0.51968 2670.34
 0.5198 2736.4
 0.51992 2814.73
 0.52004 2903.36
 0.52016 3000.14
 0.52028 3102.6
 0.5204 3207.94
 0.52052 3313.79
 0.52064 3418.06
 0.52076 3518.8
 0.52088 3614.11
 0.521 3702.57
 0.52112 3782.95
 0.52124 3853.83
 0.52136 3913.53
 0.52148 3960.78
 0.5216 3994.38
 0.52172 4013.09
 0.52184 4017.06
 0.52196 4007.88
 0.52208 3987.47
 0.5222 3958.05
 0.52232 3922.08
 0.52244 3882.07
 0.52256 3840.5
 0.52268 3799.98
 0.5228 3763.12
 0.52292 3732.37
 0.52304 3709.42
 0.52316 3695.22
 0.52328 3690.47
 0.5234 3695.69
 0.52352 3710.54
 0.52364 3734.97
 0.52376 3768.82
 0.52388 3810.73
 0.524 3858.67
 0.52412 3910.77
 0.52424 3965.22
 0.52436 4020.47
 0.52448 4075.08
 0.5246 4127.04
 0.52472 4174.09
 0.52484 4214.08
 0.52496 4245.19
 0.52508 4266.78
 0.5252 4279.25
 0.52532 4283.39
 0.52544 4280.84
 0.52556 4273.66
 0.52568 4263.45
 0.5258 4251.66
 0.52592 4240.11
 0.52604 4230.62
 0.52616 4224.69
 0.52628 4223.14
 0.5264 4226.1
 0.52652 4233.45
 0.52664 4245.66
 0.52676 4263.27
 0.52688 4286.59
 0.527 4315.3
 0.52712 4348.16
 0.52724 4383.37
 0.52736 4418.9
 0.52748 4452.31
 0.5276 4481.66
 0.52772 4505.46
 0.52784 4522.75
 0.52796 4532.6
 0.52808 4534
 0.5282 4526.39
 0.52832 4509.94
 0.52844 4485.78
 0.52856 4455.23
 0.52868 4419.13
 0.5288 4378.26
 0.52892 4333.82
 0.52904 4287.73
 0.52916 4242.29
 0.52928 4199.96
 0.5294 4162.93
 0.52952 4132.85
 0.52964 4110.83
 0.52976 4097.5
 0.52988 4092.88
 0.53 4097.14
 0.53012 4110.58
 0.53024 4133.38
 0.53036 4165.37
 0.53048 4205.9
 0.5306 4254.19
 0.53072 4310.07
 0.53084 4373.16
 0.53096 4442.44
 0.53108 4516.11
 0.5312 4592.13
 0.53132 4668.19
 0.53144 4742.69
 0.53156 4814.31
 0.53168 4882.02
 0.5318 4945.19
 0.53192 5003.61
 0.53204 5056.69
 0.53216 5103.57
 0.53228 5142.99
 0.5324 5173.49
 0.53252 5193.58
 0.53264 5201.91
 0.53276 5197.04
 0.53288 5177.87
 0.533 5144.01
 0.53312 5095.71
 0.53324 5033.47
 0.53336 4958.08
 0.53348 4869.93
 0.5336 4769.64
 0.53372 4657.86
 0.53384 4534.97
 0.53396 4401.19
 0.53408 4257.33
 0.5342 4104.69
 0.53432 3945.13
 0.53444 3781.02
 0.53456 3614.82
 0.53468 3448.89
 0.5348 3285.23
 0.53492 3125.83
 0.53504 2972.3
 0.53516 2826.12
 0.53528 2688.78
 0.5354 2561.72
 0.53552 2446.37
 0.53564 2343.78
 0.53576 2254.5
 0.53588 2179.38
 0.536 2119.27
 0.53612 2074.44
 0.53624 2044.73
 0.53636 2029.51
 0.53648 2027.63
 0.5366 2037.86
 0.53672 2059.17
 0.53684 2090.67
 0.53696 2131.34
 0.53708 2179.95
 0.5372 2235.05
 0.53732 2294.92
 0.53744 2357.72
 0.53756 2421.74
 0.53768 2485.81
 0.5378 2549.21
 0.53792 2610.85
 0.53804 2669.51
 0.53816 2724.42
 0.53828 2775.05
 0.5384 2821.38
 0.53852 2863.71
 0.53864 2902.07
 0.53876 2936.22
 0.53888 2965.83
 0.539 2990.77
 0.53912 3011.3
 0.53924 3027.84
 0.53936 3040.95
 0.53948 3051.27
 0.5396 3059.22
 0.53972 3064.71
 0.53984 3067.83
 0.53996 3069.21
 0.54008 3069.85
 0.5402 3070.41
 0.54032 3071.29
 0.54044 3072.4
 0.54056 3073.63
 0.54068 3075.56
 0.5408 3078.81
 0.54092 3084.15
 0.54104 3092.28
 0.54116 3103.86
 0.54128 3119.8
 0.5414 3141.09
 0.54152 3168.77
 0.54164 3204.11
 0.54176 3248.36
 0.54188 3302.17
 0.542 3364.98
 0.54212 3435.69
 0.54224 3513.46
 0.54236 3597.8
 0.54248 3688.69
 0.5426 3785.93
 0.54272 3888.85
 0.54284 3997.03
 0.54296 4109.65
 0.54308 4225.58
 0.5432 4343.09
 0.54332 4459.99
 0.54344 4573.9
 0.54356 4682.43
 0.54368 4783.23
 0.5438 4874.14
 0.54392 4954.05
 0.54404 5023.45
 0.54416 5083.17
 0.54428 5133.91
 0.5444 5175.55
 0.54452 5207.46
 0.54464 5229.14
 0.54476 5240.14
 0.54488 5239.81
 0.545 5227.92
 0.54512 5204.84
 0.54524 5171.89
 0.54536 5130.78
 0.54548 5083.33
 0.5456 5031.44
 0.54572 4977.04
 0.54584 4921.84
 0.54596 4866.6
 0.54608 4810.98
 0.5462 4754.71
 0.54632 4697.98
 0.54644 4642.06
 0.54656 4588.57
 0.54668 4539.1
 0.5468 4495.54
 0.54692 4459.97
 0.54704 4434.17
 0.54716 4419.54
 0.54728 4416.36
 0.5474 4424.65
 0.54752 4444.27
 0.54764 4474.43
 0.54776 4514.18
 0.54788 4562.67
 0.548 4619.51
 0.54812 4684.76
 0.54824 4757.84
 0.54836 4837.48
 0.54848 4921.85
 0.5486 5009.06
 0.54872 5096.73
 0.54884 5181.91
 0.54896 5261.88
 0.54908 5333.92
 0.5492 5395.39
 0.54932 5444.77
 0.54944 5480.69
 0.54956 5502.3
 0.54968 5509.6
 0.5498 5502.8
 0.54992 5482.1
 0.55004 5447.54
 0.55016 5399.18
 0.55028 5337.91
 0.5504 5265.07
 0.55052 5181.97
 0.55064 5090.19
 0.55076 4992.33
 0.55088 4891.22
 0.551 4788.85
 0.55112 4687.69
 0.55124 4590.12
 0.55136 4497.68
 0.55148 4411.79
 0.5516 4333.45
 0.55172 4263.16
 0.55184 4201.23
 0.55196 4147.9
 0.55208 4103.27
 0.5522 4067.56
 0.55232 4040.53
 0.55244 4021.71
 0.55256 4010.55
 0.55268 4005.88
 0.5528 4005.86
 0.55292 4009.16
 0.55304 4015.13
 0.55316 4022.84
 0.55328 4031.4
 0.5534 4040.4
 0.55352 4049.33
 0.55364 4057.6
 0.55376 4064.95
 0.55388 4071.14
 0.554 4076.23
 0.55412 4080.17
 0.55424 4082.46
 0.55436 4082.74
 0.55448 4080.89
 0.5546 4077.08
 0.55472 4071.93
 0.55484 4065.97
 0.55496 4059.01
 0.55508 4050.58
 0.5552 4040.37
 0.55532 4028.31
 0.55544 4014.26
 0.55556 3998.43
 0.55568 3980.92
 0.5558 3961.65
 0.55592 3940.41
 0.55604 3916.73
 0.55616 3890.7
 0.55628 3862.65
 0.5564 3832.66
 0.55652 3800.83
 0.55664 3767.04
 0.55676 3731.03
 0.55688 3693.03
 0.557 3653.73
 0.55712 3613.73
 0.55724 3572.96
 0.55736 3531.06
 0.55748 3487.47
 0.5576 3441.68
 0.55772 3393.66
 0.55784 3343.59
 0.55796 3292.12
 0.55808 3239.8
 0.5582 3186.74
 0.55832 3133.3
 0.55844 3080.12
 0.55856 3027.51
 0.55868 2975.97
 0.5588 2925.92
 0.55892 2877.15
 0.55904 2829.13
 0.55916 2781.77
 0.55928 2735.82
 0.5594 2692.2
 0.55952 2651.92
 0.55964 2615.67
 0.55976 2583.5
 0.55988 2555.08
 0.56 2529.62
 0.56012 2506.73
 0.56024 2486.18
 0.56036 2467.33
 0.56048 2449.58
 0.5606 2432.71
 0.56072 2416.35
 0.56084 2400.56
 0.56096 2385.96
 0.56108 2373.54
 0.5612 2363.66
 0.56132 2356.16
 0.56144 2350.71
 0.56156 2346.86
 0.56168 2344.5
 0.5618 2343.99
 0.56192 2346.17
 0.56204 2351.83
 0.56216 2361.14
 0.56228 2374.25
 0.5624 2391.48
 0.56252 2412.79
 0.56264 2437.92
 0.56276 2466.6
 0.56288 2498.09
 0.563 2531.27
 0.56312 2564.95
 0.56324 2598.51
 0.56336 2631.46
 0.56348 2663.5
 0.5636 2694.48
 0.56372 2723.96
 0.56384 2751.31
 0.56396 2775.7
 0.56408 2796.81
 0.5642 2814.94
 0.56432 2830.23
 0.56444 2842.76
 0.56456 2852.82
 0.56468 2860.88
 0.5648 2867.41
 0.56492 2872.91
 0.56504 2878.03
 0.56516 2883.22
 0.56528 2888.69
 0.5654 2894.92
 0.56552 2902.37
 0.56564 2911.49
 0.56576 2922.82
 0.56588 2936.99
 0.566 2954.67
 0.56612 2975.9
 0.56624 3000.66
 0.56636 3029.16
 0.56648 3061.92
 0.5666 3099.17
 0.56672 3140.76
 0.56684 3186.81
 0.56696 3237.7
 0.56708 3293.42
 0.5672 3354.05
 0.56732 3419.39
 0.56744 3488.87
 0.56756 3561.76
 0.56768 3637.29
 0.5678 3714.68
 0.56792 3792.79
 0.56804 3870.23
 0.56816 3945.83
 0.56828 4018.22
 0.5684 4085.78
 0.56852 4146.89
 0.56864 4200.54
 0.56876 4246.13
 0.56888 4282.69
 0.569 4309.27
 0.56912 4325.47
 0.56924 4331.08
 0.56936 4326.21
 0.56948 4310.99
 0.5696 4285.63
 0.56972 4250.22
 0.56984 4205.06
 0.56996 4151.13
 0.57008 4089.83
 0.5702 4022.6
 0.57032 3950.98
 0.57044 3876.4
 0.57056 3799.79
 0.57068 3721.63
 0.5708 3642.31
 0.57092 3562.46
 0.57104 3482.7
 0.57116 3403.38
 0.57128 3324.67
 0.5714 3246.95
 0.57152 3170.86
 0.57164 3097.35
 0.57176 3027.45
 0.57188 2961.74
 0.572 2900.29
 0.57212 2842.81
 0.57224 2788.96
 0.57236 2738.53
 0.57248 2692.05
 0.5726 2650.46
 0.57272 2614.56
 0.57284 2585.09
 0.57296 2562.38
 0.57308 2546.42
 0.5732 2537.27
 0.57332 2534.89
 0.57344 2538.78
 0.57356 2548.16
 0.57368 2561.88
 0.5738 2578.73
 0.57392 2597.91
 0.57404 2619.06
 0.57416 2642.09
 0.57428 2666.97
 0.5744 2693
 0.57452 2718.8
 0.57464 2743.03
 0.57476 2764.49
 0.57488 2782.15
 0.575 2795.48
 0.57512 2804.39
 0.57524 2808.98
 0.57536 2809.54
 0.57548 2806.62
 0.5756 2800.86
 0.57572 2793.34
 0.57584 2785.16
 0.57596 2777.21
 0.57608 2769.86
 0.5762 2763.04
 0.57632 2756.77
 0.57644 2751.74
 0.57656 2748.63
 0.57668 2748.11
 0.5768 2751.08
 0.57692 2758.32
 0.57704 2770.32
 0.57716 2786.98
 0.57728 2807.89
 0.5774 2832.66
 0.57752 2860.95
 0.57764 2892.47
 0.57776 2926.73
 0.57788 2963.12
 0.578 3001.02
 0.57812 3040.36
 0.57824 3081.69
 0.57836 3125.38
 0.57848 3171.6
 0.5786 3220.87
 0.57872 3273.24
 0.57884 3328.25
 0.57896 3385.54
 0.57908 3444.88
 0.5792 3506.66
 0.57932 3571.19
 0.57944 3638.34
 0.57956 3707.61
 0.57968 3778
 0.5798 3848.36
 0.57992 3917.98
 0.58004 3986.19
 0.58016 4051.81
 0.58028 4113.15
 0.5804 4168.73
 0.58052 4217.21
 0.58064 4257.24
 0.58076 4288.29
 0.58088 4309.99
 0.581 4321.82
 0.58112 4323.29
 0.58124 4313.59
 0.58136 4292.54
 0.58148 4260.59
 0.5816 4219
 0.58172 4169.85
 0.58184 4115.24
 0.58196 4056.8
 0.58208 3996.22
 0.5822 3935.82
 0.58232 3878.16
 0.58244 3825.33
 0.58256 3778.89
 0.58268 3740.11
 0.5828 3709.88
 0.58292 3689.35
 0.58304 3679.62
 0.58316 3681.34
 0.58328 3695.13
 0.5834 3720.96
 0.58352 3758
 0.58364 3804.57
 0.58376 3858.39
 0.58388 3917.29
 0.584 3979.3
 0.58412 4042.01
 0.58424 4102.48
 0.58436 4157.76
 0.58448 4205.66
 0.5846 4244.55
 0.58472 4273
 0.58484 4289.57
 0.58496 4292.58
 0.58508 4280.87
 0.5852 4253.97
 0.58532 4211.51
 0.58544 4153.75
 0.58556 4081.63
 0.58568 3996.8
 0.5858 3901
 0.58592 3796
 0.58604 3683.74
 0.58616 3566.44
 0.58628 3446.48
 0.5864 3326.12
 0.58652 3207.13
 0.58664 3090.93
 0.58676 2978.76
 0.58688 2871.98
 0.587 2771.91
 0.58712 2679.34
 0.58724 2594.75
 0.58736 2518.64
 0.58748 2451.05
 0.5876 2391.39
 0.58772 2338.92
 0.58784 2293.02
 0.58796 2252.76
 0.58808 2217.17
 0.5882 2185.55
 0.58832 2157.32
 0.58844 2131.91
 0.58856 2108.69
 0.58868 2087.44
 0.5888 2067.93
 0.58892 2049.74
 0.58904 2032.49
 0.58916 2015.94
 0.58928 1999.76
 0.5894 1983.46
 0.58952 1966.83
 0.58964 1950.12
 0.58976 1933.43
 0.58988 1916.89
 0.59 1901.13
 0.59012 1886.58
 0.59024 1873.4
 0.59036 1861.5
 0.59048 1851.02
 0.5906 1842.18
 0.59072 1834.79
 0.59084 1829.02
 0.59096 1825.3
 0.59108 1824.06
 0.5912 1825.76
 0.59132 1831.09
 0.59144 1840.93
 0.59156 1855.75
 0.59168 1875.8
 0.5918 1901.41
 0.59192 1932.69
 0.59204 1969.29
 0.59216 2010.77
 0.59228 2056.74
 0.5924 2107.07
 0.59252 2161.23
 0.59264 2218.97
 0.59276 2280.16
 0.59288 2344.3
 0.593 2410.65
 0.59312 2478.46
 0.59324 2546.87
 0.59336 2614.72
 0.59348 2680.96
 0.5936 2744.76
 0.59372 2805.27
 0.59384 2861.36
 0.59396 2912.16
 0.59408 2957.15
 0.5942 2996.16
 0.59432 3028.78
 0.59444 3054.74
 0.59456 3074.08
 0.59468 3086.7
 0.5948 3092.52
 0.59492 3091.66
 0.59504 3084.46
 0.59516 3071.21
 0.59528 3052.47
 0.5954 3028.95
 0.59552 3001.25
 0.59564 2970.05
 0.59576 2936.32
 0.59588 2901.53
 0.596 2867.03
 0.59612 2834.14
 0.59624 2804.04
 0.59636 2778.28
 0.59648 2757.84
 0.5966 2743.21
 0.59672 2734.69
 0.59684 2732.47
 0.59696 2736.65
 0.59708 2747.04
 0.5972 2763.37
 0.59732 2785.1
 0.59744 2811.49
 0.59756 2841.93
 0.59768 2875.73
 0.5978 2912.07
 0.59792 2949.55
 0.59804 2986.37
 0.59816 3020.55
 0.59828 3049.92
 0.5984 3072.36
 0.59852 3086.6
 0.59864 3091.83
 0.59876 3087.71
 0.59888 3073.93
 0.599 3050.41
 0.59912 3017.58
 0.59924 2975.99
 0.59936 2926.62
 0.59948 2870.53
 0.5996 2808.66
 0.59972 2741.75
 0.59984 2670.46
 0.59996 2596.37
 0.60008 2521.62
 0.6002 2448.61
 0.60032 2379.78
 0.60044 2317.19
 0.60056 2262.25
 0.60068 2216.12
 0.6008 2179.69
 0.60092 2153.81
 0.60104 2139.12
 0.60116 2136.05
 0.60128 2144.88
 0.6014 2165.61
 0.60152 2198.27
 0.60164 2242.81
 0.60176 2299.26
 0.60188 2367.39
 0.602 2445.9
 0.60212 2532.98
 0.60224 2626.57
 0.60236 2724.54
 0.60248 2825.22
 0.6026 2927.16
 0.60272 3029.16
 0.60284 3130.11
 0.60296 3228.93
 0.60308 3324.07
 0.6032 3413.8
 0.60332 3496.54
 0.60344 3570.86
 0.60356 3635.37
 0.60368 3689.09
 0.6038 3731.38
 0.60392 3762.39
 0.60404 3783.16
 0.60416 3795.19
 0.60428 3800.41
 0.6044 3800.82
 0.60452 3798.14
 0.60464 3793.75
 0.60476 3788.5
 0.60488 3783.1
 0.605 3778.64
 0.60512 3777.13
 0.60524 3780.77
 0.60536 3791.35
 0.60548 3810.37
 0.6056 3839.29
 0.60572 3879.14
 0.60584 3930.25
 0.60596 3992.01
 0.60608 4063.5
 0.6062 4143.44
 0.60632 4230.12
 0.60644 4321.36
 0.60656 4415.24
 0.60668 4510.23
 0.6068 4605.42
 0.60692 4699.75
 0.60704 4791.58
 0.60716 4878.4
 0.60728 4957.74
 0.6074 5027.86
 0.60752 5087.08
 0.60764 5133.72
 0.60776 5166.24
 0.60788 5184.06
 0.608 5186.98
 0.60812 5174.72
 0.60824 5147.04
 0.60836 5104.55
 0.60848 5048.5
 0.6086 4980.07
 0.60872 4900.31
 0.60884 4810.21
 0.60896 4711.01
 0.60908 4604.61
 0.6092 4493.47
 0.60932 4379.78
 0.60944 4265.29
 0.60956 4152.07
 0.60968 4042.39
 0.6098 3938.52
 0.60992 3842.02
 0.61004 3754.38
 0.61016 3677.26
 0.61028 3612.26
 0.6104 3560.3
 0.61052 3521.97
 0.61064 3497.8
 0.61076 3488.18
 0.61088 3493.12
 0.611 3512.34
 0.61112 3544.98
 0.61124 3589.9
 0.61136 3646.15
 0.61148 3712.59
 0.6116 3787.45
 0.61172 3868.46
 0.61184 3953.3
 0.61196 4040.19
 0.61208 4127.41
 0.6122 4213.04
 0.61232 4294.87
 0.61244 4370.9
 0.61256 4439.15
 0.61268 4497.48
 0.6128 4544.03
 0.61292 4577.3
 0.61304 4596.14
 0.61316 4599.84
 0.61328 4587.75
 0.6134 4559.33
 0.61352 4514.56
 0.61364 4454.29
 0.61376 4380.05
 0.61388 4293.31
 0.614 4195.08
 0.61412 4086.47
 0.61424 3969.13
 0.61436 3844.99
 0.61448 3715.81
 0.6146 3583.49
 0.61472 3450.52
 0.61484 3319.18
 0.61496 3191.65
 0.61508 3069.75
 0.6152 2955.18
 0.61532 2849.9
 0.61544 2755.8
 0.61556 2674.32
 0.61568 2606.05
 0.6158 2550.7
 0.61592 2508.03
 0.61604 2478.06
 0.61616 2460.61
 0.61628 2455.05
 0.6164 2460.96
 0.61652 2478.09
 0.61664 2505.6
 0.61676 2541.69
 0.61688 2584.57
 0.617 2632.75
 0.61712 2684.78
 0.61724 2738.85
 0.61736 2792.47
 0.61748 2843.13
 0.6176 2888.59
 0.61772 2927.53
 0.61784 2959.55
 0.61796 2984.22
 0.61808 3001.04
 0.6182 3009.74
 0.61832 3010.11
 0.61844 3001.68
 0.61856 2984.11
 0.61868 2958.23
 0.6188 2925.71
 0.61892 2887.93
 0.61904 2845.7
 0.61916 2800.24
 0.61928 2753.44
 0.6194 2707.69
 0.61952 2665.31
 0.61964 2628.23
 0.61976 2597.68
 0.61988 2574.47
 0.62 2559.48
 0.62012 2553.16
 0.62024 2555.69
 0.62036 2567.31
 0.62048 2588.25
 0.6206 2618.15
 0.62072 2655.62
 0.62084 2699.03
 0.62096 2747.4
 0.62108 2799.88
 0.6212 2855.31
 0.62132 2912.03
 0.62144 2968.4
 0.62156 3022.92
 0.62168 3074.31
 0.6218 3121.52
 0.62192 3163.5
 0.62204 3199.12
 0.62216 3228.07
 0.62228 3250.08
 0.6224 3264.73
 0.62252 3272.02
 0.62264 3272.58
 0.62276 3267.45
 0.62288 3257.46
 0.623 3243.13
 0.62312 3225.11
 0.62324 3203.9
 0.62336 3180.14
 0.62348 3154.37
 0.6236 3127.15
 0.62372 3099.04
 0.62384 3070.36
 0.62396 3041.7
 0.62408 3013.59
 0.6242 2985.91
 0.62432 2958.88
 0.62444 2932.68
 0.62456 2906.82
 0.62468 2880.28
 0.6248 2852.29
 0.62492 2822.34
 0.62504 2789.85
 0.62516 2754.63
 0.62528 2716.79
 0.6254 2676.38
 0.62552 2633.49
 0.62564 2588.15
 0.62576 2540.79
 0.62588 2492.13
 0.626 2442.82
 0.62612 2393.86
 0.62624 2346.46
 0.62636 2301.64
 0.62648 2260.7
 0.6266 2225.67
 0.62672 2198.76
 0.62684 2181.59
 0.62696 2175.48
 0.62708 2181.54
 0.6272 2200.14
 0.62732 2231.69
 0.62744 2276.51
 0.62756 2334.73
 0.62768 2406.11
 0.6278 2489.7
 0.62792 2584.03
 0.62804 2687.2
 0.62816 2797.08
 0.62828 2911.75
 0.6284 3029.41
 0.62852 3148.06
 0.62864 3265.35
 0.62876 3379.1
 0.62888 3488.01
 0.629 3590.96
 0.62912 3687.3
 0.62924 3776.75
 0.62936 3858.74
 0.62948 3932.86
 0.6296 3999.14
 0.62972 4058.21
 0.62984 4111.42
 0.62996 4160.73
 0.63008 4208.39
 0.6302 4256.05
 0.63032 4304.58
 0.63044 4354.41
 0.63056 4405.75
 0.63068 4458.95
 0.6308 4513.93
 0.63092 4569.73
 0.63104 4625.41
 0.63116 4679.76
 0.63128 4731.8
 0.6314 4780.9
 0.63152 4826.48
 0.63164 4867.72
 0.63176 4903.25
 0.63188 4931.32
 0.632 4949.96
 0.63212 4957.5
 0.63224 4953.33
 0.63236 4937.82
 0.63248 4911.97
 0.6326 4876.81
 0.63272 4833.18
 0.63284 4782.22
 0.63296 4725.52
 0.63308 4664.62
 0.6332 4600.96
 0.63332 4535.83
 0.63344 4470.01
 0.63356 4403.81
 0.63368 4337.43
 0.6338 4271.53
 0.63392 4206.77
 0.63404 4143.89
 0.63416 4083.16
 0.63428 4024.36
 0.6344 3966.78
 0.63452 3909.58
 0.63464 3852.08
 0.63476 3793.91
 0.63488 3734.82
 0.635 3674.64
 0.63512 3613.28
 0.63524 3550.54
 0.63536 3486.06
 0.63548 3420.13
 0.6356 3353.76
 0.63572 3287.95
 0.63584 3223.54
 0.63596 3161.33
 0.63608 3102.17
 0.6362 3046.95
 0.63632 2996.47
 0.63644 2951.35
 0.63656 2911.99
 0.63668 2878.95
 0.6368 2852.57
 0.63692 2832.86
 0.63704 2819.53
 0.63716 2812.26
 0.63728 2811.12
 0.6374 2816.32
 0.63752 2827.3
 0.63764 2843.04
 0.63776 2862.51
 0.63788 2884.64
 0.638 2908.47
 0.63812 2933.01
 0.63824 2957.51
 0.63836 2981.33
 0.63848 3004.26
 0.6386 3026.2
 0.63872 3046.79
 0.63884 3065.6
 0.63896 3082.5
 0.63908 3097.57
 0.6392 3110.65
 0.63932 3121.54
 0.63944 3130.18
 0.63956 3137.04
 0.63968 3142.86
 0.6398 3148.64
 0.63992 3155.03
 0.64004 3162.47
 0.64016 3171.08
 0.64028 3181.07
 0.6404 3192.63
 0.64052 3205.59
 0.64064 3219.42
 0.64076 3233.68
 0.64088 3248.01
 0.641 3261.9
 0.64112 3275.14
 0.64124 3287.56
 0.64136 3298.68
 0.64148 3308.05
 0.6416 3315.04
 0.64172 3318.73
 0.64184 3318.12
 0.64196 3312.98
 0.64208 3303.39
 0.6422 3289.76
 0.64232 3272.07
 0.64244 3250.34
 0.64256 3225.01
 0.64268 3197.1
 0.6428 3167.57
 0.64292 3137.21
 0.64304 3106.69
 0.64316 3076.16
 0.64328 3046.01
 0.6434 3016.58
 0.64352 2987.95
 0.64364 2960.28
 0.64376 2933.85
 0.64388 2908.75
 0.644 2884.62
 0.64412 2860.7
 0.64424 2836.34
 0.64436 2811.33
 0.64448 2785.57
 0.6446 2758.61
 0.64472 2729.82
 0.64484 2698.97
 0.64496 2665.95
 0.64508 2630.97
 0.6452 2594.55
 0.64532 2557.24
 0.64544 2520.01
 0.64556 2484.09
 0.64568 2450.86
 0.6458 2421.85
 0.64592 2398.44
 0.64604 2382.19
 0.64616 2374.93
 0.64628 2378.05
 0.6464 2392.17
 0.64652 2417.54
 0.64664 2454.59
 0.64676 2503.45
 0.64688 2563.86
 0.647 2635.54
 0.64712 2718.03
 0.64724 2810.69
 0.64736 2912.74
 0.64748 3022.81
 0.6476 3138.94
 0.64772 3258.73
 0.64784 3379.79
 0.64796 3500.03
 0.64808 3617.21
 0.6482 3729.13
 0.64832 3834.13
 0.64844 3931.81
 0.64856 4021.72
 0.64868 4103.11
 0.6488 4175.49
 0.64892 4238.4
 0.64904 4291.35
 0.64916 4333.91
 0.64928 4365.69
 0.6494 4386.06
 0.64952 4395.26
 0.64964 4394.16
 0.64976 4384.03
 0.64988 4365.98
 0.65 4341.02
 0.65012 4310.28
 0.65024 4274.74
 0.65036 4234.68
 0.65048 4189.62
 0.6506 4139.57
 0.65072 4084.99
 0.65084 4026.48
 0.65096 3964.9
 0.65108 3901.05
 0.6512 3835.51
 0.65132 3769.2
 0.65144 3703.45
 0.65156 3638.78
 0.65168 3575.48
 0.6518 3513.59
 0.65192 3453.18
 0.65204 3394.13
 0.65216 3336.34
 0.65228 3279.91
 0.6524 3225.3
 0.65252 3173.28
 0.65264 3124.25
 0.65276 3078.18
 0.65288 3034.66
 0.653 2993.17
 0.65312 2953.34
 0.65324 2915.14
 0.65336 2877.97
 0.65348 2841.22
 0.6536 2804.67
 0.65372 2768.12
 0.65384 2731.47
 0.65396 2694.88
 0.65408 2658.91
 0.6542 2623.96
 0.65432 2590.34
 0.65444 2558.35
 0.65456 2528.17
 0.65468 2500.05
 0.6548 2474.47
 0.65492 2452.13
 0.65504 2433.87
 0.65516 2420.29
 0.65528 2411.78
 0.6554 2408.81
 0.65552 2411.7
 0.65564 2420.74
 0.65576 2436.37
 0.65588 2458.95
 0.656 2488.32
 0.65612 2523.99
 0.65624 2565.54
 0.65636 2612.45
 0.65648 2663.95
 0.6566 2719.17
 0.65672 2777.41
 0.65684 2837.99
 0.65696 2899.86
 0.65708 2961.43
 0.6572 3021.45
 0.65732 3079.08
 0.65744 3133.62
 0.65756 3184.47
 0.65768 3230.91
 0.6578 3271.9
 0.65792 3306.22
 0.65804 3333.05
 0.65816 3351.79
 0.65828 3362.05
 0.6584 3363.69
 0.65852 3357.14
 0.65864 3342.88
 0.65876 3321.24
 0.65888 3292.74
 0.659 3258.6
 0.65912 3220.5
 0.65924 3179.56
 0.65936 3136.66
 0.65948 3092.46
 0.6596 3047.49
 0.65972 3002.49
 0.65984 2958.87
 0.65996 2918.66
 0.66008 2883.64
 0.6602 2855.39
 0.66032 2835.28
 0.66044 2824.24
 0.66056 2822.65
 0.66068 2830.91
 0.6608 2849.26
 0.66092 2877.38
 0.66104 2914.6
 0.66116 2960.58
 0.66128 3015.15
 0.6614 3078.16
 0.66152 3149.69
 0.66164 3229.66
 0.66176 3317.58
 0.66188 3412.03
 0.662 3511.07
 0.66212 3612.93
 0.66224 3715.71
 0.66236 3817.47
 0.66248 3916.66
 0.6626 4012.01
 0.66272 4101.96
 0.66284 4185.44
 0.66296 4261.78
 0.66308 4329.76
 0.6632 4387.58
 0.66332 4433.67
 0.66344 4466.45
 0.66356 4484.53
 0.66368 4486.93
 0.6638 4473.28
 0.66392 4443.9
 0.66404 4399.43
 0.66416 4340.77
 0.66428 4269.27
 0.6644 4186.58
 0.66452 4094.15
 0.66464 3993.61
 0.66476 3887.08
 0.66488 3776.59
 0.665 3664.3
 0.66512 3553.21
 0.66524 3446.63
 0.66536 3347.69
 0.66548 3259.46
 0.6656 3184.77
 0.66572 3125.98
 0.66584 3085.06
 0.66596 3063.43
 0.66608 3061.95
 0.6662 3080.92
 0.66632 3119.85
 0.66644 3178.04
 0.66656 3254.94
 0.66668 3349.53
 0.6668 3459.7
 0.66692 3582.72
 0.66704 3715.57
 0.66716 3854.86
 0.66728 3997.12
 0.6674 4138.88
 0.66752 4276.69
 0.66764 4406.89
 0.66776 4526
 0.66788 4630.91
 0.668 4719.18
 0.66812 4788.85
 0.66824 4838.89
 0.66836 4868.99
 0.66848 4878.79
 0.6686 4867.71
 0.66872 4836.06
 0.66884 4785.73
 0.66896 4719.18
 0.66908 4638.71
 0.6692 4546.69
 0.66932 4445.5
 0.66944 4337.5
 0.66956 4225.35
 0.66968 4112.26
 0.6698 4001.28
 0.66992 3894.7
 0.67004 3794.31
 0.67016 3701.67
 0.67028 3617.52
 0.6704 3542.18
 0.67052 3476.16
 0.67064 3420
 0.67076 3373.29
 0.67088 3334.44
 0.671 3302.04
 0.67112 3274.9
 0.67124 3251.85
 0.67136 3231.87
 0.67148 3214.16
 0.6716 3197.59
 0.67172 3180.77
 0.67184 3162.85
 0.67196 3143.81
 0.67208 3123.68
 0.6722 3102.63
 0.67232 3081.1
 0.67244 3059.69
 0.67256 3038.94
 0.67268 3019.38
 0.6728 3002.13
 0.67292 2988.87
 0.67304 2980.76
 0.67316 2978.9
 0.67328 2984.17
 0.6734 2996.74
 0.67352 3016.26
 0.67364 3042.35
 0.67376 3074.45
 0.67388 3111.47
 0.674 3152.09
 0.67412 3194.96
 0.67424 3238.77
 0.67436 3282.42
 0.67448 3324.73
 0.6746 3364.56
 0.67472 3400.7
 0.67484 3431.62
 0.67496 3455.82
 0.67508 3472.2
 0.6752 3479.75
 0.67532 3477.96
 0.67544 3467.2
 0.67556 3448.21
 0.67568 3421.89
 0.6758 3389.34
 0.67592 3351.77
 0.67604 3310.32
 0.67616 3266.19
 0.67628 3220.21
 0.6764 3173.08
 0.67652 3125.61
 0.67664 3078.83
 0.67676 3033.94
 0.67688 2992.02
 0.677 2953.86
 0.67712 2920.18
 0.67724 2891.45
 0.67736 2867.94
 0.67748 2849.92
 0.6776 2837.75
 0.67772 2831.82
 0.67784 2832.35
 0.67796 2839.55
 0.67808 2853.57
 0.6782 2874.82
 0.67832 2903.76
 0.67844 2940.52
 0.67856 2984.97
 0.67868 3036.67
 0.6788 3095.07
 0.67892 3159.94
 0.67904 3231.05
 0.67916 3307.98
 0.67928 3390.38
 0.6794 3477.24
 0.67952 3566.75
 0.67964 3656.77
 0.67976 3745.22
 0.67988 3830.15
 0.68 3909.86
 0.68012 3982.78
 0.68024 4047.24
 0.68036 4102.04
 0.68048 4146.57
 0.6806 4180.5
 0.68072 4203.47
 0.68084 4215.05
 0.68096 4214.7
 0.68108 4202.22
 0.6812 4177.83
 0.68132 4142.23
 0.68144 4097.08
 0.68156 4044.57
 0.68168 3987.04
 0.6818 3926.8
 0.68192 3866.2
 0.68204 3807.22
 0.68216 3751.61
 0.68228 3701.03
 0.6824 3656.69
 0.68252 3619.02
 0.68264 3588.22
 0.68276 3564.93
 0.68288 3549.89
 0.683 3543.82
 0.68312 3546.94
 0.68324 3558.68
 0.68336 3577.95
 0.68348 3603.29
 0.6836 3633.58
 0.68372 3667.63
 0.68384 3703.89
 0.68396 3740.38
 0.68408 3775.44
 0.6842 3807.66
 0.68432 3835.58
 0.68444 3858.17
 0.68456 3875.43
 0.68468 3887.63
 0.6848 3894.77
 0.68492 3896.66
 0.68504 3893.01
 0.68516 3884.24
 0.68528 3871.47
 0.6854 3855.95
 0.68552 3838.54
 0.68564 3819.61
 0.68576 3799.78
 0.68588 3780.42
 0.686 3763.43
 0.68612 3750.54
 0.68624 3743.03
 0.68636 3742.2
 0.68648 3748.64
 0.6866 3761.9
 0.68672 3781.08
 0.68684 3805.21
 0.68696 3833.78
 0.68708 3866.28
 0.6872 3901.66
 0.68732 3938.73
 0.68744 3976.4
 0.68756 4014
 0.68768 4050.76
 0.6878 4085.42
 0.68792 4116.15
 0.68804 4140.87
 0.68816 4157.65
 0.68828 4165.09
 0.6884 4162.05
 0.68852 4148.24
 0.68864 4124.23
 0.68876 4090.99
 0.68888 4049.54
 0.689 4000.63
 0.68912 3945.16
 0.68924 3884.17
 0.68936 3818.62
 0.68948 3749.51
 0.6896 3678.04
 0.68972 3605.98
 0.68984 3535.39
 0.68996 3468.43
 0.69008 3407.42
 0.6902 3354.72
 0.69032 3312.41
 0.69044 3282.02
 0.69056 3264.47
 0.69068 3260.39
 0.6908 3270.2
 0.69092 3294.32
 0.69104 3333.19
 0.69116 3386.89
 0.69128 3455.25
 0.6914 3537.66
 0.69152 3633.07
 0.69164 3739.96
 0.69176 3856.46
 0.69188 3980.86
 0.692 4111.35
 0.69212 4246.01
 0.69224 4382.53
 0.69236 4518.76
 0.69248 4652.97
 0.6926 4783.06
 0.69272 4906.99
 0.69284 5022.92
 0.69296 5128.94
 0.69308 5223.04
 0.6932 5303.97
 0.69332 5371.09
 0.69344 5424.63
 0.69356 5465.34
 0.69368 5494.16
 0.6938 5512.07
 0.69392 5519.99
 0.69404 5518.64
 0.69416 5508.62
 0.69428 5490.94
 0.6944 5466.77
 0.69452 5437.72
 0.69464 5405.79
 0.69476 5372.51
 0.69488 5339.17
 0.695 5307.29
 0.69512 5278.52
 0.69524 5254.03
 0.69536 5234.1
 0.69548 5218.3
 0.6956 5206
 0.69572 5196.25
 0.69584 5187.71
 0.69596 5179.2
 0.69608 5170.35
 0.6962 5161.04
 0.69632 5150.56
 0.69644 5137.67
 0.69656 5120.85
 0.69668 5099.22
 0.6968 5072.51
 0.69692 5040.5
 0.69704 5002.76
 0.69716 4958.51
 0.69728 4907.09
 0.6974 4848.87
 0.69752 4784.61
 0.69764 4715.3
 0.69776 4642.71
 0.69788 4569.15
 0.698 4496.56
 0.69812 4426.11
 0.69824 4358.86
 0.69836 4296.56
 0.69848 4240.93
 0.6986 4193.02
 0.69872 4153.12
 0.69884 4121.43
 0.69896 4098.26
 0.69908 4083.92
 0.6992 4079.43
 0.69932 4085.61
 0.69944 4102.25
 0.69956 4128.93
 0.69968 4164.75
 0.6998 4207.79
 0.69992 4255.9
 0.70004 4307.05
 0.70016 4359.73
 0.70028 4412.45
 0.7004 4463.68
 0.70052 4512.59
 0.70064 4559.04
 0.70076 4602.98
 0.70088 4644.09
 0.701 4681.6
 0.70112 4714.65
 0.70124 4741.62
 0.70136 4761.13
 0.70148 4772.56
 0.7016 4775.48
 0.70172 4770.19
 0.70184 4757.63
 0.70196 4738.97
 0.70208 4715.35
 0.7022 4687.4
 0.70232 4655.5
 0.70244 4619.56
 0.70256 4579.01
 0.70268 4533.12
 0.7028 4481.34
 0.70292 4423.57
 0.70304 4360.51
 0.70316 4293.16
 0.70328 4223.01
 0.7034 4151.39
 0.70352 4079.13
 0.70364 4006.83
 0.70376 3934.71
 0.70388 3862.91
 0.704 3791.22
 0.70412 3719.66
 0.70424 3648.54
 0.70436 3578.66
 0.70448 3511.09
 0.7046 3447.07
 0.70472 3387.7
 0.70484 3334.18
 0.70496 3287.23
 0.70508 3247.15
 0.7052 3213.99
 0.70532 3187.71
 0.70544 3168.63
 0.70556 3157.49
 0.70568 3154.88
 0.7058 3161
 0.70592 3175.67
 0.70604 3198.88
 0.70616 3230.51
 0.70628 3270.41
 0.7064 3318.05
 0.70652 3372.48
 0.70664 3432.52
 0.70676 3496.85
 0.70688 3564.01
 0.707 3632.48
 0.70712 3700.72
 0.70724 3767.29
 0.70736 3830.54
 0.70748 3888.28
 0.7076 3938.21
 0.70772 3978.5
 0.70784 4008.24
 0.70796 4027.12
 0.70808 4034.94
 0.7082 4031.21
 0.70832 4015.41
 0.70844 3987.39
 0.70856 3947.67
 0.70868 3897.4
 0.7088 3837.91
 0.70892 3770.8
 0.70904 3698.16
 0.70916 3621.91
 0.70928 3543.91
 0.7094 3466.19
 0.70952 3391.03
 0.70964 3320.71
 0.70976 3257.07
 0.70988 3201.43
 0.71 3154.41
 0.71012 3116.42
 0.71024 3088.4
 0.71036 3071.15
 0.71048 3065.26
 0.7106 3070.89
 0.71072 3087.72
 0.71084 3115.18
 0.71096 3151.97
 0.71108 3196.5
 0.7112 3247.53
 0.71132 3303.89
 0.71144 3364.54
 0.71156 3428.29
 0.71168 3493.96
 0.7118 3560.34
 0.71192 3626.33
 0.71204 3691.46
 0.71216 3755.45
 0.71228 3817.68
 0.7124 3877.62
 0.71252 3934.2
 0.71264 3986.19
 0.71276 4032.6
 0.71288 4072.84
 0.713 4107.24
 0.71312 4136.08
 0.71324 4159.47
 0.71336 4177.46
 0.71348 4189.86
 0.7136 4196.69
 0.71372 4197.62
 0.71384 4192.49
 0.71396 4181.1
 0.71408 4162.57
 0.7142 4136.1
 0.71432 4100.97
 0.71444 4056.9
 0.71456 4004.7
 0.71468 3945.45
 0.7148 3880.12
 0.71492 3809.31
 0.71504 3733.31
 0.71516 3652.4
 0.71528 3566.91
 0.7154 3477.27
 0.71552 3384.01
 0.71564 3287.8
 0.71576 3189.99
 0.71588 3091.92
 0.716 2995.39
 0.71612 2902.63
 0.71624 2815.77
 0.71636 2736.91
 0.71648 2667.56
 0.7166 2608.38
 0.71672 2559.93
 0.71684 2522.8
 0.71696 2497.33
 0.71708 2483.86
 0.7172 2482.83
 0.71732 2494.69
 0.71744 2519.77
 0.71756 2558.16
 0.71768 2609.73
 0.7178 2674
 0.71792 2750.16
 0.71804 2836.61
 0.71816 2931.54
 0.71828 3033.04
 0.7184 3139.07
 0.71852 3247.91
 0.71864 3358.33
 0.71876 3469.08
 0.71888 3579.22
 0.719 3688.23
 0.71912 3795.19
 0.71924 3898.98
 0.71936 3998.43
 0.71948 4092.73
 0.7196 4181.15
 0.71972 4262.59
 0.71984 4335.8
 0.71996 4400.17
 0.72008 4455.68
 0.7202 4502.27
 0.72032 4539.77
 0.72044 4568.27
 0.72056 4587.62
 0.72068 4597.52
 0.7208 4597.7
 0.72092 4587.55
 0.72104 4566.74
 0.72116 4535.59
 0.72128 4494.62
 0.7214 4444
 0.72152 4383.57
 0.72164 4313.58
 0.72176 4235.17
 0.72188 4149.47
 0.722 4057.31
 0.72212 3959.17
 0.72224 3856.44
 0.72236 3750.59
 0.72248 3643.05
 0.7226 3535.31
 0.72272 3428.8
 0.72284 3324.69
 0.72296 3224.09
 0.72308 3127.46
 0.7232 3034.98
 0.72332 2947.16
 0.72344 2865.15
 0.72356 2790.16
 0.72368 2723.09
 0.7238 2664.25
 0.72392 2613.93
 0.72404 2572.59
 0.72416 2540.56
 0.72428 2517.33
 0.7244 2502.41
 0.72452 2495.37
 0.72464 2495.76
 0.72476 2503.45
 0.72488 2518.64
 0.725 2541.76
 0.72512 2573.46
 0.72524 2613.91
 0.72536 2662.64
 0.72548 2718.8
 0.7256 2781.36
 0.72572 2848.8
 0.72584 2919.88
 0.72596 2993.44
 0.72608 3067.99
 0.7262 3142.28
 0.72632 3215.31
 0.72644 3285.9
 0.72656 3352.77
 0.72668 3414.72
 0.7268 3470.35
 0.72692 3518.12
 0.72704 3556.5
 0.72716 3584.4
 0.72728 3601.35
 0.7274 3607.21
 0.72752 3601.94
 0.72764 3586.02
 0.72776 3560.48
 0.72788 3526.31
 0.728 3484.73
 0.72812 3437.38
 0.72824 3385.88
 0.72836 3331.93
 0.72848 3277.51
 0.7286 3224.61
 0.72872 3174.98
 0.72884 3130.17
 0.72896 3091.75
 0.72908 3061.03
 0.7292 3039.04
 0.72932 3026.77
 0.72944 3025
 0.72956 3034.55
 0.72968 3056.14
 0.7298 3090.46
 0.72992 3137.92
 0.73004 3198.27
 0.73016 3270.87
 0.73028 3354.79
 0.7304 3448.99
 0.73052 3551.76
 0.73064 3661.37
 0.73076 3776.51
 0.73088 3896.16
 0.731 4019.19
 0.73112 4144.45
 0.73124 4270.29
 0.73136 4394.99
 0.73148 4517.04
 0.7316 4634.79
 0.73172 4745.97
 0.73184 4848.01
 0.73196 4939
 0.73208 5017.71
 0.7322 5083.33
 0.73232 5135.4
 0.73244 5173.76
 0.73256 5199.29
 0.73268 5212.9
 0.7328 5215.12
 0.73292 5206.32
 0.73304 5186.77
 0.73316 5157.28
 0.73328 5119.11
 0.7334 5073.21
 0.73352 5020.39
 0.73364 4961.64
 0.73376 4898.65
 0.73388 4833.17
 0.734 4766.37
 0.73412 4699.09
 0.73424 4631.46
 0.73436 4563.45
 0.73448 4494.55
 0.7346 4423.42
 0.73472 4348.86
 0.73484 4269.62
 0.73496 4185
 0.73508 4094.83
 0.7352 3998.67
 0.73532 3896.24
 0.73544 3787.8
 0.73556 3673.8
 0.73568 3554.51
 0.7358 3430.21
 0.73592 3301.36
 0.73604 3168.61
 0.73616 3032.98
 0.73628 2896.17
 0.7364 2759.99
 0.73652 2626.63
 0.73664 2498.62
 0.73676 2378.64
 0.73688 2269.45
 0.737 2172.7
 0.73712 2089.18
 0.73724 2019.51
 0.73736 1963.87
 0.73748 1922.11
 0.7376 1894
 0.73772 1879.1
 0.73784 1876.4
 0.73796 1884.71
 0.73808 1902.83
 0.7382 1929.41
 0.73832 1962.73
 0.73844 2001.01
 0.73856 2042.22
 0.73868 2084.22
 0.7388 2124.58
 0.73892 2161.15
 0.73904 2192.97
 0.73916 2219.76
 0.73928 2241.41
 0.7394 2257.86
 0.73952 2269.08
 0.73964 2275.24
 0.73976 2277.04
 0.73988 2275.68
 0.74 2272.31
 0.74012 2267.69
 0.74024 2262.3
 0.74036 2256.82
 0.74048 2252.01
 0.7406 2248.72
 0.74072 2247.87
 0.74084 2250.4
 0.74096 2256.98
 0.74108 2267.68
 0.7412 2282.54
 0.74132 2301.56
 0.74144 2325.02
 0.74156 2352.82
 0.74168 2384.41
 0.7418 2418.89
 0.74192 2455.33
 0.74204 2493.26
 0.74216 2532.81
 0.74228 2574.28
 0.7424 2617.41
 0.74252 2661.77
 0.74264 2706.93
 0.74276 2752.47
 0.74288 2798.06
 0.743 2843.25
 0.74312 2887.22
 0.74324 2929
 0.74336 2967.61
 0.74348 3002.18
 0.7436 3032.54
 0.74372 3058.86
 0.74384 3081.38
 0.74396 3099.98
 0.74408 3114.21
 0.7442 3123.37
 0.74432 3127.18
 0.74444 3126.19
 0.74456 3121.05
 0.74468 3112.48
 0.7448 3101.19
 0.74492 3087.84
 0.74504 3073.49
 0.74516 3059.59
 0.74528 3047.57
 0.7454 3038.84
 0.74552 3034.72
 0.74564 3036.22
 0.74576 3044.31
 0.74588 3059.94
 0.746 3084.06
 0.74612 3117.49
 0.74624 3160.94
 0.74636 3214.54
 0.74648 3277.97
 0.7466 3350.86
 0.74672 3432.47
 0.74684 3521.96
 0.74696 3618.5
 0.74708 3721.38
 0.7472 3830.08
 0.74732 3944.12
 0.74744 4062.63
 0.74756 4184.18
 0.74768 4307.01
 0.7478 4429.29
 0.74792 4549.39
 0.74804 4665.97
 0.74816 4778.1
 0.74828 4884.7
 0.7484 4984.79
 0.74852 5077.34
 0.74864 5161.37
 0.74876 5236.4
 0.74888 5301.9
 0.749 5357.05
 0.74912 5400.4
 0.74924 5430.21
 0.74936 5444.91
 0.74948 5443.57
 0.7496 5426.31
 0.74972 5393.41
 0.74984 5345.35
 0.74996 5282.56
 0.75008 5205.23
 0.7502 5113.33
 0.75032 5007.44
 0.75044 4888.49
 0.75056 4757.64
 0.75068 4616.11
 0.7508 4465.18
 0.75092 4306.67
 0.75104 4142.65
 0.75116 3975.66
 0.75128 3808.28
 0.7514 3643.01
 0.75152 3481.73
 0.75164 3325.78
 0.75176 3176.54
 0.75188 3035.02
 0.752 2902.07
 0.75212 2778.86
 0.75224 2666.35
 0.75236 2564.95
 0.75248 2474.84
 0.7526 2396.18
 0.75272 2329
 0.75284 2272.68
 0.75296 2225.96
 0.75308 2187.71
 0.7532 2156.71
 0.75332 2131.78
 0.75344 2111.79
 0.75356 2096.22
 0.75368 2084.64
 0.7538 2076.91
 0.75392 2073.16
 0.75404 2073.58
 0.75416 2078.22
 0.75428 2087.37
 0.7544 2101.46
 0.75452 2120.65
 0.75464 2144.71
 0.75476 2173.38
 0.75488 2207.16
 0.755 2246.91
 0.75512 2293.19
 0.75524 2346.38
 0.75536 2406.9
 0.75548 2474.81
 0.7556 2549.39
 0.75572 2629.58
 0.75584 2714.02
 0.75596 2801.24
 0.75608 2889.55
 0.7562 2977.14
 0.75632 3062.29
 0.75644 3143.33
 0.75656 3219.11
 0.75668 3288.93
 0.7568 3352.41
 0.75692 3408.59
 0.75704 3456.31
 0.75716 3494.8
 0.75728 3523.23
 0.7574 3540.68
 0.75752 3546.88
 0.75764 3542.34
 0.75776 3527.74
 0.75788 3503.83
 0.758 3471.6
 0.75812 3432.4
 0.75824 3387.67
 0.75836 3338.63
 0.75848 3286.73
 0.7586 3233.17
 0.75872 3178.82
 0.75884 3123.94
 0.75896 3069.12
 0.75908 3015.19
 0.7592 2963.03
 0.75932 2913.97
 0.75944 2869.32
 0.75956 2829.94
 0.75968 2796.69
 0.7598 2770.54
 0.75992 2752.52
 0.76004 2743.45
 0.76016 2743.96
 0.76028 2754.6
 0.7604 2775.68
 0.76052 2807.07
 0.76064 2848.36
 0.76076 2899.7
 0.76088 2961.93
 0.761 3035.61
 0.76112 3120.41
 0.76124 3215.35
 0.76136 3319.21
 0.76148 3430.84
 0.7616 3548.81
 0.76172 3671.12
 0.76184 3795.57
 0.76196 3919.66
 0.76208 4040.9
 0.7622 4156.84
 0.76232 4265.12
 0.76244 4363.95
 0.76256 4452.25
 0.76268 4529.02
 0.7628 4592.62
 0.76292 4641.07
 0.76304 4672.98
 0.76316 4688.31
 0.76328 4687.32
 0.7634 4670.12
 0.76352 4637.02
 0.76364 4589.01
 0.76376 4527.71
 0.76388 4455.06
 0.764 4373.26
 0.76412 4284.54
 0.76424 4191.29
 0.76436 4096.02
 0.76448 4000.85
 0.7646 3907.49
 0.76472 3817.74
 0.76484 3733.56
 0.76496 3656.97
 0.76508 3589.35
 0.7652 3531.43
 0.76532 3484.27
 0.76544 3448.89
 0.76556 3425.82
 0.76568 3415.03
 0.7658 3415.96
 0.76592 3427.73
 0.76604 3449.58
 0.76616 3480.77
 0.76628 3520.04
 0.7664 3565.71
 0.76652 3615.98
 0.76664 3668.97
 0.76676 3723.11
 0.76688 3776.77
 0.767 3828.28
 0.76712 3876.25
 0.76724 3919.12
 0.76736 3955.05
 0.76748 3982.4
 0.7676 3999.99
 0.76772 4007.04
 0.76784 4003.21
 0.76796 3988.21
 0.76808 3961.52
 0.7682 3922.96
 0.76832 3872.95
 0.76844 3812.43
 0.76856 3742.73
 0.76868 3665.21
 0.7688 3581.14
 0.76892 3492.16
 0.76904 3399.87
 0.76916 3305.72
 0.76928 3211.62
 0.7694 3119.67
 0.76952 3031.66
 0.76964 2949.09
 0.76976 2873.2
 0.76988 2805.1
 0.77 2745.95
 0.77012 2696.77
 0.77024 2657.87
 0.77036 2629.13
 0.77048 2610.25
 0.7706 2600.76
 0.77072 2600.13
 0.77084 2607.39
 0.77096 2621.01
 0.77108 2639.57
 0.7712 2661.78
 0.77132 2685.99
 0.77144 2710.72
 0.77156 2734.93
 0.77168 2757.63
 0.7718 2777.85
 0.77192 2794.72
 0.77204 2807.28
 0.77216 2815.11
 0.77228 2818.45
 0.7724 2817.66
 0.77252 2812.97
 0.77264 2804.62
 0.77276 2793.02
 0.77288 2779.11
 0.773 2764.44
 0.77312 2750.41
 0.77324 2738.27
 0.77336 2729.22
 0.77348 2723.99
 0.7736 2722.99
 0.77372 2726.83
 0.77384 2735.94
 0.77396 2750.28
 0.77408 2769.73
 0.7742 2793.68
 0.77432 2821.27
 0.77444 2851.66
 0.77456 2884.07
 0.77468 2917.64
 0.7748 2951.37
 0.77492 2983.97
 0.77504 3013.88
 0.77516 3039.73
 0.77528 3060.3
 0.7754 3074.52
 0.77552 3081.57
 0.77564 3080.64
 0.77576 3070.79
 0.77588 3051.74
 0.776 3024.04
 0.77612 2988.5
 0.77624 2946.1
 0.77636 2897.93
 0.77648 2845.16
 0.7766 2789
 0.77672 2730.93
 0.77684 2672.45
 0.77696 2614.85
 0.77708 2559.33
 0.7772 2506.85
 0.77732 2458.2
 0.77744 2414.28
 0.77756 2376.01
 0.77768 2344.61
 0.7778 2321.32
 0.77792 2306.59
 0.77804 2300.14
 0.77816 2301.43
 0.77828 2309.64
 0.7784 2323.66
 0.77852 2342.16
 0.77864 2363.76
 0.77876 2386.9
 0.77888 2410.27
 0.779 2432.99
 0.77912 2454.42
 0.77924 2474.45
 0.77936 2493.06
 0.77948 2510.15
 0.7796 2525.39
 0.77972 2537.85
 0.77984 2546.47
 0.77996 2550.56
 0.78008 2550.08
 0.7802 2545.41
 0.78032 2537.45
 0.78044 2527.57
 0.78056 2517.25
 0.78068 2507.82
 0.7808 2500.48
 0.78092 2496.11
 0.78104 2495.4
 0.78116 2498.77
 0.78128 2506.09
 0.7814 2517.13
 0.78152 2531.69
 0.78164 2549.83
 0.78176 2572.55
 0.78188 2601.12
 0.782 2636.47
 0.78212 2678.51
 0.78224 2726.61
 0.78236 2779.72
 0.78248 2836.26
 0.7826 2894.93
 0.78272 2954.63
 0.78284 3014.49
 0.78296 3073.51
 0.78308 3130.56
 0.7832 3184.69
 0.78332 3235.2
 0.78344 3281.46
 0.78356 3322.8
 0.78368 3358.2
 0.7838 3385.84
 0.78392 3403.71
 0.78404 3410.78
 0.78416 3406.94
 0.78428 3392.35
 0.7844 3367.52
 0.78452 3333.36
 0.78464 3290.6
 0.78476 3239.65
 0.78488 3181.09
 0.785 3115.93
 0.78512 3045.2
 0.78524 2969.86
 0.78536 2890.96
 0.78548 2809.58
 0.7856 2726.91
 0.78572 2644.51
 0.78584 2564.5
 0.78596 2488.75
 0.78608 2418.14
 0.7862 2353.38
 0.78632 2295.25
 0.78644 2244.03
 0.78656 2199.57
 0.78668 2161.74
 0.7868 2130.73
 0.78692 2106.63
 0.78704 2089.31
 0.78716 2079.03
 0.78728 2075.94
 0.7874 2079.86
 0.78752 2090.48
 0.78764 2107.17
 0.78776 2128.93
 0.78788 2154.46
 0.788 2183.07
 0.78812 2214.43
 0.78824 2247.98
 0.78836 2283.07
 0.78848 2319.56
 0.7886 2357.9
 0.78872 2398.49
 0.78884 2441.38
 0.78896 2486.22
 0.78908 2532.4
 0.7892 2578.87
 0.78932 2624.86
 0.78944 2670.01
 0.78956 2714.27
 0.78968 2757.99
 0.7898 2801.67
 0.78992 2845.55
 0.79004 2889.3
 0.79016 2932.52
 0.79028 2974.99
 0.7904 3016.54
 0.79052 3056.72
 0.79064 3094.66
 0.79076 3129.24
 0.79088 3159.91
 0.791 3186.71
 0.79112 3210.15
 0.79124 3230.93
 0.79136 3249.43
 0.79148 3265.64
 0.7916 3279.21
 0.79172 3289.74
 0.79184 3297.16
 0.79196 3301.8
 0.79208 3304.15
 0.7922 3304.68
 0.79232 3303.86
 0.79244 3301.73
 0.79256 3298.41
 0.79268 3294.4
 0.7928 3290.8
 0.79292 3288.34
 0.79304 3287.27
 0.79316 3287.54
 0.79328 3289.06
 0.7934 3292.04
 0.79352 3297.25
 0.79364 3305.44
 0.79376 3317.03
 0.79388 3332.13
 0.794 3350.88
 0.79412 3373.68
 0.79424 3400.87
 0.79436 3433.19
 0.79448 3471.87
 0.7946 3517.79
 0.79472 3571.19
 0.79484 3631.15
 0.79496 3696.78
 0.79508 3767.65
 0.7952 3843.42
 0.79532 3923.77
 0.79544 4007.75
 0.79556 4093.81
 0.79568 4180.29
 0.7958 4266.04
 0.79592 4350.03
 0.79604 4431.05
 0.79616 4507.79
 0.79628 4578.7
 0.7964 4641.52
 0.79652 4693.91
 0.79664 4734.27
 0.79676 4762.11
 0.79688 4778.22
 0.797 4783.13
 0.79712 4776.86
 0.79724 4759.41
 0.79736 4730.89
 0.79748 4692.29
 0.7976 4645.3
 0.79772 4591.9
 0.79784 4533.23
 0.79796 4470.05
 0.79808 4403.04
 0.7982 4332.73
 0.79832 4260.22
 0.79844 4187.17
 0.79856 4114.91
 0.79868 4043.94
 0.7988 3973.81
 0.79892 3903.53
 0.79904 3832.76
 0.79916 3761.48
 0.79928 3689.69
 0.7994 3617.18
 0.79952 3543.18
 0.79964 3466.32
 0.79976 3385.35
 0.79988 3299.96
