 0.2 6177.96
 0.20012 6106.13
 0.20024 6028.19
 0.20036 5944.44
 0.20048 5855.11
 0.2006 5759.89
 0.20072 5658.39
 0.20084 5551.09
 0.20096 5439.02
 0.20108 5323.83
 0.2012 5206.92
 0.20132 5088.88
 0.20144 4969.88
 0.20156 4849.9
 0.20168 4729.85
 0.2018 4610.98
 0.20192 4493.75
 0.20204 4378.36
 0.20216 4265.16
 0.20228 4154.57
 0.2024 4047
 0.20252 3943
 0.20264 3843.42
 0.20276 3748.75
 0.20288 3659.06
 0.203 3574.1
 0.20312 3493.11
 0.20324 3415.79
 0.20336 3342.54
 0.20348 3273.71
 0.2036 3209.41
 0.20372 3149.41
 0.20384 3093.9
 0.20396 3043.63
 0.20408 2999.06
 0.2042 2960.59
 0.20432 2928.44
 0.20444 2902.56
 0.20456 2882.83
 0.20468 2869.1
 0.2048 2861.79
 0.20492 2861.45
 0.20504 2868.81
 0.20516 2884.73
 0.20528 2909.59
 0.2054 2943.51
 0.20552 2986.82
 0.20564 3039.42
 0.20576 3100.84
 0.20588 3170.19
 0.206 3246.6
 0.20612 3329.26
 0.20624 3417.04
 0.20636 3509.2
 0.20648 3605.24
 0.2066 3704.76
 0.20672 3806.93
 0.20684 3910.29
 0.20696 4013.3
 0.20708 4114.36
 0.2072 4211.96
 0.20732 4304.72
 0.20744 4391.45
 0.20756 4471.14
 0.20768 4543.56
 0.2078 4608.48
 0.20792 4665.54
 0.20804 4714.45
 0.20816 4755.66
 0.20828 4790.12
 0.2084 4818.19
 0.20852 4839.99
 0.20864 4855.58
 0.20876 4865.7
 0.20888 4871.65
 0.209 4874.87
 0.20912 4876.75
 0.20924 4878.6
 0.20936 4881.86
 0.20948 4887.95
 0.2096 4898.11
 0.20972 4913.54
 0.20984 4935.93
 0.20996 4966.98
 0.21008 5007.66
 0.2102 5057.51
 0.21032 5115.56
 0.21044 5180.99
 0.21056 5253.08
 0.21068 5331.01
 0.2108 5413.3
 0.21092 5497.89
 0.21104 5582.76
 0.21116 5666.27
 0.21128 5746.83
 0.2114 5822.43
 0.21152 5890.7
 0.21164 5949.15
 0.21176 5994.98
 0.21188 6025.43
 0.212 6038.04
 0.21212 6031.69
 0.21224 6006.98
 0.21236 5965.33
 0.21248 5908.67
 0.2126 5839.06
 0.21272 5758.82
 0.21284 5670.84
 0.21296 5578.51
 0.21308 5484.6
 0.2132 5391.13
 0.21332 5299.93
 0.21344 5213.39
 0.21356 5134.39
 0.21368 5065.76
 0.2138 5010.19
 0.21392 4970.07
 0.21404 4947.29
 0.21416 4942.55
 0.21428 4955.12
 0.2144 4983.44
 0.21452 5025.4
 0.21464 5078.85
 0.21476 5141.19
 0.21488 5209.36
 0.215 5280.25
 0.21512 5351.35
 0.21524 5421.1
 0.21536 5487.99
 0.21548 5550.12
 0.2156 5605.65
 0.21572 5653.05
 0.21584 5690.86
 0.21596 5718.16
 0.21608 5734.25
 0.2162 5739.24
 0.21632 5734.07
 0.21644 5720.23
 0.21656 5699.13
 0.21668 5672.17
 0.2168 5641.36
 0.21692 5609.12
 0.21704 5577.85
 0.21716 5549.92
 0.21728 5527.29
 0.2174 5512.05
 0.21752 5505.97
 0.21764 5510.12
 0.21776 5525.69
 0.21788 5553.67
 0.218 5594.07
 0.21812 5646.87
 0.21824 5711.11
 0.21836 5785.52
 0.21848 5868.81
 0.2186 5960.14
 0.21872 6058.43
 0.21884 6161.89
 0.21896 6268.28
 0.21908 6375.28
 0.2192 6480.14
 0.21932 6579.86
 0.21944 6671.59
 0.21956 6753.39
 0.21968 6823.61
 0.2198 6879.94
 0.21992 6921.05
 0.22004 6946.38
 0.22016 6955.9
 0.22028 6950.2
 0.2204 6929.69
 0.22052 6894.52
 0.22064 6844.57
 0.22076 6780.21
 0.22088 6702.7
 0.221 6613.42
 0.22112 6513.64
 0.22124 6405.23
 0.22136 6290.15
 0.22148 6170.03
 0.2216 6045.86
 0.22172 5919.07
 0.22184 5791.53
 0.22196 5664.3
 0.22208 5538.27
 0.2222 5413.82
 0.22232 5291.81
 0.22244 5173.28
 0.22256 5059.56
 0.22268 4951.97
 0.2228 4851.34
 0.22292 4757.54
 0.22304 4670.9
 0.22316 4591.98
 0.22328 4521.13
 0.2234 4458.92
 0.22352 4406.34
 0.22364 4364.62
 0.22376 4335.14
 0.22388 4319.16
 0.224 4317.68
 0.22412 4331.2
 0.22424 4359.47
 0.22436 4401.49
 0.22448 4456.26
 0.2246 4522.47
 0.22472 4598.98
 0.22484 4685.32
 0.22496 4781.81
 0.22508 4888.03
 0.2252 5003.16
 0.22532 5126.36
 0.22544 5256.56
 0.22556 5392.35
 0.22568 5531.32
 0.2258 5669.82
 0.22592 5804.7
 0.22604 5933.57
 0.22616 6055.34
 0.22628 6170.24
 0.2264 6278.72
 0.22652 6381.28
 0.22664 6478.27
 0.22676 6569.52
 0.22688 6653.93
 0.227 6729.94
 0.22712 6796.56
 0.22724 6853.01
 0.22736 6898.45
 0.22748 6931.95
 0.2276 6953
 0.22772 6962.99
 0.22784 6964.26
 0.22796 6958.35
 0.22808 6946.13
 0.2282 6927.23
 0.22832 6900.32
 0.22844 6864.08
 0.22856 6817.14
 0.22868 6758.9
 0.2288 6689.35
 0.22892 6609.46
 0.22904 6520.41
 0.22916 6423.4
 0.22928 6319.71
 0.2294 6210.79
 0.22952 6098.31
 0.22964 5983.39
 0.22976 5865.66
 0.22988 5744.94
 0.23 5621.67
 0.23012 5496.7
 0.23024 5371.66
 0.23036 5249.07
 0.23048 5131.66
 0.2306 5021.94
 0.23072 4921.82
 0.23084 4832.94
 0.23096 4756.48
 0.23108 4693.4
 0.2312 4644.36
 0.23132 4609.92
 0.23144 4590.45
 0.23156 4585.93
 0.23168 4596.95
 0.2318 4624.24
 0.23192 4667.84
 0.23204 4727.42
 0.23216 4802.38
 0.23228 4891.4
 0.2324 4992.21
 0.23252 5102.3
 0.23264 5219.41
 0.23276 5341.25
 0.23288 5465.28
 0.233 5588.77
 0.23312 5708.64
 0.23324 5822.12
 0.23336 5926.45
 0.23348 6019.39
 0.2336 6098.79
 0.23372 6162.41
 0.23384 6208.73
 0.23396 6236.68
 0.23408 6245.3
 0.2342 6233.85
 0.23432 6202.17
 0.23444 6150.96
 0.23456 6081.16
 0.23468 5993.83
 0.2348 5890.05
 0.23492 5771.46
 0.23504 5640.41
 0.23516 5500.02
 0.23528 5352.98
 0.2354 5201.9
 0.23552 5049.14
 0.23564 4897.03
 0.23576 4747.62
 0.23588 4602.6
 0.236 4463.79
 0.23612 4332.95
 0.23624 4211.98
 0.23636 4102.02
 0.23648 4003.52
 0.2366 3916.64
 0.23672 3841.53
 0.23684 3778.75
 0.23696 3728.36
 0.23708 3689.69
 0.2372 3661.89
 0.23732 3644.57
 0.23744 3637.3
 0.23756 3639.55
 0.23768 3650.97
 0.2378 3670.79
 0.23792 3697.96
 0.23804 3731.09
 0.23816 3768.75
 0.23828 3809.69
 0.2384 3853.42
 0.23852 3899.89
 0.23864 3949.26
 0.23876 4001.36
 0.23888 4055.67
 0.239 4111.91
 0.23912 4170.01
 0.23924 4229.6
 0.23936 4289.97
 0.23948 4350.68
 0.2396 4411.24
 0.23972 4471.47
 0.23984 4532.02
 0.23996 4593.96
 0.24008 4658.64
 0.2402 4727.12
 0.24032 4799.88
 0.24044 4876.93
 0.24056 4958.05
 0.24068 5042.41
 0.2408 5129.21
 0.24092 5217.78
 0.24104 5307.51
 0.24116 5397.8
 0.24128 5488.36
 0.2414 5579.05
 0.24152 5669.51
 0.24164 5759.27
 0.24176 5847.2
 0.24188 5931.47
 0.242 6009.53
 0.24212 6079.1
 0.24224 6138.58
 0.24236 6186.73
 0.24248 6222.56
 0.2426 6245.7
 0.24272 6256.67
 0.24284 6256.38
 0.24296 6245.68
 0.24308 6225.19
 0.2432 6195.57
 0.24332 6157.12
 0.24344 6110.12
 0.24356 6054.89
 0.24368 5992.14
 0.2438 5923.38
 0.24392 5851.14
 0.24404 5778.12
 0.24416 5706.07
 0.24428 5636.22
 0.2444 5569.76
 0.24452 5507.68
 0.24464 5450.45
 0.24476 5398.06
 0.24488 5350.04
 0.245 5305.95
 0.24512 5265.69
 0.24524 5229.01
 0.24536 5195.79
 0.24548 5166.15
 0.2456 5140.3
 0.24572 5117.7
 0.24584 5096.95
 0.24596 5076.21
 0.24608 5054.54
 0.2462 5032.01
 0.24632 5008.94
 0.24644 4985.63
 0.24656 4962.27
 0.24668 4938.69
 0.2468 4914.8
 0.24692 4890.91
 0.24704 4867.12
 0.24716 4843.58
 0.24728 4820.88
 0.2474 4799.77
 0.24752 4780.43
 0.24764 4763.12
 0.24776 4748.74
 0.24788 4738.31
 0.248 4732.62
 0.24812 4731.17
 0.24824 4732.82
 0.24836 4736.37
 0.24848 4740.65
 0.2486 4745.04
 0.24872 4749.63
 0.24884 4754.5
 0.24896 4759.64
 0.24908 4764.9
 0.2492 4769.33
 0.24932 4771.54
 0.24944 4770.12
 0.24956 4764.4
 0.24968 4753.73
 0.2498 4737.56
 0.24992 4715.56
 0.25004 4687.88
 0.25016 4655.68
 0.25028 4619.97
 0.2504 4581.79
 0.25052 4542.23
 0.25064 4501.91
 0.25076 4461.12
 0.25088 4420.14
 0.251 4379.31
 0.25112 4339.85
 0.25124 4303.86
 0.25136 4273.28
 0.25148 4249.54
 0.2516 4233.27
 0.25172 4224.8
 0.25184 4224.13
 0.25196 4230.79
 0.25208 4243.72
 0.2522 4261.9
 0.25232 4284.72
 0.25244 4311.25
 0.25256 4340.38
 0.25268 4370.97
 0.2528 4401.61
 0.25292 4430.81
 0.25304 4456.86
 0.25316 4477.46
 0.25328 4490.17
 0.2534 4493.41
 0.25352 4486.42
 0.25364 4469
 0.25376 4441.33
 0.25388 4403.9
 0.254 4358.03
 0.25412 4305.27
 0.25424 4246.76
 0.25436 4183.72
 0.25448 4117.8
 0.2546 4050.69
 0.25472 3984.59
 0.25484 3922.21
 0.25496 3866.31
 0.25508 3819.48
 0.2552 3784.16
 0.25532 3762.21
 0.25544 3754.74
 0.25556 3762.4
 0.25568 3785.7
 0.2558 3824.77
 0.25592 3879.08
 0.25604 3947.54
 0.25616 4028.88
 0.25628 4122.02
 0.2564 4225.54
 0.25652 4337.89
 0.25664 4457.42
 0.25676 4582.07
 0.25688 4709.58
 0.257 4837.7
 0.25712 4964.45
 0.25724 5088.05
 0.25736 5207.04
 0.25748 5320.17
 0.2576 5426.01
 0.25772 5523
 0.25784 5610.1
 0.25796 5686.82
 0.25808 5753.03
 0.2582 5808.8
 0.25832 5853.67
 0.25844 5887.46
 0.25856 5910.27
 0.25868 5922.47
 0.2588 5924.29
 0.25892 5916.15
 0.25904 5898.77
 0.25916 5873.11
 0.25928 5840.31
 0.2594 5801.55
 0.25952 5757.89
 0.25964 5710.92
 0.25976 5662.3
 0.25988 5613.33
 0.26 5565.23
 0.26012 5518.33
 0.26024 5473.18
 0.26036 5430.77
 0.26048 5391.83
 0.2606 5356.33
 0.26072 5324.28
 0.26084 5295.84
 0.26096 5270.93
 0.26108 5248.83
 0.2612 5228.4
 0.26132 5208.43
 0.26144 5187.96
 0.26156 5166
 0.26168 5141.28
 0.2618 5112.51
 0.26192 5078.36
 0.26204 5037.86
 0.26216 4991.16
 0.26228 4938.4
 0.2624 4879.52
 0.26252 4814.86
 0.26264 4745.46
 0.26276 4672.01
 0.26288 4594.88
 0.263 4514.55
 0.26312 4432.22
 0.26324 4349.12
 0.26336 4266.19
 0.26348 4184.33
 0.2636 4104.79
 0.26372 4029
 0.26384 3958.67
 0.26396 3895.68
 0.26408 3841.35
 0.2642 3796.51
 0.26432 3761.71
 0.26444 3737.92
 0.26456 3725.34
 0.26468 3723.92
 0.2648 3734.41
 0.26492 3757.99
 0.26504 3795.54
 0.26516 3847.41
 0.26528 3914.21
 0.2654 3996.8
 0.26552 4095.14
 0.26564 4208.82
 0.26576 4336.74
 0.26588 4477.11
 0.266 4627.88
 0.26612 4786.93
 0.26624 4952.02
 0.26636 5120.71
 0.26648 5290.47
 0.2666 5459.63
 0.26672 5626.27
 0.26684 5787.77
 0.26696 5941.51
 0.26708 6085.2
 0.2672 6216.84
 0.26732 6333.91
 0.26744 6434.23
 0.26756 6516.78
 0.26768 6580.57
 0.2678 6625.49
 0.26792 6652.03
 0.26804 6660.84
 0.26816 6653.1
 0.26828 6630.47
 0.2684 6594.86
 0.26852 6547.99
 0.26864 6491.23
 0.26876 6426.09
 0.26888 6354.06
 0.269 6276.47
 0.26912 6194.63
 0.26924 6109.77
 0.26936 6023.56
 0.26948 5936.9
 0.2696 5850.14
 0.26972 5764.22
 0.26984 5679.88
 0.26996 5598.12
 0.27008 5519.93
 0.2702 5445.97
 0.27032 5376.59
 0.27044 5311.98
 0.27056 5252.18
 0.27068 5197.12
 0.2708 5147.1
 0.27092 5102.73
 0.27104 5064.57
 0.27116 5033.18
 0.27128 5009.4
 0.2714 4994.12
 0.27152 4988.85
 0.27164 4994.85
 0.27176 5012.42
 0.27188 5041.2
 0.272 5079.98
 0.27212 5127.35
 0.27224 5182.06
 0.27236 5242.74
 0.27248 5308.26
 0.2726 5378.08
 0.27272 5451.85
 0.27284 5528.95
 0.27296 5608.64
 0.27308 5690.31
 0.2732 5773
 0.27332 5855.17
 0.27344 5934.98
 0.27356 6010.76
 0.27368 6081.26
 0.2738 6146.03
 0.27392 6205.27
 0.27404 6260.05
 0.27416 6311.36
 0.27428 6360.09
 0.2744 6407.52
 0.27452 6454.31
 0.27464 6500.33
 0.27476 6545.26
 0.27488 6588.95
 0.275 6631.19
 0.27512 6671.55
 0.27524 6710.07
 0.27536 6747.14
 0.27548 6782.98
 0.2756 6817.19
 0.27572 6849.19
 0.27584 6878.36
 0.27596 6903.96
 0.27608 6924.74
 0.2762 6939.86
 0.27632 6948.27
 0.27644 6948.75
 0.27656 6941.22
 0.27668 6925.99
 0.2768 6903.16
 0.27692 6872.45
 0.27704 6833.83
 0.27716 6787.41
 0.27728 6733.16
 0.2774 6671.13
 0.27752 6601.94
 0.27764 6526.93
 0.27776 6447.23
 0.27788 6363.54
 0.278 6276.27
 0.27812 6186.14
 0.27824 6093.69
 0.27836 5999.78
 0.27848 5904.89
 0.2786 5808.83
 0.27872 5711.66
 0.27884 5613.99
 0.27896 5516.76
 0.27908 5420.83
 0.2792 5327.11
 0.27932 5236.23
 0.27944 5148.65
 0.27956 5064.28
 0.27968 4982.55
 0.2798 4903.03
 0.27992 4825.97
 0.28004 4751.93
 0.28016 4681.42
 0.28028 4614.89
 0.2804 4552.89
 0.28052 4496.45
 0.28064 4446.5
 0.28076 4403.32
 0.28088 4366.88
 0.281 4336.92
 0.28112 4312.55
 0.28124 4293.06
 0.28136 4278.14
 0.28148 4267.43
 0.2816 4260.91
 0.28172 4258.89
 0.28184 4261.5
 0.28196 4268.17
 0.28208 4278.09
 0.2822 4290.23
 0.28232 4303.6
 0.28244 4317.16
 0.28256 4329.42
 0.28268 4339.65
 0.2828 4347.69
 0.28292 4353.17
 0.28304 4356.35
 0.28316 4358.49
 0.28328 4360.58
 0.2834 4363.51
 0.28352 4368.33
 0.28364 4375.87
 0.28376 4386.61
 0.28388 4401.36
 0.284 4420.96
 0.28412 4446.54
 0.28424 4479.4
 0.28436 4520.07
 0.28448 4568.84
 0.2846 4626.12
 0.28472 4691.3
 0.28484 4764.01
 0.28496 4844.05
 0.28508 4930.1
 0.2852 5020.08
 0.28532 5111.87
 0.28544 5203.42
 0.28556 5292.56
 0.28568 5377.15
 0.2858 5455.48
 0.28592 5526.15
 0.28604 5588.28
 0.28616 5640.88
 0.28628 5683.43
 0.2864 5716.91
 0.28652 5742.32
 0.28664 5760.84
 0.28676 5773.87
 0.28688 5781.99
 0.287 5786.18
 0.28712 5788.52
 0.28724 5791.47
 0.28736 5797.34
 0.28748 5808.17
 0.2876 5826.48
 0.28772 5854.92
 0.28784 5895.47
 0.28796 5949.08
 0.28808 6016.11
 0.2882 6096.2
 0.28832 6187.89
 0.28844 6288.73
 0.28856 6396.52
 0.28868 6509.09
 0.2888 6625.13
 0.28892 6743.8
 0.28904 6863.46
 0.28916 6981.82
 0.28928 7096.75
 0.2894 7206.41
 0.28952 7308.52
 0.28964 7399.88
 0.28976 7476.77
 0.28988 7536.52
 0.29 7577.52
 0.29012 7598.99
 0.29024 7601.53
 0.29036 7586.63
 0.29048 7556.22
 0.2906 7512.12
 0.29072 7456.03
 0.29084 7389.01
 0.29096 7312.27
 0.29108 7227.6
 0.2912 7136.48
 0.29132 7040.21
 0.29144 6940.62
 0.29156 6840.56
 0.29168 6744.26
 0.2918 6656.09
 0.29192 6579.39
 0.29204 6516.33
 0.29216 6468.15
 0.29228 6435.26
 0.2924 6417.39
 0.29252 6413.58
 0.29264 6422.66
 0.29276 6442.95
 0.29288 6472.58
 0.293 6509.59
 0.29312 6552.39
 0.29324 6600.17
 0.29336 6651.85
 0.29348 6705.72
 0.2936 6759.43
 0.29372 6809.69
 0.29384 6853.76
 0.29396 6889.78
 0.29408 6916.78
 0.2942 6934.42
 0.29432 6942.74
 0.29444 6942.72
 0.29456 6935.94
 0.29468 6924.51
 0.2948 6911.17
 0.29492 6898.68
 0.29504 6889.29
 0.29516 6884.28
 0.29528 6884.66
 0.2954 6891.32
 0.29552 6905.02
 0.29564 6926.46
 0.29576 6956.56
 0.29588 6995.98
 0.296 7045.02
 0.29612 7103.55
 0.29624 7170.63
 0.29636 7244.9
 0.29648 7324.28
 0.2966 7406.54
 0.29672 7489.01
 0.29684 7569.34
 0.29696 7645.62
 0.29708 7716.45
 0.2972 7780.97
 0.29732 7838.32
 0.29744 7888.09
 0.29756 7930.1
 0.29768 7964.54
 0.2978 7991.22
 0.29792 8009.43
 0.29804 8018.34
 0.29816 8018.01
 0.29828 8009.25
 0.2984 7993.06
 0.29852 7970.64
 0.29864 7943.37
 0.29876 7912.68
 0.29888 7879.2
 0.299 7843.51
 0.29912 7806.4
 0.29924 7768.69
 0.29936 7731.08
 0.29948 7694.58
 0.2996 7660.06
 0.29972 7628.11
 0.29984 7599.95
 0.29996 7577.66
 0.30008 7563.14
 0.3002 7557.41
 0.30032 7561.19
 0.30044 7575.24
 0.30056 7600.33
 0.30068 7636.91
 0.3008 7685.27
 0.30092 7746.25
 0.30104 7819.95
 0.30116 7905.67
 0.30128 8002.69
 0.3014 8110.21
 0.30152 8226.58
 0.30164 8350.2
 0.30176 8479.76
 0.30188 8613.46
 0.302 8748.97
 0.30212 8884
 0.30224 9016.43
 0.30236 9144
 0.30248 9264.24
 0.3026 9374.48
 0.30272 9472.32
 0.30284 9555.68
 0.30296 9622.29
 0.30308 9670.84
 0.3032 9700.52
 0.30332 9710.31
 0.30344 9699.61
 0.30356 9668.69
 0.30368 9617.79
 0.3038 9546.87
 0.30392 9455.74
 0.30404 9344.54
 0.30416 9213.83
 0.30428 9064.78
 0.3044 8899.01
 0.30452 8718.59
 0.30464 8525.68
 0.30476 8322.26
 0.30488 8110.13
 0.305 7891.02
 0.30512 7666.55
 0.30524 7438.45
 0.30536 7208.61
 0.30548 6978.31
 0.3056 6748.55
 0.30572 6520.45
 0.30584 6295.79
 0.30596 6076.83
 0.30608 5865.74
 0.3062 5663.97
 0.30632 5472.28
 0.30644 5291.15
 0.30656 5121.26
 0.30668 4963.55
 0.3068 4819.22
 0.30692 4689.7
 0.30704 4576.51
 0.30716 4480.63
 0.30728 4402.78
 0.3074 4343.77
 0.30752 4304.79
 0.30764 4286.68
 0.30776 4289.8
 0.30788 4313.75
 0.308 4357.97
 0.30812 4422.11
 0.30824 4506.06
 0.30836 4609.55
 0.30848 4731.54
 0.3086 4870.07
 0.30872 5022.85
 0.30884 5187.04
 0.30896 5359.36
 0.30908 5536.42
 0.3092 5715.31
 0.30932 5893.23
 0.30944 6066.98
 0.30956 6233.38
 0.30968 6389.75
 0.3098 6534.08
 0.30992 6664.55
 0.31004 6778.5
 0.31016 6873.43
 0.31028 6947.6
 0.3104 7000.17
 0.31052 7031.79
 0.31064 7043.63
 0.31076 7036.93
 0.31088 7013.5
 0.311 6975.59
 0.31112 6925.74
 0.31124 6866.04
 0.31136 6798.93
 0.31148 6727.19
 0.3116 6653.46
 0.31172 6579.85
 0.31184 6507.87
 0.31196 6439.48
 0.31208 6377.24
 0.3122 6322.65
 0.31232 6276.24
 0.31244 6237.53
 0.31256 6205.13
 0.31268 6177.95
 0.3128 6155.03
 0.31292 6135.34
 0.31304 6117.21
 0.31316 6098.67
 0.31328 6077.93
 0.3134 6052.93
 0.31352 6021.74
 0.31364 5982.64
 0.31376 5934.51
 0.31388 5876.69
 0.314 5808.43
 0.31412 5729.63
 0.31424 5641.4
 0.31436 5545.64
 0.31448 5445.02
 0.3146 5342.32
 0.31472 5239.77
 0.31484 5139.3
 0.31496 5042.79
 0.31508 4952.88
 0.3152 4872.37
 0.31532 4803.83
 0.31544 4749.52
 0.31556 4711.11
 0.31568 4690.11
 0.3158 4687.29
 0.31592 4703.25
 0.31604 4738.13
 0.31616 4791.22
 0.31628 4860.66
 0.3164 4943.78
 0.31652 5037.29
 0.31664 5138.13
 0.31676 5243.48
 0.31688 5350.71
 0.317 5457.3
 0.31712 5560.4
 0.31724 5657.38
 0.31736 5746.08
 0.31748 5824.9
 0.3176 5892.58
 0.31772 5948.14
 0.31784 5991.15
 0.31796 6021.26
 0.31808 6038.32
 0.3182 6042.7
 0.31832 6035.86
 0.31844 6020.05
 0.31856 5998.2
 0.31868 5973.2
 0.3188 5948.27
 0.31892 5926.43
 0.31904 5910.24
 0.31916 5902.11
 0.31928 5903.92
 0.3194 5917.11
 0.31952 5942.64
 0.31964 5981.62
 0.31976 6034.64
 0.31988 6101.86
 0.32 6183.33
 0.32012 6279.27
 0.32024 6389.82
 0.32036 6514.48
 0.32048 6651.52
 0.3206 6798.26
 0.32072 6951.47
 0.32084 7107.21
 0.32096 7261.67
 0.32108 7411.39
 0.3212 7553.2
 0.32132 7684.64
 0.32144 7803.94
 0.32156 7909.06
 0.32168 7998.1
 0.3218 8069.65
 0.32192 8122.83
 0.32204 8156.76
 0.32216 8170.24
 0.32228 8161.59
 0.3224 8129.86
 0.32252 8075.68
 0.32264 8000.74
 0.32276 7907.76
 0.32288 7800.31
 0.323 7682.23
 0.32312 7557.09
 0.32324 7428.19
 0.32336 7297.95
 0.32348 7168.49
 0.3236 7042.51
 0.32372 6922.37
 0.32384 6810.09
 0.32396 6707.39
 0.32408 6615.61
 0.3242 6536.11
 0.32432 6470.59
 0.32444 6419.86
 0.32456 6383.78
 0.32468 6361.34
 0.3248 6350.56
 0.32492 6348.77
 0.32504 6353.31
 0.32516 6361.75
 0.32528 6371.62
 0.3254 6380.98
 0.32552 6387.81
 0.32564 6390.18
 0.32576 6386.1
 0.32588 6373.5
 0.326 6350.7
 0.32612 6317.09
 0.32624 6272.52
 0.32636 6217.14
 0.32648 6151.52
 0.3266 6076.38
 0.32672 5992.92
 0.32684 5902.99
 0.32696 5808.58
 0.32708 5711.45
 0.3272 5613.72
 0.32732 5517.6
 0.32744 5425.23
 0.32756 5338.22
 0.32768 5257.47
 0.3278 5184.43
 0.32792 5120.65
 0.32804 5067.13
 0.32816 5023.87
 0.32828 4990.35
 0.3284 4965.27
 0.32852 4947.28
 0.32864 4935.11
 0.32876 4927.39
 0.32888 4922.63
 0.329 4919.31
 0.32912 4915.83
 0.32924 4910.37
 0.32936 4901.35
 0.32948 4887.31
 0.3296 4867.81
 0.32972 4843.04
 0.32984 4812.92
 0.32996 4777.52
 0.33008 4736.93
 0.3302 4691.68
 0.33032 4642.81
 0.33044 4592.31
 0.33056 4542.41
 0.33068 4495.27
 0.3308 4452.75
 0.33092 4416.66
 0.33104 4388.87
 0.33116 4371.09
 0.33128 4364.3
 0.3314 4369.2
 0.33152 4386.28
 0.33164 4415.43
 0.33176 4456.03
 0.33188 4507.3
 0.332 4568.71
 0.33212 4639.96
 0.33224 4720.57
 0.33236 4809.32
 0.33248 4904.21
 0.3326 5002.79
 0.33272 5102.47
 0.33284 5200.84
 0.33296 5295.06
 0.33308 5382.3
 0.3332 5460.52
 0.33332 5528.64
 0.33344 5585.66
 0.33356 5630.54
 0.33368 5662.52
 0.3338 5681.11
 0.33392 5685.79
 0.33404 5675.56
 0.33416 5649.39
 0.33428 5606.5
 0.3344 5546.76
 0.33452 5470.44
 0.33464 5378.45
 0.33476 5272.17
 0.33488 5153.73
 0.335 5026.02
 0.33512 4892.04
 0.33524 4754.21
 0.33536 4614.45
 0.33548 4474.62
 0.3356 4336.54
 0.33572 4201.82
 0.33584 4072.12
 0.33596 3949.38
 0.33608 3835.99
 0.3362 3734.34
 0.33632 3646.56
 0.33644 3574.61
 0.33656 3520.35
 0.33668 3484.85
 0.3368 3468.55
 0.33692 3471.11
 0.33704 3491.69
 0.33716 3529.07
 0.33728 3582.02
 0.3374 3649.54
 0.33752 3731.04
 0.33764 3826.34
 0.33776 3935.58
 0.33788 4058.57
 0.338 4194.62
 0.33812 4342.7
 0.33824 4501.85
 0.33836 4671.23
 0.33848 4849.78
 0.3386 5036.46
 0.33872 5230.67
 0.33884 5431.95
 0.33896 5639.37
 0.33908 5851.75
 0.3392 6068.45
 0.33932 6288.97
 0.33944 6512.24
 0.33956 6736.51
 0.33968 6958.96
 0.3398 7176.33
 0.33992 7385.96
 0.34004 7585.56
 0.34016 7772.76
 0.34028 7944.89
 0.3404 8099.21
 0.34052 8233.71
 0.34064 8346.16
 0.34076 8434.55
 0.34088 8497.44
 0.341 8534.79
 0.34112 8547.1
 0.34124 8534.29
 0.34136 8496.49
 0.34148 8434.59
 0.3416 8350.49
 0.34172 8247.48
 0.34184 8128.96
 0.34196 7997.68
 0.34208 7856.42
 0.3422 7708.21
 0.34232 7556.56
 0.34244 7404.22
 0.34256 7253.14
 0.34268 7105.48
 0.3428 6963
 0.34292 6827.07
 0.34304 6698.06
 0.34316 6576.19
 0.34328 6462.1
 0.3434 6355.87
 0.34352 6257.14
 0.34364 6164.81
 0.34376 6077.17
 0.34388 5992.87
 0.344 5911.27
 0.34412 5831.78
 0.34424 5753.51
 0.34436 5675.51
 0.34448 5598.4
 0.3446 5523.36
 0.34472 5451.49
 0.34484 5383.87
 0.34496 5321.43
 0.34508 5265.39
 0.3452 5216.71
 0.34532 5176.36
 0.34544 5145.67
 0.34556 5125.75
 0.34568 5117.69
 0.3458 5122.35
 0.34592 5139.95
 0.34604 5169.85
 0.34616 5211.25
 0.34628 5263.79
 0.3464 5326.71
 0.34652 5397.83
 0.34664 5474.82
 0.34676 5555.51
 0.34688 5637.78
 0.347 5719.65
 0.34712 5799.3
 0.34724 5875.31
 0.34736 5946.26
 0.34748 6010.68
 0.3476 6067.46
 0.34772 6115.79
 0.34784 6155.26
 0.34796 6185.9
 0.34808 6208.55
 0.3482 6223.77
 0.34832 6231.9
 0.34844 6233.66
 0.34856 6230.36
 0.34868 6222.97
 0.3488 6212.48
 0.34892 6200.01
 0.34904 6186.21
 0.34916 6171.33
 0.34928 6155.3
 0.3494 6137.6
 0.34952 6117.92
 0.34964 6095.92
 0.34976 6070.89
 0.34988 6042.21
 0.35 6009.23
 0.35012 5971.41
 0.35024 5928.4
 0.35036 5879.88
 0.35048 5825.54
 0.3506 5765.28
 0.35072 5699.34
 0.35084 5627.81
 0.35096 5551.14
 0.35108 5470.64
 0.3512 5387.81
 0.35132 5304.35
 0.35144 5222.69
 0.35156 5144.97
 0.35168 5073.47
 0.3518 5010.85
 0.35192 4959.08
 0.35204 4919.4
 0.35216 4892.81
 0.35228 4880.31
 0.3524 4882.88
 0.35252 4900.98
 0.35264 4934.35
 0.35276 4982.36
 0.35288 5044.12
 0.353 5118.12
 0.35312 5202.47
 0.35324 5295.54
 0.35336 5395.36
 0.35348 5499.17
 0.3536 5604.26
 0.35372 5707.35
 0.35384 5805.06
 0.35396 5895.11
 0.35408 5975.7
 0.3542 6044.98
 0.35432 6100.79
 0.35444 6141.11
 0.35456 6164.68
 0.35468 6171.43
 0.3548 6161.77
 0.35492 6136.58
 0.35504 6096.82
 0.35516 6043.27
 0.35528 5976.04
 0.3554 5896.02
 0.35552 5804.56
 0.35564 5703.04
 0.35576 5593.49
 0.35588 5477.73
 0.356 5356.89
 0.35612 5232.11
 0.35624 5104.67
 0.35636 4976.42
 0.35648 4849.01
 0.3566 4723.5
 0.35672 4600.19
 0.35684 4479.04
 0.35696 4359.73
 0.35708 4242.37
 0.3572 4127.48
 0.35732 4016.11
 0.35744 3908.53
 0.35756 3805.13
 0.35768 3706.24
 0.3578 3611.97
 0.35792 3522.43
 0.35804 3438.03
 0.35816 3359.31
 0.35828 3286.62
 0.3584 3220.04
 0.35852 3159.53
 0.35864 3105.19
 0.35876 3057.38
 0.35888 3017.03
 0.359 2985.1
 0.35912 2962.29
 0.35924 2949.12
 0.35936 2946.11
 0.35948 2954.41
 0.3596 2975.02
 0.35972 3008.68
 0.35984 3056.11
 0.35996 3118.06
 0.36008 3195.02
 0.3602 3287.2
 0.36032 3394.8
 0.36044 3518.09
 0.36056 3657.73
 0.36068 3814.01
 0.3608 3986.4
 0.36092 4173.4
 0.36104 4373.3
 0.36116 4584.11
 0.36128 4803.51
 0.3614 5028.38
 0.36152 5254.82
 0.36164 5478.94
 0.36176 5697.54
 0.36188 5907.53
 0.362 6105.69
 0.36212 6289.1
 0.36224 6454.99
 0.36236 6600.78
 0.36248 6723.88
 0.3626 6821.49
 0.36272 6891.71
 0.36284 6933.78
 0.36296 6947.79
 0.36308 6934.16
 0.3632 6893.94
 0.36332 6828.64
 0.36344 6741.11
 0.36356 6635.02
 0.36368 6513.86
 0.3638 6380.59
 0.36392 6238.2
 0.36404 6089.98
 0.36416 5938.97
 0.36428 5788.24
 0.3644 5640.49
 0.36452 5498.41
 0.36464 5364.57
 0.36476 5240.66
 0.36488 5127.93
 0.365 5027.34
 0.36512 4939.39
 0.36524 4864.43
 0.36536 4802.37
 0.36548 4752.08
 0.3656 4711.86
 0.36572 4680.14
 0.36584 4655.55
 0.36596 4636.42
 0.36608 4620.74
 0.3662 4606.52
 0.36632 4592.04
 0.36644 4575.84
 0.36656 4556.6
 0.36668 4533.46
 0.3668 4506.24
 0.36692 4474.74
 0.36704 4439.07
 0.36716 4399.8
 0.36728 4357.04
 0.3674 4311.24
 0.36752 4263.35
 0.36764 4214.86
 0.36776 4167.12
 0.36788 4121.45
 0.368 4079.54
 0.36812 4043.68
 0.36824 4016.03
 0.36836 3998.19
 0.36848 3991.61
 0.3686 3997.36
 0.36872 4015.79
 0.36884 4046.48
 0.36896 4088.86
 0.36908 4141.76
 0.3692 4204.08
 0.36932 4275.36
 0.36944 4354.92
 0.36956 4441.45
 0.36968 4533.23
 0.3698 4628.69
 0.36992 4726.18
 0.37004 4823.64
 0.37016 4918.36
 0.37028 5007.93
 0.3704 5090.53
 0.37052 5164.89
 0.37064 5230.29
 0.37076 5286.71
 0.37088 5334.77
 0.371 5375.18
 0.37112 5408.95
 0.37124 5436.47
 0.37136 5457.58
 0.37148 5472.43
 0.3716 5481.9
 0.37172 5487.07
 0.37184 5488.98
 0.37196 5488.75
 0.37208 5487.83
 0.3722 5488.37
 0.37232 5492.14
 0.37244 5500.11
 0.37256 5511.82
 0.37268 5526.34
 0.3728 5542.12
 0.37292 5557.68
 0.37304 5571.68
 0.37316 5582.92
 0.37328 5590.96
 0.3734 5595.58
 0.37352 5596.18
 0.37364 5591.95
 0.37376 5582.02
 0.37388 5565.6
 0.374 5541.97
 0.37412 5509.93
 0.37424 5467.84
 0.37436 5414.24
 0.37448 5349.05
 0.3746 5273.81
 0.37472 5190.55
 0.37484 5101.69
 0.37496 5009.24
 0.37508 4914.84
 0.3752 4819.83
 0.37532 4725.4
 0.37544 4633.14
 0.37556 4544.37
 0.37568 4460.24
 0.3758 4381.84
 0.37592 4310.11
 0.37604 4246.01
 0.37616 4191.02
 0.37628 4147
 0.3764 4115.69
 0.37652 4097.66
 0.37664 4092.53
 0.37676 4099.3
 0.37688 4116.54
 0.377 4143.15
 0.37712 4178.57
 0.37724 4222.08
 0.37736 4272.18
 0.37748 4327.17
 0.3776 4386.13
 0.37772 4448.12
 0.37784 4512.28
 0.37796 4577.59
 0.37808 4642.75
 0.3782 4705.82
 0.37832 4764.63
 0.37844 4817.13
 0.37856 4861.64
 0.37868 4897.03
 0.3788 4923.01
 0.37892 4939.97
 0.37904 4948.29
 0.37916 4947.81
 0.37928 4939.22
 0.3794 4923.86
 0.37952 4902.85
 0.37964 4876.91
 0.37976 4847.01
 0.37988 4814.41
 0.38 4780.76
 0.38012 4748.15
 0.38024 4719.1
 0.38036 4695.96
 0.38048 4681.06
 0.3806 4676.53
 0.38072 4683.92
 0.38084 4703.67
 0.38096 4735.29
 0.38108 4778.34
 0.3812 4832.52
 0.38132 4896.85
 0.38144 4970.03
 0.38156 5050.71
 0.38168 5137.6
 0.3818 5229.05
 0.38192 5322.8
 0.38204 5416.46
 0.38216 5507.54
 0.38228 5593.58
 0.3824 5672.33
 0.38252 5741.38
 0.38264 5798.63
 0.38276 5842.93
 0.38288 5874.44
 0.383 5894.13
 0.38312 5902.66
 0.38324 5900.81
 0.38336 5889.79
 0.38348 5871.35
 0.3836 5847.34
 0.38372 5819.5
 0.38384 5789.98
 0.38396 5761.45
 0.38408 5736.38
 0.3842 5716.91
 0.38432 5705.09
 0.38444 5703.07
 0.38456 5713.34
 0.38468 5737.85
 0.3848 5776.71
 0.38492 5828.42
 0.38504 5891.37
 0.38516 5964.31
 0.38528 6045.78
 0.3854 6133.77
 0.38552 6225.83
 0.38564 6319.8
 0.38576 6413.49
 0.38588 6504.33
 0.386 6589.68
 0.38612 6667.03
 0.38624 6734.31
 0.38636 6789.53
 0.38648 6830.33
 0.3866 6854.26
 0.38672 6859.99
 0.38684 6848.67
 0.38696 6822.69
 0.38708 6784.13
 0.3872 6734.72
 0.38732 6676.36
 0.38744 6611.31
 0.38756 6541.86
 0.38768 6470.13
 0.3878 6398.36
 0.38792 6328.75
 0.38804 6263.26
 0.38816 6203.64
 0.38828 6150.98
 0.3884 6106.11
 0.38852 6070.21
 0.38864 6044.06
 0.38876 6027.15
 0.38888 6017.17
 0.389 6011.13
 0.38912 6006.42
 0.38924 6000.74
 0.38936 5991.97
 0.38948 5978.08
 0.3896 5957.03
 0.38972 5926.7
 0.38984 5885.07
 0.38996 5830.62
 0.39008 5762.13
 0.3902 5679.05
 0.39032 5581.79
 0.39044 5471.02
 0.39056 5347.34
 0.39068 5212.07
 0.3908 5067.29
 0.39092 4916.06
 0.39104 4761.74
 0.39116 4607.46
 0.39128 4456.09
 0.3914 4309.99
 0.39152 4170.98
 0.39164 4041
 0.39176 3922.09
 0.39188 3815.95
 0.392 3723.84
 0.39212 3646.86
 0.39224 3585.2
 0.39236 3538.25
 0.39248 3505.2
 0.3926 3485.06
 0.39272 3476.32
 0.39284 3477.03
 0.39296 3484.81
 0.39308 3497.37
 0.3932 3512.22
 0.39332 3527.03
 0.39344 3540.31
 0.39356 3551.08
 0.39368 3558.14
 0.3938 3560.35
 0.39392 3557.17
 0.39404 3548.17
 0.39416 3532.97
 0.39428 3512
 0.3944 3486.41
 0.39452 3457.62
 0.39464 3426.95
 0.39476 3395.86
 0.39488 3366.01
 0.395 3339.1
 0.39512 3316.99
 0.39524 3301.88
 0.39536 3295.63
 0.39548 3299.73
 0.3956 3315.64
 0.39572 3344.76
 0.39584 3388.19
 0.39596 3446.01
 0.39608 3518.32
 0.3962 3605.08
 0.39632 3705.23
 0.39644 3817.05
 0.39656 3938.46
 0.39668 4067.79
 0.3968 4203.48
 0.39692 4343.75
 0.39704 4486.6
 0.39716 4629.72
 0.39728 4770.7
 0.3974 4907.29
 0.39752 5036.77
 0.39764 5156.76
 0.39776 5265.09
 0.39788 5360.05
 0.398 5440.93
 0.39812 5506.94
 0.39824 5557.49
 0.39836 5593.07
 0.39848 5614.54
 0.3986 5623.05
 0.39872 5619.47
 0.39884 5604.74
 0.39896 5580
 0.39908 5546.59
 0.3992 5506.18
 0.39932 5460.42
 0.39944 5411.43
 0.39956 5361.34
 0.39968 5311.69
 0.3998 5263.89
 0.39992 5219.24
 0.40004 5178.45
 0.40016 5142.49
 0.40028 5112.02
 0.4004 5086.77
 0.40052 5066.55
 0.40064 5051.08
 0.40076 5039.94
 0.40088 5032.62
 0.401 5028.89
 0.40112 5028.11
 0.40124 5029.18
 0.40136 5031.01
 0.40148 5032.27
 0.4016 5032.45
 0.40172 5031.17
 0.40184 5027.98
 0.40196 5022.36
 0.40208 5014.12
 0.4022 5002.91
 0.40232 4989.07
 0.40244 4973.55
 0.40256 4957.05
 0.40268 4940.35
 0.4028 4924.24
 0.40292 4909.26
 0.40304 4895.69
 0.40316 4884.51
 0.40328 4876.71
 0.4034 4872.86
 0.40352 4873.14
 0.40364 4877.02
 0.40376 4884.27
 0.40388 4894.58
 0.404 4907.56
 0.40412 4922.74
 0.40424 4939.76
 0.40436 4957.97
 0.40448 4976.57
 0.4046 4994.77
 0.40472 5011.73
 0.40484 5026.95
 0.40496 5040.07
 0.40508 5050.94
 0.4052 5059.26
 0.40532 5065.32
 0.40544 5069.7
 0.40556 5073.33
 0.40568 5077.41
 0.4058 5083.17
 0.40592 5092
 0.40604 5105.35
 0.40616 5124.48
 0.40628 5149.78
 0.4064 5180.89
 0.40652 5217.32
 0.40664 5258.84
 0.40676 5305.01
 0.40688 5355.42
 0.407 5409.35
 0.40712 5465.55
 0.40724 5522.58
 0.40736 5578.89
 0.40748 5633.38
 0.4076 5684.8
 0.40772 5731.69
 0.40784 5772.38
 0.40796 5805.11
 0.40808 5827.84
 0.4082 5838.43
 0.40832 5836.16
 0.40844 5821.17
 0.40856 5793.73
 0.40868 5754.37
 0.4088 5703.9
 0.40892 5642.89
 0.40904 5572.58
 0.40916 5494.59
 0.40928 5410.26
 0.4094 5320.42
 0.40952 5225.15
 0.40964 5124.88
 0.40976 5020.2
 0.40988 4911.75
 0.41 4800.41
 0.41012 4688.17
 0.41024 4577.46
 0.41036 4470.08
 0.41048 4367.25
 0.4106 4269.71
 0.41072 4177.6
 0.41084 4090.66
 0.41096 4008.93
 0.41108 3932.09
 0.4112 3860.02
 0.41132 3793.1
 0.41144 3732.3
 0.41156 3678.73
 0.41168 3633.05
 0.4118 3595.87
 0.41192 3567.87
 0.41204 3549.19
 0.41216 3539
 0.41228 3536.19
 0.4124 3539.77
 0.41252 3549.65
 0.41264 3566.09
 0.41276 3589.93
 0.41288 3622.26
 0.413 3663.73
 0.41312 3714.61
 0.41324 3774.62
 0.41336 3843.11
 0.41348 3919.34
 0.4136 4002.8
 0.41372 4093.29
 0.41384 4190.19
 0.41396 4292.73
 0.41408 4400.43
 0.4142 4512.77
 0.41432 4628.95
 0.41444 4747.8
 0.41456 4867.17
 0.41468 4985.08
 0.4148 5098.91
 0.41492 5206.01
 0.41504 5303.95
 0.41516 5391.18
 0.41528 5466.77
 0.4154 5529.86
 0.41552 5579.39
 0.41564 5614.43
 0.41576 5634.27
 0.41588 5638.98
 0.416 5628.81
 0.41612 5604.1
 0.41624 5565.67
 0.41636 5514.77
 0.41648 5453.38
 0.4166 5383.94
 0.41672 5308.77
 0.41684 5230.87
 0.41696 5153.63
 0.41708 5080.12
 0.4172 5012.48
 0.41732 4952.35
 0.41744 4901.67
 0.41756 4862.24
 0.41768 4835.19
 0.4178 4821.22
 0.41792 4820.39
 0.41804 4832.83
 0.41816 4858.95
 0.41828 4899.23
 0.4184 4953.33
 0.41852 5020.2
 0.41864 5098.55
 0.41876 5186.77
 0.41888 5282.58
 0.419 5383.4
 0.41912 5487.34
 0.41924 5593.26
 0.41936 5700.1
 0.41948 5806.24
 0.4196 5910.54
 0.41972 6012.61
 0.41984 6112.37
 0.41996 6209.91
 0.42008 6304.61
 0.4202 6394.46
 0.42032 6477.16
 0.42044 6551.42
 0.42056 6616.35
 0.42068 6671.37
 0.4208 6716.47
 0.42092 6751.82
 0.42104 6777.49
 0.42116 6792.66
 0.42128 6796
 0.4214 6786.69
 0.42152 6764.44
 0.42164 6728.41
 0.42176 6677.03
 0.42188 6608.58
 0.422 6521.82
 0.42212 6416.78
 0.42224 6295.33
 0.42236 6159.33
 0.42248 6010.27
 0.4226 5849.59
 0.42272 5678.56
 0.42284 5498.4
 0.42296 5310.56
 0.42308 5116.93
 0.4232 4920.33
 0.42332 4723.53
 0.42344 4528.97
 0.42356 4338.94
 0.42368 4156.27
 0.4238 3984.61
 0.42392 3827.36
 0.42404 3687.13
 0.42416 3565.31
 0.42428 3462.4
 0.4244 3378.85
 0.42452 3315
 0.42464 3271.05
 0.42476 3246.73
 0.42488 3241.46
 0.425 3254.12
 0.42512 3282.86
 0.42524 3325.52
 0.42536 3380.19
 0.42548 3444.66
 0.4256 3516.49
 0.42572 3592.76
 0.42584 3669.94
 0.42596 3744.82
 0.42608 3815.11
 0.4262 3879.06
 0.42632 3935.19
 0.42644 3982.21
 0.42656 4018.75
 0.42668 4043.99
 0.4268 4057.78
 0.42692 4060.11
 0.42704 4051.97
 0.42716 4034.89
 0.42728 4010.17
 0.4274 3979.04
 0.42752 3943.54
 0.42764 3905.84
 0.42776 3868.38
 0.42788 3834.03
 0.428 3805.37
 0.42812 3784.26
 0.42824 3772.26
 0.42836 3770.45
 0.42848 3780.03
 0.4286 3802.26
 0.42872 3837.72
 0.42884 3886.91
 0.42896 3949.91
 0.42908 4025.81
 0.4292 4113.26
 0.42932 4210.99
 0.42944 4317.25
 0.42956 4429.49
 0.42968 4545.17
 0.4298 4661.79
 0.42992 4776.82
 0.43004 4888.02
 0.43016 4993.45
 0.43028 5091.58
 0.4304 5181.28
 0.43052 5261.12
 0.43064 5329.75
 0.43076 5386.1
 0.43088 5428.86
 0.431 5457.33
 0.43112 5471.52
 0.43124 5472
 0.43136 5459.67
 0.43148 5436.5
 0.4316 5404.94
 0.43172 5367.23
 0.43184 5325.16
 0.43196 5280.21
 0.43208 5233.69
 0.4322 5186.86
 0.43232 5140.87
 0.43244 5096.81
 0.43256 5055.82
 0.43268 5018.9
 0.4328 4987.13
 0.43292 4961.75
 0.43304 4943.64
 0.43316 4933.1
 0.43328 4930.13
 0.4334 4934.14
 0.43352 4943.63
 0.43364 4957.07
 0.43376 4973.33
 0.43388 4991.64
 0.434 5011.42
 0.43412 5032.11
 0.43424 5053.13
 0.43436 5073.45
 0.43448 5092.04
 0.4346 5108.03
 0.43472 5120.75
 0.43484 5129.43
 0.43496 5133.23
 0.43508 5131.69
 0.4352 5124.49
 0.43532 5111.52
 0.43544 5093.11
 0.43556 5069.92
 0.43568 5042.39
 0.4358 5010.91
 0.43592 4975.83
 0.43604 4937.84
 0.43616 4897.57
 0.43628 4855.37
 0.4364 4812.31
 0.43652 4769.62
 0.43664 4728.3
 0.43676 4689.12
 0.43688 4652.9
 0.437 4620.39
 0.43712 4592.31
 0.43724 4569.25
 0.43736 4551.44
 0.43748 4538.68
 0.4376 4531.01
 0.43772 4528.43
 0.43784 4530.69
 0.43796 4537.15
 0.43808 4546.82
 0.4382 4559.25
 0.43832 4574.58
 0.43844 4592.11
 0.43856 4610.95
 0.43868 4630.26
 0.4388 4649.5
 0.43892 4668.08
 0.43904 4685.15
 0.43916 4699.57
 0.43928 4710.74
 0.4394 4718.68
 0.43952 4723.61
 0.43964 4725.58
 0.43976 4724.68
 0.43988 4721.26
 0.44 4716.05
 0.44012 4709.7
 0.44024 4702.02
 0.44036 4692.55
 0.44048 4681.54
 0.4406 4669.64
 0.44072 4657.53
 0.44084 4645.71
 0.44096 4635
 0.44108 4626.72
 0.4412 4622.35
 0.44132 4622.62
 0.44144 4627.62
 0.44156 4637.14
 0.44168 4650.88
 0.4418 4668.89
 0.44192 4691.07
 0.44204 4717.33
 0.44216 4747.73
 0.44228 4782.64
 0.4424 4822.36
 0.44252 4866.57
 0.44264 4914.08
 0.44276 4963.62
 0.44288 5013.74
 0.443 5062.62
 0.44312 5108.14
 0.44324 5148.37
 0.44336 5182.09
 0.44348 5208.71
 0.4436 5228.08
 0.44372 5240.11
 0.44384 5244.55
 0.44396 5240.95
 0.44408 5228.66
 0.4442 5207.29
 0.44432 5176.54
 0.44444 5136.19
 0.44456 5087.04
 0.44468 5030.79
 0.4448 4969.25
 0.44492 4904.61
 0.44504 4839.01
 0.44516 4774.33
 0.44528 4711.93
 0.4454 4652.59
 0.44552 4596.81
 0.44564 4544.94
 0.44576 4497.03
 0.44588 4452.82
 0.446 4412.44
 0.44612 4376.35
 0.44624 4344.67
 0.44636 4317.32
 0.44648 4293.87
 0.4466 4272.79
 0.44672 4252.28
 0.44684 4230.54
 0.44696 4205.68
 0.44708 4176.31
 0.4472 4141.83
 0.44732 4102.27
 0.44744 4057.85
 0.44756 4008.76
 0.44768 3955.26
 0.4478 3898.37
 0.44792 3839.46
 0.44804 3779.59
 0.44816 3719.46
 0.44828 3659.9
 0.4484 3602.27
 0.44852 3548.45
 0.44864 3500.58
 0.44876 3460.42
 0.44888 3429.26
 0.449 3408.23
 0.44912 3397.61
 0.44924 3396.87
 0.44936 3405.26
 0.44948 3422.08
 0.4496 3446.42
 0.44972 3477.16
 0.44984 3512.51
 0.44996 3550.32
 0.45008 3588.6
 0.4502 3625.65
 0.45032 3659.5
 0.45044 3687.83
 0.45056 3708.43
 0.45068 3719.67
 0.4508 3720.55
 0.45092 3710.7
 0.45104 3690.07
 0.45116 3659.65
 0.45128 3620.68
 0.4514 3574.15
 0.45152 3520.97
 0.45164 3462.42
 0.45176 3399.95
 0.45188 3335.5
 0.452 3271.35
 0.45212 3209.71
 0.45224 3152.97
 0.45236 3103.38
 0.45248 3062.85
 0.4526 3032.46
 0.45272 3012.7
 0.45284 3003.82
 0.45296 3005.72
 0.45308 3017.64
 0.4532 3038.11
 0.45332 3065.82
 0.45344 3099.97
 0.45356 3139.85
 0.45368 3184.54
 0.4538 3232.8
 0.45392 3282.98
 0.45404 3333.34
 0.45416 3381.75
 0.45428 3425.84
 0.4544 3464
 0.45452 3495.38
 0.45464 3520.07
 0.45476 3538.16
 0.45488 3549.62
 0.455 3554.93
 0.45512 3555.29
 0.45524 3551.93
 0.45536 3545.91
 0.45548 3537.75
 0.4556 3527.86
 0.45572 3516.88
 0.45584 3505.9
 0.45596 3496.24
 0.45608 3489.68
 0.4562 3488.75
 0.45632 3495.9
 0.45644 3512.58
 0.45656 3539.19
 0.45668 3575.76
 0.4568 3622.6
 0.45692 3679.53
 0.45704 3745.66
 0.45716 3819.91
 0.45728 3901.34
 0.4574 3989.11
 0.45752 4082.86
 0.45764 4182.24
 0.45776 4286.67
 0.45788 4395.18
 0.458 4506.43
 0.45812 4617.68
 0.45824 4725.49
 0.45836 4826.7
 0.45848 4919.44
 0.4586 5002.56
 0.45872 5074.93
 0.45884 5135.65
 0.45896 5184.77
 0.45908 5222.63
 0.4592 5249.55
 0.45932 5266.23
 0.45944 5273.13
 0.45956 5270.5
 0.45968 5258.69
 0.4598 5238.19
 0.45992 5209.61
 0.46004 5174.07
 0.46016 5134.32
 0.46028 5093.37
 0.4604 5053.81
 0.46052 5017.34
 0.46064 4985.5
 0.46076 4959.63
 0.46088 4940.56
 0.461 4928.51
 0.46112 4923.62
 0.46124 4925.59
 0.46136 4933.51
 0.46148 4946.5
 0.4616 4963.59
 0.46172 4983.71
 0.46184 5005.84
 0.46196 5029.46
 0.46208 5053.78
 0.4622 5077.42
 0.46232 5098.9
 0.46244 5116.87
 0.46256 5130.03
 0.46268 5137
 0.4628 5136.63
 0.46292 5127.98
 0.46304 5110.5
 0.46316 5083.8
 0.46328 5048.18
 0.4634 5004.6
 0.46352 4954.2
 0.46364 4898.12
 0.46376 4837.4
 0.46388 4772.86
 0.464 4704.77
 0.46412 4633.33
 0.46424 4558.79
 0.46436 4481.8
 0.46448 4403.22
 0.4646 4324.04
 0.46472 4245.29
 0.46484 4168.01
 0.46496 4093.2
 0.46508 4021.71
 0.4652 3954.34
 0.46532 3891.36
 0.46544 3832.41
 0.46556 3777.32
 0.46568 3726.15
 0.4658 3678.84
 0.46592 3635.31
 0.46604 3595.59
 0.46616 3559.63
 0.46628 3527.05
 0.4664 3497.2
 0.46652 3469.52
 0.46664 3443.7
 0.46676 3419.53
 0.46688 3396.57
 0.467 3374.4
 0.46712 3352.36
 0.46724 3329.67
 0.46736 3305.96
 0.46748 3281.13
 0.4676 3254.52
 0.46772 3225.77
 0.46784 3194.88
 0.46796 3162.15
 0.46808 3127.96
 0.4682 3093.11
 0.46832 3058.62
 0.46844 3025.16
 0.46856 2992.91
 0.46868 2961.81
 0.4688 2931.72
 0.46892 2902.83
 0.46904 2875.39
 0.46916 2850.08
 0.46928 2827.63
 0.4694 2808.49
 0.46952 2793.24
 0.46964 2782.52
 0.46976 2776.53
 0.46988 2775.13
 0.47 2777.74
 0.47012 2783.69
 0.47024 2792.08
 0.47036 2801.98
 0.47048 2813.28
 0.4706 2826.04
 0.47072 2840.09
 0.47084 2855.32
 0.47096 2871.3
 0.47108 2887.37
 0.4712 2902.71
 0.47132 2916.72
 0.47144 2929.08
 0.47156 2939.57
 0.47168 2948.27
 0.4718 2955.41
 0.47192 2961.84
 0.47204 2968.62
 0.47216 2976.67
 0.47228 2986.85
 0.4724 2999.94
 0.47252 3016.23
 0.47264 3036.26
 0.47276 3060.82
 0.47288 3090.46
 0.473 3126.06
 0.47312 3168.68
 0.47324 3219.15
 0.47336 3277.37
 0.47348 3342.46
 0.4736 3413.22
 0.47372 3488.22
 0.47384 3565.66
 0.47396 3643.32
 0.47408 3719.3
 0.4742 3791.94
 0.47432 3859.86
 0.47444 3921.4
 0.47456 3974.95
 0.47468 4018.61
 0.4748 4050.84
 0.47492 4070.42
 0.47504 4075.94
 0.47516 4065.7
 0.47528 4038.72
 0.4754 3995.46
 0.47552 3937.2
 0.47564 3865.38
 0.47576 3781.86
 0.47588 3688.78
 0.476 3588.1
 0.47612 3481.46
 0.47624 3370.34
 0.47636 3256.14
 0.47648 3140.87
 0.4766 3026.72
 0.47672 2915.84
 0.47684 2810.02
 0.47696 2710.6
 0.47708 2619.05
 0.4772 2537.05
 0.47732 2465.47
 0.47744 2404.4
 0.47756 2353.82
 0.47768 2313.66
 0.4778 2283.3
 0.47792 2262.23
 0.47804 2250.13
 0.47816 2246.56
 0.47828 2251.16
 0.4784 2263.41
 0.47852 2282.33
 0.47864 2306.84
 0.47876 2335.86
 0.47888 2368.13
 0.479 2402.88
 0.47912 2439.28
 0.47924 2476.73
 0.47936 2514.9
 0.47948 2553.06
 0.4796 2590.01
 0.47972 2624.47
 0.47984 2655.52
 0.47996 2682.1
 0.48008 2703.43
 0.4802 2718.86
 0.48032 2727.75
 0.48044 2729.53
 0.48056 2723.78
 0.48068 2710.13
 0.4808 2688.65
 0.48092 2660.12
 0.48104 2625.22
 0.48116 2584.59
 0.48128 2538.44
 0.4814 2487.25
 0.48152 2432.28
 0.48164 2375.4
 0.48176 2318.59
 0.48188 2263.7
 0.482 2212.6
 0.48212 2166.95
 0.48224 2128.35
 0.48236 2098.44
 0.48248 2078.86
 0.4826 2071.29
 0.48272 2076.98
 0.48284 2096.3
 0.48296 2128.49
 0.48308 2172.39
 0.4832 2227.1
 0.48332 2291.86
 0.48344 2365.57
 0.48356 2446.87
 0.48368 2534.14
 0.4838 2625.75
 0.48392 2720
 0.48404 2814.96
 0.48416 2908.69
 0.48428 2999.33
 0.4844 3085.07
 0.48452 3163.98
 0.48464 3234.16
 0.48476 3294.5
 0.48488 3344.91
 0.485 3386.3
 0.48512 3419.59
 0.48524 3445.35
 0.48536 3464.38
 0.48548 3477.53
 0.4856 3485.52
 0.48572 3488.88
 0.48584 3488.16
 0.48596 3484.24
 0.48608 3478.51
 0.4862 3472.37
 0.48632 3467.02
 0.48644 3463.38
 0.48656 3462.62
 0.48668 3465.55
 0.4868 3472.34
 0.48692 3482.67
 0.48704 3496.07
 0.48716 3512.54
 0.48728 3532.26
 0.4874 3555.01
 0.48752 3580.68
 0.48764 3609.53
 0.48776 3641.95
 0.48788 3678.13
 0.488 3717.68
 0.48812 3759.59
 0.48824 3802.84
 0.48836 3846.66
 0.48848 3890.53
 0.4886 3933.97
 0.48872 3976.95
 0.48884 4019.55
 0.48896 4061.66
 0.48908 4102.98
 0.4892 4142.87
 0.48932 4180.79
 0.48944 4216.43
 0.48956 4248.88
 0.48968 4276.9
 0.4898 4299.28
 0.48992 4315.16
 0.49004 4324.08
 0.49016 4326.17
 0.49028 4321.59
 0.4904 4310.52
 0.49052 4293.03
 0.49064 4269.08
 0.49076 4238.48
 0.49088 4201.24
 0.491 4157.61
 0.49112 4107.7
 0.49124 4051.72
 0.49136 3989.63
 0.49148 3921.85
 0.4916 3849.56
 0.49172 3774.2
 0.49184 3697.24
 0.49196 3620
 0.49208 3543.73
 0.4922 3469.4
 0.49232 3397.7
 0.49244 3329.05
 0.49256 3263.76
 0.49268 3201.76
 0.4928 3142.9
 0.49292 3086.78
 0.49304 3033.25
 0.49316 2982.35
 0.49328 2934.38
 0.4934 2889.66
 0.49352 2847.75
 0.49364 2807.86
 0.49376 2769.03
 0.49388 2730.32
 0.494 2690.74
 0.49412 2649.38
 0.49424 2605.55
 0.49436 2559.07
 0.49448 2510.05
 0.4946 2458.94
 0.49472 2406.71
 0.49484 2354.58
 0.49496 2303.77
 0.49508 2255.36
 0.4952 2209.95
 0.49532 2167.85
 0.49544 2129.6
 0.49556 2096.08
 0.49568 2068.08
 0.4958 2046.18
 0.49592 2030.89
 0.49604 2022.52
 0.49616 2021.19
 0.49628 2026.81
 0.4964 2038.82
 0.49652 2056.52
 0.49664 2079.08
 0.49676 2105.61
 0.49688 2135.11
 0.497 2166.36
 0.49712 2198.21
 0.49724 2230.03
 0.49736 2261.26
 0.49748 2291.22
 0.4976 2319.28
 0.49772 2345.07
 0.49784 2368.65
 0.49796 2390.34
 0.49808 2410.69
 0.4982 2430.22
 0.49832 2449.68
 0.49844 2469.84
 0.49856 2491.29
 0.49868 2514.32
 0.4988 2538.66
 0.49892 2564.07
 0.49904 2590.68
 0.49916 2618.52
 0.49928 2647.4
 0.4994 2677.1
 0.49952 2707.4
 0.49964 2737.99
 0.49976 2768.32
 0.49988 2797.37
 0.5 2823.59
 0.50012 2845.69
 0.50024 2862.31
 0.50036 2872.01
 0.50048 2873.96
 0.5006 2867.64
 0.50072 2852.98
 0.50084 2830.78
 0.50096 2801.76
 0.50108 2766.48
 0.5012 2725.59
 0.50132 2679.8
 0.50144 2629.87
 0.50156 2576.65
 0.50168 2520.98
 0.5018 2463.71
 0.50192 2406.45
 0.50204 2351.11
 0.50216 2299.2
 0.50228 2252.44
 0.5024 2212.26
 0.50252 2179.37
 0.50264 2154.41
 0.50276 2137.56
 0.50288 2128.47
 0.503 2126.78
 0.50312 2132.21
 0.50324 2144.44
 0.50336 2163.03
 0.50348 2187.53
 0.5036 2217.43
 0.50372 2252.47
 0.50384 2292.35
 0.50396 2336.17
 0.50408 2382.98
 0.5042 2432.09
 0.50432 2482.58
 0.50444 2533.96
 0.50456 2586.08
 0.50468 2638.86
 0.5048 2692.48
 0.50492 2747.14
 0.50504 2802.94
 0.50516 2859.84
 0.50528 2917.68
 0.5054 2976.24
 0.50552 3035.31
 0.50564 3094.62
 0.50576 3153.69
 0.50588 3212.06
 0.506 3269.64
 0.50612 3326.15
 0.50624 3381.31
 0.50636 3435.15
 0.50648 3487.21
 0.5066 3536.69
 0.50672 3582.73
 0.50684 3624.23
 0.50696 3660.63
 0.50708 3691.36
 0.5072 3716
 0.50732 3734.29
 0.50744 3746.16
 0.50756 3751.41
 0.50768 3749.89
 0.5078 3741.49
 0.50792 3726.07
 0.50804 3703.46
 0.50816 3673.85
 0.50828 3637.26
 0.5084 3593.67
 0.50852 3543.67
 0.50864 3488.06
 0.50876 3427.76
 0.50888 3363.77
 0.509 3296.45
 0.50912 3226.38
 0.50924 3154.24
 0.50936 3080.75
 0.50948 3006.57
 0.5096 2932.45
 0.50972 2859.14
 0.50984 2787.4
 0.50996 2717.89
 0.51008 2650.9
 0.5102 2586.52
 0.51032 2525.06
 0.51044 2466.62
 0.51056 2411.02
 0.51068 2358.28
 0.5108 2308.18
 0.51092 2260.52
 0.51104 2215.65
 0.51116 2173.81
 0.51128 2134.78
 0.5114 2098.24
 0.51152 2064.06
 0.51164 2032.14
 0.51176 2002.44
 0.51188 1974.97
 0.512 1950.14
 0.51212 1928.71
 0.51224 1911.12
 0.51236 1897.57
 0.51248 1888.38
 0.5126 1883.65
 0.51272 1883.25
 0.51284 1887.53
 0.51296 1896.75
 0.51308 1910.87
 0.5132 1929.95
 0.51332 1954.55
 0.51344 1985.11
 0.51356 2021.75
 0.51368 2064.56
 0.5138 2113.38
 0.51392 2167.92
 0.51404 2227.39
 0.51416 2290.98
 0.51428 2358.53
 0.5144 2429.44
 0.51452 2503.05
 0.51464 2579.13
 0.51476 2657.36
 0.51488 2737.13
 0.515 2817.79
 0.51512 2898.5
 0.51524 2978.29
 0.51536 3055.85
 0.51548 3130.15
 0.5156 3200.27
 0.51572 3265.25
 0.51584 3324.48
 0.51596 3377.55
 0.51608 3424.36
 0.5162 3464.66
 0.51632 3498.28
 0.51644 3526.13
 0.51656 3549
 0.51668 3567.26
 0.5168 3581
 0.51692 3590.14
 0.51704 3594.94
 0.51716 3595.94
 0.51728 3593.76
 0.5174 3589.2
 0.51752 3582.84
 0.51764 3575.46
 0.51776 3567.99
 0.51788 3561.02
 0.518 3554.97
 0.51812 3549.98
 0.51824 3545.95
 0.51836 3542.1
 0.51848 3537.13
 0.5186 3530.11
 0.51872 3520.68
 0.51884 3509.32
 0.51896 3496.86
 0.51908 3483.81
 0.5192 3470.7
 0.51932 3457.99
 0.51944 3446.16
 0.51956 3435.64
 0.51968 3426.42
 0.5198 3418.31
 0.51992 3411.3
 0.52004 3405.63
 0.52016 3402.05
 0.52028 3401.72
 0.5204 3405.89
 0.52052 3415.68
 0.52064 3431.82
 0.52076 3454.62
 0.52088 3483.39
 0.521 3517.23
 0.52112 3555.25
 0.52124 3596.33
 0.52136 3639.28
 0.52148 3683.03
 0.5216 3726.88
 0.52172 3770.56
 0.52184 3814.01
 0.52196 3857.02
 0.52208 3899.02
 0.5222 3939.09
 0.52232 3976.28
 0.52244 4009.83
 0.52256 4039
 0.52268 4062.87
 0.5228 4080.78
 0.52292 4092.89
 0.52304 4098.98
 0.52316 4098.91
 0.52328 4092.89
 0.5234 4081.11
 0.52352 4063.38
 0.52364 4039.1
 0.52376 4007.37
 0.52388 3967.4
 0.524 3918.67
 0.52412 3860.79
 0.52424 3793.41
 0.52436 3716.21
 0.52448 3629.07
 0.5246 3532.16
 0.52472 3426.14
 0.52484 3311.43
 0.52496 3188.63
 0.52508 3059.3
 0.5252 2924.91
 0.52532 2786.92
 0.52544 2646.9
 0.52556 2506.92
 0.52568 2369.27
 0.5258 2236.18
 0.52592 2109.53
 0.52604 1991.03
 0.52616 1882.43
 0.52628 1785.56
 0.5264 1701.99
 0.52652 1633.29
 0.52664 1580.79
 0.52676 1545.67
 0.52688 1528.84
 0.527 1530.35
 0.52712 1549.57
 0.52724 1585.58
 0.52736 1637.1
 0.52748 1702.65
 0.5276 1780.45
 0.52772 1868.64
 0.52784 1965.5
 0.52796 2069.64
 0.52808 2179.78
 0.5282 2294.55
 0.52832 2412.36
 0.52844 2531.68
 0.52856 2650.71
 0.52868 2767.46
 0.5288 2879.97
 0.52892 2986.51
 0.52904 3085.63
 0.52916 3176.28
 0.52928 3257.85
 0.5294 3330.24
 0.52952 3393.55
 0.52964 3448.04
 0.52976 3494.24
 0.52988 3532.69
 0.53 3563.32
 0.53012 3585.77
 0.53024 3599.94
 0.53036 3606.03
 0.53048 3604.39
 0.5306 3595.8
 0.53072 3581.32
 0.53084 3562
 0.53096 3539.4
 0.53108 3515.2
 0.5312 3491.18
 0.53132 3468.69
 0.53144 3448.69
 0.53156 3431.94
 0.53168 3418.86
 0.5318 3409.21
 0.53192 3403
 0.53204 3401.08
 0.53216 3404.57
 0.53228 3414.02
 0.5324 3429.57
 0.53252 3450.94
 0.53264 3477.28
 0.53276 3507.77
 0.53288 3541.49
 0.533 3577
 0.53312 3612.44
 0.53324 3645.64
 0.53336 3674.87
 0.53348 3698.71
 0.5336 3715.88
 0.53372 3725.52
 0.53384 3727.33
 0.53396 3720.62
 0.53408 3704.33
 0.5342 3677.52
 0.53432 3640
 0.53444 3592.02
 0.53456 3534.53
 0.53468 3468.87
 0.5348 3396.14
 0.53492 3317.56
 0.53504 3234.78
 0.53516 3150.07
 0.53528 3065.67
 0.5354 2983.02
 0.53552 2903.49
 0.53564 2828.77
 0.53576 2760.33
 0.53588 2699.49
 0.536 2647.49
 0.53612 2605.47
 0.53624 2574.36
 0.53636 2554.88
 0.53648 2547.49
 0.5366 2552.3
 0.53672 2569.33
 0.53684 2598.67
 0.53696 2640.24
 0.53708 2693.01
 0.5372 2755.61
 0.53732 2827.43
 0.53744 2908.47
 0.53756 2998.11
 0.53768 3095.21
 0.5378 3198.55
 0.53792 3307.02
 0.53804 3419.93
 0.53816 3536.56
 0.53828 3655.63
 0.5384 3775.3
 0.53852 3893.67
 0.53864 4008.7
 0.53876 4118.42
 0.53888 4221.03
 0.539 4315.26
 0.53912 4400.73
 0.53924 4476.67
 0.53936 4541.48
 0.53948 4594.11
 0.5396 4634.16
 0.53972 4661.69
 0.53984 4676.87
 0.53996 4679.9
 0.54008 4670.71
 0.5402 4649.64
 0.54032 4618.14
 0.54044 4578.34
 0.54056 4532.47
 0.54068 4482.82
 0.5408 4431.26
 0.54092 4379.13
 0.54104 4327.51
 0.54116 4277.36
 0.54128 4230.43
 0.5414 4188.46
 0.54152 4152.59
 0.54164 4123.58
 0.54176 4101.76
 0.54188 4086.94
 0.542 4078.65
 0.54212 4076.49
 0.54224 4079.62
 0.54236 4086.46
 0.54248 4095.24
 0.5426 4104.36
 0.54272 4112.58
 0.54284 4119.42
 0.54296 4124.62
 0.54308 4127.64
 0.5432 4127.63
 0.54332 4123.15
 0.54344 4112.97
 0.54356 4095.72
 0.54368 4070.44
 0.5438 4036.84
 0.54392 3995.45
 0.54404 3947.1
 0.54416 3892.54
 0.54428 3832.66
 0.5444 3768.61
 0.54452 3701.5
 0.54464 3632.11
 0.54476 3560.76
 0.54488 3487.44
 0.545 3412.47
 0.54512 3336.36
 0.54524 3260.17
 0.54536 3185.27
 0.54548 3113.4
 0.5456 3046.6
 0.54572 2986.38
 0.54584 2933.78
 0.54596 2889.08
 0.54608 2852.47
 0.5462 2824.38
 0.54632 2805.23
 0.54644 2795.05
 0.54656 2793.66
 0.54668 2801.09
 0.5468 2817.42
 0.54692 2842.63
 0.54704 2876.6
 0.54716 2918.82
 0.54728 2967.94
 0.5474 3022.37
 0.54752 3080
 0.54764 3138.71
 0.54776 3196.46
 0.54788 3251.51
 0.548 3302.6
 0.54812 3348.43
 0.54824 3387.26
 0.54836 3417.49
 0.54848 3438.18
 0.5486 3448.77
 0.54872 3448.92
 0.54884 3438.39
 0.54896 3416.94
 0.54908 3384.22
 0.5492 3340.97
 0.54932 3288.47
 0.54944 3227.94
 0.54956 3160.74
 0.54968 3088.45
 0.5498 3012.81
 0.54992 2935.32
 0.55004 2857.39
 0.55016 2780.56
 0.55028 2706.85
 0.5504 2638.18
 0.55052 2575.99
 0.55064 2521.36
 0.55076 2475.2
 0.55088 2438.19
 0.551 2411.14
 0.55112 2394.65
 0.55124 2388.35
 0.55136 2392.07
 0.55148 2406.07
 0.5516 2430.36
 0.55172 2464.68
 0.55184 2508.8
 0.55196 2562.39
 0.55208 2624.97
 0.5522 2695.94
 0.55232 2774.29
 0.55244 2858.69
 0.55256 2948.19
 0.55268 3041.7
 0.5528 3138.14
 0.55292 3236.58
 0.55304 3336.08
 0.55316 3435.95
 0.55328 3535.76
 0.5534 3634.64
 0.55352 3731.75
 0.55364 3826.54
 0.55376 3918.46
 0.55388 4006.82
 0.554 4091.31
 0.55412 4171.84
 0.55424 4248.25
 0.55436 4321.06
 0.55448 4391.04
 0.5546 4458.3
 0.55472 4523.42
 0.55484 4587.2
 0.55496 4650.42
 0.55508 4714.01
 0.5552 4778.72
 0.55532 4845.54
 0.55544 4914.99
 0.55556 4987
 0.55568 5061.27
 0.5558 5137.52
 0.55592 5215.48
 0.55604 5294.38
 0.55616 5373.37
 0.55628 5451.26
 0.5564 5526.01
 0.55652 5596.01
 0.55664 5660.34
 0.55676 5717.64
 0.55688 5766.2
 0.557 5804.16
 0.55712 5829.51
 0.55724 5840.08
 0.55736 5833.87
 0.55748 5810.08
 0.5576 5768.58
 0.55772 5709.64
 0.55784 5633.68
 0.55796 5541.07
 0.55808 5432.6
 0.5582 5309.19
 0.55832 5172.51
 0.55844 5025.02
 0.55856 4868.64
 0.55868 4705.07
 0.5588 4536.49
 0.55892 4365.17
 0.55904 4193.71
 0.55916 4024.73
 0.55928 3861.06
 0.5594 3704.93
 0.55952 3557.59
 0.55964 3419.88
 0.55976 3292.06
 0.55988 3174.44
 0.56 3067.4
 0.56012 2971.18
 0.56024 2886
 0.56036 2811.32
 0.56048 2746.02
 0.5606 2689.11
 0.56072 2639.49
 0.56084 2595.87
 0.56096 2556.92
 0.56108 2521.24
 0.5612 2487.61
 0.56132 2454.83
 0.56144 2422.28
 0.56156 2389.78
 0.56168 2357.38
 0.5618 2325.59
 0.56192 2294.8
 0.56204 2265.69
 0.56216 2238.54
 0.56228 2213.41
 0.5624 2190.94
 0.56252 2172.09
 0.56264 2157.47
 0.56276 2147.72
 0.56288 2143.48
 0.563 2145.3
 0.56312 2153.35
 0.56324 2167.59
 0.56336 2187.67
 0.56348 2212.84
 0.5636 2242.27
 0.56372 2275.04
 0.56384 2310.07
 0.56396 2346.07
 0.56408 2381.62
 0.5642 2415.99
 0.56432 2448.55
 0.56444 2478.15
 0.56456 2503.84
 0.56468 2525.17
 0.5648 2541.7
 0.56492 2553.02
 0.56504 2559.06
 0.56516 2560.17
 0.56528 2556.91
 0.5654 2550.37
 0.56552 2541.78
 0.56564 2532.12
 0.56576 2522.3
 0.56588 2513.05
 0.566 2505.11
 0.56612 2498.97
 0.56624 2494.7
 0.56636 2492.82
 0.56648 2494.21
 0.5666 2499.49
 0.56672 2509.1
 0.56684 2523.57
 0.56696 2543.39
 0.56708 2568.67
 0.5672 2599.19
 0.56732 2634.53
 0.56744 2673.81
 0.56756 2716.25
 0.56768 2761.35
 0.5678 2808.69
 0.56792 2858.21
 0.56804 2910.27
 0.56816 2965.27
 0.56828 3023.42
 0.5684 3084.08
 0.56852 3146.23
 0.56864 3208.96
 0.56876 3271.27
 0.56888 3331.89
 0.569 3389.58
 0.56912 3443.37
 0.56924 3492.41
 0.56936 3535.79
 0.56948 3572.83
 0.5696 3602.73
 0.56972 3624.88
 0.56984 3638.63
 0.56996 3643.05
 0.57008 3637.11
 0.5702 3619.98
 0.57032 3591.48
 0.57044 3552.27
 0.57056 3503.08
 0.57068 3444.22
 0.5708 3376.33
 0.57092 3300.38
 0.57104 3217.32
 0.57116 3128.02
 0.57128 3033.76
 0.5714 2936.1
 0.57152 2836.47
 0.57164 2736.03
 0.57176 2635.66
 0.57188 2536.26
 0.572 2438.86
 0.57212 2344.25
 0.57224 2253.11
 0.57236 2165.56
 0.57248 2081.48
 0.5726 2001.49
 0.57272 1926.59
 0.57284 1857.27
 0.57296 1793.85
 0.57308 1736.59
 0.5732 1685.39
 0.57332 1639.69
 0.57344 1598.76
 0.57356 1562.11
 0.57368 1529.65
 0.5738 1501.42
 0.57392 1477.44
 0.57404 1457.84
 0.57416 1442.86
 0.57428 1432.88
 0.5744 1428.33
 0.57452 1429.24
 0.57464 1435.04
 0.57476 1445.3
 0.57488 1460
 0.575 1479.15
 0.57512 1503
 0.57524 1532.34
 0.57536 1568.1
 0.57548 1611.22
 0.5756 1662.39
 0.57572 1722.04
 0.57584 1790.35
 0.57596 1866.9
 0.57608 1950.94
 0.5762 2041.51
 0.57632 2137.45
 0.57644 2237.94
 0.57656 2342.28
 0.57668 2449.68
 0.5768 2559.14
 0.57692 2669.75
 0.57704 2780.61
 0.57716 2890.39
 0.57728 2997.48
 0.5774 3100.25
 0.57752 3197.1
 0.57764 3286.6
 0.57776 3367.75
 0.57788 3440.13
 0.578 3504.27
 0.57812 3561
 0.57824 3611.55
 0.57836 3657.23
 0.57848 3698.91
 0.5786 3737.73
 0.57872 3774.89
 0.57884 3811.22
 0.57896 3846.89
 0.57908 3882.08
 0.5792 3917.33
 0.57932 3953.11
 0.57944 3989.86
 0.57956 4028.03
 0.57968 4067.73
 0.5798 4108.37
 0.57992 4149.25
 0.58004 4189.5
 0.58016 4228.25
 0.58028 4264.25
 0.5804 4296.38
 0.58052 4323.84
 0.58064 4345.89
 0.58076 4362.01
 0.58088 4372.57
 0.581 4378.62
 0.58112 4381.24
 0.58124 4381.6
 0.58136 4381.18
 0.58148 4381.43
 0.5816 4383.61
 0.58172 4389.28
 0.58184 4400.33
 0.58196 4417.8
 0.58208 4441.86
 0.5822 4472.5
 0.58232 4509.88
 0.58244 4553.96
 0.58256 4604.56
 0.58268 4661.24
 0.5828 4723.22
 0.58292 4789.06
 0.58304 4856.71
 0.58316 4923.94
 0.58328 4988.06
 0.5834 5046.15
 0.58352 5095.52
 0.58364 5133.94
 0.58376 5159.36
 0.58388 5169.84
 0.584 5164.51
 0.58412 5143.54
 0.58424 5107.08
 0.58436 5055.43
 0.58448 4988.76
 0.5846 4907.33
 0.58472 4811.7
 0.58484 4702.77
 0.58496 4581.82
 0.58508 4450.6
 0.5852 4310.99
 0.58532 4165.33
 0.58544 4015.87
 0.58556 3864.49
 0.58568 3712.61
 0.5858 3561.57
 0.58592 3412.77
 0.58604 3267.25
 0.58616 3125.62
 0.58628 2988.76
 0.5864 2857.71
 0.58652 2733.75
 0.58664 2617.66
 0.58676 2509.8
 0.58688 2410.34
 0.587 2319.24
 0.58712 2236.47
 0.58724 2161.95
 0.58736 2095.54
 0.58748 2037.58
 0.5876 1988.62
 0.58772 1949.18
 0.58784 1919.38
 0.58796 1898.77
 0.58808 1886.87
 0.5882 1883.08
 0.58832 1886.16
 0.58844 1894.43
 0.58856 1906.4
 0.58868 1921.39
 0.5888 1938.93
 0.58892 1958.61
 0.58904 1979.96
 0.58916 2002.35
 0.58928 2025.11
 0.5894 2047.1
 0.58952 2066.64
 0.58964 2082.13
 0.58976 2092.47
 0.58988 2097.22
 0.59 2096.34
 0.59012 2089.85
 0.59024 2078.2
 0.59036 2062.47
 0.59048 2043.79
 0.5906 2022.96
 0.59072 2000.38
 0.59084 1976.58
 0.59096 1952.15
 0.59108 1927.86
 0.5912 1904.66
 0.59132 1883.74
 0.59144 1866.91
 0.59156 1856.13
 0.59168 1852.8
 0.5918 1857.69
 0.59192 1871.23
 0.59204 1893.74
 0.59216 1925.31
 0.59228 1965.54
 0.5924 2014.03
 0.59252 2070.57
 0.59264 2135.13
 0.59276 2207.31
 0.59288 2286.35
 0.593 2371.28
 0.59312 2460.65
 0.59324 2552.56
 0.59336 2644.71
 0.59348 2734.66
 0.5936 2820.22
 0.59372 2900.07
 0.59384 2973.15
 0.59396 3038.48
 0.59408 3095.15
 0.5942 3142.73
 0.59432 3181.02
 0.59444 3209.39
 0.59456 3226.97
 0.59468 3232.83
 0.5948 3226.86
 0.59492 3209.28
 0.59504 3180.61
 0.59516 3141.97
 0.59528 3095
 0.5954 3041.61
 0.59552 2983.62
 0.59564 2922.48
 0.59576 2859.21
 0.59588 2794.76
 0.596 2730.12
 0.59612 2666.1
 0.59624 2602.99
 0.59636 2541.16
 0.59648 2481.53
 0.5966 2425.34
 0.59672 2373.77
 0.59684 2327.17
 0.59696 2285.87
 0.59708 2250.15
 0.5972 2220.02
 0.59732 2195.05
 0.59744 2174.67
 0.59756 2158.36
 0.59768 2145.72
 0.5978 2136.44
 0.59792 2130.18
 0.59804 2126.63
 0.59816 2125.66
 0.59828 2127.27
 0.5984 2131.16
 0.59852 2136.54
 0.59864 2142.16
 0.59876 2147.12
 0.59888 2150.87
 0.599 2152.76
 0.59912 2152.21
 0.59924 2148.85
 0.59936 2142.7
 0.59948 2133.87
 0.5996 2122.51
 0.59972 2108.84
 0.59984 2093.07
 0.59996 2075.43
 0.60008 2056.16
 0.6002 2035.66
 0.60032 2014.61
 0.60044 1994.07
 0.60056 1975.44
 0.60068 1960.48
 0.6008 1950.86
 0.60092 1948.19
 0.60104 1953.59
 0.60116 1967.87
 0.60128 1991.55
 0.6014 2024.7
 0.60152 2067.29
 0.60164 2119.04
 0.60176 2179.61
 0.60188 2248.72
 0.602 2326.19
 0.60212 2411.57
 0.60224 2503.84
 0.60236 2601.59
 0.60248 2703.26
 0.6026 2807
 0.60272 2910.56
 0.60284 3011.55
 0.60296 3108.09
 0.60308 3198.93
 0.6032 3282.92
 0.60332 3359.17
 0.60344 3427.22
 0.60356 3486.78
 0.60368 3537.83
 0.6038 3580.15
 0.60392 3613.24
 0.60404 3636.35
 0.60416 3649.43
 0.60428 3653.17
 0.6044 3648.51
 0.60452 3636.4
 0.60464 3618.2
 0.60476 3595.65
 0.60488 3570.33
 0.605 3542.93
 0.60512 3514.2
 0.60524 3485.07
 0.60536 3456.29
 0.60548 3428.37
 0.6056 3401.69
 0.60572 3376.76
 0.60584 3354.4
 0.60596 3335.84
 0.60608 3322.19
 0.6062 3313.38
 0.60632 3308.53
 0.60644 3306.83
 0.60656 3307.35
 0.60668 3308.74
 0.6068 3309.32
 0.60692 3308
 0.60704 3304.26
 0.60716 3297.24
 0.60728 3285.98
 0.6074 3269.61
 0.60752 3247.27
 0.60764 3218.1
 0.60776 3181
 0.60788 3134.82
 0.608 3078.42
 0.60812 3011.35
 0.60824 2934.61
 0.60836 2849.41
 0.60848 2756.74
 0.6086 2657.62
 0.60872 2553.51
 0.60884 2446.04
 0.60896 2336.34
 0.60908 2225.39
 0.6092 2114.25
 0.60932 2004
 0.60944 1895.74
 0.60956 1790.61
 0.60968 1689.86
 0.6098 1594.73
 0.60992 1506.14
 0.61004 1424.62
 0.61016 1350.01
 0.61028 1281.41
 0.6104 1218.32
 0.61052 1160.54
 0.61064 1107.92
 0.61076 1060.01
 0.61088 1016.31
 0.611 976.48
 0.61112 940.193
 0.61124 907.124
 0.61136 876.949
 0.61148 849.256
 0.6116 823.425
 0.61172 798.808
 0.61184 774.854
 0.61196 751.511
 0.61208 728.953
 0.6122 707.573
 0.61232 687.793
 0.61244 669.784
 0.61256 653.628
 0.61268 639.468
 0.6128 627.56
 0.61292 618.292
 0.61304 612.14
 0.61316 609.638
 0.61328 611.328
 0.6134 617.757
 0.61352 629.603
 0.61364 647.625
 0.61376 672.579
 0.61388 705.082
 0.614 745.489
 0.61412 794.125
 0.61424 851.314
 0.61436 917.275
 0.61448 991.845
 0.6146 1074.45
 0.61472 1164.43
 0.61484 1260.78
 0.61496 1362.03
 0.61508 1466.4
 0.6152 1571.93
 0.61532 1676.7
 0.61544 1778.74
 0.61556 1876.24
 0.61568 1967.52
 0.6158 2050.98
 0.61592 2125.05
 0.61604 2188.21
 0.61616 2238.96
 0.61628 2275.81
 0.6164 2297.67
 0.61652 2304.11
 0.61664 2295.21
 0.61676 2271.27
 0.61688 2233.34
 0.617 2183.1
 0.61712 2122.74
 0.61724 2054.52
 0.61736 1980.7
 0.61748 1903.5
 0.6176 1824.86
 0.61772 1746.37
 0.61784 1669.55
 0.61796 1595.91
 0.61808 1526.96
 0.6182 1464.29
 0.61832 1409.46
 0.61844 1363.77
 0.61856 1328.08
 0.61868 1302.82
 0.6188 1287.95
 0.61892 1282.68
 0.61904 1285.66
 0.61916 1295.35
 0.61928 1310.25
 0.6194 1328.83
 0.61952 1349.64
 0.61964 1371.48
 0.61976 1393.58
 0.61988 1415.3
 0.62 1435.98
 0.62012 1454.9
 0.62024 1471.03
 0.62036 1483.32
 0.62048 1490.72
 0.6206 1492.58
 0.62072 1488.7
 0.62084 1479.3
 0.62096 1465.17
 0.62108 1447.38
 0.6212 1426.78
 0.62132 1404.13
 0.62144 1380.25
 0.62156 1355.98
 0.62168 1331.93
 0.6218 1308.26
 0.62192 1285
 0.62204 1262.13
 0.62216 1239.95
 0.62228 1219.14
 0.6224 1200.48
 0.62252 1184.64
 0.62264 1172.05
 0.62276 1162.81
 0.62288 1156.83
 0.623 1153.6
 0.62312 1152.58
 0.62324 1153.64
 0.62336 1156.71
 0.62348 1161.46
 0.6236 1167.46
 0.62372 1174.47
 0.62384 1182.69
 0.62396 1192.44
 0.62408 1204.02
 0.6242 1217.38
 0.62432 1232.04
 0.62444 1247.45
 0.62456 1263.15
 0.62468 1278.73
 0.6248 1293.86
 0.62492 1308.28
 0.62504 1321.98
 0.62516 1334.77
 0.62528 1346
 0.6254 1355.02
 0.62552 1361.57
 0.62564 1365.43
 0.62576 1366.28
 0.62588 1363.59
 0.626 1356.83
 0.62612 1345.48
 0.62624 1329.38
 0.62636 1308.72
 0.62648 1283.72
 0.6266 1254.61
 0.62672 1221.58
 0.62684 1184.86
 0.62696 1144.63
 0.62708 1101.11
 0.6272 1054.85
 0.62732 1006.91
 0.62744 958.34
 0.62756 910.022
 0.62768 862.916
 0.6278 817.903
 0.62792 775.819
 0.62804 737.53
 0.62816 703.869
 0.62828 675.43
 0.6284 652.752
 0.62852 636.459
 0.62864 627.197
 0.62876 625.614
 0.62888 632.361
 0.629 648.126
 0.62912 673.502
 0.62924 708.924
 0.62936 754.335
 0.62948 809.618
 0.6296 874.639
 0.62972 948.858
 0.62984 1031.84
 0.62996 1122.97
 0.63008 1221.61
 0.6302 1327.2
 0.63032 1439.1
 0.63044 1556.32
 0.63056 1677.62
 0.63068 1801.69
 0.6308 1927.24
 0.63092 2052.94
 0.63104 2177.2
 0.63116 2298.04
 0.63128 2413.34
 0.6314 2521.32
 0.63152 2620.22
 0.63164 2708.39
 0.63176 2784.8
 0.63188 2848.62
 0.632 2899.29
 0.63212 2936.2
 0.63224 2958.49
 0.63236 2965.67
 0.63248 2957.74
 0.6326 2935.03
 0.63272 2897.84
 0.63284 2846.51
 0.63296 2781.5
 0.63308 2703.85
 0.6332 2615.27
 0.63332 2517.79
 0.63344 2413.26
 0.63356 2303.55
 0.63368 2190.38
 0.6338 2075.09
 0.63392 1958.74
 0.63404 1842.34
 0.63416 1727.08
 0.63428 1614.47
 0.6344 1505.76
 0.63452 1401.92
 0.63464 1303.89
 0.63476 1212.65
 0.63488 1129.15
 0.635 1054.18
 0.63512 988.079
 0.63524 930.688
 0.63536 881.508
 0.63548 840.292
 0.6356 806.824
 0.63572 780.942
 0.63584 762.565
 0.63596 751.684
 0.63608 748.277
 0.6362 752.073
 0.63632 762.641
 0.63644 779.349
 0.63656 801.453
 0.63668 827.933
 0.6368 857.707
 0.63692 889.703
 0.63704 922.924
 0.63716 956.493
 0.63728 989.793
 0.6374 1022.34
 0.63752 1053.5
 0.63764 1082.72
 0.63776 1109.49
 0.63788 1133.46
 0.638 1154.3
 0.63812 1171.7
 0.63824 1185.44
 0.63836 1195.59
 0.63848 1202.62
 0.6386 1207.36
 0.63872 1210.98
 0.63884 1214.66
 0.63896 1219.59
 0.63908 1227
 0.6392 1238.22
 0.63932 1254.48
 0.63944 1276.95
 0.63956 1306.32
 0.63968 1343.02
 0.6398 1387.15
 0.63992 1438.33
 0.64004 1496.11
 0.64016 1560.08
 0.64028 1629.74
 0.6404 1704.2
 0.64052 1782.34
 0.64064 1862.79
 0.64076 1944.05
 0.64088 2024.59
 0.641 2102.89
 0.64112 2177.21
 0.64124 2245.61
 0.64136 2306.32
 0.64148 2357.98
 0.6416 2400.1
 0.64172 2432.43
 0.64184 2455.46
 0.64196 2470.16
 0.64208 2477.48
 0.6422 2478.36
 0.64232 2473.72
 0.64244 2464.57
 0.64256 2451.84
 0.64268 2436.57
 0.6428 2419.84
 0.64292 2402.73
 0.64304 2386.35
 0.64316 2371.89
 0.64328 2360.41
 0.6434 2352.52
 0.64352 2348.29
 0.64364 2347.32
 0.64376 2349.13
 0.64388 2352.69
 0.644 2356.79
 0.64412 2360.26
 0.64424 2362.09
 0.64436 2361.46
 0.64448 2357.92
 0.6446 2350.94
 0.64472 2339.79
 0.64484 2323.71
 0.64496 2301.95
 0.64508 2273.91
 0.6452 2239.41
 0.64532 2198.77
 0.64544 2152.67
 0.64556 2101.91
 0.64568 2047.27
 0.6458 1989.51
 0.64592 1929.47
 0.64604 1868.02
 0.64616 1806.05
 0.64628 1744.31
 0.6464 1683.3
 0.64652 1623.32
 0.64664 1565.02
 0.64676 1509.26
 0.64688 1456.9
 0.647 1408.81
 0.64712 1365.6
 0.64724 1327.44
 0.64736 1294.24
 0.64748 1266.05
 0.6476 1243.01
 0.64772 1225.1
 0.64784 1212.35
 0.64796 1204.85
 0.64808 1202.66
 0.6482 1205.63
 0.64832 1213.51
 0.64844 1226.16
 0.64856 1243.36
 0.64868 1264.68
 0.6488 1289.65
 0.64892 1317.85
 0.64904 1348.75
 0.64916 1381.66
 0.64928 1416
 0.6494 1451.09
 0.64952 1485.83
 0.64964 1519.48
 0.64976 1551.76
 0.64988 1582.31
 0.65 1610.5
 0.65012 1635.83
 0.65024 1658.2
 0.65036 1677.62
 0.65048 1694.1
 0.6506 1707.68
 0.65072 1718.4
 0.65084 1726.18
 0.65096 1731.04
 0.65108 1733.33
 0.6512 1733.68
 0.65132 1732.76
 0.65144 1731.47
 0.65156 1730.6
 0.65168 1730.25
 0.6518 1730.25
 0.65192 1730.76
 0.65204 1732.2
 0.65216 1734.84
 0.65228 1738.75
 0.6524 1744.09
 0.65252 1751.07
 0.65264 1759.72
 0.65276 1770.16
 0.65288 1782.1
 0.653 1795.1
 0.65312 1808.52
 0.65324 1821.59
 0.65336 1833.61
 0.65348 1843.99
 0.6536 1852.87
 0.65372 1860.74
 0.65384 1868.07
 0.65396 1875.06
 0.65408 1881.92
 0.6542 1888.84
 0.65432 1895.75
 0.65444 1902.26
 0.65456 1907.89
 0.65468 1912.48
 0.6548 1916.28
 0.65492 1920.13
 0.65504 1924.71
 0.65516 1930.66
 0.65528 1938.59
 0.6554 1948.67
 0.65552 1960.46
 0.65564 1973.05
 0.65576 1985.46
 0.65588 1996.75
 0.656 2005.93
 0.65612 2011.73
 0.65624 2013.15
 0.65636 2009.63
 0.65648 2001.07
 0.6566 1987.37
 0.65672 1968.14
 0.65684 1942.55
 0.65696 1909.7
 0.65708 1869.11
 0.6572 1820.36
 0.65732 1763.37
 0.65744 1698.86
 0.65756 1628.13
 0.65768 1552.56
 0.6578 1473.56
 0.65792 1392.56
 0.65804 1311.31
 0.65816 1231.84
 0.65828 1155.89
 0.6584 1084.92
 0.65852 1020.13
 0.65864 962.756
 0.65876 914.116
 0.65888 875.416
 0.659 847.607
 0.65912 831.448
 0.65924 827.478
 0.65936 835.586
 0.65948 854.843
 0.6596 883.909
 0.65972 921.38
 0.65984 965.889
 0.65996 1016.08
 0.66008 1070.32
 0.6602 1126.91
 0.66032 1184.21
 0.66044 1240.68
 0.66056 1294.8
 0.66068 1345.06
 0.6608 1390.07
 0.66092 1428.68
 0.66104 1459.68
 0.66116 1481.95
 0.66128 1494.79
 0.6614 1498.26
 0.66152 1493.03
 0.66164 1480.16
 0.66176 1460.71
 0.66188 1435.52
 0.662 1405.26
 0.66212 1370.68
 0.66224 1332.55
 0.66236 1291.61
 0.66248 1248.62
 0.6626 1204.41
 0.66272 1159.83
 0.66284 1115.62
 0.66296 1072.69
 0.66308 1032.13
 0.6632 995.004
 0.66332 962.06
 0.66344 933.419
 0.66356 908.798
 0.66368 887.768
 0.6638 869.988
 0.66392 855.549
 0.66404 844.677
 0.66416 837.665
 0.66428 834.838
 0.6644 836.576
 0.66452 843.291
 0.66464 855.175
 0.66476 872.343
 0.66488 894.874
 0.665 922.602
 0.66512 955.167
 0.66524 991.929
 0.66536 1032.26
 0.66548 1075.91
 0.6656 1122.77
 0.66572 1172.73
 0.66584 1225.53
 0.66596 1280.65
 0.66608 1337.46
 0.6662 1395.02
 0.66632 1452.32
 0.66644 1508.07
 0.66656 1560.77
 0.66668 1609.21
 0.6668 1652.2
 0.66692 1688.6
 0.66704 1717.35
 0.66716 1737.76
 0.66728 1749.6
 0.6674 1752.82
 0.66752 1747.18
 0.66764 1732.49
 0.66776 1708.61
 0.66788 1675.48
 0.668 1633.15
 0.66812 1582.03
 0.66824 1522.87
 0.66836 1456.58
 0.66848 1384.72
 0.6686 1309.19
 0.66872 1231.83
 0.66884 1154.48
 0.66896 1078.97
 0.66908 1007.09
 0.6692 940.314
 0.66932 879.904
 0.66944 827.029
 0.66956 782.875
 0.66968 748.55
 0.6698 724.876
 0.66992 712.648
 0.67004 712.445
 0.67016 724.394
 0.67028 748.486
 0.6704 784.409
 0.67052 831.006
 0.67064 886.667
 0.67076 949.772
 0.67088 1018.7
 0.671 1091.83
 0.67112 1167.58
 0.67124 1244.21
 0.67136 1319.9
 0.67148 1392.79
 0.6716 1461.06
 0.67172 1523.14
 0.67184 1577.77
 0.67196 1623.55
 0.67208 1659.46
 0.6722 1684.74
 0.67232 1698.65
 0.67244 1700.86
 0.67256 1691.87
 0.67268 1672.43
 0.6728 1643.3
 0.67292 1605.23
 0.67304 1558.99
 0.67316 1505.38
 0.67328 1445.65
 0.6734 1381.21
 0.67352 1313.45
 0.67364 1243.75
 0.67376 1173.25
 0.67388 1103.07
 0.674 1034.54
 0.67412 968.55
 0.67424 905.976
 0.67436 847.66
 0.67448 794.159
 0.6746 745.635
 0.67472 702.195
 0.67484 663.948
 0.67496 631.011
 0.67508 603.568
 0.6752 581.721
 0.67532 565.294
 0.67544 554.07
 0.67556 547.882
 0.67568 546.73
 0.6758 550.768
 0.67592 560.065
 0.67604 574.812
 0.67616 595.275
 0.67628 621.668
 0.6764 654.088
 0.67652 692.492
 0.67664 736.875
 0.67676 787.257
 0.67688 843.725
 0.677 906.283
 0.67712 974.654
 0.67724 1048.57
 0.67736 1127.81
 0.67748 1212.15
 0.6776 1300.99
 0.67772 1393.28
 0.67784 1487.65
 0.67796 1582.42
 0.67808 1675.83
 0.6782 1766.32
 0.67832 1852.41
 0.67844 1932.96
 0.67856 2007.11
 0.67868 2074.1
 0.6788 2133.12
 0.67892 2183.23
 0.67904 2223.75
 0.67916 2254.34
 0.67928 2274.69
 0.6794 2284.46
 0.67952 2283.43
 0.67964 2272.09
 0.67976 2251.26
 0.67988 2222.28
 0.68 2186.96
 0.68012 2147.1
 0.68024 2104.41
 0.68036 2060.57
 0.68048 2016.95
 0.6806 1974.76
 0.68072 1934.67
 0.68084 1897.42
 0.68096 1863.7
 0.68108 1833.97
 0.6812 1808.56
 0.68132 1787.79
 0.68144 1771.97
 0.68156 1761.26
 0.68168 1755.5
 0.6818 1754.5
 0.68192 1757.69
 0.68204 1764.04
 0.68216 1772.22
 0.68228 1780.74
 0.6824 1788.12
 0.68252 1792.95
 0.68264 1794.31
 0.68276 1791.99
 0.68288 1785.9
 0.683 1775.86
 0.68312 1761.77
 0.68324 1743.52
 0.68336 1720.99
 0.68348 1694.09
 0.6836 1662.76
 0.68372 1626.82
 0.68384 1586.05
 0.68396 1540.45
 0.68408 1490.65
 0.6842 1437.83
 0.68432 1383.4
 0.68444 1328.76
 0.68456 1275.16
 0.68468 1223.14
 0.6848 1172.85
 0.68492 1124.46
 0.68504 1078.39
 0.68516 1035.09
 0.68528 995.029
 0.6854 958.751
 0.68552 926.796
 0.68564 899.73
 0.68576 878.188
 0.68588 862.813
 0.686 853.932
 0.68612 851.213
 0.68624 853.75
 0.68636 860.554
 0.68648 870.675
 0.6866 883.53
 0.68672 898.946
 0.68684 916.813
 0.68696 936.86
 0.68708 958.775
 0.6872 982.295
 0.68732 1006.98
 0.68744 1032.29
 0.68756 1057.68
 0.68768 1082.61
 0.6878 1106.54
 0.68792 1128.97
 0.68804 1149.78
 0.68816 1169.4
 0.68828 1188.66
 0.6884 1208.22
 0.68852 1228.67
 0.68864 1250.32
 0.68876 1273.38
 0.68888 1298.07
 0.689 1324.45
 0.68912 1352.39
 0.68924 1381.48
 0.68936 1411.47
 0.68948 1442.13
 0.6896 1473.25
 0.68972 1504.67
 0.68984 1536.26
 0.68996 1567.87
 0.69008 1599.04
 0.6902 1628.93
 0.69032 1656.63
 0.69044 1681.49
 0.69056 1702.89
 0.69068 1720.28
 0.6908 1733.13
 0.69092 1740.98
 0.69104 1743.56
 0.69116 1740.92
 0.69128 1733.58
 0.6914 1722.1
 0.69152 1707.1
 0.69164 1689.32
 0.69176 1669.23
 0.69188 1647.22
 0.692 1623.76
 0.69212 1599.41
 0.69224 1575.06
 0.69236 1551.37
 0.69248 1528.77
 0.6926 1507.71
 0.69272 1488.7
 0.69284 1472.27
 0.69296 1459.01
 0.69308 1449.7
 0.6932 1444.8
 0.69332 1444.45
 0.69344 1448.69
 0.69356 1457.04
 0.69368 1468.88
 0.6938 1483.92
 0.69392 1501.78
 0.69404 1522.01
 0.69416 1544.14
 0.69428 1567.52
 0.6944 1591.93
 0.69452 1617.25
 0.69464 1643.35
 0.69476 1669.85
 0.69488 1696.28
 0.695 1721.81
 0.69512 1745.4
 0.69524 1766.11
 0.69536 1783.08
 0.69548 1795.73
 0.6956 1804.41
 0.69572 1809.47
 0.69584 1811.23
 0.69596 1810.12
 0.69608 1806.57
 0.6962 1801.04
 0.69632 1793.93
 0.69644 1785.36
 0.69656 1775.4
 0.69668 1764.27
 0.6968 1752.49
 0.69692 1740.68
 0.69704 1729.71
 0.69716 1720.42
 0.69728 1713.76
 0.6974 1710.66
 0.69752 1711.6
 0.69764 1716.34
 0.69776 1724.61
 0.69788 1736.05
 0.698 1750.26
 0.69812 1766.78
 0.69824 1785.21
 0.69836 1805.17
 0.69848 1826.34
 0.6986 1848.35
 0.69872 1870.42
 0.69884 1891.58
 0.69896 1910.86
 0.69908 1927.47
 0.6992 1940.62
 0.69932 1949.25
 0.69944 1952.19
 0.69956 1948.81
 0.69968 1938.87
 0.6998 1922.17
 0.69992 1898.65
 0.70004 1868.44
 0.70016 1831.73
 0.70028 1788.75
 0.7004 1739.69
 0.70052 1684.8
 0.70064 1624.71
 0.70076 1560.65
 0.70088 1493.91
 0.701 1425.63
 0.70112 1356.79
 0.70124 1288.67
 0.70136 1223.02
 0.70148 1161.57
 0.7016 1105.49
 0.70172 1055.74
 0.70184 1013.26
 0.70196 978.78
 0.70208 952.775
 0.7022 935.484
 0.70232 927.125
 0.70244 927.912
 0.70256 937.994
 0.70268 956.971
 0.7028 984.033
 0.70292 1018.43
 0.70304 1059.55
 0.70316 1106.67
 0.70328 1158.36
 0.7034 1212.86
 0.70352 1268.7
 0.70364 1324.86
 0.70376 1380.37
 0.70388 1434.3
 0.704 1485.88
 0.70412 1534.77
 0.70424 1580.84
 0.70436 1624.01
 0.70448 1664.15
 0.7046 1701.32
 0.70472 1735.85
 0.70484 1768.14
 0.70496 1798.21
 0.70508 1825.84
 0.7052 1851.21
 0.70532 1875.25
 0.70544 1898.81
 0.70556 1922.42
 0.70568 1946.5
 0.7058 1971.48
 0.70592 1997.7
 0.70604 2025.15
 0.70616 2053.45
 0.70628 2082.19
 0.7064 2110.92
 0.70652 2139.14
 0.70664 2165.9
 0.70676 2190.23
 0.70688 2211.55
 0.707 2229.82
 0.70712 2245.27
 0.70724 2257.7
 0.70736 2266.52
 0.70748 2271.36
 0.7076 2271.86
 0.70772 2267.6
 0.70784 2258.15
 0.70796 2243.38
 0.70808 2223.51
 0.7082 2198.88
 0.70832 2169.79
 0.70844 2136.59
 0.70856 2099.89
 0.70868 2060.84
 0.7088 2020.25
 0.70892 1978.63
 0.70904 1936.1
 0.70916 1892.7
 0.70928 1848.68
 0.7094 1804.54
 0.70952 1760.65
 0.70964 1717.31
 0.70976 1674.72
 0.70988 1633.07
 0.71 1592.27
 0.71012 1552.12
 0.71024 1512.39
 0.71036 1472.88
 0.71048 1433.34
 0.7106 1393.22
 0.71072 1351.99
 0.71084 1309.37
 0.71096 1265.15
 0.71108 1219.23
 0.7112 1171.48
 0.71132 1121.69
 0.71144 1069.43
 0.71156 1014.58
 0.71168 957.479
 0.7118 898.562
 0.71192 838.283
 0.71204 777.169
 0.71216 715.759
 0.71228 654.594
 0.7124 594.214
 0.71252 535.176
 0.71264 478.066
 0.71276 423.249
 0.71288 371.048
 0.713 321.788
 0.71312 275.794
 0.71324 233.391
 0.71336 194.963
 0.71348 160.925
 0.7136 131.382
 0.71372 106.165
 0.71384 85.1538
 0.71396 68.2399
 0.71408 55.3155
 0.7142 46.2726
 0.71432 41.0031
 0.71444 39.4017
 0.71456 41.4182
 0.71468 47.1044
 0.7148 56.566
 0.71492 69.911
 0.71504 87.2474
 0.71516 108.683
 0.71528 134.332
 0.7154 164.363
 0.71552 198.811
 0.71564 237.664
 0.71576 280.877
 0.71588 328.244
 0.716 379.549
 0.71612 434.577
 0.71624 493.111
 0.71636 554.936
 0.71648 619.843
 0.7166 687.396
 0.71672 757.08
 0.71684 828.451
 0.71696 901.099
 0.71708 974.683
 0.7172 1048.89
 0.71732 1123.4
 0.71744 1197.7
 0.71756 1271.59
 0.71768 1344.84
 0.7178 1417.17
 0.71792 1488.36
 0.71804 1558.19
 0.71816 1626.44
 0.71828 1692.91
 0.7184 1757.34
 0.71852 1819.45
 0.71864 1879.27
 0.71876 1936.77
 0.71888 1991.74
 0.719 2043.79
 0.71912 2092.27
 0.71924 2136.44
 0.71936 2175.51
 0.71948 2208.93
 0.7196 2236.1
 0.71972 2256.95
 0.71984 2271.67
 0.71996 2280.55
 0.72008 2283.93
 0.7202 2282.13
 0.72032 2275.46
 0.72044 2264.36
 0.72056 2249.18
 0.72068 2230.04
 0.7208 2207.2
 0.72092 2181.01
 0.72104 2152.28
 0.72116 2122.09
 0.72128 2091.83
 0.7214 2062.92
 0.72152 2036.48
 0.72164 2013.11
 0.72176 1992.86
 0.72188 1975.5
 0.722 1960.54
 0.72212 1947.45
 0.72224 1935.68
 0.72236 1924.7
 0.72248 1913.96
 0.7226 1903.27
 0.72272 1892.61
 0.72284 1882.06
 0.72296 1871.62
 0.72308 1860.8
 0.7232 1848.89
 0.72332 1834.95
 0.72344 1818.06
 0.72356 1797.83
 0.72368 1774.44
 0.7238 1748.16
 0.72392 1719.46
 0.72404 1689.15
 0.72416 1658.13
 0.72428 1627.37
 0.7244 1597.82
 0.72452 1570.1
 0.72464 1544.43
 0.72476 1520.86
 0.72488 1499.42
 0.725 1480.39
 0.72512 1464.43
 0.72524 1452.27
 0.72536 1444.73
 0.72548 1442.56
 0.7256 1446.11
 0.72572 1455.53
 0.72584 1471.26
 0.72596 1493.46
 0.72608 1521.89
 0.7262 1556.16
 0.72632 1595.74
 0.72644 1640.14
 0.72656 1689.42
 0.72668 1743.79
 0.7268 1803.4
 0.72692 1867.98
 0.72704 1936.66
 0.72716 2008.34
 0.72728 2081.7
 0.7274 2155.22
 0.72752 2227.46
 0.72764 2297.06
 0.72776 2362.58
 0.72788 2422.41
 0.728 2475.39
 0.72812 2520.6
 0.72824 2557.31
 0.72836 2584.78
 0.72848 2602.12
 0.7286 2608.19
 0.72872 2601.83
 0.72884 2582.22
 0.72896 2549.18
 0.72908 2503.09
 0.7292 2444.69
 0.72932 2375.13
 0.72944 2295.71
 0.72956 2207.74
 0.72968 2112.56
 0.7298 2011.63
 0.72992 1906.36
 0.73004 1797.95
 0.73016 1687.54
 0.73028 1576.43
 0.7304 1466.02
 0.73052 1357.77
 0.73064 1253.19
 0.73076 1153.74
 0.73088 1060.63
 0.731 974.99
 0.73112 897.595
 0.73124 828.953
 0.73136 769.32
 0.73148 718.997
 0.7316 678.273
 0.73172 647.168
 0.73184 625.577
 0.73196 613.4
 0.73208 610.368
 0.7322 616.086
 0.73232 629.94
 0.73244 651.283
 0.73256 679.517
 0.73268 714.1
 0.7328 754.516
 0.73292 800.005
 0.73304 849.5
 0.73316 902.015
 0.73328 956.64
 0.7334 1012.37
 0.73352 1067.95
 0.73364 1122.23
 0.73376 1174.54
 0.73388 1224.34
 0.734 1271.1
 0.73412 1314.48
 0.73424 1354.21
 0.73436 1390.06
 0.73448 1421.8
 0.7346 1448.98
 0.73472 1471.06
 0.73484 1487.54
 0.73496 1498.44
 0.73508 1503.95
 0.7352 1504.3
 0.73532 1499.73
 0.73544 1490.9
 0.73556 1478.78
 0.73568 1464.15
 0.7358 1447.34
 0.73592 1428.62
 0.73604 1408.45
 0.73616 1387.26
 0.73628 1365.49
 0.7364 1343.57
 0.73652 1321.99
 0.73664 1301.42
 0.73676 1282.6
 0.73688 1266.18
 0.737 1252.53
 0.73712 1241.98
 0.73724 1234.95
 0.73736 1231.69
 0.73748 1231.93
 0.7376 1235.14
 0.73772 1240.83
 0.73784 1248.92
 0.73796 1259.3
 0.73808 1271.74
 0.7382 1286.03
 0.73832 1302
 0.73844 1319.55
 0.73856 1338.71
 0.73868 1359.5
 0.7388 1381.74
 0.73892 1405.26
 0.73904 1429.96
 0.73916 1455.6
 0.73928 1481.75
 0.7394 1508.37
 0.73952 1535.88
 0.73964 1564.97
 0.73976 1596.36
 0.73988 1630.41
 0.74 1667.39
 0.74012 1707.35
 0.74024 1750.23
 0.74036 1795.72
 0.74048 1843.27
 0.7406 1891.92
 0.74072 1940.89
 0.74084 1989.62
 0.74096 2037.6
 0.74108 2084.4
 0.7412 2129.88
 0.74132 2173.91
 0.74144 2215.59
 0.74156 2253.83
 0.74168 2287.35
 0.7418 2314.99
 0.74192 2335.77
 0.74204 2349.08
 0.74216 2354.67
 0.74228 2352.53
 0.7424 2343.03
 0.74252 2326.89
 0.74264 2305.17
 0.74276 2278.72
 0.74288 2248.27
 0.743 2214.43
 0.74312 2177.48
 0.74324 2137.52
 0.74336 2095.24
 0.74348 2051.87
 0.7436 2008.73
 0.74372 1966.83
 0.74384 1927.07
 0.74396 1890.27
 0.74408 1856.74
 0.7442 1826.46
 0.74432 1799.22
 0.74444 1774.54
 0.74456 1751.74
 0.74468 1729.98
 0.7448 1708.51
 0.74492 1686.62
 0.74504 1664.05
 0.74516 1640.83
 0.74528 1616.9
 0.7454 1591.69
 0.74552 1564.36
 0.74564 1534.14
 0.74576 1500.77
 0.74588 1464.02
 0.746 1423.8
 0.74612 1380.5
 0.74624 1334.67
 0.74636 1286.92
 0.74648 1237.94
 0.7466 1188.46
 0.74672 1139.25
 0.74684 1091.13
 0.74696 1044.76
 0.74708 1000.26
 0.7472 957.755
 0.74732 917.521
 0.74744 879.978
 0.74756 845.81
 0.74768 815.657
 0.7478 789.847
 0.74792 768.705
 0.74804 752.416
 0.74816 740.901
 0.74828 734.054
 0.7484 731.765
 0.74852 733.927
 0.74864 740.431
 0.74876 751.054
 0.74888 765.319
 0.749 783.092
 0.74912 804.345
 0.74924 828.777
 0.74936 855.869
 0.74948 885.052
 0.7496 915.528
 0.74972 946.57
 0.74984 977.598
 0.74996 1008.11
 0.75008 1037.78
 0.7502 1066.4
 0.75032 1093.74
 0.75044 1119.59
 0.75056 1143.73
 0.75068 1165.98
 0.7508 1186.55
 0.75092 1206.06
 0.75104 1225.01
 0.75116 1244.17
 0.75128 1264.55
 0.7514 1287.43
 0.75152 1314.13
 0.75164 1345.92
 0.75176 1383.74
 0.75188 1428.18
 0.752 1479.51
 0.75212 1537.5
 0.75224 1601.85
 0.75236 1672.22
 0.75248 1748.29
 0.7526 1829.73
 0.75272 1916.06
 0.75284 2006.01
 0.75296 2097.63
 0.75308 2188.86
 0.7532 2277.57
 0.75332 2361.47
 0.75344 2437.96
 0.75356 2504.48
 0.75368 2558.77
 0.7538 2599.13
 0.75392 2624.3
 0.75404 2633.68
 0.75416 2627.2
 0.75428 2604.88
 0.7544 2566.79
 0.75452 2513.03
 0.75464 2443.73
 0.75476 2359.39
 0.75488 2261.51
 0.755 2152.24
 0.75512 2033.83
 0.75524 1908.49
 0.75536 1778.81
 0.75548 1647.6
 0.7556 1517.62
 0.75572 1391.34
 0.75584 1270.85
 0.75596 1157.95
 0.75608 1053.98
 0.7562 960.021
 0.75632 877.058
 0.75644 805.804
 0.75656 746.983
 0.75668 701.304
 0.7568 669.111
 0.75692 650.088
 0.75704 643.594
 0.75716 648.711
 0.75728 664.205
 0.7574 688.405
 0.75752 719.583
 0.75764 756.04
 0.75776 796.166
 0.75788 838.435
 0.758 881.404
 0.75812 923.75
 0.75824 964.185
 0.75836 1001.69
 0.75848 1035.53
 0.7586 1064.76
 0.75872 1088.44
 0.75884 1105.76
 0.75896 1116.05
 0.75908 1118.98
 0.7592 1114.62
 0.75932 1103.57
 0.75944 1086.57
 0.75956 1064.38
 0.75968 1037.75
 0.7598 1007.45
 0.75992 974.23
 0.76004 938.842
 0.76016 902.046
 0.76028 864.631
 0.7604 827.32
 0.76052 790.891
 0.76064 756.212
 0.76076 724.146
 0.76088 695.556
 0.761 671.274
 0.76112 651.854
 0.76124 637.61
 0.76136 628.746
 0.76148 625.494
 0.7616 628.159
 0.76172 637.066
 0.76184 652.538
 0.76196 674.9
 0.76208 704.475
 0.7622 741.561
 0.76232 786.013
 0.76244 837.061
 0.76256 893.935
 0.76268 955.983
 0.7628 1022.61
 0.76292 1093.36
 0.76304 1167.82
 0.76316 1245.66
 0.76328 1326.27
 0.7634 1408.63
 0.76352 1491.54
 0.76364 1573.64
 0.76376 1653.51
 0.76388 1729.75
 0.764 1800.95
 0.76412 1865.72
 0.76424 1922.8
 0.76436 1971.93
 0.76448 2013.58
 0.7646 2048.02
 0.76472 2075.45
 0.76484 2095.68
 0.76496 2108.09
 0.76508 2112.03
 0.7652 2106.94
 0.76532 2092.99
 0.76544 2070.87
 0.76556 2041.4
 0.76568 2005.56
 0.7658 1964.37
 0.76592 1918.93
 0.76604 1870.3
 0.76616 1819.57
 0.76628 1767.56
 0.7664 1714.34
 0.76652 1659.72
 0.76664 1603.6
 0.76676 1546
 0.76688 1487.7
 0.767 1429.9
 0.76712 1373.78
 0.76724 1320.37
 0.76736 1270.05
 0.76748 1222.89
 0.7676 1179.04
 0.76772 1138.52
 0.76784 1101.1
 0.76796 1066.5
 0.76808 1034.5
 0.7682 1005.01
 0.76832 978.142
 0.76844 954.196
 0.76856 933.495
 0.76868 916.36
 0.7688 902.903
 0.76892 892.69
 0.76904 885.182
 0.76916 879.841
 0.76928 876.22
 0.7694 874.251
 0.76952 874.054
 0.76964 875.721
 0.76976 879.593
 0.76988 886.368
 0.77 896.518
 0.77012 910.239
 0.77024 927.225
 0.77036 946.939
 0.77048 968.842
 0.7706 992.394
 0.77072 1017.09
 0.77084 1042.58
 0.77096 1068.68
 0.77108 1095.27
 0.7712 1122.36
 0.77132 1149.89
 0.77144 1177.6
 0.77156 1205.06
 0.77168 1231.61
 0.7718 1256.35
 0.77192 1278.33
 0.77204 1297.02
 0.77216 1312.41
 0.77228 1325.21
 0.7724 1336.29
 0.77252 1346.49
 0.77264 1356.7
 0.77276 1367.54
 0.77288 1379.46
 0.773 1392.7
 0.77312 1407.08
 0.77324 1422.19
 0.77336 1437.64
 0.77348 1453.12
 0.7736 1468.47
 0.77372 1483.71
 0.77384 1499.02
 0.77396 1514.47
 0.77408 1529.91
 0.7742 1544.78
 0.77432 1558.14
 0.77444 1569.01
 0.77456 1576.42
 0.77468 1579.47
 0.7748 1577.65
 0.77492 1570.68
 0.77504 1558.74
 0.77516 1542.61
 0.77528 1523.35
 0.7754 1501.96
 0.77552 1479.28
 0.77564 1456.21
 0.77576 1433.47
 0.77588 1411.57
 0.776 1390.92
 0.77612 1371.79
 0.77624 1354.55
 0.77636 1339.62
 0.77648 1327.45
 0.7766 1318.47
 0.77672 1313.16
 0.77684 1311.78
 0.77696 1314.44
 0.77708 1320.87
 0.7772 1330.27
 0.77732 1341.56
 0.77744 1353.92
 0.77756 1366.7
 0.77768 1379.16
 0.7778 1390.85
 0.77792 1401.31
 0.77804 1410.45
 0.77816 1418.41
 0.77828 1425.38
 0.7784 1431.57
 0.77852 1437.2
 0.77864 1442.28
 0.77876 1446.37
 0.77888 1448.91
 0.779 1449.42
 0.77912 1447.59
 0.77924 1443.61
 0.77936 1437.82
 0.77948 1430.4
 0.7796 1421.42
 0.77972 1410.99
 0.77984 1399.32
 0.77996 1386.73
 0.78008 1373.27
 0.7802 1358.82
 0.78032 1343.1
 0.78044 1325.77
 0.78056 1306.54
 0.78068 1285.66
 0.7808 1264.03
 0.78092 1242.62
 0.78104 1222.4
 0.78116 1204.21
 0.78128 1188.55
 0.7814 1175.66
 0.78152 1165.84
 0.78164 1159.39
 0.78176 1156.37
 0.78188 1156.55
 0.782 1159.72
 0.78212 1165.77
 0.78224 1174.68
 0.78236 1186.55
 0.78248 1201.49
 0.7826 1219.54
 0.78272 1240.34
 0.78284 1263.34
 0.78296 1288.04
 0.78308 1314.01
 0.7832 1340.87
 0.78332 1368.53
 0.78344 1397.03
 0.78356 1426.27
 0.78368 1456.21
 0.7838 1486.98
 0.78392 1518.72
 0.78404 1551.29
 0.78416 1584.57
 0.78428 1618.61
 0.7844 1653.53
 0.78452 1689.43
 0.78464 1726.34
 0.78476 1764.11
 0.78488 1802.28
 0.785 1840.19
 0.78512 1876.95
 0.78524 1911.7
 0.78536 1943.38
 0.78548 1971.22
 0.7856 1994.57
 0.78572 2012.86
 0.78584 2025.68
 0.78596 2032.86
 0.78608 2034.71
 0.7862 2031.31
 0.78632 2022.34
 0.78644 2007.41
 0.78656 1986.19
 0.78668 1958.59
 0.7868 1924.9
 0.78692 1885.75
 0.78704 1842.22
 0.78716 1795.58
 0.78728 1747.22
 0.7874 1698.54
 0.78752 1650.75
 0.78764 1605.02
 0.78776 1562.35
 0.78788 1523.65
 0.788 1489.28
 0.78812 1459.36
 0.78824 1434.29
 0.78836 1414.87
 0.78848 1401.7
 0.7886 1395.19
 0.78872 1395.79
 0.78884 1403.8
 0.78896 1419.33
 0.78908 1442.22
 0.7892 1471.87
 0.78932 1507.33
 0.78944 1547.4
 0.78956 1590.79
 0.78968 1636.21
 0.7898 1682.3
 0.78992 1727.86
 0.79004 1772.19
 0.79016 1814.63
 0.79028 1854.28
 0.7904 1890.18
 0.79052 1921.77
 0.79064 1948.6
 0.79076 1969.98
 0.79088 1985.23
 0.791 1993.45
 0.79112 1993.93
 0.79124 1986.68
 0.79136 1972.11
 0.79148 1951.11
 0.7916 1924.64
 0.79172 1893.65
 0.79184 1858.96
 0.79196 1821.07
 0.79208 1780.31
 0.7922 1737.06
 0.79232 1691.83
 0.79244 1644.99
 0.79256 1596.69
 0.79268 1547.15
 0.7928 1496.69
 0.79292 1445.8
 0.79304 1395.39
 0.79316 1346.1
 0.79328 1298.2
 0.7934 1251.73
 0.79352 1206.5
 0.79364 1162.36
 0.79376 1119.54
 0.79388 1078.73
 0.794 1040.8
 0.79412 1006.58
 0.79424 976.676
 0.79436 951.537
 0.79448 931.659
 0.7946 917.482
 0.79472 909.166
 0.79484 906.808
 0.79496 910.298
 0.79508 919.338
 0.7952 933.669
 0.79532 952.831
 0.79544 976.354
 0.79556 1003.77
 0.79568 1034.31
 0.7958 1066.61
 0.79592 1099.11
 0.79604 1130.31
 0.79616 1158.79
 0.79628 1183.57
 0.7964 1203.79
 0.79652 1218.71
 0.79664 1227.97
 0.79676 1231.55
 0.79688 1229.49
 0.797 1221.97
 0.79712 1209.2
 0.79724 1191.63
 0.79736 1170.07
 0.79748 1145.39
 0.7976 1118.58
 0.79772 1091.14
 0.79784 1064.7
 0.79796 1040.67
 0.79808 1020.35
 0.7982 1004.89
 0.79832 995.168
 0.79844 991.895
 0.79856 995.399
 0.79868 1005.6
 0.7988 1022.27
 0.79892 1044.97
 0.79904 1073.07
 0.79916 1105.9
 0.79928 1142.56
 0.7994 1181.98
 0.79952 1223.06
 0.79964 1264.55
 0.79976 1304.94
 0.79988 1342.89
