 0.2 5277.62
 0.20012 5322.44
 0.20024 5360.66
 0.20036 5391.25
 0.20048 5413.41
 0.2006 5425.89
 0.20072 5427.44
 0.20084 5417.05
 0.20096 5393.68
 0.20108 5356.51
 0.2012 5304.55
 0.20132 5236.46
 0.20144 5151.46
 0.20156 5049.63
 0.20168 4931.78
 0.2018 4799.02
 0.20192 4653.47
 0.20204 4497.78
 0.20216 4334.48
 0.20228 4165.55
 0.2024 3992.81
 0.20252 3818.24
 0.20264 3644.26
 0.20276 3473.02
 0.20288 3306.58
 0.203 3147.07
 0.20312 2996.61
 0.20324 2857.43
 0.20336 2731.73
 0.20348 2621.05
 0.2036 2526.1
 0.20372 2447.39
 0.20384 2385.52
 0.20396 2340.62
 0.20408 2312.94
 0.2042 2303.09
 0.20432 2311.67
 0.20444 2339.13
 0.20456 2385.38
 0.20468 2450
 0.2048 2532.64
 0.20492 2632.71
 0.20504 2749.08
 0.20516 2880.02
 0.20528 3023.64
 0.2054 3178.21
 0.20552 3342.12
 0.20564 3513.7
 0.20576 3690.37
 0.20588 3869.19
 0.206 4046.95
 0.20612 4220.12
 0.20624 4385.14
 0.20636 4538.45
 0.20648 4676.7
 0.2066 4797.33
 0.20672 4898.15
 0.20684 4977.18
 0.20696 5033.09
 0.20708 5065.52
 0.2072 5074.97
 0.20732 5061.71
 0.20744 5025.91
 0.20756 4968.05
 0.20768 4889.85
 0.2078 4794.18
 0.20792 4684.31
 0.20804 4564.01
 0.20816 4436.94
 0.20828 4306.66
 0.2084 4176.99
 0.20852 4051.49
 0.20864 3933.28
 0.20876 3825.22
 0.20888 3730.03
 0.209 3649.9
 0.20912 3586.28
 0.20924 3540.4
 0.20936 3514.2
 0.20948 3509.37
 0.2096 3526.89
 0.20972 3566.46
 0.20984 3627
 0.20996 3707.17
 0.21008 3805.53
 0.2102 3920.91
 0.21032 4052.03
 0.21044 4197.27
 0.21056 4354.36
 0.21068 4520.68
 0.2108 4693.62
 0.21092 4870.25
 0.21104 5047.48
 0.21116 5222.28
 0.21128 5391.04
 0.2114 5549.85
 0.21152 5695.35
 0.21164 5824.82
 0.21176 5936.3
 0.21188 6028.25
 0.212 6099.07
 0.21212 6146.97
 0.21224 6170.28
 0.21236 6167.7
 0.21248 6138.81
 0.2126 6084.75
 0.21272 6007.13
 0.21284 5907.77
 0.21296 5789.46
 0.21308 5655.49
 0.2132 5509.46
 0.21332 5355.64
 0.21344 5198.19
 0.21356 5040.98
 0.21368 4887.53
 0.2138 4740.84
 0.21392 4603.66
 0.21404 4478.85
 0.21416 4369.34
 0.21428 4277.32
 0.2144 4204.38
 0.21452 4150.94
 0.21464 4116.51
 0.21476 4100.27
 0.21488 4100.95
 0.215 4116.32
 0.21512 4143.99
 0.21524 4181.23
 0.21536 4224.95
 0.21548 4272
 0.2156 4319.12
 0.21572 4363.37
 0.21584 4402.21
 0.21596 4433.55
 0.21608 4455.14
 0.2162 4465.09
 0.21632 4462.32
 0.21644 4446.44
 0.21656 4417.59
 0.21668 4376.25
 0.2168 4323.11
 0.21692 4259.24
 0.21704 4186.19
 0.21716 4105.47
 0.21728 4018.89
 0.2174 3928.31
 0.21752 3835.81
 0.21764 3743.53
 0.21776 3653.5
 0.21788 3567.52
 0.218 3487.2
 0.21812 3414.08
 0.21824 3349.43
 0.21836 3293.95
 0.21848 3248.01
 0.2186 3211.92
 0.21872 3185.89
 0.21884 3170.26
 0.21896 3165.06
 0.21908 3169.99
 0.2192 3184.49
 0.21932 3208.01
 0.21944 3240.09
 0.21956 3280.43
 0.21968 3328.59
 0.2198 3383.71
 0.21992 3444.8
 0.22004 3511.01
 0.22016 3581.74
 0.22028 3656.64
 0.2204 3735.81
 0.22052 3819.26
 0.22064 3906.8
 0.22076 3998.08
 0.22088 4092.62
 0.221 4190.19
 0.22112 4291.04
 0.22124 4395.71
 0.22136 4504.45
 0.22148 4616.85
 0.2216 4732.03
 0.22172 4849.42
 0.22184 4969.23
 0.22196 5091.81
 0.22208 5217.07
 0.2222 5344.69
 0.22232 5473.5
 0.22244 5601.8
 0.22256 5728
 0.22268 5850.57
 0.2228 5968.07
 0.22292 6079.11
 0.22304 6182.45
 0.22316 6276.39
 0.22328 6359.34
 0.2234 6430.16
 0.22352 6489
 0.22364 6536.44
 0.22376 6572.74
 0.22388 6597.58
 0.224 6610.57
 0.22412 6611.39
 0.22424 6599.95
 0.22436 6577.26
 0.22448 6545.02
 0.2246 6505.13
 0.22472 6459.62
 0.22484 6410.62
 0.22496 6360.04
 0.22508 6309.24
 0.2252 6259.64
 0.22532 6212.43
 0.22544 6168.21
 0.22556 6126.43
 0.22568 6086.34
 0.2258 6047.2
 0.22592 6008.74
 0.22604 5970.9
 0.22616 5934.23
 0.22628 5899.35
 0.2264 5865.94
 0.22652 5832.9
 0.22664 5799.08
 0.22676 5763.19
 0.22688 5723.63
 0.227 5679.16
 0.22712 5629.32
 0.22724 5573.72
 0.22736 5512.22
 0.22748 5445.26
 0.2276 5373.88
 0.22772 5299.34
 0.22784 5223.21
 0.22796 5146.65
 0.22808 5070.61
 0.2282 4995.29
 0.22832 4920.77
 0.22844 4847.98
 0.22856 4778.34
 0.22868 4712.92
 0.2288 4653.01
 0.22892 4600.29
 0.22904 4555.68
 0.22916 4519.42
 0.22928 4491.82
 0.2294 4473.03
 0.22952 4462.69
 0.22964 4460.1
 0.22976 4463.94
 0.22988 4472.61
 0.23 4484.61
 0.23012 4498.38
 0.23024 4512.85
 0.23036 4526.86
 0.23048 4538.79
 0.2306 4547.07
 0.23072 4550.58
 0.23084 4548.01
 0.23096 4538.22
 0.23108 4521.18
 0.2312 4497.13
 0.23132 4465.94
 0.23144 4427.54
 0.23156 4382.34
 0.23168 4331.13
 0.2318 4275.35
 0.23192 4216.65
 0.23204 4157.03
 0.23216 4098.5
 0.23228 4042.68
 0.2324 3991.01
 0.23252 3944.76
 0.23264 3904.89
 0.23276 3871.96
 0.23288 3846.39
 0.233 3827.89
 0.23312 3815.52
 0.23324 3808.39
 0.23336 3806.15
 0.23348 3808.24
 0.2336 3813.71
 0.23372 3821.68
 0.23384 3830.93
 0.23396 3840
 0.23408 3847.01
 0.2342 3850.19
 0.23432 3848.42
 0.23444 3841.12
 0.23456 3828.16
 0.23468 3809.56
 0.2348 3785.7
 0.23492 3757.37
 0.23504 3725.94
 0.23516 3692.96
 0.23528 3659.68
 0.2354 3626.93
 0.23552 3595.97
 0.23564 3567.87
 0.23576 3543.03
 0.23588 3521.77
 0.236 3504.63
 0.23612 3492.55
 0.23624 3486.38
 0.23636 3486.44
 0.23648 3492.63
 0.2366 3504.5
 0.23672 3521.62
 0.23684 3543.29
 0.23696 3568.29
 0.23708 3595.1
 0.2372 3622.11
 0.23732 3648.3
 0.23744 3672.91
 0.23756 3695.02
 0.23768 3714.44
 0.2378 3731.92
 0.23792 3748.37
 0.23804 3764.59
 0.23816 3780.96
 0.23828 3797.62
 0.2384 3814.59
 0.23852 3832.38
 0.23864 3851.6
 0.23876 3872.85
 0.23888 3896.76
 0.239 3924.36
 0.23912 3956.74
 0.23924 3995.03
 0.23936 4039.61
 0.23948 4090.33
 0.2396 4146.72
 0.23972 4207.37
 0.23984 4270.17
 0.23996 4332.7
 0.24008 4392.61
 0.2402 4448.03
 0.24032 4497.63
 0.24044 4540.13
 0.24056 4573.74
 0.24068 4596.63
 0.2408 4607.11
 0.24092 4603.77
 0.24104 4585.19
 0.24116 4550.01
 0.24128 4497
 0.2414 4425.54
 0.24152 4335.99
 0.24164 4229.35
 0.24176 4107.52
 0.24188 3972.93
 0.242 3828.38
 0.24212 3676.63
 0.24224 3520.24
 0.24236 3361.48
 0.24248 3203.2
 0.2426 3048.76
 0.24272 2901.56
 0.24284 2764.83
 0.24296 2641.43
 0.24308 2533.82
 0.2432 2444.42
 0.24332 2375.58
 0.24344 2329.09
 0.24356 2305.86
 0.24368 2306.12
 0.2438 2329.52
 0.24392 2375.5
 0.24404 2443.35
 0.24416 2532.14
 0.24428 2640.75
 0.2444 2767.77
 0.24452 2910.5
 0.24464 3066.03
 0.24476 3231.01
 0.24488 3402.02
 0.245 3576.05
 0.24512 3750.62
 0.24524 3923.25
 0.24536 4091.52
 0.24548 4253.55
 0.2456 4407.96
 0.24572 4553.7
 0.24584 4689.57
 0.24596 4814.06
 0.24608 4925.66
 0.2462 5023.03
 0.24632 5104.87
 0.24644 5170.8
 0.24656 5221.2
 0.24668 5256.42
 0.2468 5277.61
 0.24692 5286.12
 0.24704 5282.8
 0.24716 5268.14
 0.24728 5242.63
 0.2474 5206.42
 0.24752 5159.33
 0.24764 5100.98
 0.24776 5031.11
 0.24788 4950.14
 0.248 4859.04
 0.24812 4759.08
 0.24824 4651.99
 0.24836 4539.54
 0.24848 4422.76
 0.2486 4303.26
 0.24872 4182.49
 0.24884 4061.31
 0.24896 3940.81
 0.24908 3822.59
 0.2492 3708.2
 0.24932 3599.38
 0.24944 3498.25
 0.24956 3406.92
 0.24968 3327.79
 0.2498 3262.95
 0.24992 3213.72
 0.25004 3180.87
 0.25016 3164.39
 0.25028 3163.59
 0.2504 3178.03
 0.25052 3207.36
 0.25064 3250.72
 0.25076 3307.66
 0.25088 3377.38
 0.251 3458.09
 0.25112 3547.67
 0.25124 3644.17
 0.25136 3745.49
 0.25148 3849.34
 0.2516 3953.2
 0.25172 4054.07
 0.25184 4149.45
 0.25196 4237.52
 0.25208 4317.02
 0.2522 4387.71
 0.25232 4449.71
 0.25244 4502.64
 0.25256 4545.83
 0.25268 4578.21
 0.2528 4598.72
 0.25292 4607.49
 0.25304 4605.78
 0.25316 4595.15
 0.25328 4577
 0.2534 4552.76
 0.25352 4524.22
 0.25364 4493.73
 0.25376 4463.82
 0.25388 4436.29
 0.254 4412.37
 0.25412 4392.89
 0.25424 4377.71
 0.25436 4366.68
 0.25448 4360.27
 0.2546 4359.79
 0.25472 4366.88
 0.25484 4382.73
 0.25496 4407.71
 0.25508 4441.56
 0.2552 4483.84
 0.25532 4534.07
 0.25544 4591.61
 0.25556 4655.52
 0.25568 4724.52
 0.2558 4797.84
 0.25592 4875.19
 0.25604 4956.61
 0.25616 5042.32
 0.25628 5133.09
 0.2564 5229.21
 0.25652 5330.19
 0.25664 5434.75
 0.25676 5541.85
 0.25688 5650.51
 0.257 5759.46
 0.25712 5867.49
 0.25724 5973.21
 0.25736 6075.59
 0.25748 6173.64
 0.2576 6266.25
 0.25772 6352.2
 0.25784 6429.69
 0.25796 6496.76
 0.25808 6551.18
 0.2582 6590.8
 0.25832 6613.73
 0.25844 6618.92
 0.25856 6606.03
 0.25868 6575.27
 0.2588 6526.45
 0.25892 6459.88
 0.25904 6376.69
 0.25916 6278.51
 0.25928 6167.26
 0.2594 6044.63
 0.25952 5912.4
 0.25964 5772.7
 0.25976 5628.03
 0.25988 5481.04
 0.26 5334.62
 0.26012 5191.68
 0.26024 5054.99
 0.26036 4926.76
 0.26048 4808.29
 0.2606 4700.19
 0.26072 4602.98
 0.26084 4517.67
 0.26096 4444.82
 0.26108 4384.26
 0.2612 4335.2
 0.26132 4296.77
 0.26144 4268.42
 0.26156 4249.38
 0.26168 4238.26
 0.2618 4233.31
 0.26192 4232.91
 0.26204 4235.56
 0.26216 4239.7
 0.26228 4243.64
 0.2624 4246.22
 0.26252 4247.11
 0.26264 4246.48
 0.26276 4243.88
 0.26288 4238.2
 0.263 4228.67
 0.26312 4215.19
 0.26324 4198.01
 0.26336 4176.98
 0.26348 4151.43
 0.2636 4121.42
 0.26372 4087.68
 0.26384 4051.28
 0.26396 4012.95
 0.26408 3973.13
 0.2642 3932.57
 0.26432 3892.37
 0.26444 3853.39
 0.26456 3815.97
 0.26468 3780.46
 0.2648 3748.23
 0.26492 3720.69
 0.26504 3698.41
 0.26516 3681.25
 0.26528 3668.72
 0.2654 3661.08
 0.26552 3658.7
 0.26564 3661.09
 0.26576 3667.13
 0.26588 3675.5
 0.266 3685.25
 0.26612 3695.55
 0.26624 3705.24
 0.26636 3712.65
 0.26648 3715.98
 0.2666 3713.59
 0.26672 3703.68
 0.26684 3684.16
 0.26696 3653.92
 0.26708 3612.82
 0.2672 3561.56
 0.26732 3501.3
 0.26744 3432.92
 0.26756 3357.61
 0.26768 3277.25
 0.2678 3194.2
 0.26792 3110.7
 0.26804 3028.7
 0.26816 2950.16
 0.26828 2877.21
 0.2684 2812.32
 0.26852 2758.28
 0.26864 2717.8
 0.26876 2693.3
 0.26888 2686.73
 0.269 2699.23
 0.26912 2731.48
 0.26924 2783.5
 0.26936 2854.75
 0.26948 2944.27
 0.2696 3050.58
 0.26972 3171.95
 0.26984 3306.65
 0.26996 3453.08
 0.27008 3609.73
 0.2702 3775.28
 0.27032 3948.83
 0.27044 4128.94
 0.27056 4313.64
 0.27068 4501.17
 0.2708 4689.88
 0.27092 4878.14
 0.27104 5064.25
 0.27116 5246.34
 0.27128 5422.61
 0.2714 5591.6
 0.27152 5752.63
 0.27164 5905.17
 0.27176 6048.02
 0.27188 6179.87
 0.272 6299.48
 0.27212 6405.61
 0.27224 6496.36
 0.27236 6569.4
 0.27248 6623.39
 0.2726 6657.16
 0.27272 6669.75
 0.27284 6660.78
 0.27296 6630.54
 0.27308 6579.87
 0.2732 6510.28
 0.27332 6423.63
 0.27344 6321.64
 0.27356 6205.56
 0.27368 6077.3
 0.2738 5939.81
 0.27392 5795.99
 0.27404 5648.35
 0.27416 5499.17
 0.27428 5351.26
 0.2744 5207.2
 0.27452 5069.24
 0.27464 4939.66
 0.27476 4820.1
 0.27488 4711.67
 0.275 4614.52
 0.27512 4528.25
 0.27524 4451.96
 0.27536 4384.66
 0.27548 4325.53
 0.2756 4273.68
 0.27572 4227.27
 0.27584 4183.93
 0.27596 4141.35
 0.27608 4098.11
 0.2762 4053.22
 0.27632 4005.95
 0.27644 3955.83
 0.27656 3902.27
 0.27668 3844.89
 0.2768 3783.6
 0.27692 3718.63
 0.27704 3650.95
 0.27716 3581.67
 0.27728 3511.86
 0.2774 3442.17
 0.27752 3373.18
 0.27764 3305.78
 0.27776 3241.5
 0.27788 3181.95
 0.278 3128.57
 0.27812 3082.23
 0.27824 3043.47
 0.27836 3012.48
 0.27848 2989.13
 0.2786 2973.32
 0.27872 2964.64
 0.27884 2962.81
 0.27896 2967.41
 0.27908 2977.91
 0.2792 2994.22
 0.27932 3016.66
 0.27944 3046.12
 0.27956 3083.41
 0.27968 3128.95
 0.2798 3183.02
 0.27992 3245.95
 0.28004 3318.18
 0.28016 3400.07
 0.28028 3491.37
 0.2804 3591.92
 0.28052 3701.84
 0.28064 3821.16
 0.28076 3950.01
 0.28088 4088.41
 0.281 4236.12
 0.28112 4392.32
 0.28124 4555.41
 0.28136 4723.06
 0.28148 4892.32
 0.2816 5060.35
 0.28172 5224.5
 0.28184 5381.94
 0.28196 5529.84
 0.28208 5665.25
 0.2822 5786.01
 0.28232 5891.14
 0.28244 5979.56
 0.28256 6050.33
 0.28268 6102.56
 0.2828 6135.32
 0.28292 6147.7
 0.28304 6139.38
 0.28316 6110.7
 0.28328 6062.67
 0.2834 5997.15
 0.28352 5916.75
 0.28364 5824.13
 0.28376 5722.04
 0.28388 5613.17
 0.284 5500.14
 0.28412 5385.5
 0.28424 5271.03
 0.28436 5157.92
 0.28448 5047.46
 0.2846 4940.69
 0.28472 4838.81
 0.28484 4743.27
 0.28496 4655.36
 0.28508 4575.77
 0.2852 4505.13
 0.28532 4443.84
 0.28544 4391.51
 0.28556 4346.98
 0.28568 4308.93
 0.2858 4275.96
 0.28592 4246.95
 0.28604 4220.99
 0.28616 4197.32
 0.28628 4175.25
 0.2864 4153.95
 0.28652 4132.85
 0.28664 4111.34
 0.28676 4088.5
 0.28688 4063.05
 0.287 4034.29
 0.28712 4001.8
 0.28724 3964.69
 0.28736 3922.1
 0.28748 3873.84
 0.2876 3820.04
 0.28772 3761.13
 0.28784 3697.47
 0.28796 3629.24
 0.28808 3556.4
 0.2882 3478.91
 0.28832 3397.14
 0.28844 3311.58
 0.28856 3222.57
 0.28868 3130.49
 0.2888 3036.21
 0.28892 2940.38
 0.28904 2843.14
 0.28916 2744.75
 0.28928 2645.98
 0.2894 2547.56
 0.28952 2450.07
 0.28964 2354.1
 0.28976 2260.03
 0.28988 2168.46
 0.29 2080.29
 0.29012 1996.59
 0.29024 1918.32
 0.29036 1846.18
 0.29048 1780.71
 0.2906 1722.46
 0.29072 1671.87
 0.29084 1629.49
 0.29096 1596.26
 0.29108 1573.11
 0.2912 1560.78
 0.29132 1559.69
 0.29144 1570.25
 0.29156 1592.73
 0.29168 1627.38
 0.2918 1674.48
 0.29192 1733.88
 0.29204 1804.64
 0.29216 1885.7
 0.29228 1975.98
 0.2924 2074.29
 0.29252 2179.57
 0.29264 2290.72
 0.29276 2406.63
 0.29288 2525.64
 0.293 2646.06
 0.29312 2766.38
 0.29324 2885.01
 0.29336 3000.28
 0.29348 3110.32
 0.2936 3213.29
 0.29372 3307.3
 0.29384 3390.33
 0.29396 3461.09
 0.29408 3518.96
 0.2942 3563.5
 0.29432 3594.59
 0.29444 3612.53
 0.29456 3617.91
 0.29468 3611.55
 0.2948 3594.51
 0.29492 3568.39
 0.29504 3534.69
 0.29516 3495.07
 0.29528 3451.4
 0.2954 3406.09
 0.29552 3361.85
 0.29564 3321.38
 0.29576 3287.56
 0.29588 3263.3
 0.296 3250.98
 0.29612 3252.86
 0.29624 3270.88
 0.29636 3306.43
 0.29648 3360.1
 0.2966 3431.26
 0.29672 3518.55
 0.29684 3620.19
 0.29696 3734.06
 0.29708 3857.71
 0.2972 3988.43
 0.29732 4123.44
 0.29744 4259.59
 0.29756 4393.72
 0.29768 4522.68
 0.2978 4643.21
 0.29792 4752.35
 0.29804 4847.08
 0.29816 4924.34
 0.29828 4981.29
 0.2984 5015.49
 0.29852 5026.01
 0.29864 5013.82
 0.29876 4980.58
 0.29888 4928.15
 0.299 4858.63
 0.29912 4774.71
 0.29924 4678.91
 0.29936 4573.49
 0.29948 4460.62
 0.2996 4342.26
 0.29972 4220.47
 0.29984 4097.2
 0.29996 3974.23
 0.30008 3853.5
 0.3002 3737.1
 0.30032 3627.34
 0.30044 3526.06
 0.30056 3433.52
 0.30068 3348.9
 0.3008 3271.33
 0.30092 3200.05
 0.30104 3134.08
 0.30116 3072.42
 0.30128 3014.55
 0.3014 2960.44
 0.30152 2910.32
 0.30164 2864.3
 0.30176 2822.33
 0.30188 2784.49
 0.302 2750.94
 0.30212 2721.75
 0.30224 2696.9
 0.30236 2676.12
 0.30248 2659.83
 0.3026 2649
 0.30272 2644.64
 0.30284 2647.71
 0.30296 2659.18
 0.30308 2680
 0.3032 2710.62
 0.30332 2750.94
 0.30344 2800.52
 0.30356 2858.92
 0.30368 2926.26
 0.3038 3002.35
 0.30392 3086.82
 0.30404 3179.11
 0.30416 3278.6
 0.30428 3384.6
 0.3044 3496.39
 0.30452 3612.91
 0.30464 3733.11
 0.30476 3855.59
 0.30488 3978.52
 0.305 4099.87
 0.30512 4217.92
 0.30524 4331.5
 0.30536 4439.85
 0.30548 4542.18
 0.3056 4637.19
 0.30572 4723.58
 0.30584 4800.74
 0.30596 4868.33
 0.30608 4926.01
 0.3062 4973.44
 0.30632 5010.18
 0.30644 5035.55
 0.30656 5049.13
 0.30668 5050.87
 0.3068 5041.63
 0.30692 5022.67
 0.30704 4995.34
 0.30716 4960.54
 0.30728 4918.65
 0.3074 4869.99
 0.30752 4815.23
 0.30764 4755.53
 0.30776 4691.54
 0.30788 4623.52
 0.308 4551.52
 0.30812 4476.16
 0.30824 4398.35
 0.30836 4319.58
 0.30848 4241.32
 0.3086 4164.75
 0.30872 4090.63
 0.30884 4019.23
 0.30896 3950.91
 0.30908 3886.06
 0.3092 3825.47
 0.30932 3770.49
 0.30944 3722.51
 0.30956 3682.43
 0.30968 3650.91
 0.3098 3628.71
 0.30992 3616.71
 0.31004 3615.74
 0.31016 3625.91
 0.31028 3646.55
 0.3104 3676.83
 0.31052 3716.13
 0.31064 3763.9
 0.31076 3819.59
 0.31088 3882.61
 0.311 3952.23
 0.31112 4027.85
 0.31124 4108.5
 0.31136 4192.48
 0.31148 4277.83
 0.3116 4363.05
 0.31172 4446.88
 0.31184 4528.4
 0.31196 4606.39
 0.31208 4679.62
 0.3122 4747.41
 0.31232 4809.85
 0.31244 4867.05
 0.31256 4919.07
 0.31268 4966.09
 0.3128 5008.22
 0.31292 5045.53
 0.31304 5078.1
 0.31316 5105.89
 0.31328 5129.13
 0.3134 5148.92
 0.31352 5166.75
 0.31364 5183.68
 0.31376 5200.43
 0.31388 5217.61
 0.314 5236.35
 0.31412 5258.13
 0.31424 5283.95
 0.31436 5314.31
 0.31448 5349.32
 0.3146 5388.89
 0.31472 5432.84
 0.31484 5481.2
 0.31496 5534.05
 0.31508 5590.97
 0.3152 5651.33
 0.31532 5714.33
 0.31544 5778.29
 0.31556 5841.1
 0.31568 5901.02
 0.3158 5956.52
 0.31592 6006
 0.31604 6047.51
 0.31616 6079.15
 0.31628 6099.26
 0.3164 6106.3
 0.31652 6099.1
 0.31664 6076.94
 0.31676 6039.23
 0.31688 5985.44
 0.317 5915.16
 0.31712 5829.14
 0.31724 5728.45
 0.31736 5614.36
 0.31748 5489.01
 0.3176 5355.01
 0.31772 5214.94
 0.31784 5071.17
 0.31796 4925.97
 0.31808 4781.24
 0.3182 4638.26
 0.31832 4498.6
 0.31844 4364.19
 0.31856 4236.94
 0.31868 4118.16
 0.3188 4008.98
 0.31892 3910.37
 0.31904 3823.15
 0.31916 3747.33
 0.31928 3682.77
 0.3194 3629.18
 0.31952 3585.77
 0.31964 3551.14
 0.31976 3523.76
 0.31988 3502.39
 0.32 3485.78
 0.32012 3473.61
 0.32024 3465.93
 0.32036 3462.15
 0.32048 3460.93
 0.3206 3461.23
 0.32072 3462.36
 0.32084 3463.8
 0.32096 3465.25
 0.32108 3466.42
 0.3212 3467.28
 0.32132 3467.86
 0.32144 3467.78
 0.32156 3466.6
 0.32168 3464.39
 0.3218 3461.04
 0.32192 3456.63
 0.32204 3451.32
 0.32216 3444.55
 0.32228 3435.92
 0.3224 3425.77
 0.32252 3414.82
 0.32264 3403.44
 0.32276 3391.95
 0.32288 3380.28
 0.323 3368.1
 0.32312 3354.97
 0.32324 3340.05
 0.32336 3322.46
 0.32348 3302.32
 0.3236 3280.04
 0.32372 3256.1
 0.32384 3231.05
 0.32396 3204.9
 0.32408 3177.89
 0.3242 3150.62
 0.32432 3123.53
 0.32444 3096.51
 0.32456 3069.19
 0.32468 3041.03
 0.3248 3011.5
 0.32492 2980.64
 0.32504 2948.67
 0.32516 2916.2
 0.32528 2884.49
 0.3254 2854.85
 0.32552 2827.71
 0.32564 2803.13
 0.32576 2780.98
 0.32588 2761.44
 0.326 2745
 0.32612 2731.61
 0.32624 2720.68
 0.32636 2711.65
 0.32648 2704.54
 0.3266 2700
 0.32672 2699.21
 0.32684 2703.25
 0.32696 2712.82
 0.32708 2728.57
 0.3272 2750.62
 0.32732 2778.55
 0.32744 2811.76
 0.32756 2850.22
 0.32768 2894.07
 0.3278 2943.39
 0.32792 2997.87
 0.32804 3057.24
 0.32816 3121.79
 0.32828 3192.33
 0.3284 3269.33
 0.32852 3352.67
 0.32864 3441.76
 0.32876 3535.56
 0.32888 3632.92
 0.329 3732.68
 0.32912 3833.55
 0.32924 3934.66
 0.32936 4035.47
 0.32948 4135.76
 0.3296 4235.26
 0.32972 4333.77
 0.32984 4431.21
 0.32996 4527.42
 0.33008 4622.16
 0.3302 4714.84
 0.33032 4804.91
 0.33044 4892.06
 0.33056 4975.91
 0.33068 5055.92
 0.3308 5131.83
 0.33092 5203.68
 0.33104 5271.86
 0.33116 5337.01
 0.33128 5399.49
 0.3314 5459.26
 0.33152 5515.68
 0.33164 5567.45
 0.33176 5613.2
 0.33188 5651.76
 0.332 5682.41
 0.33212 5704.42
 0.33224 5717.38
 0.33236 5720.65
 0.33248 5713.95
 0.3326 5697.43
 0.33272 5671.86
 0.33284 5637.88
 0.33296 5595.89
 0.33308 5545.8
 0.3332 5487.37
 0.33332 5420.4
 0.33344 5344.96
 0.33356 5261.86
 0.33368 5172.66
 0.3338 5078.99
 0.33392 4982.27
 0.33404 4883.76
 0.33416 4784.51
 0.33428 4685.43
 0.3344 4587.66
 0.33452 4491.95
 0.33464 4398.79
 0.33476 4308.24
 0.33488 4220.46
 0.335 4135.7
 0.33512 4054.68
 0.33524 3978.21
 0.33536 3907.56
 0.33548 3844.22
 0.3356 3789.26
 0.33572 3743.14
 0.33584 3706
 0.33596 3677.52
 0.33608 3657.13
 0.3362 3644.39
 0.33632 3638.39
 0.33644 3638.16
 0.33656 3642.95
 0.33668 3652.18
 0.3368 3665.39
 0.33692 3682.09
 0.33704 3701.72
 0.33716 3723.46
 0.33728 3746.4
 0.3374 3769.19
 0.33752 3790.45
 0.33764 3809.08
 0.33776 3824.73
 0.33788 3837.39
 0.338 3847.97
 0.33812 3857.73
 0.33824 3868.34
 0.33836 3881.89
 0.33848 3899.79
 0.3386 3923.02
 0.33872 3952.27
 0.33884 3988.17
 0.33896 4031.28
 0.33908 4082.37
 0.3392 4142.23
 0.33932 4211.25
 0.33944 4289.38
 0.33956 4376.1
 0.33968 4470.19
 0.3398 4570.2
 0.33992 4674.45
 0.34004 4780.7
 0.34016 4886.5
 0.34028 4988.84
 0.3404 5084.97
 0.34052 5173.07
 0.34064 5251.76
 0.34076 5319.9
 0.34088 5376.13
 0.341 5418.98
 0.34112 5446.87
 0.34124 5458.57
 0.34136 5453.57
 0.34148 5431.94
 0.3416 5394.42
 0.34172 5342.26
 0.34184 5276.6
 0.34196 5198.69
 0.34208 5109.92
 0.3422 5011.74
 0.34232 4905.9
 0.34244 4794.05
 0.34256 4677.45
 0.34268 4557.09
 0.3428 4434.2
 0.34292 4310.51
 0.34304 4187.92
 0.34316 4067.74
 0.34328 3950.92
 0.3434 3838.29
 0.34352 3730.6
 0.34364 3628.37
 0.34376 3532
 0.34388 3441.71
 0.344 3357.59
 0.34412 3279.86
 0.34424 3208.79
 0.34436 3144.43
 0.34448 3086.76
 0.3446 3035.89
 0.34472 2992.22
 0.34484 2955.71
 0.34496 2925.81
 0.34508 2902.33
 0.3452 2885.83
 0.34532 2876.76
 0.34544 2875.27
 0.34556 2881.33
 0.34568 2894.74
 0.3458 2915.39
 0.34592 2943.64
 0.34604 2979.86
 0.34616 3023.91
 0.34628 3075.4
 0.3464 3133.9
 0.34652 3198.55
 0.34664 3268.21
 0.34676 3341.38
 0.34688 3416.76
 0.347 3493.35
 0.34712 3569.83
 0.34724 3644.67
 0.34736 3716.54
 0.34748 3784.29
 0.3476 3846.73
 0.34772 3902.82
 0.34784 3951.34
 0.34796 3990.72
 0.34808 4019.61
 0.3482 4037.47
 0.34832 4044
 0.34844 4039.41
 0.34856 4024.63
 0.34868 4000.69
 0.3488 3968.95
 0.34892 3930.8
 0.34904 3887.34
 0.34916 3839.49
 0.34928 3788.05
 0.3494 3733.99
 0.34952 3678.26
 0.34964 3622.16
 0.34976 3566.68
 0.34988 3512.84
 0.35 3461.8
 0.35012 3414.48
 0.35024 3371.44
 0.35036 3333.09
 0.35048 3298.94
 0.3506 3268.16
 0.35072 3240.09
 0.35084 3213.9
 0.35096 3188.85
 0.35108 3164.51
 0.3512 3140.84
 0.35132 3117.75
 0.35144 3094.98
 0.35156 3072.18
 0.35168 3049
 0.3518 3025.53
 0.35192 3002.03
 0.35204 2978.61
 0.35216 2955.13
 0.35228 2931.21
 0.3524 2906.75
 0.35252 2882.49
 0.35264 2858.94
 0.35276 2836.43
 0.35288 2815.22
 0.353 2795.34
 0.35312 2776.6
 0.35324 2758.68
 0.35336 2741.41
 0.35348 2724.72
 0.3536 2708.48
 0.35372 2692.51
 0.35384 2676.53
 0.35396 2660.3
 0.35408 2644.07
 0.3542 2628.79
 0.35432 2615.74
 0.35444 2606.01
 0.35456 2600.51
 0.35468 2600.7
 0.3548 2608.11
 0.35492 2624.36
 0.35504 2651.22
 0.35516 2690.25
 0.35528 2742.86
 0.3554 2810.19
 0.35552 2893.03
 0.35564 2991.94
 0.35576 3107.25
 0.35588 3238.77
 0.356 3385.74
 0.35612 3546.45
 0.35624 3718.63
 0.35636 3899.67
 0.35648 4086.59
 0.3566 4275.93
 0.35672 4463.75
 0.35684 4645.93
 0.35696 4818.44
 0.35708 4977.41
 0.3572 5119.42
 0.35732 5241.54
 0.35744 5341.21
 0.35756 5416.58
 0.35768 5466.2
 0.3578 5488.68
 0.35792 5483.39
 0.35804 5450.74
 0.35816 5391.94
 0.35828 5308.5
 0.3584 5202.66
 0.35852 5077.15
 0.35864 4935.23
 0.35876 4780.68
 0.35888 4617.47
 0.359 4449.48
 0.35912 4280.29
 0.35924 4112.81
 0.35936 3949.37
 0.35948 3792.07
 0.3596 3642.6
 0.35972 3502.8
 0.35984 3374.65
 0.35996 3259.39
 0.36008 3157.56
 0.3602 3069.38
 0.36032 2994.52
 0.36044 2931.93
 0.36056 2880.63
 0.36068 2839.47
 0.3608 2807
 0.36092 2781.74
 0.36104 2762.39
 0.36116 2748.14
 0.36128 2739.05
 0.3614 2735.41
 0.36152 2737.1
 0.36164 2743.85
 0.36176 2755.04
 0.36188 2770.26
 0.362 2789.34
 0.36212 2812.27
 0.36224 2839.26
 0.36236 2871.33
 0.36248 2909.54
 0.3626 2954.31
 0.36272 3005.66
 0.36284 3063.43
 0.36296 3127.22
 0.36308 3196
 0.3632 3267.9
 0.36332 3340.62
 0.36344 3412.22
 0.36356 3481.46
 0.36368 3547.32
 0.3638 3608.84
 0.36392 3665.03
 0.36404 3715.11
 0.36416 3758.24
 0.36428 3793.16
 0.3644 3818.28
 0.36452 3832.33
 0.36464 3835.04
 0.36476 3826.81
 0.36488 3808.43
 0.365 3781.13
 0.36512 3747.16
 0.36524 3709.27
 0.36536 3670.17
 0.36548 3632.23
 0.3656 3597.51
 0.36572 3568.01
 0.36584 3545.4
 0.36596 3530.96
 0.36608 3525.78
 0.3662 3531.07
 0.36632 3548.29
 0.36644 3578.71
 0.36656 3623.32
 0.36668 3682.27
 0.3668 3755.18
 0.36692 3841.31
 0.36704 3939.6
 0.36716 4048.15
 0.36728 4164.94
 0.3674 4287.87
 0.36752 4414.76
 0.36764 4543.14
 0.36776 4670.81
 0.36788 4796.26
 0.368 4918.04
 0.36812 5035
 0.36824 5146.07
 0.36836 5250.32
 0.36848 5346.96
 0.3686 5435.43
 0.36872 5515.6
 0.36884 5587.47
 0.36896 5650.89
 0.36908 5705.91
 0.3692 5753.17
 0.36932 5793.12
 0.36944 5826.24
 0.36956 5853.45
 0.36968 5876.22
 0.3698 5895.23
 0.36992 5910.72
 0.37004 5923.23
 0.37016 5932.72
 0.37028 5938.68
 0.3704 5940.42
 0.37052 5937.23
 0.37064 5928.16
 0.37076 5912.34
 0.37088 5889.41
 0.371 5859.6
 0.37112 5822.9
 0.37124 5779.22
 0.37136 5729.19
 0.37148 5673.2
 0.3716 5610.87
 0.37172 5541.52
 0.37184 5465.6
 0.37196 5383.41
 0.37208 5295.11
 0.3722 5201.66
 0.37232 5104.56
 0.37244 5005.35
 0.37256 4905.72
 0.37268 4807.6
 0.3728 4712.47
 0.37292 4621.11
 0.37304 4533.9
 0.37316 4451.22
 0.37328 4372.96
 0.3734 4298.84
 0.37352 4229.19
 0.37364 4165.19
 0.37376 4107.81
 0.37388 4057.18
 0.374 4013.54
 0.37412 3977
 0.37424 3947.15
 0.37436 3923.32
 0.37448 3904.82
 0.3746 3890.57
 0.37472 3879.43
 0.37484 3870.42
 0.37496 3862.89
 0.37508 3856.5
 0.3752 3851.27
 0.37532 3847.42
 0.37544 3844.96
 0.37556 3843.48
 0.37568 3842.27
 0.3758 3841.21
 0.37592 3840.68
 0.37604 3841.11
 0.37616 3842.96
 0.37628 3846.69
 0.3764 3852.58
 0.37652 3860.86
 0.37664 3872.26
 0.37676 3887.6
 0.37688 3907.8
 0.377 3933.7
 0.37712 3965.68
 0.37724 4003.87
 0.37736 4048.16
 0.37748 4098.21
 0.3776 4153.55
 0.37772 4213.23
 0.37784 4275.77
 0.37796 4339.68
 0.37808 4403.62
 0.3782 4466.1
 0.37832 4526
 0.37844 4582.73
 0.37856 4635.66
 0.37868 4683.39
 0.3788 4724.37
 0.37892 4757.05
 0.37904 4779.91
 0.37916 4791.82
 0.37928 4791.81
 0.3794 4779.47
 0.37952 4754.72
 0.37964 4717.96
 0.37976 4670.26
 0.37988 4612.88
 0.38 4546.9
 0.38012 4473.55
 0.38024 4394.51
 0.38036 4310.97
 0.38048 4223.82
 0.3806 4134.35
 0.38072 4044.78
 0.38084 3957.56
 0.38096 3874.99
 0.38108 3799.06
 0.3812 3731.36
 0.38132 3673.26
 0.38144 3625.75
 0.38156 3589.84
 0.38168 3566
 0.3818 3554.19
 0.38192 3554.01
 0.38204 3564.88
 0.38216 3585.67
 0.38228 3614.89
 0.3824 3651.19
 0.38252 3693.29
 0.38264 3739.5
 0.38276 3787.35
 0.38288 3834.25
 0.383 3877.81
 0.38312 3916.58
 0.38324 3949.72
 0.38336 3976.6
 0.38348 3996.71
 0.3836 4009.51
 0.38372 4015.03
 0.38384 4013.82
 0.38396 4006.92
 0.38408 3995.36
 0.3842 3980.82
 0.38432 3965.25
 0.38444 3950.55
 0.38456 3938.06
 0.38468 3929.31
 0.3848 3926.19
 0.38492 3930.78
 0.38504 3944.73
 0.38516 3968.56
 0.38528 4001.97
 0.3854 4044.46
 0.38552 4095.4
 0.38564 4153.85
 0.38576 4218.35
 0.38588 4287.1
 0.386 4358.6
 0.38612 4431.49
 0.38624 4503.69
 0.38636 4572.88
 0.38648 4637.43
 0.3866 4696.43
 0.38672 4748.75
 0.38684 4792.98
 0.38696 4827.48
 0.38708 4850.9
 0.3872 4862.82
 0.38732 4863.28
 0.38744 4852.35
 0.38756 4830.19
 0.38768 4797.45
 0.3878 4755
 0.38792 4703.6
 0.38804 4643.18
 0.38816 4573.92
 0.38828 4496.77
 0.3884 4412.65
 0.38852 4321.69
 0.38864 4223.96
 0.38876 4120.12
 0.38888 4011.24
 0.389 3898.77
 0.38912 3784.31
 0.38924 3669.07
 0.38936 3554.52
 0.38948 3442.36
 0.3896 3334.32
 0.38972 3231.94
 0.38984 3136.8
 0.38996 3050.93
 0.39008 2976.67
 0.3902 2916.03
 0.39032 2870.49
 0.39044 2841.5
 0.39056 2830.65
 0.39068 2838.78
 0.3908 2866.06
 0.39092 2911.92
 0.39104 2975.1
 0.39116 3054.18
 0.39128 3147.69
 0.3914 3253.86
 0.39152 3370.86
 0.39164 3496.52
 0.39176 3628.44
 0.39188 3763.86
 0.392 3899.77
 0.39212 4033
 0.39224 4160.32
 0.39236 4278.84
 0.39248 4385.99
 0.3926 4479.76
 0.39272 4558.91
 0.39284 4622.97
 0.39296 4672.52
 0.39308 4708.54
 0.3932 4731.8
 0.39332 4742.97
 0.39344 4742.34
 0.39356 4729.94
 0.39368 4706.38
 0.3938 4672.46
 0.39392 4629.61
 0.39404 4579.5
 0.39416 4524.24
 0.39428 4466.29
 0.3944 4408.03
 0.39452 4351.33
 0.39464 4297.54
 0.39476 4247.19
 0.39488 4200.09
 0.395 4155.36
 0.39512 4112.39
 0.39524 4070.87
 0.39536 4031.08
 0.39548 3994.33
 0.3956 3962.12
 0.39572 3935.71
 0.39584 3916.26
 0.39596 3904.47
 0.39608 3900.81
 0.3962 3905.32
 0.39632 3917.41
 0.39644 3936.22
 0.39656 3961.38
 0.39668 3993.08
 0.3968 4032.17
 0.39692 4079.65
 0.39704 4136.44
 0.39716 4202.98
 0.39728 4279.44
 0.3974 4364.96
 0.39752 4457.41
 0.39764 4554.78
 0.39776 4655.01
 0.39788 4756.16
 0.398 4856.44
 0.39812 4953.89
 0.39824 5046.9
 0.39836 5134.7
 0.39848 5216.73
 0.3986 5291.63
 0.39872 5357.32
 0.39884 5411.84
 0.39896 5453.45
 0.39908 5481.01
 0.3992 5493.71
 0.39932 5490.94
 0.39944 5473.4
 0.39956 5442.64
 0.39968 5400.09
 0.3998 5346.96
 0.39992 5284.29
 0.40004 5213.12
 0.40016 5134.69
 0.40028 5050.03
 0.4004 4959.49
 0.40052 4863.74
 0.40064 4764.56
 0.40076 4663.85
 0.40088 4563.35
 0.401 4464.34
 0.40112 4367.63
 0.40124 4273.85
 0.40136 4183.71
 0.40148 4097.15
 0.4016 4013.63
 0.40172 3932.8
 0.40184 3854.79
 0.40196 3779.87
 0.40208 3708.36
 0.4022 3640.7
 0.40232 3577.39
 0.40244 3519.08
 0.40256 3465.96
 0.40268 3417.85
 0.4028 3374.73
 0.40292 3336.77
 0.40304 3304.59
 0.40316 3278.91
 0.40328 3260.22
 0.4034 3248.37
 0.40352 3243.26
 0.40364 3244.99
 0.40376 3253.38
 0.40388 3267.92
 0.404 3288.26
 0.40412 3313.75
 0.40424 3343.72
 0.40436 3377.66
 0.40448 3415.18
 0.4046 3455.78
 0.40472 3498.75
 0.40484 3543.35
 0.40496 3588.19
 0.40508 3631.83
 0.4052 3673.05
 0.40532 3711.31
 0.40544 3746.87
 0.40556 3780.18
 0.40568 3811.67
 0.4058 3842.02
 0.40592 3871.58
 0.40604 3900.55
 0.40616 3929.21
 0.40628 3957.38
 0.4064 3984.62
 0.40652 4010.56
 0.40664 4035.27
 0.40676 4058.65
 0.40688 4080.78
 0.407 4102.33
 0.40712 4123.73
 0.40724 4145.17
 0.40736 4166.3
 0.40748 4186.46
 0.4076 4204.52
 0.40772 4219.29
 0.40784 4229.51
 0.40796 4234.56
 0.40808 4233.82
 0.4082 4227.27
 0.40832 4215.5
 0.40844 4199.2
 0.40856 4178.93
 0.40868 4154.97
 0.4088 4127.98
 0.40892 4098.09
 0.40904 4065.29
 0.40916 4029.5
 0.40928 3990.73
 0.4094 3949.11
 0.40952 3905.21
 0.40964 3859.91
 0.40976 3814.42
 0.40988 3769.89
 0.41 3727.19
 0.41012 3687.02
 0.41024 3649.25
 0.41036 3613.42
 0.41048 3579.06
 0.4106 3545.84
 0.41072 3513.53
 0.41084 3481.98
 0.41096 3451.51
 0.41108 3422.62
 0.4112 3396.15
 0.41132 3372.99
 0.41144 3353.72
 0.41156 3338.46
 0.41168 3327.32
 0.4118 3320.14
 0.41192 3316.47
 0.41204 3315.78
 0.41216 3317.99
 0.41228 3323.43
 0.4124 3332.5
 0.41252 3345.35
 0.41264 3361.94
 0.41276 3382.29
 0.41288 3406.19
 0.413 3433.21
 0.41312 3462.57
 0.41324 3493.13
 0.41336 3523.53
 0.41348 3552.81
 0.4136 3580.01
 0.41372 3603.91
 0.41384 3623.67
 0.41396 3639.07
 0.41408 3649.94
 0.4142 3655.83
 0.41432 3656.04
 0.41444 3649.83
 0.41456 3636.79
 0.41468 3616.63
 0.4148 3588.92
 0.41492 3553.33
 0.41504 3509.59
 0.41516 3457.76
 0.41528 3398.14
 0.4154 3331.51
 0.41552 3258.68
 0.41564 3180.8
 0.41576 3099.23
 0.41588 3014.82
 0.416 2927.98
 0.41612 2839.05
 0.41624 2748.57
 0.41636 2657.69
 0.41648 2567.94
 0.4166 2480.69
 0.41672 2397.1
 0.41684 2318.22
 0.41696 2245.17
 0.41708 2179.06
 0.4172 2120.91
 0.41732 2071.76
 0.41744 2031.85
 0.41756 2000.97
 0.41768 1978.66
 0.4178 1964.45
 0.41792 1958.19
 0.41804 1959.9
 0.41816 1969.56
 0.41828 1986.68
 0.4184 2009.91
 0.41852 2037.61
 0.41864 2068.34
 0.41876 2101.03
 0.41888 2134.74
 0.419 2168.47
 0.41912 2201.09
 0.41924 2231.38
 0.41936 2258.26
 0.41948 2281.64
 0.4196 2301.76
 0.41972 2319
 0.41984 2333.65
 0.41996 2345.78
 0.42008 2355.59
 0.4202 2363.47
 0.42032 2370.47
 0.42044 2377.83
 0.42056 2386.81
 0.42068 2398.55
 0.4208 2414.01
 0.42092 2434.03
 0.42104 2459.33
 0.42116 2490.65
 0.42128 2528.53
 0.4214 2573.23
 0.42152 2624.27
 0.42164 2681.12
 0.42176 2743.07
 0.42188 2809.63
 0.422 2880.44
 0.42212 2954.95
 0.42224 3032.17
 0.42236 3111.08
 0.42248 3191.03
 0.4226 3271.17
 0.42272 3350.46
 0.42284 3427.81
 0.42296 3502.61
 0.42308 3574.48
 0.4232 3643.45
 0.42332 3709.88
 0.42344 3774.21
 0.42356 3837.03
 0.42368 3898.6
 0.4238 3959.43
 0.42392 4019.74
 0.42404 4079.52
 0.42416 4139.2
 0.42428 4199.25
 0.4244 4259.35
 0.42452 4319.02
 0.42464 4378.28
 0.42476 4437.58
 0.42488 4497.2
 0.425 4556.97
 0.42512 4616.39
 0.42524 4674.16
 0.42536 4728.88
 0.42548 4779.41
 0.4256 4825.08
 0.42572 4865.63
 0.42584 4900.73
 0.42596 4930.38
 0.42608 4954.83
 0.4262 4974.1
 0.42632 4988.91
 0.42644 5000.77
 0.42656 5010.77
 0.42668 5019.07
 0.4268 5025.69
 0.42692 5030.52
 0.42704 5033.43
 0.42716 5034.94
 0.42728 5036.2
 0.4274 5038.09
 0.42752 5041.05
 0.42764 5045.12
 0.42776 5050.05
 0.42788 5055.58
 0.428 5060.84
 0.42812 5064.52
 0.42824 5065.07
 0.42836 5060.32
 0.42848 5048.04
 0.4286 5026.85
 0.42872 4996.11
 0.42884 4955.31
 0.42896 4904.85
 0.42908 4845.32
 0.4292 4776.8
 0.42932 4699.28
 0.42944 4613.31
 0.42956 4519.6
 0.42968 4418.67
 0.4298 4310.96
 0.42992 4197.06
 0.43004 4078.46
 0.43016 3957.15
 0.43028 3835.31
 0.4304 3715.25
 0.43052 3599.03
 0.43064 3488.29
 0.43076 3384.41
 0.43088 3288.23
 0.431 3199.78
 0.43112 3118.64
 0.43124 3044.62
 0.43136 2977.24
 0.43148 2915.61
 0.4316 2859.07
 0.43172 2807.59
 0.43184 2761.62
 0.43196 2721.41
 0.43208 2686.66
 0.4322 2656.58
 0.43232 2630.33
 0.43244 2607.06
 0.43256 2585.99
 0.43268 2566.34
 0.4328 2547.58
 0.43292 2529.59
 0.43304 2512.58
 0.43316 2497.34
 0.43328 2484.17
 0.4334 2473.83
 0.43352 2467.26
 0.43364 2465.06
 0.43376 2467.22
 0.43388 2473.31
 0.434 2482.87
 0.43412 2495.85
 0.43424 2512.63
 0.43436 2533.66
 0.43448 2559.4
 0.4346 2590.12
 0.43472 2625.93
 0.43484 2666.62
 0.43496 2712.08
 0.43508 2761.93
 0.4352 2815.75
 0.43532 2873.48
 0.43544 2934.59
 0.43556 2998.52
 0.43568 3064.64
 0.4358 3132.45
 0.43592 3201.64
 0.43604 3271.55
 0.43616 3341.09
 0.43628 3408.97
 0.4364 3473.78
 0.43652 3534.04
 0.43664 3588.64
 0.43676 3636.69
 0.43688 3677.34
 0.437 3709.67
 0.43712 3733.08
 0.43724 3746.86
 0.43736 3750.42
 0.43748 3743.38
 0.4376 3725.39
 0.43772 3696.7
 0.43784 3657.72
 0.43796 3608.97
 0.43808 3551.48
 0.4382 3486.42
 0.43832 3414.99
 0.43844 3338.7
 0.43856 3259.14
 0.43868 3177.69
 0.4388 3095.8
 0.43892 3014.86
 0.43904 2935.82
 0.43916 2859.32
 0.43928 2785.97
 0.4394 2715.96
 0.43952 2649.75
 0.43964 2587.68
 0.43976 2529.49
 0.43988 2474.79
 0.44 2423.25
 0.44012 2374.61
 0.44024 2328.65
 0.44036 2285.12
 0.44048 2243.47
 0.4406 2203.15
 0.44072 2163.61
 0.44084 2124.34
 0.44096 2085.53
 0.44108 2048.06
 0.4412 2012.76
 0.44132 1980.57
 0.44144 1952.67
 0.44156 1929.79
 0.44168 1912.75
 0.4418 1902.82
 0.44192 1901.08
 0.44204 1908.06
 0.44216 1924
 0.44228 1949.11
 0.4424 1983.64
 0.44252 2027.91
 0.44264 2082.24
 0.44276 2146.88
 0.44288 2221.07
 0.443 2302.94
 0.44312 2390.17
 0.44324 2480.94
 0.44336 2573.5
 0.44348 2666.19
 0.4436 2757.63
 0.44372 2846.31
 0.44384 2930.42
 0.44396 3008.52
 0.44408 3079.77
 0.4442 3143.55
 0.44432 3199.42
 0.44444 3247.03
 0.44456 3286.09
 0.44468 3316.23
 0.4448 3337.56
 0.44492 3351.63
 0.44504 3360.99
 0.44516 3368.19
 0.44528 3374.93
 0.4454 3382.34
 0.44552 3391.29
 0.44564 3402.67
 0.44576 3417.37
 0.44588 3436.6
 0.446 3461.41
 0.44612 3492.38
 0.44624 3529.67
 0.44636 3572.82
 0.44648 3621.07
 0.4466 3673.56
 0.44672 3729.52
 0.44684 3787.69
 0.44696 3846
 0.44708 3901.7
 0.4472 3952.28
 0.44732 3996.27
 0.44744 4032.94
 0.44756 4061.72
 0.44768 4082.21
 0.4478 4094.21
 0.44792 4097.06
 0.44804 4089.94
 0.44816 4072.49
 0.44828 4044.93
 0.4484 4008.21
 0.44852 3963.61
 0.44864 3912.51
 0.44876 3856.14
 0.44888 3795.85
 0.449 3733.11
 0.44912 3669.88
 0.44924 3608.15
 0.44936 3549.29
 0.44948 3494.2
 0.4496 3443.51
 0.44972 3397.42
 0.44984 3355.5
 0.44996 3317.8
 0.45008 3284.55
 0.4502 3255.74
 0.45032 3231.23
 0.45044 3210.57
 0.45056 3193.08
 0.45068 3178.1
 0.4508 3165.09
 0.45092 3153.61
 0.45104 3143.43
 0.45116 3133.61
 0.45128 3122.87
 0.4514 3110.06
 0.45152 3094.55
 0.45164 3076.07
 0.45176 3055
 0.45188 3032.71
 0.452 3010.46
 0.45212 2989.48
 0.45224 2970.93
 0.45236 2955.62
 0.45248 2944.25
 0.4526 2937.77
 0.45272 2937.09
 0.45284 2943.13
 0.45296 2956.55
 0.45308 2977.87
 0.4532 3008.39
 0.45332 3049.31
 0.45344 3101.39
 0.45356 3164.69
 0.45368 3238.86
 0.4538 3322.84
 0.45392 3414.64
 0.45404 3511.72
 0.45416 3611.39
 0.45428 3711.06
 0.4544 3808.36
 0.45452 3901.07
 0.45464 3986.81
 0.45476 4063.21
 0.45488 4127.69
 0.455 4178.06
 0.45512 4212.14
 0.45524 4227.64
 0.45536 4223.1
 0.45548 4197.67
 0.4556 4151.31
 0.45572 4084.27
 0.45584 3997.28
 0.45596 3892.18
 0.45608 3771.58
 0.4562 3638.2
 0.45632 3495
 0.45644 3344.99
 0.45656 3191.24
 0.45668 3036.73
 0.4568 2884.44
 0.45692 2737.66
 0.45704 2599.24
 0.45716 2472.1
 0.45728 2358.86
 0.4574 2261.54
 0.45752 2181.71
 0.45764 2120.54
 0.45776 2079.09
 0.45788 2057.73
 0.458 2055.8
 0.45812 2072.36
 0.45824 2106.41
 0.45836 2156.64
 0.45848 2221.24
 0.4586 2298.12
 0.45872 2385.5
 0.45884 2481.4
 0.45896 2583.57
 0.45908 2689.77
 0.4592 2797.41
 0.45932 2903.88
 0.45944 3006.72
 0.45956 3103.57
 0.45968 3192.1
 0.4598 3270.06
 0.45992 3336.08
 0.46004 3389.15
 0.46016 3428.35
 0.46028 3452.87
 0.4604 3462.39
 0.46052 3457.44
 0.46064 3438.87
 0.46076 3407.36
 0.46088 3364.12
 0.461 3310.89
 0.46112 3249.85
 0.46124 3183.52
 0.46136 3114.53
 0.46148 3045.6
 0.4616 2979.41
 0.46172 2918.87
 0.46184 2866.67
 0.46196 2825.12
 0.46208 2796.56
 0.4622 2782.83
 0.46232 2785.02
 0.46244 2803.42
 0.46256 2837.88
 0.46268 2887.93
 0.4628 2952.8
 0.46292 3030.9
 0.46304 3120.33
 0.46316 3218.96
 0.46328 3324.76
 0.4634 3435.47
 0.46352 3548.74
 0.46364 3662.11
 0.46376 3772.91
 0.46388 3878.4
 0.464 3975.74
 0.46412 4062
 0.46424 4135.43
 0.46436 4195.5
 0.46448 4241.95
 0.4646 4274.52
 0.46472 4293.5
 0.46484 4299.74
 0.46496 4294.16
 0.46508 4277.57
 0.4652 4250.58
 0.46532 4213.55
 0.46544 4167.22
 0.46556 4112.53
 0.46568 4050.6
 0.4658 3982.93
 0.46592 3911.24
 0.46604 3837.39
 0.46616 3763.3
 0.46628 3689.89
 0.4664 3617.48
 0.46652 3546.65
 0.46664 3477.84
 0.46676 3410.88
 0.46688 3345.43
 0.467 3281.85
 0.46712 3220.6
 0.46724 3162.42
 0.46736 3108.1
 0.46748 3058.05
 0.4676 3012.41
 0.46772 2970.96
 0.46784 2933.28
 0.46796 2899.05
 0.46808 2867.9
 0.4682 2839.2
 0.46832 2812.57
 0.46844 2787.73
 0.46856 2764.22
 0.46868 2741.95
 0.4688 2721.35
 0.46892 2702.51
 0.46904 2685.16
 0.46916 2669.07
 0.46928 2653.83
 0.4694 2639.32
 0.46952 2625.52
 0.46964 2612.92
 0.46976 2602.25
 0.46988 2594
 0.47 2588.43
 0.47012 2586.12
 0.47024 2588.08
 0.47036 2595.06
 0.47048 2607.75
 0.4706 2626.76
 0.47072 2652.35
 0.47084 2684.16
 0.47096 2722.17
 0.47108 2766.4
 0.4712 2816.94
 0.47132 2873.67
 0.47144 2936.32
 0.47156 3004.61
 0.47168 3077.72
 0.4718 3154.91
 0.47192 3235.69
 0.47204 3319.23
 0.47216 3403.92
 0.47228 3488.13
 0.4724 3570.6
 0.47252 3650.06
 0.47264 3725.21
 0.47276 3795.36
 0.47288 3860.18
 0.473 3919.06
 0.47312 3971.4
 0.47324 4016.48
 0.47336 4054.17
 0.47348 4084.28
 0.4736 4106.47
 0.47372 4120.5
 0.47384 4125.91
 0.47396 4122.5
 0.47408 4110.9
 0.4742 4092.35
 0.47432 4067.94
 0.47444 4038.53
 0.47456 4005.3
 0.47468 3969.48
 0.4748 3932.01
 0.47492 3894.2
 0.47504 3857.41
 0.47516 3822.82
 0.47528 3791.38
 0.4754 3762.96
 0.47552 3737.53
 0.47564 3715.47
 0.47576 3697.49
 0.47588 3684.39
 0.476 3676.71
 0.47612 3674.41
 0.47624 3677.35
 0.47636 3685.49
 0.47648 3698.79
 0.4766 3716.92
 0.47672 3739.26
 0.47684 3764.73
 0.47696 3791.46
 0.47708 3817.74
 0.4772 3842.23
 0.47732 3864.48
 0.47744 3885.14
 0.47756 3904.75
 0.47768 3923.54
 0.4778 3941.51
 0.47792 3958.53
 0.47804 3974.39
 0.47816 3988.95
 0.47828 4001.89
 0.4784 4012.82
 0.47852 4021.46
 0.47864 4027.71
 0.47876 4031.67
 0.47888 4034.04
 0.479 4036.22
 0.47912 4039.48
 0.47924 4044.67
 0.47936 4051.89
 0.47948 4060.91
 0.4796 4071.51
 0.47972 4083.5
 0.47984 4096.47
 0.47996 4109.97
 0.48008 4123.63
 0.4802 4137.06
 0.48032 4150.05
 0.48044 4162.18
 0.48056 4172.91
 0.48068 4181.68
 0.4808 4188.32
 0.48092 4192.35
 0.48104 4192.91
 0.48116 4189.14
 0.48128 4180.06
 0.4814 4164.81
 0.48152 4142.4
 0.48164 4111.85
 0.48176 4072.42
 0.48188 4023.92
 0.482 3966.42
 0.48212 3900.04
 0.48224 3824.95
 0.48236 3741.51
 0.48248 3650.49
 0.4826 3552.76
 0.48272 3448.82
 0.48284 3338.78
 0.48296 3222.85
 0.48308 3101.37
 0.4832 2975.1
 0.48332 2845.26
 0.48344 2713.2
 0.48356 2580.3
 0.48368 2447.97
 0.4838 2317.4
 0.48392 2189.65
 0.48404 2065.73
 0.48416 1946.97
 0.48428 1834.6
 0.4844 1729.37
 0.48452 1631.72
 0.48464 1542.14
 0.48476 1461.59
 0.48488 1391.14
 0.485 1331.91
 0.48512 1284.97
 0.48524 1250.91
 0.48536 1230.09
 0.48548 1222.8
 0.4856 1229.44
 0.48572 1250.4
 0.48584 1285.78
 0.48596 1335.28
 0.48608 1397.94
 0.4862 1472.21
 0.48632 1556.71
 0.48644 1650.5
 0.48656 1752.71
 0.48668 1862.38
 0.4868 1978.11
 0.48692 2098.28
 0.48704 2221.07
 0.48716 2344.57
 0.48728 2466.96
 0.4874 2586.3
 0.48752 2700.3
 0.48764 2806.38
 0.48776 2902.16
 0.48788 2985.86
 0.488 3056.35
 0.48812 3113.4
 0.48824 3157.28
 0.48836 3188.06
 0.48848 3205.75
 0.4886 3210.39
 0.48872 3202.21
 0.48884 3181.97
 0.48896 3150.7
 0.48908 3109.79
 0.4892 3060.55
 0.48932 3004.28
 0.48944 2942.82
 0.48956 2878.68
 0.48968 2814.56
 0.4898 2752.63
 0.48992 2694.75
 0.49004 2642.25
 0.49016 2596.16
 0.49028 2557.39
 0.4904 2526.86
 0.49052 2505.37
 0.49064 2493.46
 0.49076 2491.34
 0.49088 2498.65
 0.491 2514.87
 0.49112 2539.31
 0.49124 2571.95
 0.49136 2612.92
 0.49148 2661.96
 0.4916 2718.35
 0.49172 2781.64
 0.49184 2851.59
 0.49196 2927.85
 0.49208 3009.94
 0.4922 3097.02
 0.49232 3188.05
 0.49244 3281.77
 0.49256 3376.94
 0.49268 3472.64
 0.4928 3568.46
 0.49292 3664.48
 0.49304 3760.84
 0.49316 3857.35
 0.49328 3952.95
 0.4934 4045.99
 0.49352 4134.63
 0.49364 4217.05
 0.49376 4291.31
 0.49388 4355.77
 0.494 4408.98
 0.49412 4450.16
 0.49424 4479.05
 0.49436 4495.96
 0.49448 4501.98
 0.4946 4498.35
 0.49472 4486.08
 0.49484 4465.51
 0.49496 4436.55
 0.49508 4399.2
 0.4952 4354.04
 0.49532 4302.5
 0.49544 4246.81
 0.49556 4189.77
 0.49568 4134.28
 0.4958 4082.88
 0.49592 4038.01
 0.49604 4002.01
 0.49616 3976.3
 0.49628 3961.66
 0.4964 3957.8
 0.49652 3963.52
 0.49664 3977.5
 0.49676 3998.65
 0.49688 4026.45
 0.497 4060.58
 0.49712 4100.54
 0.49724 4145.22
 0.49736 4192.96
 0.49748 4241.54
 0.4976 4288.11
 0.49772 4330.01
 0.49784 4364.72
 0.49796 4389.41
 0.49808 4401.75
 0.4982 4400.24
 0.49832 4384.39
 0.49844 4354.73
 0.49856 4312.33
 0.49868 4258.24
 0.4988 4193.4
 0.49892 4118.64
 0.49904 4034.69
 0.49916 3942.44
 0.49928 3843.14
 0.4994 3738.22
 0.49952 3629.35
 0.49964 3518.48
 0.49976 3407.3
 0.49988 3297.67
 0.5 3191.51
 0.50012 3090.17
 0.50024 2994.45
 0.50036 2904.48
 0.50048 2819.84
 0.5006 2740.02
 0.50072 2664.59
 0.50084 2593.09
 0.50096 2525.01
 0.50108 2460.17
 0.5012 2398.33
 0.50132 2339.17
 0.50144 2282.16
 0.50156 2226.79
 0.50168 2172.76
 0.5018 2119.99
 0.50192 2068.59
 0.50204 2018.93
 0.50216 1971.54
 0.50228 1927.11
 0.5024 1886.5
 0.50252 1850.65
 0.50264 1820.32
 0.50276 1796.04
 0.50288 1778.35
 0.503 1767.49
 0.50312 1763.56
 0.50324 1766.61
 0.50336 1776.68
 0.50348 1794.21
 0.5036 1819.67
 0.50372 1853.09
 0.50384 1894.09
 0.50396 1941.56
 0.50408 1994.21
 0.5042 2050.74
 0.50432 2109.85
 0.50444 2170.28
 0.50456 2231.01
 0.50468 2291.5
 0.5048 2351.42
 0.50492 2410.58
 0.50504 2468.87
 0.50516 2526.08
 0.50528 2582.11
 0.5054 2636.82
 0.50552 2689.3
 0.50564 2738.51
 0.50576 2783.68
 0.50588 2824.68
 0.506 2862.14
 0.50612 2896.81
 0.50624 2929.6
 0.50636 2961.49
 0.50648 2993.14
 0.5066 3024.61
 0.50672 3055.43
 0.50684 3085.09
 0.50696 3113.07
 0.50708 3138.87
 0.5072 3162.03
 0.50732 3181.86
 0.50744 3198.19
 0.50756 3211.52
 0.50768 3222.59
 0.5078 3232.09
 0.50792 3240.18
 0.50804 3246.61
 0.50816 3250.83
 0.50828 3251.73
 0.5084 3248.21
 0.50852 3239.72
 0.50864 3226.29
 0.50876 3208.22
 0.50888 3185.7
 0.509 3159.25
 0.50912 3129.52
 0.50924 3097.46
 0.50936 3064
 0.50948 3029.6
 0.5096 2994.38
 0.50972 2958.33
 0.50984 2921.5
 0.50996 2884.02
 0.51008 2846.12
 0.5102 2808.42
 0.51032 2772.27
 0.51044 2739.01
 0.51056 2709.66
 0.51068 2684.99
 0.5108 2665.73
 0.51092 2652.33
 0.51104 2644.68
 0.51116 2642.42
 0.51128 2645.18
 0.5114 2652.7
 0.51152 2664.91
 0.51164 2681.89
 0.51176 2703.51
 0.51188 2729.6
 0.512 2760.17
 0.51212 2795.59
 0.51224 2835.82
 0.51236 2880.29
 0.51248 2928.19
 0.5126 2978.81
 0.51272 3031.51
 0.51284 3085.84
 0.51296 3141.76
 0.51308 3199.46
 0.5132 3258.97
 0.51332 3319.84
 0.51344 3381.47
 0.51356 3442.99
 0.51368 3503.48
 0.5138 3562.33
 0.51392 3618.94
 0.51404 3672.43
 0.51416 3721.66
 0.51428 3765.78
 0.5144 3804.32
 0.51452 3837.02
 0.51464 3863.46
 0.51476 3883.14
 0.51488 3895.51
 0.515 3900.07
 0.51512 3896.46
 0.51524 3884.75
 0.51536 3865.63
 0.51548 3840.08
 0.5156 3809.17
 0.51572 3773.83
 0.51584 3734.94
 0.51596 3693.4
 0.51608 3650.19
 0.5162 3606.16
 0.51632 3562.12
 0.51644 3518.81
 0.51656 3476.83
 0.51668 3436.96
 0.5168 3399.8
 0.51692 3365.74
 0.51704 3335.03
 0.51716 3307.98
 0.51728 3284.52
 0.5174 3264.16
 0.51752 3246.47
 0.51764 3231.43
 0.51776 3219.05
 0.51788 3209.17
 0.518 3201.83
 0.51812 3197.21
 0.51824 3195.7
 0.51836 3197.18
 0.51848 3201.71
 0.5186 3209.59
 0.51872 3221.3
 0.51884 3237.45
 0.51896 3258.59
 0.51908 3285.23
 0.5192 3317.54
 0.51932 3356.1
 0.51944 3401.31
 0.51956 3453.04
 0.51968 3510.75
 0.5198 3574.23
 0.51992 3643.08
 0.52004 3716.2
 0.52016 3792.17
 0.52028 3869.66
 0.5204 3947.75
 0.52052 4024.88
 0.52064 4099.08
 0.52076 4168.21
 0.52088 4230.43
 0.521 4283.98
 0.52112 4327.2
 0.52124 4358.49
 0.52136 4375.93
 0.52148 4378.35
 0.5216 4365
 0.52172 4335.2
 0.52184 4288.27
 0.52196 4224.36
 0.52208 4144.4
 0.5222 4049.71
 0.52232 3941.75
 0.52244 3822.25
 0.52256 3693.75
 0.52268 3559.22
 0.5228 3421.65
 0.52292 3283.89
 0.52304 3148.78
 0.52316 3019.41
 0.52328 2899.13
 0.5234 2791.31
 0.52352 2698.75
 0.52364 2624.22
 0.52376 2570.02
 0.52388 2537.84
 0.524 2528.89
 0.52412 2543.7
 0.52424 2582.27
 0.52436 2644.25
 0.52448 2728.87
 0.5246 2834.57
 0.52472 2959.16
 0.52484 3100.2
 0.52496 3255.09
 0.52508 3421.2
 0.5252 3595.51
 0.52532 3774.84
 0.52544 3956.15
 0.52556 4136.21
 0.52568 4311.98
 0.5258 4481.32
 0.52592 4642.25
 0.52604 4792.77
 0.52616 4931.57
 0.52628 5057.41
 0.5264 5168.87
 0.52652 5264.6
 0.52664 5344.17
 0.52676 5407.76
 0.52688 5455.87
 0.527 5489.04
 0.52712 5507.65
 0.52724 5512.14
 0.52736 5502.7
 0.52748 5479.61
 0.5276 5443.47
 0.52772 5394.35
 0.52784 5331.96
 0.52796 5256.51
 0.52808 5168.15
 0.5282 5066.91
 0.52832 4953.47
 0.52844 4829.32
 0.52856 4695.88
 0.52868 4553.84
 0.5288 4403.89
 0.52892 4246.61
 0.52904 4082.9
 0.52916 3914.02
 0.52928 3741.6
 0.5294 3567.72
 0.52952 3394.5
 0.52964 3224.25
 0.52976 3059.73
 0.52988 2903.49
 0.53 2757.75
 0.53012 2624.83
 0.53024 2506.77
 0.53036 2404.64
 0.53048 2318.76
 0.5306 2249.64
 0.53072 2198.01
 0.53084 2164.2
 0.53096 2148.59
 0.53108 2151.09
 0.5312 2171.32
 0.53132 2208.19
 0.53144 2260
 0.53156 2324.64
 0.53168 2399.57
 0.5318 2482.12
 0.53192 2569.82
 0.53204 2660.08
 0.53216 2750.13
 0.53228 2837.49
 0.5324 2920.44
 0.53252 2997.74
 0.53264 3067.98
 0.53276 3129.96
 0.53288 3182.45
 0.533 3224.08
 0.53312 3253.93
 0.53324 3271.4
 0.53336 3276.77
 0.53348 3270.92
 0.5336 3255.05
 0.53372 3230.48
 0.53384 3198.42
 0.53396 3159.85
 0.53408 3116.17
 0.5342 3068.99
 0.53432 3019.7
 0.53444 2969.36
 0.53456 2918.85
 0.53468 2869.01
 0.5348 2820.47
 0.53492 2774.53
 0.53504 2732.42
 0.53516 2694.98
 0.53528 2662.79
 0.5354 2635.98
 0.53552 2614.39
 0.53564 2597.94
 0.53576 2586.57
 0.53588 2580.6
 0.536 2580.86
 0.53612 2587.81
 0.53624 2601.84
 0.53636 2623.4
 0.53648 2652.82
 0.5366 2690.33
 0.53672 2736.49
 0.53684 2791.57
 0.53696 2855.14
 0.53708 2927.14
 0.5372 3007.67
 0.53732 3096.73
 0.53744 3194.13
 0.53756 3299.67
 0.53768 3413.12
 0.5378 3534.42
 0.53792 3662.39
 0.53804 3794.7
 0.53816 3929.13
 0.53828 4063.28
 0.5384 4194.71
 0.53852 4321.42
 0.53864 4441.44
 0.53876 4552.74
 0.53888 4653.92
 0.539 4744.05
 0.53912 4821.73
 0.53924 4885.38
 0.53936 4933.72
 0.53948 4965.81
 0.5396 4980.69
 0.53972 4977.1
 0.53984 4953.8
 0.53996 4911.48
 0.54008 4852.16
 0.5402 4777.97
 0.54032 4691.49
 0.54044 4595.32
 0.54056 4491.81
 0.54068 4383.1
 0.5408 4271.04
 0.54092 4156.85
 0.54104 4041.5
 0.54116 3926.33
 0.54128 3813
 0.5414 3703.12
 0.54152 3598.38
 0.54164 3500.41
 0.54176 3411.22
 0.54188 3332.42
 0.542 3264.19
 0.54212 3205.89
 0.54224 3156.84
 0.54236 3115.87
 0.54248 3081.67
 0.5426 3053.19
 0.54272 3029.73
 0.54284 3010.76
 0.54296 2996.28
 0.54308 2986.6
 0.5432 2981.88
 0.54332 2981.91
 0.54344 2985.93
 0.54356 2992.98
 0.54368 3002.19
 0.5438 3012.62
 0.54392 3023.65
 0.54404 3035.24
 0.54416 3047.37
 0.54428 3059.88
 0.5444 3073.04
 0.54452 3087.08
 0.54464 3101.88
 0.54476 3117.33
 0.54488 3133.23
 0.545 3148.76
 0.54512 3162.88
 0.54524 3174.6
 0.54536 3183.54
 0.54548 3189.99
 0.5456 3194.41
 0.54572 3197.25
 0.54584 3198.56
 0.54596 3198.09
 0.54608 3195.44
 0.5462 3190.62
 0.54632 3183.75
 0.54644 3174.83
 0.54656 3164.18
 0.54668 3152.09
 0.5468 3138.64
 0.54692 3124.3
 0.54704 3109.88
 0.54716 3096.17
 0.54728 3083.87
 0.5474 3073.32
 0.54752 3064.53
 0.54764 3057.33
 0.54776 3051.32
 0.54788 3046.77
 0.548 3044.13
 0.54812 3043.9
 0.54824 3046.4
 0.54836 3051.75
 0.54848 3059.98
 0.5486 3071.07
 0.54872 3085.31
 0.54884 3102.8
 0.54896 3123.18
 0.54908 3146.24
 0.5492 3171.68
 0.54932 3199.14
 0.54944 3228.15
 0.54956 3258.08
 0.54968 3288.77
 0.5498 3320.39
 0.54992 3352.83
 0.55004 3385.98
 0.55016 3419.57
 0.55028 3453.4
 0.5504 3487.48
 0.55052 3521.59
 0.55064 3555.21
 0.55076 3587.73
 0.55088 3618.9
 0.551 3648.59
 0.55112 3676.67
 0.55124 3702.79
 0.55136 3726.71
 0.55148 3748.48
 0.5516 3768.37
 0.55172 3786.03
 0.55184 3800.88
 0.55196 3812.1
 0.55208 3818.86
 0.5522 3820.36
 0.55232 3815.8
 0.55244 3804.49
 0.55256 3786.11
 0.55268 3760.6
 0.5528 3728.08
 0.55292 3688.67
 0.55304 3642.32
 0.55316 3589.14
 0.55328 3529.88
 0.5534 3465.2
 0.55352 3395.62
 0.55364 3321.96
 0.55376 3245.16
 0.55388 3166.36
 0.554 3087.06
 0.55412 3008.78
 0.55424 2933.02
 0.55436 2861.11
 0.55448 2794.28
 0.5546 2733.62
 0.55472 2679.82
 0.55484 2633.19
 0.55496 2593.94
 0.55508 2562.57
 0.5552 2539.04
 0.55532 2523.04
 0.55544 2514.29
 0.55556 2512.02
 0.55568 2515.09
 0.5558 2522.51
 0.55592 2533.13
 0.55604 2545.67
 0.55616 2559.05
 0.55628 2572.3
 0.5564 2584.55
 0.55652 2594.83
 0.55664 2602.27
 0.55676 2606.5
 0.55688 2607.37
 0.557 2604.71
 0.55712 2598.44
 0.55724 2588.84
 0.55736 2575.84
 0.55748 2559.78
 0.5576 2541.69
 0.55772 2523.04
 0.55784 2505.25
 0.55796 2489.85
 0.55808 2478.18
 0.5582 2470.84
 0.55832 2468.4
 0.55844 2471.74
 0.55856 2481.83
 0.55868 2499.46
 0.5588 2525.21
 0.55892 2559.62
 0.55904 2602.98
 0.55916 2655.06
 0.55928 2715.83
 0.5594 2785.47
 0.55952 2863.8
 0.55964 2949.57
 0.55976 3041.01
 0.55988 3136.2
 0.56 3233.13
 0.56012 3330.32
 0.56024 3427.02
 0.56036 3521.86
 0.56048 3613.01
 0.5606 3698.69
 0.56072 3777.25
 0.56084 3847.04
 0.56096 3906.33
 0.56108 3953.9
 0.5612 3988.91
 0.56132 4010.34
 0.56144 4017.1
 0.56156 4008.8
 0.56168 3986.22
 0.5618 3950.6
 0.56192 3903.25
 0.56204 3845.5
 0.56216 3778.31
 0.56228 3702.89
 0.5624 3621.38
 0.56252 3536.17
 0.56264 3449.27
 0.56276 3362.73
 0.56288 3278.69
 0.563 3199.54
 0.56312 3127.36
 0.56324 3064.24
 0.56336 3012.24
 0.56348 2973.26
 0.5636 2948.41
 0.56372 2937.93
 0.56384 2941.59
 0.56396 2959.34
 0.56408 2991.09
 0.5642 3036.44
 0.56432 3094.49
 0.56444 3163.58
 0.56456 3242.03
 0.56468 3328.39
 0.5648 3420.98
 0.56492 3518
 0.56504 3617.51
 0.56516 3717.39
 0.56528 3815.35
 0.5654 3909.19
 0.56552 3996.6
 0.56564 4075.87
 0.56576 4146.29
 0.56588 4207.58
 0.566 4259.23
 0.56612 4301.07
 0.56624 4333.14
 0.56636 4355.53
 0.56648 4368.84
 0.5666 4373.97
 0.56672 4372.1
 0.56684 4364.61
 0.56696 4352.75
 0.56708 4337.74
 0.5672 4321.04
 0.56732 4303.81
 0.56744 4287.38
 0.56756 4273.49
 0.56768 4263.02
 0.5678 4255.76
 0.56792 4251.32
 0.56804 4249.32
 0.56816 4249.15
 0.56828 4250.51
 0.5684 4253.49
 0.56852 4257.76
 0.56864 4262.44
 0.56876 4266.18
 0.56888 4267.83
 0.569 4266.3
 0.56912 4260.61
 0.56924 4250.2
 0.56936 4235.19
 0.56948 4215.26
 0.5696 4190.04
 0.56972 4160.1
 0.56984 4126.57
 0.56996 4090.63
 0.57008 4053.51
 0.5702 4016.3
 0.57032 3979.58
 0.57044 3943.46
 0.57056 3908.22
 0.57068 3874.78
 0.5708 3844.13
 0.57092 3817.12
 0.57104 3794.68
 0.57116 3777.46
 0.57128 3765.34
 0.5714 3757.77
 0.57152 3754.46
 0.57164 3754.77
 0.57176 3757.67
 0.57188 3761.98
 0.572 3766.61
 0.57212 3770.44
 0.57224 3772.64
 0.57236 3772.64
 0.57248 3770.38
 0.5726 3765.49
 0.57272 3757.18
 0.57284 3744.65
 0.57296 3727.1
 0.57308 3703.79
 0.5732 3674.39
 0.57332 3639.2
 0.57344 3598.69
 0.57356 3553.45
 0.57368 3504.51
 0.5738 3452.8
 0.57392 3399.18
 0.57404 3344.21
 0.57416 3288.45
 0.57428 3232.46
 0.5744 3176.63
 0.57452 3121.07
 0.57464 3066.37
 0.57476 3013.37
 0.57488 2963.07
 0.575 2916.5
 0.57512 2874.46
 0.57524 2837.36
 0.57536 2805.23
 0.57548 2777.89
 0.5756 2754.94
 0.57572 2736.04
 0.57584 2720.97
 0.57596 2709.76
 0.57608 2702.84
 0.5762 2700.52
 0.57632 2702.85
 0.57644 2710.01
 0.57656 2722.29
 0.57668 2739.78
 0.5768 2762.43
 0.57692 2790.04
 0.57704 2822.41
 0.57716 2859.32
 0.57728 2900.9
 0.5774 2947.4
 0.57752 2998.92
 0.57764 3055.24
 0.57776 3115.62
 0.57788 3179.17
 0.578 3244.83
 0.57812 3311.26
 0.57824 3377.45
 0.57836 3442.74
 0.57848 3506.3
 0.5786 3567.15
 0.57872 3624.13
 0.57884 3676.12
 0.57896 3722.12
 0.57908 3761.23
 0.5792 3792.8
 0.57932 3815.76
 0.57944 3829.37
 0.57956 3833.29
 0.57968 3828.01
 0.5798 3814.55
 0.57992 3793.88
 0.58004 3767.2
 0.58016 3735.68
 0.58028 3699.98
 0.5804 3660.71
 0.58052 3618.54
 0.58064 3574.29
 0.58076 3529.01
 0.58088 3483.71
 0.581 3439.1
 0.58112 3395.55
 0.58124 3353.32
 0.58136 3313.1
 0.58148 3275.14
 0.5816 3239.53
 0.58172 3205.71
 0.58184 3173.01
 0.58196 3140.83
 0.58208 3108.4
 0.5822 3075.33
 0.58232 3041.46
 0.58244 3006.41
 0.58256 2969.86
 0.58268 2931.47
 0.5828 2890.61
 0.58292 2846.93
 0.58304 2800.52
 0.58316 2751.94
 0.58328 2701.67
 0.5834 2650.02
 0.58352 2597.38
 0.58364 2544.12
 0.58376 2490.95
 0.58388 2438.45
 0.584 2387.16
 0.58412 2337.64
 0.58424 2290.28
 0.58436 2245.54
 0.58448 2204.34
 0.5846 2167.29
 0.58472 2135.12
 0.58484 2108.75
 0.58496 2088.73
 0.58508 2075.12
 0.5852 2067.65
 0.58532 2066.29
 0.58544 2071.09
 0.58556 2082.1
 0.58568 2099.35
 0.5858 2122.51
 0.58592 2151.56
 0.58604 2186.43
 0.58616 2226.78
 0.58628 2272.24
 0.5864 2322.24
 0.58652 2375.86
 0.58664 2432.59
 0.58676 2491.74
 0.58688 2552.68
 0.587 2615.23
 0.58712 2679.44
 0.58724 2745.01
 0.58736 2811.27
 0.58748 2877.44
 0.5876 2942.81
 0.58772 3007.03
 0.58784 3069.95
 0.58796 3131.1
 0.58808 3190.07
 0.5882 3246.74
 0.58832 3300.75
 0.58844 3351.74
 0.58856 3399.42
 0.58868 3443.31
 0.5888 3483.03
 0.58892 3517.83
 0.58904 3546.63
 0.58916 3568.83
 0.58928 3584.81
 0.5894 3595.29
 0.58952 3601.04
 0.58964 3602.55
 0.58976 3599.68
 0.58988 3592.51
 0.59 3581.28
 0.59012 3566.31
 0.59024 3547.96
 0.59036 3527.38
 0.59048 3505.82
 0.5906 3484.55
 0.59072 3464.85
 0.59084 3448
 0.59096 3435.76
 0.59108 3429.9
 0.5912 3431.08
 0.59132 3439.01
 0.59144 3453.14
 0.59156 3472.88
 0.59168 3498.13
 0.5918 3528.83
 0.59192 3564.49
 0.59204 3604.67
 0.59216 3648.71
 0.59228 3695.52
 0.5924 3743.31
 0.59252 3790.25
 0.59264 3834.59
 0.59276 3874.43
 0.59288 3907.76
 0.593 3932.2
 0.59312 3945.59
 0.59324 3946.84
 0.59336 3935.51
 0.59348 3911.3
 0.5936 3874.08
 0.59372 3823.55
 0.59384 3760.11
 0.59396 3684.38
 0.59408 3597.11
 0.5942 3499.3
 0.59432 3392.64
 0.59444 3279.06
 0.59456 3160.35
 0.59468 3038.03
 0.5948 2914.05
 0.59492 2790.33
 0.59504 2669.13
 0.59516 2552.57
 0.59528 2442.28
 0.5954 2339.7
 0.59552 2246.35
 0.59564 2163.59
 0.59576 2092.61
 0.59588 2034.13
 0.596 1988.82
 0.59612 1957.14
 0.59624 1939.07
 0.59636 1933.93
 0.59648 1941.01
 0.5966 1960.14
 0.59672 1991.43
 0.59684 2034.6
 0.59696 2089.61
 0.59708 2155.82
 0.5972 2232.44
 0.59732 2318.71
 0.59744 2413.52
 0.59756 2515.27
 0.59768 2622.34
 0.5978 2733.18
 0.59792 2846.12
 0.59804 2959.46
 0.59816 3071.46
 0.59828 3181.02
 0.5984 3287.58
 0.59852 3390.3
 0.59864 3487.6
 0.59876 3577.95
 0.59888 3659.98
 0.599 3732.32
 0.59912 3794.15
 0.59924 3844.68
 0.59936 3883.11
 0.59948 3909.33
 0.5996 3923.87
 0.59972 3927.19
 0.59984 3919.75
 0.59996 3902.3
 0.60008 3875.68
 0.6002 3840.97
 0.60032 3798.65
 0.60044 3749
 0.60056 3692.77
 0.60068 3631.05
 0.6008 3564.6
 0.60092 3494.01
 0.60104 3419.9
 0.60116 3342.76
 0.60128 3263.38
 0.6014 3182.56
 0.60152 3100.51
 0.60164 3017.26
 0.60176 2933.12
 0.60188 2848.51
 0.602 2763.77
 0.60212 2679.11
 0.60224 2594.74
 0.60236 2511.31
 0.60248 2429.36
 0.6026 2349.3
 0.60272 2271.76
 0.60284 2197.68
 0.60296 2127.91
 0.60308 2063.12
 0.6032 2003.91
 0.60332 1950.79
 0.60344 1904.4
 0.60356 1865.57
 0.60368 1835.09
 0.6038 1813.33
 0.60392 1800.63
 0.60404 1797.29
 0.60416 1803.49
 0.60428 1819.1
 0.6044 1843.85
 0.60452 1877.36
 0.60464 1918.83
 0.60476 1967.3
 0.60488 2021.9
 0.605 2082.03
 0.60512 2147.22
 0.60524 2216.99
 0.60536 2290.71
 0.60548 2367.45
 0.6056 2446.19
 0.60572 2525.92
 0.60584 2605.55
 0.60596 2684.01
 0.60608 2760.16
 0.6062 2833.08
 0.60632 2902.07
 0.60644 2966.34
 0.60656 3025.62
 0.60668 3080.05
 0.6068 3129.58
 0.60692 3174.01
 0.60704 3213.12
 0.60716 3246.44
 0.60728 3273.53
 0.6074 3294.27
 0.60752 3308.93
 0.60764 3317.65
 0.60776 3321.04
 0.60788 3319.93
 0.608 3315.26
 0.60812 3308.24
 0.60824 3300.08
 0.60836 3292.05
 0.60848 3285.57
 0.6086 3281.56
 0.60872 3280.6
 0.60884 3283.44
 0.60896 3290.24
 0.60908 3301.09
 0.6092 3316.35
 0.60932 3336.07
 0.60944 3359.82
 0.60956 3387.17
 0.60968 3417.88
 0.6098 3451.31
 0.60992 3486.7
 0.61004 3523.06
 0.61016 3558.91
 0.61028 3592.61
 0.6104 3622.36
 0.61052 3646.26
 0.61064 3662.91
 0.61076 3671.31
 0.61088 3670.56
 0.611 3660.73
 0.61112 3641.85
 0.61124 3613.97
 0.61136 3577.55
 0.61148 3533.3
 0.6116 3481.44
 0.61172 3422.13
 0.61184 3355.68
 0.61196 3282.44
 0.61208 3203.19
 0.6122 3119.29
 0.61232 3032.25
 0.61244 2943.72
 0.61256 2855.42
 0.61268 2768.6
 0.6128 2684.2
 0.61292 2603.08
 0.61304 2525.65
 0.61316 2452.44
 0.61328 2383.88
 0.6134 2320.36
 0.61352 2262.54
 0.61364 2211.43
 0.61376 2167.88
 0.61388 2132.66
 0.614 2106.43
 0.61412 2089.26
 0.61424 2080.79
 0.61436 2080.68
 0.61448 2088.34
 0.6146 2102.84
 0.61472 2123.6
 0.61484 2150.08
 0.61496 2181.65
 0.61508 2217.55
 0.6152 2256.92
 0.61532 2298.8
 0.61544 2342.07
 0.61556 2385.34
 0.61568 2427.13
 0.6158 2466.09
 0.61592 2500.98
 0.61604 2530.92
 0.61616 2555.53
 0.61628 2574.48
 0.6164 2587.25
 0.61652 2593.8
 0.61664 2594.48
 0.61676 2589.57
 0.61688 2579.58
 0.617 2565.06
 0.61712 2546.76
 0.61724 2525.44
 0.61736 2501.95
 0.61748 2477.31
 0.6176 2452.73
 0.61772 2429.54
 0.61784 2409.13
 0.61796 2392.45
 0.61808 2379.92
 0.6182 2371.79
 0.61832 2368.4
 0.61844 2370.09
 0.61856 2376.8
 0.61868 2388.23
 0.6188 2403.7
 0.61892 2422.44
 0.61904 2443.8
 0.61916 2467.28
 0.61928 2492.44
 0.6194 2518.62
 0.61952 2544.71
 0.61964 2569.35
 0.61976 2591.04
 0.61988 2608.52
 0.62 2621.33
 0.62012 2629.23
 0.62024 2632.07
 0.62036 2630
 0.62048 2623.41
 0.6206 2612.84
 0.62072 2599.19
 0.62084 2583.62
 0.62096 2567.06
 0.62108 2550.23
 0.6212 2533.56
 0.62132 2517.34
 0.62144 2502.43
 0.62156 2490.35
 0.62168 2482.75
 0.6218 2481.1
 0.62192 2486.16
 0.62204 2498.06
 0.62216 2516.79
 0.62228 2542.01
 0.6224 2572.91
 0.62252 2608.55
 0.62264 2647.99
 0.62276 2690.07
 0.62288 2733.78
 0.623 2778.3
 0.62312 2823.01
 0.62324 2867.85
 0.62336 2912.64
 0.62348 2956.56
 0.6236 2998.62
 0.62372 3037.85
 0.62384 3073.53
 0.62396 3105.63
 0.62408 3134.58
 0.6242 3161.25
 0.62432 3186.8
 0.62444 3212.39
 0.62456 3239.16
 0.62468 3268.05
 0.6248 3300
 0.62492 3335.6
 0.62504 3375.32
 0.62516 3418.94
 0.62528 3465.7
 0.6254 3515.23
 0.62552 3567.23
 0.62564 3621.06
 0.62576 3676.18
 0.62588 3732
 0.626 3787.52
 0.62612 3841.22
 0.62624 3891.19
 0.62636 3935.75
 0.62648 3973.38
 0.6266 4002.62
 0.62672 4022.27
 0.62684 4031.12
 0.62696 4028.28
 0.62708 4013.47
 0.6272 3987.51
 0.62732 3951.49
 0.62744 3906.14
 0.62756 3852.62
 0.62768 3792.56
 0.6278 3727.3
 0.62792 3658.33
 0.62804 3587.36
 0.62816 3516.61
 0.62828 3448.34
 0.6284 3384.43
 0.62852 3326.69
 0.62864 3276.77
 0.62876 3236.18
 0.62888 3206.49
 0.629 3188.83
 0.62912 3183.45
 0.62924 3189.41
 0.62936 3205.81
 0.62948 3232
 0.6296 3266.81
 0.62972 3308.75
 0.62984 3356.42
 0.62996 3408.12
 0.63008 3462.1
 0.6302 3516.26
 0.63032 3568.46
 0.63044 3616.74
 0.63056 3659.37
 0.63068 3694.97
 0.6308 3722.26
 0.63092 3739.95
 0.63104 3747.27
 0.63116 3744.48
 0.63128 3732.79
 0.6314 3713.26
 0.63152 3686.57
 0.63164 3654.04
 0.63176 3617.31
 0.63188 3578.29
 0.632 3538.9
 0.63212 3500.61
 0.63224 3465.31
 0.63236 3435.08
 0.63248 3411.61
 0.6326 3396.37
 0.63272 3390.66
 0.63284 3395.78
 0.63296 3412.86
 0.63308 3442.39
 0.6332 3483.88
 0.63332 3535.97
 0.63344 3597.51
 0.63356 3667.48
 0.63368 3744.1
 0.6338 3825.02
 0.63392 3907.62
 0.63404 3989.72
 0.63416 4069.7
 0.63428 4145.55
 0.6344 4215.42
 0.63452 4277.93
 0.63464 4331.47
 0.63476 4374
 0.63488 4403.52
 0.635 4418.48
 0.63512 4418.04
 0.63524 4402.38
 0.63536 4372.58
 0.63548 4329.64
 0.6356 4274.77
 0.63572 4209.79
 0.63584 4137.04
 0.63596 4058.77
 0.63608 3976.96
 0.6362 3893.43
 0.63632 3810.07
 0.63644 3728.34
 0.63656 3649.51
 0.63668 3575.56
 0.6368 3508.99
 0.63692 3452.01
 0.63704 3405.99
 0.63716 3371.46
 0.63728 3347.66
 0.6374 3333.29
 0.63752 3327.01
 0.63764 3327.48
 0.63776 3333.22
 0.63788 3342.66
 0.638 3354.29
 0.63812 3366.31
 0.63824 3376.9
 0.63836 3384.43
 0.63848 3387.63
 0.6386 3385.07
 0.63872 3374.74
 0.63884 3354.49
 0.63896 3322.83
 0.63908 3279.2
 0.6392 3224.12
 0.63932 3159.07
 0.63944 3085.69
 0.63956 3005.59
 0.63968 2920.19
 0.6398 2830.73
 0.63992 2738.58
 0.64004 2645.35
 0.64016 2553.06
 0.64028 2463.61
 0.6404 2378.27
 0.64052 2298.3
 0.64064 2225.19
 0.64076 2160.64
 0.64088 2106.29
 0.641 2063.08
 0.64112 2031.33
 0.64124 2010.59
 0.64136 2000.12
 0.64148 1999.13
 0.6416 2006.55
 0.64172 2021.31
 0.64184 2042.31
 0.64196 2068.33
 0.64208 2097.95
 0.6422 2129.68
 0.64232 2162.5
 0.64244 2196.17
 0.64256 2230.32
 0.64268 2264.4
 0.6428 2297.7
 0.64292 2329.58
 0.64304 2359.94
 0.64316 2388.83
 0.64328 2416.41
 0.6434 2442.94
 0.64352 2468.81
 0.64364 2494.9
 0.64376 2522.24
 0.64388 2551.82
 0.644 2584.48
 0.64412 2620.81
 0.64424 2661.23
 0.64436 2705.52
 0.64448 2752.9
 0.6446 2802.67
 0.64472 2854.34
 0.64484 2907.48
 0.64496 2961.27
 0.64508 3014.49
 0.6452 3066.03
 0.64532 3114.83
 0.64544 3159.74
 0.64556 3199.61
 0.64568 3233.21
 0.6458 3259.32
 0.64592 3276.75
 0.64604 3284.74
 0.64616 3283.03
 0.64628 3271.56
 0.6464 3250.7
 0.64652 3221.19
 0.64664 3183.6
 0.64676 3138.43
 0.64688 3086.42
 0.647 3028.96
 0.64712 2967.74
 0.64724 2904.37
 0.64736 2840.42
 0.64748 2777.25
 0.6476 2715.79
 0.64772 2656.81
 0.64784 2601.41
 0.64796 2550.61
 0.64808 2504.98
 0.6482 2464.78
 0.64832 2430.21
 0.64844 2401.25
 0.64856 2377.81
 0.64868 2359.87
 0.6488 2347.34
 0.64892 2339.93
 0.64904 2336.9
 0.64916 2337.37
 0.64928 2340.5
 0.6494 2345.7
 0.64952 2353
 0.64964 2362.55
 0.64976 2374.24
 0.64988 2387.47
 0.65 2401.73
 0.65012 2416.66
 0.65024 2431.94
 0.65036 2447.14
 0.65048 2461.62
 0.6506 2474.85
 0.65072 2486.44
 0.65084 2495.8
 0.65096 2502.26
 0.65108 2505.32
 0.6512 2504.55
 0.65132 2499.52
 0.65144 2489.38
 0.65156 2473.08
 0.65168 2450
 0.6518 2420
 0.65192 2383.27
 0.65204 2340.04
 0.65216 2290.81
 0.65228 2236.2
 0.6524 2177.31
 0.65252 2115.58
 0.65264 2052.33
 0.65276 1988.94
 0.65288 1927.28
 0.653 1869.36
 0.65312 1817.02
 0.65324 1771.92
 0.65336 1735.64
 0.65348 1710.01
 0.6536 1696.61
 0.65372 1696.68
 0.65384 1711.2
 0.65396 1741
 0.65408 1786.64
 0.6542 1848.22
 0.65432 1925.38
 0.65444 2017
 0.65456 2121.53
 0.65468 2237.24
 0.6548 2362.03
 0.65492 2493.23
 0.65504 2628.15
 0.65516 2764.34
 0.65528 2899.7
 0.6554 3032.13
 0.65552 3159.24
 0.65564 3278.56
 0.65576 3387.65
 0.65588 3484.11
 0.656 3565.61
 0.65612 3630.28
 0.65624 3676.71
 0.65636 3704.35
 0.65648 3713.41
 0.6566 3704.53
 0.65672 3678.83
 0.65684 3637.86
 0.65696 3583.67
 0.65708 3518.25
 0.6572 3443.07
 0.65732 3359.42
 0.65744 3269.06
 0.65756 3174.33
 0.65768 3077.96
 0.6578 2982.75
 0.65792 2891.51
 0.65804 2806.97
 0.65816 2731.3
 0.65828 2666.24
 0.6584 2612.95
 0.65852 2571.99
 0.65864 2543.57
 0.65876 2527.65
 0.65888 2523.71
 0.659 2530.84
 0.65912 2548.42
 0.65924 2576.3
 0.65936 2613.88
 0.65948 2659.95
 0.6596 2712.75
 0.65972 2770.11
 0.65984 2829.81
 0.65996 2889.68
 0.66008 2947.73
 0.6602 3002.46
 0.66032 3052.49
 0.66044 3096.49
 0.66056 3133.58
 0.66068 3162.93
 0.6608 3183.77
 0.66092 3195.88
 0.66104 3199.51
 0.66116 3194.71
 0.66128 3181.71
 0.6614 3161.25
 0.66152 3134.41
 0.66164 3102.6
 0.66176 3067.7
 0.66188 3031.34
 0.662 2995.05
 0.66212 2960.14
 0.66224 2927.78
 0.66236 2899.44
 0.66248 2876.67
 0.6626 2860.86
 0.66272 2853.42
 0.66284 2855.63
 0.66296 2867.83
 0.66308 2889.63
 0.6632 2920.27
 0.66332 2958.55
 0.66344 3003
 0.66356 3052.18
 0.66368 3104.2
 0.6638 3156.96
 0.66392 3208.84
 0.66404 3258.44
 0.66416 3304.47
 0.66428 3345.34
 0.6644 3379.17
 0.66452 3403.97
 0.66464 3417.82
 0.66476 3418.86
 0.66488 3405.71
 0.665 3378.24
 0.66512 3337
 0.66524 3283.26
 0.66536 3218.71
 0.66548 3145.11
 0.6656 3064.02
 0.66572 2977.47
 0.66584 2887.48
 0.66596 2795.35
 0.66608 2702.04
 0.6662 2608.44
 0.66632 2515.83
 0.66644 2425.6
 0.66656 2339.14
 0.66668 2257.88
 0.6668 2183.15
 0.66692 2115.89
 0.66704 2056.39
 0.66716 2004.67
 0.66728 1960.23
 0.6674 1922.34
 0.66752 1890.5
 0.66764 1864.32
 0.66776 1842.89
 0.66788 1825.56
 0.668 1812.53
 0.66812 1804.12
 0.66824 1800.74
 0.66836 1802.59
 0.66848 1809.91
 0.6686 1822.97
 0.66872 1841.99
 0.66884 1866.85
 0.66896 1897.16
 0.66908 1932.16
 0.6692 1971.09
 0.66932 2013.23
 0.66944 2057.81
 0.66956 2103.82
 0.66968 2150.65
 0.6698 2198.18
 0.66992 2246.16
 0.67004 2294.17
 0.67016 2342.03
 0.67028 2389.61
 0.6704 2436.8
 0.67052 2483.44
 0.67064 2529.09
 0.67076 2573.36
 0.67088 2616.5
 0.671 2659.45
 0.67112 2703.78
 0.67124 2751.03
 0.67136 2802.74
 0.67148 2860.37
 0.6716 2925.31
 0.67172 2998.11
 0.67184 3078.4
 0.67196 3165.18
 0.67208 3256.89
 0.6722 3351.53
 0.67232 3447
 0.67244 3541.26
 0.67256 3632.42
 0.67268 3719.11
 0.6728 3800.15
 0.67292 3874.16
 0.67304 3939.24
 0.67316 3993.25
 0.67328 4034.28
 0.6734 4060.85
 0.67352 4071.49
 0.67364 4064.99
 0.67376 4041.37
 0.67388 4001.83
 0.674 3948.56
 0.67412 3884.1
 0.67424 3811.23
 0.67436 3732.66
 0.67448 3651.02
 0.6746 3568.93
 0.67472 3488.62
 0.67484 3411.42
 0.67496 3338.49
 0.67508 3271.16
 0.6752 3210.95
 0.67532 3159.22
 0.67544 3117.05
 0.67556 3085.68
 0.67568 3065.84
 0.6758 3057.46
 0.67592 3059.79
 0.67604 3071.93
 0.67616 3093.28
 0.67628 3123.41
 0.6764 3162.15
 0.67652 3208.95
 0.67664 3262.64
 0.67676 3322.48
 0.67688 3388.87
 0.677 3462.19
 0.67712 3542.32
 0.67724 3628.5
 0.67736 3719.69
 0.67748 3814.93
 0.6776 3913.36
 0.67772 4014.51
 0.67784 4117.96
 0.67796 4222.91
 0.67808 4328.09
 0.6782 4431.4
 0.67832 4530.14
 0.67844 4621.69
 0.67856 4704.34
 0.67868 4777.26
 0.6788 4839.09
 0.67892 4887.96
 0.67904 4922.45
 0.67916 4941.98
 0.67928 4946.9
 0.6794 4937.87
 0.67952 4915.35
 0.67964 4879.54
 0.67976 4830.58
 0.67988 4769.17
 0.68 4696.55
 0.68012 4614.3
 0.68024 4525.12
 0.68036 4432.24
 0.68048 4338.59
 0.6806 4246.07
 0.68072 4156.17
 0.68084 4070.55
 0.68096 3991
 0.68108 3918.97
 0.6812 3855.13
 0.68132 3799.58
 0.68144 3752.01
 0.68156 3712.22
 0.68168 3680.09
 0.6818 3655.38
 0.68192 3637
 0.68204 3624.03
 0.68216 3615.38
 0.68228 3609.22
 0.6824 3603.68
 0.68252 3597.46
 0.68264 3589.85
 0.68276 3580.48
 0.68288 3568.81
 0.683 3553.94
 0.68312 3535.07
 0.68324 3511.84
 0.68336 3484.4
 0.68348 3453.38
 0.6836 3419.44
 0.68372 3383.23
 0.68384 3345.8
 0.68396 3308.76
 0.68408 3273.31
 0.6842 3240.77
 0.68432 3212.4
 0.68444 3188.71
 0.68456 3169.61
 0.68468 3154.67
 0.6848 3143.19
 0.68492 3134.89
 0.68504 3130.02
 0.68516 3128.9
 0.68528 3131.7
 0.6854 3138.3
 0.68552 3148.51
 0.68564 3162.1
 0.68576 3178.78
 0.68588 3197.7
 0.686 3217.84
 0.68612 3238.15
 0.68624 3257.61
 0.68636 3275.87
 0.68648 3293.4
 0.6866 3310.7
 0.68672 3328.47
 0.68684 3347.35
 0.68696 3367.6
 0.68708 3388.93
 0.6872 3410.67
 0.68732 3431.9
 0.68744 3451.51
 0.68756 3468.37
 0.68768 3481.45
 0.6878 3490.12
 0.68792 3494.25
 0.68804 3493.96
 0.68816 3489.78
 0.68828 3482.11
 0.6884 3470.6
 0.68852 3455.12
 0.68864 3435.71
 0.68876 3412.44
 0.68888 3385.63
 0.689 3355.68
 0.68912 3323.56
 0.68924 3290.74
 0.68936 3259.22
 0.68948 3231.11
 0.6896 3208.26
 0.68972 3192.12
 0.68984 3183.3
 0.68996 3182
 0.69008 3187.82
 0.6902 3199.61
 0.69032 3216.43
 0.69044 3237.5
 0.69056 3261.68
 0.69068 3287.92
 0.6908 3315.07
 0.69092 3341.93
 0.69104 3367.37
 0.69116 3390.04
 0.69128 3408.05
 0.6914 3419.26
 0.69152 3421.64
 0.69164 3413.48
 0.69176 3393.9
 0.69188 3362.75
 0.692 3320.2
 0.69212 3267.3
 0.69224 3205.87
 0.69236 3137.68
 0.69248 3064.63
 0.6926 2988.62
 0.69272 2911.36
 0.69284 2834.44
 0.69296 2759.41
 0.69308 2687.69
 0.6932 2620.85
 0.69332 2560.66
 0.69344 2508.76
 0.69356 2466.66
 0.69368 2435.52
 0.6938 2415.77
 0.69392 2407.55
 0.69404 2410.74
 0.69416 2424.63
 0.69428 2448.16
 0.6944 2480.02
 0.69452 2518.54
 0.69464 2562.15
 0.69476 2609.42
 0.69488 2659.01
 0.695 2709.35
 0.69512 2758.77
 0.69524 2805.59
 0.69536 2848.35
 0.69548 2885.9
 0.6956 2917.32
 0.69572 2941.95
 0.69584 2959.53
 0.69596 2969.84
 0.69608 2972.85
 0.6962 2968.49
 0.69632 2956.65
 0.69644 2937.68
 0.69656 2912.24
 0.69668 2880.7
 0.6968 2843.48
 0.69692 2801.26
 0.69704 2755.32
 0.69716 2707.18
 0.69728 2658.21
 0.6974 2609.57
 0.69752 2561.98
 0.69764 2515.97
 0.69776 2472.1
 0.69788 2430.8
 0.698 2392.38
 0.69812 2356.94
 0.69824 2325.02
 0.69836 2297.31
 0.69848 2274.36
 0.6986 2256.66
 0.69872 2245.05
 0.69884 2240.28
 0.69896 2242.73
 0.69908 2251.8
 0.6992 2266.55
 0.69932 2286.16
 0.69944 2310.05
 0.69956 2338.16
 0.69968 2370.36
 0.6998 2406.42
 0.69992 2446.19
 0.70004 2489.99
 0.70016 2538.31
 0.70028 2591.16
 0.7004 2648.28
 0.70052 2709.33
 0.70064 2773.92
 0.70076 2841.3
 0.70088 2910.39
 0.701 2980.55
 0.70112 3052.32
 0.70124 3126.47
 0.70136 3203.41
 0.70148 3283.11
 0.7016 3365.01
 0.70172 3448.42
 0.70184 3532.62
 0.70196 3616.63
 0.70208 3698.77
 0.7022 3777.43
 0.70232 3851.3
 0.70244 3919.48
 0.70256 3981.25
 0.70268 4036.02
 0.7028 4083.7
 0.70292 4124.76
 0.70304 4159.18
 0.70316 4186.16
 0.70328 4204.9
 0.7034 4215.1
 0.70352 4216.85
 0.70364 4210.75
 0.70376 4197.84
 0.70388 4178.9
 0.704 4155.15
 0.70412 4128.25
 0.70424 4099.64
 0.70436 4070.27
 0.70448 4040.6
 0.7046 4010.78
 0.70472 3980.8
 0.70484 3950.22
 0.70496 3918.37
 0.70508 3884.78
 0.7052 3849.46
 0.70532 3812.34
 0.70544 3773.21
 0.70556 3731.82
 0.70568 3687.52
 0.7058 3639.88
 0.70592 3588.74
 0.70604 3533.65
 0.70616 3473.98
 0.70628 3409.52
 0.7064 3340.77
 0.70652 3268.42
 0.70664 3193.5
 0.70676 3117.15
 0.70688 3040.64
 0.707 2965.35
 0.70712 2892.7
 0.70724 2823.93
 0.70736 2760.29
 0.70748 2702.87
 0.7076 2652.67
 0.70772 2610.39
 0.70784 2576.25
 0.70796 2550.24
 0.70808 2532.72
 0.7082 2524.22
 0.70832 2524.84
 0.70844 2534.47
 0.70856 2553.05
 0.70868 2580.2
 0.7088 2615.5
 0.70892 2658.39
 0.70904 2707.93
 0.70916 2762.76
 0.70928 2821.37
 0.7094 2882.34
 0.70952 2944.36
 0.70964 3006.38
 0.70976 3067.67
 0.70988 3127.88
 0.71 3186.77
 0.71012 3243.46
 0.71024 3297.09
 0.71036 3346.93
 0.71048 3392.09
 0.7106 3431.63
 0.71072 3464.89
 0.71084 3491.3
 0.71096 3510.7
 0.71108 3523.44
 0.7112 3530.48
 0.71132 3532.86
 0.71144 3531.36
 0.71156 3526.6
 0.71168 3519.09
 0.7118 3509.59
 0.71192 3498.58
 0.71204 3486.69
 0.71216 3474.67
 0.71228 3462.88
 0.7124 3451.65
 0.71252 3441.51
 0.71264 3432.96
 0.71276 3426.25
 0.71288 3421.29
 0.713 3417.58
 0.71312 3414.24
 0.71324 3410.1
 0.71336 3404.12
 0.71348 3395.78
 0.7136 3384.64
 0.71372 3370.11
 0.71384 3351.35
 0.71396 3327.79
 0.71408 3298.64
 0.7142 3263.75
 0.71432 3223.45
 0.71444 3178.19
 0.71456 3128.16
 0.71468 3073.81
 0.7148 3015.92
 0.71492 2955.78
 0.71504 2895.06
 0.71516 2835.65
 0.71528 2779.55
 0.7154 2728.61
 0.71552 2684.21
 0.71564 2647.65
 0.71576 2620.28
 0.71588 2603.3
 0.716 2597.73
 0.71612 2604.87
 0.71624 2625.44
 0.71636 2659.45
 0.71648 2706.61
 0.7166 2766.67
 0.71672 2838.98
 0.71684 2922.55
 0.71696 3015.72
 0.71708 3116.36
 0.7172 3222.15
 0.71732 3330.43
 0.71744 3438.44
 0.71756 3543.78
 0.71768 3644.07
 0.7178 3737.1
 0.71792 3820.51
 0.71804 3891.96
 0.71816 3948.9
 0.71828 3989.29
 0.7184 4012.2
 0.71852 4017.15
 0.71864 4004.07
 0.71876 3973.08
 0.71888 3924.66
 0.719 3860.11
 0.71912 3781.04
 0.71924 3689.23
 0.71936 3587.15
 0.71948 3477.43
 0.7196 3362.56
 0.71972 3245
 0.71984 3127.36
 0.71996 3012.6
 0.72008 2903.41
 0.7202 2802.59
 0.72032 2712.49
 0.72044 2634.53
 0.72056 2569.4
 0.72068 2517.34
 0.7208 2478.55
 0.72092 2452.89
 0.72104 2439.77
 0.72116 2438.52
 0.72128 2448.26
 0.7214 2467.66
 0.72152 2495.38
 0.72164 2530.11
 0.72176 2570.55
 0.72188 2615.15
 0.722 2662.44
 0.72212 2711.07
 0.72224 2759.27
 0.72236 2805.35
 0.72248 2848.24
 0.7226 2887.65
 0.72272 2923.49
 0.72284 2955.67
 0.72296 2984.26
 0.72308 3009.58
 0.7232 3031.94
 0.72332 3051.8
 0.72344 3069.61
 0.72356 3085.64
 0.72368 3100.09
 0.7238 3113.2
 0.72392 3125.21
 0.72404 3136.44
 0.72416 3147.64
 0.72428 3159.68
 0.7244 3173.42
 0.72452 3189.12
 0.72464 3206.71
 0.72476 3226.07
 0.72488 3247.12
 0.725 3269.42
 0.72512 3292.13
 0.72524 3314.39
 0.72536 3335.23
 0.72548 3353.78
 0.7256 3369.35
 0.72572 3381.31
 0.72584 3389.04
 0.72596 3391.88
 0.72608 3388.64
 0.7262 3377.98
 0.72632 3359.08
 0.72644 3331.56
 0.72656 3295.41
 0.72668 3250.8
 0.7268 3197.93
 0.72692 3136.87
 0.72704 3068.36
 0.72716 2993.51
 0.72728 2913.53
 0.7274 2829.86
 0.72752 2744
 0.72764 2657.46
 0.72776 2571.85
 0.72788 2488.65
 0.728 2409.35
 0.72812 2336.11
 0.72824 2270.86
 0.72836 2214.91
 0.72848 2168.95
 0.7286 2133.28
 0.72872 2107.83
 0.72884 2092.58
 0.72896 2087.74
 0.72908 2093.15
 0.7292 2108.43
 0.72932 2133.05
 0.72944 2166.29
 0.72956 2207.3
 0.72968 2254.77
 0.7298 2307.21
 0.72992 2363.33
 0.73004 2421.85
 0.73016 2481.08
 0.73028 2539.43
 0.7304 2595.82
 0.73052 2649.65
 0.73064 2701.03
 0.73076 2750.51
 0.73088 2798.39
 0.731 2844.75
 0.73112 2889.43
 0.73124 2932.4
 0.73136 2973.52
 0.73148 3012.55
 0.7316 3049.56
 0.73172 3085.23
 0.73184 3120.29
 0.73196 3155.25
 0.73208 3190.38
 0.7322 3225.98
 0.73232 3262.33
 0.73244 3299.37
 0.73256 3336.65
 0.73268 3372.73
 0.7328 3406.03
 0.73292 3435.14
 0.73304 3458.86
 0.73316 3476.63
 0.73328 3487.94
 0.7334 3492.72
 0.73352 3490.95
 0.73364 3482.44
 0.73376 3466.7
 0.73388 3443.3
 0.734 3412.36
 0.73412 3374.38
 0.73424 3330
 0.73436 3279.98
 0.73448 3225.25
 0.7346 3167.39
 0.73472 3108.89
 0.73484 3051.8
 0.73496 2998.18
 0.73508 2949.55
 0.7352 2906.92
 0.73532 2871.14
 0.73544 2842.9
 0.73556 2822.72
 0.73568 2810.98
 0.7358 2808.25
 0.73592 2814.75
 0.73604 2830.15
 0.73616 2853.91
 0.73628 2885.11
 0.7364 2922.49
 0.73652 2964.36
 0.73664 3008.19
 0.73676 3051.44
 0.73688 3092.25
 0.737 3129.08
 0.73712 3161.11
 0.73724 3187.76
 0.73736 3208.35
 0.73748 3222.32
 0.7376 3229.47
 0.73772 3229.75
 0.73784 3223.06
 0.73796 3209.8
 0.73808 3190.45
 0.7382 3165.76
 0.73832 3137.2
 0.73844 3106.64
 0.73856 3076.61
 0.73868 3050.03
 0.7388 3029.32
 0.73892 3016.22
 0.73904 3012.01
 0.73916 3017.19
 0.73928 3032.17
 0.7394 3057.29
 0.73952 3092.54
 0.73964 3137.62
 0.73976 3192.17
 0.73988 3255.71
 0.74 3327.46
 0.74012 3406.49
 0.74024 3491.34
 0.74036 3579.91
 0.74048 3669.86
 0.7406 3758.4
 0.74072 3842.7
 0.74084 3920.18
 0.74096 3988.46
 0.74108 4045.54
 0.7412 4090.25
 0.74132 4121.67
 0.74144 4139.19
 0.74156 4142.51
 0.74168 4131.4
 0.7418 4105.75
 0.74192 4065.54
 0.74204 4011.13
 0.74216 3943.35
 0.74228 3863.55
 0.7424 3773.42
 0.74252 3674.79
 0.74264 3569.76
 0.74276 3460.28
 0.74288 3348.54
 0.743 3237.13
 0.74312 3127.96
 0.74324 3022.16
 0.74336 2920.63
 0.74348 2824.23
 0.7436 2733.73
 0.74372 2649.88
 0.74384 2573.11
 0.74396 2503.8
 0.74408 2441.88
 0.7442 2387.01
 0.74432 2338.53
 0.74444 2295.75
 0.74456 2257.83
 0.74468 2224.05
 0.7448 2194
 0.74492 2166.74
 0.74504 2141.18
 0.74516 2117.14
 0.74528 2095.01
 0.7454 2075.08
 0.74552 2057.52
 0.74564 2042.32
 0.74576 2029.67
 0.74588 2020.19
 0.746 2014.6
 0.74612 2013.9
 0.74624 2019.29
 0.74636 2032.01
 0.74648 2053.11
 0.7466 2083.61
 0.74672 2123.87
 0.74684 2173.83
 0.74696 2233.98
 0.74708 2304.48
 0.7472 2384.76
 0.74732 2474.02
 0.74744 2571.53
 0.74756 2676.65
 0.74768 2789.08
 0.7478 2907.98
 0.74792 3032.01
 0.74804 3159.67
 0.74816 3288.7
 0.74828 3416.6
 0.7484 3541
 0.74852 3659.83
 0.74864 3771.24
 0.74876 3874.35
 0.74888 3968.45
 0.749 4052.52
 0.74912 4126.01
 0.74924 4188.51
 0.74936 4239.57
 0.74948 4278.93
 0.7496 4306.22
 0.74972 4320.97
 0.74984 4323.5
 0.74996 4314.34
 0.75008 4294.48
 0.7502 4265.88
 0.75032 4230.33
 0.75044 4189.29
 0.75056 4144.06
 0.75068 4095.64
 0.7508 4044.42
 0.75092 3990.74
 0.75104 3934.66
 0.75116 3876.09
 0.75128 3815.37
 0.7514 3752.91
 0.75152 3689.04
 0.75164 3624.17
 0.75176 3558.51
 0.75188 3491.98
 0.752 3424.89
 0.75212 3357.06
 0.75224 3288.07
 0.75236 3218.17
 0.75248 3147.91
 0.7526 3077.81
 0.75272 3008.39
 0.75284 2940.16
 0.75296 2873.96
 0.75308 2811.2
 0.7532 2753.09
 0.75332 2700.42
 0.75344 2653.74
 0.75356 2613.49
 0.75368 2580.22
 0.7538 2554.38
 0.75392 2535.73
 0.75404 2523.46
 0.75416 2516.93
 0.75428 2515.21
 0.7544 2516.94
 0.75452 2520.72
 0.75464 2525.09
 0.75476 2529.1
 0.75488 2532.02
 0.755 2532.7
 0.75512 2529.76
 0.75524 2521.96
 0.75536 2508.35
 0.75548 2488.44
 0.7556 2461.62
 0.75572 2427.05
 0.75584 2384.43
 0.75596 2334.54
 0.75608 2278.28
 0.7562 2216.5
 0.75632 2150.2
 0.75644 2080.48
 0.75656 2008.56
 0.75668 1935.86
 0.7568 1863.41
 0.75692 1792.18
 0.75704 1723.33
 0.75716 1658.04
 0.75728 1597.23
 0.7574 1541.46
 0.75752 1491.11
 0.75764 1446.9
 0.75776 1409.75
 0.75788 1380.01
 0.758 1357.58
 0.75812 1342.59
 0.75824 1334.98
 0.75836 1334.65
 0.75848 1341.44
 0.7586 1354.77
 0.75872 1373.82
 0.75884 1397.66
 0.75896 1425.22
 0.75908 1455.36
 0.7592 1487.1
 0.75932 1519.88
 0.75944 1553.35
 0.75956 1587.11
 0.75968 1620.48
 0.7598 1652.74
 0.75992 1683.36
 0.76004 1711.79
 0.76016 1737.59
 0.76028 1760.65
 0.7604 1780.85
 0.76052 1798.22
 0.76064 1812.9
 0.76076 1825.3
 0.76088 1836.05
 0.761 1845.91
 0.76112 1855.4
 0.76124 1864.79
 0.76136 1874.14
 0.76148 1883.55
 0.7616 1893.17
 0.76172 1903.28
 0.76184 1914.24
 0.76196 1926.52
 0.76208 1940.34
 0.7622 1955.61
 0.76232 1972.21
 0.76244 1990.01
 0.76256 2008.94
 0.76268 2029.22
 0.7628 2050.95
 0.76292 2074.06
 0.76304 2098.68
 0.76316 2125.31
 0.76328 2154.56
 0.7634 2186.84
 0.76352 2222.39
 0.76364 2261.39
 0.76376 2303.69
 0.76388 2348.63
 0.764 2395.38
 0.76412 2443.51
 0.76424 2492.54
 0.76436 2541.74
 0.76448 2590.36
 0.7646 2637.36
 0.76472 2681.28
 0.76484 2720.65
 0.76496 2754.15
 0.76508 2780.24
 0.7652 2797.19
 0.76532 2803.33
 0.76544 2797.42
 0.76556 2778.37
 0.76568 2745.35
 0.7658 2698.21
 0.76592 2637.72
 0.76604 2564.69
 0.76616 2479.78
 0.76628 2384.05
 0.7664 2278.92
 0.76652 2165.96
 0.76664 2047.12
 0.76676 1924.94
 0.76688 1801.99
 0.767 1680.78
 0.76712 1563.87
 0.76724 1453.87
 0.76736 1353.26
 0.76748 1264.33
 0.7676 1189.36
 0.76772 1130.04
 0.76784 1087.22
 0.76796 1061.23
 0.76808 1052.48
 0.7682 1061.33
 0.76832 1087.68
 0.76844 1130.91
 0.76856 1190.18
 0.76868 1264.23
 0.7688 1351.08
 0.76892 1448.5
 0.76904 1554.34
 0.76916 1666.44
 0.76928 1782.64
 0.7694 1900.79
 0.76952 2018.43
 0.76964 2133.05
 0.76976 2242.9
 0.76988 2346.67
 0.77 2442.93
 0.77012 2530.07
 0.77024 2606.53
 0.77036 2671.11
 0.77048 2723.08
 0.7706 2761.97
 0.77072 2787.63
 0.77084 2800.73
 0.77096 2801.92
 0.77108 2791.81
 0.7712 2771.07
 0.77132 2740.28
 0.77144 2700.11
 0.77156 2651.83
 0.77168 2596.8
 0.7718 2535.98
 0.77192 2470.31
 0.77204 2401.23
 0.77216 2330.5
 0.77228 2260.05
 0.7724 2191.84
 0.77252 2127.38
 0.77264 2067.96
 0.77276 2014.58
 0.77288 1967.99
 0.773 1929.24
 0.77312 1899.26
 0.77324 1878.91
 0.77336 1869.23
 0.77348 1871.16
 0.7736 1885.08
 0.77372 1911.12
 0.77384 1949.48
 0.77396 2000.2
 0.77408 2062.69
 0.7742 2135.65
 0.77432 2217.36
 0.77444 2306.24
 0.77456 2401.24
 0.77468 2501.52
 0.7748 2606.2
 0.77492 2714.07
 0.77504 2823.76
 0.77516 2934.05
 0.77528 3043.73
 0.7754 3151.4
 0.77552 3255.71
 0.77564 3355.72
 0.77576 3450.68
 0.77588 3539.75
 0.776 3622.28
 0.77612 3698.24
 0.77624 3768.22
 0.77636 3832.68
 0.77648 3891.25
 0.7766 3943.06
 0.77672 3987.26
 0.77684 4023.32
 0.77696 4050.81
 0.77708 4069.47
 0.7772 4078.95
 0.77732 4078.97
 0.77744 4069.41
 0.77756 4050.26
 0.77768 4021.19
 0.7778 3981.86
 0.77792 3932.16
 0.77804 3871.9
 0.77816 3800.92
 0.77828 3718.89
 0.7784 3626.4
 0.77852 3524.99
 0.77864 3416.11
 0.77876 3301.13
 0.77888 3181.31
 0.779 3058.08
 0.77912 2932.8
 0.77924 2806.88
 0.77936 2681.76
 0.77948 2558.71
 0.7796 2438.97
 0.77972 2324.07
 0.77984 2215.47
 0.77996 2114.12
 0.78008 2020.6
 0.7802 1935.26
 0.78032 1858.47
 0.78044 1789.85
 0.78056 1728.82
 0.78068 1675.21
 0.7808 1628.96
 0.78092 1589.95
 0.78104 1557.86
 0.78116 1532.11
 0.78128 1512.06
 0.7814 1496.85
 0.78152 1485.62
 0.78164 1477.43
 0.78176 1471.14
 0.78188 1465.96
 0.782 1461.97
 0.78212 1459.6
 0.78224 1459.31
 0.78236 1461.5
 0.78248 1466.73
 0.7826 1475.38
 0.78272 1487.39
 0.78284 1502.36
 0.78296 1519.82
 0.78308 1539.6
 0.7832 1561.86
 0.78332 1586.69
 0.78344 1614.48
 0.78356 1645.66
 0.78368 1680.7
 0.7838 1719.93
 0.78392 1763.13
 0.78404 1809.33
 0.78416 1857.31
 0.78428 1905.65
 0.7844 1952.97
 0.78452 1997.96
 0.78464 2039.38
 0.78476 2076.48
 0.78488 2108.99
 0.785 2136.67
 0.78512 2159.04
 0.78524 2175.55
 0.78536 2185.91
 0.78548 2189.68
 0.7856 2186.44
 0.78572 2175.8
 0.78584 2157.83
 0.78596 2132.86
 0.78608 2101.61
 0.7862 2065.25
 0.78632 2025.17
 0.78644 1982.54
 0.78656 1938.41
 0.78668 1893.72
 0.7868 1849.1
 0.78692 1804.98
 0.78704 1761.81
 0.78716 1720.12
 0.78728 1680.36
 0.7874 1642.85
 0.78752 1607.96
 0.78764 1576.11
 0.78776 1547.52
 0.78788 1521.98
 0.788 1499.5
 0.78812 1480
 0.78824 1463.11
 0.78836 1448.47
 0.78848 1436.13
 0.7886 1426.35
 0.78872 1419.54
 0.78884 1415.96
 0.78896 1415.83
 0.78908 1419.35
 0.7892 1426.64
 0.78932 1437.61
 0.78944 1452.11
 0.78956 1469.72
 0.78968 1489.92
 0.7898 1512.61
 0.78992 1537.71
 0.79004 1564.65
 0.79016 1592.52
 0.79028 1620.45
 0.7904 1647.46
 0.79052 1672.33
 0.79064 1693.78
 0.79076 1710.68
 0.79088 1722.25
 0.791 1727.73
 0.79112 1726.39
 0.79124 1717.83
 0.79136 1702.12
 0.79148 1679.55
 0.7916 1650.87
 0.79172 1617.09
 0.79184 1579.03
 0.79196 1537.77
 0.79208 1495.12
 0.7922 1453.24
 0.79232 1414.29
 0.79244 1380.49
 0.79256 1353.83
 0.79268 1335.91
 0.7928 1328.14
 0.79292 1331.87
 0.79304 1348.53
 0.79316 1379.44
 0.79328 1425.25
 0.7934 1486.09
 0.79352 1561.81
 0.79364 1651.5
 0.79376 1753.45
 0.79388 1865.82
 0.794 1986.58
 0.79412 2113.25
 0.79424 2243.35
 0.79436 2374.38
 0.79448 2503.77
 0.7946 2629.52
 0.79472 2749.96
 0.79484 2863.16
 0.79496 2966.79
 0.79508 3058.47
 0.7952 3136.01
 0.79532 3198.09
 0.79544 3243.75
 0.79556 3272.3
 0.79568 3284.23
 0.7958 3280.93
 0.79592 3263.52
 0.79604 3233.05
 0.79616 3190.54
 0.79628 3136.76
 0.7964 3072.51
 0.79652 2998.83
 0.79664 2916.53
 0.79676 2826.64
 0.79688 2730.87
 0.797 2631.36
 0.79712 2530.27
 0.79724 2429.51
 0.79736 2330.46
 0.79748 2234.41
 0.7976 2142.35
 0.79772 2054.49
 0.79784 1971.02
 0.79796 1892.81
 0.79808 1820.69
 0.7982 1755.84
 0.79832 1699.64
 0.79844 1653.41
 0.79856 1617.93
 0.79868 1593.55
 0.7988 1580.08
 0.79892 1576.69
 0.79904 1582.52
 0.79916 1596.81
 0.79928 1618.91
 0.7994 1648.29
 0.79952 1684.4
 0.79964 1726.7
 0.79976 1774.59
 0.79988 1826.87
