 0.2 400.612
 0.20012 400.616
 0.20024 400.62
 0.20036 400.625
 0.20048 400.629
 0.2006 400.633
 0.20072 400.638
 0.20084 400.643
 0.20096 400.647
 0.20108 400.652
 0.2012 400.657
 0.20132 400.662
 0.20144 400.667
 0.20156 400.672
 0.20168 400.677
 0.2018 400.682
 0.20192 400.687
 0.20204 400.692
 0.20216 400.698
 0.20228 400.703
 0.2024 400.708
 0.20252 400.713
 0.20264 400.719
 0.20276 400.724
 0.20288 400.729
 0.203 400.735
 0.20312 400.74
 0.20324 400.745
 0.20336 400.75
 0.20348 400.756
 0.2036 400.761
 0.20372 400.766
 0.20384 400.771
 0.20396 400.776
 0.20408 400.781
 0.2042 400.786
 0.20432 400.791
 0.20444 400.796
 0.20456 400.8
 0.20468 400.805
 0.2048 400.81
 0.20492 400.814
 0.20504 400.819
 0.20516 400.823
 0.20528 400.828
 0.2054 400.832
 0.20552 400.836
 0.20564 400.84
 0.20576 400.844
 0.20588 400.848
 0.206 400.852
 0.20612 400.856
 0.20624 400.86
 0.20636 400.863
 0.20648 400.867
 0.2066 400.871
 0.20672 400.874
 0.20684 400.877
 0.20696 400.881
 0.20708 400.884
 0.2072 400.887
 0.20732 400.89
 0.20744 400.893
 0.20756 400.896
 0.20768 400.899
 0.2078 400.902
 0.20792 400.904
 0.20804 400.907
 0.20816 400.91
 0.20828 400.912
 0.2084 400.914
 0.20852 400.917
 0.20864 400.919
 0.20876 400.921
 0.20888 400.923
 0.209 400.924
 0.20912 400.926
 0.20924 400.928
 0.20936 400.929
 0.20948 400.931
 0.2096 400.932
 0.20972 400.933
 0.20984 400.934
 0.20996 400.936
 0.21008 400.937
 0.2102 400.938
 0.21032 400.939
 0.21044 400.94
 0.21056 400.94
 0.21068 400.941
 0.2108 400.942
 0.21092 400.943
 0.21104 400.944
 0.21116 400.945
 0.21128 400.945
 0.2114 400.946
 0.21152 400.947
 0.21164 400.948
 0.21176 400.948
 0.21188 400.949
 0.212 400.95
 0.21212 400.951
 0.21224 400.951
 0.21236 400.952
 0.21248 400.953
 0.2126 400.954
 0.21272 400.955
 0.21284 400.956
 0.21296 400.956
 0.21308 400.957
 0.2132 400.958
 0.21332 400.959
 0.21344 400.96
 0.21356 400.961
 0.21368 400.961
 0.2138 400.962
 0.21392 400.963
 0.21404 400.964
 0.21416 400.965
 0.21428 400.965
 0.2144 400.966
 0.21452 400.967
 0.21464 400.968
 0.21476 400.969
 0.21488 400.969
 0.215 400.97
 0.21512 400.971
 0.21524 400.972
 0.21536 400.973
 0.21548 400.973
 0.2156 400.974
 0.21572 400.975
 0.21584 400.976
 0.21596 400.977
 0.21608 400.977
 0.2162 400.978
 0.21632 400.979
 0.21644 400.98
 0.21656 400.981
 0.21668 400.981
 0.2168 400.982
 0.21692 400.983
 0.21704 400.984
 0.21716 400.985
 0.21728 400.985
 0.2174 400.986
 0.21752 400.987
 0.21764 400.988
 0.21776 400.988
 0.21788 400.989
 0.218 400.99
 0.21812 400.99
 0.21824 400.991
 0.21836 400.992
 0.21848 400.993
 0.2186 400.993
 0.21872 400.994
 0.21884 400.994
 0.21896 400.995
 0.21908 400.996
 0.2192 400.996
 0.21932 400.997
 0.21944 400.997
 0.21956 400.997
 0.21968 400.998
 0.2198 400.998
 0.21992 400.998
 0.22004 400.999
 0.22016 400.999
 0.22028 400.999
 0.2204 400.999
 0.22052 400.999
 0.22064 400.999
 0.22076 400.999
 0.22088 400.999
 0.221 400.999
 0.22112 400.999
 0.22124 400.998
 0.22136 400.998
 0.22148 400.997
 0.2216 400.997
 0.22172 400.997
 0.22184 400.996
 0.22196 400.995
 0.22208 400.995
 0.2222 400.994
 0.22232 400.993
 0.22244 400.992
 0.22256 400.991
 0.22268 400.99
 0.2228 400.989
 0.22292 400.988
 0.22304 400.987
 0.22316 400.985
 0.22328 400.984
 0.2234 400.982
 0.22352 400.981
 0.22364 400.979
 0.22376 400.977
 0.22388 400.976
 0.224 400.974
 0.22412 400.972
 0.22424 400.97
 0.22436 400.968
 0.22448 400.966
 0.2246 400.963
 0.22472 400.961
 0.22484 400.959
 0.22496 400.956
 0.22508 400.954
 0.2252 400.951
 0.22532 400.949
 0.22544 400.946
 0.22556 400.943
 0.22568 400.94
 0.2258 400.937
 0.22592 400.933
 0.22604 400.93
 0.22616 400.926
 0.22628 400.923
 0.2264 400.919
 0.22652 400.915
 0.22664 400.91
 0.22676 400.906
 0.22688 400.902
 0.227 400.897
 0.22712 400.892
 0.22724 400.887
 0.22736 400.882
 0.22748 400.877
 0.2276 400.871
 0.22772 400.866
 0.22784 400.86
 0.22796 400.854
 0.22808 400.848
 0.2282 400.842
 0.22832 400.836
 0.22844 400.829
 0.22856 400.823
 0.22868 400.816
 0.2288 400.809
 0.22892 400.802
 0.22904 400.794
 0.22916 400.787
 0.22928 400.779
 0.2294 400.771
 0.22952 400.763
 0.22964 400.755
 0.22976 400.746
 0.22988 400.737
 0.23 400.728
 0.23012 400.719
 0.23024 400.709
 0.23036 400.7
 0.23048 400.69
 0.2306 400.68
 0.23072 400.669
 0.23084 400.659
 0.23096 400.648
 0.23108 400.637
 0.2312 400.626
 0.23132 400.615
 0.23144 400.604
 0.23156 400.592
 0.23168 400.58
 0.2318 400.568
 0.23192 400.556
 0.23204 400.543
 0.23216 400.531
 0.23228 400.518
 0.2324 400.505
 0.23252 400.491
 0.23264 400.478
 0.23276 400.464
 0.23288 400.45
 0.233 400.436
 0.23312 400.421
 0.23324 400.406
 0.23336 400.391
 0.23348 400.376
 0.2336 400.361
 0.23372 400.345
 0.23384 400.329
 0.23396 400.313
 0.23408 400.297
 0.2342 400.28
 0.23432 400.263
 0.23444 400.247
 0.23456 400.23
 0.23468 400.212
 0.2348 400.195
 0.23492 400.177
 0.23504 400.16
 0.23516 400.142
 0.23528 400.124
 0.2354 400.106
 0.23552 400.088
 0.23564 400.069
 0.23576 400.051
 0.23588 400.032
 0.236 400.014
 0.23612 399.995
 0.23624 399.976
 0.23636 399.956
 0.23648 399.937
 0.2366 399.918
 0.23672 399.898
 0.23684 399.878
 0.23696 399.858
 0.23708 399.838
 0.2372 399.818
 0.23732 399.798
 0.23744 399.778
 0.23756 399.757
 0.23768 399.737
 0.2378 399.716
 0.23792 399.695
 0.23804 399.675
 0.23816 399.654
 0.23828 399.633
 0.2384 399.612
 0.23852 399.591
 0.23864 399.57
 0.23876 399.549
 0.23888 399.527
 0.239 399.506
 0.23912 399.485
 0.23924 399.464
 0.23936 399.442
 0.23948 399.421
 0.2396 399.4
 0.23972 399.378
 0.23984 399.357
 0.23996 399.336
 0.24008 399.314
 0.2402 399.293
 0.24032 399.272
 0.24044 399.25
 0.24056 399.229
 0.24068 399.208
 0.2408 399.187
 0.24092 399.166
 0.24104 399.144
 0.24116 399.123
 0.24128 399.102
 0.2414 399.081
 0.24152 399.061
 0.24164 399.04
 0.24176 399.019
 0.24188 398.999
 0.242 398.978
 0.24212 398.958
 0.24224 398.937
 0.24236 398.917
 0.24248 398.897
 0.2426 398.877
 0.24272 398.857
 0.24284 398.838
 0.24296 398.818
 0.24308 398.799
 0.2432 398.78
 0.24332 398.761
 0.24344 398.742
 0.24356 398.723
 0.24368 398.705
 0.2438 398.686
 0.24392 398.668
 0.24404 398.65
 0.24416 398.632
 0.24428 398.615
 0.2444 398.597
 0.24452 398.58
 0.24464 398.563
 0.24476 398.546
 0.24488 398.529
 0.245 398.512
 0.24512 398.496
 0.24524 398.479
 0.24536 398.463
 0.24548 398.447
 0.2456 398.431
 0.24572 398.416
 0.24584 398.4
 0.24596 398.385
 0.24608 398.37
 0.2462 398.355
 0.24632 398.34
 0.24644 398.326
 0.24656 398.311
 0.24668 398.297
 0.2468 398.284
 0.24692 398.27
 0.24704 398.256
 0.24716 398.243
 0.24728 398.23
 0.2474 398.218
 0.24752 398.205
 0.24764 398.193
 0.24776 398.181
 0.24788 398.169
 0.248 398.157
 0.24812 398.146
 0.24824 398.135
 0.24836 398.124
 0.24848 398.113
 0.2486 398.102
 0.24872 398.092
 0.24884 398.082
 0.24896 398.072
 0.24908 398.063
 0.2492 398.053
 0.24932 398.044
 0.24944 398.035
 0.24956 398.027
 0.24968 398.019
 0.2498 398.011
 0.24992 398.003
 0.25004 397.996
 0.25016 397.989
 0.25028 397.982
 0.2504 397.976
 0.25052 397.969
 0.25064 397.964
 0.25076 397.958
 0.25088 397.953
 0.251 397.948
 0.25112 397.943
 0.25124 397.938
 0.25136 397.934
 0.25148 397.93
 0.2516 397.926
 0.25172 397.923
 0.25184 397.919
 0.25196 397.916
 0.25208 397.913
 0.2522 397.911
 0.25232 397.908
 0.25244 397.906
 0.25256 397.904
 0.25268 397.902
 0.2528 397.901
 0.25292 397.9
 0.25304 397.899
 0.25316 397.898
 0.25328 397.897
 0.2534 397.897
 0.25352 397.897
 0.25364 397.897
 0.25376 397.898
 0.25388 397.898
 0.254 397.899
 0.25412 397.9
 0.25424 397.901
 0.25436 397.903
 0.25448 397.904
 0.2546 397.906
 0.25472 397.908
 0.25484 397.91
 0.25496 397.912
 0.25508 397.915
 0.2552 397.917
 0.25532 397.92
 0.25544 397.923
 0.25556 397.926
 0.25568 397.93
 0.2558 397.934
 0.25592 397.938
 0.25604 397.942
 0.25616 397.946
 0.25628 397.951
 0.2564 397.956
 0.25652 397.961
 0.25664 397.967
 0.25676 397.972
 0.25688 397.978
 0.257 397.985
 0.25712 397.991
 0.25724 397.998
 0.25736 398.005
 0.25748 398.012
 0.2576 398.02
 0.25772 398.027
 0.25784 398.035
 0.25796 398.043
 0.25808 398.052
 0.2582 398.06
 0.25832 398.069
 0.25844 398.077
 0.25856 398.087
 0.25868 398.096
 0.2588 398.105
 0.25892 398.115
 0.25904 398.125
 0.25916 398.135
 0.25928 398.146
 0.2594 398.156
 0.25952 398.167
 0.25964 398.178
 0.25976 398.19
 0.25988 398.201
 0.26 398.213
 0.26012 398.225
 0.26024 398.238
 0.26036 398.25
 0.26048 398.263
 0.2606 398.276
 0.26072 398.289
 0.26084 398.302
 0.26096 398.315
 0.26108 398.329
 0.2612 398.343
 0.26132 398.357
 0.26144 398.371
 0.26156 398.385
 0.26168 398.4
 0.2618 398.414
 0.26192 398.429
 0.26204 398.444
 0.26216 398.46
 0.26228 398.476
 0.2624 398.491
 0.26252 398.508
 0.26264 398.524
 0.26276 398.541
 0.26288 398.558
 0.263 398.575
 0.26312 398.593
 0.26324 398.61
 0.26336 398.629
 0.26348 398.647
 0.2636 398.666
 0.26372 398.685
 0.26384 398.704
 0.26396 398.724
 0.26408 398.744
 0.2642 398.764
 0.26432 398.784
 0.26444 398.805
 0.26456 398.826
 0.26468 398.847
 0.2648 398.868
 0.26492 398.889
 0.26504 398.911
 0.26516 398.933
 0.26528 398.955
 0.2654 398.978
 0.26552 399
 0.26564 399.023
 0.26576 399.046
 0.26588 399.069
 0.266 399.093
 0.26612 399.116
 0.26624 399.14
 0.26636 399.164
 0.26648 399.189
 0.2666 399.213
 0.26672 399.238
 0.26684 399.263
 0.26696 399.288
 0.26708 399.313
 0.2672 399.339
 0.26732 399.365
 0.26744 399.391
 0.26756 399.417
 0.26768 399.443
 0.2678 399.47
 0.26792 399.496
 0.26804 399.523
 0.26816 399.55
 0.26828 399.577
 0.2684 399.605
 0.26852 399.632
 0.26864 399.659
 0.26876 399.687
 0.26888 399.715
 0.269 399.743
 0.26912 399.771
 0.26924 399.799
 0.26936 399.827
 0.26948 399.855
 0.2696 399.884
 0.26972 399.912
 0.26984 399.941
 0.26996 399.969
 0.27008 399.998
 0.2702 400.027
 0.27032 400.056
 0.27044 400.084
 0.27056 400.113
 0.27068 400.142
 0.2708 400.171
 0.27092 400.2
 0.27104 400.229
 0.27116 400.257
 0.27128 400.286
 0.2714 400.315
 0.27152 400.343
 0.27164 400.372
 0.27176 400.401
 0.27188 400.429
 0.272 400.457
 0.27212 400.486
 0.27224 400.514
 0.27236 400.542
 0.27248 400.57
 0.2726 400.597
 0.27272 400.625
 0.27284 400.652
 0.27296 400.679
 0.27308 400.706
 0.2732 400.733
 0.27332 400.76
 0.27344 400.786
 0.27356 400.812
 0.27368 400.838
 0.2738 400.864
 0.27392 400.89
 0.27404 400.915
 0.27416 400.94
 0.27428 400.965
 0.2744 400.99
 0.27452 401.014
 0.27464 401.039
 0.27476 401.063
 0.27488 401.087
 0.275 401.111
 0.27512 401.134
 0.27524 401.158
 0.27536 401.181
 0.27548 401.204
 0.2756 401.226
 0.27572 401.249
 0.27584 401.271
 0.27596 401.293
 0.27608 401.314
 0.2762 401.336
 0.27632 401.357
 0.27644 401.377
 0.27656 401.397
 0.27668 401.417
 0.2768 401.437
 0.27692 401.456
 0.27704 401.475
 0.27716 401.494
 0.27728 401.512
 0.2774 401.53
 0.27752 401.547
 0.27764 401.565
 0.27776 401.581
 0.27788 401.598
 0.278 401.614
 0.27812 401.63
 0.27824 401.645
 0.27836 401.661
 0.27848 401.675
 0.2786 401.69
 0.27872 401.704
 0.27884 401.718
 0.27896 401.731
 0.27908 401.744
 0.2792 401.757
 0.27932 401.769
 0.27944 401.78
 0.27956 401.792
 0.27968 401.802
 0.2798 401.813
 0.27992 401.822
 0.28004 401.832
 0.28016 401.84
 0.28028 401.849
 0.2804 401.857
 0.28052 401.864
 0.28064 401.871
 0.28076 401.877
 0.28088 401.883
 0.281 401.889
 0.28112 401.894
 0.28124 401.899
 0.28136 401.904
 0.28148 401.908
 0.2816 401.912
 0.28172 401.915
 0.28184 401.918
 0.28196 401.92
 0.28208 401.922
 0.2822 401.924
 0.28232 401.926
 0.28244 401.927
 0.28256 401.927
 0.28268 401.927
 0.2828 401.927
 0.28292 401.926
 0.28304 401.925
 0.28316 401.924
 0.28328 401.922
 0.2834 401.92
 0.28352 401.917
 0.28364 401.914
 0.28376 401.91
 0.28388 401.906
 0.284 401.902
 0.28412 401.897
 0.28424 401.892
 0.28436 401.887
 0.28448 401.881
 0.2846 401.876
 0.28472 401.869
 0.28484 401.863
 0.28496 401.856
 0.28508 401.849
 0.2852 401.842
 0.28532 401.834
 0.28544 401.826
 0.28556 401.818
 0.28568 401.809
 0.2858 401.801
 0.28592 401.791
 0.28604 401.782
 0.28616 401.772
 0.28628 401.762
 0.2864 401.752
 0.28652 401.741
 0.28664 401.73
 0.28676 401.718
 0.28688 401.707
 0.287 401.695
 0.28712 401.682
 0.28724 401.67
 0.28736 401.657
 0.28748 401.644
 0.2876 401.63
 0.28772 401.617
 0.28784 401.603
 0.28796 401.589
 0.28808 401.575
 0.2882 401.56
 0.28832 401.546
 0.28844 401.531
 0.28856 401.516
 0.28868 401.501
 0.2888 401.485
 0.28892 401.47
 0.28904 401.454
 0.28916 401.438
 0.28928 401.422
 0.2894 401.405
 0.28952 401.389
 0.28964 401.372
 0.28976 401.355
 0.28988 401.338
 0.29 401.321
 0.29012 401.304
 0.29024 401.287
 0.29036 401.269
 0.29048 401.252
 0.2906 401.235
 0.29072 401.217
 0.29084 401.2
 0.29096 401.182
 0.29108 401.164
 0.2912 401.146
 0.29132 401.129
 0.29144 401.111
 0.29156 401.093
 0.29168 401.075
 0.2918 401.057
 0.29192 401.039
 0.29204 401.021
 0.29216 401.003
 0.29228 400.984
 0.2924 400.966
 0.29252 400.948
 0.29264 400.929
 0.29276 400.91
 0.29288 400.892
 0.293 400.873
 0.29312 400.854
 0.29324 400.835
 0.29336 400.816
 0.29348 400.797
 0.2936 400.778
 0.29372 400.758
 0.29384 400.739
 0.29396 400.719
 0.29408 400.7
 0.2942 400.68
 0.29432 400.66
 0.29444 400.64
 0.29456 400.62
 0.29468 400.6
 0.2948 400.58
 0.29492 400.56
 0.29504 400.539
 0.29516 400.519
 0.29528 400.499
 0.2954 400.478
 0.29552 400.458
 0.29564 400.437
 0.29576 400.416
 0.29588 400.395
 0.296 400.374
 0.29612 400.353
 0.29624 400.332
 0.29636 400.311
 0.29648 400.29
 0.2966 400.268
 0.29672 400.247
 0.29684 400.225
 0.29696 400.203
 0.29708 400.181
 0.2972 400.16
 0.29732 400.137
 0.29744 400.115
 0.29756 400.093
 0.29768 400.071
 0.2978 400.049
 0.29792 400.026
 0.29804 400.004
 0.29816 399.981
 0.29828 399.958
 0.2984 399.936
 0.29852 399.913
 0.29864 399.89
 0.29876 399.867
 0.29888 399.844
 0.299 399.821
 0.29912 399.798
 0.29924 399.774
 0.29936 399.751
 0.29948 399.728
 0.2996 399.704
 0.29972 399.681
 0.29984 399.657
 0.29996 399.634
 0.30008 399.61
 0.3002 399.586
 0.30032 399.563
 0.30044 399.539
 0.30056 399.515
 0.30068 399.491
 0.3008 399.468
 0.30092 399.444
 0.30104 399.42
 0.30116 399.397
 0.30128 399.373
 0.3014 399.349
 0.30152 399.325
 0.30164 399.302
 0.30176 399.278
 0.30188 399.254
 0.302 399.23
 0.30212 399.207
 0.30224 399.183
 0.30236 399.159
 0.30248 399.136
 0.3026 399.112
 0.30272 399.089
 0.30284 399.066
 0.30296 399.042
 0.30308 399.019
 0.3032 398.996
 0.30332 398.973
 0.30344 398.95
 0.30356 398.928
 0.30368 398.905
 0.3038 398.882
 0.30392 398.86
 0.30404 398.837
 0.30416 398.815
 0.30428 398.793
 0.3044 398.771
 0.30452 398.749
 0.30464 398.727
 0.30476 398.705
 0.30488 398.683
 0.305 398.661
 0.30512 398.64
 0.30524 398.618
 0.30536 398.597
 0.30548 398.576
 0.3056 398.555
 0.30572 398.534
 0.30584 398.514
 0.30596 398.493
 0.30608 398.473
 0.3062 398.453
 0.30632 398.434
 0.30644 398.414
 0.30656 398.395
 0.30668 398.377
 0.3068 398.358
 0.30692 398.34
 0.30704 398.322
 0.30716 398.305
 0.30728 398.288
 0.3074 398.271
 0.30752 398.254
 0.30764 398.238
 0.30776 398.222
 0.30788 398.206
 0.308 398.19
 0.30812 398.175
 0.30824 398.16
 0.30836 398.146
 0.30848 398.131
 0.3086 398.117
 0.30872 398.104
 0.30884 398.09
 0.30896 398.077
 0.30908 398.065
 0.3092 398.053
 0.30932 398.041
 0.30944 398.029
 0.30956 398.018
 0.30968 398.008
 0.3098 397.998
 0.30992 397.989
 0.31004 397.98
 0.31016 397.971
 0.31028 397.963
 0.3104 397.955
 0.31052 397.948
 0.31064 397.942
 0.31076 397.935
 0.31088 397.93
 0.311 397.924
 0.31112 397.919
 0.31124 397.915
 0.31136 397.91
 0.31148 397.907
 0.3116 397.903
 0.31172 397.901
 0.31184 397.898
 0.31196 397.896
 0.31208 397.895
 0.3122 397.894
 0.31232 397.893
 0.31244 397.893
 0.31256 397.894
 0.31268 397.895
 0.3128 397.896
 0.31292 397.898
 0.31304 397.901
 0.31316 397.904
 0.31328 397.908
 0.3134 397.912
 0.31352 397.917
 0.31364 397.922
 0.31376 397.928
 0.31388 397.934
 0.314 397.941
 0.31412 397.948
 0.31424 397.956
 0.31436 397.964
 0.31448 397.973
 0.3146 397.982
 0.31472 397.991
 0.31484 398.001
 0.31496 398.011
 0.31508 398.021
 0.3152 398.032
 0.31532 398.044
 0.31544 398.055
 0.31556 398.067
 0.31568 398.08
 0.3158 398.093
 0.31592 398.106
 0.31604 398.12
 0.31616 398.134
 0.31628 398.148
 0.3164 398.163
 0.31652 398.178
 0.31664 398.194
 0.31676 398.21
 0.31688 398.226
 0.317 398.243
 0.31712 398.26
 0.31724 398.278
 0.31736 398.295
 0.31748 398.314
 0.3176 398.332
 0.31772 398.351
 0.31784 398.37
 0.31796 398.389
 0.31808 398.408
 0.3182 398.428
 0.31832 398.448
 0.31844 398.468
 0.31856 398.489
 0.31868 398.509
 0.3188 398.53
 0.31892 398.551
 0.31904 398.573
 0.31916 398.594
 0.31928 398.616
 0.3194 398.638
 0.31952 398.66
 0.31964 398.683
 0.31976 398.705
 0.31988 398.728
 0.32 398.75
 0.32012 398.773
 0.32024 398.796
 0.32036 398.819
 0.32048 398.842
 0.3206 398.865
 0.32072 398.888
 0.32084 398.912
 0.32096 398.935
 0.32108 398.958
 0.3212 398.981
 0.32132 399.005
 0.32144 399.028
 0.32156 399.051
 0.32168 399.074
 0.3218 399.098
 0.32192 399.121
 0.32204 399.144
 0.32216 399.167
 0.32228 399.19
 0.3224 399.213
 0.32252 399.236
 0.32264 399.259
 0.32276 399.282
 0.32288 399.305
 0.323 399.328
 0.32312 399.35
 0.32324 399.373
 0.32336 399.396
 0.32348 399.418
 0.3236 399.441
 0.32372 399.464
 0.32384 399.486
 0.32396 399.509
 0.32408 399.531
 0.3242 399.554
 0.32432 399.576
 0.32444 399.598
 0.32456 399.621
 0.32468 399.643
 0.3248 399.665
 0.32492 399.687
 0.32504 399.71
 0.32516 399.732
 0.32528 399.754
 0.3254 399.776
 0.32552 399.798
 0.32564 399.82
 0.32576 399.842
 0.32588 399.864
 0.326 399.886
 0.32612 399.908
 0.32624 399.93
 0.32636 399.952
 0.32648 399.974
 0.3266 399.996
 0.32672 400.018
 0.32684 400.04
 0.32696 400.062
 0.32708 400.084
 0.3272 400.106
 0.32732 400.128
 0.32744 400.15
 0.32756 400.171
 0.32768 400.193
 0.3278 400.215
 0.32792 400.237
 0.32804 400.259
 0.32816 400.281
 0.32828 400.303
 0.3284 400.325
 0.32852 400.347
 0.32864 400.369
 0.32876 400.39
 0.32888 400.412
 0.329 400.434
 0.32912 400.456
 0.32924 400.478
 0.32936 400.5
 0.32948 400.522
 0.3296 400.543
 0.32972 400.565
 0.32984 400.587
 0.32996 400.609
 0.33008 400.631
 0.3302 400.653
 0.33032 400.675
 0.33044 400.697
 0.33056 400.718
 0.33068 400.74
 0.3308 400.762
 0.33092 400.784
 0.33104 400.805
 0.33116 400.827
 0.33128 400.849
 0.3314 400.87
 0.33152 400.892
 0.33164 400.913
 0.33176 400.935
 0.33188 400.957
 0.332 400.978
 0.33212 401
 0.33224 401.021
 0.33236 401.043
 0.33248 401.065
 0.3326 401.086
 0.33272 401.108
 0.33284 401.129
 0.33296 401.151
 0.33308 401.172
 0.3332 401.194
 0.33332 401.215
 0.33344 401.237
 0.33356 401.258
 0.33368 401.28
 0.3338 401.301
 0.33392 401.323
 0.33404 401.344
 0.33416 401.365
 0.33428 401.387
 0.3344 401.408
 0.33452 401.429
 0.33464 401.451
 0.33476 401.472
 0.33488 401.493
 0.335 401.514
 0.33512 401.535
 0.33524 401.557
 0.33536 401.578
 0.33548 401.598
 0.3356 401.619
 0.33572 401.64
 0.33584 401.66
 0.33596 401.681
 0.33608 401.701
 0.3362 401.721
 0.33632 401.741
 0.33644 401.76
 0.33656 401.78
 0.33668 401.799
 0.3368 401.818
 0.33692 401.836
 0.33704 401.855
 0.33716 401.873
 0.33728 401.891
 0.3374 401.909
 0.33752 401.927
 0.33764 401.944
 0.33776 401.961
 0.33788 401.978
 0.338 401.995
 0.33812 402.011
 0.33824 402.027
 0.33836 402.044
 0.33848 402.059
 0.3386 402.075
 0.33872 402.09
 0.33884 402.105
 0.33896 402.12
 0.33908 402.134
 0.3392 402.149
 0.33932 402.162
 0.33944 402.176
 0.33956 402.189
 0.33968 402.201
 0.3398 402.214
 0.33992 402.225
 0.34004 402.237
 0.34016 402.248
 0.34028 402.258
 0.3404 402.268
 0.34052 402.278
 0.34064 402.287
 0.34076 402.296
 0.34088 402.305
 0.341 402.313
 0.34112 402.32
 0.34124 402.328
 0.34136 402.334
 0.34148 402.341
 0.3416 402.347
 0.34172 402.352
 0.34184 402.357
 0.34196 402.362
 0.34208 402.366
 0.3422 402.37
 0.34232 402.373
 0.34244 402.376
 0.34256 402.378
 0.34268 402.379
 0.3428 402.38
 0.34292 402.38
 0.34304 402.38
 0.34316 402.379
 0.34328 402.378
 0.3434 402.375
 0.34352 402.373
 0.34364 402.369
 0.34376 402.365
 0.34388 402.36
 0.344 402.355
 0.34412 402.349
 0.34424 402.343
 0.34436 402.336
 0.34448 402.329
 0.3446 402.321
 0.34472 402.313
 0.34484 402.304
 0.34496 402.295
 0.34508 402.285
 0.3452 402.275
 0.34532 402.264
 0.34544 402.253
 0.34556 402.241
 0.34568 402.229
 0.3458 402.217
 0.34592 402.203
 0.34604 402.19
 0.34616 402.176
 0.34628 402.161
 0.3464 402.146
 0.34652 402.131
 0.34664 402.115
 0.34676 402.098
 0.34688 402.081
 0.347 402.063
 0.34712 402.045
 0.34724 402.027
 0.34736 402.008
 0.34748 401.989
 0.3476 401.969
 0.34772 401.949
 0.34784 401.928
 0.34796 401.907
 0.34808 401.886
 0.3482 401.865
 0.34832 401.843
 0.34844 401.821
 0.34856 401.798
 0.34868 401.775
 0.3488 401.752
 0.34892 401.728
 0.34904 401.704
 0.34916 401.68
 0.34928 401.656
 0.3494 401.631
 0.34952 401.606
 0.34964 401.58
 0.34976 401.555
 0.34988 401.529
 0.35 401.503
 0.35012 401.476
 0.35024 401.45
 0.35036 401.423
 0.35048 401.397
 0.3506 401.37
 0.35072 401.342
 0.35084 401.315
 0.35096 401.288
 0.35108 401.261
 0.3512 401.233
 0.35132 401.206
 0.35144 401.178
 0.35156 401.15
 0.35168 401.123
 0.3518 401.095
 0.35192 401.068
 0.35204 401.04
 0.35216 401.012
 0.35228 400.985
 0.3524 400.957
 0.35252 400.93
 0.35264 400.903
 0.35276 400.875
 0.35288 400.848
 0.353 400.821
 0.35312 400.794
 0.35324 400.767
 0.35336 400.74
 0.35348 400.713
 0.3536 400.686
 0.35372 400.659
 0.35384 400.632
 0.35396 400.605
 0.35408 400.578
 0.3542 400.551
 0.35432 400.525
 0.35444 400.498
 0.35456 400.472
 0.35468 400.445
 0.3548 400.419
 0.35492 400.392
 0.35504 400.366
 0.35516 400.34
 0.35528 400.314
 0.3554 400.287
 0.35552 400.261
 0.35564 400.235
 0.35576 400.21
 0.35588 400.184
 0.356 400.158
 0.35612 400.132
 0.35624 400.107
 0.35636 400.081
 0.35648 400.055
 0.3566 400.03
 0.35672 400.005
 0.35684 399.979
 0.35696 399.954
 0.35708 399.929
 0.3572 399.904
 0.35732 399.878
 0.35744 399.853
 0.35756 399.828
 0.35768 399.804
 0.3578 399.779
 0.35792 399.754
 0.35804 399.729
 0.35816 399.705
 0.35828 399.68
 0.3584 399.655
 0.35852 399.631
 0.35864 399.607
 0.35876 399.582
 0.35888 399.558
 0.359 399.534
 0.35912 399.509
 0.35924 399.485
 0.35936 399.461
 0.35948 399.437
 0.3596 399.413
 0.35972 399.389
 0.35984 399.365
 0.35996 399.342
 0.36008 399.318
 0.3602 399.294
 0.36032 399.27
 0.36044 399.247
 0.36056 399.223
 0.36068 399.2
 0.3608 399.176
 0.36092 399.153
 0.36104 399.13
 0.36116 399.107
 0.36128 399.084
 0.3614 399.061
 0.36152 399.038
 0.36164 399.015
 0.36176 398.993
 0.36188 398.97
 0.362 398.947
 0.36212 398.925
 0.36224 398.902
 0.36236 398.88
 0.36248 398.857
 0.3626 398.835
 0.36272 398.812
 0.36284 398.79
 0.36296 398.768
 0.36308 398.745
 0.3632 398.723
 0.36332 398.701
 0.36344 398.679
 0.36356 398.657
 0.36368 398.635
 0.3638 398.613
 0.36392 398.591
 0.36404 398.569
 0.36416 398.547
 0.36428 398.525
 0.3644 398.503
 0.36452 398.482
 0.36464 398.46
 0.36476 398.438
 0.36488 398.417
 0.365 398.395
 0.36512 398.374
 0.36524 398.352
 0.36536 398.331
 0.36548 398.31
 0.3656 398.289
 0.36572 398.268
 0.36584 398.247
 0.36596 398.226
 0.36608 398.206
 0.3662 398.185
 0.36632 398.165
 0.36644 398.145
 0.36656 398.125
 0.36668 398.105
 0.3668 398.086
 0.36692 398.066
 0.36704 398.047
 0.36716 398.028
 0.36728 398.009
 0.3674 397.99
 0.36752 397.972
 0.36764 397.953
 0.36776 397.935
 0.36788 397.917
 0.368 397.899
 0.36812 397.881
 0.36824 397.863
 0.36836 397.846
 0.36848 397.829
 0.3686 397.812
 0.36872 397.795
 0.36884 397.778
 0.36896 397.762
 0.36908 397.746
 0.3692 397.73
 0.36932 397.714
 0.36944 397.699
 0.36956 397.684
 0.36968 397.67
 0.3698 397.656
 0.36992 397.642
 0.37004 397.629
 0.37016 397.616
 0.37028 397.603
 0.3704 397.591
 0.37052 397.579
 0.37064 397.567
 0.37076 397.556
 0.37088 397.546
 0.371 397.535
 0.37112 397.525
 0.37124 397.516
 0.37136 397.506
 0.37148 397.498
 0.3716 397.489
 0.37172 397.481
 0.37184 397.474
 0.37196 397.466
 0.37208 397.46
 0.3722 397.453
 0.37232 397.448
 0.37244 397.442
 0.37256 397.438
 0.37268 397.434
 0.3728 397.43
 0.37292 397.427
 0.37304 397.424
 0.37316 397.423
 0.37328 397.421
 0.3734 397.421
 0.37352 397.421
 0.37364 397.422
 0.37376 397.423
 0.37388 397.425
 0.374 397.427
 0.37412 397.43
 0.37424 397.433
 0.37436 397.438
 0.37448 397.442
 0.3746 397.447
 0.37472 397.453
 0.37484 397.459
 0.37496 397.466
 0.37508 397.473
 0.3752 397.481
 0.37532 397.49
 0.37544 397.499
 0.37556 397.508
 0.37568 397.518
 0.3758 397.528
 0.37592 397.54
 0.37604 397.551
 0.37616 397.564
 0.37628 397.577
 0.3764 397.59
 0.37652 397.604
 0.37664 397.619
 0.37676 397.634
 0.37688 397.65
 0.377 397.667
 0.37712 397.684
 0.37724 397.702
 0.37736 397.72
 0.37748 397.739
 0.3776 397.759
 0.37772 397.779
 0.37784 397.799
 0.37796 397.82
 0.37808 397.841
 0.3782 397.863
 0.37832 397.885
 0.37844 397.908
 0.37856 397.931
 0.37868 397.955
 0.3788 397.979
 0.37892 398.004
 0.37904 398.029
 0.37916 398.054
 0.37928 398.08
 0.3794 398.106
 0.37952 398.133
 0.37964 398.16
 0.37976 398.187
 0.37988 398.215
 0.38 398.243
 0.38012 398.271
 0.38024 398.3
 0.38036 398.329
 0.38048 398.358
 0.3806 398.388
 0.38072 398.417
 0.38084 398.447
 0.38096 398.477
 0.38108 398.508
 0.3812 398.538
 0.38132 398.569
 0.38144 398.599
 0.38156 398.63
 0.38168 398.661
 0.3818 398.692
 0.38192 398.723
 0.38204 398.754
 0.38216 398.785
 0.38228 398.816
 0.3824 398.847
 0.38252 398.878
 0.38264 398.909
 0.38276 398.941
 0.38288 398.972
 0.383 399.003
 0.38312 399.034
 0.38324 399.065
 0.38336 399.097
 0.38348 399.128
 0.3836 399.159
 0.38372 399.191
 0.38384 399.222
 0.38396 399.254
 0.38408 399.285
 0.3842 399.316
 0.38432 399.348
 0.38444 399.379
 0.38456 399.41
 0.38468 399.442
 0.3848 399.473
 0.38492 399.504
 0.38504 399.535
 0.38516 399.566
 0.38528 399.597
 0.3854 399.628
 0.38552 399.658
 0.38564 399.689
 0.38576 399.72
 0.38588 399.75
 0.386 399.78
 0.38612 399.81
 0.38624 399.84
 0.38636 399.87
 0.38648 399.9
 0.3866 399.93
 0.38672 399.959
 0.38684 399.989
 0.38696 400.018
 0.38708 400.047
 0.3872 400.076
 0.38732 400.105
 0.38744 400.134
 0.38756 400.163
 0.38768 400.192
 0.3878 400.22
 0.38792 400.248
 0.38804 400.277
 0.38816 400.305
 0.38828 400.333
 0.3884 400.361
 0.38852 400.389
 0.38864 400.417
 0.38876 400.444
 0.38888 400.472
 0.389 400.499
 0.38912 400.526
 0.38924 400.554
 0.38936 400.581
 0.38948 400.608
 0.3896 400.634
 0.38972 400.661
 0.38984 400.688
 0.38996 400.714
 0.39008 400.741
 0.3902 400.767
 0.39032 400.793
 0.39044 400.819
 0.39056 400.845
 0.39068 400.871
 0.3908 400.897
 0.39092 400.922
 0.39104 400.948
 0.39116 400.973
 0.39128 400.998
 0.3914 401.023
 0.39152 401.047
 0.39164 401.072
 0.39176 401.097
 0.39188 401.121
 0.392 401.146
 0.39212 401.17
 0.39224 401.194
 0.39236 401.218
 0.39248 401.242
 0.3926 401.266
 0.39272 401.289
 0.39284 401.313
 0.39296 401.336
 0.39308 401.359
 0.3932 401.383
 0.39332 401.406
 0.39344 401.429
 0.39356 401.452
 0.39368 401.474
 0.3938 401.497
 0.39392 401.52
 0.39404 401.542
 0.39416 401.564
 0.39428 401.587
 0.3944 401.609
 0.39452 401.631
 0.39464 401.653
 0.39476 401.674
 0.39488 401.696
 0.395 401.718
 0.39512 401.739
 0.39524 401.76
 0.39536 401.782
 0.39548 401.803
 0.3956 401.824
 0.39572 401.845
 0.39584 401.866
 0.39596 401.887
 0.39608 401.907
 0.3962 401.928
 0.39632 401.948
 0.39644 401.968
 0.39656 401.989
 0.39668 402.009
 0.3968 402.029
 0.39692 402.048
 0.39704 402.068
 0.39716 402.088
 0.39728 402.107
 0.3974 402.126
 0.39752 402.146
 0.39764 402.165
 0.39776 402.184
 0.39788 402.202
 0.398 402.221
 0.39812 402.24
 0.39824 402.258
 0.39836 402.277
 0.39848 402.295
 0.3986 402.313
 0.39872 402.33
 0.39884 402.348
 0.39896 402.365
 0.39908 402.383
 0.3992 402.4
 0.39932 402.416
 0.39944 402.433
 0.39956 402.449
 0.39968 402.465
 0.3998 402.48
 0.39992 402.495
 0.40004 402.51
 0.40016 402.524
 0.40028 402.539
 0.4004 402.553
 0.40052 402.566
 0.40064 402.579
 0.40076 402.592
 0.40088 402.605
 0.401 402.617
 0.40112 402.629
 0.40124 402.64
 0.40136 402.651
 0.40148 402.662
 0.4016 402.673
 0.40172 402.683
 0.40184 402.693
 0.40196 402.702
 0.40208 402.711
 0.4022 402.72
 0.40232 402.728
 0.40244 402.736
 0.40256 402.743
 0.40268 402.75
 0.4028 402.756
 0.40292 402.762
 0.40304 402.767
 0.40316 402.771
 0.40328 402.776
 0.4034 402.779
 0.40352 402.782
 0.40364 402.784
 0.40376 402.786
 0.40388 402.787
 0.404 402.788
 0.40412 402.788
 0.40424 402.788
 0.40436 402.787
 0.40448 402.786
 0.4046 402.784
 0.40472 402.781
 0.40484 402.778
 0.40496 402.774
 0.40508 402.77
 0.4052 402.766
 0.40532 402.76
 0.40544 402.755
 0.40556 402.748
 0.40568 402.741
 0.4058 402.733
 0.40592 402.725
 0.40604 402.716
 0.40616 402.707
 0.40628 402.696
 0.4064 402.685
 0.40652 402.674
 0.40664 402.661
 0.40676 402.648
 0.40688 402.634
 0.407 402.62
 0.40712 402.605
 0.40724 402.589
 0.40736 402.572
 0.40748 402.555
 0.4076 402.537
 0.40772 402.518
 0.40784 402.499
 0.40796 402.48
 0.40808 402.459
 0.4082 402.438
 0.40832 402.417
 0.40844 402.395
 0.40856 402.373
 0.40868 402.349
 0.4088 402.326
 0.40892 402.302
 0.40904 402.277
 0.40916 402.252
 0.40928 402.226
 0.4094 402.199
 0.40952 402.173
 0.40964 402.145
 0.40976 402.117
 0.40988 402.089
 0.41 402.06
 0.41012 402.031
 0.41024 402.002
 0.41036 401.972
 0.41048 401.942
 0.4106 401.911
 0.41072 401.88
 0.41084 401.849
 0.41096 401.817
 0.41108 401.785
 0.4112 401.753
 0.41132 401.721
 0.41144 401.688
 0.41156 401.655
 0.41168 401.623
 0.4118 401.589
 0.41192 401.556
 0.41204 401.523
 0.41216 401.489
 0.41228 401.455
 0.4124 401.422
 0.41252 401.388
 0.41264 401.354
 0.41276 401.319
 0.41288 401.285
 0.413 401.251
 0.41312 401.216
 0.41324 401.181
 0.41336 401.146
 0.41348 401.111
 0.4136 401.076
 0.41372 401.041
 0.41384 401.006
 0.41396 400.97
 0.41408 400.935
 0.4142 400.899
 0.41432 400.863
 0.41444 400.828
 0.41456 400.792
 0.41468 400.756
 0.4148 400.721
 0.41492 400.685
 0.41504 400.649
 0.41516 400.614
 0.41528 400.578
 0.4154 400.543
 0.41552 400.507
 0.41564 400.472
 0.41576 400.437
 0.41588 400.402
 0.416 400.367
 0.41612 400.332
 0.41624 400.298
 0.41636 400.263
 0.41648 400.229
 0.4166 400.194
 0.41672 400.16
 0.41684 400.126
 0.41696 400.092
 0.41708 400.058
 0.4172 400.025
 0.41732 399.991
 0.41744 399.958
 0.41756 399.924
 0.41768 399.891
 0.4178 399.858
 0.41792 399.825
 0.41804 399.792
 0.41816 399.759
 0.41828 399.727
 0.4184 399.694
 0.41852 399.662
 0.41864 399.63
 0.41876 399.598
 0.41888 399.566
 0.419 399.534
 0.41912 399.503
 0.41924 399.472
 0.41936 399.44
 0.41948 399.409
 0.4196 399.378
 0.41972 399.348
 0.41984 399.317
 0.41996 399.287
 0.42008 399.257
 0.4202 399.227
 0.42032 399.197
 0.42044 399.167
 0.42056 399.137
 0.42068 399.108
 0.4208 399.079
 0.42092 399.05
 0.42104 399.021
 0.42116 398.993
 0.42128 398.964
 0.4214 398.936
 0.42152 398.908
 0.42164 398.881
 0.42176 398.853
 0.42188 398.826
 0.422 398.798
 0.42212 398.771
 0.42224 398.744
 0.42236 398.717
 0.42248 398.691
 0.4226 398.664
 0.42272 398.638
 0.42284 398.612
 0.42296 398.586
 0.42308 398.56
 0.4232 398.535
 0.42332 398.509
 0.42344 398.484
 0.42356 398.459
 0.42368 398.434
 0.4238 398.409
 0.42392 398.384
 0.42404 398.36
 0.42416 398.336
 0.42428 398.312
 0.4244 398.288
 0.42452 398.264
 0.42464 398.24
 0.42476 398.217
 0.42488 398.193
 0.425 398.17
 0.42512 398.147
 0.42524 398.124
 0.42536 398.101
 0.42548 398.078
 0.4256 398.056
 0.42572 398.033
 0.42584 398.011
 0.42596 397.989
 0.42608 397.966
 0.4262 397.944
 0.42632 397.922
 0.42644 397.901
 0.42656 397.879
 0.42668 397.857
 0.4268 397.836
 0.42692 397.814
 0.42704 397.793
 0.42716 397.772
 0.42728 397.751
 0.4274 397.73
 0.42752 397.709
 0.42764 397.689
 0.42776 397.668
 0.42788 397.648
 0.428 397.627
 0.42812 397.607
 0.42824 397.587
 0.42836 397.567
 0.42848 397.547
 0.4286 397.528
 0.42872 397.508
 0.42884 397.489
 0.42896 397.47
 0.42908 397.451
 0.4292 397.432
 0.42932 397.414
 0.42944 397.395
 0.42956 397.377
 0.42968 397.359
 0.4298 397.341
 0.42992 397.324
 0.43004 397.307
 0.43016 397.29
 0.43028 397.273
 0.4304 397.257
 0.43052 397.24
 0.43064 397.224
 0.43076 397.209
 0.43088 397.193
 0.431 397.178
 0.43112 397.163
 0.43124 397.149
 0.43136 397.134
 0.43148 397.12
 0.4316 397.106
 0.43172 397.093
 0.43184 397.079
 0.43196 397.066
 0.43208 397.054
 0.4322 397.041
 0.43232 397.029
 0.43244 397.018
 0.43256 397.007
 0.43268 396.996
 0.4328 396.985
 0.43292 396.975
 0.43304 396.966
 0.43316 396.957
 0.43328 396.948
 0.4334 396.94
 0.43352 396.932
 0.43364 396.925
 0.43376 396.918
 0.43388 396.912
 0.434 396.906
 0.43412 396.901
 0.43424 396.896
 0.43436 396.891
 0.43448 396.887
 0.4346 396.884
 0.43472 396.881
 0.43484 396.878
 0.43496 396.876
 0.43508 396.874
 0.4352 396.873
 0.43532 396.872
 0.43544 396.872
 0.43556 396.872
 0.43568 396.873
 0.4358 396.874
 0.43592 396.876
 0.43604 396.879
 0.43616 396.882
 0.43628 396.886
 0.4364 396.89
 0.43652 396.896
 0.43664 396.901
 0.43676 396.908
 0.43688 396.915
 0.437 396.923
 0.43712 396.932
 0.43724 396.941
 0.43736 396.951
 0.43748 396.961
 0.4376 396.972
 0.43772 396.984
 0.43784 396.996
 0.43796 397.009
 0.43808 397.023
 0.4382 397.037
 0.43832 397.052
 0.43844 397.067
 0.43856 397.083
 0.43868 397.099
 0.4388 397.116
 0.43892 397.134
 0.43904 397.152
 0.43916 397.171
 0.43928 397.19
 0.4394 397.21
 0.43952 397.231
 0.43964 397.252
 0.43976 397.273
 0.43988 397.295
 0.44 397.318
 0.44012 397.341
 0.44024 397.365
 0.44036 397.389
 0.44048 397.413
 0.4406 397.438
 0.44072 397.463
 0.44084 397.489
 0.44096 397.515
 0.44108 397.541
 0.4412 397.568
 0.44132 397.595
 0.44144 397.622
 0.44156 397.649
 0.44168 397.677
 0.4418 397.705
 0.44192 397.734
 0.44204 397.762
 0.44216 397.791
 0.44228 397.82
 0.4424 397.849
 0.44252 397.878
 0.44264 397.908
 0.44276 397.938
 0.44288 397.968
 0.443 397.998
 0.44312 398.029
 0.44324 398.059
 0.44336 398.09
 0.44348 398.121
 0.4436 398.153
 0.44372 398.184
 0.44384 398.216
 0.44396 398.248
 0.44408 398.28
 0.4442 398.312
 0.44432 398.345
 0.44444 398.377
 0.44456 398.41
 0.44468 398.443
 0.4448 398.475
 0.44492 398.508
 0.44504 398.541
 0.44516 398.574
 0.44528 398.607
 0.4454 398.64
 0.44552 398.672
 0.44564 398.705
 0.44576 398.738
 0.44588 398.77
 0.446 398.803
 0.44612 398.836
 0.44624 398.868
 0.44636 398.901
 0.44648 398.933
 0.4466 398.965
 0.44672 398.998
 0.44684 399.03
 0.44696 399.062
 0.44708 399.094
 0.4472 399.126
 0.44732 399.158
 0.44744 399.19
 0.44756 399.222
 0.44768 399.254
 0.4478 399.286
 0.44792 399.317
 0.44804 399.349
 0.44816 399.38
 0.44828 399.412
 0.4484 399.443
 0.44852 399.474
 0.44864 399.505
 0.44876 399.536
 0.44888 399.567
 0.449 399.597
 0.44912 399.627
 0.44924 399.658
 0.44936 399.688
 0.44948 399.717
 0.4496 399.747
 0.44972 399.777
 0.44984 399.806
 0.44996 399.835
 0.45008 399.864
 0.4502 399.893
 0.45032 399.921
 0.45044 399.95
 0.45056 399.978
 0.45068 400.006
 0.4508 400.034
 0.45092 400.061
 0.45104 400.089
 0.45116 400.116
 0.45128 400.143
 0.4514 400.17
 0.45152 400.196
 0.45164 400.223
 0.45176 400.249
 0.45188 400.275
 0.452 400.301
 0.45212 400.327
 0.45224 400.352
 0.45236 400.378
 0.45248 400.403
 0.4526 400.428
 0.45272 400.453
 0.45284 400.477
 0.45296 400.502
 0.45308 400.526
 0.4532 400.55
 0.45332 400.574
 0.45344 400.598
 0.45356 400.621
 0.45368 400.644
 0.4538 400.668
 0.45392 400.69
 0.45404 400.713
 0.45416 400.736
 0.45428 400.758
 0.4544 400.78
 0.45452 400.802
 0.45464 400.824
 0.45476 400.846
 0.45488 400.867
 0.455 400.888
 0.45512 400.91
 0.45524 400.931
 0.45536 400.952
 0.45548 400.972
 0.4556 400.993
 0.45572 401.014
 0.45584 401.034
 0.45596 401.054
 0.45608 401.074
 0.4562 401.094
 0.45632 401.114
 0.45644 401.134
 0.45656 401.153
 0.45668 401.173
 0.4568 401.192
 0.45692 401.211
 0.45704 401.231
 0.45716 401.249
 0.45728 401.268
 0.4574 401.287
 0.45752 401.305
 0.45764 401.324
 0.45776 401.342
 0.45788 401.36
 0.458 401.378
 0.45812 401.396
 0.45824 401.414
 0.45836 401.431
 0.45848 401.449
 0.4586 401.466
 0.45872 401.484
 0.45884 401.501
 0.45896 401.518
 0.45908 401.534
 0.4592 401.551
 0.45932 401.568
 0.45944 401.584
 0.45956 401.6
 0.45968 401.616
 0.4598 401.632
 0.45992 401.648
 0.46004 401.663
 0.46016 401.679
 0.46028 401.694
 0.4604 401.709
 0.46052 401.724
 0.46064 401.738
 0.46076 401.753
 0.46088 401.767
 0.461 401.781
 0.46112 401.794
 0.46124 401.808
 0.46136 401.821
 0.46148 401.834
 0.4616 401.847
 0.46172 401.86
 0.46184 401.873
 0.46196 401.885
 0.46208 401.897
 0.4622 401.909
 0.46232 401.92
 0.46244 401.932
 0.46256 401.943
 0.46268 401.954
 0.4628 401.964
 0.46292 401.975
 0.46304 401.985
 0.46316 401.995
 0.46328 402.004
 0.4634 402.014
 0.46352 402.023
 0.46364 402.031
 0.46376 402.04
 0.46388 402.048
 0.464 402.056
 0.46412 402.063
 0.46424 402.071
 0.46436 402.078
 0.46448 402.085
 0.4646 402.091
 0.46472 402.098
 0.46484 402.104
 0.46496 402.109
 0.46508 402.115
 0.4652 402.12
 0.46532 402.125
 0.46544 402.129
 0.46556 402.133
 0.46568 402.137
 0.4658 402.141
 0.46592 402.144
 0.46604 402.146
 0.46616 402.148
 0.46628 402.15
 0.4664 402.151
 0.46652 402.152
 0.46664 402.153
 0.46676 402.152
 0.46688 402.152
 0.467 402.151
 0.46712 402.149
 0.46724 402.147
 0.46736 402.145
 0.46748 402.142
 0.4676 402.138
 0.46772 402.134
 0.46784 402.13
 0.46796 402.125
 0.46808 402.12
 0.4682 402.114
 0.46832 402.108
 0.46844 402.101
 0.46856 402.094
 0.46868 402.087
 0.4688 402.079
 0.46892 402.071
 0.46904 402.062
 0.46916 402.053
 0.46928 402.043
 0.4694 402.033
 0.46952 402.023
 0.46964 402.012
 0.46976 402
 0.46988 401.989
 0.47 401.977
 0.47012 401.965
 0.47024 401.952
 0.47036 401.939
 0.47048 401.926
 0.4706 401.912
 0.47072 401.898
 0.47084 401.884
 0.47096 401.87
 0.47108 401.855
 0.4712 401.84
 0.47132 401.825
 0.47144 401.809
 0.47156 401.794
 0.47168 401.778
 0.4718 401.761
 0.47192 401.745
 0.47204 401.729
 0.47216 401.712
 0.47228 401.695
 0.4724 401.677
 0.47252 401.66
 0.47264 401.642
 0.47276 401.624
 0.47288 401.606
 0.473 401.588
 0.47312 401.569
 0.47324 401.55
 0.47336 401.531
 0.47348 401.512
 0.4736 401.493
 0.47372 401.473
 0.47384 401.453
 0.47396 401.433
 0.47408 401.413
 0.4742 401.392
 0.47432 401.372
 0.47444 401.351
 0.47456 401.33
 0.47468 401.309
 0.4748 401.288
 0.47492 401.267
 0.47504 401.246
 0.47516 401.225
 0.47528 401.204
 0.4754 401.183
 0.47552 401.161
 0.47564 401.14
 0.47576 401.119
 0.47588 401.098
 0.476 401.076
 0.47612 401.055
 0.47624 401.034
 0.47636 401.012
 0.47648 400.991
 0.4766 400.969
 0.47672 400.948
 0.47684 400.926
 0.47696 400.905
 0.47708 400.883
 0.4772 400.862
 0.47732 400.84
 0.47744 400.819
 0.47756 400.797
 0.47768 400.775
 0.4778 400.754
 0.47792 400.732
 0.47804 400.71
 0.47816 400.689
 0.47828 400.667
 0.4784 400.646
 0.47852 400.624
 0.47864 400.603
 0.47876 400.581
 0.47888 400.56
 0.479 400.538
 0.47912 400.517
 0.47924 400.496
 0.47936 400.474
 0.47948 400.453
 0.4796 400.432
 0.47972 400.411
 0.47984 400.39
 0.47996 400.369
 0.48008 400.349
 0.4802 400.328
 0.48032 400.307
 0.48044 400.287
 0.48056 400.266
 0.48068 400.246
 0.4808 400.225
 0.48092 400.205
 0.48104 400.185
 0.48116 400.165
 0.48128 400.145
 0.4814 400.125
 0.48152 400.105
 0.48164 400.085
 0.48176 400.066
 0.48188 400.046
 0.482 400.027
 0.48212 400.008
 0.48224 399.989
 0.48236 399.97
 0.48248 399.951
 0.4826 399.932
 0.48272 399.913
 0.48284 399.895
 0.48296 399.877
 0.48308 399.859
 0.4832 399.841
 0.48332 399.823
 0.48344 399.805
 0.48356 399.787
 0.48368 399.77
 0.4838 399.753
 0.48392 399.736
 0.48404 399.719
 0.48416 399.702
 0.48428 399.685
 0.4844 399.668
 0.48452 399.652
 0.48464 399.636
 0.48476 399.62
 0.48488 399.604
 0.485 399.588
 0.48512 399.572
 0.48524 399.556
 0.48536 399.541
 0.48548 399.525
 0.4856 399.51
 0.48572 399.495
 0.48584 399.48
 0.48596 399.465
 0.48608 399.451
 0.4862 399.436
 0.48632 399.422
 0.48644 399.407
 0.48656 399.393
 0.48668 399.38
 0.4868 399.366
 0.48692 399.352
 0.48704 399.339
 0.48716 399.325
 0.48728 399.312
 0.4874 399.299
 0.48752 399.286
 0.48764 399.274
 0.48776 399.261
 0.48788 399.249
 0.488 399.237
 0.48812 399.225
 0.48824 399.213
 0.48836 399.201
 0.48848 399.189
 0.4886 399.178
 0.48872 399.166
 0.48884 399.155
 0.48896 399.144
 0.48908 399.133
 0.4892 399.122
 0.48932 399.112
 0.48944 399.101
 0.48956 399.091
 0.48968 399.081
 0.4898 399.071
 0.48992 399.062
 0.49004 399.052
 0.49016 399.043
 0.49028 399.034
 0.4904 399.025
 0.49052 399.017
 0.49064 399.009
 0.49076 399
 0.49088 398.993
 0.491 398.985
 0.49112 398.978
 0.49124 398.97
 0.49136 398.963
 0.49148 398.956
 0.4916 398.95
 0.49172 398.943
 0.49184 398.937
 0.49196 398.931
 0.49208 398.925
 0.4922 398.919
 0.49232 398.913
 0.49244 398.908
 0.49256 398.903
 0.49268 398.897
 0.4928 398.892
 0.49292 398.888
 0.49304 398.883
 0.49316 398.878
 0.49328 398.874
 0.4934 398.869
 0.49352 398.865
 0.49364 398.861
 0.49376 398.857
 0.49388 398.853
 0.494 398.849
 0.49412 398.845
 0.49424 398.842
 0.49436 398.838
 0.49448 398.835
 0.4946 398.831
 0.49472 398.828
 0.49484 398.825
 0.49496 398.822
 0.49508 398.819
 0.4952 398.817
 0.49532 398.814
 0.49544 398.811
 0.49556 398.809
 0.49568 398.807
 0.4958 398.805
 0.49592 398.803
 0.49604 398.801
 0.49616 398.799
 0.49628 398.798
 0.4964 398.797
 0.49652 398.796
 0.49664 398.795
 0.49676 398.794
 0.49688 398.794
 0.497 398.793
 0.49712 398.793
 0.49724 398.793
 0.49736 398.793
 0.49748 398.794
 0.4976 398.794
 0.49772 398.795
 0.49784 398.796
 0.49796 398.797
 0.49808 398.799
 0.4982 398.8
 0.49832 398.802
 0.49844 398.804
 0.49856 398.806
 0.49868 398.808
 0.4988 398.81
 0.49892 398.813
 0.49904 398.815
 0.49916 398.818
 0.49928 398.821
 0.4994 398.823
 0.49952 398.826
 0.49964 398.829
 0.49976 398.832
 0.49988 398.835
 0.5 398.839
 0.50012 398.842
 0.50024 398.845
 0.50036 398.848
 0.50048 398.851
 0.5006 398.855
 0.50072 398.858
 0.50084 398.861
 0.50096 398.865
 0.50108 398.868
 0.5012 398.871
 0.50132 398.875
 0.50144 398.878
 0.50156 398.882
 0.50168 398.885
 0.5018 398.889
 0.50192 398.893
 0.50204 398.897
 0.50216 398.901
 0.50228 398.905
 0.5024 398.909
 0.50252 398.913
 0.50264 398.917
 0.50276 398.921
 0.50288 398.926
 0.503 398.93
 0.50312 398.935
 0.50324 398.94
 0.50336 398.944
 0.50348 398.949
 0.5036 398.954
 0.50372 398.959
 0.50384 398.965
 0.50396 398.97
 0.50408 398.975
 0.5042 398.981
 0.50432 398.986
 0.50444 398.992
 0.50456 398.997
 0.50468 399.003
 0.5048 399.009
 0.50492 399.014
 0.50504 399.02
 0.50516 399.026
 0.50528 399.032
 0.5054 399.038
 0.50552 399.043
 0.50564 399.049
 0.50576 399.055
 0.50588 399.061
 0.506 399.068
 0.50612 399.074
 0.50624 399.08
 0.50636 399.086
 0.50648 399.093
 0.5066 399.099
 0.50672 399.106
 0.50684 399.113
 0.50696 399.119
 0.50708 399.126
 0.5072 399.133
 0.50732 399.14
 0.50744 399.147
 0.50756 399.154
 0.50768 399.162
 0.5078 399.169
 0.50792 399.176
 0.50804 399.184
 0.50816 399.192
 0.50828 399.2
 0.5084 399.208
 0.50852 399.216
 0.50864 399.224
 0.50876 399.233
 0.50888 399.241
 0.509 399.25
 0.50912 399.259
 0.50924 399.267
 0.50936 399.276
 0.50948 399.285
 0.5096 399.294
 0.50972 399.304
 0.50984 399.313
 0.50996 399.323
 0.51008 399.332
 0.5102 399.342
 0.51032 399.352
 0.51044 399.362
 0.51056 399.372
 0.51068 399.382
 0.5108 399.392
 0.51092 399.403
 0.51104 399.413
 0.51116 399.424
 0.51128 399.435
 0.5114 399.445
 0.51152 399.456
 0.51164 399.467
 0.51176 399.478
 0.51188 399.489
 0.512 399.501
 0.51212 399.512
 0.51224 399.523
 0.51236 399.534
 0.51248 399.546
 0.5126 399.557
 0.51272 399.568
 0.51284 399.58
 0.51296 399.591
 0.51308 399.602
 0.5132 399.614
 0.51332 399.625
 0.51344 399.636
 0.51356 399.648
 0.51368 399.659
 0.5138 399.671
 0.51392 399.682
 0.51404 399.693
 0.51416 399.705
 0.51428 399.716
 0.5144 399.728
 0.51452 399.739
 0.51464 399.751
 0.51476 399.762
 0.51488 399.774
 0.515 399.785
 0.51512 399.796
 0.51524 399.808
 0.51536 399.819
 0.51548 399.83
 0.5156 399.841
 0.51572 399.852
 0.51584 399.863
 0.51596 399.874
 0.51608 399.885
 0.5162 399.896
 0.51632 399.906
 0.51644 399.916
 0.51656 399.927
 0.51668 399.937
 0.5168 399.947
 0.51692 399.957
 0.51704 399.967
 0.51716 399.977
 0.51728 399.986
 0.5174 399.996
 0.51752 400.005
 0.51764 400.014
 0.51776 400.024
 0.51788 400.033
 0.518 400.042
 0.51812 400.051
 0.51824 400.059
 0.51836 400.068
 0.51848 400.077
 0.5186 400.085
 0.51872 400.094
 0.51884 400.102
 0.51896 400.11
 0.51908 400.118
 0.5192 400.126
 0.51932 400.134
 0.51944 400.142
 0.51956 400.149
 0.51968 400.157
 0.5198 400.164
 0.51992 400.172
 0.52004 400.179
 0.52016 400.186
 0.52028 400.192
 0.5204 400.199
 0.52052 400.205
 0.52064 400.212
 0.52076 400.218
 0.52088 400.224
 0.521 400.229
 0.52112 400.235
 0.52124 400.24
 0.52136 400.246
 0.52148 400.251
 0.5216 400.256
 0.52172 400.261
 0.52184 400.266
 0.52196 400.271
 0.52208 400.276
 0.5222 400.28
 0.52232 400.285
 0.52244 400.289
 0.52256 400.293
 0.52268 400.298
 0.5228 400.302
 0.52292 400.306
 0.52304 400.31
 0.52316 400.314
 0.52328 400.318
 0.5234 400.322
 0.52352 400.326
 0.52364 400.33
 0.52376 400.334
 0.52388 400.338
 0.524 400.342
 0.52412 400.345
 0.52424 400.349
 0.52436 400.353
 0.52448 400.357
 0.5246 400.36
 0.52472 400.364
 0.52484 400.368
 0.52496 400.372
 0.52508 400.375
 0.5252 400.379
 0.52532 400.383
 0.52544 400.387
 0.52556 400.391
 0.52568 400.395
 0.5258 400.399
 0.52592 400.403
 0.52604 400.407
 0.52616 400.412
 0.52628 400.416
 0.5264 400.421
 0.52652 400.425
 0.52664 400.43
 0.52676 400.435
 0.52688 400.44
 0.527 400.445
 0.52712 400.45
 0.52724 400.455
 0.52736 400.461
 0.52748 400.466
 0.5276 400.472
 0.52772 400.478
 0.52784 400.484
 0.52796 400.489
 0.52808 400.495
 0.5282 400.502
 0.52832 400.508
 0.52844 400.514
 0.52856 400.521
 0.52868 400.527
 0.5288 400.534
 0.52892 400.541
 0.52904 400.548
 0.52916 400.555
 0.52928 400.562
 0.5294 400.57
 0.52952 400.578
 0.52964 400.586
 0.52976 400.594
 0.52988 400.602
 0.53 400.611
 0.53012 400.619
 0.53024 400.628
 0.53036 400.637
 0.53048 400.647
 0.5306 400.656
 0.53072 400.666
 0.53084 400.676
 0.53096 400.686
 0.53108 400.696
 0.5312 400.707
 0.53132 400.717
 0.53144 400.728
 0.53156 400.739
 0.53168 400.75
 0.5318 400.761
 0.53192 400.772
 0.53204 400.784
 0.53216 400.795
 0.53228 400.807
 0.5324 400.819
 0.53252 400.83
 0.53264 400.842
 0.53276 400.854
 0.53288 400.866
 0.533 400.879
 0.53312 400.891
 0.53324 400.903
 0.53336 400.916
 0.53348 400.929
 0.5336 400.941
 0.53372 400.954
 0.53384 400.967
 0.53396 400.98
 0.53408 400.993
 0.5342 401.006
 0.53432 401.019
 0.53444 401.032
 0.53456 401.045
 0.53468 401.058
 0.5348 401.071
 0.53492 401.084
 0.53504 401.097
 0.53516 401.11
 0.53528 401.123
 0.5354 401.136
 0.53552 401.149
 0.53564 401.162
 0.53576 401.175
 0.53588 401.188
 0.536 401.201
 0.53612 401.213
 0.53624 401.226
 0.53636 401.238
 0.53648 401.25
 0.5366 401.262
 0.53672 401.274
 0.53684 401.286
 0.53696 401.298
 0.53708 401.31
 0.5372 401.322
 0.53732 401.333
 0.53744 401.344
 0.53756 401.356
 0.53768 401.367
 0.5378 401.377
 0.53792 401.388
 0.53804 401.399
 0.53816 401.409
 0.53828 401.419
 0.5384 401.429
 0.53852 401.439
 0.53864 401.449
 0.53876 401.458
 0.53888 401.468
 0.539 401.477
 0.53912 401.486
 0.53924 401.495
 0.53936 401.504
 0.53948 401.512
 0.5396 401.521
 0.53972 401.529
 0.53984 401.537
 0.53996 401.545
 0.54008 401.553
 0.5402 401.56
 0.54032 401.567
 0.54044 401.574
 0.54056 401.581
 0.54068 401.587
 0.5408 401.593
 0.54092 401.599
 0.54104 401.605
 0.54116 401.611
 0.54128 401.616
 0.5414 401.621
 0.54152 401.626
 0.54164 401.631
 0.54176 401.635
 0.54188 401.639
 0.542 401.643
 0.54212 401.647
 0.54224 401.651
 0.54236 401.654
 0.54248 401.657
 0.5426 401.66
 0.54272 401.663
 0.54284 401.665
 0.54296 401.668
 0.54308 401.67
 0.5432 401.672
 0.54332 401.673
 0.54344 401.675
 0.54356 401.676
 0.54368 401.677
 0.5438 401.678
 0.54392 401.679
 0.54404 401.68
 0.54416 401.68
 0.54428 401.68
 0.5444 401.68
 0.54452 401.68
 0.54464 401.68
 0.54476 401.68
 0.54488 401.679
 0.545 401.678
 0.54512 401.677
 0.54524 401.677
 0.54536 401.676
 0.54548 401.675
 0.5456 401.674
 0.54572 401.673
 0.54584 401.672
 0.54596 401.67
 0.54608 401.669
 0.5462 401.668
 0.54632 401.667
 0.54644 401.666
 0.54656 401.665
 0.54668 401.664
 0.5468 401.663
 0.54692 401.662
 0.54704 401.66
 0.54716 401.659
 0.54728 401.658
 0.5474 401.657
 0.54752 401.656
 0.54764 401.655
 0.54776 401.653
 0.54788 401.652
 0.548 401.651
 0.54812 401.65
 0.54824 401.648
 0.54836 401.647
 0.54848 401.645
 0.5486 401.644
 0.54872 401.642
 0.54884 401.64
 0.54896 401.639
 0.54908 401.637
 0.5492 401.635
 0.54932 401.633
 0.54944 401.631
 0.54956 401.628
 0.54968 401.626
 0.5498 401.624
 0.54992 401.621
 0.55004 401.619
 0.55016 401.616
 0.55028 401.613
 0.5504 401.611
 0.55052 401.608
 0.55064 401.605
 0.55076 401.602
 0.55088 401.6
 0.551 401.597
 0.55112 401.594
 0.55124 401.591
 0.55136 401.588
 0.55148 401.585
 0.5516 401.581
 0.55172 401.578
 0.55184 401.575
 0.55196 401.572
 0.55208 401.569
 0.5522 401.566
 0.55232 401.562
 0.55244 401.559
 0.55256 401.555
 0.55268 401.552
 0.5528 401.548
 0.55292 401.545
 0.55304 401.541
 0.55316 401.538
 0.55328 401.534
 0.5534 401.53
 0.55352 401.526
 0.55364 401.522
 0.55376 401.518
 0.55388 401.514
 0.554 401.51
 0.55412 401.506
 0.55424 401.502
 0.55436 401.498
 0.55448 401.493
 0.5546 401.489
 0.55472 401.484
 0.55484 401.48
 0.55496 401.475
 0.55508 401.47
 0.5552 401.465
 0.55532 401.46
 0.55544 401.454
 0.55556 401.449
 0.55568 401.443
 0.5558 401.437
 0.55592 401.431
 0.55604 401.424
 0.55616 401.417
 0.55628 401.41
 0.5564 401.403
 0.55652 401.395
 0.55664 401.387
 0.55676 401.379
 0.55688 401.37
 0.557 401.361
 0.55712 401.351
 0.55724 401.342
 0.55736 401.332
 0.55748 401.321
 0.5576 401.311
 0.55772 401.3
 0.55784 401.289
 0.55796 401.277
 0.55808 401.266
 0.5582 401.253
 0.55832 401.241
 0.55844 401.229
 0.55856 401.216
 0.55868 401.203
 0.5588 401.189
 0.55892 401.176
 0.55904 401.162
 0.55916 401.147
 0.55928 401.133
 0.5594 401.118
 0.55952 401.103
 0.55964 401.087
 0.55976 401.072
 0.55988 401.056
 0.56 401.039
 0.56012 401.023
 0.56024 401.006
 0.56036 400.988
 0.56048 400.971
 0.5606 400.953
 0.56072 400.934
 0.56084 400.916
 0.56096 400.897
 0.56108 400.878
 0.5612 400.859
 0.56132 400.839
 0.56144 400.819
 0.56156 400.799
 0.56168 400.779
 0.5618 400.758
 0.56192 400.737
 0.56204 400.716
 0.56216 400.694
 0.56228 400.673
 0.5624 400.651
 0.56252 400.629
 0.56264 400.606
 0.56276 400.584
 0.56288 400.561
 0.563 400.537
 0.56312 400.514
 0.56324 400.49
 0.56336 400.466
 0.56348 400.442
 0.5636 400.418
 0.56372 400.393
 0.56384 400.368
 0.56396 400.343
 0.56408 400.318
 0.5642 400.292
 0.56432 400.266
 0.56444 400.241
 0.56456 400.215
 0.56468 400.189
 0.5648 400.163
 0.56492 400.136
 0.56504 400.11
 0.56516 400.084
 0.56528 400.057
 0.5654 400.031
 0.56552 400.004
 0.56564 399.978
 0.56576 399.951
 0.56588 399.925
 0.566 399.899
 0.56612 399.872
 0.56624 399.846
 0.56636 399.82
 0.56648 399.793
 0.5666 399.767
 0.56672 399.741
 0.56684 399.715
 0.56696 399.689
 0.56708 399.663
 0.5672 399.637
 0.56732 399.611
 0.56744 399.585
 0.56756 399.56
 0.56768 399.534
 0.5678 399.508
 0.56792 399.483
 0.56804 399.457
 0.56816 399.432
 0.56828 399.407
 0.5684 399.382
 0.56852 399.356
 0.56864 399.331
 0.56876 399.306
 0.56888 399.282
 0.569 399.257
 0.56912 399.232
 0.56924 399.208
 0.56936 399.183
 0.56948 399.159
 0.5696 399.135
 0.56972 399.111
 0.56984 399.087
 0.56996 399.063
 0.57008 399.04
 0.5702 399.016
 0.57032 398.993
 0.57044 398.97
 0.57056 398.948
 0.57068 398.925
 0.5708 398.903
 0.57092 398.882
 0.57104 398.86
 0.57116 398.839
 0.57128 398.818
 0.5714 398.797
 0.57152 398.776
 0.57164 398.756
 0.57176 398.736
 0.57188 398.716
 0.572 398.697
 0.57212 398.678
 0.57224 398.659
 0.57236 398.64
 0.57248 398.622
 0.5726 398.604
 0.57272 398.586
 0.57284 398.568
 0.57296 398.551
 0.57308 398.534
 0.5732 398.517
 0.57332 398.501
 0.57344 398.484
 0.57356 398.468
 0.57368 398.453
 0.5738 398.437
 0.57392 398.422
 0.57404 398.407
 0.57416 398.392
 0.57428 398.378
 0.5744 398.364
 0.57452 398.35
 0.57464 398.336
 0.57476 398.323
 0.57488 398.31
 0.575 398.297
 0.57512 398.284
 0.57524 398.271
 0.57536 398.258
 0.57548 398.246
 0.5756 398.233
 0.57572 398.221
 0.57584 398.209
 0.57596 398.197
 0.57608 398.185
 0.5762 398.173
 0.57632 398.161
 0.57644 398.149
 0.57656 398.138
 0.57668 398.126
 0.5768 398.115
 0.57692 398.104
 0.57704 398.092
 0.57716 398.081
 0.57728 398.07
 0.5774 398.059
 0.57752 398.048
 0.57764 398.038
 0.57776 398.027
 0.57788 398.017
 0.578 398.006
 0.57812 397.996
 0.57824 397.986
 0.57836 397.976
 0.57848 397.967
 0.5786 397.957
 0.57872 397.948
 0.57884 397.938
 0.57896 397.929
 0.57908 397.92
 0.5792 397.912
 0.57932 397.903
 0.57944 397.895
 0.57956 397.887
 0.57968 397.879
 0.5798 397.871
 0.57992 397.864
 0.58004 397.856
 0.58016 397.849
 0.58028 397.842
 0.5804 397.835
 0.58052 397.829
 0.58064 397.822
 0.58076 397.816
 0.58088 397.81
 0.581 397.804
 0.58112 397.798
 0.58124 397.792
 0.58136 397.786
 0.58148 397.781
 0.5816 397.775
 0.58172 397.77
 0.58184 397.765
 0.58196 397.76
 0.58208 397.755
 0.5822 397.75
 0.58232 397.746
 0.58244 397.741
 0.58256 397.737
 0.58268 397.732
 0.5828 397.728
 0.58292 397.724
 0.58304 397.72
 0.58316 397.716
 0.58328 397.712
 0.5834 397.708
 0.58352 397.705
 0.58364 397.701
 0.58376 397.698
 0.58388 397.695
 0.584 397.691
 0.58412 397.688
 0.58424 397.685
 0.58436 397.683
 0.58448 397.68
 0.5846 397.677
 0.58472 397.675
 0.58484 397.672
 0.58496 397.67
 0.58508 397.668
 0.5852 397.666
 0.58532 397.665
 0.58544 397.663
 0.58556 397.662
 0.58568 397.661
 0.5858 397.66
 0.58592 397.66
 0.58604 397.66
 0.58616 397.66
 0.58628 397.66
 0.5864 397.661
 0.58652 397.662
 0.58664 397.663
 0.58676 397.665
 0.58688 397.667
 0.587 397.669
 0.58712 397.672
 0.58724 397.675
 0.58736 397.678
 0.58748 397.682
 0.5876 397.686
 0.58772 397.69
 0.58784 397.695
 0.58796 397.699
 0.58808 397.704
 0.5882 397.71
 0.58832 397.715
 0.58844 397.721
 0.58856 397.727
 0.58868 397.734
 0.5888 397.741
 0.58892 397.748
 0.58904 397.755
 0.58916 397.762
 0.58928 397.77
 0.5894 397.778
 0.58952 397.787
 0.58964 397.796
 0.58976 397.805
 0.58988 397.815
 0.59 397.824
 0.59012 397.835
 0.59024 397.845
 0.59036 397.856
 0.59048 397.868
 0.5906 397.879
 0.59072 397.891
 0.59084 397.904
 0.59096 397.916
 0.59108 397.929
 0.5912 397.942
 0.59132 397.956
 0.59144 397.97
 0.59156 397.984
 0.59168 397.998
 0.5918 398.013
 0.59192 398.028
 0.59204 398.044
 0.59216 398.059
 0.59228 398.075
 0.5924 398.092
 0.59252 398.109
 0.59264 398.126
 0.59276 398.143
 0.59288 398.161
 0.593 398.179
 0.59312 398.198
 0.59324 398.217
 0.59336 398.236
 0.59348 398.256
 0.5936 398.276
 0.59372 398.296
 0.59384 398.317
 0.59396 398.338
 0.59408 398.359
 0.5942 398.381
 0.59432 398.403
 0.59444 398.425
 0.59456 398.448
 0.59468 398.471
 0.5948 398.494
 0.59492 398.518
 0.59504 398.542
 0.59516 398.566
 0.59528 398.59
 0.5954 398.615
 0.59552 398.639
 0.59564 398.664
 0.59576 398.69
 0.59588 398.715
 0.596 398.741
 0.59612 398.766
 0.59624 398.792
 0.59636 398.818
 0.59648 398.844
 0.5966 398.871
 0.59672 398.897
 0.59684 398.924
 0.59696 398.951
 0.59708 398.978
 0.5972 399.005
 0.59732 399.032
 0.59744 399.06
 0.59756 399.087
 0.59768 399.115
 0.5978 399.143
 0.59792 399.17
 0.59804 399.198
 0.59816 399.226
 0.59828 399.255
 0.5984 399.283
 0.59852 399.311
 0.59864 399.339
 0.59876 399.368
 0.59888 399.396
 0.599 399.425
 0.59912 399.453
 0.59924 399.482
 0.59936 399.51
 0.59948 399.539
 0.5996 399.567
 0.59972 399.596
 0.59984 399.624
 0.59996 399.653
 0.60008 399.681
 0.6002 399.709
 0.60032 399.737
 0.60044 399.764
 0.60056 399.792
 0.60068 399.819
 0.6008 399.847
 0.60092 399.874
 0.60104 399.901
 0.60116 399.927
 0.60128 399.954
 0.6014 399.98
 0.60152 400.006
 0.60164 400.032
 0.60176 400.058
 0.60188 400.084
 0.602 400.109
 0.60212 400.134
 0.60224 400.159
 0.60236 400.184
 0.60248 400.208
 0.6026 400.232
 0.60272 400.257
 0.60284 400.281
 0.60296 400.304
 0.60308 400.328
 0.6032 400.351
 0.60332 400.374
 0.60344 400.397
 0.60356 400.42
 0.60368 400.442
 0.6038 400.465
 0.60392 400.487
 0.60404 400.509
 0.60416 400.53
 0.60428 400.552
 0.6044 400.573
 0.60452 400.594
 0.60464 400.615
 0.60476 400.636
 0.60488 400.657
 0.605 400.677
 0.60512 400.697
 0.60524 400.717
 0.60536 400.737
 0.60548 400.757
 0.6056 400.777
 0.60572 400.797
 0.60584 400.816
 0.60596 400.835
 0.60608 400.855
 0.6062 400.874
 0.60632 400.893
 0.60644 400.912
 0.60656 400.93
 0.60668 400.949
 0.6068 400.967
 0.60692 400.986
 0.60704 401.004
 0.60716 401.022
 0.60728 401.04
 0.6074 401.058
 0.60752 401.075
 0.60764 401.093
 0.60776 401.11
 0.60788 401.128
 0.608 401.145
 0.60812 401.162
 0.60824 401.179
 0.60836 401.195
 0.60848 401.212
 0.6086 401.228
 0.60872 401.245
 0.60884 401.261
 0.60896 401.277
 0.60908 401.293
 0.6092 401.308
 0.60932 401.324
 0.60944 401.34
 0.60956 401.355
 0.60968 401.37
 0.6098 401.385
 0.60992 401.4
 0.61004 401.415
 0.61016 401.429
 0.61028 401.444
 0.6104 401.458
 0.61052 401.472
 0.61064 401.486
 0.61076 401.5
 0.61088 401.514
 0.611 401.527
 0.61112 401.541
 0.61124 401.554
 0.61136 401.568
 0.61148 401.581
 0.6116 401.594
 0.61172 401.607
 0.61184 401.62
 0.61196 401.633
 0.61208 401.645
 0.6122 401.658
 0.61232 401.671
 0.61244 401.683
 0.61256 401.696
 0.61268 401.708
 0.6128 401.72
 0.61292 401.733
 0.61304 401.745
 0.61316 401.757
 0.61328 401.769
 0.6134 401.781
 0.61352 401.793
 0.61364 401.805
 0.61376 401.817
 0.61388 401.829
 0.614 401.84
 0.61412 401.852
 0.61424 401.864
 0.61436 401.875
 0.61448 401.887
 0.6146 401.898
 0.61472 401.91
 0.61484 401.921
 0.61496 401.932
 0.61508 401.943
 0.6152 401.954
 0.61532 401.965
 0.61544 401.976
 0.61556 401.987
 0.61568 401.997
 0.6158 402.008
 0.61592 402.018
 0.61604 402.029
 0.61616 402.039
 0.61628 402.049
 0.6164 402.059
 0.61652 402.068
 0.61664 402.078
 0.61676 402.087
 0.61688 402.097
 0.617 402.106
 0.61712 402.115
 0.61724 402.124
 0.61736 402.133
 0.61748 402.141
 0.6176 402.15
 0.61772 402.158
 0.61784 402.167
 0.61796 402.175
 0.61808 402.183
 0.6182 402.191
 0.61832 402.199
 0.61844 402.206
 0.61856 402.214
 0.61868 402.221
 0.6188 402.229
 0.61892 402.236
 0.61904 402.243
 0.61916 402.25
 0.61928 402.256
 0.6194 402.263
 0.61952 402.269
 0.61964 402.275
 0.61976 402.281
 0.61988 402.287
 0.62 402.292
 0.62012 402.297
 0.62024 402.302
 0.62036 402.307
 0.62048 402.311
 0.6206 402.315
 0.62072 402.319
 0.62084 402.323
 0.62096 402.326
 0.62108 402.329
 0.6212 402.332
 0.62132 402.335
 0.62144 402.337
 0.62156 402.339
 0.62168 402.341
 0.6218 402.342
 0.62192 402.343
 0.62204 402.344
 0.62216 402.345
 0.62228 402.345
 0.6224 402.345
 0.62252 402.345
 0.62264 402.344
 0.62276 402.343
 0.62288 402.341
 0.623 402.339
 0.62312 402.337
 0.62324 402.335
 0.62336 402.332
 0.62348 402.328
 0.6236 402.324
 0.62372 402.32
 0.62384 402.316
 0.62396 402.311
 0.62408 402.305
 0.6242 402.299
 0.62432 402.293
 0.62444 402.287
 0.62456 402.28
 0.62468 402.272
 0.6248 402.265
 0.62492 402.256
 0.62504 402.248
 0.62516 402.239
 0.62528 402.229
 0.6254 402.219
 0.62552 402.209
 0.62564 402.198
 0.62576 402.187
 0.62588 402.176
 0.626 402.164
 0.62612 402.152
 0.62624 402.139
 0.62636 402.126
 0.62648 402.112
 0.6266 402.099
 0.62672 402.084
 0.62684 402.07
 0.62696 402.055
 0.62708 402.039
 0.6272 402.024
 0.62732 402.007
 0.62744 401.991
 0.62756 401.974
 0.62768 401.957
 0.6278 401.939
 0.62792 401.922
 0.62804 401.904
 0.62816 401.885
 0.62828 401.867
 0.6284 401.848
 0.62852 401.828
 0.62864 401.809
 0.62876 401.789
 0.62888 401.769
 0.629 401.749
 0.62912 401.728
 0.62924 401.707
 0.62936 401.686
 0.62948 401.665
 0.6296 401.644
 0.62972 401.622
 0.62984 401.6
 0.62996 401.579
 0.63008 401.557
 0.6302 401.535
 0.63032 401.513
 0.63044 401.49
 0.63056 401.468
 0.63068 401.446
 0.6308 401.424
 0.63092 401.402
 0.63104 401.379
 0.63116 401.357
 0.63128 401.335
 0.6314 401.313
 0.63152 401.29
 0.63164 401.268
 0.63176 401.246
 0.63188 401.224
 0.632 401.202
 0.63212 401.18
 0.63224 401.157
 0.63236 401.135
 0.63248 401.113
 0.6326 401.091
 0.63272 401.069
 0.63284 401.047
 0.63296 401.025
 0.63308 401.003
 0.6332 400.981
 0.63332 400.959
 0.63344 400.937
 0.63356 400.914
 0.63368 400.892
 0.6338 400.87
 0.63392 400.848
 0.63404 400.826
 0.63416 400.804
 0.63428 400.782
 0.6344 400.76
 0.63452 400.738
 0.63464 400.716
 0.63476 400.694
 0.63488 400.672
 0.635 400.651
 0.63512 400.629
 0.63524 400.607
 0.63536 400.585
 0.63548 400.564
 0.6356 400.542
 0.63572 400.521
 0.63584 400.5
 0.63596 400.478
 0.63608 400.457
 0.6362 400.436
 0.63632 400.415
 0.63644 400.394
 0.63656 400.373
 0.63668 400.352
 0.6368 400.332
 0.63692 400.311
 0.63704 400.291
 0.63716 400.27
 0.63728 400.25
 0.6374 400.23
 0.63752 400.209
 0.63764 400.189
 0.63776 400.169
 0.63788 400.149
 0.638 400.129
 0.63812 400.109
 0.63824 400.09
 0.63836 400.07
 0.63848 400.05
 0.6386 400.031
 0.63872 400.011
 0.63884 399.992
 0.63896 399.973
 0.63908 399.953
 0.6392 399.934
 0.63932 399.915
 0.63944 399.896
 0.63956 399.877
 0.63968 399.858
 0.6398 399.839
 0.63992 399.821
 0.64004 399.802
 0.64016 399.784
 0.64028 399.765
 0.6404 399.747
 0.64052 399.728
 0.64064 399.71
 0.64076 399.692
 0.64088 399.674
 0.641 399.656
 0.64112 399.638
 0.64124 399.62
 0.64136 399.602
 0.64148 399.584
 0.6416 399.566
 0.64172 399.549
 0.64184 399.531
 0.64196 399.513
 0.64208 399.496
 0.6422 399.478
 0.64232 399.461
 0.64244 399.443
 0.64256 399.426
 0.64268 399.408
 0.6428 399.391
 0.64292 399.373
 0.64304 399.356
 0.64316 399.339
 0.64328 399.321
 0.6434 399.304
 0.64352 399.287
 0.64364 399.269
 0.64376 399.252
 0.64388 399.235
 0.644 399.218
 0.64412 399.201
 0.64424 399.184
 0.64436 399.167
 0.64448 399.15
 0.6446 399.133
 0.64472 399.116
 0.64484 399.099
 0.64496 399.082
 0.64508 399.065
 0.6452 399.048
 0.64532 399.031
 0.64544 399.014
 0.64556 398.997
 0.64568 398.98
 0.6458 398.963
 0.64592 398.946
 0.64604 398.929
 0.64616 398.911
 0.64628 398.894
 0.6464 398.877
 0.64652 398.86
 0.64664 398.842
 0.64676 398.825
 0.64688 398.807
 0.647 398.79
 0.64712 398.772
 0.64724 398.755
 0.64736 398.737
 0.64748 398.719
 0.6476 398.701
 0.64772 398.684
 0.64784 398.666
 0.64796 398.648
 0.64808 398.63
 0.6482 398.612
 0.64832 398.594
 0.64844 398.576
 0.64856 398.558
 0.64868 398.539
 0.6488 398.521
 0.64892 398.503
 0.64904 398.485
 0.64916 398.466
 0.64928 398.448
 0.6494 398.429
 0.64952 398.411
 0.64964 398.393
 0.64976 398.374
 0.64988 398.356
 0.65 398.338
 0.65012 398.32
 0.65024 398.302
 0.65036 398.284
 0.65048 398.266
 0.6506 398.248
 0.65072 398.231
 0.65084 398.213
 0.65096 398.196
 0.65108 398.179
 0.6512 398.162
 0.65132 398.145
 0.65144 398.128
 0.65156 398.112
 0.65168 398.095
 0.6518 398.079
 0.65192 398.063
 0.65204 398.047
 0.65216 398.031
 0.65228 398.016
 0.6524 398.001
 0.65252 397.985
 0.65264 397.971
 0.65276 397.956
 0.65288 397.941
 0.653 397.927
 0.65312 397.913
 0.65324 397.899
 0.65336 397.886
 0.65348 397.873
 0.6536 397.86
 0.65372 397.847
 0.65384 397.835
 0.65396 397.822
 0.65408 397.811
 0.6542 397.799
 0.65432 397.787
 0.65444 397.776
 0.65456 397.765
 0.65468 397.755
 0.6548 397.745
 0.65492 397.735
 0.65504 397.725
 0.65516 397.716
 0.65528 397.707
 0.6554 397.699
 0.65552 397.691
 0.65564 397.683
 0.65576 397.676
 0.65588 397.669
 0.656 397.663
 0.65612 397.657
 0.65624 397.651
 0.65636 397.646
 0.65648 397.642
 0.6566 397.637
 0.65672 397.634
 0.65684 397.63
 0.65696 397.628
 0.65708 397.625
 0.6572 397.623
 0.65732 397.622
 0.65744 397.621
 0.65756 397.62
 0.65768 397.62
 0.6578 397.62
 0.65792 397.621
 0.65804 397.622
 0.65816 397.624
 0.65828 397.626
 0.6584 397.628
 0.65852 397.631
 0.65864 397.634
 0.65876 397.638
 0.65888 397.642
 0.659 397.646
 0.65912 397.651
 0.65924 397.656
 0.65936 397.662
 0.65948 397.668
 0.6596 397.674
 0.65972 397.681
 0.65984 397.688
 0.65996 397.696
 0.66008 397.703
 0.6602 397.712
 0.66032 397.72
 0.66044 397.728
 0.66056 397.737
 0.66068 397.746
 0.6608 397.756
 0.66092 397.765
 0.66104 397.775
 0.66116 397.785
 0.66128 397.795
 0.6614 397.805
 0.66152 397.815
 0.66164 397.826
 0.66176 397.837
 0.66188 397.848
 0.662 397.859
 0.66212 397.87
 0.66224 397.882
 0.66236 397.894
 0.66248 397.906
 0.6626 397.918
 0.66272 397.93
 0.66284 397.943
 0.66296 397.956
 0.66308 397.969
 0.6632 397.983
 0.66332 397.996
 0.66344 398.01
 0.66356 398.025
 0.66368 398.039
 0.6638 398.054
 0.66392 398.068
 0.66404 398.083
 0.66416 398.099
 0.66428 398.114
 0.6644 398.13
 0.66452 398.146
 0.66464 398.162
 0.66476 398.178
 0.66488 398.194
 0.665 398.21
 0.66512 398.227
 0.66524 398.243
 0.66536 398.26
 0.66548 398.276
 0.6656 398.293
 0.66572 398.309
 0.66584 398.326
 0.66596 398.343
 0.66608 398.359
 0.6662 398.376
 0.66632 398.393
 0.66644 398.41
 0.66656 398.426
 0.66668 398.443
 0.6668 398.46
 0.66692 398.477
 0.66704 398.494
 0.66716 398.511
 0.66728 398.528
 0.6674 398.545
 0.66752 398.562
 0.66764 398.579
 0.66776 398.596
 0.66788 398.613
 0.668 398.63
 0.66812 398.647
 0.66824 398.664
 0.66836 398.681
 0.66848 398.698
 0.6686 398.716
 0.66872 398.733
 0.66884 398.75
 0.66896 398.767
 0.66908 398.784
 0.6692 398.801
 0.66932 398.819
 0.66944 398.836
 0.66956 398.853
 0.66968 398.87
 0.6698 398.887
 0.66992 398.904
 0.67004 398.921
 0.67016 398.938
 0.67028 398.955
 0.6704 398.972
 0.67052 398.989
 0.67064 399.006
 0.67076 399.022
 0.67088 399.039
 0.671 399.056
 0.67112 399.073
 0.67124 399.09
 0.67136 399.107
 0.67148 399.124
 0.6716 399.141
 0.67172 399.158
 0.67184 399.175
 0.67196 399.192
 0.67208 399.209
 0.6722 399.226
 0.67232 399.243
 0.67244 399.26
 0.67256 399.277
 0.67268 399.294
 0.6728 399.311
 0.67292 399.328
 0.67304 399.344
 0.67316 399.361
 0.67328 399.378
 0.6734 399.395
 0.67352 399.411
 0.67364 399.428
 0.67376 399.444
 0.67388 399.461
 0.674 399.478
 0.67412 399.494
 0.67424 399.511
 0.67436 399.527
 0.67448 399.544
 0.6746 399.56
 0.67472 399.576
 0.67484 399.593
 0.67496 399.609
 0.67508 399.626
 0.6752 399.642
 0.67532 399.659
 0.67544 399.675
 0.67556 399.692
 0.67568 399.709
 0.6758 399.726
 0.67592 399.743
 0.67604 399.76
 0.67616 399.778
 0.67628 399.795
 0.6764 399.813
 0.67652 399.831
 0.67664 399.849
 0.67676 399.867
 0.67688 399.886
 0.677 399.904
 0.67712 399.923
 0.67724 399.941
 0.67736 399.96
 0.67748 399.979
 0.6776 399.998
 0.67772 400.018
 0.67784 400.037
 0.67796 400.057
 0.67808 400.077
 0.6782 400.097
 0.67832 400.117
 0.67844 400.137
 0.67856 400.157
 0.67868 400.178
 0.6788 400.199
 0.67892 400.22
 0.67904 400.241
 0.67916 400.262
 0.67928 400.283
 0.6794 400.305
 0.67952 400.326
 0.67964 400.348
 0.67976 400.37
 0.67988 400.392
 0.68 400.414
 0.68012 400.436
 0.68024 400.458
 0.68036 400.48
 0.68048 400.502
 0.6806 400.525
 0.68072 400.547
 0.68084 400.569
 0.68096 400.591
 0.68108 400.613
 0.6812 400.635
 0.68132 400.657
 0.68144 400.679
 0.68156 400.701
 0.68168 400.723
 0.6818 400.745
 0.68192 400.767
 0.68204 400.789
 0.68216 400.811
 0.68228 400.833
 0.6824 400.855
 0.68252 400.876
 0.68264 400.898
 0.68276 400.92
 0.68288 400.941
 0.683 400.963
 0.68312 400.984
 0.68324 401.006
 0.68336 401.027
 0.68348 401.048
 0.6836 401.069
 0.68372 401.09
 0.68384 401.111
 0.68396 401.132
 0.68408 401.153
 0.6842 401.174
 0.68432 401.195
 0.68444 401.215
 0.68456 401.236
 0.68468 401.256
 0.6848 401.276
 0.68492 401.296
 0.68504 401.316
 0.68516 401.335
 0.68528 401.355
 0.6854 401.374
 0.68552 401.393
 0.68564 401.411
 0.68576 401.43
 0.68588 401.448
 0.686 401.466
 0.68612 401.483
 0.68624 401.5
 0.68636 401.517
 0.68648 401.534
 0.6866 401.55
 0.68672 401.566
 0.68684 401.581
 0.68696 401.596
 0.68708 401.611
 0.6872 401.625
 0.68732 401.639
 0.68744 401.652
 0.68756 401.665
 0.68768 401.678
 0.6878 401.69
 0.68792 401.702
 0.68804 401.714
 0.68816 401.725
 0.68828 401.736
 0.6884 401.746
 0.68852 401.756
 0.68864 401.766
 0.68876 401.775
 0.68888 401.784
 0.689 401.792
 0.68912 401.8
 0.68924 401.808
 0.68936 401.815
 0.68948 401.821
 0.6896 401.828
 0.68972 401.833
 0.68984 401.839
 0.68996 401.844
 0.69008 401.849
 0.6902 401.853
 0.69032 401.857
 0.69044 401.86
 0.69056 401.864
 0.69068 401.867
 0.6908 401.869
 0.69092 401.872
 0.69104 401.874
 0.69116 401.876
 0.69128 401.878
 0.6914 401.879
 0.69152 401.88
 0.69164 401.881
 0.69176 401.882
 0.69188 401.882
 0.692 401.882
 0.69212 401.882
 0.69224 401.882
 0.69236 401.881
 0.69248 401.88
 0.6926 401.879
 0.69272 401.877
 0.69284 401.875
 0.69296 401.873
 0.69308 401.871
 0.6932 401.868
 0.69332 401.865
 0.69344 401.861
 0.69356 401.858
 0.69368 401.853
 0.6938 401.849
 0.69392 401.844
 0.69404 401.84
 0.69416 401.834
 0.69428 401.829
 0.6944 401.823
 0.69452 401.817
 0.69464 401.811
 0.69476 401.805
 0.69488 401.799
 0.695 401.792
 0.69512 401.786
 0.69524 401.779
 0.69536 401.772
 0.69548 401.765
 0.6956 401.758
 0.69572 401.751
 0.69584 401.744
 0.69596 401.737
 0.69608 401.729
 0.6962 401.722
 0.69632 401.714
 0.69644 401.707
 0.69656 401.7
 0.69668 401.692
 0.6968 401.684
 0.69692 401.677
 0.69704 401.669
 0.69716 401.661
 0.69728 401.653
 0.6974 401.645
 0.69752 401.637
 0.69764 401.629
 0.69776 401.621
 0.69788 401.613
 0.698 401.605
 0.69812 401.597
 0.69824 401.589
 0.69836 401.581
 0.69848 401.572
 0.6986 401.564
 0.69872 401.556
 0.69884 401.548
 0.69896 401.54
 0.69908 401.532
 0.6992 401.524
 0.69932 401.516
 0.69944 401.508
 0.69956 401.5
 0.69968 401.492
 0.6998 401.484
 0.69992 401.476
 0.70004 401.469
 0.70016 401.461
 0.70028 401.453
 0.7004 401.446
 0.70052 401.438
 0.70064 401.43
 0.70076 401.422
 0.70088 401.415
 0.701 401.407
 0.70112 401.399
 0.70124 401.391
 0.70136 401.384
 0.70148 401.376
 0.7016 401.368
 0.70172 401.36
 0.70184 401.352
 0.70196 401.344
 0.70208 401.336
 0.7022 401.328
 0.70232 401.319
 0.70244 401.311
 0.70256 401.303
 0.70268 401.295
 0.7028 401.287
 0.70292 401.279
 0.70304 401.271
 0.70316 401.263
 0.70328 401.255
 0.7034 401.246
 0.70352 401.238
 0.70364 401.23
 0.70376 401.222
 0.70388 401.214
 0.704 401.206
 0.70412 401.198
 0.70424 401.19
 0.70436 401.182
 0.70448 401.174
 0.7046 401.166
 0.70472 401.157
 0.70484 401.149
 0.70496 401.141
 0.70508 401.133
 0.7052 401.124
 0.70532 401.116
 0.70544 401.107
 0.70556 401.098
 0.70568 401.089
 0.7058 401.08
 0.70592 401.071
 0.70604 401.061
 0.70616 401.052
 0.70628 401.042
 0.7064 401.032
 0.70652 401.021
 0.70664 401.011
 0.70676 401
 0.70688 400.99
 0.707 400.979
 0.70712 400.967
 0.70724 400.956
 0.70736 400.945
 0.70748 400.933
 0.7076 400.921
 0.70772 400.909
 0.70784 400.896
 0.70796 400.884
 0.70808 400.871
 0.7082 400.858
 0.70832 400.845
 0.70844 400.831
 0.70856 400.818
 0.70868 400.804
 0.7088 400.79
 0.70892 400.775
 0.70904 400.76
 0.70916 400.745
 0.70928 400.73
 0.7094 400.714
 0.70952 400.699
 0.70964 400.683
 0.70976 400.666
 0.70988 400.65
 0.71 400.633
 0.71012 400.616
 0.71024 400.6
 0.71036 400.582
 0.71048 400.565
 0.7106 400.548
 0.71072 400.53
 0.71084 400.513
 0.71096 400.495
 0.71108 400.477
 0.7112 400.459
 0.71132 400.441
 0.71144 400.423
 0.71156 400.405
 0.71168 400.387
 0.7118 400.368
 0.71192 400.35
 0.71204 400.331
 0.71216 400.312
 0.71228 400.294
 0.7124 400.275
 0.71252 400.256
 0.71264 400.237
 0.71276 400.218
 0.71288 400.199
 0.713 400.18
 0.71312 400.161
 0.71324 400.143
 0.71336 400.124
 0.71348 400.105
 0.7136 400.086
 0.71372 400.067
 0.71384 400.048
 0.71396 400.029
 0.71408 400.01
 0.7142 399.991
 0.71432 399.972
 0.71444 399.953
 0.71456 399.934
 0.71468 399.915
 0.7148 399.897
 0.71492 399.878
 0.71504 399.859
 0.71516 399.841
 0.71528 399.823
 0.7154 399.804
 0.71552 399.786
 0.71564 399.768
 0.71576 399.75
 0.71588 399.732
 0.716 399.715
 0.71612 399.697
 0.71624 399.68
 0.71636 399.663
 0.71648 399.646
 0.7166 399.629
 0.71672 399.613
 0.71684 399.596
 0.71696 399.58
 0.71708 399.564
 0.7172 399.549
 0.71732 399.533
 0.71744 399.518
 0.71756 399.503
 0.71768 399.488
 0.7178 399.473
 0.71792 399.459
 0.71804 399.445
 0.71816 399.431
 0.71828 399.417
 0.7184 399.404
 0.71852 399.39
 0.71864 399.378
 0.71876 399.365
 0.71888 399.353
 0.719 399.341
 0.71912 399.329
 0.71924 399.318
 0.71936 399.307
 0.71948 399.296
 0.7196 399.286
 0.71972 399.276
 0.71984 399.266
 0.71996 399.257
 0.72008 399.248
 0.7202 399.24
 0.72032 399.232
 0.72044 399.224
 0.72056 399.216
 0.72068 399.209
 0.7208 399.202
 0.72092 399.195
 0.72104 399.188
 0.72116 399.182
 0.72128 399.175
 0.7214 399.169
 0.72152 399.164
 0.72164 399.158
 0.72176 399.152
 0.72188 399.147
 0.722 399.142
 0.72212 399.137
 0.72224 399.132
 0.72236 399.128
 0.72248 399.123
 0.7226 399.119
 0.72272 399.115
 0.72284 399.111
 0.72296 399.107
 0.72308 399.104
 0.7232 399.1
 0.72332 399.097
 0.72344 399.094
 0.72356 399.091
 0.72368 399.089
 0.7238 399.086
 0.72392 399.084
 0.72404 399.082
 0.72416 399.08
 0.72428 399.078
 0.7244 399.076
 0.72452 399.075
 0.72464 399.073
 0.72476 399.072
 0.72488 399.07
 0.725 399.069
 0.72512 399.068
 0.72524 399.067
 0.72536 399.066
 0.72548 399.065
 0.7256 399.064
 0.72572 399.063
 0.72584 399.062
 0.72596 399.061
 0.72608 399.06
 0.7262 399.06
 0.72632 399.059
 0.72644 399.058
 0.72656 399.058
 0.72668 399.057
 0.7268 399.056
 0.72692 399.056
 0.72704 399.055
 0.72716 399.055
 0.72728 399.055
 0.7274 399.054
 0.72752 399.054
 0.72764 399.053
 0.72776 399.053
 0.72788 399.052
 0.728 399.052
 0.72812 399.051
 0.72824 399.051
 0.72836 399.05
 0.72848 399.049
 0.7286 399.048
 0.72872 399.047
 0.72884 399.046
 0.72896 399.045
 0.72908 399.044
 0.7292 399.042
 0.72932 399.04
 0.72944 399.038
 0.72956 399.036
 0.72968 399.034
 0.7298 399.031
 0.72992 399.029
 0.73004 399.026
 0.73016 399.024
 0.73028 399.021
 0.7304 399.018
 0.73052 399.015
 0.73064 399.012
 0.73076 399.009
 0.73088 399.006
 0.731 399.003
 0.73112 399
 0.73124 398.996
 0.73136 398.993
 0.73148 398.99
 0.7316 398.987
 0.73172 398.984
 0.73184 398.981
 0.73196 398.978
 0.73208 398.975
 0.7322 398.972
 0.73232 398.97
 0.73244 398.967
 0.73256 398.964
 0.73268 398.961
 0.7328 398.958
 0.73292 398.956
 0.73304 398.953
 0.73316 398.95
 0.73328 398.948
 0.7334 398.945
 0.73352 398.942
 0.73364 398.94
 0.73376 398.937
 0.73388 398.934
 0.734 398.932
 0.73412 398.929
 0.73424 398.927
 0.73436 398.924
 0.73448 398.922
 0.7346 398.92
 0.73472 398.917
 0.73484 398.915
 0.73496 398.913
 0.73508 398.911
 0.7352 398.908
 0.73532 398.906
 0.73544 398.904
 0.73556 398.903
 0.73568 398.901
 0.7358 398.899
 0.73592 398.898
 0.73604 398.897
 0.73616 398.895
 0.73628 398.894
 0.7364 398.893
 0.73652 398.893
 0.73664 398.892
 0.73676 398.891
 0.73688 398.891
 0.737 398.891
 0.73712 398.891
 0.73724 398.891
 0.73736 398.891
 0.73748 398.891
 0.7376 398.892
 0.73772 398.892
 0.73784 398.893
 0.73796 398.894
 0.73808 398.895
 0.7382 398.896
 0.73832 398.897
 0.73844 398.899
 0.73856 398.901
 0.73868 398.903
 0.7388 398.906
 0.73892 398.908
 0.73904 398.911
 0.73916 398.915
 0.73928 398.918
 0.7394 398.922
 0.73952 398.926
 0.73964 398.931
 0.73976 398.935
 0.73988 398.94
 0.74 398.945
 0.74012 398.95
 0.74024 398.956
 0.74036 398.961
 0.74048 398.967
 0.7406 398.973
 0.74072 398.979
 0.74084 398.986
 0.74096 398.992
 0.74108 398.999
 0.7412 399.006
 0.74132 399.013
 0.74144 399.02
 0.74156 399.027
 0.74168 399.035
 0.7418 399.043
 0.74192 399.05
 0.74204 399.058
 0.74216 399.066
 0.74228 399.074
 0.7424 399.082
 0.74252 399.091
 0.74264 399.099
 0.74276 399.107
 0.74288 399.116
 0.743 399.124
 0.74312 399.133
 0.74324 399.141
 0.74336 399.15
 0.74348 399.159
 0.7436 399.167
 0.74372 399.176
 0.74384 399.185
 0.74396 399.194
 0.74408 399.202
 0.7442 399.211
 0.74432 399.22
 0.74444 399.229
 0.74456 399.238
 0.74468 399.246
 0.7448 399.255
 0.74492 399.264
 0.74504 399.273
 0.74516 399.281
 0.74528 399.29
 0.7454 399.299
 0.74552 399.308
 0.74564 399.316
 0.74576 399.325
 0.74588 399.334
 0.746 399.343
 0.74612 399.351
 0.74624 399.36
 0.74636 399.369
 0.74648 399.377
 0.7466 399.386
 0.74672 399.395
 0.74684 399.404
 0.74696 399.412
 0.74708 399.421
 0.7472 399.43
 0.74732 399.438
 0.74744 399.447
 0.74756 399.455
 0.74768 399.464
 0.7478 399.472
 0.74792 399.481
 0.74804 399.489
 0.74816 399.498
 0.74828 399.506
 0.7484 399.514
 0.74852 399.522
 0.74864 399.53
 0.74876 399.538
 0.74888 399.546
 0.749 399.554
 0.74912 399.561
 0.74924 399.568
 0.74936 399.575
 0.74948 399.582
 0.7496 399.589
 0.74972 399.595
 0.74984 399.601
 0.74996 399.607
 0.75008 399.613
 0.7502 399.618
 0.75032 399.623
 0.75044 399.628
 0.75056 399.633
 0.75068 399.638
 0.7508 399.643
 0.75092 399.647
 0.75104 399.651
 0.75116 399.655
 0.75128 399.659
 0.7514 399.663
 0.75152 399.667
 0.75164 399.671
 0.75176 399.674
 0.75188 399.678
 0.752 399.681
 0.75212 399.685
 0.75224 399.688
 0.75236 399.692
 0.75248 399.695
 0.7526 399.698
 0.75272 399.702
 0.75284 399.705
 0.75296 399.708
 0.75308 399.711
 0.7532 399.714
 0.75332 399.717
 0.75344 399.72
 0.75356 399.723
 0.75368 399.726
 0.7538 399.729
 0.75392 399.732
 0.75404 399.735
 0.75416 399.738
 0.75428 399.741
 0.7544 399.744
 0.75452 399.747
 0.75464 399.749
 0.75476 399.752
 0.75488 399.755
 0.755 399.758
 0.75512 399.761
 0.75524 399.764
 0.75536 399.767
 0.75548 399.77
 0.7556 399.772
 0.75572 399.775
 0.75584 399.778
 0.75596 399.781
 0.75608 399.784
 0.7562 399.787
 0.75632 399.789
 0.75644 399.792
 0.75656 399.795
 0.75668 399.798
 0.7568 399.8
 0.75692 399.803
 0.75704 399.806
 0.75716 399.808
 0.75728 399.811
 0.7574 399.814
 0.75752 399.816
 0.75764 399.819
 0.75776 399.822
 0.75788 399.825
 0.758 399.828
 0.75812 399.831
 0.75824 399.834
 0.75836 399.838
 0.75848 399.841
 0.7586 399.845
 0.75872 399.849
 0.75884 399.853
 0.75896 399.858
 0.75908 399.862
 0.7592 399.867
 0.75932 399.872
 0.75944 399.878
 0.75956 399.883
 0.75968 399.889
 0.7598 399.895
 0.75992 399.902
 0.76004 399.908
 0.76016 399.915
 0.76028 399.922
 0.7604 399.929
 0.76052 399.936
 0.76064 399.943
 0.76076 399.951
 0.76088 399.958
 0.761 399.966
 0.76112 399.974
 0.76124 399.981
 0.76136 399.989
 0.76148 399.997
 0.7616 400.005
 0.76172 400.013
 0.76184 400.021
 0.76196 400.029
 0.76208 400.037
 0.7622 400.045
 0.76232 400.053
 0.76244 400.062
 0.76256 400.07
 0.76268 400.078
 0.7628 400.086
 0.76292 400.094
 0.76304 400.103
 0.76316 400.111
 0.76328 400.119
 0.7634 400.127
 0.76352 400.136
 0.76364 400.144
 0.76376 400.152
 0.76388 400.161
 0.764 400.169
 0.76412 400.178
 0.76424 400.186
 0.76436 400.195
 0.76448 400.203
 0.7646 400.212
 0.76472 400.22
 0.76484 400.229
 0.76496 400.237
 0.76508 400.246
 0.7652 400.255
 0.76532 400.263
 0.76544 400.272
 0.76556 400.281
 0.76568 400.289
 0.7658 400.298
 0.76592 400.307
 0.76604 400.315
 0.76616 400.324
 0.76628 400.333
 0.7664 400.341
 0.76652 400.35
 0.76664 400.359
 0.76676 400.367
 0.76688 400.376
 0.767 400.384
 0.76712 400.393
 0.76724 400.402
 0.76736 400.41
 0.76748 400.419
 0.7676 400.428
 0.76772 400.436
 0.76784 400.445
 0.76796 400.453
 0.76808 400.462
 0.7682 400.47
 0.76832 400.479
 0.76844 400.487
 0.76856 400.495
 0.76868 400.503
 0.7688 400.511
 0.76892 400.519
 0.76904 400.526
 0.76916 400.534
 0.76928 400.541
 0.7694 400.548
 0.76952 400.555
 0.76964 400.562
 0.76976 400.569
 0.76988 400.575
 0.77 400.582
 0.77012 400.588
 0.77024 400.594
 0.77036 400.601
 0.77048 400.607
 0.7706 400.612
 0.77072 400.618
 0.77084 400.624
 0.77096 400.63
 0.77108 400.635
 0.7712 400.641
 0.77132 400.646
 0.77144 400.651
 0.77156 400.656
 0.77168 400.661
 0.7718 400.666
 0.77192 400.671
 0.77204 400.676
 0.77216 400.681
 0.77228 400.685
 0.7724 400.69
 0.77252 400.695
 0.77264 400.699
 0.77276 400.703
 0.77288 400.708
 0.773 400.712
 0.77312 400.716
 0.77324 400.72
 0.77336 400.725
 0.77348 400.729
 0.7736 400.733
 0.77372 400.737
 0.77384 400.741
 0.77396 400.745
 0.77408 400.749
 0.7742 400.753
 0.77432 400.757
 0.77444 400.761
 0.77456 400.764
 0.77468 400.768
 0.7748 400.772
 0.77492 400.776
 0.77504 400.78
 0.77516 400.783
 0.77528 400.787
 0.7754 400.791
 0.77552 400.794
 0.77564 400.798
 0.77576 400.801
 0.77588 400.805
 0.776 400.808
 0.77612 400.811
 0.77624 400.814
 0.77636 400.818
 0.77648 400.821
 0.7766 400.824
 0.77672 400.827
 0.77684 400.83
 0.77696 400.833
 0.77708 400.836
 0.7772 400.839
 0.77732 400.842
 0.77744 400.845
 0.77756 400.847
 0.77768 400.85
 0.7778 400.853
 0.77792 400.856
 0.77804 400.858
 0.77816 400.861
 0.77828 400.864
 0.7784 400.867
 0.77852 400.869
 0.77864 400.872
 0.77876 400.875
 0.77888 400.878
 0.779 400.881
 0.77912 400.884
 0.77924 400.887
 0.77936 400.89
 0.77948 400.893
 0.7796 400.897
 0.77972 400.901
 0.77984 400.904
 0.77996 400.908
 0.78008 400.912
 0.7802 400.917
 0.78032 400.921
 0.78044 400.925
 0.78056 400.93
 0.78068 400.935
 0.7808 400.939
 0.78092 400.944
 0.78104 400.949
 0.78116 400.954
 0.78128 400.959
 0.7814 400.965
 0.78152 400.97
 0.78164 400.975
 0.78176 400.98
 0.78188 400.986
 0.782 400.991
 0.78212 400.996
 0.78224 401.002
 0.78236 401.007
 0.78248 401.012
 0.7826 401.018
 0.78272 401.023
 0.78284 401.029
 0.78296 401.034
 0.78308 401.04
 0.7832 401.045
 0.78332 401.051
 0.78344 401.056
 0.78356 401.062
 0.78368 401.067
 0.7838 401.073
 0.78392 401.078
 0.78404 401.084
 0.78416 401.089
 0.78428 401.095
 0.7844 401.1
 0.78452 401.105
 0.78464 401.111
 0.78476 401.116
 0.78488 401.121
 0.785 401.126
 0.78512 401.131
 0.78524 401.136
 0.78536 401.141
 0.78548 401.146
 0.7856 401.151
 0.78572 401.155
 0.78584 401.16
 0.78596 401.165
 0.78608 401.169
 0.7862 401.174
 0.78632 401.179
 0.78644 401.183
 0.78656 401.188
 0.78668 401.192
 0.7868 401.197
 0.78692 401.201
 0.78704 401.205
 0.78716 401.21
 0.78728 401.214
 0.7874 401.218
 0.78752 401.223
 0.78764 401.227
 0.78776 401.231
 0.78788 401.235
 0.788 401.238
 0.78812 401.242
 0.78824 401.245
 0.78836 401.249
 0.78848 401.252
 0.7886 401.255
 0.78872 401.257
 0.78884 401.26
 0.78896 401.262
 0.78908 401.264
 0.7892 401.266
 0.78932 401.267
 0.78944 401.268
 0.78956 401.269
 0.78968 401.27
 0.7898 401.27
 0.78992 401.27
 0.79004 401.27
 0.79016 401.27
 0.79028 401.269
 0.7904 401.268
 0.79052 401.267
 0.79064 401.266
 0.79076 401.264
 0.79088 401.263
 0.791 401.261
 0.79112 401.258
 0.79124 401.256
 0.79136 401.253
 0.79148 401.251
 0.7916 401.248
 0.79172 401.245
 0.79184 401.242
 0.79196 401.238
 0.79208 401.235
 0.7922 401.231
 0.79232 401.228
 0.79244 401.224
 0.79256 401.22
 0.79268 401.216
 0.7928 401.211
 0.79292 401.207
 0.79304 401.202
 0.79316 401.198
 0.79328 401.193
 0.7934 401.188
 0.79352 401.183
 0.79364 401.177
 0.79376 401.172
 0.79388 401.166
 0.794 401.16
 0.79412 401.155
 0.79424 401.149
 0.79436 401.142
 0.79448 401.136
 0.7946 401.13
 0.79472 401.123
 0.79484 401.116
 0.79496 401.109
 0.79508 401.102
 0.7952 401.095
 0.79532 401.088
 0.79544 401.08
 0.79556 401.073
 0.79568 401.065
 0.7958 401.057
 0.79592 401.049
 0.79604 401.041
 0.79616 401.033
 0.79628 401.025
 0.7964 401.016
 0.79652 401.008
 0.79664 400.999
 0.79676 400.99
 0.79688 400.981
 0.797 400.972
 0.79712 400.962
 0.79724 400.953
 0.79736 400.943
 0.79748 400.934
 0.7976 400.924
 0.79772 400.914
 0.79784 400.904
 0.79796 400.893
 0.79808 400.883
 0.7982 400.872
 0.79832 400.862
 0.79844 400.851
 0.79856 400.841
 0.79868 400.83
 0.7988 400.819
 0.79892 400.808
 0.79904 400.798
 0.79916 400.787
 0.79928 400.776
 0.7994 400.765
 0.79952 400.754
 0.79964 400.743
 0.79976 400.732
 0.79988 400.721
