 0.2 404.685
 0.20012 404.585
 0.20024 404.485
 0.20036 404.386
 0.20048 404.286
 0.2006 404.187
 0.20072 404.087
 0.20084 403.988
 0.20096 403.889
 0.20108 403.79
 0.2012 403.691
 0.20132 403.592
 0.20144 403.493
 0.20156 403.394
 0.20168 403.295
 0.2018 403.197
 0.20192 403.098
 0.20204 403
 0.20216 402.902
 0.20228 402.804
 0.2024 402.706
 0.20252 402.608
 0.20264 402.51
 0.20276 402.412
 0.20288 402.315
 0.203 402.217
 0.20312 402.12
 0.20324 402.022
 0.20336 401.925
 0.20348 401.827
 0.2036 401.73
 0.20372 401.633
 0.20384 401.536
 0.20396 401.439
 0.20408 401.342
 0.2042 401.245
 0.20432 401.148
 0.20444 401.052
 0.20456 400.956
 0.20468 400.86
 0.2048 400.764
 0.20492 400.668
 0.20504 400.573
 0.20516 400.478
 0.20528 400.383
 0.2054 400.288
 0.20552 400.194
 0.20564 400.099
 0.20576 400.005
 0.20588 399.911
 0.206 399.818
 0.20612 399.724
 0.20624 399.631
 0.20636 399.538
 0.20648 399.445
 0.2066 399.352
 0.20672 399.259
 0.20684 399.167
 0.20696 399.075
 0.20708 398.982
 0.2072 398.89
 0.20732 398.798
 0.20744 398.706
 0.20756 398.615
 0.20768 398.523
 0.2078 398.431
 0.20792 398.34
 0.20804 398.248
 0.20816 398.157
 0.20828 398.065
 0.2084 397.974
 0.20852 397.882
 0.20864 397.791
 0.20876 397.699
 0.20888 397.608
 0.209 397.516
 0.20912 397.425
 0.20924 397.334
 0.20936 397.242
 0.20948 397.151
 0.2096 397.06
 0.20972 396.969
 0.20984 396.878
 0.20996 396.787
 0.21008 396.696
 0.2102 396.605
 0.21032 396.514
 0.21044 396.423
 0.21056 396.332
 0.21068 396.242
 0.2108 396.151
 0.21092 396.061
 0.21104 395.971
 0.21116 395.881
 0.21128 395.791
 0.2114 395.702
 0.21152 395.612
 0.21164 395.523
 0.21176 395.434
 0.21188 395.345
 0.212 395.257
 0.21212 395.168
 0.21224 395.08
 0.21236 394.993
 0.21248 394.905
 0.2126 394.818
 0.21272 394.731
 0.21284 394.645
 0.21296 394.559
 0.21308 394.473
 0.2132 394.387
 0.21332 394.301
 0.21344 394.216
 0.21356 394.131
 0.21368 394.047
 0.2138 393.962
 0.21392 393.878
 0.21404 393.794
 0.21416 393.711
 0.21428 393.628
 0.2144 393.545
 0.21452 393.462
 0.21464 393.379
 0.21476 393.297
 0.21488 393.215
 0.215 393.134
 0.21512 393.052
 0.21524 392.971
 0.21536 392.89
 0.21548 392.81
 0.2156 392.73
 0.21572 392.65
 0.21584 392.57
 0.21596 392.491
 0.21608 392.412
 0.2162 392.334
 0.21632 392.255
 0.21644 392.177
 0.21656 392.1
 0.21668 392.023
 0.2168 391.946
 0.21692 391.869
 0.21704 391.793
 0.21716 391.717
 0.21728 391.641
 0.2174 391.566
 0.21752 391.491
 0.21764 391.416
 0.21776 391.342
 0.21788 391.267
 0.218 391.193
 0.21812 391.119
 0.21824 391.046
 0.21836 390.972
 0.21848 390.899
 0.2186 390.826
 0.21872 390.753
 0.21884 390.681
 0.21896 390.609
 0.21908 390.537
 0.2192 390.465
 0.21932 390.394
 0.21944 390.323
 0.21956 390.252
 0.21968 390.182
 0.2198 390.112
 0.21992 390.042
 0.22004 389.973
 0.22016 389.904
 0.22028 389.835
 0.2204 389.767
 0.22052 389.7
 0.22064 389.633
 0.22076 389.566
 0.22088 389.5
 0.221 389.435
 0.22112 389.37
 0.22124 389.306
 0.22136 389.242
 0.22148 389.178
 0.2216 389.116
 0.22172 389.053
 0.22184 388.992
 0.22196 388.931
 0.22208 388.87
 0.2222 388.81
 0.22232 388.751
 0.22244 388.692
 0.22256 388.634
 0.22268 388.576
 0.2228 388.519
 0.22292 388.463
 0.22304 388.407
 0.22316 388.352
 0.22328 388.298
 0.2234 388.244
 0.22352 388.191
 0.22364 388.138
 0.22376 388.086
 0.22388 388.035
 0.224 387.984
 0.22412 387.934
 0.22424 387.884
 0.22436 387.835
 0.22448 387.787
 0.2246 387.74
 0.22472 387.693
 0.22484 387.647
 0.22496 387.601
 0.22508 387.556
 0.2252 387.512
 0.22532 387.468
 0.22544 387.425
 0.22556 387.383
 0.22568 387.341
 0.2258 387.3
 0.22592 387.259
 0.22604 387.219
 0.22616 387.18
 0.22628 387.141
 0.2264 387.103
 0.22652 387.066
 0.22664 387.029
 0.22676 386.993
 0.22688 386.957
 0.227 386.922
 0.22712 386.887
 0.22724 386.853
 0.22736 386.819
 0.22748 386.786
 0.2276 386.754
 0.22772 386.722
 0.22784 386.69
 0.22796 386.659
 0.22808 386.628
 0.2282 386.598
 0.22832 386.568
 0.22844 386.539
 0.22856 386.51
 0.22868 386.482
 0.2288 386.454
 0.22892 386.426
 0.22904 386.399
 0.22916 386.372
 0.22928 386.346
 0.2294 386.32
 0.22952 386.294
 0.22964 386.269
 0.22976 386.244
 0.22988 386.22
 0.23 386.196
 0.23012 386.172
 0.23024 386.149
 0.23036 386.126
 0.23048 386.103
 0.2306 386.081
 0.23072 386.059
 0.23084 386.037
 0.23096 386.016
 0.23108 385.994
 0.2312 385.974
 0.23132 385.953
 0.23144 385.933
 0.23156 385.913
 0.23168 385.893
 0.2318 385.873
 0.23192 385.853
 0.23204 385.834
 0.23216 385.815
 0.23228 385.795
 0.2324 385.776
 0.23252 385.757
 0.23264 385.738
 0.23276 385.72
 0.23288 385.701
 0.233 385.682
 0.23312 385.664
 0.23324 385.645
 0.23336 385.626
 0.23348 385.608
 0.2336 385.589
 0.23372 385.571
 0.23384 385.552
 0.23396 385.533
 0.23408 385.514
 0.2342 385.495
 0.23432 385.476
 0.23444 385.456
 0.23456 385.437
 0.23468 385.417
 0.2348 385.397
 0.23492 385.376
 0.23504 385.356
 0.23516 385.335
 0.23528 385.314
 0.2354 385.292
 0.23552 385.27
 0.23564 385.248
 0.23576 385.226
 0.23588 385.204
 0.236 385.182
 0.23612 385.159
 0.23624 385.136
 0.23636 385.113
 0.23648 385.09
 0.2366 385.067
 0.23672 385.044
 0.23684 385.02
 0.23696 384.997
 0.23708 384.973
 0.2372 384.95
 0.23732 384.926
 0.23744 384.903
 0.23756 384.88
 0.23768 384.857
 0.2378 384.834
 0.23792 384.812
 0.23804 384.789
 0.23816 384.767
 0.23828 384.745
 0.2384 384.724
 0.23852 384.703
 0.23864 384.682
 0.23876 384.662
 0.23888 384.642
 0.239 384.622
 0.23912 384.603
 0.23924 384.585
 0.23936 384.567
 0.23948 384.549
 0.2396 384.532
 0.23972 384.516
 0.23984 384.5
 0.23996 384.485
 0.24008 384.47
 0.2402 384.455
 0.24032 384.442
 0.24044 384.429
 0.24056 384.416
 0.24068 384.404
 0.2408 384.393
 0.24092 384.383
 0.24104 384.373
 0.24116 384.363
 0.24128 384.355
 0.2414 384.347
 0.24152 384.339
 0.24164 384.333
 0.24176 384.327
 0.24188 384.321
 0.242 384.316
 0.24212 384.312
 0.24224 384.308
 0.24236 384.305
 0.24248 384.303
 0.2426 384.301
 0.24272 384.3
 0.24284 384.299
 0.24296 384.299
 0.24308 384.3
 0.2432 384.301
 0.24332 384.303
 0.24344 384.305
 0.24356 384.308
 0.24368 384.311
 0.2438 384.315
 0.24392 384.32
 0.24404 384.325
 0.24416 384.331
 0.24428 384.338
 0.2444 384.345
 0.24452 384.352
 0.24464 384.361
 0.24476 384.369
 0.24488 384.379
 0.245 384.389
 0.24512 384.4
 0.24524 384.411
 0.24536 384.423
 0.24548 384.436
 0.2456 384.449
 0.24572 384.463
 0.24584 384.477
 0.24596 384.492
 0.24608 384.508
 0.2462 384.524
 0.24632 384.541
 0.24644 384.558
 0.24656 384.576
 0.24668 384.595
 0.2468 384.614
 0.24692 384.633
 0.24704 384.653
 0.24716 384.674
 0.24728 384.695
 0.2474 384.717
 0.24752 384.74
 0.24764 384.763
 0.24776 384.786
 0.24788 384.81
 0.248 384.835
 0.24812 384.86
 0.24824 384.885
 0.24836 384.911
 0.24848 384.938
 0.2486 384.965
 0.24872 384.992
 0.24884 385.02
 0.24896 385.049
 0.24908 385.078
 0.2492 385.107
 0.24932 385.137
 0.24944 385.167
 0.24956 385.197
 0.24968 385.228
 0.2498 385.26
 0.24992 385.291
 0.25004 385.323
 0.25016 385.356
 0.25028 385.389
 0.2504 385.422
 0.25052 385.455
 0.25064 385.488
 0.25076 385.522
 0.25088 385.556
 0.251 385.591
 0.25112 385.625
 0.25124 385.66
 0.25136 385.695
 0.25148 385.731
 0.2516 385.766
 0.25172 385.802
 0.25184 385.838
 0.25196 385.875
 0.25208 385.912
 0.2522 385.949
 0.25232 385.986
 0.25244 386.024
 0.25256 386.062
 0.25268 386.1
 0.2528 386.139
 0.25292 386.178
 0.25304 386.217
 0.25316 386.257
 0.25328 386.296
 0.2534 386.337
 0.25352 386.377
 0.25364 386.418
 0.25376 386.459
 0.25388 386.501
 0.254 386.542
 0.25412 386.584
 0.25424 386.627
 0.25436 386.669
 0.25448 386.712
 0.2546 386.755
 0.25472 386.799
 0.25484 386.842
 0.25496 386.886
 0.25508 386.93
 0.2552 386.974
 0.25532 387.019
 0.25544 387.064
 0.25556 387.108
 0.25568 387.153
 0.2558 387.199
 0.25592 387.244
 0.25604 387.29
 0.25616 387.335
 0.25628 387.381
 0.2564 387.427
 0.25652 387.474
 0.25664 387.52
 0.25676 387.566
 0.25688 387.613
 0.257 387.66
 0.25712 387.707
 0.25724 387.754
 0.25736 387.802
 0.25748 387.85
 0.2576 387.898
 0.25772 387.946
 0.25784 387.994
 0.25796 388.043
 0.25808 388.091
 0.2582 388.14
 0.25832 388.19
 0.25844 388.239
 0.25856 388.289
 0.25868 388.339
 0.2588 388.39
 0.25892 388.44
 0.25904 388.491
 0.25916 388.543
 0.25928 388.594
 0.2594 388.646
 0.25952 388.698
 0.25964 388.751
 0.25976 388.804
 0.25988 388.857
 0.26 388.911
 0.26012 388.964
 0.26024 389.019
 0.26036 389.073
 0.26048 389.128
 0.2606 389.184
 0.26072 389.24
 0.26084 389.296
 0.26096 389.352
 0.26108 389.409
 0.2612 389.467
 0.26132 389.525
 0.26144 389.583
 0.26156 389.642
 0.26168 389.701
 0.2618 389.761
 0.26192 389.822
 0.26204 389.883
 0.26216 389.944
 0.26228 390.006
 0.2624 390.068
 0.26252 390.131
 0.26264 390.195
 0.26276 390.259
 0.26288 390.324
 0.263 390.389
 0.26312 390.455
 0.26324 390.522
 0.26336 390.589
 0.26348 390.657
 0.2636 390.726
 0.26372 390.795
 0.26384 390.865
 0.26396 390.936
 0.26408 391.007
 0.2642 391.08
 0.26432 391.153
 0.26444 391.226
 0.26456 391.301
 0.26468 391.377
 0.2648 391.453
 0.26492 391.53
 0.26504 391.608
 0.26516 391.687
 0.26528 391.767
 0.2654 391.847
 0.26552 391.929
 0.26564 392.011
 0.26576 392.094
 0.26588 392.178
 0.266 392.262
 0.26612 392.348
 0.26624 392.434
 0.26636 392.521
 0.26648 392.608
 0.2666 392.697
 0.26672 392.786
 0.26684 392.876
 0.26696 392.966
 0.26708 393.058
 0.2672 393.149
 0.26732 393.242
 0.26744 393.335
 0.26756 393.428
 0.26768 393.522
 0.2678 393.616
 0.26792 393.711
 0.26804 393.806
 0.26816 393.902
 0.26828 393.997
 0.2684 394.093
 0.26852 394.19
 0.26864 394.286
 0.26876 394.383
 0.26888 394.48
 0.269 394.577
 0.26912 394.674
 0.26924 394.772
 0.26936 394.869
 0.26948 394.967
 0.2696 395.064
 0.26972 395.162
 0.26984 395.26
 0.26996 395.357
 0.27008 395.455
 0.2702 395.552
 0.27032 395.65
 0.27044 395.747
 0.27056 395.845
 0.27068 395.942
 0.2708 396.039
 0.27092 396.137
 0.27104 396.234
 0.27116 396.33
 0.27128 396.427
 0.2714 396.524
 0.27152 396.62
 0.27164 396.716
 0.27176 396.812
 0.27188 396.908
 0.272 397.004
 0.27212 397.1
 0.27224 397.196
 0.27236 397.291
 0.27248 397.387
 0.2726 397.482
 0.27272 397.578
 0.27284 397.673
 0.27296 397.769
 0.27308 397.864
 0.2732 397.959
 0.27332 398.054
 0.27344 398.15
 0.27356 398.245
 0.27368 398.34
 0.2738 398.435
 0.27392 398.53
 0.27404 398.625
 0.27416 398.72
 0.27428 398.815
 0.2744 398.91
 0.27452 399.005
 0.27464 399.099
 0.27476 399.194
 0.27488 399.288
 0.275 399.383
 0.27512 399.477
 0.27524 399.571
 0.27536 399.665
 0.27548 399.758
 0.2756 399.852
 0.27572 399.945
 0.27584 400.038
 0.27596 400.131
 0.27608 400.224
 0.2762 400.317
 0.27632 400.41
 0.27644 400.502
 0.27656 400.594
 0.27668 400.687
 0.2768 400.779
 0.27692 400.871
 0.27704 400.963
 0.27716 401.054
 0.27728 401.146
 0.2774 401.238
 0.27752 401.329
 0.27764 401.42
 0.27776 401.512
 0.27788 401.603
 0.278 401.694
 0.27812 401.785
 0.27824 401.876
 0.27836 401.967
 0.27848 402.058
 0.2786 402.148
 0.27872 402.239
 0.27884 402.329
 0.27896 402.419
 0.27908 402.509
 0.2792 402.599
 0.27932 402.689
 0.27944 402.779
 0.27956 402.868
 0.27968 402.957
 0.2798 403.046
 0.27992 403.134
 0.28004 403.223
 0.28016 403.311
 0.28028 403.398
 0.2804 403.486
 0.28052 403.573
 0.28064 403.66
 0.28076 403.747
 0.28088 403.833
 0.281 403.919
 0.28112 404.005
 0.28124 404.09
 0.28136 404.176
 0.28148 404.261
 0.2816 404.345
 0.28172 404.429
 0.28184 404.513
 0.28196 404.596
 0.28208 404.679
 0.2822 404.762
 0.28232 404.844
 0.28244 404.926
 0.28256 405.007
 0.28268 405.088
 0.2828 405.168
 0.28292 405.248
 0.28304 405.328
 0.28316 405.407
 0.28328 405.485
 0.2834 405.563
 0.28352 405.641
 0.28364 405.718
 0.28376 405.795
 0.28388 405.871
 0.284 405.946
 0.28412 406.022
 0.28424 406.096
 0.28436 406.171
 0.28448 406.245
 0.2846 406.318
 0.28472 406.392
 0.28484 406.464
 0.28496 406.537
 0.28508 406.609
 0.2852 406.681
 0.28532 406.752
 0.28544 406.823
 0.28556 406.894
 0.28568 406.965
 0.2858 407.035
 0.28592 407.105
 0.28604 407.174
 0.28616 407.244
 0.28628 407.313
 0.2864 407.382
 0.28652 407.45
 0.28664 407.519
 0.28676 407.587
 0.28688 407.655
 0.287 407.722
 0.28712 407.79
 0.28724 407.857
 0.28736 407.924
 0.28748 407.991
 0.2876 408.057
 0.28772 408.124
 0.28784 408.19
 0.28796 408.256
 0.28808 408.321
 0.2882 408.387
 0.28832 408.452
 0.28844 408.517
 0.28856 408.582
 0.28868 408.646
 0.2888 408.711
 0.28892 408.775
 0.28904 408.839
 0.28916 408.903
 0.28928 408.966
 0.2894 409.029
 0.28952 409.093
 0.28964 409.156
 0.28976 409.219
 0.28988 409.281
 0.29 409.344
 0.29012 409.406
 0.29024 409.468
 0.29036 409.53
 0.29048 409.592
 0.2906 409.653
 0.29072 409.715
 0.29084 409.776
 0.29096 409.837
 0.29108 409.898
 0.2912 409.959
 0.29132 410.019
 0.29144 410.08
 0.29156 410.14
 0.29168 410.2
 0.2918 410.26
 0.29192 410.32
 0.29204 410.38
 0.29216 410.439
 0.29228 410.499
 0.2924 410.558
 0.29252 410.617
 0.29264 410.676
 0.29276 410.735
 0.29288 410.794
 0.293 410.852
 0.29312 410.911
 0.29324 410.969
 0.29336 411.027
 0.29348 411.085
 0.2936 411.142
 0.29372 411.2
 0.29384 411.257
 0.29396 411.313
 0.29408 411.37
 0.2942 411.426
 0.29432 411.482
 0.29444 411.538
 0.29456 411.594
 0.29468 411.649
 0.2948 411.704
 0.29492 411.758
 0.29504 411.812
 0.29516 411.866
 0.29528 411.919
 0.2954 411.972
 0.29552 412.025
 0.29564 412.078
 0.29576 412.13
 0.29588 412.181
 0.296 412.232
 0.29612 412.283
 0.29624 412.334
 0.29636 412.384
 0.29648 412.433
 0.2966 412.482
 0.29672 412.531
 0.29684 412.579
 0.29696 412.627
 0.29708 412.675
 0.2972 412.722
 0.29732 412.768
 0.29744 412.815
 0.29756 412.861
 0.29768 412.906
 0.2978 412.951
 0.29792 412.996
 0.29804 413.041
 0.29816 413.085
 0.29828 413.129
 0.2984 413.173
 0.29852 413.216
 0.29864 413.26
 0.29876 413.302
 0.29888 413.345
 0.299 413.388
 0.29912 413.43
 0.29924 413.472
 0.29936 413.514
 0.29948 413.555
 0.2996 413.596
 0.29972 413.638
 0.29984 413.679
 0.29996 413.72
 0.30008 413.76
 0.3002 413.801
 0.30032 413.841
 0.30044 413.881
 0.30056 413.921
 0.30068 413.961
 0.3008 414
 0.30092 414.04
 0.30104 414.079
 0.30116 414.119
 0.30128 414.158
 0.3014 414.197
 0.30152 414.236
 0.30164 414.274
 0.30176 414.313
 0.30188 414.351
 0.302 414.389
 0.30212 414.428
 0.30224 414.465
 0.30236 414.503
 0.30248 414.54
 0.3026 414.577
 0.30272 414.614
 0.30284 414.651
 0.30296 414.687
 0.30308 414.723
 0.3032 414.759
 0.30332 414.795
 0.30344 414.83
 0.30356 414.865
 0.30368 414.9
 0.3038 414.934
 0.30392 414.968
 0.30404 415.002
 0.30416 415.036
 0.30428 415.069
 0.3044 415.103
 0.30452 415.136
 0.30464 415.169
 0.30476 415.202
 0.30488 415.235
 0.305 415.268
 0.30512 415.3
 0.30524 415.333
 0.30536 415.366
 0.30548 415.398
 0.3056 415.43
 0.30572 415.463
 0.30584 415.495
 0.30596 415.528
 0.30608 415.56
 0.3062 415.593
 0.30632 415.625
 0.30644 415.657
 0.30656 415.69
 0.30668 415.722
 0.3068 415.755
 0.30692 415.787
 0.30704 415.82
 0.30716 415.853
 0.30728 415.885
 0.3074 415.918
 0.30752 415.951
 0.30764 415.984
 0.30776 416.017
 0.30788 416.05
 0.308 416.083
 0.30812 416.117
 0.30824 416.15
 0.30836 416.184
 0.30848 416.217
 0.3086 416.251
 0.30872 416.285
 0.30884 416.32
 0.30896 416.354
 0.30908 416.389
 0.3092 416.424
 0.30932 416.46
 0.30944 416.496
 0.30956 416.532
 0.30968 416.569
 0.3098 416.606
 0.30992 416.644
 0.31004 416.682
 0.31016 416.72
 0.31028 416.76
 0.3104 416.799
 0.31052 416.839
 0.31064 416.88
 0.31076 416.921
 0.31088 416.962
 0.311 417.004
 0.31112 417.047
 0.31124 417.09
 0.31136 417.133
 0.31148 417.177
 0.3116 417.221
 0.31172 417.266
 0.31184 417.311
 0.31196 417.357
 0.31208 417.403
 0.3122 417.45
 0.31232 417.497
 0.31244 417.544
 0.31256 417.592
 0.31268 417.64
 0.3128 417.689
 0.31292 417.738
 0.31304 417.787
 0.31316 417.837
 0.31328 417.887
 0.3134 417.937
 0.31352 417.988
 0.31364 418.039
 0.31376 418.09
 0.31388 418.142
 0.314 418.194
 0.31412 418.246
 0.31424 418.298
 0.31436 418.351
 0.31448 418.403
 0.3146 418.456
 0.31472 418.509
 0.31484 418.563
 0.31496 418.616
 0.31508 418.67
 0.3152 418.723
 0.31532 418.777
 0.31544 418.831
 0.31556 418.885
 0.31568 418.939
 0.3158 418.994
 0.31592 419.048
 0.31604 419.102
 0.31616 419.156
 0.31628 419.211
 0.3164 419.265
 0.31652 419.319
 0.31664 419.373
 0.31676 419.427
 0.31688 419.481
 0.317 419.535
 0.31712 419.589
 0.31724 419.642
 0.31736 419.696
 0.31748 419.749
 0.3176 419.802
 0.31772 419.854
 0.31784 419.907
 0.31796 419.959
 0.31808 420.011
 0.3182 420.063
 0.31832 420.114
 0.31844 420.165
 0.31856 420.216
 0.31868 420.266
 0.3188 420.316
 0.31892 420.366
 0.31904 420.415
 0.31916 420.464
 0.31928 420.512
 0.3194 420.56
 0.31952 420.607
 0.31964 420.654
 0.31976 420.701
 0.31988 420.747
 0.32 420.792
 0.32012 420.837
 0.32024 420.881
 0.32036 420.925
 0.32048 420.968
 0.3206 421.01
 0.32072 421.052
 0.32084 421.093
 0.32096 421.134
 0.32108 421.174
 0.3212 421.213
 0.32132 421.251
 0.32144 421.289
 0.32156 421.326
 0.32168 421.363
 0.3218 421.398
 0.32192 421.433
 0.32204 421.467
 0.32216 421.5
 0.32228 421.533
 0.3224 421.564
 0.32252 421.595
 0.32264 421.625
 0.32276 421.654
 0.32288 421.682
 0.323 421.71
 0.32312 421.736
 0.32324 421.762
 0.32336 421.787
 0.32348 421.81
 0.3236 421.834
 0.32372 421.856
 0.32384 421.877
 0.32396 421.897
 0.32408 421.917
 0.3242 421.936
 0.32432 421.954
 0.32444 421.971
 0.32456 421.987
 0.32468 422.002
 0.3248 422.017
 0.32492 422.03
 0.32504 422.043
 0.32516 422.055
 0.32528 422.066
 0.3254 422.076
 0.32552 422.085
 0.32564 422.094
 0.32576 422.101
 0.32588 422.108
 0.326 422.114
 0.32612 422.119
 0.32624 422.123
 0.32636 422.127
 0.32648 422.129
 0.3266 422.131
 0.32672 422.132
 0.32684 422.133
 0.32696 422.132
 0.32708 422.131
 0.3272 422.129
 0.32732 422.126
 0.32744 422.122
 0.32756 422.117
 0.32768 422.112
 0.3278 422.105
 0.32792 422.098
 0.32804 422.09
 0.32816 422.081
 0.32828 422.07
 0.3284 422.059
 0.32852 422.047
 0.32864 422.034
 0.32876 422.02
 0.32888 422.005
 0.329 421.989
 0.32912 421.972
 0.32924 421.954
 0.32936 421.934
 0.32948 421.914
 0.3296 421.893
 0.32972 421.871
 0.32984 421.847
 0.32996 421.823
 0.33008 421.797
 0.3302 421.771
 0.33032 421.743
 0.33044 421.714
 0.33056 421.684
 0.33068 421.653
 0.3308 421.62
 0.33092 421.587
 0.33104 421.552
 0.33116 421.516
 0.33128 421.479
 0.3314 421.441
 0.33152 421.402
 0.33164 421.361
 0.33176 421.319
 0.33188 421.276
 0.332 421.231
 0.33212 421.186
 0.33224 421.139
 0.33236 421.091
 0.33248 421.041
 0.3326 420.99
 0.33272 420.938
 0.33284 420.885
 0.33296 420.831
 0.33308 420.775
 0.3332 420.718
 0.33332 420.659
 0.33344 420.599
 0.33356 420.538
 0.33368 420.476
 0.3338 420.412
 0.33392 420.346
 0.33404 420.28
 0.33416 420.211
 0.33428 420.142
 0.3344 420.071
 0.33452 419.998
 0.33464 419.924
 0.33476 419.848
 0.33488 419.771
 0.335 419.692
 0.33512 419.612
 0.33524 419.529
 0.33536 419.446
 0.33548 419.36
 0.3356 419.273
 0.33572 419.184
 0.33584 419.094
 0.33596 419.002
 0.33608 418.908
 0.3362 418.812
 0.33632 418.715
 0.33644 418.616
 0.33656 418.515
 0.33668 418.412
 0.3368 418.308
 0.33692 418.201
 0.33704 418.093
 0.33716 417.983
 0.33728 417.871
 0.3374 417.757
 0.33752 417.642
 0.33764 417.524
 0.33776 417.405
 0.33788 417.284
 0.338 417.161
 0.33812 417.035
 0.33824 416.908
 0.33836 416.779
 0.33848 416.649
 0.3386 416.516
 0.33872 416.381
 0.33884 416.244
 0.33896 416.105
 0.33908 415.964
 0.3392 415.821
 0.33932 415.676
 0.33944 415.529
 0.33956 415.379
 0.33968 415.228
 0.3398 415.074
 0.33992 414.918
 0.34004 414.76
 0.34016 414.6
 0.34028 414.438
 0.3404 414.273
 0.34052 414.106
 0.34064 413.937
 0.34076 413.766
 0.34088 413.593
 0.341 413.418
 0.34112 413.241
 0.34124 413.062
 0.34136 412.88
 0.34148 412.697
 0.3416 412.511
 0.34172 412.324
 0.34184 412.135
 0.34196 411.944
 0.34208 411.751
 0.3422 411.556
 0.34232 411.359
 0.34244 411.16
 0.34256 410.96
 0.34268 410.758
 0.3428 410.554
 0.34292 410.349
 0.34304 410.142
 0.34316 409.933
 0.34328 409.722
 0.3434 409.51
 0.34352 409.297
 0.34364 409.081
 0.34376 408.865
 0.34388 408.647
 0.344 408.427
 0.34412 408.206
 0.34424 407.983
 0.34436 407.759
 0.34448 407.533
 0.3446 407.306
 0.34472 407.078
 0.34484 406.848
 0.34496 406.617
 0.34508 406.384
 0.3452 406.15
 0.34532 405.914
 0.34544 405.677
 0.34556 405.439
 0.34568 405.199
 0.3458 404.958
 0.34592 404.716
 0.34604 404.472
 0.34616 404.227
 0.34628 403.981
 0.3464 403.733
 0.34652 403.484
 0.34664 403.234
 0.34676 402.983
 0.34688 402.731
 0.347 402.477
 0.34712 402.222
 0.34724 401.966
 0.34736 401.709
 0.34748 401.451
 0.3476 401.192
 0.34772 400.932
 0.34784 400.67
 0.34796 400.408
 0.34808 400.145
 0.3482 399.88
 0.34832 399.615
 0.34844 399.349
 0.34856 399.082
 0.34868 398.814
 0.3488 398.545
 0.34892 398.275
 0.34904 398.005
 0.34916 397.734
 0.34928 397.462
 0.3494 397.189
 0.34952 396.916
 0.34964 396.641
 0.34976 396.366
 0.34988 396.091
 0.35 395.814
 0.35012 395.538
 0.35024 395.26
 0.35036 394.982
 0.35048 394.703
 0.3506 394.423
 0.35072 394.143
 0.35084 393.863
 0.35096 393.582
 0.35108 393.3
 0.3512 393.018
 0.35132 392.735
 0.35144 392.452
 0.35156 392.168
 0.35168 391.884
 0.3518 391.6
 0.35192 391.315
 0.35204 391.029
 0.35216 390.744
 0.35228 390.458
 0.3524 390.171
 0.35252 389.885
 0.35264 389.598
 0.35276 389.311
 0.35288 389.023
 0.353 388.735
 0.35312 388.447
 0.35324 388.159
 0.35336 387.87
 0.35348 387.582
 0.3536 387.293
 0.35372 387.004
 0.35384 386.714
 0.35396 386.425
 0.35408 386.135
 0.3542 385.845
 0.35432 385.555
 0.35444 385.265
 0.35456 384.975
 0.35468 384.685
 0.3548 384.394
 0.35492 384.104
 0.35504 383.813
 0.35516 383.523
 0.35528 383.232
 0.3554 382.942
 0.35552 382.651
 0.35564 382.361
 0.35576 382.07
 0.35588 381.78
 0.356 381.489
 0.35612 381.199
 0.35624 380.909
 0.35636 380.618
 0.35648 380.328
 0.3566 380.038
 0.35672 379.748
 0.35684 379.458
 0.35696 379.169
 0.35708 378.879
 0.3572 378.59
 0.35732 378.301
 0.35744 378.012
 0.35756 377.724
 0.35768 377.436
 0.3578 377.149
 0.35792 376.862
 0.35804 376.575
 0.35816 376.289
 0.35828 376.004
 0.3584 375.719
 0.35852 375.434
 0.35864 375.151
 0.35876 374.868
 0.35888 374.586
 0.359 374.304
 0.35912 374.024
 0.35924 373.744
 0.35936 373.465
 0.35948 373.187
 0.3596 372.91
 0.35972 372.634
 0.35984 372.359
 0.35996 372.085
 0.36008 371.812
 0.3602 371.54
 0.36032 371.269
 0.36044 371
 0.36056 370.731
 0.36068 370.464
 0.3608 370.198
 0.36092 369.933
 0.36104 369.669
 0.36116 369.407
 0.36128 369.146
 0.3614 368.887
 0.36152 368.628
 0.36164 368.372
 0.36176 368.117
 0.36188 367.863
 0.362 367.612
 0.36212 367.361
 0.36224 367.113
 0.36236 366.866
 0.36248 366.621
 0.3626 366.377
 0.36272 366.136
 0.36284 365.896
 0.36296 365.658
 0.36308 365.422
 0.3632 365.188
 0.36332 364.956
 0.36344 364.726
 0.36356 364.498
 0.36368 364.272
 0.3638 364.048
 0.36392 363.826
 0.36404 363.606
 0.36416 363.388
 0.36428 363.173
 0.3644 362.96
 0.36452 362.749
 0.36464 362.54
 0.36476 362.334
 0.36488 362.13
 0.365 361.929
 0.36512 361.73
 0.36524 361.533
 0.36536 361.338
 0.36548 361.147
 0.3656 360.957
 0.36572 360.77
 0.36584 360.586
 0.36596 360.403
 0.36608 360.224
 0.3662 360.047
 0.36632 359.872
 0.36644 359.7
 0.36656 359.53
 0.36668 359.363
 0.3668 359.198
 0.36692 359.036
 0.36704 358.877
 0.36716 358.72
 0.36728 358.565
 0.3674 358.413
 0.36752 358.263
 0.36764 358.117
 0.36776 357.972
 0.36788 357.83
 0.368 357.691
 0.36812 357.554
 0.36824 357.42
 0.36836 357.289
 0.36848 357.16
 0.3686 357.033
 0.36872 356.909
 0.36884 356.788
 0.36896 356.669
 0.36908 356.553
 0.3692 356.439
 0.36932 356.328
 0.36944 356.22
 0.36956 356.114
 0.36968 356.011
 0.3698 355.911
 0.36992 355.813
 0.37004 355.718
 0.37016 355.625
 0.37028 355.535
 0.3704 355.448
 0.37052 355.364
 0.37064 355.282
 0.37076 355.202
 0.37088 355.125
 0.371 355.051
 0.37112 354.98
 0.37124 354.911
 0.37136 354.844
 0.37148 354.78
 0.3716 354.719
 0.37172 354.66
 0.37184 354.603
 0.37196 354.549
 0.37208 354.498
 0.3722 354.449
 0.37232 354.402
 0.37244 354.357
 0.37256 354.316
 0.37268 354.276
 0.3728 354.239
 0.37292 354.204
 0.37304 354.172
 0.37316 354.141
 0.37328 354.114
 0.3734 354.088
 0.37352 354.065
 0.37364 354.044
 0.37376 354.025
 0.37388 354.009
 0.374 353.994
 0.37412 353.983
 0.37424 353.973
 0.37436 353.966
 0.37448 353.961
 0.3746 353.958
 0.37472 353.958
 0.37484 353.96
 0.37496 353.965
 0.37508 353.972
 0.3752 353.981
 0.37532 353.993
 0.37544 354.007
 0.37556 354.024
 0.37568 354.043
 0.3758 354.065
 0.37592 354.089
 0.37604 354.115
 0.37616 354.145
 0.37628 354.176
 0.3764 354.211
 0.37652 354.248
 0.37664 354.287
 0.37676 354.329
 0.37688 354.373
 0.377 354.421
 0.37712 354.47
 0.37724 354.523
 0.37736 354.577
 0.37748 354.635
 0.3776 354.695
 0.37772 354.757
 0.37784 354.823
 0.37796 354.89
 0.37808 354.961
 0.3782 355.034
 0.37832 355.109
 0.37844 355.188
 0.37856 355.268
 0.37868 355.352
 0.3788 355.437
 0.37892 355.526
 0.37904 355.617
 0.37916 355.71
 0.37928 355.806
 0.3794 355.904
 0.37952 356.005
 0.37964 356.108
 0.37976 356.214
 0.37988 356.323
 0.38 356.434
 0.38012 356.547
 0.38024 356.663
 0.38036 356.782
 0.38048 356.903
 0.3806 357.026
 0.38072 357.152
 0.38084 357.281
 0.38096 357.412
 0.38108 357.545
 0.3812 357.681
 0.38132 357.82
 0.38144 357.961
 0.38156 358.105
 0.38168 358.25
 0.3818 358.399
 0.38192 358.55
 0.38204 358.703
 0.38216 358.859
 0.38228 359.017
 0.3824 359.178
 0.38252 359.341
 0.38264 359.506
 0.38276 359.673
 0.38288 359.843
 0.383 360.016
 0.38312 360.191
 0.38324 360.368
 0.38336 360.547
 0.38348 360.729
 0.3836 360.912
 0.38372 361.099
 0.38384 361.287
 0.38396 361.478
 0.38408 361.671
 0.3842 361.867
 0.38432 362.064
 0.38444 362.264
 0.38456 362.466
 0.38468 362.67
 0.3848 362.877
 0.38492 363.086
 0.38504 363.296
 0.38516 363.509
 0.38528 363.724
 0.3854 363.942
 0.38552 364.161
 0.38564 364.383
 0.38576 364.606
 0.38588 364.832
 0.386 365.06
 0.38612 365.289
 0.38624 365.521
 0.38636 365.755
 0.38648 365.991
 0.3866 366.229
 0.38672 366.469
 0.38684 366.711
 0.38696 366.955
 0.38708 367.2
 0.3872 367.448
 0.38732 367.697
 0.38744 367.948
 0.38756 368.201
 0.38768 368.456
 0.3878 368.713
 0.38792 368.971
 0.38804 369.231
 0.38816 369.492
 0.38828 369.755
 0.3884 370.019
 0.38852 370.285
 0.38864 370.552
 0.38876 370.821
 0.38888 371.091
 0.389 371.362
 0.38912 371.635
 0.38924 371.909
 0.38936 372.184
 0.38948 372.46
 0.3896 372.738
 0.38972 373.016
 0.38984 373.296
 0.38996 373.576
 0.39008 373.858
 0.3902 374.141
 0.39032 374.424
 0.39044 374.709
 0.39056 374.994
 0.39068 375.28
 0.3908 375.567
 0.39092 375.854
 0.39104 376.143
 0.39116 376.432
 0.39128 376.721
 0.3914 377.012
 0.39152 377.302
 0.39164 377.593
 0.39176 377.885
 0.39188 378.177
 0.392 378.469
 0.39212 378.762
 0.39224 379.054
 0.39236 379.347
 0.39248 379.64
 0.3926 379.933
 0.39272 380.226
 0.39284 380.52
 0.39296 380.813
 0.39308 381.106
 0.3932 381.399
 0.39332 381.692
 0.39344 381.984
 0.39356 382.277
 0.39368 382.569
 0.3938 382.861
 0.39392 383.153
 0.39404 383.444
 0.39416 383.735
 0.39428 384.026
 0.3944 384.316
 0.39452 384.606
 0.39464 384.895
 0.39476 385.184
 0.39488 385.472
 0.395 385.76
 0.39512 386.047
 0.39524 386.334
 0.39536 386.62
 0.39548 386.905
 0.3956 387.19
 0.39572 387.474
 0.39584 387.758
 0.39596 388.041
 0.39608 388.324
 0.3962 388.606
 0.39632 388.888
 0.39644 389.169
 0.39656 389.449
 0.39668 389.729
 0.3968 390.009
 0.39692 390.288
 0.39704 390.566
 0.39716 390.844
 0.39728 391.122
 0.3974 391.399
 0.39752 391.676
 0.39764 391.952
 0.39776 392.227
 0.39788 392.503
 0.398 392.777
 0.39812 393.052
 0.39824 393.326
 0.39836 393.599
 0.39848 393.872
 0.3986 394.145
 0.39872 394.417
 0.39884 394.689
 0.39896 394.961
 0.39908 395.232
 0.3992 395.503
 0.39932 395.773
 0.39944 396.043
 0.39956 396.313
 0.39968 396.582
 0.3998 396.851
 0.39992 397.119
 0.40004 397.387
 0.40016 397.655
 0.40028 397.922
 0.4004 398.189
 0.40052 398.455
 0.40064 398.721
 0.40076 398.987
 0.40088 399.252
 0.401 399.516
 0.40112 399.781
 0.40124 400.044
 0.40136 400.307
 0.40148 400.57
 0.4016 400.832
 0.40172 401.093
 0.40184 401.354
 0.40196 401.614
 0.40208 401.874
 0.4022 402.133
 0.40232 402.392
 0.40244 402.65
 0.40256 402.907
 0.40268 403.164
 0.4028 403.42
 0.40292 403.675
 0.40304 403.93
 0.40316 404.184
 0.40328 404.437
 0.4034 404.69
 0.40352 404.941
 0.40364 405.193
 0.40376 405.443
 0.40388 405.693
 0.404 405.941
 0.40412 406.189
 0.40424 406.437
 0.40436 406.683
 0.40448 406.928
 0.4046 407.173
 0.40472 407.416
 0.40484 407.659
 0.40496 407.9
 0.40508 408.141
 0.4052 408.381
 0.40532 408.619
 0.40544 408.856
 0.40556 409.092
 0.40568 409.327
 0.4058 409.561
 0.40592 409.794
 0.40604 410.025
 0.40616 410.255
 0.40628 410.483
 0.4064 410.71
 0.40652 410.936
 0.40664 411.16
 0.40676 411.383
 0.40688 411.605
 0.407 411.825
 0.40712 412.044
 0.40724 412.261
 0.40736 412.476
 0.40748 412.69
 0.4076 412.903
 0.40772 413.114
 0.40784 413.323
 0.40796 413.53
 0.40808 413.736
 0.4082 413.941
 0.40832 414.143
 0.40844 414.344
 0.40856 414.543
 0.40868 414.741
 0.4088 414.937
 0.40892 415.131
 0.40904 415.324
 0.40916 415.515
 0.40928 415.704
 0.4094 415.892
 0.40952 416.078
 0.40964 416.262
 0.40976 416.445
 0.40988 416.625
 0.41 416.804
 0.41012 416.982
 0.41024 417.157
 0.41036 417.331
 0.41048 417.503
 0.4106 417.674
 0.41072 417.842
 0.41084 418.009
 0.41096 418.174
 0.41108 418.338
 0.4112 418.499
 0.41132 418.659
 0.41144 418.817
 0.41156 418.974
 0.41168 419.128
 0.4118 419.281
 0.41192 419.432
 0.41204 419.582
 0.41216 419.73
 0.41228 419.876
 0.4124 420.02
 0.41252 420.163
 0.41264 420.304
 0.41276 420.443
 0.41288 420.581
 0.413 420.717
 0.41312 420.851
 0.41324 420.984
 0.41336 421.115
 0.41348 421.245
 0.4136 421.373
 0.41372 421.499
 0.41384 421.623
 0.41396 421.746
 0.41408 421.867
 0.4142 421.986
 0.41432 422.104
 0.41444 422.219
 0.41456 422.334
 0.41468 422.446
 0.4148 422.557
 0.41492 422.666
 0.41504 422.773
 0.41516 422.878
 0.41528 422.982
 0.4154 423.084
 0.41552 423.184
 0.41564 423.282
 0.41576 423.378
 0.41588 423.473
 0.416 423.566
 0.41612 423.657
 0.41624 423.746
 0.41636 423.833
 0.41648 423.918
 0.4166 424.001
 0.41672 424.083
 0.41684 424.163
 0.41696 424.241
 0.41708 424.316
 0.4172 424.391
 0.41732 424.463
 0.41744 424.533
 0.41756 424.602
 0.41768 424.668
 0.4178 424.733
 0.41792 424.796
 0.41804 424.857
 0.41816 424.916
 0.41828 424.973
 0.4184 425.029
 0.41852 425.082
 0.41864 425.134
 0.41876 425.184
 0.41888 425.233
 0.419 425.279
 0.41912 425.324
 0.41924 425.367
 0.41936 425.408
 0.41948 425.447
 0.4196 425.485
 0.41972 425.521
 0.41984 425.555
 0.41996 425.587
 0.42008 425.618
 0.4202 425.647
 0.42032 425.675
 0.42044 425.701
 0.42056 425.725
 0.42068 425.747
 0.4208 425.768
 0.42092 425.788
 0.42104 425.805
 0.42116 425.822
 0.42128 425.836
 0.4214 425.85
 0.42152 425.861
 0.42164 425.872
 0.42176 425.881
 0.42188 425.888
 0.422 425.894
 0.42212 425.899
 0.42224 425.903
 0.42236 425.905
 0.42248 425.906
 0.4226 425.906
 0.42272 425.905
 0.42284 425.902
 0.42296 425.898
 0.42308 425.893
 0.4232 425.887
 0.42332 425.88
 0.42344 425.872
 0.42356 425.863
 0.42368 425.852
 0.4238 425.841
 0.42392 425.828
 0.42404 425.814
 0.42416 425.799
 0.42428 425.784
 0.4244 425.767
 0.42452 425.749
 0.42464 425.73
 0.42476 425.71
 0.42488 425.689
 0.425 425.667
 0.42512 425.644
 0.42524 425.62
 0.42536 425.594
 0.42548 425.568
 0.4256 425.541
 0.42572 425.513
 0.42584 425.483
 0.42596 425.452
 0.42608 425.421
 0.4262 425.388
 0.42632 425.354
 0.42644 425.318
 0.42656 425.282
 0.42668 425.244
 0.4268 425.206
 0.42692 425.165
 0.42704 425.124
 0.42716 425.081
 0.42728 425.038
 0.4274 424.992
 0.42752 424.946
 0.42764 424.898
 0.42776 424.849
 0.42788 424.798
 0.428 424.747
 0.42812 424.693
 0.42824 424.639
 0.42836 424.583
 0.42848 424.526
 0.4286 424.467
 0.42872 424.407
 0.42884 424.346
 0.42896 424.283
 0.42908 424.219
 0.4292 424.153
 0.42932 424.086
 0.42944 424.018
 0.42956 423.948
 0.42968 423.877
 0.4298 423.805
 0.42992 423.731
 0.43004 423.656
 0.43016 423.58
 0.43028 423.502
 0.4304 423.423
 0.43052 423.343
 0.43064 423.261
 0.43076 423.179
 0.43088 423.095
 0.431 423.01
 0.43112 422.924
 0.43124 422.837
 0.43136 422.749
 0.43148 422.66
 0.4316 422.571
 0.43172 422.48
 0.43184 422.389
 0.43196 422.297
 0.43208 422.204
 0.4322 422.11
 0.43232 422.015
 0.43244 421.92
 0.43256 421.824
 0.43268 421.728
 0.4328 421.631
 0.43292 421.533
 0.43304 421.434
 0.43316 421.335
 0.43328 421.235
 0.4334 421.135
 0.43352 421.034
 0.43364 420.933
 0.43376 420.831
 0.43388 420.728
 0.434 420.625
 0.43412 420.522
 0.43424 420.418
 0.43436 420.313
 0.43448 420.208
 0.4346 420.103
 0.43472 419.997
 0.43484 419.89
 0.43496 419.783
 0.43508 419.676
 0.4352 419.568
 0.43532 419.46
 0.43544 419.352
 0.43556 419.243
 0.43568 419.134
 0.4358 419.024
 0.43592 418.914
 0.43604 418.804
 0.43616 418.694
 0.43628 418.583
 0.4364 418.472
 0.43652 418.361
 0.43664 418.249
 0.43676 418.137
 0.43688 418.025
 0.437 417.913
 0.43712 417.8
 0.43724 417.688
 0.43736 417.575
 0.43748 417.462
 0.4376 417.348
 0.43772 417.235
 0.43784 417.121
 0.43796 417.007
 0.43808 416.894
 0.4382 416.78
 0.43832 416.665
 0.43844 416.551
 0.43856 416.437
 0.43868 416.322
 0.4388 416.208
 0.43892 416.093
 0.43904 415.978
 0.43916 415.863
 0.43928 415.748
 0.4394 415.633
 0.43952 415.517
 0.43964 415.402
 0.43976 415.286
 0.43988 415.17
 0.44 415.054
 0.44012 414.938
 0.44024 414.822
 0.44036 414.705
 0.44048 414.588
 0.4406 414.471
 0.44072 414.354
 0.44084 414.236
 0.44096 414.118
 0.44108 414
 0.4412 413.882
 0.44132 413.763
 0.44144 413.644
 0.44156 413.525
 0.44168 413.405
 0.4418 413.285
 0.44192 413.165
 0.44204 413.044
 0.44216 412.923
 0.44228 412.801
 0.4424 412.679
 0.44252 412.557
 0.44264 412.434
 0.44276 412.311
 0.44288 412.187
 0.443 412.063
 0.44312 411.938
 0.44324 411.813
 0.44336 411.688
 0.44348 411.562
 0.4436 411.436
 0.44372 411.309
 0.44384 411.182
 0.44396 411.055
 0.44408 410.927
 0.4442 410.8
 0.44432 410.672
 0.44444 410.544
 0.44456 410.415
 0.44468 410.287
 0.4448 410.158
 0.44492 410.029
 0.44504 409.901
 0.44516 409.772
 0.44528 409.643
 0.4454 409.514
 0.44552 409.385
 0.44564 409.256
 0.44576 409.127
 0.44588 408.999
 0.446 408.87
 0.44612 408.742
 0.44624 408.614
 0.44636 408.486
 0.44648 408.359
 0.4466 408.231
 0.44672 408.104
 0.44684 407.977
 0.44696 407.851
 0.44708 407.724
 0.4472 407.599
 0.44732 407.473
 0.44744 407.348
 0.44756 407.223
 0.44768 407.098
 0.4478 406.974
 0.44792 406.851
 0.44804 406.728
 0.44816 406.605
 0.44828 406.483
 0.4484 406.361
 0.44852 406.24
 0.44864 406.12
 0.44876 406
 0.44888 405.88
 0.449 405.762
 0.44912 405.644
 0.44924 405.526
 0.44936 405.409
 0.44948 405.293
 0.4496 405.178
 0.44972 405.063
 0.44984 404.949
 0.44996 404.836
 0.45008 404.723
 0.4502 404.611
 0.45032 404.5
 0.45044 404.39
 0.45056 404.281
 0.45068 404.172
 0.4508 404.064
 0.45092 403.957
 0.45104 403.851
 0.45116 403.745
 0.45128 403.64
 0.4514 403.536
 0.45152 403.433
 0.45164 403.331
 0.45176 403.229
 0.45188 403.128
 0.452 403.028
 0.45212 402.928
 0.45224 402.829
 0.45236 402.731
 0.45248 402.634
 0.4526 402.538
 0.45272 402.442
 0.45284 402.347
 0.45296 402.253
 0.45308 402.159
 0.4532 402.066
 0.45332 401.974
 0.45344 401.883
 0.45356 401.793
 0.45368 401.703
 0.4538 401.614
 0.45392 401.526
 0.45404 401.439
 0.45416 401.353
 0.45428 401.267
 0.4544 401.183
 0.45452 401.099
 0.45464 401.016
 0.45476 400.934
 0.45488 400.853
 0.455 400.773
 0.45512 400.694
 0.45524 400.616
 0.45536 400.539
 0.45548 400.463
 0.4556 400.388
 0.45572 400.314
 0.45584 400.241
 0.45596 400.169
 0.45608 400.098
 0.4562 400.029
 0.45632 399.96
 0.45644 399.893
 0.45656 399.826
 0.45668 399.761
 0.4568 399.698
 0.45692 399.635
 0.45704 399.573
 0.45716 399.513
 0.45728 399.454
 0.4574 399.396
 0.45752 399.339
 0.45764 399.284
 0.45776 399.23
 0.45788 399.177
 0.458 399.125
 0.45812 399.074
 0.45824 399.024
 0.45836 398.976
 0.45848 398.928
 0.4586 398.882
 0.45872 398.837
 0.45884 398.793
 0.45896 398.75
 0.45908 398.708
 0.4592 398.667
 0.45932 398.626
 0.45944 398.587
 0.45956 398.549
 0.45968 398.512
 0.4598 398.476
 0.45992 398.44
 0.46004 398.405
 0.46016 398.371
 0.46028 398.338
 0.4604 398.306
 0.46052 398.274
 0.46064 398.243
 0.46076 398.213
 0.46088 398.183
 0.461 398.153
 0.46112 398.124
 0.46124 398.095
 0.46136 398.067
 0.46148 398.038
 0.4616 398.01
 0.46172 397.982
 0.46184 397.955
 0.46196 397.927
 0.46208 397.9
 0.4622 397.872
 0.46232 397.845
 0.46244 397.817
 0.46256 397.79
 0.46268 397.762
 0.4628 397.735
 0.46292 397.707
 0.46304 397.679
 0.46316 397.652
 0.46328 397.624
 0.4634 397.596
 0.46352 397.568
 0.46364 397.54
 0.46376 397.512
 0.46388 397.484
 0.464 397.456
 0.46412 397.427
 0.46424 397.399
 0.46436 397.371
 0.46448 397.342
 0.4646 397.314
 0.46472 397.286
 0.46484 397.257
 0.46496 397.229
 0.46508 397.2
 0.4652 397.172
 0.46532 397.143
 0.46544 397.115
 0.46556 397.086
 0.46568 397.058
 0.4658 397.029
 0.46592 397.001
 0.46604 396.972
 0.46616 396.944
 0.46628 396.916
 0.4664 396.887
 0.46652 396.859
 0.46664 396.831
 0.46676 396.802
 0.46688 396.774
 0.467 396.746
 0.46712 396.718
 0.46724 396.69
 0.46736 396.663
 0.46748 396.635
 0.4676 396.607
 0.46772 396.58
 0.46784 396.552
 0.46796 396.525
 0.46808 396.497
 0.4682 396.47
 0.46832 396.443
 0.46844 396.416
 0.46856 396.389
 0.46868 396.362
 0.4688 396.335
 0.46892 396.308
 0.46904 396.282
 0.46916 396.255
 0.46928 396.229
 0.4694 396.203
 0.46952 396.177
 0.46964 396.151
 0.46976 396.126
 0.46988 396.1
 0.47 396.075
 0.47012 396.051
 0.47024 396.026
 0.47036 396.002
 0.47048 395.978
 0.4706 395.955
 0.47072 395.932
 0.47084 395.91
 0.47096 395.888
 0.47108 395.866
 0.4712 395.845
 0.47132 395.824
 0.47144 395.805
 0.47156 395.785
 0.47168 395.766
 0.4718 395.748
 0.47192 395.73
 0.47204 395.714
 0.47216 395.697
 0.47228 395.681
 0.4724 395.666
 0.47252 395.652
 0.47264 395.638
 0.47276 395.625
 0.47288 395.613
 0.473 395.601
 0.47312 395.59
 0.47324 395.58
 0.47336 395.57
 0.47348 395.56
 0.4736 395.552
 0.47372 395.543
 0.47384 395.536
 0.47396 395.528
 0.47408 395.521
 0.4742 395.515
 0.47432 395.509
 0.47444 395.503
 0.47456 395.498
 0.47468 395.493
 0.4748 395.489
 0.47492 395.484
 0.47504 395.48
 0.47516 395.476
 0.47528 395.473
 0.4754 395.469
 0.47552 395.466
 0.47564 395.463
 0.47576 395.46
 0.47588 395.457
 0.476 395.455
 0.47612 395.452
 0.47624 395.449
 0.47636 395.447
 0.47648 395.444
 0.4766 395.442
 0.47672 395.439
 0.47684 395.437
 0.47696 395.434
 0.47708 395.432
 0.4772 395.429
 0.47732 395.427
 0.47744 395.424
 0.47756 395.422
 0.47768 395.419
 0.4778 395.416
 0.47792 395.413
 0.47804 395.41
 0.47816 395.406
 0.47828 395.403
 0.4784 395.399
 0.47852 395.395
 0.47864 395.391
 0.47876 395.387
 0.47888 395.382
 0.479 395.378
 0.47912 395.372
 0.47924 395.367
 0.47936 395.361
 0.47948 395.355
 0.4796 395.349
 0.47972 395.342
 0.47984 395.335
 0.47996 395.327
 0.48008 395.319
 0.4802 395.311
 0.48032 395.302
 0.48044 395.293
 0.48056 395.283
 0.48068 395.273
 0.4808 395.263
 0.48092 395.252
 0.48104 395.241
 0.48116 395.229
 0.48128 395.217
 0.4814 395.205
 0.48152 395.192
 0.48164 395.179
 0.48176 395.166
 0.48188 395.152
 0.482 395.137
 0.48212 395.123
 0.48224 395.108
 0.48236 395.092
 0.48248 395.076
 0.4826 395.06
 0.48272 395.044
 0.48284 395.027
 0.48296 395.01
 0.48308 394.992
 0.4832 394.974
 0.48332 394.956
 0.48344 394.937
 0.48356 394.919
 0.48368 394.899
 0.4838 394.88
 0.48392 394.86
 0.48404 394.84
 0.48416 394.819
 0.48428 394.798
 0.4844 394.777
 0.48452 394.755
 0.48464 394.733
 0.48476 394.71
 0.48488 394.688
 0.485 394.664
 0.48512 394.641
 0.48524 394.617
 0.48536 394.593
 0.48548 394.568
 0.4856 394.543
 0.48572 394.517
 0.48584 394.491
 0.48596 394.465
 0.48608 394.438
 0.4862 394.411
 0.48632 394.383
 0.48644 394.355
 0.48656 394.327
 0.48668 394.298
 0.4868 394.269
 0.48692 394.239
 0.48704 394.209
 0.48716 394.179
 0.48728 394.148
 0.4874 394.117
 0.48752 394.085
 0.48764 394.053
 0.48776 394.021
 0.48788 393.989
 0.488 393.956
 0.48812 393.924
 0.48824 393.891
 0.48836 393.858
 0.48848 393.825
 0.4886 393.792
 0.48872 393.759
 0.48884 393.727
 0.48896 393.694
 0.48908 393.661
 0.4892 393.629
 0.48932 393.596
 0.48944 393.564
 0.48956 393.532
 0.48968 393.501
 0.4898 393.469
 0.48992 393.438
 0.49004 393.407
 0.49016 393.376
 0.49028 393.346
 0.4904 393.317
 0.49052 393.287
 0.49064 393.259
 0.49076 393.231
 0.49088 393.203
 0.491 393.176
 0.49112 393.15
 0.49124 393.124
 0.49136 393.1
 0.49148 393.076
 0.4916 393.053
 0.49172 393.031
 0.49184 393.009
 0.49196 392.989
 0.49208 392.97
 0.4922 392.951
 0.49232 392.934
 0.49244 392.917
 0.49256 392.902
 0.49268 392.888
 0.4928 392.874
 0.49292 392.862
 0.49304 392.851
 0.49316 392.841
 0.49328 392.832
 0.4934 392.824
 0.49352 392.817
 0.49364 392.811
 0.49376 392.806
 0.49388 392.802
 0.494 392.8
 0.49412 392.798
 0.49424 392.797
 0.49436 392.797
 0.49448 392.798
 0.4946 392.8
 0.49472 392.803
 0.49484 392.807
 0.49496 392.812
 0.49508 392.818
 0.4952 392.824
 0.49532 392.832
 0.49544 392.84
 0.49556 392.85
 0.49568 392.86
 0.4958 392.871
 0.49592 392.882
 0.49604 392.895
 0.49616 392.908
 0.49628 392.923
 0.4964 392.938
 0.49652 392.954
 0.49664 392.97
 0.49676 392.988
 0.49688 393.006
 0.497 393.025
 0.49712 393.044
 0.49724 393.065
 0.49736 393.086
 0.49748 393.107
 0.4976 393.13
 0.49772 393.153
 0.49784 393.177
 0.49796 393.202
 0.49808 393.227
 0.4982 393.253
 0.49832 393.28
 0.49844 393.307
 0.49856 393.335
 0.49868 393.364
 0.4988 393.393
 0.49892 393.423
 0.49904 393.454
 0.49916 393.485
 0.49928 393.517
 0.4994 393.549
 0.49952 393.582
 0.49964 393.615
 0.49976 393.649
 0.49988 393.684
 0.5 393.719
 0.50012 393.754
 0.50024 393.79
 0.50036 393.827
 0.50048 393.864
 0.5006 393.901
 0.50072 393.939
 0.50084 393.977
 0.50096 394.015
 0.50108 394.054
 0.5012 394.093
 0.50132 394.132
 0.50144 394.172
 0.50156 394.211
 0.50168 394.252
 0.5018 394.292
 0.50192 394.332
 0.50204 394.373
 0.50216 394.414
 0.50228 394.456
 0.5024 394.497
 0.50252 394.539
 0.50264 394.581
 0.50276 394.623
 0.50288 394.665
 0.503 394.708
 0.50312 394.751
 0.50324 394.795
 0.50336 394.839
 0.50348 394.883
 0.5036 394.928
 0.50372 394.973
 0.50384 395.018
 0.50396 395.064
 0.50408 395.111
 0.5042 395.158
 0.50432 395.206
 0.50444 395.254
 0.50456 395.302
 0.50468 395.351
 0.5048 395.401
 0.50492 395.451
 0.50504 395.502
 0.50516 395.553
 0.50528 395.605
 0.5054 395.657
 0.50552 395.71
 0.50564 395.763
 0.50576 395.817
 0.50588 395.871
 0.506 395.926
 0.50612 395.981
 0.50624 396.037
 0.50636 396.094
 0.50648 396.151
 0.5066 396.208
 0.50672 396.266
 0.50684 396.325
 0.50696 396.384
 0.50708 396.444
 0.5072 396.504
 0.50732 396.565
 0.50744 396.626
 0.50756 396.688
 0.50768 396.751
 0.5078 396.814
 0.50792 396.878
 0.50804 396.942
 0.50816 397.007
 0.50828 397.073
 0.5084 397.139
 0.50852 397.206
 0.50864 397.273
 0.50876 397.341
 0.50888 397.41
 0.509 397.479
 0.50912 397.549
 0.50924 397.619
 0.50936 397.69
 0.50948 397.762
 0.5096 397.834
 0.50972 397.906
 0.50984 397.98
 0.50996 398.054
 0.51008 398.128
 0.5102 398.203
 0.51032 398.279
 0.51044 398.355
 0.51056 398.432
 0.51068 398.509
 0.5108 398.587
 0.51092 398.665
 0.51104 398.744
 0.51116 398.823
 0.51128 398.902
 0.5114 398.983
 0.51152 399.063
 0.51164 399.144
 0.51176 399.225
 0.51188 399.307
 0.512 399.389
 0.51212 399.472
 0.51224 399.555
 0.51236 399.638
 0.51248 399.721
 0.5126 399.805
 0.51272 399.889
 0.51284 399.974
 0.51296 400.058
 0.51308 400.143
 0.5132 400.228
 0.51332 400.313
 0.51344 400.398
 0.51356 400.484
 0.51368 400.569
 0.5138 400.655
 0.51392 400.74
 0.51404 400.826
 0.51416 400.911
 0.51428 400.997
 0.5144 401.082
 0.51452 401.167
 0.51464 401.253
 0.51476 401.338
 0.51488 401.422
 0.515 401.507
 0.51512 401.591
 0.51524 401.676
 0.51536 401.759
 0.51548 401.843
 0.5156 401.926
 0.51572 402.01
 0.51584 402.092
 0.51596 402.175
 0.51608 402.257
 0.5162 402.338
 0.51632 402.42
 0.51644 402.501
 0.51656 402.581
 0.51668 402.661
 0.5168 402.741
 0.51692 402.82
 0.51704 402.898
 0.51716 402.976
 0.51728 403.054
 0.5174 403.131
 0.51752 403.207
 0.51764 403.282
 0.51776 403.357
 0.51788 403.431
 0.518 403.505
 0.51812 403.577
 0.51824 403.649
 0.51836 403.72
 0.51848 403.79
 0.5186 403.859
 0.51872 403.927
 0.51884 403.994
 0.51896 404.06
 0.51908 404.125
 0.5192 404.189
 0.51932 404.252
 0.51944 404.314
 0.51956 404.375
 0.51968 404.435
 0.5198 404.494
 0.51992 404.551
 0.52004 404.608
 0.52016 404.664
 0.52028 404.719
 0.5204 404.772
 0.52052 404.825
 0.52064 404.876
 0.52076 404.926
 0.52088 404.975
 0.521 405.023
 0.52112 405.07
 0.52124 405.116
 0.52136 405.16
 0.52148 405.203
 0.5216 405.245
 0.52172 405.285
 0.52184 405.325
 0.52196 405.363
 0.52208 405.399
 0.5222 405.435
 0.52232 405.469
 0.52244 405.502
 0.52256 405.533
 0.52268 405.564
 0.5228 405.592
 0.52292 405.62
 0.52304 405.646
 0.52316 405.671
 0.52328 405.695
 0.5234 405.717
 0.52352 405.738
 0.52364 405.758
 0.52376 405.776
 0.52388 405.793
 0.524 405.809
 0.52412 405.824
 0.52424 405.838
 0.52436 405.85
 0.52448 405.862
 0.5246 405.872
 0.52472 405.881
 0.52484 405.889
 0.52496 405.896
 0.52508 405.901
 0.5252 405.906
 0.52532 405.909
 0.52544 405.912
 0.52556 405.913
 0.52568 405.913
 0.5258 405.913
 0.52592 405.911
 0.52604 405.908
 0.52616 405.905
 0.52628 405.9
 0.5264 405.894
 0.52652 405.888
 0.52664 405.88
 0.52676 405.871
 0.52688 405.862
 0.527 405.851
 0.52712 405.84
 0.52724 405.828
 0.52736 405.814
 0.52748 405.8
 0.5276 405.785
 0.52772 405.769
 0.52784 405.752
 0.52796 405.734
 0.52808 405.715
 0.5282 405.695
 0.52832 405.674
 0.52844 405.653
 0.52856 405.63
 0.52868 405.607
 0.5288 405.583
 0.52892 405.557
 0.52904 405.531
 0.52916 405.504
 0.52928 405.477
 0.5294 405.448
 0.52952 405.418
 0.52964 405.388
 0.52976 405.356
 0.52988 405.324
 0.53 405.291
 0.53012 405.257
 0.53024 405.222
 0.53036 405.186
 0.53048 405.149
 0.5306 405.112
 0.53072 405.073
 0.53084 405.034
 0.53096 404.994
 0.53108 404.953
 0.5312 404.911
 0.53132 404.868
 0.53144 404.825
 0.53156 404.78
 0.53168 404.735
 0.5318 404.689
 0.53192 404.643
 0.53204 404.595
 0.53216 404.546
 0.53228 404.497
 0.5324 404.447
 0.53252 404.396
 0.53264 404.344
 0.53276 404.291
 0.53288 404.238
 0.533 404.183
 0.53312 404.128
 0.53324 404.071
 0.53336 404.014
 0.53348 403.956
 0.5336 403.896
 0.53372 403.836
 0.53384 403.775
 0.53396 403.712
 0.53408 403.649
 0.5342 403.585
 0.53432 403.519
 0.53444 403.453
 0.53456 403.386
 0.53468 403.318
 0.5348 403.249
 0.53492 403.179
 0.53504 403.108
 0.53516 403.037
 0.53528 402.964
 0.5354 402.891
 0.53552 402.818
 0.53564 402.743
 0.53576 402.668
 0.53588 402.593
 0.536 402.516
 0.53612 402.439
 0.53624 402.362
 0.53636 402.283
 0.53648 402.205
 0.5366 402.125
 0.53672 402.046
 0.53684 401.965
 0.53696 401.885
 0.53708 401.803
 0.5372 401.721
 0.53732 401.639
 0.53744 401.556
 0.53756 401.473
 0.53768 401.389
 0.5378 401.305
 0.53792 401.221
 0.53804 401.136
 0.53816 401.05
 0.53828 400.964
 0.5384 400.878
 0.53852 400.792
 0.53864 400.705
 0.53876 400.618
 0.53888 400.531
 0.539 400.443
 0.53912 400.355
 0.53924 400.267
 0.53936 400.178
 0.53948 400.089
 0.5396 400
 0.53972 399.911
 0.53984 399.822
 0.53996 399.732
 0.54008 399.642
 0.5402 399.553
 0.54032 399.463
 0.54044 399.373
 0.54056 399.283
 0.54068 399.193
 0.5408 399.103
 0.54092 399.013
 0.54104 398.922
 0.54116 398.832
 0.54128 398.742
 0.5414 398.652
 0.54152 398.563
 0.54164 398.473
 0.54176 398.383
 0.54188 398.293
 0.542 398.204
 0.54212 398.115
 0.54224 398.025
 0.54236 397.936
 0.54248 397.848
 0.5426 397.759
 0.54272 397.671
 0.54284 397.583
 0.54296 397.495
 0.54308 397.408
 0.5432 397.321
 0.54332 397.234
 0.54344 397.148
 0.54356 397.062
 0.54368 396.977
 0.5438 396.893
 0.54392 396.809
 0.54404 396.725
 0.54416 396.643
 0.54428 396.561
 0.5444 396.479
 0.54452 396.399
 0.54464 396.319
 0.54476 396.241
 0.54488 396.163
 0.545 396.086
 0.54512 396.01
 0.54524 395.935
 0.54536 395.861
 0.54548 395.788
 0.5456 395.716
 0.54572 395.645
 0.54584 395.576
 0.54596 395.507
 0.54608 395.44
 0.5462 395.374
 0.54632 395.309
 0.54644 395.245
 0.54656 395.183
 0.54668 395.122
 0.5468 395.062
 0.54692 395.003
 0.54704 394.946
 0.54716 394.891
 0.54728 394.836
 0.5474 394.784
 0.54752 394.732
 0.54764 394.682
 0.54776 394.634
 0.54788 394.587
 0.548 394.542
 0.54812 394.499
 0.54824 394.457
 0.54836 394.416
 0.54848 394.378
 0.5486 394.341
 0.54872 394.305
 0.54884 394.272
 0.54896 394.24
 0.54908 394.21
 0.5492 394.182
 0.54932 394.155
 0.54944 394.13
 0.54956 394.107
 0.54968 394.085
 0.5498 394.066
 0.54992 394.048
 0.55004 394.031
 0.55016 394.017
 0.55028 394.004
 0.5504 393.993
 0.55052 393.984
 0.55064 393.976
 0.55076 393.971
 0.55088 393.967
 0.551 393.964
 0.55112 393.964
 0.55124 393.965
 0.55136 393.968
 0.55148 393.973
 0.5516 393.979
 0.55172 393.987
 0.55184 393.997
 0.55196 394.008
 0.55208 394.021
 0.5522 394.036
 0.55232 394.053
 0.55244 394.071
 0.55256 394.091
 0.55268 394.112
 0.5528 394.135
 0.55292 394.16
 0.55304 394.186
 0.55316 394.214
 0.55328 394.244
 0.5534 394.275
 0.55352 394.308
 0.55364 394.342
 0.55376 394.378
 0.55388 394.415
 0.554 394.454
 0.55412 394.494
 0.55424 394.536
 0.55436 394.58
 0.55448 394.625
 0.5546 394.671
 0.55472 394.719
 0.55484 394.768
 0.55496 394.819
 0.55508 394.871
 0.5552 394.925
 0.55532 394.98
 0.55544 395.036
 0.55556 395.094
 0.55568 395.153
 0.5558 395.214
 0.55592 395.276
 0.55604 395.339
 0.55616 395.404
 0.55628 395.47
 0.5564 395.538
 0.55652 395.607
 0.55664 395.677
 0.55676 395.749
 0.55688 395.822
 0.557 395.896
 0.55712 395.972
 0.55724 396.05
 0.55736 396.128
 0.55748 396.208
 0.5576 396.29
 0.55772 396.373
 0.55784 396.457
 0.55796 396.543
 0.55808 396.631
 0.5582 396.719
 0.55832 396.81
 0.55844 396.901
 0.55856 396.994
 0.55868 397.089
 0.5588 397.185
 0.55892 397.283
 0.55904 397.382
 0.55916 397.483
 0.55928 397.585
 0.5594 397.689
 0.55952 397.794
 0.55964 397.901
 0.55976 398.01
 0.55988 398.12
 0.56 398.232
 0.56012 398.345
 0.56024 398.46
 0.56036 398.577
 0.56048 398.695
 0.5606 398.815
 0.56072 398.936
 0.56084 399.059
 0.56096 399.184
 0.56108 399.31
 0.5612 399.438
 0.56132 399.568
 0.56144 399.699
 0.56156 399.832
 0.56168 399.966
 0.5618 400.102
 0.56192 400.24
 0.56204 400.379
 0.56216 400.52
 0.56228 400.662
 0.5624 400.806
 0.56252 400.951
 0.56264 401.098
 0.56276 401.246
 0.56288 401.396
 0.563 401.547
 0.56312 401.7
 0.56324 401.854
 0.56336 402.009
 0.56348 402.166
 0.5636 402.325
 0.56372 402.485
 0.56384 402.646
 0.56396 402.808
 0.56408 402.972
 0.5642 403.138
 0.56432 403.304
 0.56444 403.471
 0.56456 403.64
 0.56468 403.81
 0.5648 403.981
 0.56492 404.153
 0.56504 404.326
 0.56516 404.499
 0.56528 404.674
 0.5654 404.849
 0.56552 405.025
 0.56564 405.202
 0.56576 405.379
 0.56588 405.557
 0.566 405.735
 0.56612 405.914
 0.56624 406.093
 0.56636 406.273
 0.56648 406.453
 0.5666 406.633
 0.56672 406.813
 0.56684 406.994
 0.56696 407.175
 0.56708 407.355
 0.5672 407.536
 0.56732 407.717
 0.56744 407.898
 0.56756 408.078
 0.56768 408.259
 0.5678 408.439
 0.56792 408.619
 0.56804 408.799
 0.56816 408.979
 0.56828 409.158
 0.5684 409.337
 0.56852 409.516
 0.56864 409.694
 0.56876 409.872
 0.56888 410.049
 0.569 410.226
 0.56912 410.402
 0.56924 410.578
 0.56936 410.753
 0.56948 410.927
 0.5696 411.101
 0.56972 411.274
 0.56984 411.446
 0.56996 411.617
 0.57008 411.788
 0.5702 411.958
 0.57032 412.127
 0.57044 412.295
 0.57056 412.462
 0.57068 412.628
 0.5708 412.793
 0.57092 412.957
 0.57104 413.12
 0.57116 413.282
 0.57128 413.443
 0.5714 413.603
 0.57152 413.762
 0.57164 413.92
 0.57176 414.076
 0.57188 414.232
 0.572 414.386
 0.57212 414.539
 0.57224 414.691
 0.57236 414.841
 0.57248 414.991
 0.5726 415.139
 0.57272 415.286
 0.57284 415.431
 0.57296 415.575
 0.57308 415.718
 0.5732 415.86
 0.57332 416
 0.57344 416.139
 0.57356 416.276
 0.57368 416.412
 0.5738 416.546
 0.57392 416.679
 0.57404 416.811
 0.57416 416.94
 0.57428 417.069
 0.5744 417.195
 0.57452 417.32
 0.57464 417.443
 0.57476 417.565
 0.57488 417.685
 0.575 417.803
 0.57512 417.919
 0.57524 418.034
 0.57536 418.147
 0.57548 418.257
 0.5756 418.367
 0.57572 418.474
 0.57584 418.579
 0.57596 418.682
 0.57608 418.784
 0.5762 418.884
 0.57632 418.981
 0.57644 419.077
 0.57656 419.171
 0.57668 419.262
 0.5768 419.352
 0.57692 419.44
 0.57704 419.525
 0.57716 419.609
 0.57728 419.691
 0.5774 419.77
 0.57752 419.847
 0.57764 419.923
 0.57776 419.996
 0.57788 420.067
 0.578 420.136
 0.57812 420.203
 0.57824 420.267
 0.57836 420.329
 0.57848 420.389
 0.5786 420.447
 0.57872 420.503
 0.57884 420.556
 0.57896 420.607
 0.57908 420.656
 0.5792 420.702
 0.57932 420.746
 0.57944 420.787
 0.57956 420.826
 0.57968 420.863
 0.5798 420.897
 0.57992 420.929
 0.58004 420.958
 0.58016 420.985
 0.58028 421.009
 0.5804 421.03
 0.58052 421.049
 0.58064 421.066
 0.58076 421.08
 0.58088 421.091
 0.581 421.1
 0.58112 421.107
 0.58124 421.111
 0.58136 421.112
 0.58148 421.111
 0.5816 421.108
 0.58172 421.102
 0.58184 421.093
 0.58196 421.083
 0.58208 421.069
 0.5822 421.054
 0.58232 421.036
 0.58244 421.016
 0.58256 420.993
 0.58268 420.968
 0.5828 420.941
 0.58292 420.911
 0.58304 420.879
 0.58316 420.844
 0.58328 420.808
 0.5834 420.769
 0.58352 420.727
 0.58364 420.684
 0.58376 420.638
 0.58388 420.59
 0.584 420.539
 0.58412 420.486
 0.58424 420.431
 0.58436 420.373
 0.58448 420.314
 0.5846 420.251
 0.58472 420.187
 0.58484 420.12
 0.58496 420.051
 0.58508 419.98
 0.5852 419.906
 0.58532 419.83
 0.58544 419.752
 0.58556 419.671
 0.58568 419.588
 0.5858 419.503
 0.58592 419.415
 0.58604 419.325
 0.58616 419.233
 0.58628 419.138
 0.5864 419.041
 0.58652 418.942
 0.58664 418.841
 0.58676 418.737
 0.58688 418.63
 0.587 418.522
 0.58712 418.411
 0.58724 418.297
 0.58736 418.182
 0.58748 418.064
 0.5876 417.943
 0.58772 417.82
 0.58784 417.694
 0.58796 417.566
 0.58808 417.436
 0.5882 417.303
 0.58832 417.168
 0.58844 417.03
 0.58856 416.89
 0.58868 416.747
 0.5888 416.601
 0.58892 416.453
 0.58904 416.302
 0.58916 416.149
 0.58928 415.993
 0.5894 415.835
 0.58952 415.674
 0.58964 415.51
 0.58976 415.343
 0.58988 415.174
 0.59 415.002
 0.59012 414.828
 0.59024 414.65
 0.59036 414.471
 0.59048 414.288
 0.5906 414.103
 0.59072 413.915
 0.59084 413.725
 0.59096 413.532
 0.59108 413.336
 0.5912 413.138
 0.59132 412.937
 0.59144 412.733
 0.59156 412.528
 0.59168 412.319
 0.5918 412.108
 0.59192 411.895
 0.59204 411.679
 0.59216 411.46
 0.59228 411.24
 0.5924 411.017
 0.59252 410.792
 0.59264 410.564
 0.59276 410.334
 0.59288 410.102
 0.593 409.868
 0.59312 409.632
 0.59324 409.394
 0.59336 409.154
 0.59348 408.911
 0.5936 408.667
 0.59372 408.421
 0.59384 408.173
 0.59396 407.923
 0.59408 407.671
 0.5942 407.417
 0.59432 407.162
 0.59444 406.905
 0.59456 406.647
 0.59468 406.387
 0.5948 406.126
 0.59492 405.863
 0.59504 405.599
 0.59516 405.334
 0.59528 405.067
 0.5954 404.8
 0.59552 404.531
 0.59564 404.261
 0.59576 403.991
 0.59588 403.719
 0.596 403.447
 0.59612 403.174
 0.59624 402.9
 0.59636 402.626
 0.59648 402.351
 0.5966 402.076
 0.59672 401.801
 0.59684 401.525
 0.59696 401.249
 0.59708 400.973
 0.5972 400.696
 0.59732 400.42
 0.59744 400.144
 0.59756 399.868
 0.59768 399.592
 0.5978 399.316
 0.59792 399.04
 0.59804 398.765
 0.59816 398.49
 0.59828 398.216
 0.5984 397.942
 0.59852 397.668
 0.59864 397.395
 0.59876 397.123
 0.59888 396.852
 0.599 396.581
 0.59912 396.311
 0.59924 396.042
 0.59936 395.773
 0.59948 395.506
 0.5996 395.24
 0.59972 394.974
 0.59984 394.71
 0.59996 394.447
 0.60008 394.185
 0.6002 393.924
 0.60032 393.665
 0.60044 393.406
 0.60056 393.149
 0.60068 392.894
 0.6008 392.64
 0.60092 392.387
 0.60104 392.135
 0.60116 391.886
 0.60128 391.637
 0.6014 391.391
 0.60152 391.145
 0.60164 390.902
 0.60176 390.66
 0.60188 390.42
 0.602 390.181
 0.60212 389.944
 0.60224 389.709
 0.60236 389.476
 0.60248 389.244
 0.6026 389.014
 0.60272 388.785
 0.60284 388.559
 0.60296 388.334
 0.60308 388.111
 0.6032 387.889
 0.60332 387.67
 0.60344 387.452
 0.60356 387.236
 0.60368 387.021
 0.6038 386.809
 0.60392 386.598
 0.60404 386.389
 0.60416 386.182
 0.60428 385.977
 0.6044 385.774
 0.60452 385.572
 0.60464 385.372
 0.60476 385.174
 0.60488 384.978
 0.605 384.784
 0.60512 384.592
 0.60524 384.402
 0.60536 384.213
 0.60548 384.027
 0.6056 383.842
 0.60572 383.659
 0.60584 383.478
 0.60596 383.299
 0.60608 383.122
 0.6062 382.947
 0.60632 382.773
 0.60644 382.601
 0.60656 382.432
 0.60668 382.264
 0.6068 382.097
 0.60692 381.933
 0.60704 381.771
 0.60716 381.61
 0.60728 381.451
 0.6074 381.295
 0.60752 381.14
 0.60764 380.986
 0.60776 380.835
 0.60788 380.686
 0.608 380.538
 0.60812 380.393
 0.60824 380.249
 0.60836 380.107
 0.60848 379.967
 0.6086 379.829
 0.60872 379.693
 0.60884 379.559
 0.60896 379.427
 0.60908 379.298
 0.6092 379.17
 0.60932 379.044
 0.60944 378.921
 0.60956 378.8
 0.60968 378.68
 0.6098 378.564
 0.60992 378.449
 0.61004 378.336
 0.61016 378.226
 0.61028 378.118
 0.6104 378.013
 0.61052 377.91
 0.61064 377.809
 0.61076 377.71
 0.61088 377.614
 0.611 377.52
 0.61112 377.428
 0.61124 377.339
 0.61136 377.252
 0.61148 377.168
 0.6116 377.085
 0.61172 377.005
 0.61184 376.927
 0.61196 376.852
 0.61208 376.779
 0.6122 376.708
 0.61232 376.64
 0.61244 376.573
 0.61256 376.51
 0.61268 376.448
 0.6128 376.389
 0.61292 376.332
 0.61304 376.278
 0.61316 376.225
 0.61328 376.176
 0.6134 376.128
 0.61352 376.083
 0.61364 376.041
 0.61376 376.001
 0.61388 375.963
 0.614 375.928
 0.61412 375.895
 0.61424 375.865
 0.61436 375.837
 0.61448 375.812
 0.6146 375.789
 0.61472 375.769
 0.61484 375.751
 0.61496 375.736
 0.61508 375.723
 0.6152 375.713
 0.61532 375.706
 0.61544 375.701
 0.61556 375.699
 0.61568 375.699
 0.6158 375.702
 0.61592 375.707
 0.61604 375.715
 0.61616 375.726
 0.61628 375.739
 0.6164 375.755
 0.61652 375.773
 0.61664 375.794
 0.61676 375.818
 0.61688 375.845
 0.617 375.874
 0.61712 375.905
 0.61724 375.94
 0.61736 375.977
 0.61748 376.017
 0.6176 376.059
 0.61772 376.104
 0.61784 376.152
 0.61796 376.203
 0.61808 376.256
 0.6182 376.312
 0.61832 376.371
 0.61844 376.432
 0.61856 376.497
 0.61868 376.564
 0.6188 376.634
 0.61892 376.706
 0.61904 376.782
 0.61916 376.86
 0.61928 376.941
 0.6194 377.025
 0.61952 377.112
 0.61964 377.201
 0.61976 377.294
 0.61988 377.389
 0.62 377.487
 0.62012 377.588
 0.62024 377.692
 0.62036 377.799
 0.62048 377.908
 0.6206 378.021
 0.62072 378.136
 0.62084 378.254
 0.62096 378.375
 0.62108 378.498
 0.6212 378.625
 0.62132 378.754
 0.62144 378.886
 0.62156 379.021
 0.62168 379.158
 0.6218 379.298
 0.62192 379.441
 0.62204 379.586
 0.62216 379.734
 0.62228 379.885
 0.6224 380.038
 0.62252 380.193
 0.62264 380.351
 0.62276 380.511
 0.62288 380.674
 0.623 380.838
 0.62312 381.006
 0.62324 381.175
 0.62336 381.347
 0.62348 381.521
 0.6236 381.697
 0.62372 381.875
 0.62384 382.056
 0.62396 382.238
 0.62408 382.423
 0.6242 382.61
 0.62432 382.798
 0.62444 382.989
 0.62456 383.181
 0.62468 383.376
 0.6248 383.572
 0.62492 383.77
 0.62504 383.97
 0.62516 384.172
 0.62528 384.375
 0.6254 384.58
 0.62552 384.786
 0.62564 384.994
 0.62576 385.204
 0.62588 385.415
 0.626 385.627
 0.62612 385.841
 0.62624 386.056
 0.62636 386.272
 0.62648 386.49
 0.6266 386.708
 0.62672 386.928
 0.62684 387.149
 0.62696 387.37
 0.62708 387.593
 0.6272 387.816
 0.62732 388.04
 0.62744 388.265
 0.62756 388.491
 0.62768 388.717
 0.6278 388.944
 0.62792 389.171
 0.62804 389.399
 0.62816 389.628
 0.62828 389.857
 0.6284 390.086
 0.62852 390.316
 0.62864 390.545
 0.62876 390.776
 0.62888 391.006
 0.629 391.237
 0.62912 391.467
 0.62924 391.698
 0.62936 391.929
 0.62948 392.16
 0.6296 392.391
 0.62972 392.621
 0.62984 392.852
 0.62996 393.082
 0.63008 393.312
 0.6302 393.542
 0.63032 393.772
 0.63044 394.001
 0.63056 394.229
 0.63068 394.458
 0.6308 394.686
 0.63092 394.913
 0.63104 395.14
 0.63116 395.366
 0.63128 395.591
 0.6314 395.816
 0.63152 396.041
 0.63164 396.264
 0.63176 396.487
 0.63188 396.709
 0.632 396.93
 0.63212 397.151
 0.63224 397.371
 0.63236 397.59
 0.63248 397.808
 0.6326 398.025
 0.63272 398.242
 0.63284 398.458
 0.63296 398.673
 0.63308 398.887
 0.6332 399.101
 0.63332 399.314
 0.63344 399.526
 0.63356 399.737
 0.63368 399.948
 0.6338 400.158
 0.63392 400.367
 0.63404 400.575
 0.63416 400.783
 0.63428 400.989
 0.6344 401.196
 0.63452 401.401
 0.63464 401.606
 0.63476 401.81
 0.63488 402.013
 0.635 402.215
 0.63512 402.417
 0.63524 402.618
 0.63536 402.818
 0.63548 403.018
 0.6356 403.217
 0.63572 403.415
 0.63584 403.613
 0.63596 403.81
 0.63608 404.006
 0.6362 404.202
 0.63632 404.397
 0.63644 404.592
 0.63656 404.786
 0.63668 404.98
 0.6368 405.173
 0.63692 405.365
 0.63704 405.557
 0.63716 405.748
 0.63728 405.939
 0.6374 406.13
 0.63752 406.319
 0.63764 406.509
 0.63776 406.697
 0.63788 406.886
 0.638 407.073
 0.63812 407.261
 0.63824 407.447
 0.63836 407.633
 0.63848 407.819
 0.6386 408.003
 0.63872 408.188
 0.63884 408.371
 0.63896 408.554
 0.63908 408.736
 0.6392 408.918
 0.63932 409.099
 0.63944 409.279
 0.63956 409.458
 0.63968 409.636
 0.6398 409.814
 0.63992 409.991
 0.64004 410.167
 0.64016 410.342
 0.64028 410.516
 0.6404 410.69
 0.64052 410.862
 0.64064 411.034
 0.64076 411.205
 0.64088 411.375
 0.641 411.544
 0.64112 411.711
 0.64124 411.878
 0.64136 412.044
 0.64148 412.209
 0.6416 412.373
 0.64172 412.536
 0.64184 412.698
 0.64196 412.859
 0.64208 413.019
 0.6422 413.177
 0.64232 413.335
 0.64244 413.491
 0.64256 413.646
 0.64268 413.8
 0.6428 413.953
 0.64292 414.104
 0.64304 414.255
 0.64316 414.404
 0.64328 414.551
 0.6434 414.698
 0.64352 414.843
 0.64364 414.986
 0.64376 415.128
 0.64388 415.269
 0.644 415.408
 0.64412 415.546
 0.64424 415.682
 0.64436 415.817
 0.64448 415.95
 0.6446 416.082
 0.64472 416.212
 0.64484 416.341
 0.64496 416.468
 0.64508 416.593
 0.6452 416.717
 0.64532 416.84
 0.64544 416.96
 0.64556 417.079
 0.64568 417.196
 0.6458 417.312
 0.64592 417.426
 0.64604 417.538
 0.64616 417.648
 0.64628 417.757
 0.6464 417.864
 0.64652 417.969
 0.64664 418.072
 0.64676 418.174
 0.64688 418.274
 0.647 418.372
 0.64712 418.468
 0.64724 418.563
 0.64736 418.655
 0.64748 418.746
 0.6476 418.835
 0.64772 418.923
 0.64784 419.008
 0.64796 419.092
 0.64808 419.174
 0.6482 419.254
 0.64832 419.332
 0.64844 419.409
 0.64856 419.483
 0.64868 419.556
 0.6488 419.627
 0.64892 419.697
 0.64904 419.764
 0.64916 419.829
 0.64928 419.893
 0.6494 419.955
 0.64952 420.014
 0.64964 420.072
 0.64976 420.128
 0.64988 420.182
 0.65 420.235
 0.65012 420.285
 0.65024 420.333
 0.65036 420.379
 0.65048 420.423
 0.6506 420.466
 0.65072 420.506
 0.65084 420.544
 0.65096 420.58
 0.65108 420.614
 0.6512 420.646
 0.65132 420.676
 0.65144 420.704
 0.65156 420.73
 0.65168 420.753
 0.6518 420.775
 0.65192 420.795
 0.65204 420.813
 0.65216 420.829
 0.65228 420.842
 0.6524 420.854
 0.65252 420.864
 0.65264 420.872
 0.65276 420.878
 0.65288 420.882
 0.653 420.884
 0.65312 420.884
 0.65324 420.882
 0.65336 420.879
 0.65348 420.873
 0.6536 420.865
 0.65372 420.855
 0.65384 420.844
 0.65396 420.83
 0.65408 420.814
 0.6542 420.797
 0.65432 420.777
 0.65444 420.756
 0.65456 420.732
 0.65468 420.707
 0.6548 420.679
 0.65492 420.65
 0.65504 420.618
 0.65516 420.585
 0.65528 420.55
 0.6554 420.513
 0.65552 420.474
 0.65564 420.433
 0.65576 420.39
 0.65588 420.345
 0.656 420.298
 0.65612 420.25
 0.65624 420.199
 0.65636 420.147
 0.65648 420.093
 0.6566 420.038
 0.65672 419.98
 0.65684 419.921
 0.65696 419.86
 0.65708 419.798
 0.6572 419.733
 0.65732 419.667
 0.65744 419.6
 0.65756 419.531
 0.65768 419.46
 0.6578 419.387
 0.65792 419.313
 0.65804 419.238
 0.65816 419.161
 0.65828 419.082
 0.6584 419.002
 0.65852 418.92
 0.65864 418.837
 0.65876 418.752
 0.65888 418.666
 0.659 418.579
 0.65912 418.49
 0.65924 418.399
 0.65936 418.307
 0.65948 418.214
 0.6596 418.12
 0.65972 418.024
 0.65984 417.927
 0.65996 417.829
 0.66008 417.73
 0.6602 417.629
 0.66032 417.527
 0.66044 417.425
 0.66056 417.321
 0.66068 417.216
 0.6608 417.11
 0.66092 417.003
 0.66104 416.895
 0.66116 416.786
 0.66128 416.677
 0.6614 416.566
 0.66152 416.454
 0.66164 416.342
 0.66176 416.229
 0.66188 416.115
 0.662 416
 0.66212 415.884
 0.66224 415.767
 0.66236 415.65
 0.66248 415.532
 0.6626 415.413
 0.66272 415.293
 0.66284 415.172
 0.66296 415.051
 0.66308 414.928
 0.6632 414.805
 0.66332 414.681
 0.66344 414.557
 0.66356 414.431
 0.66368 414.305
 0.6638 414.178
 0.66392 414.05
 0.66404 413.921
 0.66416 413.791
 0.66428 413.661
 0.6644 413.53
 0.66452 413.398
 0.66464 413.265
 0.66476 413.131
 0.66488 412.997
 0.665 412.862
 0.66512 412.726
 0.66524 412.589
 0.66536 412.451
 0.66548 412.312
 0.6656 412.173
 0.66572 412.033
 0.66584 411.892
 0.66596 411.75
 0.66608 411.608
 0.6662 411.464
 0.66632 411.32
 0.66644 411.175
 0.66656 411.029
 0.66668 410.882
 0.6668 410.734
 0.66692 410.585
 0.66704 410.436
 0.66716 410.286
 0.66728 410.135
 0.6674 409.983
 0.66752 409.83
 0.66764 409.677
 0.66776 409.522
 0.66788 409.367
 0.668 409.211
 0.66812 409.054
 0.66824 408.897
 0.66836 408.739
 0.66848 408.58
 0.6686 408.42
 0.66872 408.259
 0.66884 408.098
 0.66896 407.936
 0.66908 407.774
 0.6692 407.611
 0.66932 407.447
 0.66944 407.282
 0.66956 407.117
 0.66968 406.952
 0.6698 406.785
 0.66992 406.618
 0.67004 406.451
 0.67016 406.283
 0.67028 406.114
 0.6704 405.945
 0.67052 405.775
 0.67064 405.605
 0.67076 405.434
 0.67088 405.263
 0.671 405.091
 0.67112 404.919
 0.67124 404.746
 0.67136 404.573
 0.67148 404.4
 0.6716 404.226
 0.67172 404.052
 0.67184 403.878
 0.67196 403.703
 0.67208 403.528
 0.6722 403.353
 0.67232 403.178
 0.67244 403.002
 0.67256 402.827
 0.67268 402.651
 0.6728 402.475
 0.67292 402.299
 0.67304 402.123
 0.67316 401.947
 0.67328 401.77
 0.6734 401.594
 0.67352 401.418
 0.67364 401.242
 0.67376 401.066
 0.67388 400.89
 0.674 400.714
 0.67412 400.539
 0.67424 400.363
 0.67436 400.188
 0.67448 400.013
 0.6746 399.838
 0.67472 399.663
 0.67484 399.489
 0.67496 399.315
 0.67508 399.141
 0.6752 398.968
 0.67532 398.794
 0.67544 398.621
 0.67556 398.449
 0.67568 398.277
 0.6758 398.105
 0.67592 397.933
 0.67604 397.762
 0.67616 397.592
 0.67628 397.422
 0.6764 397.252
 0.67652 397.083
 0.67664 396.914
 0.67676 396.746
 0.67688 396.578
 0.677 396.411
 0.67712 396.244
 0.67724 396.078
 0.67736 395.913
 0.67748 395.748
 0.6776 395.583
 0.67772 395.419
 0.67784 395.256
 0.67796 395.093
 0.67808 394.931
 0.6782 394.769
 0.67832 394.608
 0.67844 394.448
 0.67856 394.288
 0.67868 394.129
 0.6788 393.97
 0.67892 393.812
 0.67904 393.655
 0.67916 393.498
 0.67928 393.342
 0.6794 393.187
 0.67952 393.032
 0.67964 392.878
 0.67976 392.725
 0.67988 392.573
 0.68 392.421
 0.68012 392.27
 0.68024 392.12
 0.68036 391.971
 0.68048 391.823
 0.6806 391.675
 0.68072 391.529
 0.68084 391.383
 0.68096 391.239
 0.68108 391.095
 0.6812 390.952
 0.68132 390.811
 0.68144 390.67
 0.68156 390.531
 0.68168 390.392
 0.6818 390.255
 0.68192 390.119
 0.68204 389.984
 0.68216 389.85
 0.68228 389.717
 0.6824 389.585
 0.68252 389.455
 0.68264 389.325
 0.68276 389.197
 0.68288 389.07
 0.683 388.945
 0.68312 388.821
 0.68324 388.698
 0.68336 388.576
 0.68348 388.456
 0.6836 388.337
 0.68372 388.219
 0.68384 388.103
 0.68396 387.989
 0.68408 387.875
 0.6842 387.763
 0.68432 387.653
 0.68444 387.544
 0.68456 387.437
 0.68468 387.331
 0.6848 387.226
 0.68492 387.123
 0.68504 387.022
 0.68516 386.922
 0.68528 386.824
 0.6854 386.727
 0.68552 386.632
 0.68564 386.538
 0.68576 386.446
 0.68588 386.355
 0.686 386.266
 0.68612 386.179
 0.68624 386.093
 0.68636 386.009
 0.68648 385.926
 0.6866 385.845
 0.68672 385.766
 0.68684 385.688
 0.68696 385.611
 0.68708 385.537
 0.6872 385.464
 0.68732 385.392
 0.68744 385.322
 0.68756 385.254
 0.68768 385.188
 0.6878 385.123
 0.68792 385.06
 0.68804 384.998
 0.68816 384.938
 0.68828 384.88
 0.6884 384.823
 0.68852 384.768
 0.68864 384.714
 0.68876 384.663
 0.68888 384.613
 0.689 384.564
 0.68912 384.518
 0.68924 384.473
 0.68936 384.429
 0.68948 384.388
 0.6896 384.348
 0.68972 384.309
 0.68984 384.272
 0.68996 384.237
 0.69008 384.203
 0.6902 384.171
 0.69032 384.141
 0.69044 384.112
 0.69056 384.084
 0.69068 384.059
 0.6908 384.034
 0.69092 384.011
 0.69104 383.99
 0.69116 383.971
 0.69128 383.952
 0.6914 383.936
 0.69152 383.92
 0.69164 383.907
 0.69176 383.895
 0.69188 383.884
 0.692 383.875
 0.69212 383.867
 0.69224 383.861
 0.69236 383.856
 0.69248 383.853
 0.6926 383.851
 0.69272 383.851
 0.69284 383.852
 0.69296 383.855
 0.69308 383.86
 0.6932 383.865
 0.69332 383.873
 0.69344 383.881
 0.69356 383.891
 0.69368 383.903
 0.6938 383.916
 0.69392 383.931
 0.69404 383.947
 0.69416 383.965
 0.69428 383.984
 0.6944 384.005
 0.69452 384.027
 0.69464 384.051
 0.69476 384.076
 0.69488 384.102
 0.695 384.131
 0.69512 384.16
 0.69524 384.191
 0.69536 384.224
 0.69548 384.258
 0.6956 384.293
 0.69572 384.33
 0.69584 384.368
 0.69596 384.408
 0.69608 384.449
 0.6962 384.492
 0.69632 384.536
 0.69644 384.582
 0.69656 384.628
 0.69668 384.677
 0.6968 384.727
 0.69692 384.778
 0.69704 384.83
 0.69716 384.884
 0.69728 384.939
 0.6974 384.996
 0.69752 385.054
 0.69764 385.113
 0.69776 385.174
 0.69788 385.235
 0.698 385.299
 0.69812 385.363
 0.69824 385.429
 0.69836 385.496
 0.69848 385.565
 0.6986 385.635
 0.69872 385.706
 0.69884 385.778
 0.69896 385.852
 0.69908 385.926
 0.6992 386.003
 0.69932 386.08
 0.69944 386.159
 0.69956 386.238
 0.69968 386.319
 0.6998 386.402
 0.69992 386.485
 0.70004 386.57
 0.70016 386.656
 0.70028 386.744
 0.7004 386.832
 0.70052 386.922
 0.70064 387.013
 0.70076 387.105
 0.70088 387.199
 0.701 387.293
 0.70112 387.389
 0.70124 387.486
 0.70136 387.584
 0.70148 387.683
 0.7016 387.783
 0.70172 387.884
 0.70184 387.985
 0.70196 388.088
 0.70208 388.192
 0.7022 388.297
 0.70232 388.403
 0.70244 388.509
 0.70256 388.617
 0.70268 388.725
 0.7028 388.834
 0.70292 388.944
 0.70304 389.055
 0.70316 389.167
 0.70328 389.279
 0.7034 389.392
 0.70352 389.505
 0.70364 389.62
 0.70376 389.735
 0.70388 389.85
 0.704 389.967
 0.70412 390.084
 0.70424 390.201
 0.70436 390.319
 0.70448 390.438
 0.7046 390.557
 0.70472 390.677
 0.70484 390.798
 0.70496 390.919
 0.70508 391.04
 0.7052 391.162
 0.70532 391.284
 0.70544 391.407
 0.70556 391.53
 0.70568 391.654
 0.7058 391.778
 0.70592 391.903
 0.70604 392.028
 0.70616 392.153
 0.70628 392.279
 0.7064 392.405
 0.70652 392.532
 0.70664 392.658
 0.70676 392.786
 0.70688 392.913
 0.707 393.041
 0.70712 393.169
 0.70724 393.297
 0.70736 393.426
 0.70748 393.555
 0.7076 393.684
 0.70772 393.813
 0.70784 393.943
 0.70796 394.073
 0.70808 394.203
 0.7082 394.333
 0.70832 394.464
 0.70844 394.595
 0.70856 394.725
 0.70868 394.857
 0.7088 394.988
 0.70892 395.119
 0.70904 395.251
 0.70916 395.383
 0.70928 395.515
 0.7094 395.647
 0.70952 395.779
 0.70964 395.912
 0.70976 396.044
 0.70988 396.177
 0.71 396.309
 0.71012 396.442
 0.71024 396.575
 0.71036 396.708
 0.71048 396.842
 0.7106 396.975
 0.71072 397.108
 0.71084 397.241
 0.71096 397.375
 0.71108 397.508
 0.7112 397.641
 0.71132 397.775
 0.71144 397.908
 0.71156 398.041
 0.71168 398.174
 0.7118 398.307
 0.71192 398.439
 0.71204 398.572
 0.71216 398.704
 0.71228 398.836
 0.7124 398.968
 0.71252 399.099
 0.71264 399.231
 0.71276 399.361
 0.71288 399.492
 0.713 399.622
 0.71312 399.752
 0.71324 399.881
 0.71336 400.01
 0.71348 400.139
 0.7136 400.267
 0.71372 400.395
 0.71384 400.522
 0.71396 400.649
 0.71408 400.776
 0.7142 400.902
 0.71432 401.027
 0.71444 401.152
 0.71456 401.277
 0.71468 401.401
 0.7148 401.525
 0.71492 401.648
 0.71504 401.771
 0.71516 401.893
 0.71528 402.015
 0.7154 402.136
 0.71552 402.256
 0.71564 402.376
 0.71576 402.495
 0.71588 402.614
 0.716 402.732
 0.71612 402.849
 0.71624 402.965
 0.71636 403.081
 0.71648 403.196
 0.7166 403.31
 0.71672 403.424
 0.71684 403.536
 0.71696 403.648
 0.71708 403.759
 0.7172 403.869
 0.71732 403.979
 0.71744 404.087
 0.71756 404.195
 0.71768 404.302
 0.7178 404.407
 0.71792 404.512
 0.71804 404.616
 0.71816 404.719
 0.71828 404.822
 0.7184 404.923
 0.71852 405.023
 0.71864 405.122
 0.71876 405.22
 0.71888 405.317
 0.719 405.414
 0.71912 405.509
 0.71924 405.603
 0.71936 405.696
 0.71948 405.788
 0.7196 405.879
 0.71972 405.969
 0.71984 406.057
 0.71996 406.145
 0.72008 406.232
 0.7202 406.317
 0.72032 406.401
 0.72044 406.485
 0.72056 406.567
 0.72068 406.647
 0.7208 406.727
 0.72092 406.806
 0.72104 406.883
 0.72116 406.959
 0.72128 407.034
 0.7214 407.108
 0.72152 407.18
 0.72164 407.252
 0.72176 407.321
 0.72188 407.39
 0.722 407.457
 0.72212 407.523
 0.72224 407.588
 0.72236 407.652
 0.72248 407.714
 0.7226 407.775
 0.72272 407.834
 0.72284 407.892
 0.72296 407.949
 0.72308 408.004
 0.7232 408.058
 0.72332 408.11
 0.72344 408.161
 0.72356 408.211
 0.72368 408.259
 0.7238 408.306
 0.72392 408.351
 0.72404 408.395
 0.72416 408.438
 0.72428 408.478
 0.7244 408.518
 0.72452 408.556
 0.72464 408.592
 0.72476 408.627
 0.72488 408.66
 0.725 408.692
 0.72512 408.722
 0.72524 408.75
 0.72536 408.778
 0.72548 408.803
 0.7256 408.827
 0.72572 408.849
 0.72584 408.87
 0.72596 408.89
 0.72608 408.907
 0.7262 408.923
 0.72632 408.938
 0.72644 408.951
 0.72656 408.963
 0.72668 408.973
 0.7268 408.981
 0.72692 408.988
 0.72704 408.993
 0.72716 408.997
 0.72728 408.999
 0.7274 409
 0.72752 408.999
 0.72764 408.997
 0.72776 408.993
 0.72788 408.988
 0.728 408.981
 0.72812 408.972
 0.72824 408.962
 0.72836 408.951
 0.72848 408.938
 0.7286 408.923
 0.72872 408.907
 0.72884 408.889
 0.72896 408.87
 0.72908 408.849
 0.7292 408.827
 0.72932 408.803
 0.72944 408.778
 0.72956 408.751
 0.72968 408.723
 0.7298 408.693
 0.72992 408.661
 0.73004 408.628
 0.73016 408.594
 0.73028 408.558
 0.7304 408.52
 0.73052 408.481
 0.73064 408.441
 0.73076 408.399
 0.73088 408.355
 0.731 408.31
 0.73112 408.264
 0.73124 408.216
 0.73136 408.167
 0.73148 408.116
 0.7316 408.064
 0.73172 408.011
 0.73184 407.957
 0.73196 407.901
 0.73208 407.844
 0.7322 407.786
 0.73232 407.727
 0.73244 407.667
 0.73256 407.606
 0.73268 407.543
 0.7328 407.479
 0.73292 407.415
 0.73304 407.349
 0.73316 407.282
 0.73328 407.214
 0.7334 407.145
 0.73352 407.075
 0.73364 407.004
 0.73376 406.932
 0.73388 406.859
 0.734 406.785
 0.73412 406.711
 0.73424 406.635
 0.73436 406.558
 0.73448 406.48
 0.7346 406.401
 0.73472 406.322
 0.73484 406.241
 0.73496 406.159
 0.73508 406.077
 0.7352 405.993
 0.73532 405.909
 0.73544 405.824
 0.73556 405.738
 0.73568 405.651
 0.7358 405.563
 0.73592 405.474
 0.73604 405.384
 0.73616 405.294
 0.73628 405.202
 0.7364 405.109
 0.73652 405.016
 0.73664 404.922
 0.73676 404.826
 0.73688 404.73
 0.737 404.633
 0.73712 404.535
 0.73724 404.436
 0.73736 404.337
 0.73748 404.236
 0.7376 404.134
 0.73772 404.032
 0.73784 403.928
 0.73796 403.824
 0.73808 403.719
 0.7382 403.613
 0.73832 403.506
 0.73844 403.398
 0.73856 403.289
 0.73868 403.179
 0.7388 403.068
 0.73892 402.956
 0.73904 402.844
 0.73916 402.73
 0.73928 402.616
 0.7394 402.5
 0.73952 402.384
 0.73964 402.267
 0.73976 402.149
 0.73988 402.029
 0.74 401.909
 0.74012 401.788
 0.74024 401.666
 0.74036 401.543
 0.74048 401.419
 0.7406 401.294
 0.74072 401.168
 0.74084 401.041
 0.74096 400.913
 0.74108 400.784
 0.7412 400.654
 0.74132 400.523
 0.74144 400.391
 0.74156 400.259
 0.74168 400.125
 0.7418 399.991
 0.74192 399.856
 0.74204 399.72
 0.74216 399.584
 0.74228 399.447
 0.7424 399.309
 0.74252 399.17
 0.74264 399.03
 0.74276 398.89
 0.74288 398.75
 0.743 398.608
 0.74312 398.466
 0.74324 398.324
 0.74336 398.18
 0.74348 398.037
 0.7436 397.892
 0.74372 397.747
 0.74384 397.601
 0.74396 397.455
 0.74408 397.308
 0.7442 397.161
 0.74432 397.013
 0.74444 396.864
 0.74456 396.715
 0.74468 396.566
 0.7448 396.416
 0.74492 396.265
 0.74504 396.114
 0.74516 395.963
 0.74528 395.812
 0.7454 395.66
 0.74552 395.508
 0.74564 395.356
 0.74576 395.203
 0.74588 395.051
 0.746 394.898
 0.74612 394.746
 0.74624 394.594
 0.74636 394.441
 0.74648 394.289
 0.7466 394.137
 0.74672 393.985
 0.74684 393.833
 0.74696 393.681
 0.74708 393.53
 0.7472 393.378
 0.74732 393.227
 0.74744 393.077
 0.74756 392.926
 0.74768 392.776
 0.7478 392.627
 0.74792 392.477
 0.74804 392.328
 0.74816 392.18
 0.74828 392.032
 0.7484 391.884
 0.74852 391.737
 0.74864 391.59
 0.74876 391.444
 0.74888 391.298
 0.749 391.153
 0.74912 391.008
 0.74924 390.865
 0.74936 390.721
 0.74948 390.579
 0.7496 390.437
 0.74972 390.295
 0.74984 390.155
 0.74996 390.015
 0.75008 389.876
 0.7502 389.738
 0.75032 389.6
 0.75044 389.463
 0.75056 389.328
 0.75068 389.193
 0.7508 389.059
 0.75092 388.926
 0.75104 388.794
 0.75116 388.662
 0.75128 388.532
 0.7514 388.403
 0.75152 388.275
 0.75164 388.148
 0.75176 388.022
 0.75188 387.897
 0.752 387.774
 0.75212 387.651
 0.75224 387.53
 0.75236 387.409
 0.75248 387.29
 0.7526 387.172
 0.75272 387.055
 0.75284 386.939
 0.75296 386.825
 0.75308 386.712
 0.7532 386.6
 0.75332 386.489
 0.75344 386.38
 0.75356 386.272
 0.75368 386.165
 0.7538 386.06
 0.75392 385.956
 0.75404 385.853
 0.75416 385.752
 0.75428 385.652
 0.7544 385.553
 0.75452 385.456
 0.75464 385.361
 0.75476 385.267
 0.75488 385.174
 0.755 385.083
 0.75512 384.993
 0.75524 384.905
 0.75536 384.819
 0.75548 384.734
 0.7556 384.651
 0.75572 384.569
 0.75584 384.489
 0.75596 384.41
 0.75608 384.333
 0.7562 384.257
 0.75632 384.184
 0.75644 384.111
 0.75656 384.041
 0.75668 383.972
 0.7568 383.904
 0.75692 383.839
 0.75704 383.775
 0.75716 383.712
 0.75728 383.652
 0.7574 383.593
 0.75752 383.535
 0.75764 383.48
 0.75776 383.426
 0.75788 383.374
 0.758 383.323
 0.75812 383.275
 0.75824 383.228
 0.75836 383.183
 0.75848 383.14
 0.7586 383.098
 0.75872 383.058
 0.75884 383.02
 0.75896 382.984
 0.75908 382.95
 0.7592 382.917
 0.75932 382.887
 0.75944 382.858
 0.75956 382.831
 0.75968 382.806
 0.7598 382.782
 0.75992 382.761
 0.76004 382.741
 0.76016 382.723
 0.76028 382.707
 0.7604 382.693
 0.76052 382.681
 0.76064 382.67
 0.76076 382.662
 0.76088 382.655
 0.761 382.65
 0.76112 382.647
 0.76124 382.646
 0.76136 382.646
 0.76148 382.648
 0.7616 382.652
 0.76172 382.658
 0.76184 382.665
 0.76196 382.674
 0.76208 382.684
 0.7622 382.696
 0.76232 382.71
 0.76244 382.725
 0.76256 382.742
 0.76268 382.76
 0.7628 382.78
 0.76292 382.802
 0.76304 382.825
 0.76316 382.849
 0.76328 382.875
 0.7634 382.903
 0.76352 382.932
 0.76364 382.962
 0.76376 382.994
 0.76388 383.028
 0.764 383.063
 0.76412 383.1
 0.76424 383.138
 0.76436 383.178
 0.76448 383.219
 0.7646 383.262
 0.76472 383.306
 0.76484 383.352
 0.76496 383.399
 0.76508 383.448
 0.7652 383.498
 0.76532 383.55
 0.76544 383.603
 0.76556 383.658
 0.76568 383.714
 0.7658 383.772
 0.76592 383.831
 0.76604 383.892
 0.76616 383.954
 0.76628 384.018
 0.7664 384.084
 0.76652 384.151
 0.76664 384.22
 0.76676 384.29
 0.76688 384.362
 0.767 384.436
 0.76712 384.511
 0.76724 384.588
 0.76736 384.667
 0.76748 384.747
 0.7676 384.829
 0.76772 384.913
 0.76784 384.999
 0.76796 385.086
 0.76808 385.175
 0.7682 385.266
 0.76832 385.359
 0.76844 385.454
 0.76856 385.55
 0.76868 385.648
 0.7688 385.748
 0.76892 385.849
 0.76904 385.953
 0.76916 386.058
 0.76928 386.165
 0.7694 386.274
 0.76952 386.385
 0.76964 386.497
 0.76976 386.612
 0.76988 386.728
 0.77 386.846
 0.77012 386.966
 0.77024 387.087
 0.77036 387.211
 0.77048 387.336
 0.7706 387.463
 0.77072 387.592
 0.77084 387.723
 0.77096 387.856
 0.77108 387.99
 0.7712 388.127
 0.77132 388.265
 0.77144 388.405
 0.77156 388.546
 0.77168 388.689
 0.7718 388.834
 0.77192 388.981
 0.77204 389.129
 0.77216 389.279
 0.77228 389.431
 0.7724 389.584
 0.77252 389.739
 0.77264 389.895
 0.77276 390.053
 0.77288 390.213
 0.773 390.373
 0.77312 390.536
 0.77324 390.7
 0.77336 390.865
 0.77348 391.032
 0.7736 391.2
 0.77372 391.369
 0.77384 391.54
 0.77396 391.713
 0.77408 391.886
 0.7742 392.061
 0.77432 392.238
 0.77444 392.415
 0.77456 392.594
 0.77468 392.774
 0.7748 392.955
 0.77492 393.137
 0.77504 393.321
 0.77516 393.505
 0.77528 393.691
 0.7754 393.877
 0.77552 394.064
 0.77564 394.252
 0.77576 394.441
 0.77588 394.631
 0.776 394.821
 0.77612 395.012
 0.77624 395.203
 0.77636 395.395
 0.77648 395.588
 0.7766 395.781
 0.77672 395.975
 0.77684 396.169
 0.77696 396.364
 0.77708 396.559
 0.7772 396.755
 0.77732 396.951
 0.77744 397.147
 0.77756 397.344
 0.77768 397.541
 0.7778 397.738
 0.77792 397.936
 0.77804 398.134
 0.77816 398.332
 0.77828 398.531
 0.7784 398.73
 0.77852 398.929
 0.77864 399.128
 0.77876 399.327
 0.77888 399.527
 0.779 399.726
 0.77912 399.926
 0.77924 400.126
 0.77936 400.325
 0.77948 400.525
 0.7796 400.724
 0.77972 400.924
 0.77984 401.123
 0.77996 401.322
 0.78008 401.521
 0.7802 401.72
 0.78032 401.919
 0.78044 402.117
 0.78056 402.315
 0.78068 402.513
 0.7808 402.711
 0.78092 402.908
 0.78104 403.104
 0.78116 403.301
 0.78128 403.496
 0.7814 403.692
 0.78152 403.887
 0.78164 404.081
 0.78176 404.275
 0.78188 404.468
 0.782 404.661
 0.78212 404.853
 0.78224 405.045
 0.78236 405.236
 0.78248 405.427
 0.7826 405.617
 0.78272 405.806
 0.78284 405.995
 0.78296 406.183
 0.78308 406.371
 0.7832 406.558
 0.78332 406.744
 0.78344 406.929
 0.78356 407.114
 0.78368 407.298
 0.7838 407.481
 0.78392 407.663
 0.78404 407.845
 0.78416 408.025
 0.78428 408.205
 0.7844 408.384
 0.78452 408.562
 0.78464 408.739
 0.78476 408.916
 0.78488 409.091
 0.785 409.265
 0.78512 409.439
 0.78524 409.611
 0.78536 409.782
 0.78548 409.952
 0.7856 410.122
 0.78572 410.29
 0.78584 410.457
 0.78596 410.623
 0.78608 410.788
 0.7862 410.952
 0.78632 411.115
 0.78644 411.276
 0.78656 411.437
 0.78668 411.596
 0.7868 411.754
 0.78692 411.911
 0.78704 412.066
 0.78716 412.221
 0.78728 412.374
 0.7874 412.525
 0.78752 412.676
 0.78764 412.825
 0.78776 412.973
 0.78788 413.119
 0.788 413.264
 0.78812 413.408
 0.78824 413.55
 0.78836 413.691
 0.78848 413.83
 0.7886 413.968
 0.78872 414.105
 0.78884 414.239
 0.78896 414.373
 0.78908 414.505
 0.7892 414.635
 0.78932 414.763
 0.78944 414.89
 0.78956 415.016
 0.78968 415.14
 0.7898 415.262
 0.78992 415.383
 0.79004 415.502
 0.79016 415.619
 0.79028 415.735
 0.7904 415.849
 0.79052 415.962
 0.79064 416.072
 0.79076 416.181
 0.79088 416.289
 0.791 416.395
 0.79112 416.499
 0.79124 416.601
 0.79136 416.701
 0.79148 416.8
 0.7916 416.898
 0.79172 416.993
 0.79184 417.087
 0.79196 417.18
 0.79208 417.27
 0.7922 417.36
 0.79232 417.447
 0.79244 417.533
 0.79256 417.618
 0.79268 417.701
 0.7928 417.782
 0.79292 417.862
 0.79304 417.94
 0.79316 418.017
 0.79328 418.093
 0.7934 418.166
 0.79352 418.239
 0.79364 418.309
 0.79376 418.378
 0.79388 418.446
 0.794 418.512
 0.79412 418.577
 0.79424 418.64
 0.79436 418.701
 0.79448 418.761
 0.7946 418.819
 0.79472 418.876
 0.79484 418.932
 0.79496 418.986
 0.79508 419.038
 0.7952 419.089
 0.79532 419.139
 0.79544 419.187
 0.79556 419.234
 0.79568 419.279
 0.7958 419.323
 0.79592 419.365
 0.79604 419.406
 0.79616 419.445
 0.79628 419.483
 0.7964 419.52
 0.79652 419.554
 0.79664 419.588
 0.79676 419.619
 0.79688 419.65
 0.797 419.678
 0.79712 419.705
 0.79724 419.73
 0.79736 419.754
 0.79748 419.776
 0.7976 419.796
 0.79772 419.814
 0.79784 419.831
 0.79796 419.846
 0.79808 419.859
 0.7982 419.87
 0.79832 419.879
 0.79844 419.886
 0.79856 419.892
 0.79868 419.896
 0.7988 419.898
 0.79892 419.898
 0.79904 419.896
 0.79916 419.892
 0.79928 419.886
 0.7994 419.879
 0.79952 419.87
 0.79964 419.858
 0.79976 419.845
 0.79988 419.83
