 0.2 3388.06
 0.20012 3407.55
 0.20024 3421.19
 0.20036 3429.4
 0.20048 3432.67
 0.2006 3431.18
 0.20072 3425.15
 0.20084 3414.91
 0.20096 3400.51
 0.20108 3381.89
 0.2012 3359.2
 0.20132 3333.21
 0.20144 3305.05
 0.20156 3275.91
 0.20168 3246.72
 0.2018 3218.14
 0.20192 3191.15
 0.20204 3166.72
 0.20216 3145.48
 0.20228 3128
 0.2024 3114.63
 0.20252 3105.69
 0.20264 3101.64
 0.20276 3102.9
 0.20288 3109.46
 0.203 3121.89
 0.20312 3141.02
 0.20324 3167.42
 0.20336 3201.36
 0.20348 3242.61
 0.2036 3290.85
 0.20372 3345.96
 0.20384 3408.07
 0.20396 3477.05
 0.20408 3553.36
 0.2042 3637.6
 0.20432 3730
 0.20444 3830.55
 0.20456 3938.97
 0.20468 4054.48
 0.2048 4176.69
 0.20492 4305.74
 0.20504 4440.96
 0.20516 4581.39
 0.20528 4725.69
 0.2054 4872.38
 0.20552 5020.37
 0.20564 5168.72
 0.20576 5316.24
 0.20588 5461.36
 0.206 5601.76
 0.20612 5734.38
 0.20624 5856.23
 0.20636 5965.11
 0.20648 6059.2
 0.2066 6137.41
 0.20672 6199.25
 0.20684 6243.79
 0.20696 6269.7
 0.20708 6276.3
 0.2072 6263.23
 0.20732 6231.04
 0.20744 6180.62
 0.20756 6113.03
 0.20768 6029.14
 0.2078 5929.54
 0.20792 5815.51
 0.20804 5689.55
 0.20816 5554.84
 0.20828 5414.51
 0.2084 5271.08
 0.20852 5126.69
 0.20864 4982.73
 0.20876 4839.98
 0.20888 4699.49
 0.209 4562.64
 0.20912 4430.78
 0.20924 4304.93
 0.20936 4185.5
 0.20948 4072.48
 0.2096 3965.45
 0.20972 3864.48
 0.20984 3770.49
 0.20996 3683.78
 0.21008 3603.86
 0.2102 3529.61
 0.21032 3460.02
 0.21044 3394.49
 0.21056 3332.56
 0.21068 3274.33
 0.2108 3220.51
 0.21092 3171.73
 0.21104 3128.44
 0.21116 3090.61
 0.21128 3058.16
 0.2114 3031.04
 0.21152 3009.53
 0.21164 2994.38
 0.21176 2985.81
 0.21188 2983.53
 0.212 2987.51
 0.21212 2998.35
 0.21224 3016.95
 0.21236 3043.7
 0.21248 3078.7
 0.2126 3122.29
 0.21272 3174.35
 0.21284 3234.45
 0.21296 3301.64
 0.21308 3374.87
 0.2132 3453.85
 0.21332 3538.61
 0.21344 3629.24
 0.21356 3725.12
 0.21368 3825.08
 0.2138 3927.95
 0.21392 4032.53
 0.21404 4137.12
 0.21416 4239.21
 0.21428 4336.55
 0.2144 4427.63
 0.21452 4511.03
 0.21464 4585.27
 0.21476 4648.94
 0.21488 4700.78
 0.215 4740.45
 0.21512 4767.39
 0.21524 4780.62
 0.21536 4779.19
 0.21548 4762.55
 0.2156 4731.13
 0.21572 4686.03
 0.21584 4628.52
 0.21596 4560.1
 0.21608 4483.11
 0.2162 4400.52
 0.21632 4314.99
 0.21644 4228.76
 0.21656 4143.74
 0.21668 4061.84
 0.2168 3985.23
 0.21692 3915.98
 0.21704 3855.69
 0.21716 3806.19
 0.21728 3769.15
 0.2174 3745.9
 0.21752 3737.05
 0.21764 3742.33
 0.21776 3760.95
 0.21788 3792.19
 0.218 3835.29
 0.21812 3888.83
 0.21824 3951
 0.21836 4019.79
 0.21848 4093.18
 0.2186 4169.36
 0.21872 4246.29
 0.21884 4321.65
 0.21896 4393.3
 0.21908 4459.47
 0.2192 4518.5
 0.21932 4568.94
 0.21944 4609.65
 0.21956 4640.28
 0.21968 4661.26
 0.2198 4673.2
 0.21992 4676.33
 0.22004 4670.73
 0.22016 4656.7
 0.22028 4634.86
 0.2204 4606.43
 0.22052 4573.05
 0.22064 4536.57
 0.22076 4498.89
 0.22088 4461.92
 0.221 4427.1
 0.22112 4395.48
 0.22124 4368.03
 0.22136 4345.76
 0.22148 4329.36
 0.2216 4318.5
 0.22172 4312.06
 0.22184 4309.23
 0.22196 4309.58
 0.22208 4312.78
 0.2222 4318.65
 0.22232 4326.88
 0.22244 4336.6
 0.22256 4346.51
 0.22268 4355.38
 0.2228 4362.25
 0.22292 4366.14
 0.22304 4366.52
 0.22316 4362.95
 0.22328 4354.74
 0.2234 4340.86
 0.22352 4320.89
 0.22364 4295.5
 0.22376 4265.74
 0.22388 4232.18
 0.224 4195.29
 0.22412 4155.52
 0.22424 4113.14
 0.22436 4068.28
 0.22448 4021.13
 0.2246 3971.84
 0.22472 3920.18
 0.22484 3866.06
 0.22496 3809.49
 0.22508 3750.33
 0.2252 3688.84
 0.22532 3625.79
 0.22544 3562.32
 0.22556 3499.21
 0.22568 3436.68
 0.2258 3375.11
 0.22592 3314.97
 0.22604 3256.77
 0.22616 3200.67
 0.22628 3146.88
 0.2264 3096.18
 0.22652 3049.56
 0.22664 3008.25
 0.22676 2973.34
 0.22688 2945.57
 0.227 2925.74
 0.22712 2914.53
 0.22724 2912.25
 0.22736 2918.96
 0.22748 2934.33
 0.2276 2957.73
 0.22772 2988.66
 0.22784 3026.66
 0.22796 3071.42
 0.22808 3122.68
 0.2282 3180.56
 0.22832 3244.97
 0.22844 3315.19
 0.22856 3390.53
 0.22868 3470.45
 0.2288 3554.9
 0.22892 3643.85
 0.22904 3736.99
 0.22916 3833.6
 0.22928 3932.72
 0.2294 4033.32
 0.22952 4134.82
 0.22964 4236.94
 0.22976 4339.19
 0.22988 4440.47
 0.23 4539.67
 0.23012 4635.7
 0.23024 4727.56
 0.23036 4814.47
 0.23048 4896.04
 0.2306 4971.35
 0.23072 5038.96
 0.23084 5097.14
 0.23096 5144.24
 0.23108 5179.13
 0.2312 5201.63
 0.23132 5211.73
 0.23144 5209.68
 0.23156 5195.3
 0.23168 5168.3
 0.2318 5128.87
 0.23192 5078.03
 0.23204 5016.63
 0.23216 4945.47
 0.23228 4865.21
 0.2324 4776.4
 0.23252 4679.76
 0.23264 4576.89
 0.23276 4469.83
 0.23288 4360.87
 0.233 4252.44
 0.23312 4146.63
 0.23324 4045.17
 0.23336 3949.71
 0.23348 3861.76
 0.2336 3782.8
 0.23372 3714.67
 0.23384 3658.03
 0.23396 3613.05
 0.23408 3579.8
 0.2342 3558.15
 0.23432 3547.95
 0.23444 3548.65
 0.23456 3559.11
 0.23468 3577.53
 0.2348 3601.79
 0.23492 3629.46
 0.23504 3657.94
 0.23516 3684.67
 0.23528 3707.08
 0.2354 3722.95
 0.23552 3730.52
 0.23564 3728.13
 0.23576 3714.39
 0.23588 3689.15
 0.236 3652.64
 0.23612 3605.57
 0.23624 3548.97
 0.23636 3484.15
 0.23648 3413.15
 0.2366 3338.25
 0.23672 3261.93
 0.23684 3186.85
 0.23696 3115.58
 0.23708 3050.63
 0.2372 2994.28
 0.23732 2948.61
 0.23744 2915.14
 0.23756 2894.85
 0.23768 2888.7
 0.2378 2896.98
 0.23792 2919.22
 0.23804 2954.08
 0.23816 2999.69
 0.23828 3053.89
 0.2384 3114.19
 0.23852 3177.87
 0.23864 3242.36
 0.23876 3305.25
 0.23888 3364.42
 0.239 3418.05
 0.23912 3464.51
 0.23924 3502.74
 0.23936 3532.11
 0.23948 3552.38
 0.2396 3563.33
 0.23972 3564.78
 0.23984 3556.86
 0.23996 3540.52
 0.24008 3517.82
 0.2402 3491.18
 0.24032 3463.04
 0.24044 3435.83
 0.24056 3411.94
 0.24068 3393.52
 0.2408 3382.22
 0.24092 3379.44
 0.24104 3386.5
 0.24116 3404.22
 0.24128 3432.45
 0.2414 3470.33
 0.24152 3517.12
 0.24164 3572.24
 0.24176 3635.16
 0.24188 3705.16
 0.242 3780.63
 0.24212 3859.39
 0.24224 3938.91
 0.24236 4017.06
 0.24248 4091.57
 0.2426 4160.13
 0.24272 4220.96
 0.24284 4272.4
 0.24296 4312.61
 0.24308 4340
 0.2432 4353.88
 0.24332 4354.81
 0.24344 4343.97
 0.24356 4322.26
 0.24368 4290.34
 0.2438 4248.84
 0.24392 4198.68
 0.24404 4140.95
 0.24416 4077.06
 0.24428 4008.72
 0.2444 3937.35
 0.24452 3864.79
 0.24464 3792.68
 0.24476 3722.42
 0.24488 3655.86
 0.245 3595.1
 0.24512 3541.67
 0.24524 3496.25
 0.24536 3458.56
 0.24548 3428.13
 0.2456 3404.77
 0.24572 3388.35
 0.24584 3378.64
 0.24596 3375.26
 0.24608 3377.93
 0.2462 3386.15
 0.24632 3399.45
 0.24644 3417.39
 0.24656 3439.06
 0.24668 3463.72
 0.2468 3490.34
 0.24692 3517.53
 0.24704 3544.04
 0.24716 3569.33
 0.24728 3593.37
 0.2474 3616.42
 0.24752 3638.68
 0.24764 3660.31
 0.24776 3681.82
 0.24788 3704.02
 0.248 3727.99
 0.24812 3754.85
 0.24824 3785.57
 0.24836 3820.65
 0.24848 3860.7
 0.2486 3906.65
 0.24872 3959.63
 0.24884 4020.93
 0.24896 4091.3
 0.24908 4170.53
 0.2492 4257.77
 0.24932 4351.82
 0.24944 4451.6
 0.24956 4556.07
 0.24968 4664.02
 0.2498 4773.78
 0.24992 4882.92
 0.25004 4988.65
 0.25016 5088.22
 0.25028 5179.07
 0.2504 5259.17
 0.25052 5326.53
 0.25064 5378.99
 0.25076 5414.16
 0.25088 5430.14
 0.251 5426.5
 0.25112 5403.9
 0.25124 5363.48
 0.25136 5306.66
 0.25148 5234.77
 0.2516 5148.64
 0.25172 5048.72
 0.25184 4936.03
 0.25196 4812.38
 0.25208 4679.47
 0.2522 4539.4
 0.25232 4394.33
 0.25244 4246.07
 0.25256 4096.33
 0.25268 3946.86
 0.2528 3799.47
 0.25292 3655.27
 0.25304 3514.46
 0.25316 3376.76
 0.25328 3241.73
 0.2534 3108.74
 0.25352 2977.47
 0.25364 2848.81
 0.25376 2724.34
 0.25388 2605.03
 0.254 2491.76
 0.25412 2385.47
 0.25424 2286.45
 0.25436 2194.87
 0.25448 2111.05
 0.2546 2035.32
 0.25472 1968.03
 0.25484 1909.52
 0.25496 1860.12
 0.25508 1820.11
 0.2552 1789.57
 0.25532 1768.45
 0.25544 1756.88
 0.25556 1754.59
 0.25568 1760.44
 0.2558 1773.15
 0.25592 1791.89
 0.25604 1815.71
 0.25616 1843.89
 0.25628 1876.11
 0.2564 1912.15
 0.25652 1951.79
 0.25664 1994.79
 0.25676 2040.65
 0.25688 2089.19
 0.257 2140.63
 0.25712 2195.56
 0.25724 2255.13
 0.25736 2320.58
 0.25748 2392.65
 0.2576 2472.07
 0.25772 2559.59
 0.25784 2655.65
 0.25796 2760.48
 0.25808 2874.11
 0.2582 2996.21
 0.25832 3126.04
 0.25844 3262.74
 0.25856 3405.56
 0.25868 3553.89
 0.2588 3707.44
 0.25892 3865.2
 0.25904 4025.83
 0.25916 4187.69
 0.25928 4348.43
 0.2594 4505.83
 0.25952 4658.39
 0.25964 4804.68
 0.25976 4943.43
 0.25988 5073.47
 0.26 5193.59
 0.26012 5302.99
 0.26024 5401.38
 0.26036 5488.78
 0.26048 5565.01
 0.2606 5629.64
 0.26072 5682.22
 0.26084 5722.48
 0.26096 5751.05
 0.26108 5768.5
 0.2612 5775.76
 0.26132 5774.57
 0.26144 5766.58
 0.26156 5753.16
 0.26168 5735.52
 0.2618 5714.96
 0.26192 5692.76
 0.26204 5670.35
 0.26216 5648.57
 0.26228 5627.88
 0.2624 5608.92
 0.26252 5592.81
 0.26264 5580.81
 0.26276 5573.42
 0.26288 5570.59
 0.263 5571.89
 0.26312 5577.14
 0.26324 5585.6
 0.26336 5595.85
 0.26348 5606.45
 0.2636 5616.11
 0.26372 5623.8
 0.26384 5628.46
 0.26396 5629.14
 0.26408 5624.98
 0.2642 5615.75
 0.26432 5601.32
 0.26444 5581.34
 0.26456 5554.97
 0.26468 5521.71
 0.2648 5482.11
 0.26492 5436.86
 0.26504 5386.6
 0.26516 5331.89
 0.26528 5273.55
 0.2654 5212.19
 0.26552 5148.29
 0.26564 5082.03
 0.26576 5013.9
 0.26588 4944.23
 0.266 4873.31
 0.26612 4801.32
 0.26624 4728
 0.26636 4653.02
 0.26648 4575.93
 0.2666 4496.66
 0.26672 4414.66
 0.26684 4329.15
 0.26696 4239.43
 0.26708 4145.03
 0.2672 4045.52
 0.26732 3941.17
 0.26744 3833.13
 0.26756 3722.59
 0.26768 3610.47
 0.2678 3497.15
 0.26792 3382.92
 0.26804 3267.89
 0.26816 3152.23
 0.26828 3036.28
 0.2684 2920.73
 0.26852 2806.6
 0.26864 2694.84
 0.26876 2586.56
 0.26888 2482.74
 0.269 2384.26
 0.26912 2291.87
 0.26924 2206.24
 0.26936 2127.22
 0.26948 2054.43
 0.2696 1987.93
 0.26972 1928.42
 0.26984 1877.09
 0.26996 1835.59
 0.27008 1805.75
 0.2702 1789.16
 0.27032 1787.42
 0.27044 1801.44
 0.27056 1831.5
 0.27068 1877.59
 0.2708 1939.48
 0.27092 2017.07
 0.27104 2110.22
 0.27116 2218.57
 0.27128 2341.6
 0.2714 2478.45
 0.27152 2627.91
 0.27164 2787.99
 0.27176 2956.14
 0.27188 3129.47
 0.272 3304.53
 0.27212 3478.07
 0.27224 3646.96
 0.27236 3808.01
 0.27248 3958.9
 0.2726 4098.13
 0.27272 4224.61
 0.27284 4337.34
 0.27296 4435.14
 0.27308 4517
 0.2732 4582.24
 0.27332 4630.6
 0.27344 4662.64
 0.27356 4679.36
 0.27368 4682.33
 0.2738 4673.25
 0.27392 4653.94
 0.27404 4626.43
 0.27416 4592.2
 0.27428 4552.84
 0.2744 4509.81
 0.27452 4463.81
 0.27464 4415.21
 0.27476 4364.21
 0.27488 4311.29
 0.275 4256.89
 0.27512 4201.22
 0.27524 4144.4
 0.27536 4086.36
 0.27548 4026.68
 0.2756 3964.78
 0.27572 3900.13
 0.27584 3832.48
 0.27596 3761.58
 0.27608 3687.62
 0.2762 3611.35
 0.27632 3533.6
 0.27644 3455.55
 0.27656 3378.45
 0.27668 3303.23
 0.2768 3230.87
 0.27692 3162.3
 0.27704 3098.77
 0.27716 3041.85
 0.27728 2992.83
 0.2774 2952.8
 0.27752 2922.66
 0.27764 2902.81
 0.27776 2893.18
 0.27788 2893.52
 0.278 2903.34
 0.27812 2921.55
 0.27824 2946.72
 0.27836 2977.25
 0.27848 3011.51
 0.2786 3048.75
 0.27872 3088.48
 0.27884 3129.75
 0.27896 3171.39
 0.27908 3211.97
 0.2792 3250
 0.27932 3284.41
 0.27944 3314.24
 0.27956 3339.09
 0.27968 3359.47
 0.2798 3376.2
 0.27992 3390.02
 0.28004 3401.82
 0.28016 3412.77
 0.28028 3424.29
 0.2804 3437.76
 0.28052 3453.71
 0.28064 3471.57
 0.28076 3491.06
 0.28088 3512.41
 0.281 3535.99
 0.28112 3562.09
 0.28124 3590.82
 0.28136 3622.15
 0.28148 3656.17
 0.2816 3692.24
 0.28172 3729.14
 0.28184 3765.77
 0.28196 3801.69
 0.28208 3836.65
 0.2822 3870.24
 0.28232 3901.27
 0.28244 3928.88
 0.28256 3953.41
 0.28268 3975.84
 0.2828 3996.73
 0.28292 4016.43
 0.28304 4034.88
 0.28316 4052.23
 0.28328 4068.74
 0.2834 4084.53
 0.28352 4099.84
 0.28364 4115.49
 0.28376 4132.26
 0.28388 4150.09
 0.284 4167.86
 0.28412 4184.01
 0.28424 4197.62
 0.28436 4208.77
 0.28448 4217.29
 0.2846 4222.2
 0.28472 4222.1
 0.28484 4215.91
 0.28496 4203.02
 0.28508 4183.42
 0.2852 4157.03
 0.28532 4123.87
 0.28544 4083.88
 0.28556 4036.55
 0.28568 3981.18
 0.2858 3917.62
 0.28592 3846.87
 0.28604 3770.73
 0.28616 3691.38
 0.28628 3610.31
 0.2864 3528.27
 0.28652 3446.04
 0.28664 3365.05
 0.28676 3286.99
 0.28688 3213
 0.287 3143.76
 0.28712 3079.6
 0.28724 3020.71
 0.28736 2967.16
 0.28748 2919.4
 0.2876 2878.27
 0.28772 2844.66
 0.28784 2818.73
 0.28796 2800.28
 0.28808 2788.75
 0.2882 2783.08
 0.28832 2782.46
 0.28844 2786.59
 0.28856 2795.1
 0.28868 2807.14
 0.2888 2822.12
 0.28892 2840.03
 0.28904 2860.99
 0.28916 2885.13
 0.28928 2912.92
 0.2894 2944.81
 0.28952 2980.8
 0.28964 3020.67
 0.28976 3063.99
 0.28988 3110.59
 0.29 3159.8
 0.29012 3211.29
 0.29024 3265.32
 0.29036 3321.94
 0.29048 3380.94
 0.2906 3442.21
 0.29072 3505.65
 0.29084 3570.38
 0.29096 3635.22
 0.29108 3699.15
 0.2912 3760.95
 0.29132 3819.09
 0.29144 3872.3
 0.29156 3919.46
 0.29168 3959.64
 0.2918 3992.36
 0.29192 4017.28
 0.29204 4034.68
 0.29216 4044.49
 0.29228 4046.65
 0.2924 4041.21
 0.29252 4028.33
 0.29264 4008.21
 0.29276 3981.42
 0.29288 3949.27
 0.293 3912.9
 0.29312 3873.22
 0.29324 3831.62
 0.29336 3789.42
 0.29348 3747.66
 0.2936 3707.3
 0.29372 3669.22
 0.29384 3633.88
 0.29396 3601.61
 0.29408 3572.53
 0.2942 3546.71
 0.29432 3524.11
 0.29444 3504.7
 0.29456 3488.24
 0.29468 3474.39
 0.2948 3462.59
 0.29492 3452.22
 0.29504 3442.78
 0.29516 3433.98
 0.29528 3425.36
 0.2954 3416.84
 0.29552 3408.81
 0.29564 3401.54
 0.29576 3395.36
 0.29588 3390.77
 0.296 3388.03
 0.29612 3387.47
 0.29624 3389.47
 0.29636 3394.22
 0.29648 3401.85
 0.2966 3412.89
 0.29672 3427.61
 0.29684 3445.83
 0.29696 3467.45
 0.29708 3492.56
 0.2972 3521.03
 0.29732 3552.6
 0.29744 3586.44
 0.29756 3621.43
 0.29768 3656.79
 0.2978 3691.59
 0.29792 3725.16
 0.29804 3756.91
 0.29816 3786.19
 0.29828 3812.43
 0.2984 3835.55
 0.29852 3855.47
 0.29864 3871.76
 0.29876 3884.67
 0.29888 3894.91
 0.299 3902.94
 0.29912 3908.98
 0.29924 3913.22
 0.29936 3915.93
 0.29948 3917.69
 0.2996 3919.08
 0.29972 3920.44
 0.29984 3922.08
 0.29996 3924.18
 0.30008 3927.14
 0.3002 3931.43
 0.30032 3937.44
 0.30044 3945.01
 0.30056 3953.86
 0.30068 3963.91
 0.3008 3974.53
 0.30092 3984.82
 0.30104 3993.74
 0.30116 4000.63
 0.30128 4005.2
 0.3014 4007.29
 0.30152 4006.72
 0.30164 4003.46
 0.30176 3997.7
 0.30188 3989.81
 0.302 3980.03
 0.30212 3968.5
 0.30224 3955.2
 0.30236 3939.89
 0.30248 3922.81
 0.3026 3904.46
 0.30272 3885.36
 0.30284 3866.26
 0.30296 3848.14
 0.30308 3832.09
 0.3032 3818.74
 0.30332 3808.21
 0.30344 3800.48
 0.30356 3795.34
 0.30368 3792.11
 0.3038 3789.89
 0.30392 3787.61
 0.30404 3784.33
 0.30416 3779.01
 0.30428 3770.9
 0.3044 3759.77
 0.30452 3745.08
 0.30464 3726.15
 0.30476 3702.18
 0.30488 3672.52
 0.305 3636.8
 0.30512 3594.68
 0.30524 3546.23
 0.30536 3491.89
 0.30548 3432.1
 0.3056 3367.73
 0.30572 3300.07
 0.30584 3230.59
 0.30596 3160.78
 0.30608 3092.02
 0.3062 3025.87
 0.30632 2963.52
 0.30644 2905.6
 0.30656 2852.73
 0.30668 2805.66
 0.3068 2765.02
 0.30692 2730.83
 0.30704 2702.87
 0.30716 2680.95
 0.30728 2664.6
 0.3074 2653.28
 0.30752 2646.47
 0.30764 2643.63
 0.30776 2643.99
 0.30788 2646.78
 0.308 2651.34
 0.30812 2657.13
 0.30824 2663.39
 0.30836 2669.9
 0.30848 2676.91
 0.3086 2684.69
 0.30872 2693.28
 0.30884 2703.14
 0.30896 2715.21
 0.30908 2730.18
 0.3092 2748.63
 0.30932 2771.2
 0.30944 2798.56
 0.30956 2831.12
 0.30968 2869.15
 0.3098 2912.57
 0.30992 2960.98
 0.31004 3013.79
 0.31016 3070.6
 0.31028 3131
 0.3104 3194.21
 0.31052 3259.36
 0.31064 3325.68
 0.31076 3392.59
 0.31088 3459.12
 0.311 3524.19
 0.31112 3587.1
 0.31124 3647.34
 0.31136 3704.46
 0.31148 3757.86
 0.3116 3806.96
 0.31172 3851.41
 0.31184 3891.97
 0.31196 3929.68
 0.31208 3965.43
 0.3122 3999.89
 0.31232 4033.81
 0.31244 4067.7
 0.31256 4101.67
 0.31268 4135.79
 0.3128 4169.96
 0.31292 4204.29
 0.31304 4238.76
 0.31316 4273.04
 0.31328 4306.47
 0.3134 4338.26
 0.31352 4368.1
 0.31364 4395.96
 0.31376 4421.18
 0.31388 4442.14
 0.314 4457.46
 0.31412 4466.15
 0.31424 4467.29
 0.31436 4459.68
 0.31448 4442.83
 0.3146 4416.66
 0.31472 4381.06
 0.31484 4336.07
 0.31496 4281.85
 0.31508 4218.74
 0.3152 4147.44
 0.31532 4069.04
 0.31544 3984.72
 0.31556 3895.28
 0.31568 3801.46
 0.3158 3704.69
 0.31592 3606.63
 0.31604 3508.32
 0.31616 3410.56
 0.31628 3314.34
 0.3164 3221.08
 0.31652 3131.79
 0.31664 3047.24
 0.31676 2968.29
 0.31688 2895.71
 0.317 2830.14
 0.31712 2771.95
 0.31724 2721.24
 0.31736 2677.83
 0.31748 2641.11
 0.3176 2610.39
 0.31772 2584.91
 0.31784 2563.46
 0.31796 2545.08
 0.31808 2529.27
 0.3182 2515.65
 0.31832 2503.59
 0.31844 2492.15
 0.31856 2480.47
 0.31868 2467.73
 0.3188 2452.98
 0.31892 2435.3
 0.31904 2413.62
 0.31916 2387.15
 0.31928 2355.2
 0.3194 2317.57
 0.31952 2274.71
 0.31964 2227.22
 0.31976 2175.81
 0.31988 2121.5
 0.32 2065.15
 0.32012 2007.56
 0.32024 1949.29
 0.32036 1890.89
 0.32048 1833.18
 0.3206 1777.07
 0.32072 1723.64
 0.32084 1673.89
 0.32096 1628.89
 0.32108 1590.05
 0.3212 1558.55
 0.32132 1535.48
 0.32144 1521.52
 0.32156 1517.13
 0.32168 1522.69
 0.3218 1538.33
 0.32192 1563.98
 0.32204 1599.19
 0.32216 1643.43
 0.32228 1696.61
 0.3224 1758.52
 0.32252 1828.47
 0.32264 1905.72
 0.32276 1989.52
 0.32288 2079.53
 0.323 2175.09
 0.32312 2275.37
 0.32324 2379.62
 0.32336 2487.14
 0.32348 2597.17
 0.3236 2708.49
 0.32372 2819.97
 0.32384 2930.66
 0.32396 3039.82
 0.32408 3147.29
 0.3242 3252.87
 0.32432 3355.89
 0.32444 3455.99
 0.32456 3553.07
 0.32468 3646.55
 0.3248 3735.45
 0.32492 3818.69
 0.32504 3895.51
 0.32516 3965.3
 0.32528 4027.51
 0.3254 4081.55
 0.32552 4127.16
 0.32564 4164.84
 0.32576 4195.01
 0.32588 4217.9
 0.326 4233.56
 0.32612 4241.69
 0.32624 4242.39
 0.32636 4236.3
 0.32648 4224
 0.3266 4206.53
 0.32672 4185.71
 0.32684 4163.38
 0.32696 4140.86
 0.32708 4118.99
 0.3272 4098.21
 0.32732 4078.97
 0.32744 4061.92
 0.32756 4047.56
 0.32768 4035.94
 0.3278 4027.2
 0.32792 4021.67
 0.32804 4019.9
 0.32816 4022.27
 0.32828 4028.27
 0.3284 4036.91
 0.32852 4047
 0.32864 4056.76
 0.32876 4064.05
 0.32888 4067.56
 0.329 4067
 0.32912 4062.83
 0.32924 4055.61
 0.32936 4045.76
 0.32948 4033.32
 0.3296 4018.26
 0.32972 4000.79
 0.32984 3980.97
 0.32996 3958.73
 0.33008 3934.03
 0.3302 3907.55
 0.33032 3880.9
 0.33044 3855.78
 0.33056 3833.99
 0.33068 3817.61
 0.3308 3808.53
 0.33092 3807.54
 0.33104 3814.18
 0.33116 3827.73
 0.33128 3847.85
 0.3314 3874.26
 0.33152 3906.98
 0.33164 3945.89
 0.33176 3990.81
 0.33188 4041.54
 0.332 4097.85
 0.33212 4158.95
 0.33224 4223.22
 0.33236 4288.75
 0.33248 4353.62
 0.3326 4415.98
 0.33272 4474.05
 0.33284 4526.23
 0.33296 4572.11
 0.33308 4611.92
 0.3332 4645.73
 0.33332 4673.16
 0.33344 4693.68
 0.33356 4706.7
 0.33368 4711.76
 0.3338 4708.5
 0.33392 4696.79
 0.33404 4676.8
 0.33416 4649.41
 0.33428 4615.69
 0.3344 4576.77
 0.33452 4533.9
 0.33464 4488.02
 0.33476 4439.85
 0.33488 4389.91
 0.335 4338.17
 0.33512 4284.44
 0.33524 4228.74
 0.33536 4171.79
 0.33548 4114.69
 0.3356 4058.76
 0.33572 4005.13
 0.33584 3954.7
 0.33596 3908.22
 0.33608 3866.14
 0.3362 3828.72
 0.33632 3796.62
 0.33644 3770.45
 0.33656 3750.91
 0.33668 3739.16
 0.3368 3736.46
 0.33692 3743.65
 0.33704 3761.36
 0.33716 3790.18
 0.33728 3830.13
 0.3374 3880.33
 0.33752 3939.4
 0.33764 4005.78
 0.33776 4078.17
 0.33788 4155.34
 0.338 4236.15
 0.33812 4319.5
 0.33824 4403.78
 0.33836 4487.01
 0.33848 4566.81
 0.3386 4640.28
 0.33872 4704.32
 0.33884 4756.3
 0.33896 4794.78
 0.33908 4818.54
 0.3392 4826.89
 0.33932 4819.91
 0.33944 4798.37
 0.33956 4763.31
 0.33968 4715.49
 0.3398 4655.59
 0.33992 4584.33
 0.34004 4502.4
 0.34016 4410.52
 0.34028 4309.79
 0.3404 4201.64
 0.34052 4088.47
 0.34064 3973.21
 0.34076 3858.75
 0.34088 3747
 0.341 3639.09
 0.34112 3535.99
 0.34124 3438.13
 0.34136 3345.46
 0.34148 3257.65
 0.3416 3174.67
 0.34172 3096.99
 0.34184 3025.04
 0.34196 2959.06
 0.34208 2899.49
 0.3422 2846.94
 0.34232 2801.98
 0.34244 2764.56
 0.34256 2733.87
 0.34268 2708.85
 0.3428 2688.64
 0.34292 2673.07
 0.34304 2662.29
 0.34316 2656.58
 0.34328 2656.56
 0.3434 2663.07
 0.34352 2677.04
 0.34364 2699.06
 0.34376 2729.32
 0.34388 2768.06
 0.344 2815.54
 0.34412 2871.53
 0.34424 2935.53
 0.34436 3007.5
 0.34448 3087.72
 0.3446 3176.44
 0.34472 3274.12
 0.34484 3381.26
 0.34496 3497.93
 0.34508 3623.8
 0.3452 3758.23
 0.34532 3899.93
 0.34544 4047.33
 0.34556 4198.62
 0.34568 4351.67
 0.3458 4504.68
 0.34592 4656.19
 0.34604 4805.09
 0.34616 4950.97
 0.34628 5093.32
 0.3464 5230.95
 0.34652 5363.05
 0.34664 5488.92
 0.34676 5606.81
 0.34688 5714.61
 0.347 5810.73
 0.34712 5893.98
 0.34724 5963.65
 0.34736 6019.89
 0.34748 6062.79
 0.3476 6092.92
 0.34772 6111.4
 0.34784 6118.79
 0.34796 6114.97
 0.34808 6099.19
 0.3482 6070.29
 0.34832 6027.62
 0.34844 5970.85
 0.34856 5899.37
 0.34868 5813.33
 0.3488 5714.29
 0.34892 5603.8
 0.34904 5483.01
 0.34916 5353.14
 0.34928 5215.05
 0.3494 5069.49
 0.34952 4917.6
 0.34964 4760.26
 0.34976 4598.04
 0.34988 4432.4
 0.35 4265.45
 0.35012 4099.81
 0.35024 3937.97
 0.35036 3782.04
 0.35048 3634.08
 0.3506 3496.13
 0.35072 3369.4
 0.35084 3254.85
 0.35096 3153.77
 0.35108 3067.31
 0.3512 2996.43
 0.35132 2941.86
 0.35144 2903.99
 0.35156 2882.71
 0.35168 2878.13
 0.3518 2890.54
 0.35192 2919.22
 0.35204 2963.17
 0.35216 3021.33
 0.35228 3092.87
 0.3524 3176.77
 0.35252 3271.62
 0.35264 3375.91
 0.35276 3487.89
 0.35288 3605.32
 0.353 3725.99
 0.35312 3847.96
 0.35324 3969.39
 0.35336 4088.97
 0.35348 4205.82
 0.3536 4319.24
 0.35372 4427.77
 0.35384 4529.93
 0.35396 4624.81
 0.35408 4711.37
 0.3542 4788.23
 0.35432 4854.13
 0.35444 4908.48
 0.35456 4951.29
 0.35468 4982.93
 0.3548 5004.33
 0.35492 5016.69
 0.35504 5020.95
 0.35516 5018.05
 0.35528 5008.59
 0.3554 4992.7
 0.35552 4969.96
 0.35564 4940.42
 0.35576 4905.06
 0.35588 4864.72
 0.356 4820.03
 0.35612 4771.93
 0.35624 4721.7
 0.35636 4670.46
 0.35648 4618.78
 0.3566 4566.66
 0.35672 4513.91
 0.35684 4460.16
 0.35696 4405.03
 0.35708 4348.22
 0.3572 4289.65
 0.35732 4229.71
 0.35744 4169.26
 0.35756 4109.51
 0.35768 4051.14
 0.3578 3994.4
 0.35792 3939.84
 0.35804 3888.15
 0.35816 3839.88
 0.35828 3795.18
 0.3584 3754.07
 0.35852 3717.03
 0.35864 3684.93
 0.35876 3658.57
 0.35888 3638.63
 0.359 3625.71
 0.35912 3620.27
 0.35924 3622.37
 0.35936 3631.54
 0.35948 3646.86
 0.3596 3667.35
 0.35972 3692.26
 0.35984 3720.54
 0.35996 3751.09
 0.36008 3782.74
 0.3602 3814.35
 0.36032 3845.11
 0.36044 3874.36
 0.36056 3901
 0.36068 3923.75
 0.3608 3941.4
 0.36092 3953.02
 0.36104 3957.55
 0.36116 3954.01
 0.36128 3941.77
 0.3614 3920.82
 0.36152 3891.43
 0.36164 3853.75
 0.36176 3808.25
 0.36188 3755.63
 0.362 3696.46
 0.36212 3631.28
 0.36224 3560.73
 0.36236 3485.41
 0.36248 3405.74
 0.3626 3322.3
 0.36272 3235.76
 0.36284 3146.93
 0.36296 3056.64
 0.36308 2966.1
 0.3632 2876.69
 0.36332 2789.51
 0.36344 2705.29
 0.36356 2624.46
 0.36368 2547.33
 0.3638 2473.96
 0.36392 2404.37
 0.36404 2338.65
 0.36416 2276.84
 0.36428 2218.85
 0.3644 2164.51
 0.36452 2114.15
 0.36464 2068.07
 0.36476 2026.34
 0.36488 1988.69
 0.365 1954.56
 0.36512 1923.17
 0.36524 1893.54
 0.36536 1864.88
 0.36548 1836.71
 0.3656 1808.99
 0.36572 1781.8
 0.36584 1755.33
 0.36596 1729.79
 0.36608 1705.41
 0.3662 1682.49
 0.36632 1661.67
 0.36644 1643.35
 0.36656 1627.47
 0.36668 1614.06
 0.3668 1603.65
 0.36692 1597.01
 0.36704 1594.95
 0.36716 1598.4
 0.36728 1608.1
 0.3674 1624.5
 0.36752 1647.53
 0.36764 1676.91
 0.36776 1712.29
 0.36788 1753.13
 0.368 1798.91
 0.36812 1849.05
 0.36824 1902.63
 0.36836 1958.35
 0.36848 2015.25
 0.3686 2072.65
 0.36872 2129.49
 0.36884 2184.42
 0.36896 2236.02
 0.36908 2283.06
 0.3692 2324.43
 0.36932 2359.59
 0.36944 2388.64
 0.36956 2412.17
 0.36968 2430.66
 0.3698 2444.64
 0.36992 2454.79
 0.37004 2461.82
 0.37016 2466.61
 0.37028 2470.55
 0.3704 2475.35
 0.37052 2482.49
 0.37064 2493.42
 0.37076 2509.86
 0.37088 2533.74
 0.371 2566.86
 0.37112 2610.48
 0.37124 2665.39
 0.37136 2731.57
 0.37148 2808
 0.3716 2893.29
 0.37172 2986.28
 0.37184 3085.75
 0.37196 3190.39
 0.37208 3298.61
 0.3722 3408.64
 0.37232 3518.37
 0.37244 3625.51
 0.37256 3727.81
 0.37268 3823.15
 0.3728 3909.02
 0.37292 3982.68
 0.37304 4041.8
 0.37316 4084.65
 0.37328 4109.93
 0.3734 4117.26
 0.37352 4107.35
 0.37364 4081.23
 0.37376 4039.93
 0.37388 3984.56
 0.374 3916.5
 0.37412 3837.46
 0.37424 3749.24
 0.37436 3653.72
 0.37448 3552.83
 0.3746 3448.44
 0.37472 3342.38
 0.37484 3237.1
 0.37496 3134.82
 0.37508 3037.52
 0.3752 2947.06
 0.37532 2865.34
 0.37544 2793.58
 0.37556 2732.21
 0.37568 2681.32
 0.3758 2640.88
 0.37592 2610.76
 0.37604 2590.41
 0.37616 2579.06
 0.37628 2576
 0.3764 2580.58
 0.37652 2592.16
 0.37664 2610.32
 0.37676 2634.58
 0.37688 2664.46
 0.377 2699.85
 0.37712 2740.53
 0.37724 2785.94
 0.37736 2835.13
 0.37748 2887.11
 0.3776 2941.26
 0.37772 2997.06
 0.37784 3054.14
 0.37796 3112.19
 0.37808 3171.27
 0.3782 3231.46
 0.37832 3292.62
 0.37844 3354.47
 0.37856 3416.54
 0.37868 3477.75
 0.3788 3536.41
 0.37892 3590.61
 0.37904 3638.26
 0.37916 3677.28
 0.37928 3706.17
 0.3794 3724
 0.37952 3730.44
 0.37964 3725.17
 0.37976 3707.84
 0.37988 3678.1
 0.38 3635.67
 0.38012 3580.24
 0.38024 3511.74
 0.38036 3430.56
 0.38048 3337.13
 0.3806 3232.41
 0.38072 3118.47
 0.38084 2998.21
 0.38096 2874.54
 0.38108 2750.79
 0.3812 2630.1
 0.38132 2515.26
 0.38144 2408.59
 0.38156 2312.06
 0.38168 2227.74
 0.3818 2157.79
 0.38192 2104.34
 0.38204 2069.35
 0.38216 2054.3
 0.38228 2060.14
 0.3824 2087.39
 0.38252 2136.56
 0.38264 2207.28
 0.38276 2298.22
 0.38288 2407.71
 0.383 2533.76
 0.38312 2674.04
 0.38324 2826.4
 0.38336 2988.63
 0.38348 3158.39
 0.3836 3332.92
 0.38372 3509
 0.38384 3683.15
 0.38396 3851.64
 0.38408 4010.97
 0.3842 4158.33
 0.38432 4291.3
 0.38444 4407.94
 0.38456 4506.55
 0.38468 4586.22
 0.3848 4646.26
 0.38492 4686.13
 0.38504 4705.72
 0.38516 4705.04
 0.38528 4684.02
 0.3854 4643.04
 0.38552 4583.05
 0.38564 4505.88
 0.38576 4413.85
 0.38588 4309.63
 0.386 4196.1
 0.38612 4075.97
 0.38624 3951.81
 0.38636 3825.88
 0.38648 3699.78
 0.3866 3574.88
 0.38672 3452.58
 0.38684 3334.5
 0.38696 3222.14
 0.38708 3116.99
 0.3872 3020.76
 0.38732 2935.23
 0.38744 2861.82
 0.38756 2801.26
 0.38768 2753.62
 0.3878 2718.85
 0.38792 2696.86
 0.38804 2687.71
 0.38816 2691.18
 0.38828 2706.76
 0.3884 2734.61
 0.38852 2775.41
 0.38864 2829.49
 0.38876 2896.54
 0.38888 2976.01
 0.389 3067.07
 0.38912 3168.39
 0.38924 3278.18
 0.38936 3394.34
 0.38948 3515.08
 0.3896 3639.33
 0.38972 3766.31
 0.38984 3894.86
 0.38996 4023.53
 0.39008 4150.84
 0.3902 4275.89
 0.39032 4397.96
 0.39044 4515.44
 0.39056 4626.42
 0.39068 4729.66
 0.3908 4824.29
 0.39092 4909.66
 0.39104 4985.76
 0.39116 5052.9
 0.39128 5111.89
 0.3914 5163.99
 0.39152 5209.47
 0.39164 5247.82
 0.39176 5278.77
 0.39188 5302.77
 0.392 5320.43
 0.39212 5332.19
 0.39224 5337.88
 0.39236 5337.25
 0.39248 5330.94
 0.3926 5319.82
 0.39272 5304.63
 0.39284 5286.14
 0.39296 5264.95
 0.39308 5241.51
 0.3932 5216.3
 0.39332 5189.4
 0.39344 5160.92
 0.39356 5132.35
 0.39368 5105.39
 0.3938 5080.76
 0.39392 5058.64
 0.39404 5038.79
 0.39416 5021.31
 0.39428 5006.91
 0.3944 4996.07
 0.39452 4988.55
 0.39464 4983.74
 0.39476 4980.9
 0.39488 4979.27
 0.395 4978.17
 0.39512 4976.53
 0.39524 4973.28
 0.39536 4967.61
 0.39548 4958.64
 0.3956 4944.85
 0.39572 4925.54
 0.39584 4900.8
 0.39596 4871.31
 0.39608 4838.04
 0.3962 4801.3
 0.39632 4761.06
 0.39644 4717.8
 0.39656 4672.68
 0.39668 4627.01
 0.3968 4582.17
 0.39692 4539.01
 0.39704 4498.4
 0.39716 4461.49
 0.39728 4429.23
 0.3974 4402.07
 0.39752 4380.28
 0.39764 4363.77
 0.39776 4351.74
 0.39788 4343.32
 0.398 4337.32
 0.39812 4333.01
 0.39824 4330.59
 0.39836 4330.21
 0.39848 4331.52
 0.3986 4333.79
 0.39872 4336.18
 0.39884 4338.09
 0.39896 4339.57
 0.39908 4340.56
 0.3992 4340.89
 0.39932 4340.79
 0.39944 4340.99
 0.39956 4342.33
 0.39968 4345.9
 0.3998 4352.55
 0.39992 4362.93
 0.40004 4377.41
 0.40016 4395.73
 0.40028 4417.07
 0.4004 4440.75
 0.40052 4466.4
 0.40064 4493.66
 0.40076 4521.98
 0.40088 4550.56
 0.401 4578.27
 0.40112 4604.21
 0.40124 4627.55
 0.40136 4647.02
 0.40148 4661.22
 0.4016 4668.89
 0.40172 4669.24
 0.40184 4662.02
 0.40196 4647.16
 0.40208 4624.72
 0.4022 4594.85
 0.40232 4557.71
 0.40244 4513.32
 0.40256 4461.66
 0.40268 4403.14
 0.4028 4338.68
 0.40292 4269.34
 0.40304 4196.4
 0.40316 4121
 0.40328 4044.32
 0.4034 3968.04
 0.40352 3893.55
 0.40364 3822.18
 0.40376 3754.76
 0.40388 3691.74
 0.404 3633.7
 0.40412 3581.57
 0.40424 3536.71
 0.40436 3500.36
 0.40448 3473.84
 0.4046 3458.18
 0.40472 3453.93
 0.40484 3461.28
 0.40496 3480.28
 0.40508 3510.92
 0.4052 3553.24
 0.40532 3606.55
 0.40544 3669.89
 0.40556 3742.63
 0.40568 3823.79
 0.4058 3912.61
 0.40592 4008.32
 0.40604 4109.54
 0.40616 4214.21
 0.40628 4320.19
 0.4064 4425.72
 0.40652 4529.17
 0.40664 4629.29
 0.40676 4725.03
 0.40688 4815.31
 0.407 4898.56
 0.40712 4972.81
 0.40724 5036.48
 0.40736 5089.31
 0.40748 5130.71
 0.4076 5160.13
 0.40772 5177.38
 0.40784 5182.38
 0.40796 5175.48
 0.40808 5157.93
 0.4082 5131.35
 0.40832 5096.91
 0.40844 5055.5
 0.40856 5007.77
 0.40868 4954.02
 0.4088 4894.46
 0.40892 4829.86
 0.40904 4762
 0.40916 4692.92
 0.40928 4623.88
 0.4094 4555.37
 0.40952 4488.4
 0.40964 4423.54
 0.40976 4361.05
 0.40988 4300.99
 0.41 4242.82
 0.41012 4185.39
 0.41024 4127.8
 0.41036 4069.71
 0.41048 4010.95
 0.4106 3951.65
 0.41072 3892.21
 0.41084 3833.07
 0.41096 3774.17
 0.41108 3714.9
 0.4112 3655
 0.41132 3594.68
 0.41144 3534.3
 0.41156 3474.08
 0.41168 3415.09
 0.4118 3358.52
 0.41192 3305.71
 0.41204 3258.69
 0.41216 3219.46
 0.41228 3189.34
 0.4124 3169.15
 0.41252 3159.34
 0.41264 3159.98
 0.41276 3171.03
 0.41288 3192.47
 0.413 3224.43
 0.41312 3266.81
 0.41324 3318.9
 0.41336 3379.89
 0.41348 3448.84
 0.4136 3524.68
 0.41372 3605.88
 0.41384 3691.02
 0.41396 3778.14
 0.41408 3864.78
 0.4142 3948.82
 0.41432 4028.74
 0.41444 4103.4
 0.41456 4172.18
 0.41468 4234.9
 0.4148 4291.23
 0.41492 4340.68
 0.41504 4382.91
 0.41516 4418.19
 0.41528 4447.06
 0.4154 4470.28
 0.41552 4488.44
 0.41564 4501.64
 0.41576 4509.84
 0.41588 4513.1
 0.416 4512.08
 0.41612 4507.69
 0.41624 4500.67
 0.41636 4491.6
 0.41648 4480.97
 0.4166 4468.8
 0.41672 4454.91
 0.41684 4439.47
 0.41696 4422.64
 0.41708 4404.04
 0.4172 4382.93
 0.41732 4358.69
 0.41744 4330.55
 0.41756 4298.38
 0.41768 4263.01
 0.4178 4225.2
 0.41792 4185.58
 0.41804 4144.66
 0.41816 4102.64
 0.41828 4059.71
 0.4184 4016.06
 0.41852 3972.03
 0.41864 3928.27
 0.41876 3885.16
 0.41888 3842.84
 0.419 3802.02
 0.41912 3763.97
 0.41924 3729.66
 0.41936 3699.98
 0.41948 3675.86
 0.4196 3657.65
 0.41972 3645.39
 0.41984 3639.35
 0.41996 3639.46
 0.42008 3645.77
 0.4202 3658.58
 0.42032 3678.18
 0.42044 3704.41
 0.42056 3736.47
 0.42068 3773.52
 0.4208 3815.04
 0.42092 3860.48
 0.42104 3908.71
 0.42116 3958.64
 0.42128 4009.58
 0.4214 4060.66
 0.42152 4110.93
 0.42164 4159.23
 0.42176 4204.28
 0.42188 4245.23
 0.422 4281.6
 0.42212 4312.72
 0.42224 4337.7
 0.42236 4355.82
 0.42248 4367.08
 0.4226 4372.12
 0.42272 4371.56
 0.42284 4365.97
 0.42296 4355.95
 0.42308 4341.98
 0.4232 4323.99
 0.42332 4301.8
 0.42344 4275.59
 0.42356 4245.95
 0.42368 4213.84
 0.4238 4179.89
 0.42392 4144.06
 0.42404 4106.22
 0.42416 4066.5
 0.42428 4025.37
 0.4244 3983.25
 0.42452 3940.49
 0.42464 3897.31
 0.42476 3853.89
 0.42488 3810.46
 0.425 3767.39
 0.42512 3725.87
 0.42524 3687.53
 0.42536 3653.98
 0.42548 3626.42
 0.4256 3605.41
 0.42572 3591.72
 0.42584 3586.49
 0.42596 3591.14
 0.42608 3606.7
 0.4262 3633.78
 0.42632 3672.49
 0.42644 3722.61
 0.42656 3783.2
 0.42668 3853.1
 0.4268 3930.95
 0.42692 4014.96
 0.42704 4103.02
 0.42716 4192.51
 0.42728 4280.59
 0.4274 4364.32
 0.42752 4441.4
 0.42764 4510.05
 0.42776 4568.35
 0.42788 4614.5
 0.428 4646.64
 0.42812 4663.7
 0.42824 4665.01
 0.42836 4650.24
 0.42848 4619.56
 0.4286 4573.96
 0.42872 4514.58
 0.42884 4443.23
 0.42896 4362.34
 0.42908 4274.47
 0.4292 4182.14
 0.42932 4088.09
 0.42944 3994.9
 0.42956 3904.36
 0.42968 3817.7
 0.4298 3735.88
 0.42992 3659.66
 0.43004 3589.83
 0.43016 3526.64
 0.43028 3470.27
 0.4304 3421.01
 0.43052 3378.87
 0.43064 3343.45
 0.43076 3314.46
 0.43088 3291.11
 0.431 3272.15
 0.43112 3256.23
 0.43124 3242.03
 0.43136 3228.29
 0.43148 3214.16
 0.4316 3199.58
 0.43172 3184.85
 0.43184 3170.6
 0.43196 3157.39
 0.43208 3145.56
 0.4322 3135.4
 0.43232 3127.01
 0.43244 3120.11
 0.43256 3114.56
 0.43268 3110.37
 0.4328 3107.3
 0.43292 3105.12
 0.43304 3104.15
 0.43316 3105.05
 0.43328 3108.54
 0.4334 3115.15
 0.43352 3125.09
 0.43364 3137.99
 0.43376 3153.53
 0.43388 3171.26
 0.434 3191.05
 0.43412 3213.26
 0.43424 3238.27
 0.43436 3266.74
 0.43448 3299.5
 0.4346 3336.78
 0.43472 3378.52
 0.43484 3424.95
 0.43496 3476.16
 0.43508 3531.53
 0.4352 3590.2
 0.43532 3651.36
 0.43544 3714.15
 0.43556 3777.91
 0.43568 3842.45
 0.4358 3907.42
 0.43592 3972.29
 0.43604 4036.07
 0.43616 4097.37
 0.43628 4154.95
 0.4364 4207.45
 0.43652 4253.89
 0.43664 4294.24
 0.43676 4328.51
 0.43688 4356.38
 0.437 4378.27
 0.43712 4395.12
 0.43724 4407.63
 0.43736 4416.33
 0.43748 4421.87
 0.4376 4424.35
 0.43772 4423.21
 0.43784 4418.25
 0.43796 4409.76
 0.43808 4398.56
 0.4382 4385.67
 0.43832 4372.01
 0.43844 4358.37
 0.43856 4345.04
 0.43868 4332.04
 0.4388 4320
 0.43892 4309.44
 0.43904 4299.81
 0.43916 4290.38
 0.43928 4280.83
 0.4394 4271.25
 0.43952 4261.85
 0.43964 4253.83
 0.43976 4248.66
 0.43988 4246.9
 0.44 4248.79
 0.44012 4254.15
 0.44024 4262.68
 0.44036 4274.15
 0.44048 4288.29
 0.4406 4304.64
 0.44072 4322.23
 0.44084 4339.55
 0.44096 4355.6
 0.44108 4370.42
 0.4412 4384.13
 0.44132 4396.48
 0.44144 4406.75
 0.44156 4413.94
 0.44168 4416.53
 0.4418 4413.83
 0.44192 4405.77
 0.44204 4392.04
 0.44216 4372.64
 0.44228 4347.58
 0.4424 4316.9
 0.44252 4281.03
 0.44264 4240.91
 0.44276 4198.03
 0.44288 4153.94
 0.443 4109.63
 0.44312 4065.32
 0.44324 4021.02
 0.44336 3976.92
 0.44348 3933.58
 0.4436 3891.56
 0.44372 3850.99
 0.44384 3810.89
 0.44396 3770.48
 0.44408 3729.34
 0.4442 3686.85
 0.44432 3642.67
 0.44444 3596.52
 0.44456 3548
 0.44468 3496.32
 0.4448 3440.5
 0.44492 3379.89
 0.44504 3314.32
 0.44516 3244.15
 0.44528 3170.13
 0.4454 3092.9
 0.44552 3013
 0.44564 2931.17
 0.44576 2848.97
 0.44588 2768.68
 0.446 2692.48
 0.44612 2622.53
 0.44624 2560.79
 0.44636 2508.54
 0.44648 2466.68
 0.4466 2436.11
 0.44672 2418.09
 0.44684 2413.64
 0.44696 2423.07
 0.44708 2446.32
 0.4472 2483.07
 0.44732 2532.77
 0.44744 2595.05
 0.44756 2669.74
 0.44768 2756.34
 0.4478 2853.58
 0.44792 2959.36
 0.44804 3071.05
 0.44816 3185.74
 0.44828 3301.13
 0.4484 3415.64
 0.44852 3527.82
 0.44864 3635.87
 0.44876 3737.91
 0.44888 3832.85
 0.449 3920.45
 0.44912 4000.69
 0.44924 4073.59
 0.44936 4138.95
 0.44948 4195.95
 0.4496 4243.22
 0.44972 4279.99
 0.44984 4306.12
 0.44996 4322.54
 0.45008 4330.97
 0.4502 4333.43
 0.45032 4331.4
 0.45044 4326.16
 0.45056 4319.38
 0.45068 4312.89
 0.4508 4308.19
 0.45092 4305.72
 0.45104 4304.86
 0.45116 4304.8
 0.45128 4304.93
 0.4514 4305.25
 0.45152 4306.84
 0.45164 4311.14
 0.45176 4319.17
 0.45188 4331.65
 0.452 4348.42
 0.45212 4368.49
 0.45224 4390.75
 0.45236 4414.2
 0.45248 4437.75
 0.4526 4460.1
 0.45272 4479.97
 0.45284 4496.37
 0.45296 4509.48
 0.45308 4520.64
 0.4532 4531.07
 0.45332 4541.72
 0.45344 4552.89
 0.45356 4564.12
 0.45368 4574.77
 0.4538 4583.88
 0.45392 4590.47
 0.45404 4594.41
 0.45416 4596.21
 0.45428 4596.44
 0.4544 4595.74
 0.45452 4594.85
 0.45464 4594.34
 0.45476 4595.18
 0.45488 4598.13
 0.455 4602.68
 0.45512 4607.83
 0.45524 4612.8
 0.45536 4616.9
 0.45548 4619.73
 0.4556 4621.17
 0.45572 4621.75
 0.45584 4622.67
 0.45596 4625.22
 0.45608 4629.88
 0.4562 4636.76
 0.45632 4645.76
 0.45644 4656.58
 0.45656 4668.91
 0.45668 4682.49
 0.4568 4696.74
 0.45692 4711.35
 0.45704 4726.92
 0.45716 4744.05
 0.45728 4763.4
 0.4574 4785.73
 0.45752 4811.92
 0.45764 4842.33
 0.45776 4876.47
 0.45788 4912.91
 0.458 4950.28
 0.45812 4987.82
 0.45824 5025.07
 0.45836 5061.88
 0.45848 5098.15
 0.4586 5133.57
 0.45872 5167.76
 0.45884 5200.47
 0.45896 5231.29
 0.45908 5259.57
 0.4592 5284.51
 0.45932 5305
 0.45944 5319.7
 0.45956 5327.24
 0.45968 5327.11
 0.4598 5319.5
 0.45992 5305.44
 0.46004 5285.5
 0.46016 5259.85
 0.46028 5228.47
 0.4604 5191.39
 0.46052 5148.84
 0.46064 5101.45
 0.46076 5049.84
 0.46088 4994.23
 0.461 4934.68
 0.46112 4871.14
 0.46124 4804.14
 0.46136 4734.78
 0.46148 4664.32
 0.4616 4593.72
 0.46172 4523.03
 0.46184 4452.07
 0.46196 4380.71
 0.46208 4309.44
 0.4622 4238.9
 0.46232 4169.79
 0.46244 4102.49
 0.46256 4037.2
 0.46268 3974.03
 0.4628 3913.63
 0.46292 3857.2
 0.46304 3806.3
 0.46316 3762.3
 0.46328 3725.67
 0.4634 3696.26
 0.46352 3673.73
 0.46364 3658.2
 0.46376 3650.48
 0.46388 3650.98
 0.464 3659.7
 0.46412 3676.18
 0.46424 3699.98
 0.46436 3730.6
 0.46448 3767.65
 0.4646 3810.7
 0.46472 3858.84
 0.46484 3910.41
 0.46496 3963.33
 0.46508 4015.18
 0.4652 4064.01
 0.46532 4108.49
 0.46544 4147.87
 0.46556 4181.62
 0.46568 4208.8
 0.4658 4228.25
 0.46592 4239.19
 0.46604 4240.98
 0.46616 4233.18
 0.46628 4215.24
 0.4664 4186.88
 0.46652 4147.93
 0.46664 4098.52
 0.46676 4039.32
 0.46688 3971.51
 0.467 3896.84
 0.46712 3817.28
 0.46724 3734.67
 0.46736 3650.54
 0.46748 3566.22
 0.4676 3483.05
 0.46772 3402.85
 0.46784 3327.46
 0.46796 3258.64
 0.46808 3198.06
 0.4682 3147.49
 0.46832 3108.59
 0.46844 3082.68
 0.46856 3070.82
 0.46868 3073.8
 0.4688 3092.17
 0.46892 3125.9
 0.46904 3174.34
 0.46916 3236.7
 0.46928 3312.22
 0.4694 3400.34
 0.46952 3499.8
 0.46964 3608.97
 0.46976 3725.6
 0.46988 3847.38
 0.47 3972.17
 0.47012 4098
 0.47024 4222.75
 0.47036 4344.62
 0.47048 4462.14
 0.4706 4574.32
 0.47072 4680.05
 0.47084 4778.41
 0.47096 4868.89
 0.47108 4951.2
 0.4712 5024.91
 0.47132 5089.36
 0.47144 5144.26
 0.47156 5190.25
 0.47168 5228.06
 0.4718 5258.83
 0.47192 5283.28
 0.47204 5301.79
 0.47216 5314.75
 0.47228 5322.7
 0.4724 5325.72
 0.47252 5323.33
 0.47264 5314.57
 0.47276 5298.66
 0.47288 5274.97
 0.473 5243.03
 0.47312 5202.66
 0.47324 5154.05
 0.47336 5097.41
 0.47348 5032.45
 0.4736 4958.82
 0.47372 4876.71
 0.47384 4786.55
 0.47396 4689.57
 0.47408 4586.95
 0.4742 4479.66
 0.47432 4368.68
 0.47444 4255.36
 0.47456 4141.53
 0.47468 4029.49
 0.4748 3921.56
 0.47492 3819.63
 0.47504 3725.23
 0.47516 3639.3
 0.47528 3562.38
 0.4754 3495.07
 0.47552 3437.99
 0.47564 3391.2
 0.47576 3354.2
 0.47588 3326.02
 0.476 3305.43
 0.47612 3291.54
 0.47624 3283.58
 0.47636 3280.71
 0.47648 3282.41
 0.4766 3287.94
 0.47672 3295.97
 0.47684 3304.88
 0.47696 3313.14
 0.47708 3319.68
 0.4772 3323.98
 0.47732 3325.92
 0.47744 3325.33
 0.47756 3322.26
 0.47768 3317.26
 0.4778 3311.15
 0.47792 3305.01
 0.47804 3299.75
 0.47816 3296.22
 0.47828 3295.28
 0.4784 3297.45
 0.47852 3302.64
 0.47864 3310.9
 0.47876 3322.79
 0.47888 3339.19
 0.479 3360.87
 0.47912 3387.99
 0.47924 3420.42
 0.47936 3457.79
 0.47948 3499.7
 0.4796 3545.59
 0.47972 3594.37
 0.47984 3644.54
 0.47996 3694.34
 0.48008 3741.89
 0.4802 3785.07
 0.48032 3821.78
 0.48044 3850.46
 0.48056 3869.84
 0.48068 3878.87
 0.4808 3876.48
 0.48092 3861.87
 0.48104 3834.79
 0.48116 3795.42
 0.48128 3744.03
 0.4814 3681.4
 0.48152 3608.27
 0.48164 3525.41
 0.48176 3434.35
 0.48188 3337.1
 0.482 3236.12
 0.48212 3134.24
 0.48224 3034.58
 0.48236 2940.2
 0.48248 2853.97
 0.4826 2778.56
 0.48272 2715.86
 0.48284 2667.04
 0.48296 2632.63
 0.48308 2612.91
 0.4832 2607.97
 0.48332 2617.49
 0.48344 2640.44
 0.48356 2676.01
 0.48368 2723.28
 0.4838 2780.98
 0.48392 2847.63
 0.48404 2921.4
 0.48416 3000.21
 0.48428 3081.89
 0.4844 3164.02
 0.48452 3243.92
 0.48464 3319.25
 0.48476 3388.71
 0.48488 3451.89
 0.485 3508.25
 0.48512 3557.13
 0.48524 3598.01
 0.48536 3631.24
 0.48548 3657.69
 0.4856 3678.31
 0.48572 3694.16
 0.48584 3705.68
 0.48596 3713.18
 0.48608 3716.92
 0.4862 3717.08
 0.48632 3713.99
 0.48644 3708.5
 0.48656 3702.03
 0.48668 3695.58
 0.4868 3689.31
 0.48692 3683.31
 0.48704 3678.26
 0.48716 3675.03
 0.48728 3674.13
 0.4874 3675.09
 0.48752 3676.9
 0.48764 3678.21
 0.48776 3678.02
 0.48788 3676.48
 0.488 3673.66
 0.48812 3670.09
 0.48824 3666.21
 0.48836 3662.16
 0.48848 3657.67
 0.4886 3652.02
 0.48872 3644.81
 0.48884 3636.09
 0.48896 3625.38
 0.48908 3611.75
 0.4892 3594.32
 0.48932 3572.77
 0.48944 3547.62
 0.48956 3519.8
 0.48968 3490.11
 0.4898 3458.66
 0.48992 3425.19
 0.49004 3389.74
 0.49016 3352.05
 0.49028 3312.29
 0.4904 3270.61
 0.49052 3227.44
 0.49064 3183.16
 0.49076 3137.88
 0.49088 3091.71
 0.491 3045.26
 0.49112 2999.24
 0.49124 2954.01
 0.49136 2909.47
 0.49148 2865.17
 0.4916 2820.79
 0.49172 2776.54
 0.49184 2732.95
 0.49196 2690.03
 0.49208 2647.77
 0.4922 2605.97
 0.49232 2564.26
 0.49244 2522.41
 0.49256 2480.08
 0.49268 2437.25
 0.4928 2393.99
 0.49292 2350.23
 0.49304 2305.64
 0.49316 2260.1
 0.49328 2213.87
 0.4934 2167.13
 0.49352 2119.95
 0.49364 2072.1
 0.49376 2023.03
 0.49388 1972.46
 0.494 1920.63
 0.49412 1867.69
 0.49424 1813.93
 0.49436 1759.62
 0.49448 1705.1
 0.4946 1650.77
 0.49472 1596.9
 0.49484 1543.85
 0.49496 1492.15
 0.49508 1442.41
 0.4952 1395.06
 0.49532 1350.47
 0.49544 1309.44
 0.49556 1272.86
 0.49568 1241.74
 0.4958 1216.87
 0.49592 1198.54
 0.49604 1186.69
 0.49616 1181.39
 0.49628 1182.81
 0.4964 1191.16
 0.49652 1206.43
 0.49664 1228.54
 0.49676 1257.16
 0.49688 1291.59
 0.497 1330.8
 0.49712 1373.52
 0.49724 1418.53
 0.49736 1464.46
 0.49748 1509.72
 0.4976 1552.82
 0.49772 1592.39
 0.49784 1627.58
 0.49796 1658.04
 0.49808 1683.77
 0.4982 1704.49
 0.49832 1719.61
 0.49844 1728.51
 0.49856 1730.68
 0.49868 1725.84
 0.4988 1714.34
 0.49892 1697.06
 0.49904 1675.4
 0.49916 1650.98
 0.49928 1625.57
 0.4994 1601.12
 0.49952 1579.41
 0.49964 1562.18
 0.49976 1550.87
 0.49988 1546.5
 0.5 1549.53
 0.50012 1560.23
 0.50024 1579.22
 0.50036 1607.42
 0.50048 1645.86
 0.5006 1695.48
 0.50072 1756.62
 0.50084 1829.01
 0.50096 1912.14
 0.50108 2005.22
 0.5012 2107.32
 0.50132 2216.97
 0.50144 2332.49
 0.50156 2452.24
 0.50168 2574.4
 0.5018 2697.33
 0.50192 2819.63
 0.50204 2940.46
 0.50216 3059.04
 0.50228 3174.32
 0.5024 3285.09
 0.50252 3389.89
 0.50264 3487.6
 0.50276 3577.82
 0.50288 3660.14
 0.503 3733.88
 0.50312 3798.31
 0.50324 3852.8
 0.50336 3897.25
 0.50348 3932.02
 0.5036 3957.87
 0.50372 3975.74
 0.50384 3986.63
 0.50396 3991.29
 0.50408 3990
 0.5042 3983
 0.50432 3970.58
 0.50444 3953.25
 0.50456 3931.71
 0.50468 3906.14
 0.5048 3876.32
 0.50492 3842.68
 0.50504 3806.09
 0.50516 3767.8
 0.50528 3729.4
 0.5054 3692.13
 0.50552 3656.59
 0.50564 3622.74
 0.50576 3590.54
 0.50588 3559.7
 0.506 3530.31
 0.50612 3502.87
 0.50624 3477.92
 0.50636 3456.02
 0.50648 3437.48
 0.5066 3422.62
 0.50672 3412.17
 0.50684 3406.7
 0.50696 3406.15
 0.50708 3410.1
 0.5072 3417.33
 0.50732 3425.97
 0.50744 3434.58
 0.50756 3442.59
 0.50768 3449.99
 0.5078 3457.04
 0.50792 3464.13
 0.50804 3471.15
 0.50816 3477.67
 0.50828 3483.26
 0.5084 3487.33
 0.50852 3489.47
 0.50864 3489.25
 0.50876 3486.39
 0.50888 3480.77
 0.509 3472.38
 0.50912 3461.52
 0.50924 3449.36
 0.50936 3437.21
 0.50948 3425.76
 0.5096 3414.75
 0.50972 3403.44
 0.50984 3390.91
 0.50996 3376.3
 0.51008 3359.26
 0.5102 3339.67
 0.51032 3317.68
 0.51044 3293.92
 0.51056 3268.91
 0.51068 3242.82
 0.5108 3215.76
 0.51092 3188.19
 0.51104 3161.09
 0.51116 3135.4
 0.51128 3111.82
 0.5114 3091.66
 0.51152 3076.82
 0.51164 3069.84
 0.51176 3073.1
 0.51188 3088.97
 0.512 3119.67
 0.51212 3167.07
 0.51224 3232.45
 0.51236 3316.13
 0.51248 3417.68
 0.5126 3536.91
 0.51272 3673.83
 0.51284 3827.73
 0.51296 3996.92
 0.51308 4178.92
 0.5132 4370.62
 0.51332 4568.53
 0.51344 4768.36
 0.51356 4965.39
 0.51368 5155.26
 0.5138 5334.05
 0.51392 5497.86
 0.51404 5642.9
 0.51416 5765.81
 0.51428 5864.41
 0.5144 5938.02
 0.51452 5986.52
 0.51464 6009.59
 0.51476 6007.22
 0.51488 5980.57
 0.515 5931.76
 0.51512 5863.54
 0.51524 5779.48
 0.51536 5683.25
 0.51548 5578.93
 0.5156 5470.37
 0.51572 5360.79
 0.51584 5253.04
 0.51596 5150.05
 0.51608 5054.65
 0.5162 4968.96
 0.51632 4893.72
 0.51644 4828.47
 0.51656 4772.54
 0.51668 4725.5
 0.5168 4686.56
 0.51692 4654.11
 0.51704 4626.3
 0.51716 4601.06
 0.51728 4576.36
 0.5174 4550.61
 0.51752 4522.51
 0.51764 4491.2
 0.51776 4456.29
 0.51788 4417.38
 0.518 4373.92
 0.51812 4325.56
 0.51824 4272.58
 0.51836 4216.23
 0.51848 4158.24
 0.5186 4100.06
 0.51872 4042.67
 0.51884 3987.32
 0.51896 3935.54
 0.51908 3888.63
 0.5192 3847.61
 0.51932 3812.92
 0.51944 3784.52
 0.51956 3761.92
 0.51968 3744.25
 0.5198 3730.58
 0.51992 3720.4
 0.52004 3713.28
 0.52016 3708.62
 0.52028 3705.57
 0.5204 3702.93
 0.52052 3699.58
 0.52064 3694.79
 0.52076 3687.95
 0.52088 3678.13
 0.521 3664.17
 0.52112 3645.25
 0.52124 3620.95
 0.52136 3591.38
 0.52148 3557.05
 0.5216 3518.99
 0.52172 3478.24
 0.52184 3435.41
 0.52196 3390.83
 0.52208 3344.87
 0.5222 3298.01
 0.52232 3250.9
 0.52244 3204.31
 0.52256 3158.94
 0.52268 3115.75
 0.5228 3076.1
 0.52292 3041.45
 0.52304 3013.51
 0.52316 2993.86
 0.52328 2983.56
 0.5234 2982.91
 0.52352 2991.52
 0.52364 3008.7
 0.52376 3034.09
 0.52388 3067.43
 0.524 3108.48
 0.52412 3156.71
 0.52424 3211.38
 0.52436 3271.31
 0.52448 3335.24
 0.5246 3401.61
 0.52472 3468.4
 0.52484 3533.55
 0.52496 3595.06
 0.52508 3650.73
 0.5252 3698.12
 0.52532 3735.42
 0.52544 3761.81
 0.52556 3777.14
 0.52568 3781.12
 0.5258 3773.76
 0.52592 3755.55
 0.52604 3727.19
 0.52616 3689.81
 0.52628 3644.95
 0.5264 3594.46
 0.52652 3540.01
 0.52664 3483.31
 0.52676 3426.02
 0.52688 3369.7
 0.527 3315.94
 0.52712 3266.66
 0.52724 3224.28
 0.52736 3190.8
 0.52748 3167.36
 0.5276 3154.87
 0.52772 3154.27
 0.52784 3165.28
 0.52796 3186.85
 0.52808 3217.77
 0.5282 3256.5
 0.52832 3301.07
 0.52844 3349.8
 0.52856 3401.56
 0.52868 3455.69
 0.5288 3511.64
 0.52892 3568.49
 0.52904 3625.14
 0.52916 3680.12
 0.52928 3731.67
 0.5294 3778.22
 0.52952 3818.83
 0.52964 3852.67
 0.52976 3879.26
 0.52988 3899.54
 0.53 3914.74
 0.53012 3925.84
 0.53024 3934.12
 0.53036 3940.85
 0.53048 3946.7
 0.5306 3951.76
 0.53072 3955.69
 0.53084 3958.44
 0.53096 3960.57
 0.53108 3962.75
 0.5312 3965.83
 0.53132 3970.82
 0.53144 3978.58
 0.53156 3989.47
 0.53168 4003.47
 0.5318 4020.16
 0.53192 4038.33
 0.53204 4057.35
 0.53216 4076.85
 0.53228 4096.43
 0.5324 4115.92
 0.53252 4135.46
 0.53264 4155.51
 0.53276 4176.49
 0.53288 4198.46
 0.533 4221.19
 0.53312 4244.22
 0.53324 4266.87
 0.53336 4288.1
 0.53348 4306.89
 0.5336 4322.67
 0.53372 4335.67
 0.53384 4346.45
 0.53396 4355.71
 0.53408 4363.44
 0.5342 4369.56
 0.53432 4373.95
 0.53444 4376.69
 0.53456 4377.8
 0.53468 4377.33
 0.5348 4375.34
 0.53492 4371.64
 0.53504 4366.35
 0.53516 4359.77
 0.53528 4352.54
 0.5354 4345.86
 0.53552 4340.99
 0.53564 4338.49
 0.53576 4337.92
 0.53588 4338.38
 0.536 4339.2
 0.53612 4340.12
 0.53624 4340.73
 0.53636 4340.09
 0.53648 4336.94
 0.5366 4329.96
 0.53672 4317.95
 0.53684 4300.26
 0.53696 4276.66
 0.53708 4246.62
 0.5372 4209.74
 0.53732 4165.3
 0.53744 4111.96
 0.53756 4048.49
 0.53768 3974.5
 0.5378 3890.41
 0.53792 3797.1
 0.53804 3695.05
 0.53816 3584.56
 0.53828 3466.54
 0.5384 3342.56
 0.53852 3214.34
 0.53864 3083.6
 0.53876 2951.72
 0.53888 2819.75
 0.539 2688.78
 0.53912 2560.02
 0.53924 2434.58
 0.53936 2314.02
 0.53948 2200.4
 0.5396 2095.67
 0.53972 2001.43
 0.53984 1918.85
 0.53996 1848.64
 0.54008 1791.81
 0.5402 1749.3
 0.54032 1721.37
 0.54044 1708.04
 0.54056 1709.37
 0.54068 1725.56
 0.5408 1756.71
 0.54092 1802.48
 0.54104 1862.32
 0.54116 1935.5
 0.54128 2021.06
 0.5414 2117.45
 0.54152 2222.8
 0.54164 2335.11
 0.54176 2452.09
 0.54188 2571.49
 0.542 2691.66
 0.54212 2810.69
 0.54224 2927.16
 0.54236 3039.91
 0.54248 3147.82
 0.5426 3249.43
 0.54272 3343.02
 0.54284 3427.5
 0.54296 3502.34
 0.54308 3567.1
 0.5432 3621.6
 0.54332 3666.11
 0.54344 3701.33
 0.54356 3728.11
 0.54368 3747.51
 0.5438 3761.39
 0.54392 3771.46
 0.54404 3779.09
 0.54416 3785.39
 0.54428 3790.9
 0.5444 3795.69
 0.54452 3799.68
 0.54464 3803.32
 0.54476 3807.24
 0.54488 3811.66
 0.545 3816.43
 0.54512 3821.23
 0.54524 3825.47
 0.54536 3828.37
 0.54548 3828.96
 0.5456 3826.36
 0.54572 3819.47
 0.54584 3806.77
 0.54596 3786.96
 0.54608 3759.15
 0.5462 3723
 0.54632 3678.9
 0.54644 3628.29
 0.54656 3572.83
 0.54668 3513.87
 0.5468 3452.37
 0.54692 3389.3
 0.54704 3326.14
 0.54716 3264.79
 0.54728 3207.06
 0.5474 3154.71
 0.54752 3109.43
 0.54764 3072.65
 0.54776 3045.75
 0.54788 3030.08
 0.548 3026.57
 0.54812 3035.78
 0.54824 3057.69
 0.54836 3091.44
 0.54848 3135.37
 0.5486 3187.31
 0.54872 3245.62
 0.54884 3309.38
 0.54896 3377.73
 0.54908 3449.26
 0.5492 3522.33
 0.54932 3595.73
 0.54944 3668.22
 0.54956 3738.69
 0.54968 3806.19
 0.5498 3869.84
 0.54992 3929.03
 0.55004 3983.8
 0.55016 4034.57
 0.55028 4082.12
 0.5504 4127.71
 0.55052 4173.01
 0.55064 4219.89
 0.55076 4269.29
 0.55088 4321.24
 0.551 4375.38
 0.55112 4431.6
 0.55124 4489.59
 0.55136 4548.8
 0.55148 4608.78
 0.5516 4669.09
 0.55172 4729.42
 0.55184 4789.38
 0.55196 4847.78
 0.55208 4902.52
 0.5522 4951.13
 0.55232 4991.08
 0.55244 5019.9
 0.55256 5035.19
 0.55268 5034.98
 0.5528 5018.06
 0.55292 4984.58
 0.55304 4935.2
 0.55316 4870.98
 0.55328 4793.01
 0.5534 4702.49
 0.55352 4600.62
 0.55364 4488.49
 0.55376 4367.35
 0.55388 4238.78
 0.554 4105.59
 0.55412 3971.47
 0.55424 3840.33
 0.55436 3715.94
 0.55448 3601.46
 0.5546 3499.48
 0.55472 3412.39
 0.55484 3341.93
 0.55496 3288.52
 0.55508 3251.8
 0.5552 3230.95
 0.55532 3225.27
 0.55544 3233.94
 0.55556 3256.15
 0.55568 3290.98
 0.5558 3337.25
 0.55592 3393.45
 0.55604 3457.18
 0.55616 3525.43
 0.55628 3595.15
 0.5564 3663.65
 0.55652 3728.98
 0.55664 3789.45
 0.55676 3843.3
 0.55688 3889.64
 0.557 3928.52
 0.55712 3960.66
 0.55724 3987.01
 0.55736 4008.49
 0.55748 4026.16
 0.5576 4041.01
 0.55772 4054.14
 0.55784 4066.53
 0.55796 4079.1
 0.55808 4093.32
 0.5582 4110.95
 0.55832 4133.47
 0.55844 4162.07
 0.55856 4197.81
 0.55868 4241.92
 0.5588 4295.48
 0.55892 4358.71
 0.55904 4431.56
 0.55916 4513.77
 0.55928 4605.1
 0.5594 4705.05
 0.55952 4812.67
 0.55964 4926.91
 0.55976 5046.54
 0.55988 5170.6
 0.56 5298.1
 0.56012 5427.61
 0.56024 5557.71
 0.56036 5687.19
 0.56048 5814.85
 0.5606 5939.16
 0.56072 6058.04
 0.56084 6169.56
 0.56096 6271.99
 0.56108 6363.42
 0.5612 6441.64
 0.56132 6504.75
 0.56144 6551.44
 0.56156 6581.11
 0.56168 6593.68
 0.5618 6589.48
 0.56192 6568.83
 0.56204 6532.37
 0.56216 6480.95
 0.56228 6415.56
 0.5624 6337.33
 0.56252 6247.32
 0.56264 6147.1
 0.56276 6039
 0.56288 5925.46
 0.563 5809.15
 0.56312 5692.9
 0.56324 5579.68
 0.56336 5471.7
 0.56348 5370.46
 0.5636 5276.93
 0.56372 5191.73
 0.56384 5115.26
 0.56396 5047.55
 0.56408 4988.48
 0.5642 4937.75
 0.56432 4894.69
 0.56444 4858.58
 0.56456 4828.96
 0.56468 4804.8
 0.5648 4784.66
 0.56492 4766.95
 0.56504 4750.2
 0.56516 4732.97
 0.56528 4714.06
 0.5654 4693.2
 0.56552 4670.7
 0.56564 4646.62
 0.56576 4620.8
 0.56588 4593.42
 0.566 4565.02
 0.56612 4536.12
 0.56624 4507.52
 0.56636 4480.14
 0.56648 4454.61
 0.5666 4431.43
 0.56672 4411.47
 0.56684 4395.69
 0.56696 4384.88
 0.56708 4379.52
 0.5672 4379.87
 0.56732 4385.81
 0.56744 4396.24
 0.56756 4409.85
 0.56768 4425.88
 0.5678 4443.74
 0.56792 4462.35
 0.56804 4480.29
 0.56816 4495.86
 0.56828 4507.19
 0.5684 4512.62
 0.56852 4510.89
 0.56864 4500.58
 0.56876 4480.21
 0.56888 4448.58
 0.569 4404.91
 0.56912 4348.74
 0.56924 4280.14
 0.56936 4199.73
 0.56948 4108.96
 0.5696 4009.56
 0.56972 3902.93
 0.56984 3790.25
 0.56996 3673.08
 0.57008 3553.75
 0.5702 3435.17
 0.57032 3320.33
 0.57044 3212.01
 0.57056 3112.94
 0.57068 3025.87
 0.5708 2953.26
 0.57092 2896.87
 0.57104 2857.63
 0.57116 2835.78
 0.57128 2830.87
 0.5714 2841.62
 0.57152 2866.32
 0.57164 2902.9
 0.57176 2949.89
 0.57188 3006.27
 0.572 3070.77
 0.57212 3141.19
 0.57224 3214.8
 0.57236 3288.62
 0.57248 3359.57
 0.5726 3424.49
 0.57272 3480.27
 0.57284 3524.13
 0.57296 3554.39
 0.57308 3570.31
 0.5732 3572
 0.57332 3560.31
 0.57344 3536.59
 0.57356 3502.32
 0.57368 3459.02
 0.5738 3407.36
 0.57392 3347.39
 0.57404 3279.27
 0.57416 3203.66
 0.57428 3121.61
 0.5744 3034.46
 0.57452 2943.74
 0.57464 2851.23
 0.57476 2758.86
 0.57488 2668.38
 0.575 2580.79
 0.57512 2496.62
 0.57524 2415.98
 0.57536 2338.63
 0.57548 2264.25
 0.5756 2192.52
 0.57572 2123.24
 0.57584 2057.04
 0.57596 1995.12
 0.57608 1938.76
 0.5762 1889.33
 0.57632 1848.04
 0.57644 1815.94
 0.57656 1793.69
 0.57668 1781.44
 0.5768 1779.11
 0.57692 1786.65
 0.57704 1803.99
 0.57716 1830.94
 0.57728 1867.13
 0.5774 1912.06
 0.57752 1965.33
 0.57764 2026.61
 0.57776 2095.52
 0.57788 2171.15
 0.578 2252.34
 0.57812 2337.35
 0.57824 2424.09
 0.57836 2510.61
 0.57848 2595.12
 0.5786 2676.46
 0.57872 2753.94
 0.57884 2826.83
 0.57896 2894.6
 0.57908 2957.16
 0.5792 3014.82
 0.57932 3068.31
 0.57944 3118.27
 0.57956 3164.81
 0.57968 3207.85
 0.5798 3247.19
 0.57992 3282.71
 0.58004 3314.52
 0.58016 3343.37
 0.58028 3370.25
 0.5804 3396.14
 0.58052 3421.88
 0.58064 3447.89
 0.58076 3474.59
 0.58088 3502.49
 0.581 3531.57
 0.58112 3561.33
 0.58124 3590.95
 0.58136 3619.48
 0.58148 3646.75
 0.5816 3673.03
 0.58172 3698.59
 0.58184 3723.83
 0.58196 3749.2
 0.58208 3775.07
 0.5822 3801.46
 0.58232 3827.9
 0.58244 3853.52
 0.58256 3877.56
 0.58268 3899
 0.5828 3916.53
 0.58292 3928.95
 0.58304 3935.77
 0.58316 3936.71
 0.58328 3931.56
 0.5834 3919.92
 0.58352 3900.8
 0.58364 3873.46
 0.58376 3837.47
 0.58388 3792.5
 0.584 3738.19
 0.58412 3674.17
 0.58424 3600.54
 0.58436 3518.19
 0.58448 3428.45
 0.5846 3332.73
 0.58472 3233.07
 0.58484 3131.67
 0.58496 3030.49
 0.58508 2931.06
 0.5852 2834.87
 0.58532 2743.51
 0.58544 2658.72
 0.58556 2582.22
 0.58568 2515.22
 0.5858 2458.48
 0.58592 2412.48
 0.58604 2377.47
 0.58616 2353.47
 0.58628 2340.14
 0.5864 2336.66
 0.58652 2342.02
 0.58664 2355
 0.58676 2374.12
 0.58688 2397.97
 0.587 2425.47
 0.58712 2455.82
 0.58724 2488.23
 0.58736 2521.62
 0.58748 2554.8
 0.5876 2586.72
 0.58772 2616.57
 0.58784 2643.97
 0.58796 2669.04
 0.58808 2692.54
 0.5882 2715.4
 0.58832 2738.4
 0.58844 2762.36
 0.58856 2788.17
 0.58868 2816.62
 0.5888 2848.4
 0.58892 2883.66
 0.58904 2922.01
 0.58916 2962.75
 0.58928 3005.17
 0.5894 3049.06
 0.58952 3094.37
 0.58964 3141.17
 0.58976 3189.6
 0.58988 3239.35
 0.59 3289.32
 0.59012 3337.54
 0.59024 3382.23
 0.59036 3421.96
 0.59048 3455.33
 0.5906 3481.01
 0.59072 3498.11
 0.59084 3506.24
 0.59096 3505.83
 0.59108 3497.84
 0.5912 3483.66
 0.59132 3464.58
 0.59144 3441.28
 0.59156 3414.1
 0.59168 3383.33
 0.5918 3348.99
 0.59192 3311.5
 0.59204 3272.32
 0.59216 3233.33
 0.59228 3196.11
 0.5924 3162.19
 0.59252 3133.08
 0.59264 3109.93
 0.59276 3093.21
 0.59288 3082.85
 0.593 3078.29
 0.59312 3078.61
 0.59324 3082.67
 0.59336 3089.47
 0.59348 3098.77
 0.5936 3110.29
 0.59372 3123.4
 0.59384 3137.76
 0.59396 3152.65
 0.59408 3166.76
 0.5942 3178.96
 0.59432 3187.97
 0.59444 3192.39
 0.59456 3190.78
 0.59468 3182.31
 0.5948 3166.66
 0.59492 3143.83
 0.59504 3114.03
 0.59516 3077.67
 0.59528 3035.28
 0.5954 2987.15
 0.59552 2933.12
 0.59564 2873.66
 0.59576 2809.72
 0.59588 2742.19
 0.596 2672.27
 0.59612 2601.12
 0.59624 2529.84
 0.59636 2459.94
 0.59648 2393.09
 0.5966 2330.92
 0.59672 2274.57
 0.59684 2224.94
 0.59696 2182.47
 0.59708 2147.28
 0.5972 2119.28
 0.59732 2098.39
 0.59744 2084.86
 0.59756 2079.08
 0.59768 2080.95
 0.5978 2090.22
 0.59792 2106.41
 0.59804 2129.01
 0.59816 2157.65
 0.59828 2191.83
 0.5984 2230.82
 0.59852 2273.85
 0.59864 2320.44
 0.59876 2370.34
 0.59888 2423.4
 0.599 2479.82
 0.59912 2539.97
 0.59924 2604.11
 0.59936 2671.84
 0.59948 2742.41
 0.5996 2814.94
 0.59972 2888.35
 0.59984 2961.61
 0.59996 3033.74
 0.60008 3103.62
 0.6002 3169.89
 0.60032 3231.29
 0.60044 3286.64
 0.60056 3334.49
 0.60068 3373
 0.6008 3400.36
 0.60092 3415.11
 0.60104 3416.02
 0.60116 3402.15
 0.60128 3373.49
 0.6014 3330.87
 0.60152 3275.43
 0.60164 3208.72
 0.60176 3132.66
 0.60188 3049.19
 0.602 2960.28
 0.60212 2868.27
 0.60224 2775.7
 0.60236 2684.92
 0.60248 2598.34
 0.6026 2518.87
 0.60272 2449.56
 0.60284 2393.1
 0.60296 2351.81
 0.60308 2327.51
 0.6032 2321.27
 0.60332 2333.29
 0.60344 2363.03
 0.60356 2409.36
 0.60368 2470.54
 0.6038 2544.64
 0.60392 2629.78
 0.60404 2724.06
 0.60416 2825.21
 0.60428 2930.87
 0.6044 3038.84
 0.60452 3146.65
 0.60464 3251.35
 0.60476 3350.21
 0.60488 3440.67
 0.605 3520
 0.60512 3585.88
 0.60524 3636.76
 0.60536 3671.6
 0.60548 3690.24
 0.6056 3693.34
 0.60572 3682.11
 0.60584 3657.85
 0.60596 3621.59
 0.60608 3574.35
 0.6062 3517.51
 0.60632 3452.53
 0.60644 3380.9
 0.60656 3304.35
 0.60668 3224.96
 0.6068 3144.5
 0.60692 3064.99
 0.60704 2988.98
 0.60716 2918.59
 0.60728 2855.48
 0.6074 2801.02
 0.60752 2755.89
 0.60764 2720.14
 0.60776 2693.28
 0.60788 2674.73
 0.608 2664.25
 0.60812 2661.59
 0.60824 2666.06
 0.60836 2676.93
 0.60848 2693.45
 0.6086 2714.79
 0.60872 2739.99
 0.60884 2768.22
 0.60896 2798.29
 0.60908 2828.65
 0.6092 2858.04
 0.60932 2885.18
 0.60944 2908.68
 0.60956 2927.41
 0.60968 2940.49
 0.6098 2947.58
 0.60992 2948.27
 0.61004 2942.03
 0.61016 2928.38
 0.61028 2907.25
 0.6104 2878.58
 0.61052 2842.26
 0.61064 2798.08
 0.61076 2745.86
 0.61088 2685.55
 0.611 2617.26
 0.61112 2541.49
 0.61124 2458.88
 0.61136 2370.47
 0.61148 2277.54
 0.6116 2181.47
 0.61172 2083.82
 0.61184 1986.11
 0.61196 1889.98
 0.61208 1797.12
 0.6122 1709.21
 0.61232 1627.75
 0.61244 1554.29
 0.61256 1490.51
 0.61268 1438.27
 0.6128 1399.15
 0.61292 1374.66
 0.61304 1366.11
 0.61316 1374.26
 0.61328 1399.47
 0.6134 1441.82
 0.61352 1501.38
 0.61364 1577.86
 0.61376 1670.46
 0.61388 1778.17
 0.614 1899.91
 0.61412 2034.49
 0.61424 2180.6
 0.61436 2336.85
 0.61448 2501.6
 0.6146 2673.09
 0.61472 2849.73
 0.61484 3030.22
 0.61496 3213.11
 0.61508 3396.87
 0.6152 3580.15
 0.61532 3761.86
 0.61544 3940.48
 0.61556 4114.5
 0.61568 4282.85
 0.6158 4444.68
 0.61592 4598.75
 0.61604 4743.81
 0.61616 4878.43
 0.61628 5001.27
 0.6164 5110.9
 0.61652 5206.3
 0.61664 5286.27
 0.61676 5349.34
 0.61688 5394.01
 0.617 5419.28
 0.61712 5424.96
 0.61724 5411.04
 0.61736 5377.84
 0.61748 5326.19
 0.6176 5256.45
 0.61772 5168.72
 0.61784 5063.91
 0.61796 4943.55
 0.61808 4809.67
 0.6182 4664.7
 0.61832 4511.41
 0.61844 4352.78
 0.61856 4191.23
 0.61868 4029.39
 0.6188 3869.84
 0.61892 3714.96
 0.61904 3566.64
 0.61916 3426.01
 0.61928 3293.92
 0.6194 3171.02
 0.61952 3058.33
 0.61964 2957.52
 0.61976 2870.22
 0.61988 2797.23
 0.62 2739
 0.62012 2695.26
 0.62024 2665.53
 0.62036 2648.87
 0.62048 2644.5
 0.6206 2652.32
 0.62072 2672.22
 0.62084 2704.37
 0.62096 2748.83
 0.62108 2805.61
 0.6212 2874.99
 0.62132 2957.1
 0.62144 3051.33
 0.62156 3156.35
 0.62168 3270.38
 0.6218 3391.31
 0.62192 3517
 0.62204 3645.22
 0.62216 3773.99
 0.62228 3901.31
 0.6224 4025.31
 0.62252 4143.79
 0.62264 4254.31
 0.62276 4354.34
 0.62288 4441.44
 0.623 4513.43
 0.62312 4568.35
 0.62324 4604.43
 0.62336 4620.56
 0.62348 4616.72
 0.6236 4593.21
 0.62372 4550.82
 0.62384 4490.89
 0.62396 4415.59
 0.62408 4327.34
 0.6242 4228.78
 0.62432 4122.62
 0.62444 4011.5
 0.62456 3897.9
 0.62468 3784.07
 0.6248 3672.24
 0.62492 3564.62
 0.62504 3463.53
 0.62516 3371.11
 0.62528 3289.28
 0.6254 3219.07
 0.62552 3160.87
 0.62564 3114.79
 0.62576 3080.69
 0.62588 3057.73
 0.626 3044.47
 0.62612 3039.27
 0.62624 3040.37
 0.62636 3046.1
 0.62648 3055.05
 0.6266 3066.33
 0.62672 3079.32
 0.62684 3092.99
 0.62696 3105.82
 0.62708 3116.09
 0.6272 3122.18
 0.62732 3122.89
 0.62744 3117.9
 0.62756 3107.29
 0.62768 3091.44
 0.6278 3071.17
 0.62792 3047.75
 0.62804 3022.59
 0.62816 2997.18
 0.62828 2972.73
 0.6284 2950.16
 0.62852 2930
 0.62864 2912.54
 0.62876 2898.31
 0.62888 2888.51
 0.629 2884.81
 0.62912 2889.05
 0.62924 2902.83
 0.62936 2926.76
 0.62948 2960.66
 0.6296 3004.14
 0.62972 3056.44
 0.62984 3116.12
 0.62996 3181.44
 0.63008 3250.6
 0.6302 3321.79
 0.63032 3393.6
 0.63044 3465.18
 0.63056 3535.63
 0.63068 3603.78
 0.6308 3668.2
 0.63092 3727.1
 0.63104 3778.32
 0.63116 3819.5
 0.63128 3848.88
 0.6314 3865.8
 0.63152 3870.11
 0.63164 3861.71
 0.63176 3840.82
 0.63188 3808.42
 0.632 3765.71
 0.63212 3714.1
 0.63224 3655.07
 0.63236 3589.54
 0.63248 3518.19
 0.6326 3442.13
 0.63272 3362.68
 0.63284 3281.19
 0.63296 3199.09
 0.63308 3118.31
 0.6332 3040.94
 0.63332 2968.51
 0.63344 2901.98
 0.63356 2841.94
 0.63368 2788.93
 0.6338 2743.24
 0.63392 2704.62
 0.63404 2672.51
 0.63416 2646.03
 0.63428 2624.36
 0.6344 2607.22
 0.63452 2594.28
 0.63464 2584.93
 0.63476 2578.96
 0.63488 2576.26
 0.635 2576.59
 0.63512 2579.31
 0.63524 2583.65
 0.63536 2589.06
 0.63548 2595.21
 0.6356 2602.06
 0.63572 2609.83
 0.63584 2618.91
 0.63596 2630.04
 0.63608 2644.57
 0.6362 2663.98
 0.63632 2689.67
 0.63644 2722.6
 0.63656 2763.69
 0.63668 2813.28
 0.6368 2870.63
 0.63692 2934.86
 0.63704 3005.16
 0.63716 3080.92
 0.63728 3161.53
 0.6374 3245.94
 0.63752 3333.15
 0.63764 3421.9
 0.63776 3510.48
 0.63788 3597.28
 0.638 3680.38
 0.63812 3757.52
 0.63824 3826.35
 0.63836 3884.38
 0.63848 3929.62
 0.6386 3960.43
 0.63872 3976.71
 0.63884 3979.4
 0.63896 3969.47
 0.63908 3948.07
 0.6392 3916.35
 0.63932 3875.8
 0.63944 3828.4
 0.63956 3775.88
 0.63968 3720.22
 0.6398 3663.56
 0.63992 3607.51
 0.64004 3553.65
 0.64016 3503.6
 0.64028 3459.06
 0.6404 3421.8
 0.64052 3393.17
 0.64064 3373.68
 0.64076 3362.49
 0.64088 3358.41
 0.641 3360.22
 0.64112 3366.19
 0.64124 3374.57
 0.64136 3383.39
 0.64148 3390.58
 0.6416 3394.54
 0.64172 3393.51
 0.64184 3386.08
 0.64196 3371.64
 0.64208 3349.62
 0.6422 3319.35
 0.64232 3280.42
 0.64244 3232.43
 0.64256 3175.45
 0.64268 3110.43
 0.6428 3038.83
 0.64292 2962.17
 0.64304 2882.09
 0.64316 2800.67
 0.64328 2719.79
 0.6434 2641.02
 0.64352 2565.61
 0.64364 2494.39
 0.64376 2428.27
 0.64388 2367.71
 0.644 2312.92
 0.64412 2264.23
 0.64424 2222.2
 0.64436 2187.17
 0.64448 2159.49
 0.6446 2139.15
 0.64472 2125.6
 0.64484 2118
 0.64496 2115.49
 0.64508 2117.18
 0.6452 2122.14
 0.64532 2129.8
 0.64544 2140.15
 0.64556 2153.64
 0.64568 2170.76
 0.6458 2191.71
 0.64592 2216.78
 0.64604 2246.04
 0.64616 2279.29
 0.64628 2315.98
 0.6464 2355.57
 0.64652 2397.3
 0.64664 2440.51
 0.64676 2484.94
 0.64688 2530.59
 0.647 2577.44
 0.64712 2625.37
 0.64724 2674.35
 0.64736 2724.09
 0.64748 2773.79
 0.6476 2822.09
 0.64772 2868.13
 0.64784 2911.13
 0.64796 2950.38
 0.64808 2985.59
 0.6482 3016.75
 0.64832 3044.13
 0.64844 3067.99
 0.64856 3088.94
 0.64868 3107.57
 0.6488 3124.25
 0.64892 3139.32
 0.64904 3153.16
 0.64916 3166.01
 0.64928 3177.7
 0.6494 3188.14
 0.64952 3197.84
 0.64964 3207.69
 0.64976 3218.37
 0.64988 3230.89
 0.65 3246.12
 0.65012 3264.44
 0.65024 3285.72
 0.65036 3309.73
 0.65048 3336.22
 0.6506 3364.68
 0.65072 3394.55
 0.65084 3425.09
 0.65096 3455.5
 0.65108 3484.87
 0.6512 3512.67
 0.65132 3538.67
 0.65144 3562.59
 0.65156 3583.77
 0.65168 3601.32
 0.6518 3613.97
 0.65192 3620.18
 0.65204 3618.63
 0.65216 3608.89
 0.65228 3591.33
 0.6524 3566.37
 0.65252 3534.82
 0.65264 3497.53
 0.65276 3455.68
 0.65288 3410.67
 0.653 3364.08
 0.65312 3317.31
 0.65324 3271.66
 0.65336 3228.59
 0.65348 3189.6
 0.6536 3156.15
 0.65372 3130.02
 0.65384 3113.58
 0.65396 3109.28
 0.65408 3119.05
 0.6542 3143.57
 0.65432 3182.89
 0.65444 3236.6
 0.65456 3303.83
 0.65468 3383.46
 0.6548 3473.95
 0.65492 3573.5
 0.65504 3680.28
 0.65516 3792.88
 0.65528 3909.65
 0.6554 4028.2
 0.65552 4146.17
 0.65564 4261.26
 0.65576 4370.66
 0.65588 4470.97
 0.656 4558.69
 0.65612 4631.05
 0.65624 4686.28
 0.65636 4723.14
 0.65648 4740.79
 0.6566 4738.88
 0.65672 4717.73
 0.65684 4677.91
 0.65696 4620.39
 0.65708 4546.06
 0.6572 4455.56
 0.65732 4350.07
 0.65744 4231.75
 0.65756 4102.69
 0.65768 3965.01
 0.6578 3821.37
 0.65792 3674.84
 0.65804 3528.65
 0.65816 3385.58
 0.65828 3247.73
 0.6584 3116.94
 0.65852 2995.05
 0.65864 2883.32
 0.65876 2782.55
 0.65888 2693.42
 0.659 2616.18
 0.65912 2550.98
 0.65924 2498.01
 0.65936 2456.69
 0.65948 2425.9
 0.6596 2404.55
 0.65972 2391.53
 0.65984 2385.58
 0.65996 2385.36
 0.66008 2389.44
 0.6602 2396.65
 0.66032 2406.32
 0.66044 2417.54
 0.66056 2429.09
 0.66068 2440.22
 0.6608 2450.34
 0.66092 2458.88
 0.66104 2465.73
 0.66116 2470.92
 0.66128 2474.67
 0.6614 2477.58
 0.66152 2480.46
 0.66164 2484.18
 0.66176 2489.52
 0.66188 2497.11
 0.662 2507.38
 0.66212 2520.42
 0.66224 2536.17
 0.66236 2554.41
 0.66248 2575.72
 0.6626 2600.86
 0.66272 2630.22
 0.66284 2663.94
 0.66296 2701.97
 0.66308 2743.91
 0.6632 2789.08
 0.66332 2836.63
 0.66344 2885.85
 0.66356 2935.89
 0.66368 2985.9
 0.6638 3035.07
 0.66392 3082.76
 0.66404 3128.84
 0.66416 3173.58
 0.66428 3217.1
 0.6644 3259.35
 0.66452 3299.43
 0.66464 3336.61
 0.66476 3370.57
 0.66488 3401.54
 0.665 3429.91
 0.66512 3456.27
 0.66524 3481.69
 0.66536 3507.19
 0.66548 3533.52
 0.6656 3561.43
 0.66572 3591.67
 0.66584 3625.06
 0.66596 3662.29
 0.66608 3703.58
 0.6662 3748.94
 0.66632 3798.29
 0.66644 3851.5
 0.66656 3908.83
 0.66668 3970.3
 0.6668 4035.46
 0.66692 4103.49
 0.66704 4173.62
 0.66716 4244.78
 0.66728 4315.43
 0.6674 4384.03
 0.66752 4449.08
 0.66764 4509.06
 0.66776 4562.42
 0.66788 4607.31
 0.668 4641.88
 0.66812 4664.72
 0.66824 4674.73
 0.66836 4671.53
 0.66848 4655.03
 0.6686 4625.18
 0.66872 4581.83
 0.66884 4525.12
 0.66896 4455.18
 0.66908 4372.32
 0.6692 4277.19
 0.66932 4170.96
 0.66944 4055.24
 0.66956 3931.97
 0.66968 3803.11
 0.6698 3670.93
 0.66992 3538.16
 0.67004 3407.63
 0.67016 3281.97
 0.67028 3163.6
 0.6704 3054.39
 0.67052 2955.97
 0.67064 2870.09
 0.67076 2798.92
 0.67088 2744.62
 0.671 2709.39
 0.67112 2695.13
 0.67124 2703.39
 0.67136 2735.02
 0.67148 2789.93
 0.6716 2867.57
 0.67172 2967.19
 0.67184 3087.6
 0.67196 3227.05
 0.67208 3383.31
 0.6722 3553.62
 0.67232 3735.14
 0.67244 3925.03
 0.67256 4120.15
 0.67268 4316.97
 0.6728 4511.56
 0.67292 4699.79
 0.67304 4877.7
 0.67316 5041.45
 0.67328 5187.66
 0.6734 5313.53
 0.67352 5417.29
 0.67364 5497.46
 0.67376 5552.74
 0.67388 5582.48
 0.674 5586.86
 0.67412 5567.17
 0.67424 5525.5
 0.67436 5463.93
 0.67448 5385.13
 0.6746 5292.19
 0.67472 5188.53
 0.67484 5077.71
 0.67496 4963.13
 0.67508 4848.04
 0.6752 4735.66
 0.67532 4629.08
 0.67544 4531.22
 0.67556 4444.56
 0.67568 4371.73
 0.6758 4315.27
 0.67592 4276.49
 0.67604 4255.49
 0.67616 4251.08
 0.67628 4261.5
 0.6764 4284.91
 0.67652 4319.22
 0.67664 4362.14
 0.67676 4411.51
 0.67688 4465.56
 0.677 4522.85
 0.67712 4581.93
 0.67724 4641.16
 0.67736 4698.55
 0.67748 4751.87
 0.6776 4798.63
 0.67772 4835.63
 0.67784 4860.07
 0.67796 4870.48
 0.67808 4866.64
 0.6782 4849.35
 0.67832 4819.94
 0.67844 4779.8
 0.67856 4730.19
 0.67868 4672.34
 0.6788 4607.01
 0.67892 4534.55
 0.67904 4455.27
 0.67916 4369.57
 0.67928 4278.16
 0.6794 4182.28
 0.67952 4083.55
 0.67964 3984.41
 0.67976 3887.93
 0.67988 3796.79
 0.68 3712.9
 0.68012 3637.31
 0.68024 3570.32
 0.68036 3511.85
 0.68048 3461.62
 0.6806 3419.4
 0.68072 3384.76
 0.68084 3357.42
 0.68096 3337.08
 0.68108 3323.28
 0.6812 3315.58
 0.68132 3313.22
 0.68144 3315.04
 0.68156 3319.42
 0.68168 3324.21
 0.6818 3327.14
 0.68192 3326.21
 0.68204 3319.69
 0.68216 3306.51
 0.68228 3285.92
 0.6824 3257.68
 0.68252 3221.79
 0.68264 3178.41
 0.68276 3128.49
 0.68288 3073.24
 0.683 3014.1
 0.68312 2952.72
 0.68324 2890.81
 0.68336 2830.34
 0.68348 2773.46
 0.6836 2722.5
 0.68372 2679.24
 0.68384 2645.2
 0.68396 2621.77
 0.68408 2610.15
 0.6842 2611.05
 0.68432 2624.85
 0.68444 2651.41
 0.68456 2690.53
 0.68468 2741.73
 0.6848 2803.83
 0.68492 2875.28
 0.68504 2954.24
 0.68516 3038.7
 0.68528 3126.34
 0.6854 3214.42
 0.68552 3300.18
 0.68564 3381.35
 0.68576 3456.69
 0.68588 3524.91
 0.686 3584.71
 0.68612 3635.18
 0.68624 3676.09
 0.68636 3707.52
 0.68648 3729.79
 0.6866 3743.16
 0.68672 3747.75
 0.68684 3744.09
 0.68696 3733.15
 0.68708 3715.99
 0.6872 3693.67
 0.68732 3667.85
 0.68744 3640.73
 0.68756 3614.44
 0.68768 3590.47
 0.6878 3569.97
 0.68792 3554.51
 0.68804 3545.23
 0.68816 3542.45
 0.68828 3545.48
 0.6884 3553.46
 0.68852 3565.55
 0.68864 3581.14
 0.68876 3599.99
 0.68888 3621.41
 0.689 3644.49
 0.68912 3668.31
 0.68924 3692.16
 0.68936 3714.83
 0.68948 3734.95
 0.6896 3751.42
 0.68972 3763.45
 0.68984 3769.95
 0.68996 3769.56
 0.69008 3761.74
 0.6902 3746.78
 0.69032 3726
 0.69044 3700.77
 0.69056 3672.54
 0.69068 3642.45
 0.6908 3611.39
 0.69092 3580.56
 0.69104 3551.08
 0.69116 3524.18
 0.69128 3500.97
 0.6914 3482.59
 0.69152 3469.63
 0.69164 3461.93
 0.69176 3459.01
 0.69188 3460.84
 0.692 3467.53
 0.69212 3478.82
 0.69224 3494.12
 0.69236 3512.29
 0.69248 3531.92
 0.6926 3551.33
 0.69272 3569.03
 0.69284 3583.73
 0.69296 3594.21
 0.69308 3599.39
 0.6932 3597.79
 0.69332 3587.85
 0.69344 3568.25
 0.69356 3538.62
 0.69368 3499.53
 0.6938 3451.68
 0.69392 3395.49
 0.69404 3331.29
 0.69416 3259.31
 0.69428 3179.71
 0.6944 3092.74
 0.69452 2999.09
 0.69464 2899.87
 0.69476 2795.98
 0.69488 2688.22
 0.695 2577.2
 0.69512 2463.75
 0.69524 2349.13
 0.69536 2234.88
 0.69548 2122.63
 0.6956 2013.52
 0.69572 1908.45
 0.69584 1808.47
 0.69596 1714.54
 0.69608 1627.6
 0.6962 1548.72
 0.69632 1479.36
 0.69644 1421.11
 0.69656 1375.35
 0.69668 1343.27
 0.6968 1326.19
 0.69692 1325.52
 0.69704 1342.53
 0.69716 1378.08
 0.69728 1432.94
 0.6974 1507.18
 0.69752 1599.87
 0.69764 1709.96
 0.69776 1836.01
 0.69788 1976.36
 0.698 2129.46
 0.69812 2293.69
 0.69824 2467.15
 0.69836 2647.3
 0.69848 2831.16
 0.6986 3015.54
 0.69872 3197.2
 0.69884 3372.71
 0.69896 3538.46
 0.69908 3691.29
 0.6992 3828.09
 0.69932 3945.47
 0.69944 4041.29
 0.69956 4114.54
 0.69968 4164.42
 0.6998 4190.75
 0.69992 4193.79
 0.70004 4174.11
 0.70016 4132.48
 0.70028 4070.13
 0.7004 3989.3
 0.70052 3893.07
 0.70064 3785.02
 0.70076 3668.86
 0.70088 3548.74
 0.701 3428.96
 0.70112 3313.38
 0.70124 3206.49
 0.70136 3113.11
 0.70148 3037.1
 0.7016 2981.92
 0.70172 2950.72
 0.70184 2945.82
 0.70196 2968.62
 0.70208 3019.9
 0.7022 3100.37
 0.70232 3209.91
 0.70244 3346.62
 0.70256 3507.23
 0.70268 3688.03
 0.7028 3885.03
 0.70292 4093.69
 0.70304 4309.45
 0.70316 4527.72
 0.70328 4742.87
 0.7034 4949.02
 0.70352 5140.49
 0.70364 5311.77
 0.70376 5457.78
 0.70388 5574.58
 0.704 5659.05
 0.70412 5708.57
 0.70424 5720.74
 0.70436 5694.44
 0.70448 5630.89
 0.7046 5532.32
 0.70472 5401.43
 0.70484 5241.19
 0.70496 5055.15
 0.70508 4846.99
 0.7052 4621
 0.70532 4382.39
 0.70544 4136.61
 0.70556 3889.13
 0.70568 3645.12
 0.7058 3409.18
 0.70592 3185.29
 0.70604 2977.13
 0.70616 2787.96
 0.70628 2620.68
 0.7064 2477.22
 0.70652 2358.2
 0.70664 2263.9
 0.70676 2194.33
 0.70688 2149.25
 0.707 2127.64
 0.70712 2128.15
 0.70724 2148.66
 0.70736 2186.5
 0.70748 2238.4
 0.7076 2301.24
 0.70772 2372.39
 0.70784 2449.51
 0.70796 2530.45
 0.70808 2613.16
 0.7082 2696.05
 0.70832 2777.61
 0.70844 2856.3
 0.70856 2930.62
 0.70868 2999.16
 0.7088 3060.65
 0.70892 3114.2
 0.70904 3159.55
 0.70916 3196.7
 0.70928 3226.11
 0.7094 3249.05
 0.70952 3267.49
 0.70964 3283.06
 0.70976 3297.05
 0.70988 3310.38
 0.71 3323.65
 0.71012 3337.25
 0.71024 3351.32
 0.71036 3366.11
 0.71048 3382.46
 0.7106 3401.41
 0.71072 3423.7
 0.71084 3449.96
 0.71096 3480.49
 0.71108 3515.64
 0.7112 3555.6
 0.71132 3600.15
 0.71144 3648.05
 0.71156 3697.39
 0.71168 3746.36
 0.7118 3793.44
 0.71192 3837.78
 0.71204 3878.96
 0.71216 3916.58
 0.71228 3950.4
 0.7124 3979.92
 0.71252 4003.91
 0.71264 4021.07
 0.71276 4030.45
 0.71288 4031.23
 0.713 4022.61
 0.71312 4003.7
 0.71324 3973.91
 0.71336 3933.12
 0.71348 3882.45
 0.7136 3823.6
 0.71372 3758.48
 0.71384 3688.52
 0.71396 3614.42
 0.71408 3536.7
 0.7142 3455.92
 0.71432 3372.53
 0.71444 3287.54
 0.71456 3202.84
 0.71468 3120.46
 0.7148 3042.35
 0.71492 2970.41
 0.71504 2906.15
 0.71516 2850.78
 0.71528 2805.18
 0.7154 2769.54
 0.71552 2743.04
 0.71564 2724.47
 0.71576 2712.69
 0.71588 2707.16
 0.716 2707.77
 0.71612 2714.32
 0.71624 2726.84
 0.71636 2745.33
 0.71648 2769.18
 0.7166 2797.15
 0.71672 2827.42
 0.71684 2857.96
 0.71696 2886.94
 0.71708 2913.29
 0.7172 2936.09
 0.71732 2954.6
 0.71744 2968.8
 0.71756 2979.19
 0.71768 2986.24
 0.7178 2990.02
 0.71792 2990.26
 0.71804 2986.76
 0.71816 2979.29
 0.71828 2967.47
 0.7184 2951.04
 0.71852 2929.85
 0.71864 2904.04
 0.71876 2874.56
 0.71888 2842.57
 0.719 2808.97
 0.71912 2774.32
 0.71924 2739.61
 0.71936 2705.73
 0.71948 2673.21
 0.7196 2642.39
 0.71972 2613.79
 0.71984 2588.13
 0.71996 2566.21
 0.72008 2548.56
 0.7202 2535.69
 0.72032 2527.87
 0.72044 2525.46
 0.72056 2529.24
 0.72068 2540.03
 0.7208 2558.02
 0.72092 2583.35
 0.72104 2616.33
 0.72116 2656.91
 0.72128 2704.48
 0.7214 2758.25
 0.72152 2817.41
 0.72164 2881.53
 0.72176 2950.22
 0.72188 3023.2
 0.722 3100.36
 0.72212 3182.04
 0.72224 3268.86
 0.72236 3361.14
 0.72248 3458.9
 0.7226 3561.71
 0.72272 3669.11
 0.72284 3780.86
 0.72296 3896.38
 0.72308 4014.78
 0.7232 4135.62
 0.72332 4258.86
 0.72344 4384.95
 0.72356 4514.22
 0.72368 4646.32
 0.7238 4780.59
 0.72392 4915.91
 0.72404 5050.48
 0.72416 5181.73
 0.72428 5307.31
 0.7244 5425.82
 0.72452 5535.57
 0.72464 5634.79
 0.72476 5721.67
 0.72488 5794.82
 0.725 5853.46
 0.72512 5897.4
 0.72524 5926.21
 0.72536 5939.01
 0.72548 5934.64
 0.7256 5912.22
 0.72572 5871.6
 0.72584 5813
 0.72596 5737.09
 0.72608 5645.72
 0.7262 5541.39
 0.72632 5426.05
 0.72644 5301.33
 0.72656 5169.76
 0.72668 5034.17
 0.7268 4896.98
 0.72692 4760.14
 0.72704 4625.11
 0.72716 4493.01
 0.72728 4365.39
 0.7274 4243.98
 0.72752 4130.6
 0.72764 4026.76
 0.72776 3933.41
 0.72788 3851.53
 0.728 3781.72
 0.72812 3723.56
 0.72824 3676.18
 0.72836 3638.83
 0.72848 3610.56
 0.7286 3589.72
 0.72872 3574.64
 0.72884 3564.1
 0.72896 3557.07
 0.72908 3552.42
 0.7292 3548.89
 0.72932 3544.78
 0.72944 3538.48
 0.72956 3528.46
 0.72968 3513.71
 0.7298 3493.64
 0.72992 3467.63
 0.73004 3435.49
 0.73016 3397.62
 0.73028 3354.65
 0.7304 3307.2
 0.73052 3256.33
 0.73064 3203.48
 0.73076 3150.29
 0.73088 3098.28
 0.731 3049.08
 0.73112 3004.69
 0.73124 2967.22
 0.73136 2939.04
 0.73148 2922.4
 0.7316 2919.1
 0.73172 2929.89
 0.73184 2955.02
 0.73196 2994.58
 0.73208 3048.19
 0.7322 3115.24
 0.73232 3195.13
 0.73244 3286.98
 0.73256 3389.26
 0.73268 3499.73
 0.7328 3615.62
 0.73292 3734.02
 0.73304 3851.86
 0.73316 3965.91
 0.73328 4073.13
 0.7334 4170.31
 0.73352 4254.21
 0.73364 4322.54
 0.73376 4374.23
 0.73388 4408.48
 0.734 4424.3
 0.73412 4421.35
 0.73424 4399.43
 0.73436 4358.44
 0.73448 4298.78
 0.7346 4221.77
 0.73472 4129.64
 0.73484 4025.19
 0.73496 3911.33
 0.73508 3791.04
 0.7352 3667.22
 0.73532 3542.52
 0.73544 3419.91
 0.73556 3302.34
 0.73568 3191.91
 0.7358 3089.92
 0.73592 2998.15
 0.73604 2918.49
 0.73616 2851.95
 0.73628 2799.34
 0.7364 2761.26
 0.73652 2737.8
 0.73664 2728.01
 0.73676 2730.32
 0.73688 2742.89
 0.737 2763.9
 0.73712 2791.52
 0.73724 2823.98
 0.73736 2859.43
 0.73748 2895.64
 0.7376 2930.52
 0.73772 2962.45
 0.73784 2990.06
 0.73796 3011.33
 0.73808 3024.63
 0.7382 3029.08
 0.73832 3024.11
 0.73844 3009.34
 0.73856 2984.79
 0.73868 2951.56
 0.7388 2910.78
 0.73892 2863.54
 0.73904 2810.91
 0.73916 2753.99
 0.73928 2694.01
 0.7394 2632.56
 0.73952 2571.31
 0.73964 2511.64
 0.73976 2454.34
 0.73988 2400.37
 0.74 2350.95
 0.74012 2306.89
 0.74024 2268.68
 0.74036 2236.59
 0.74048 2210.94
 0.7406 2191.65
 0.74072 2177.85
 0.74084 2168.88
 0.74096 2164.33
 0.74108 2163.98
 0.7412 2167.39
 0.74132 2173.88
 0.74144 2182.68
 0.74156 2193.27
 0.74168 2205.77
 0.7418 2220.75
 0.74192 2238.59
 0.74204 2259.62
 0.74216 2284.07
 0.74228 2312.18
 0.7424 2344.26
 0.74252 2380.18
 0.74264 2420.15
 0.74276 2465.09
 0.74288 2515.47
 0.743 2570.99
 0.74312 2630.95
 0.74324 2695.04
 0.74336 2763.08
 0.74348 2834.59
 0.7436 2908.65
 0.74372 2983.84
 0.74384 3058.62
 0.74396 3131.46
 0.74408 3200.99
 0.7442 3266.15
 0.74432 3325.51
 0.74444 3377.71
 0.74456 3421.81
 0.74468 3456.27
 0.7448 3479.15
 0.74492 3489.35
 0.74504 3486.87
 0.74516 3472.09
 0.74528 3445.17
 0.7454 3406.31
 0.74552 3356.12
 0.74564 3295.54
 0.74576 3225.68
 0.74588 3147.85
 0.746 3063.56
 0.74612 2974.14
 0.74624 2881.13
 0.74636 2786.76
 0.74648 2693.26
 0.7466 2603.09
 0.74672 2519.32
 0.74684 2444.93
 0.74696 2382.07
 0.74708 2331.89
 0.7472 2295.05
 0.74732 2272.08
 0.74744 2263.46
 0.74756 2269.41
 0.74768 2290.17
 0.7478 2325.76
 0.74792 2375.32
 0.74804 2437.59
 0.74816 2511.18
 0.74828 2594.13
 0.7484 2684.14
 0.74852 2778.65
 0.74864 2874.67
 0.74876 2969.01
 0.74888 3058.73
 0.749 3141.66
 0.74912 3216.56
 0.74924 3282.78
 0.74936 3339.78
 0.74948 3387.15
 0.7496 3424.48
 0.74972 3451.01
 0.74984 3466.55
 0.74996 3472.2
 0.75008 3469.37
 0.7502 3459.82
 0.75032 3445.43
 0.75044 3428.04
 0.75056 3409.56
 0.75068 3391.86
 0.7508 3376.99
 0.75092 3366.81
 0.75104 3362.47
 0.75116 3364.51
 0.75128 3373.27
 0.7514 3389.13
 0.75152 3412.09
 0.75164 3442.25
 0.75176 3479.76
 0.75188 3524.22
 0.752 3574.65
 0.75212 3629.89
 0.75224 3688.69
 0.75236 3750.16
 0.75248 3813.62
 0.7526 3878.88
 0.75272 3945.56
 0.75284 4012.73
 0.75296 4079.21
 0.75308 4144.38
 0.7532 4207.68
 0.75332 4268.31
 0.75344 4325.26
 0.75356 4377.89
 0.75368 4425.73
 0.7538 4468.66
 0.75392 4506.21
 0.75404 4537.95
 0.75416 4563.48
 0.75428 4582.25
 0.7544 4593.32
 0.75452 4595.39
 0.75464 4586.94
 0.75476 4567.1
 0.75488 4535.98
 0.755 4494.02
 0.75512 4441.1
 0.75524 4377.36
 0.75536 4303.24
 0.75548 4219.58
 0.7556 4127.29
 0.75572 4026.97
 0.75584 3919.6
 0.75596 3806.91
 0.75608 3690.73
 0.7562 3572.92
 0.75632 3455.42
 0.75644 3340.42
 0.75656 3230.17
 0.75668 3126.75
 0.7568 3031.69
 0.75692 2945.64
 0.75704 2869.15
 0.75716 2803.14
 0.75728 2748.46
 0.7574 2705.91
 0.75752 2676.05
 0.75764 2659.11
 0.75776 2655.08
 0.75788 2663.04
 0.758 2681.35
 0.75812 2708.28
 0.75824 2742.11
 0.75836 2781.17
 0.75848 2824.01
 0.7586 2869.34
 0.75872 2915.99
 0.75884 2962.97
 0.75896 3010.04
 0.75908 3056.99
 0.7592 3103.41
 0.75932 3148.42
 0.75944 3190.74
 0.75956 3229.01
 0.75968 3262.2
 0.7598 3289.84
 0.75992 3312.26
 0.76004 3330.29
 0.76016 3344.82
 0.76028 3356.76
 0.7604 3366.58
 0.76052 3374.27
 0.76064 3379.67
 0.76076 3382.67
 0.76088 3383.1
 0.761 3380.31
 0.76112 3373.77
 0.76124 3363.4
 0.76136 3349.8
 0.76148 3334.14
 0.7616 3317.57
 0.76172 3300.91
 0.76184 3284.35
 0.76196 3267.52
 0.76208 3249.92
 0.7622 3230.87
 0.76232 3209.78
 0.76244 3186.62
 0.76256 3161.89
 0.76268 3135.9
 0.7628 3108.98
 0.76292 3081.39
 0.76304 3053.3
 0.76316 3024.7
 0.76328 2995.14
 0.7634 2963.76
 0.76352 2929.51
 0.76364 2891.68
 0.76376 2850.14
 0.76388 2805.54
 0.764 2758.79
 0.76412 2710.63
 0.76424 2662.15
 0.76436 2614.34
 0.76448 2567.68
 0.7646 2522.51
 0.76472 2479.42
 0.76484 2438.68
 0.76496 2400.87
 0.76508 2366.76
 0.7652 2337.22
 0.76532 2313.24
 0.76544 2295.88
 0.76556 2286.07
 0.76568 2284.34
 0.7658 2290.38
 0.76592 2303.29
 0.76604 2322.31
 0.76616 2347.03
 0.76628 2376.68
 0.7664 2410.32
 0.76652 2447.52
 0.76664 2487.69
 0.76676 2530.28
 0.76688 2575.1
 0.767 2621.49
 0.76712 2668.82
 0.76724 2716.56
 0.76736 2764.22
 0.76748 2811.45
 0.7676 2858.05
 0.76772 2904.2
 0.76784 2950.97
 0.76796 2999.57
 0.76808 3050.73
 0.7682 3104.95
 0.76832 3163.2
 0.76844 3226.3
 0.76856 3294.6
 0.76868 3368.67
 0.7688 3449.09
 0.76892 3536.51
 0.76904 3631.92
 0.76916 3735.96
 0.76928 3849.02
 0.7694 3971.13
 0.76952 4102.08
 0.76964 4241.51
 0.76976 4388.45
 0.76988 4540.69
 0.77 4696.08
 0.77012 4852.44
 0.77024 5007.62
 0.77036 5159.14
 0.77048 5305.25
 0.7706 5444.37
 0.77072 5574.47
 0.77084 5693.35
 0.77096 5798.55
 0.77108 5887.42
 0.7712 5957.74
 0.77132 6007.79
 0.77144 6036.36
 0.77156 6042.19
 0.77168 6024.02
 0.7718 5981.74
 0.77192 5916.62
 0.77204 5830.26
 0.77216 5724.79
 0.77228 5602.38
 0.7724 5465.23
 0.77252 5315.19
 0.77264 5154.42
 0.77276 4985.55
 0.77288 4811.26
 0.773 4634.37
 0.77312 4458.01
 0.77324 4285.06
 0.77336 4117.6
 0.77348 3957.51
 0.7736 3807.32
 0.77372 3669.67
 0.77384 3546.14
 0.77396 3437.43
 0.77408 3343.73
 0.7742 3264.94
 0.77432 3200.88
 0.77444 3151.12
 0.77456 3114.71
 0.77468 3090.14
 0.7748 3075.67
 0.77492 3069.7
 0.77504 3070.61
 0.77516 3076.37
 0.77528 3085.2
 0.7754 3096.24
 0.77552 3108.5
 0.77564 3120.32
 0.77576 3129.78
 0.77588 3135.38
 0.776 3135.93
 0.77612 3130.32
 0.77624 3117.49
 0.77636 3096.41
 0.77648 3066.85
 0.7766 3029.35
 0.77672 2984.94
 0.77684 2934.7
 0.77696 2879.53
 0.77708 2820.39
 0.7772 2758.45
 0.77732 2694.43
 0.77744 2628.3
 0.77756 2560.14
 0.77768 2490.56
 0.7778 2420.51
 0.77792 2350.92
 0.77804 2282.98
 0.77816 2217.96
 0.77828 2157.43
 0.7784 2102.75
 0.77852 2054.59
 0.77864 2013.07
 0.77876 1978.05
 0.77888 1949.42
 0.779 1927.15
 0.77912 1911.13
 0.77924 1901.42
 0.77936 1898.58
 0.77948 1903.68
 0.7796 1917.48
 0.77972 1940.48
 0.77984 1972.75
 0.77996 2014.07
 0.78008 2063.99
 0.7802 2121.76
 0.78032 2186.1
 0.78044 2256.08
 0.78056 2331.1
 0.78068 2410.65
 0.7808 2494.09
 0.78092 2580.66
 0.78104 2669.68
 0.78116 2760.54
 0.78128 2852.48
 0.7814 2944.31
 0.78152 3034.82
 0.78164 3123
 0.78176 3207.64
 0.78188 3287.97
 0.782 3363.18
 0.78212 3432.52
 0.78224 3495.86
 0.78236 3553.41
 0.78248 3605.01
 0.7826 3650.47
 0.78272 3689.95
 0.78284 3724.06
 0.78296 3753.43
 0.78308 3778.41
 0.7832 3798.93
 0.78332 3814.72
 0.78344 3825.74
 0.78356 3831.64
 0.78368 3832.37
 0.7838 3828.33
 0.78392 3820.08
 0.78404 3808.66
 0.78416 3794.77
 0.78428 3778.51
 0.7844 3759.95
 0.78452 3739.5
 0.78464 3717.5
 0.78476 3693.92
 0.78488 3668.55
 0.785 3641.05
 0.78512 3611.7
 0.78524 3581.26
 0.78536 3550.84
 0.78548 3521.42
 0.7856 3494.34
 0.78572 3470.38
 0.78584 3449.95
 0.78596 3432.66
 0.78608 3418.02
 0.7862 3406.06
 0.78632 3397.37
 0.78644 3392.34
 0.78656 3391.08
 0.78668 3393.57
 0.7868 3399.76
 0.78692 3409.83
 0.78704 3424.19
 0.78716 3442.81
 0.78728 3465.45
 0.7874 3491.73
 0.78752 3521.32
 0.78764 3553.74
 0.78776 3588.79
 0.78788 3626.44
 0.788 3667.44
 0.78812 3711.96
 0.78824 3759.44
 0.78836 3808.96
 0.78848 3859.79
 0.7886 3911.39
 0.78872 3963.58
 0.78884 4016.05
 0.78896 4067.94
 0.78908 4118.2
 0.7892 4165.89
 0.78932 4210.06
 0.78944 4249.77
 0.78956 4284.13
 0.78968 4312.28
 0.7898 4333.41
 0.78992 4346.39
 0.79004 4349.96
 0.79016 4343.77
 0.79028 4328.14
 0.7904 4303.4
 0.79052 4269.91
 0.79064 4227.99
 0.79076 4177.62
 0.79088 4119.39
 0.791 4054.35
 0.79112 3983.69
 0.79124 3908.73
 0.79136 3830.87
 0.79148 3751.44
 0.7916 3671.68
 0.79172 3592.71
 0.79184 3515.92
 0.79196 3443.06
 0.79208 3375.59
 0.7922 3314.42
 0.79232 3260.28
 0.79244 3213.96
 0.79256 3175.76
 0.79268 3146.16
 0.7928 3125.73
 0.79292 3114.58
 0.79304 3112.27
 0.79316 3118.05
 0.79328 3130.91
 0.7934 3149.83
 0.79352 3173.8
 0.79364 3201.69
 0.79376 3232.37
 0.79388 3264.34
 0.794 3295.98
 0.79412 3325.83
 0.79424 3352.43
 0.79436 3374.22
 0.79448 3390.03
 0.7946 3399.2
 0.79472 3400.89
 0.79484 3394.31
 0.79496 3379.11
 0.79508 3355.88
 0.7952 3325.59
 0.79532 3289.46
 0.79544 3248.64
 0.79556 3204.68
 0.79568 3159.44
 0.7958 3114.6
 0.79592 3071.88
 0.79604 3033.1
 0.79616 3000.12
 0.79628 2974.79
 0.7964 2958.74
 0.79652 2953.21
 0.79664 2959.22
 0.79676 2977.86
 0.79688 3009.55
 0.797 3053.84
 0.79712 3109.43
 0.79724 3174.61
 0.79736 3247.49
 0.79748 3326.02
 0.7976 3407.74
 0.79772 3490.21
 0.79784 3571.32
 0.79796 3648.95
 0.79808 3720.59
 0.7982 3783.6
 0.79832 3835.79
 0.79844 3875.18
 0.79856 3899.9
 0.79868 3907.95
 0.7988 3897.45
 0.79892 3868.01
 0.79904 3820.03
 0.79916 3754.56
 0.79928 3673.07
 0.7994 3577.4
 0.79952 3469.57
 0.79964 3351.68
 0.79976 3225.61
 0.79988 3093.18
