 0.2 4359.6
 0.20012 4320.67
 0.20024 4274.95
 0.20036 4222.52
 0.20048 4163.5
 0.2006 4098.05
 0.20072 4026.11
 0.20084 3948.02
 0.20096 3864.93
 0.20108 3777.6
 0.2012 3686.58
 0.20132 3592.2
 0.20144 3494.78
 0.20156 3394.68
 0.20168 3292.37
 0.2018 3188.44
 0.20192 3082.82
 0.20204 2974.73
 0.20216 2864.14
 0.20228 2751.84
 0.2024 2638.72
 0.20252 2525.74
 0.20264 2414.03
 0.20276 2305.27
 0.20288 2200.84
 0.203 2101.81
 0.20312 2009.32
 0.20324 1924.57
 0.20336 1848.48
 0.20348 1782.02
 0.2036 1726.09
 0.20372 1681.45
 0.20384 1649.02
 0.20396 1630.36
 0.20408 1627.16
 0.2042 1640.42
 0.20432 1670.03
 0.20444 1715.29
 0.20456 1775.24
 0.20468 1848.8
 0.2048 1934.5
 0.20492 2030.91
 0.20504 2136.61
 0.20516 2250.2
 0.20528 2370.53
 0.2054 2496.76
 0.20552 2627.77
 0.20564 2762.05
 0.20576 2897.63
 0.20588 3031.99
 0.206 3162.3
 0.20612 3285.91
 0.20624 3400.85
 0.20636 3506.58
 0.20648 3603.29
 0.2066 3691.19
 0.20672 3770.38
 0.20684 3841.14
 0.20696 3903.77
 0.20708 3958.63
 0.2072 4006.1
 0.20732 4046.37
 0.20744 4079.57
 0.20756 4106.19
 0.20768 4127.41
 0.2078 4145.1
 0.20792 4161.76
 0.20804 4179.79
 0.20816 4200.86
 0.20828 4225.83
 0.2084 4254.6
 0.20852 4286.67
 0.20864 4321.97
 0.20876 4360.52
 0.20888 4402.05
 0.209 4446.24
 0.20912 4492.64
 0.20924 4540.42
 0.20936 4588.6
 0.20948 4636.07
 0.2096 4681.69
 0.20972 4724.06
 0.20984 4761.29
 0.20996 4791.27
 0.21008 4812.41
 0.2102 4824.14
 0.21032 4826.38
 0.21044 4819.45
 0.21056 4803.5
 0.21068 4778.18
 0.2108 4743.32
 0.21092 4699.11
 0.21104 4645.87
 0.21116 4584.41
 0.21128 4516.23
 0.2114 4443.37
 0.21152 4368.1
 0.21164 4292.7
 0.21176 4219.16
 0.21188 4149.28
 0.212 4084.43
 0.21212 4025.55
 0.21224 3973.01
 0.21236 3926.88
 0.21248 3887.23
 0.2126 3854.46
 0.21272 3829.2
 0.21284 3811.8
 0.21296 3802.52
 0.21308 3801.13
 0.2132 3806.58
 0.21332 3817.19
 0.21344 3830.69
 0.21356 3844.44
 0.21368 3855.86
 0.2138 3863.09
 0.21392 3865.19
 0.21404 3861.62
 0.21416 3851.88
 0.21428 3835.73
 0.2144 3813.06
 0.21452 3783.78
 0.21464 3747.8
 0.21476 3705.04
 0.21488 3655.38
 0.215 3598.62
 0.21512 3535.44
 0.21524 3466.97
 0.21536 3394.62
 0.21548 3320.21
 0.2156 3245.65
 0.21572 3172.55
 0.21584 3102.03
 0.21596 3034.66
 0.21608 2971.09
 0.2162 2911.89
 0.21632 2857.53
 0.21644 2808.16
 0.21656 2763.59
 0.21668 2723.49
 0.2168 2687.57
 0.21692 2655.89
 0.21704 2628.62
 0.21716 2605.48
 0.21728 2586.46
 0.2174 2571.74
 0.21752 2561.39
 0.21764 2555.71
 0.21776 2555.06
 0.21788 2559.47
 0.218 2568.53
 0.21812 2581.78
 0.21824 2599.19
 0.21836 2621
 0.21848 2648.11
 0.2186 2681.73
 0.21872 2723.14
 0.21884 2773.46
 0.21896 2833.3
 0.21908 2903.11
 0.2192 2983.14
 0.21932 3072.52
 0.21944 3169.86
 0.21956 3273.75
 0.21968 3382.39
 0.2198 3494.28
 0.21992 3608.84
 0.22004 3726.08
 0.22016 3845.62
 0.22028 3966.36
 0.2204 4086.83
 0.22052 4205.2
 0.22064 4319.39
 0.22076 4427.16
 0.22088 4526.7
 0.221 4616.62
 0.22112 4695.58
 0.22124 4762.89
 0.22136 4819.47
 0.22148 4866.3
 0.2216 4904.46
 0.22172 4935.36
 0.22184 4960.12
 0.22196 4979.42
 0.22208 4993.81
 0.2222 5004.56
 0.22232 5013.33
 0.22244 5021.61
 0.22256 5030.82
 0.22268 5042.87
 0.2228 5059.67
 0.22292 5082.56
 0.22304 5112.67
 0.22316 5150.88
 0.22328 5196.92
 0.2234 5249.9
 0.22352 5309.26
 0.22364 5374.37
 0.22376 5444.42
 0.22388 5518.11
 0.224 5593.92
 0.22412 5670.1
 0.22424 5744.14
 0.22436 5813.87
 0.22448 5877.67
 0.2246 5933.72
 0.22472 5979.78
 0.22484 6013.9
 0.22496 6034.4
 0.22508 6039.76
 0.2252 6029.32
 0.22532 6002.97
 0.22544 5960.5
 0.22556 5901.52
 0.22568 5825.55
 0.2258 5732.51
 0.22592 5623.17
 0.22604 5498.49
 0.22616 5359.8
 0.22628 5208.99
 0.2264 5047.63
 0.22652 4877.12
 0.22664 4699.42
 0.22676 4516.66
 0.22688 4330.75
 0.227 4143.84
 0.22712 3957.88
 0.22724 3774.43
 0.22736 3595.06
 0.22748 3421.48
 0.2276 3255.52
 0.22772 3099.4
 0.22784 2954.9
 0.22796 2823.44
 0.22808 2706.68
 0.2282 2605.88
 0.22832 2521.64
 0.22844 2454.54
 0.22856 2404.85
 0.22868 2372.27
 0.2288 2356.42
 0.22892 2356.93
 0.22904 2372.87
 0.22916 2403.21
 0.22928 2446.96
 0.2294 2503.03
 0.22952 2569.97
 0.22964 2645.62
 0.22976 2727.48
 0.22988 2813.23
 0.23 2900.53
 0.23012 2986.89
 0.23024 3070.26
 0.23036 3149.3
 0.23048 3222.77
 0.2306 3289.63
 0.23072 3349.17
 0.23084 3400.64
 0.23096 3443.44
 0.23108 3477.6
 0.2312 3503.05
 0.23132 3519.4
 0.23144 3526.55
 0.23156 3525.11
 0.23168 3516.55
 0.2318 3502.38
 0.23192 3483.9
 0.23204 3462.37
 0.23216 3438.96
 0.23228 3414.39
 0.2324 3389.06
 0.23252 3363.28
 0.23264 3337.59
 0.23276 3312.48
 0.23288 3288.56
 0.233 3266.23
 0.23312 3245.69
 0.23324 3227.55
 0.23336 3212.47
 0.23348 3200.75
 0.2336 3192.15
 0.23372 3186.13
 0.23384 3182.32
 0.23396 3180.28
 0.23408 3179.55
 0.2342 3179.83
 0.23432 3180.96
 0.23444 3182.98
 0.23456 3186
 0.23468 3189.86
 0.2348 3194.02
 0.23492 3197.83
 0.23504 3200.71
 0.23516 3201.9
 0.23528 3200.45
 0.2354 3195.83
 0.23552 3187.61
 0.23564 3175.42
 0.23576 3158.65
 0.23588 3136.83
 0.236 3109.92
 0.23612 3077.97
 0.23624 3040.76
 0.23636 2998.15
 0.23648 2949.85
 0.2366 2895.58
 0.23672 2835.39
 0.23684 2769.97
 0.23696 2700.24
 0.23708 2627.18
 0.2372 2552.17
 0.23732 2476.51
 0.23744 2401.28
 0.23756 2327.71
 0.23768 2257.4
 0.2378 2192.21
 0.23792 2133.68
 0.23804 2083.02
 0.23816 2041.65
 0.23828 2011.28
 0.2384 1993.24
 0.23852 1988.78
 0.23864 1998.92
 0.23876 2024.33
 0.23888 2065.19
 0.239 2121.12
 0.23912 2191.58
 0.23924 2275.55
 0.23936 2371.92
 0.23948 2479.5
 0.2396 2596.63
 0.23972 2721.17
 0.23984 2850.91
 0.23996 2983.83
 0.24008 3118.11
 0.2402 3251.23
 0.24032 3380.56
 0.24044 3503.74
 0.24056 3618.87
 0.24068 3724.22
 0.2408 3818.03
 0.24092 3899.1
 0.24104 3966.64
 0.24116 4019.99
 0.24128 4058.98
 0.2414 4083.58
 0.24152 4093.95
 0.24164 4090.84
 0.24176 4075.21
 0.24188 4048.08
 0.242 4010.19
 0.24212 3962.29
 0.24224 3906.06
 0.24236 3843.47
 0.24248 3776.35
 0.2426 3706
 0.24272 3633.77
 0.24284 3561.25
 0.24296 3489.81
 0.24308 3421.12
 0.2432 3356.79
 0.24332 3298.11
 0.24344 3246.29
 0.24356 3202.56
 0.24368 3167.95
 0.2438 3143.36
 0.24392 3129.68
 0.24404 3128.01
 0.24416 3139.23
 0.24428 3163.53
 0.2444 3200.57
 0.24452 3250.23
 0.24464 3312.56
 0.24476 3387.46
 0.24488 3474.2
 0.245 3571.43
 0.24512 3677.15
 0.24524 3789.29
 0.24536 3905.93
 0.24548 4024.95
 0.2456 4143.84
 0.24572 4260.08
 0.24584 4371.04
 0.24596 4474.12
 0.24608 4566.6
 0.2462 4645.84
 0.24632 4709.72
 0.24644 4756.55
 0.24656 4784.68
 0.24668 4792.62
 0.2468 4779.39
 0.24692 4745.02
 0.24704 4690.22
 0.24716 4616.35
 0.24728 4524.76
 0.2474 4416.95
 0.24752 4295.05
 0.24764 4161.58
 0.24776 4019.38
 0.24788 3871.61
 0.248 3721.38
 0.24812 3572.15
 0.24824 3427.3
 0.24836 3289.9
 0.24848 3162.84
 0.2486 3048.8
 0.24872 2950.04
 0.24884 2868.21
 0.24896 2804.61
 0.24908 2760.21
 0.2492 2735.43
 0.24932 2730.67
 0.24944 2745.82
 0.24956 2780.22
 0.24968 2832.5
 0.2498 2900.71
 0.24992 2982.94
 0.25004 3077.14
 0.25016 3180.82
 0.25028 3291.49
 0.2504 3406.7
 0.25052 3523.77
 0.25064 3640.31
 0.25076 3754.22
 0.25088 3863.24
 0.251 3964.77
 0.25112 4056.59
 0.25124 4136.97
 0.25136 4204.41
 0.25148 4257.56
 0.2516 4295.75
 0.25172 4319.22
 0.25184 4328.48
 0.25196 4323.67
 0.25208 4305.3
 0.2522 4274.28
 0.25232 4231.63
 0.25244 4178.57
 0.25256 4116.73
 0.25268 4047.35
 0.2528 3971.71
 0.25292 3891.7
 0.25304 3809.42
 0.25316 3726.65
 0.25328 3644.91
 0.2534 3565.77
 0.25352 3491.06
 0.25364 3421.98
 0.25376 3359.19
 0.25388 3303.69
 0.254 3256.68
 0.25412 3218.9
 0.25424 3190.76
 0.25436 3172.5
 0.25448 3163.89
 0.2546 3164.57
 0.25472 3174.61
 0.25484 3194.01
 0.25496 3222.41
 0.25508 3259.18
 0.2552 3303.62
 0.25532 3355.05
 0.25544 3412.29
 0.25556 3473.61
 0.25568 3537.58
 0.2558 3602.52
 0.25592 3666.27
 0.25604 3726.55
 0.25616 3781.59
 0.25628 3829.85
 0.2564 3870.27
 0.25652 3902.07
 0.25664 3924.53
 0.25676 3936.48
 0.25688 3936.99
 0.257 3925.77
 0.25712 3902.89
 0.25724 3868.62
 0.25736 3823.41
 0.25748 3768.55
 0.2576 3705.77
 0.25772 3636.9
 0.25784 3564.44
 0.25796 3491.44
 0.25808 3420.98
 0.2582 3355.62
 0.25832 3297.63
 0.25844 3248.71
 0.25856 3210.44
 0.25868 3184.47
 0.2588 3172.61
 0.25892 3175.55
 0.25904 3193.35
 0.25916 3225.56
 0.25928 3271.29
 0.2594 3329.35
 0.25952 3397.68
 0.25964 3474.22
 0.25976 3556.5
 0.25988 3641.22
 0.26 3724.53
 0.26012 3802.83
 0.26024 3873.06
 0.26036 3932.62
 0.26048 3979.32
 0.2606 4011.03
 0.26072 4025.5
 0.26084 4021.07
 0.26096 3997.41
 0.26108 3954.64
 0.2612 3893.81
 0.26132 3816.58
 0.26144 3725
 0.26156 3621.59
 0.26168 3508.79
 0.2618 3389.64
 0.26192 3267.93
 0.26204 3147.66
 0.26216 3032.14
 0.26228 2924.11
 0.2624 2825.9
 0.26252 2739.57
 0.26264 2667.11
 0.26276 2610.24
 0.26288 2569.69
 0.263 2545.49
 0.26312 2537.26
 0.26324 2543.66
 0.26336 2563.06
 0.26348 2593.63
 0.2636 2633.48
 0.26372 2680.71
 0.26384 2732.88
 0.26396 2787.42
 0.26408 2842.03
 0.2642 2895.36
 0.26432 2946.47
 0.26444 2994.72
 0.26456 3039.57
 0.26468 3080.74
 0.2648 3118.43
 0.26492 3153.57
 0.26504 3187.37
 0.26516 3221.27
 0.26528 3256.94
 0.2654 3295.57
 0.26552 3338.03
 0.26564 3385.04
 0.26576 3437.35
 0.26588 3495.86
 0.266 3561.13
 0.26612 3633.48
 0.26624 3712.33
 0.26636 3796.64
 0.26648 3885.36
 0.2666 3977.51
 0.26672 4071.87
 0.26684 4166.95
 0.26696 4260.81
 0.26708 4351.27
 0.2672 4436.2
 0.26732 4514.12
 0.26744 4584.53
 0.26756 4647.39
 0.26768 4702.9
 0.2678 4750.89
 0.26792 4791.34
 0.26804 4824.19
 0.26816 4849.36
 0.26828 4867.78
 0.2684 4880.72
 0.26852 4889
 0.26864 4893.35
 0.26876 4894.4
 0.26888 4892.76
 0.269 4889.51
 0.26912 4885.81
 0.26924 4882.72
 0.26936 4880.79
 0.26948 4879.93
 0.2696 4879.6
 0.26972 4879.31
 0.26984 4879.11
 0.26996 4878.78
 0.27008 4878.43
 0.2702 4877.79
 0.27032 4875.65
 0.27044 4871
 0.27056 4863.39
 0.27068 4852.41
 0.2708 4838.19
 0.27092 4820.97
 0.27104 4800.81
 0.27116 4777.87
 0.27128 4752.26
 0.2714 4723.89
 0.27152 4692.86
 0.27164 4659.68
 0.27176 4624.65
 0.27188 4588.06
 0.272 4550.39
 0.27212 4512.46
 0.27224 4475.69
 0.27236 4441.99
 0.27248 4412.98
 0.2726 4390.05
 0.27272 4374
 0.27284 4364.8
 0.27296 4362.1
 0.27308 4365.41
 0.2732 4373.62
 0.27332 4385.68
 0.27344 4400.97
 0.27356 4418.71
 0.27368 4437.95
 0.2738 4457.77
 0.27392 4477.15
 0.27404 4494.96
 0.27416 4509.74
 0.27428 4519.76
 0.2744 4523.16
 0.27452 4517.93
 0.27464 4502.25
 0.27476 4475.43
 0.27488 4437.59
 0.275 4389.2
 0.27512 4331.05
 0.27524 4264.85
 0.27536 4192.47
 0.27548 4115.71
 0.2756 4036.45
 0.27572 3956.42
 0.27584 3877.37
 0.27596 3800.81
 0.27608 3728.14
 0.2762 3660.49
 0.27632 3598.74
 0.27644 3544.01
 0.27656 3497.95
 0.27668 3461.86
 0.2768 3436.16
 0.27692 3420.85
 0.27704 3415.88
 0.27716 3421.03
 0.27728 3435.4
 0.2774 3457.42
 0.27752 3485.39
 0.27764 3517.86
 0.27776 3553.39
 0.27788 3590.56
 0.278 3627.98
 0.27812 3664.57
 0.27824 3700.02
 0.27836 3734.14
 0.27848 3766.25
 0.2786 3795.31
 0.27872 3820.64
 0.27884 3841.94
 0.27896 3858.9
 0.27908 3870.86
 0.2792 3877.15
 0.27932 3877.75
 0.27944 3873.47
 0.27956 3864.88
 0.27968 3852.48
 0.2798 3837.12
 0.27992 3819.8
 0.28004 3801.62
 0.28016 3782.96
 0.28028 3763.6
 0.2804 3743.49
 0.28052 3722.65
 0.28064 3701.08
 0.28076 3678.52
 0.28088 3654.64
 0.281 3629.42
 0.28112 3603.2
 0.28124 3576.23
 0.28136 3548.29
 0.28148 3519.09
 0.2816 3488.67
 0.28172 3456.74
 0.28184 3422.56
 0.28196 3385.14
 0.28208 3343.87
 0.2822 3298.77
 0.28232 3250.18
 0.28244 3198.48
 0.28256 3144.39
 0.28268 3088.74
 0.2828 3032.37
 0.28292 2976.12
 0.28304 2920.72
 0.28316 2867
 0.28328 2815.99
 0.2834 2768.51
 0.28352 2724.83
 0.28364 2685.02
 0.28376 2649.51
 0.28388 2619.15
 0.284 2594.91
 0.28412 2577.18
 0.28424 2566.12
 0.28436 2561.88
 0.28448 2564.48
 0.2846 2573.83
 0.28472 2589.89
 0.28484 2612.66
 0.28496 2642.06
 0.28508 2677.24
 0.2852 2716.46
 0.28532 2757.76
 0.28544 2799.7
 0.28556 2841.34
 0.28568 2882
 0.2858 2920.88
 0.28592 2956.94
 0.28604 2989.37
 0.28616 3017.59
 0.28628 3041.08
 0.2864 3059.04
 0.28652 3070.6
 0.28664 3074.81
 0.28676 3070.4
 0.28688 3056.11
 0.287 3031.16
 0.28712 2996.4
 0.28724 2953.89
 0.28736 2905.96
 0.28748 2854.85
 0.2876 2802.49
 0.28772 2750.48
 0.28784 2700.26
 0.28796 2653.19
 0.28808 2610.42
 0.2882 2573.01
 0.28832 2542.09
 0.28844 2518.88
 0.28856 2504.48
 0.28868 2500.27
 0.2888 2507.94
 0.28892 2529.14
 0.28904 2564.52
 0.28916 2613.2
 0.28928 2673.52
 0.2894 2743.49
 0.28952 2820.9
 0.28964 2903.88
 0.28976 2990.77
 0.28988 3080.2
 0.29 3170.94
 0.29012 3261.77
 0.29024 3351.52
 0.29036 3439
 0.29048 3523.28
 0.2906 3603.56
 0.29072 3678.83
 0.29084 3748.02
 0.29096 3810.36
 0.29108 3866.2
 0.2912 3916.72
 0.29132 3963.18
 0.29144 4006.84
 0.29156 4048.91
 0.29168 4089.89
 0.2918 4130.01
 0.29192 4169.12
 0.29204 4207
 0.29216 4243.49
 0.29228 4278.48
 0.2924 4311.9
 0.29252 4343.68
 0.29264 4373.76
 0.29276 4402.03
 0.29288 4428.23
 0.293 4451.62
 0.29312 4470.37
 0.29324 4482.76
 0.29336 4487.55
 0.29348 4483.71
 0.2936 4470.86
 0.29372 4449.6
 0.29384 4421.14
 0.29396 4387.07
 0.29408 4349.03
 0.2942 4308.52
 0.29432 4266.89
 0.29444 4225.14
 0.29456 4183.99
 0.29468 4143.94
 0.2948 4105.52
 0.29492 4069.27
 0.29504 4036.16
 0.29516 4007.44
 0.29528 3983.93
 0.2954 3965.95
 0.29552 3953.75
 0.29564 3946.89
 0.29576 3944.1
 0.29588 3943.5
 0.296 3943
 0.29612 3940.3
 0.29624 3933.18
 0.29636 3919.7
 0.29648 3898.45
 0.2966 3868.29
 0.29672 3828.62
 0.29684 3779.09
 0.29696 3719.54
 0.29708 3650.13
 0.2972 3571.46
 0.29732 3484.22
 0.29744 3389.27
 0.29756 3287.53
 0.29768 3180.19
 0.2978 3069.01
 0.29792 2956.04
 0.29804 2843.49
 0.29816 2733.98
 0.29828 2630
 0.2984 2533.6
 0.29852 2446.39
 0.29864 2369.7
 0.29876 2304.19
 0.29888 2250.39
 0.299 2208.51
 0.29912 2177.85
 0.29924 2157.33
 0.29936 2146.1
 0.29948 2143.25
 0.2996 2147.63
 0.29972 2157.92
 0.29984 2172.57
 0.29996 2190.09
 0.30008 2208.83
 0.3002 2227.08
 0.30032 2243.43
 0.30044 2256.92
 0.30056 2266.83
 0.30068 2272.77
 0.3008 2274.56
 0.30092 2271.89
 0.30104 2264.59
 0.30116 2253.24
 0.30128 2238.63
 0.3014 2221.3
 0.30152 2201.91
 0.30164 2181.43
 0.30176 2160.89
 0.30188 2141.19
 0.302 2122.74
 0.30212 2105.88
 0.30224 2091
 0.30236 2078.27
 0.30248 2067.63
 0.3026 2058.93
 0.30272 2051.89
 0.30284 2046.57
 0.30296 2043.3
 0.30308 2042.62
 0.3032 2044.78
 0.30332 2049.53
 0.30344 2056.93
 0.30356 2067.02
 0.30368 2079.87
 0.3038 2095.69
 0.30392 2115.26
 0.30404 2140.06
 0.30416 2171.13
 0.30428 2208.94
 0.3044 2254.08
 0.30452 2307.19
 0.30464 2369.01
 0.30476 2440
 0.30488 2520.26
 0.305 2609.62
 0.30512 2707.2
 0.30524 2812.3
 0.30536 2924.81
 0.30548 3043.94
 0.3056 3168.45
 0.30572 3296.67
 0.30584 3426.52
 0.30596 3555.16
 0.30608 3679.72
 0.3062 3798.58
 0.30632 3910.65
 0.30644 4014.57
 0.30656 4108.89
 0.30668 4192.02
 0.3068 4262.74
 0.30692 4319.78
 0.30704 4362.38
 0.30716 4390.55
 0.30728 4404.12
 0.3074 4403.01
 0.30752 4388.07
 0.30764 4360.8
 0.30776 4323.2
 0.30788 4277.48
 0.308 4226.21
 0.30812 4171.2
 0.30824 4112.99
 0.30836 4052.09
 0.30848 3989.33
 0.3086 3925.77
 0.30872 3862.75
 0.30884 3801.71
 0.30896 3744.17
 0.30908 3691.18
 0.3092 3643.41
 0.30932 3601.34
 0.30944 3564.98
 0.30956 3533.77
 0.30968 3506.88
 0.3098 3483.64
 0.30992 3463.35
 0.31004 3445.39
 0.31016 3430.06
 0.31028 3418.45
 0.3104 3411.47
 0.31052 3410.04
 0.31064 3414.4
 0.31076 3424.03
 0.31088 3437.98
 0.311 3455.36
 0.31112 3475.23
 0.31124 3496.83
 0.31136 3519.83
 0.31148 3544.11
 0.3116 3569.66
 0.31172 3596.21
 0.31184 3623.07
 0.31196 3649.89
 0.31208 3676.18
 0.3122 3700.92
 0.31232 3722.85
 0.31244 3740.43
 0.31256 3751.77
 0.31268 3756.17
 0.3128 3753.89
 0.31292 3745.35
 0.31304 3731.14
 0.31316 3712.29
 0.31328 3689.46
 0.3134 3662.99
 0.31352 3633.11
 0.31364 3599.98
 0.31376 3564.15
 0.31388 3525.97
 0.314 3485.46
 0.31412 3442.47
 0.31424 3396.92
 0.31436 3348.89
 0.31448 3299.3
 0.3146 3249.39
 0.31472 3199.51
 0.31484 3149.58
 0.31496 3099.5
 0.31508 3048.75
 0.3152 2996.51
 0.31532 2942.51
 0.31544 2886.66
 0.31556 2829.22
 0.31568 2770.56
 0.3158 2711.19
 0.31592 2651.91
 0.31604 2593.68
 0.31616 2537.74
 0.31628 2485.22
 0.3164 2437.15
 0.31652 2393.91
 0.31664 2355.74
 0.31676 2323.15
 0.31688 2296.72
 0.317 2277.21
 0.31712 2265.91
 0.31724 2263.98
 0.31736 2272.18
 0.31748 2291.19
 0.3176 2321.18
 0.31772 2362.1
 0.31784 2413.24
 0.31796 2473.92
 0.31808 2543.41
 0.3182 2621.07
 0.31832 2706.22
 0.31844 2798.14
 0.31856 2896.02
 0.31868 2999.23
 0.3188 3107.03
 0.31892 3218.47
 0.31904 3332.03
 0.31916 3445.8
 0.31928 3558.24
 0.3194 3667.49
 0.31952 3771.87
 0.31964 3870.18
 0.31976 3961.8
 0.31988 4046.82
 0.32 4125.13
 0.32012 4196.46
 0.32024 4260.18
 0.32036 4315.54
 0.32048 4362.02
 0.3206 4399.05
 0.32072 4425.75
 0.32084 4441.56
 0.32096 4446.49
 0.32108 4441.27
 0.3212 4426.81
 0.32132 4404.23
 0.32144 4375.4
 0.32156 4341.74
 0.32168 4303.88
 0.3218 4261.82
 0.32192 4215.49
 0.32204 4164.99
 0.32216 4110.78
 0.32228 4053.88
 0.3224 3995.62
 0.32252 3937.34
 0.32264 3881.17
 0.32276 3829.45
 0.32288 3783.94
 0.323 3745.73
 0.32312 3715.48
 0.32324 3693.32
 0.32336 3678.46
 0.32348 3669.8
 0.3236 3667.1
 0.32372 3670.95
 0.32384 3681.71
 0.32396 3699.35
 0.32408 3723.73
 0.3242 3754.73
 0.32432 3791.79
 0.32444 3834.17
 0.32456 3880.62
 0.32468 3928.61
 0.3248 3975.73
 0.32492 4020.23
 0.32504 4060.66
 0.32516 4095.87
 0.32528 4125.82
 0.3254 4150.98
 0.32552 4171.93
 0.32564 4188.84
 0.32576 4201.85
 0.32588 4211.63
 0.326 4219.08
 0.32612 4224.61
 0.32624 4228.35
 0.32636 4230.61
 0.32648 4231.86
 0.3266 4233.59
 0.32672 4238.38
 0.32684 4248.36
 0.32696 4265.22
 0.32708 4290.62
 0.3272 4325.65
 0.32732 4370.74
 0.32744 4425.96
 0.32756 4490.36
 0.32768 4562.34
 0.3278 4640.3
 0.32792 4722.86
 0.32804 4808.8
 0.32816 4897.61
 0.32828 4988.81
 0.3284 5081.41
 0.32852 5174.15
 0.32864 5264.81
 0.32876 5350.73
 0.32888 5429.63
 0.329 5499.32
 0.32912 5557.85
 0.32924 5603.88
 0.32936 5636.31
 0.32948 5655.09
 0.3296 5661.81
 0.32972 5658.23
 0.32984 5645.04
 0.32996 5622.28
 0.33008 5589.85
 0.3302 5547.37
 0.33032 5494.99
 0.33044 5433.64
 0.33056 5364.28
 0.33068 5288.31
 0.3308 5207.22
 0.33092 5122.56
 0.33104 5035.89
 0.33116 4948.49
 0.33128 4860.87
 0.3314 4773.17
 0.33152 4684.21
 0.33164 4592.13
 0.33176 4496.3
 0.33188 4397.54
 0.332 4297.14
 0.33212 4196.48
 0.33224 4096.8
 0.33236 3998.44
 0.33248 3901.42
 0.3326 3806.16
 0.33272 3712.93
 0.33284 3622
 0.33296 3533.48
 0.33308 3447.33
 0.3332 3363.97
 0.33332 3284.73
 0.33344 3211.33
 0.33356 3146.36
 0.33368 3092.16
 0.3338 3049.68
 0.33392 3018.83
 0.33404 2999.01
 0.33416 2989.57
 0.33428 2990.17
 0.3344 3000.98
 0.33452 3021.6
 0.33464 3051.28
 0.33476 3089.31
 0.33488 3134.72
 0.335 3186.52
 0.33512 3243.77
 0.33524 3304.75
 0.33536 3367.23
 0.33548 3428.7
 0.3356 3486.32
 0.33572 3537.7
 0.33584 3581.22
 0.33596 3616.04
 0.33608 3641.8
 0.3362 3658.08
 0.33632 3664.3
 0.33644 3660.37
 0.33656 3646.97
 0.33668 3624.68
 0.3368 3594.17
 0.33692 3556.5
 0.33704 3512.93
 0.33716 3464.9
 0.33728 3414.29
 0.3374 3363.08
 0.33752 3313.05
 0.33764 3265.88
 0.33776 3222.94
 0.33788 3185.32
 0.338 3153.58
 0.33812 3128.09
 0.33824 3109.25
 0.33836 3097.26
 0.33848 3091.6
 0.3386 3091.43
 0.33872 3096.32
 0.33884 3105.69
 0.33896 3118.72
 0.33908 3134.28
 0.3392 3151.31
 0.33932 3168.76
 0.33944 3185.84
 0.33956 3202.14
 0.33968 3217.43
 0.3398 3231.24
 0.33992 3242.76
 0.34004 3251.44
 0.34016 3256.71
 0.34028 3258.04
 0.3404 3255.21
 0.34052 3248.42
 0.34064 3237.82
 0.34076 3223.33
 0.34088 3204.94
 0.341 3182.83
 0.34112 3157.51
 0.34124 3129.27
 0.34136 3098.28
 0.34148 3064.46
 0.3416 3027.57
 0.34172 2987.51
 0.34184 2944.83
 0.34196 2900.6
 0.34208 2855.89
 0.3422 2811.98
 0.34232 2769.79
 0.34244 2729.67
 0.34256 2691.6
 0.34268 2655.61
 0.3428 2621.83
 0.34292 2590.23
 0.34304 2560.44
 0.34316 2531.95
 0.34328 2504.41
 0.3434 2477.55
 0.34352 2451.22
 0.34364 2425.25
 0.34376 2399.47
 0.34388 2373.38
 0.344 2346.17
 0.34412 2316.9
 0.34424 2284.57
 0.34436 2249.13
 0.34448 2211.28
 0.3446 2172.07
 0.34472 2132.31
 0.34484 2092.83
 0.34496 2054.81
 0.34508 2019.7
 0.3452 1988.45
 0.34532 1961.83
 0.34544 1940.53
 0.34556 1925.12
 0.34568 1916.12
 0.3458 1913.75
 0.34592 1918.14
 0.34604 1929.49
 0.34616 1948.09
 0.34628 1973.89
 0.3464 2005.93
 0.34652 2042.71
 0.34664 2082.96
 0.34676 2125.75
 0.34688 2169.84
 0.347 2213.71
 0.34712 2256.12
 0.34724 2296.65
 0.34736 2334.95
 0.34748 2370.55
 0.3476 2402.97
 0.34772 2431.68
 0.34784 2456.49
 0.34796 2477.41
 0.34808 2494.62
 0.3482 2508.46
 0.34832 2519.67
 0.34844 2529.58
 0.34856 2539.43
 0.34868 2549.65
 0.3488 2560.68
 0.34892 2573.39
 0.34904 2588.45
 0.34916 2606.07
 0.34928 2626.12
 0.3494 2648.7
 0.34952 2674.58
 0.34964 2704.52
 0.34976 2739.38
 0.34988 2779.87
 0.35 2826.18
 0.35012 2877.88
 0.35024 2934.21
 0.35036 2994.14
 0.35048 3056.36
 0.3506 3120.1
 0.35072 3185.33
 0.35084 3251.68
 0.35096 3318.7
 0.35108 3386.36
 0.3512 3454.69
 0.35132 3523.51
 0.35144 3591.93
 0.35156 3658.48
 0.35168 3722.16
 0.3518 3782
 0.35192 3837.16
 0.35204 3887.42
 0.35216 3933.27
 0.35228 3975.28
 0.3524 4013.92
 0.35252 4049.84
 0.35264 4083.19
 0.35276 4113.78
 0.35288 4141.77
 0.353 4166.95
 0.35312 4188.88
 0.35324 4207.51
 0.35336 4223.08
 0.35348 4236.65
 0.3536 4248.93
 0.35372 4259.67
 0.35384 4268.36
 0.35396 4274.74
 0.35408 4278.47
 0.3542 4278.93
 0.35432 4275.92
 0.35444 4269.45
 0.35456 4259.36
 0.35468 4245.51
 0.3548 4227.84
 0.35492 4206.29
 0.35504 4181.24
 0.35516 4152.87
 0.35528 4120.95
 0.3554 4085.19
 0.35552 4044.85
 0.35564 4000.18
 0.35576 3952.47
 0.35588 3902.84
 0.356 3851.72
 0.35612 3799.26
 0.35624 3745.76
 0.35636 3691
 0.35648 3634.91
 0.3566 3577.67
 0.35672 3519.74
 0.35684 3461.52
 0.35696 3403.3
 0.35708 3345.12
 0.3572 3287.48
 0.35732 3230.83
 0.35744 3175.63
 0.35756 3122.51
 0.35768 3071.35
 0.3578 3021.7
 0.35792 2973.65
 0.35804 2927.93
 0.35816 2885.15
 0.35828 2845.53
 0.3584 2809.48
 0.35852 2776.98
 0.35864 2747.77
 0.35876 2721.44
 0.35888 2697.54
 0.359 2675.65
 0.35912 2655.46
 0.35924 2636.58
 0.35936 2618.96
 0.35948 2602.44
 0.3596 2586.76
 0.35972 2571.84
 0.35984 2557.48
 0.35996 2543.07
 0.36008 2527.81
 0.3602 2511.53
 0.36032 2494.15
 0.36044 2475.71
 0.36056 2456.48
 0.36068 2436.84
 0.3608 2417.29
 0.36092 2398.4
 0.36104 2380.69
 0.36116 2364.37
 0.36128 2349.28
 0.3614 2335.16
 0.36152 2321.84
 0.36164 2309.22
 0.36176 2297.21
 0.36188 2285.88
 0.362 2275.52
 0.36212 2266.39
 0.36224 2258.44
 0.36236 2251.96
 0.36248 2247.24
 0.3626 2244.5
 0.36272 2243.75
 0.36284 2244.75
 0.36296 2247.33
 0.36308 2251.6
 0.3632 2258.18
 0.36332 2267.88
 0.36344 2281.33
 0.36356 2298.97
 0.36368 2321.24
 0.3638 2348.46
 0.36392 2380.55
 0.36404 2417.16
 0.36416 2457.73
 0.36428 2501.49
 0.3644 2547.52
 0.36452 2594.64
 0.36464 2641.83
 0.36476 2688.38
 0.36488 2733.75
 0.365 2777.05
 0.36512 2817.09
 0.36524 2852.39
 0.36536 2881.54
 0.36548 2903.56
 0.3656 2917.72
 0.36572 2923.33
 0.36584 2920.02
 0.36596 2907.97
 0.36608 2887.74
 0.3662 2860.21
 0.36632 2826.17
 0.36644 2786.48
 0.36656 2742.29
 0.36668 2694.7
 0.3668 2644.72
 0.36692 2593.65
 0.36704 2543.07
 0.36716 2494.67
 0.36728 2450.17
 0.3674 2411.12
 0.36752 2378.54
 0.36764 2353.33
 0.36776 2336.06
 0.36788 2326.9
 0.368 2325.88
 0.36812 2332.72
 0.36824 2347.21
 0.36836 2369.33
 0.36848 2399.03
 0.3686 2436.16
 0.36872 2480.32
 0.36884 2530.65
 0.36896 2586.05
 0.36908 2645.42
 0.3692 2707.71
 0.36932 2771.92
 0.36944 2837.31
 0.36956 2903.49
 0.36968 2970.06
 0.3698 3037.12
 0.36992 3104.88
 0.37004 3173.1
 0.37016 3241.59
 0.37028 3310.16
 0.3704 3378.58
 0.37052 3446.21
 0.37064 3512.31
 0.37076 3576.86
 0.37088 3640.29
 0.371 3702.65
 0.37112 3763.94
 0.37124 3824.03
 0.37136 3882.57
 0.37148 3939.13
 0.3716 3993.37
 0.37172 4045.04
 0.37184 4093.46
 0.37196 4138.31
 0.37208 4179.75
 0.3722 4217.54
 0.37232 4251.27
 0.37244 4280.66
 0.37256 4306.21
 0.37268 4327.98
 0.3728 4345.32
 0.37292 4357.64
 0.37304 4364.84
 0.37316 4366.74
 0.37328 4363.42
 0.3734 4354.83
 0.37352 4340.8
 0.37364 4321.11
 0.37376 4295.61
 0.37388 4264.42
 0.374 4227.43
 0.37412 4184.91
 0.37424 4137.73
 0.37436 4086.77
 0.37448 4032.71
 0.3746 3976.04
 0.37472 3918.12
 0.37484 3860.64
 0.37496 3805.06
 0.37508 3752.57
 0.3752 3704.41
 0.37532 3661.84
 0.37544 3626.64
 0.37556 3600.13
 0.37568 3583.07
 0.3758 3575.91
 0.37592 3578.88
 0.37604 3591.99
 0.37616 3614.29
 0.37628 3644.81
 0.3764 3682.62
 0.37652 3726.74
 0.37664 3775.88
 0.37676 3828.27
 0.37688 3881.77
 0.377 3934.68
 0.37712 3985.61
 0.37724 4033.21
 0.37736 4075.68
 0.37748 4111.03
 0.3776 4138.36
 0.37772 4157.38
 0.37784 4168.14
 0.37796 4170.82
 0.37808 4166.06
 0.3782 4154.99
 0.37832 4138.17
 0.37844 4116.22
 0.37856 4089.65
 0.37868 4059.14
 0.3788 4025.71
 0.37892 3990.64
 0.37904 3954.55
 0.37916 3917.7
 0.37928 3880.23
 0.3794 3842.78
 0.37952 3805.78
 0.37964 3769
 0.37976 3731.97
 0.37988 3693.94
 0.38 3653.94
 0.38012 3610.73
 0.38024 3563.55
 0.38036 3512.07
 0.38048 3456.05
 0.3806 3395.46
 0.38072 3330.1
 0.38084 3259.46
 0.38096 3183.08
 0.38108 3101.11
 0.3812 3014.01
 0.38132 2922.54
 0.38144 2827.11
 0.38156 2728.38
 0.38168 2627.23
 0.3818 2524.57
 0.38192 2421.74
 0.38204 2320.17
 0.38216 2221.08
 0.38228 2125.2
 0.3824 2033.29
 0.38252 1946.04
 0.38264 1864.17
 0.38276 1788.53
 0.38288 1720.16
 0.383 1659.95
 0.38312 1608.38
 0.38324 1565.53
 0.38336 1531.39
 0.38348 1506.15
 0.3836 1489.85
 0.38372 1482.47
 0.38384 1483.93
 0.38396 1493.97
 0.38408 1512.41
 0.3842 1539.1
 0.38432 1573.77
 0.38444 1616
 0.38456 1665.34
 0.38468 1721.37
 0.3848 1783.5
 0.38492 1850.84
 0.38504 1922.51
 0.38516 1998.05
 0.38528 2077.01
 0.3854 2158.87
 0.38552 2242.71
 0.38564 2327.53
 0.38576 2412.35
 0.38588 2496.02
 0.386 2577.24
 0.38612 2654.84
 0.38624 2728.08
 0.38636 2796.27
 0.38648 2858.71
 0.3866 2914.72
 0.38672 2963.59
 0.38684 3004.91
 0.38696 3038.65
 0.38708 3064.73
 0.3872 3083
 0.38732 3093.38
 0.38744 3095.83
 0.38756 3090.72
 0.38768 3078.56
 0.3878 3059.95
 0.38792 3035.93
 0.38804 3007.67
 0.38816 2976.13
 0.38828 2942.07
 0.3884 2906.51
 0.38852 2870.48
 0.38864 2834.99
 0.38876 2801.05
 0.38888 2769.53
 0.389 2741.19
 0.38912 2716.79
 0.38924 2696.89
 0.38936 2682.35
 0.38948 2674.02
 0.3896 2672.63
 0.38972 2678.61
 0.38984 2692.16
 0.38996 2713.2
 0.39008 2741.43
 0.3902 2776.47
 0.39032 2817.88
 0.39044 2864.98
 0.39056 2916.87
 0.39068 2972.6
 0.3908 3031.03
 0.39092 3090.85
 0.39104 3150.67
 0.39116 3209.11
 0.39128 3264.93
 0.3914 3316.71
 0.39152 3363.05
 0.39164 3402.78
 0.39176 3435.23
 0.39188 3459.93
 0.392 3476.58
 0.39212 3485.35
 0.39224 3486.55
 0.39236 3480.28
 0.39248 3467.05
 0.3926 3447.77
 0.39272 3423.38
 0.39284 3395.08
 0.39296 3364.26
 0.39308 3332.42
 0.3932 3300.98
 0.39332 3271.38
 0.39344 3244.95
 0.39356 3222.94
 0.39368 3206.09
 0.3938 3194.55
 0.39392 3188.37
 0.39404 3187.23
 0.39416 3190.47
 0.39428 3197.39
 0.3944 3207.5
 0.39452 3219.84
 0.39464 3233.44
 0.39476 3247.34
 0.39488 3260.67
 0.395 3272.55
 0.39512 3281.96
 0.39524 3288.03
 0.39536 3289.75
 0.39548 3286.13
 0.3956 3276.4
 0.39572 3260.5
 0.39584 3238.67
 0.39596 3211.37
 0.39608 3179.45
 0.3962 3144.07
 0.39632 3106.48
 0.39644 3068.12
 0.39656 3030.61
 0.39668 2995.44
 0.3968 2963.95
 0.39692 2936.87
 0.39704 2915.08
 0.39716 2899.58
 0.39728 2891.3
 0.3974 2891.39
 0.39752 2901.02
 0.39764 2920.9
 0.39776 2951.24
 0.39788 2992.23
 0.398 3043.41
 0.39812 3103.82
 0.39824 3172.03
 0.39836 3246.47
 0.39848 3325.31
 0.3986 3406.5
 0.39872 3487.9
 0.39884 3567.8
 0.39896 3645.07
 0.39908 3718.17
 0.3992 3785.36
 0.39932 3844.83
 0.39944 3894.54
 0.39956 3932.56
 0.39968 3957.46
 0.3998 3967.94
 0.39992 3962.95
 0.40004 3942.2
 0.40016 3906.05
 0.40028 3855.03
 0.4004 3789.73
 0.40052 3711.02
 0.40064 3620.28
 0.40076 3518.98
 0.40088 3408.17
 0.401 3288.88
 0.40112 3162.67
 0.40124 3031.5
 0.40136 2897.54
 0.40148 2763.17
 0.4016 2630.74
 0.40172 2502.43
 0.40184 2380.36
 0.40196 2266.54
 0.40208 2162.54
 0.4022 2069.86
 0.40232 1990.01
 0.40244 1924.39
 0.40256 1873.71
 0.40268 1838.19
 0.4028 1818.09
 0.40292 1813.79
 0.40304 1825.39
 0.40316 1852.47
 0.40328 1894.05
 0.4034 1948.81
 0.40352 2015
 0.40364 2090.3
 0.40376 2172.35
 0.40388 2258.87
 0.404 2347.52
 0.40412 2435.98
 0.40424 2521.75
 0.40436 2602.36
 0.40448 2675.72
 0.4046 2740.6
 0.40472 2795.97
 0.40484 2840.84
 0.40496 2874.1
 0.40508 2894.83
 0.4052 2902.59
 0.40532 2897.5
 0.40544 2880.15
 0.40556 2852.16
 0.40568 2815.95
 0.4058 2773.88
 0.40592 2727.94
 0.40604 2680.03
 0.40616 2632.2
 0.40628 2586.64
 0.4064 2545.58
 0.40652 2510.8
 0.40664 2483.75
 0.40676 2465.73
 0.40688 2458.06
 0.407 2462.33
 0.40712 2479.79
 0.40724 2511.39
 0.40736 2557.62
 0.40748 2618.29
 0.4076 2691.99
 0.40772 2776.85
 0.40784 2871.38
 0.40796 2974.56
 0.40808 3085.14
 0.4082 3201.62
 0.40832 3322.17
 0.40844 3444.78
 0.40856 3567.58
 0.40868 3688.64
 0.4088 3805.87
 0.40892 3916.96
 0.40904 4019.61
 0.40916 4111.97
 0.40928 4192.49
 0.4094 4259.97
 0.40952 4314
 0.40964 4354.92
 0.40976 4383.11
 0.40988 4398.35
 0.41 4400.54
 0.41012 4389.87
 0.41024 4366.81
 0.41036 4332.14
 0.41048 4286.83
 0.4106 4231.82
 0.41072 4168.6
 0.41084 4099.13
 0.41096 4025.58
 0.41108 3949.94
 0.4112 3873.71
 0.41132 3798.08
 0.41144 3723.99
 0.41156 3651.86
 0.41168 3581.79
 0.4118 3514.25
 0.41192 3450.02
 0.41204 3389.7
 0.41216 3334.04
 0.41228 3283.83
 0.4124 3239.79
 0.41252 3202.7
 0.41264 3172.91
 0.41276 3149.98
 0.41288 3133.38
 0.413 3122.17
 0.41312 3115.47
 0.41324 3112.86
 0.41336 3114.05
 0.41348 3118.91
 0.4136 3127.74
 0.41372 3140.91
 0.41384 3158.59
 0.41396 3180.92
 0.41408 3207.94
 0.4142 3239.29
 0.41432 3274.47
 0.41444 3312.82
 0.41456 3353.71
 0.41468 3397.29
 0.4148 3443.35
 0.41492 3491.51
 0.41504 3542.1
 0.41516 3595.39
 0.41528 3651.51
 0.4154 3710.42
 0.41552 3771.94
 0.41564 3835.56
 0.41576 3900.66
 0.41588 3966.53
 0.416 4032.26
 0.41612 4097.08
 0.41624 4160.35
 0.41636 4221.24
 0.41648 4279.05
 0.4166 4332.87
 0.41672 4382.03
 0.41684 4427.16
 0.41696 4468.97
 0.41708 4507.74
 0.4172 4543.62
 0.41732 4576.85
 0.41744 4607.85
 0.41756 4636.7
 0.41768 4663.41
 0.4178 4688.02
 0.41792 4710.66
 0.41804 4731.52
 0.41816 4750.61
 0.41828 4768.28
 0.4184 4785.43
 0.41852 4803.01
 0.41864 4821.68
 0.41876 4841.29
 0.41888 4860.89
 0.419 4879.14
 0.41912 4895.04
 0.41924 4907.64
 0.41936 4915.65
 0.41948 4918.01
 0.4196 4914.58
 0.41972 4905.69
 0.41984 4891.67
 0.41996 4873.07
 0.42008 4850.81
 0.4202 4825.83
 0.42032 4798.72
 0.42044 4769.14
 0.42056 4736.76
 0.42068 4701.72
 0.4208 4664.21
 0.42092 4624.77
 0.42104 4584.33
 0.42116 4543.41
 0.42128 4502.74
 0.4214 4463.44
 0.42152 4426.18
 0.42164 4390.72
 0.42176 4356.35
 0.42188 4322.41
 0.422 4287.97
 0.42212 4251.81
 0.42224 4212.73
 0.42236 4169.79
 0.42248 4123.11
 0.4226 4072.68
 0.42272 4018.47
 0.42284 3960.82
 0.42296 3899.7
 0.42308 3835.2
 0.4232 3767.77
 0.42332 3697.7
 0.42344 3625.01
 0.42356 3550.04
 0.42368 3473.57
 0.4238 3396.65
 0.42392 3320.22
 0.42404 3245.38
 0.42416 3173.27
 0.42428 3105
 0.4244 3041.51
 0.42452 2983.35
 0.42464 2931.12
 0.42476 2885.23
 0.42488 2846
 0.425 2813.87
 0.42512 2788.75
 0.42524 2770.24
 0.42536 2758.07
 0.42548 2752
 0.4256 2751.77
 0.42572 2757.19
 0.42584 2767.99
 0.42596 2783.82
 0.42608 2804.06
 0.4262 2828.17
 0.42632 2855.59
 0.42644 2885.54
 0.42656 2916.89
 0.42668 2948.45
 0.4268 2979.15
 0.42692 3008.02
 0.42704 3034.39
 0.42716 3058.12
 0.42728 3079.11
 0.4274 3097.24
 0.42752 3112.3
 0.42764 3123.63
 0.42776 3130.35
 0.42788 3131.62
 0.428 3126.93
 0.42812 3116.05
 0.42824 3098.72
 0.42836 3074.56
 0.42848 3043.66
 0.4286 3006.58
 0.42872 2964.02
 0.42884 2916.72
 0.42896 2865.26
 0.42908 2809.8
 0.4292 2750.46
 0.42932 2687.47
 0.42944 2621.09
 0.42956 2552.05
 0.42968 2481.61
 0.4298 2411.19
 0.42992 2342.22
 0.43004 2275.97
 0.43016 2213.62
 0.43028 2156.52
 0.4304 2106.33
 0.43052 2064.46
 0.43064 2031.93
 0.43076 2009.23
 0.43088 1996.44
 0.431 1993.59
 0.43112 2000.69
 0.43124 2017.45
 0.43136 2043.54
 0.43148 2078.45
 0.4316 2121.27
 0.43172 2170.61
 0.43184 2224.9
 0.43196 2282.11
 0.43208 2339.95
 0.4322 2396.15
 0.43232 2448.27
 0.43244 2493.71
 0.43256 2529.98
 0.43268 2555.19
 0.4328 2568.35
 0.43292 2569.02
 0.43304 2557.06
 0.43316 2532.75
 0.43328 2496.65
 0.4334 2449.45
 0.43352 2391.9
 0.43364 2325.07
 0.43376 2250.57
 0.43388 2170.38
 0.434 2087.35
 0.43412 2004.61
 0.43424 1925.34
 0.43436 1852.34
 0.43448 1788.31
 0.4346 1735.72
 0.43472 1696.33
 0.43484 1671.25
 0.43496 1661.28
 0.43508 1666.95
 0.4352 1688.35
 0.43532 1725.08
 0.43544 1776.71
 0.43556 1842.75
 0.43568 1922.39
 0.4358 2014.41
 0.43592 2117.17
 0.43604 2228.5
 0.43616 2345.84
 0.43628 2466.56
 0.4364 2588.69
 0.43652 2710.41
 0.43664 2830.19
 0.43676 2947.11
 0.43688 3060.51
 0.437 3169.81
 0.43712 3274.5
 0.43724 3374.42
 0.43736 3469.8
 0.43748 3560.69
 0.4376 3647.04
 0.43772 3728.57
 0.43784 3805.15
 0.43796 3876.71
 0.43808 3943.2
 0.4382 4005.01
 0.43832 4062.56
 0.43844 4115.77
 0.43856 4164.51
 0.43868 4208.22
 0.4388 4245.9
 0.43892 4276.27
 0.43904 4298.17
 0.43916 4310.56
 0.43928 4312.39
 0.4394 4302.56
 0.43952 4280.16
 0.43964 4244.95
 0.43976 4197.24
 0.43988 4137.3
 0.44 4065.78
 0.44012 3983.65
 0.44024 3891.73
 0.44036 3791.13
 0.44048 3683.27
 0.4406 3569.61
 0.44072 3451.95
 0.44084 3332.39
 0.44096 3213.16
 0.44108 3096.08
 0.4412 2982.52
 0.44132 2873.85
 0.44144 2771.68
 0.44156 2677.47
 0.44168 2592.16
 0.4418 2516.6
 0.44192 2451.6
 0.44204 2397.42
 0.44216 2353.96
 0.44228 2320.77
 0.4424 2296.95
 0.44252 2281.42
 0.44264 2273.05
 0.44276 2270.81
 0.44288 2273.59
 0.443 2280.63
 0.44312 2291.77
 0.44324 2307.22
 0.44336 2326.83
 0.44348 2349.87
 0.4436 2375.39
 0.44372 2402.36
 0.44384 2429.7
 0.44396 2456.63
 0.44408 2482.75
 0.4442 2508.18
 0.44432 2533.5
 0.44444 2559.59
 0.44456 2587.43
 0.44468 2617.93
 0.4448 2651.68
 0.44492 2689.06
 0.44504 2730.14
 0.44516 2774.57
 0.44528 2821.8
 0.4454 2871.89
 0.44552 2925.5
 0.44564 2983.83
 0.44576 3048.12
 0.44588 3118.93
 0.446 3196.34
 0.44612 3279.86
 0.44624 3368.13
 0.44636 3459.52
 0.44648 3552.31
 0.4466 3644.86
 0.44672 3735.61
 0.44684 3823.23
 0.44696 3906.52
 0.44708 3984.14
 0.4472 4055.1
 0.44732 4118.58
 0.44744 4173.43
 0.44756 4218.12
 0.44768 4250.57
 0.4478 4269.3
 0.44792 4273.98
 0.44804 4264.79
 0.44816 4242.99
 0.44828 4210.7
 0.4484 4170.23
 0.44852 4123.62
 0.44864 4072.62
 0.44876 4018.98
 0.44888 3964.32
 0.449 3910.32
 0.44912 3858.93
 0.44924 3811.62
 0.44936 3769.48
 0.44948 3733.65
 0.4496 3705.26
 0.44972 3685.57
 0.44984 3675.04
 0.44996 3673.48
 0.45008 3680.11
 0.4502 3692.95
 0.45032 3709.64
 0.45044 3727.85
 0.45056 3745.91
 0.45068 3762.43
 0.4508 3776
 0.45092 3785.51
 0.45104 3789.76
 0.45116 3787.52
 0.45128 3778.12
 0.4514 3761.24
 0.45152 3736.75
 0.45164 3704.94
 0.45176 3666.42
 0.45188 3622.15
 0.452 3573.36
 0.45212 3522.09
 0.45224 3471.05
 0.45236 3422.66
 0.45248 3378.73
 0.4526 3340.53
 0.45272 3309.34
 0.45284 3286.29
 0.45296 3272.29
 0.45308 3268.09
 0.4532 3274.28
 0.45332 3291.09
 0.45344 3318.57
 0.45356 3356.34
 0.45368 3403.65
 0.4538 3459.3
 0.45392 3521.86
 0.45404 3589.49
 0.45416 3659.73
 0.45428 3730.22
 0.4544 3799.51
 0.45452 3866.83
 0.45464 3931.63
 0.45476 3993.11
 0.45488 4050.48
 0.455 4103.1
 0.45512 4150.72
 0.45524 4193.44
 0.45536 4231.55
 0.45548 4265.51
 0.4556 4295.93
 0.45572 4323.57
 0.45584 4349.76
 0.45596 4375.95
 0.45608 4403.71
 0.4562 4434.48
 0.45632 4469.25
 0.45644 4508.34
 0.45656 4551.6
 0.45668 4598.89
 0.4568 4650.51
 0.45692 4706.91
 0.45704 4768.3
 0.45716 4834.07
 0.45728 4903.08
 0.4574 4973.79
 0.45752 5044.66
 0.45764 5114.38
 0.45776 5181.35
 0.45788 5243.64
 0.458 5299.73
 0.45812 5348.52
 0.45824 5389.38
 0.45836 5421.72
 0.45848 5445
 0.4586 5458.96
 0.45872 5462.86
 0.45884 5455.46
 0.45896 5435.22
 0.45908 5401.31
 0.4592 5353.86
 0.45932 5293.59
 0.45944 5221.76
 0.45956 5139.43
 0.45968 5047.47
 0.4598 4947.09
 0.45992 4839.41
 0.46004 4725.07
 0.46016 4604.36
 0.46028 4477.25
 0.4604 4343.96
 0.46052 4205.03
 0.46064 4061.31
 0.46076 3914.35
 0.46088 3766.4
 0.461 3619.73
 0.46112 3475.81
 0.46124 3335.69
 0.46136 3199.95
 0.46148 3069.01
 0.4616 2943.46
 0.46172 2823.85
 0.46184 2710.73
 0.46196 2604.72
 0.46208 2506.62
 0.4622 2417.49
 0.46232 2338.99
 0.46244 2272.34
 0.46256 2218.5
 0.46268 2177.94
 0.4628 2150.44
 0.46292 2135.27
 0.46304 2131.74
 0.46316 2139.48
 0.46328 2158.17
 0.4634 2187.26
 0.46352 2226.05
 0.46364 2273.87
 0.46376 2329.93
 0.46388 2393.29
 0.464 2462.95
 0.46412 2537.69
 0.46424 2615.45
 0.46436 2693.73
 0.46448 2770.1
 0.4646 2842.23
 0.46472 2908.18
 0.46484 2966.57
 0.46496 3016.41
 0.46508 3056.84
 0.4652 3087.01
 0.46532 3106.34
 0.46544 3114.89
 0.46556 3113.07
 0.46568 3101.39
 0.4658 3080.61
 0.46592 3051.74
 0.46604 3016
 0.46616 2975.31
 0.46628 2932.37
 0.4664 2890.02
 0.46652 2851.36
 0.46664 2819.14
 0.46676 2795.61
 0.46688 2782.73
 0.467 2781.99
 0.46712 2794.77
 0.46724 2822.48
 0.46736 2866.2
 0.46748 2926.5
 0.4676 3003.36
 0.46772 3096.15
 0.46784 3204.06
 0.46796 3325.55
 0.46808 3458.6
 0.4682 3600.68
 0.46832 3749.09
 0.46844 3901.16
 0.46856 4054.25
 0.46868 4206.36
 0.4688 4355.55
 0.46892 4500.02
 0.46904 4638.47
 0.46916 4769.24
 0.46928 4890.47
 0.4694 4999.9
 0.46952 5095.34
 0.46964 5175.52
 0.46976 5239.93
 0.46988 5288.34
 0.47 5321.65
 0.47012 5341.11
 0.47024 5347.79
 0.47036 5342.64
 0.47048 5326.5
 0.4706 5299.87
 0.47072 5263.18
 0.47084 5217.29
 0.47096 5162.63
 0.47108 5099.37
 0.4712 5028.39
 0.47132 4951.17
 0.47144 4870.33
 0.47156 4788.64
 0.47168 4708
 0.4718 4630.02
 0.47192 4555.83
 0.47204 4485.84
 0.47216 4420.53
 0.47228 4360.78
 0.4724 4307.38
 0.47252 4261.17
 0.47264 4223.12
 0.47276 4193.53
 0.47288 4172.48
 0.473 4160.8
 0.47312 4159.18
 0.47324 4167.55
 0.47336 4185.23
 0.47348 4210.77
 0.4736 4242.42
 0.47372 4278.72
 0.47384 4318.24
 0.47396 4359.86
 0.47408 4402.7
 0.4742 4445.55
 0.47432 4486.94
 0.47444 4525.7
 0.47456 4560.71
 0.47468 4591.16
 0.4748 4617.01
 0.47492 4637.88
 0.47504 4652.82
 0.47516 4661.18
 0.47528 4662.64
 0.4754 4656.88
 0.47552 4643.6
 0.47564 4622.84
 0.47576 4594.8
 0.47588 4559.66
 0.476 4517.27
 0.47612 4467.36
 0.47624 4410.18
 0.47636 4346.2
 0.47648 4275.73
 0.4766 4199.03
 0.47672 4115.92
 0.47684 4025.97
 0.47696 3928.98
 0.47708 3825.38
 0.4772 3715.64
 0.47732 3600.48
 0.47744 3481.14
 0.47756 3359.28
 0.47768 3236.55
 0.4778 3114.5
 0.47792 2994.89
 0.47804 2880.07
 0.47816 2772.41
 0.47828 2673.69
 0.4784 2585.33
 0.47852 2508.56
 0.47864 2444.6
 0.47876 2394.84
 0.47888 2360.91
 0.479 2344.25
 0.47912 2345.33
 0.47924 2364.35
 0.47936 2401.38
 0.47948 2455.91
 0.4796 2526.83
 0.47972 2612.34
 0.47984 2710.58
 0.47996 2819.37
 0.48008 2935.98
 0.4802 3057.57
 0.48032 3181.77
 0.48044 3306.64
 0.48056 3430.55
 0.48068 3552.08
 0.4808 3669.84
 0.48092 3782.1
 0.48104 3887.48
 0.48116 3985.38
 0.48128 4075.11
 0.4814 4155.39
 0.48152 4225.23
 0.48164 4284.51
 0.48176 4333.62
 0.48188 4372.91
 0.482 4402.87
 0.48212 4424.53
 0.48224 4438.93
 0.48236 4447
 0.48248 4449.34
 0.4826 4446.25
 0.48272 4437.2
 0.48284 4421.53
 0.48296 4398.89
 0.48308 4368.69
 0.4832 4330.17
 0.48332 4283.24
 0.48344 4228.8
 0.48356 4167.56
 0.48368 4099.7
 0.4838 4025.68
 0.48392 3946.05
 0.48404 3861.29
 0.48416 3771.78
 0.48428 3678.07
 0.4844 3580.67
 0.48452 3480.13
 0.48464 3377.54
 0.48476 3275.05
 0.48488 3174.86
 0.485 3078.95
 0.48512 2989.2
 0.48524 2907.31
 0.48536 2834.24
 0.48548 2770.14
 0.4856 2715.27
 0.48572 2669.81
 0.48584 2633.67
 0.48596 2606.73
 0.48608 2588.73
 0.4862 2579.03
 0.48632 2576.73
 0.48644 2581.05
 0.48656 2591.31
 0.48668 2606.36
 0.4868 2624.6
 0.48692 2644.46
 0.48704 2664.52
 0.48716 2683.48
 0.48728 2700.32
 0.4874 2714.32
 0.48752 2725.5
 0.48764 2733.66
 0.48776 2738.64
 0.48788 2740.33
 0.488 2738.66
 0.48812 2733.83
 0.48824 2726.4
 0.48836 2717.04
 0.48848 2706.52
 0.4886 2695.6
 0.48872 2684.87
 0.48884 2675
 0.48896 2666.44
 0.48908 2659.54
 0.4892 2654.67
 0.48932 2651.94
 0.48944 2651.31
 0.48956 2652.59
 0.48968 2655.86
 0.4898 2661.28
 0.48992 2669.08
 0.49004 2679.3
 0.49016 2691.69
 0.49028 2706.07
 0.4904 2721.94
 0.49052 2738.32
 0.49064 2754.49
 0.49076 2770.03
 0.49088 2784.66
 0.491 2798.46
 0.49112 2811.48
 0.49124 2823.73
 0.49136 2835.34
 0.49148 2846.23
 0.4916 2856.08
 0.49172 2864.47
 0.49184 2870.8
 0.49196 2874.55
 0.49208 2875.81
 0.4922 2874.76
 0.49232 2871.34
 0.49244 2866.08
 0.49256 2859.94
 0.49268 2853.65
 0.4928 2847.62
 0.49292 2842.02
 0.49304 2836.82
 0.49316 2832.28
 0.49328 2828.72
 0.4934 2826.71
 0.49352 2827.3
 0.49364 2831.79
 0.49376 2841.53
 0.49388 2857.93
 0.494 2881.67
 0.49412 2912.75
 0.49424 2951.4
 0.49436 2998.2
 0.49448 3053.24
 0.4946 3116.23
 0.49472 3186.9
 0.49484 3265.41
 0.49496 3351.93
 0.49508 3446.41
 0.4952 3548.55
 0.49532 3657.75
 0.49544 3772.96
 0.49556 3892.54
 0.49568 4014.06
 0.4958 4135.02
 0.49592 4253.22
 0.49604 4367.51
 0.49616 4476.9
 0.49628 4579.75
 0.4964 4673.93
 0.49652 4757.43
 0.49664 4828.59
 0.49676 4885.67
 0.49688 4926.8
 0.497 4950.55
 0.49712 4955.8
 0.49724 4941.65
 0.49736 4907.8
 0.49748 4854.49
 0.4976 4783.1
 0.49772 4696.01
 0.49784 4595.81
 0.49796 4484.65
 0.49808 4364.34
 0.4982 4237.34
 0.49832 4107.04
 0.49844 3977.43
 0.49856 3852.83
 0.49868 3737.47
 0.4988 3635.51
 0.49892 3550.74
 0.49904 3486.41
 0.49916 3445.49
 0.49928 3430.3
 0.4994 3442.23
 0.49952 3481.77
 0.49964 3548.43
 0.49976 3641.05
 0.49988 3758.25
 0.5 3898.6
 0.50012 4059.73
 0.50024 4237.96
 0.50036 4428.62
 0.50048 4626.35
 0.5006 4825.32
 0.50072 5019.73
 0.50084 5204.05
 0.50096 5373.23
 0.50108 5522.52
 0.5012 5647.64
 0.50132 5745.22
 0.50144 5813.01
 0.50156 5849.57
 0.50168 5853.54
 0.5018 5823.98
 0.50192 5760.2
 0.50204 5662.57
 0.50216 5532.94
 0.50228 5374.63
 0.5024 5191.76
 0.50252 4989
 0.50264 4771.31
 0.50276 4543.7
 0.50288 4311
 0.503 4077.94
 0.50312 3849.23
 0.50324 3629.1
 0.50336 3421.23
 0.50348 3228.63
 0.5036 3054.32
 0.50372 2901.64
 0.50384 2773.65
 0.50396 2672.75
 0.50408 2599.89
 0.5042 2555.04
 0.50432 2537.11
 0.50444 2544.65
 0.50456 2575.92
 0.50468 2629.11
 0.5048 2702.07
 0.50492 2792.22
 0.50504 2896.81
 0.50516 3013.09
 0.50528 3138.53
 0.5054 3270.63
 0.50552 3406.7
 0.50564 3543.49
 0.50576 3677.5
 0.50588 3805.46
 0.506 3924.87
 0.50612 4034.13
 0.50624 4132.09
 0.50636 4218.06
 0.50648 4291.43
 0.5066 4351.44
 0.50672 4397.39
 0.50684 4429.43
 0.50696 4448.4
 0.50708 4455.05
 0.5072 4449.95
 0.50732 4433.43
 0.50744 4406.19
 0.50756 4369.61
 0.50768 4325.58
 0.5078 4276
 0.50792 4222.79
 0.50804 4167.41
 0.50816 4111.06
 0.50828 4054.58
 0.5084 3998.74
 0.50852 3944.34
 0.50864 3892.57
 0.50876 3844.48
 0.50888 3799.94
 0.509 3758.58
 0.50912 3720.47
 0.50924 3686.21
 0.50936 3656.71
 0.50948 3632.64
 0.5096 3613.86
 0.50972 3599.92
 0.50984 3590.46
 0.50996 3585.04
 0.51008 3583.33
 0.5102 3585.27
 0.51032 3590.97
 0.51044 3600.52
 0.51056 3613.97
 0.51068 3631.21
 0.5108 3652.36
 0.51092 3678.67
 0.51104 3711.1
 0.51116 3749.92
 0.51128 3794.66
 0.5114 3844.2
 0.51152 3897.35
 0.51164 3953.61
 0.51176 4012.54
 0.51188 4073.62
 0.512 4136.34
 0.51212 4200.25
 0.51224 4264.84
 0.51236 4329.77
 0.51248 4394.84
 0.5126 4459.55
 0.51272 4523.17
 0.51284 4584.74
 0.51296 4642.59
 0.51308 4695.66
 0.5132 4743.69
 0.51332 4787.08
 0.51344 4826.89
 0.51356 4864.22
 0.51368 4900.07
 0.5138 4935.48
 0.51392 4971.26
 0.51404 5007.79
 0.51416 5044.88
 0.51428 5081.76
 0.5144 5117.02
 0.51452 5149.23
 0.51464 5177.77
 0.51476 5202.3
 0.51488 5222.7
 0.515 5238.93
 0.51512 5250.43
 0.51524 5256.2
 0.51536 5255.12
 0.51548 5246.11
 0.5156 5228.08
 0.51572 5199.73
 0.51584 5160.12
 0.51596 5109.39
 0.51608 5048.54
 0.5162 4979.55
 0.51632 4905.28
 0.51644 4829.04
 0.51656 4753.73
 0.51668 4681.1
 0.5168 4612.85
 0.51692 4550.59
 0.51704 4495.89
 0.51716 4450.23
 0.51728 4415.16
 0.5174 4391.83
 0.51752 4381.02
 0.51764 4383.49
 0.51776 4399.87
 0.51788 4429.74
 0.518 4471.37
 0.51812 4522.26
 0.51824 4579.18
 0.51836 4638.35
 0.51848 4696.28
 0.5186 4750.13
 0.51872 4798.1
 0.51884 4838.28
 0.51896 4868.88
 0.51908 4888.63
 0.5192 4896.54
 0.51932 4891.64
 0.51944 4873.17
 0.51956 4840.71
 0.51968 4793.99
 0.5198 4733.39
 0.51992 4660.26
 0.52004 4576.81
 0.52016 4485.59
 0.52028 4389.72
 0.5204 4292.32
 0.52052 4196.07
 0.52064 4102.91
 0.52076 4014.17
 0.52088 3931.15
 0.521 3854.97
 0.52112 3786.32
 0.52124 3725.88
 0.52136 3674.46
 0.52148 3632.94
 0.5216 3601.73
 0.52172 3580.9
 0.52184 3569.88
 0.52196 3567.73
 0.52208 3573.29
 0.5222 3585.1
 0.52232 3601.24
 0.52244 3620.25
 0.52256 3641.21
 0.52268 3663.85
 0.5228 3687.96
 0.52292 3713.45
 0.52304 3740.04
 0.52316 3767.21
 0.52328 3794.42
 0.5234 3820.9
 0.52352 3845.92
 0.52364 3869.27
 0.52376 3891.06
 0.52388 3911.59
 0.524 3931.08
 0.52412 3949.79
 0.52424 3968.4
 0.52436 3987.52
 0.52448 4006.94
 0.5246 4025.69
 0.52472 4042.86
 0.52484 4057.86
 0.52496 4070.37
 0.52508 4080.7
 0.5252 4089.48
 0.52532 4097.33
 0.52544 4104.78
 0.52556 4112.25
 0.52568 4119.56
 0.5258 4126.56
 0.52592 4133.23
 0.52604 4139.71
 0.52616 4146.13
 0.52628 4152.23
 0.5264 4158.11
 0.52652 4164.56
 0.52664 4172.87
 0.52676 4183.56
 0.52688 4196.6
 0.527 4211.42
 0.52712 4227.08
 0.52724 4242.7
 0.52736 4257.59
 0.52748 4271.32
 0.5276 4283.65
 0.52772 4294.68
 0.52784 4304.33
 0.52796 4312.24
 0.52808 4317.7
 0.5282 4320.04
 0.52832 4318.95
 0.52844 4314.12
 0.52856 4304.91
 0.52868 4290.57
 0.5288 4271.18
 0.52892 4247.41
 0.52904 4220.15
 0.52916 4189.99
 0.52928 4157.08
 0.5294 4121.39
 0.52952 4082.89
 0.52964 4041.65
 0.52976 3997.73
 0.52988 3951.3
 0.53 3902.94
 0.53012 3853.47
 0.53024 3803.44
 0.53036 3753.1
 0.53048 3702.54
 0.5306 3652.12
 0.53072 3602.39
 0.53084 3553.48
 0.53096 3505.07
 0.53108 3457.14
 0.5312 3410.24
 0.53132 3365.22
 0.53144 3322.77
 0.53156 3283.36
 0.53168 3247.23
 0.5318 3214.59
 0.53192 3185.55
 0.53204 3160.06
 0.53216 3138.28
 0.53228 3120.78
 0.5324 3108.23
 0.53252 3101.19
 0.53264 3099.72
 0.53276 3103.2
 0.53288 3111.13
 0.533 3123.03
 0.53312 3138.11
 0.53324 3155.5
 0.53336 3174.56
 0.53348 3194.66
 0.5336 3215.2
 0.53372 3235.66
 0.53384 3255.64
 0.53396 3274.76
 0.53408 3292.66
 0.5342 3308.5
 0.53432 3321.12
 0.53444 3329.49
 0.53456 3333.05
 0.53468 3332.13
 0.5348 3328.06
 0.53492 3322.17
 0.53504 3316.14
 0.53516 3311.42
 0.53528 3309.03
 0.5354 3309.86
 0.53552 3315.13
 0.53564 3326.13
 0.53576 3343.89
 0.53588 3369.1
 0.536 3402.35
 0.53612 3444.1
 0.53624 3495.06
 0.53636 3556.01
 0.53648 3627.34
 0.5366 3708.27
 0.53672 3796.9
 0.53684 3890.56
 0.53696 3986.46
 0.53708 4081.66
 0.5372 4173.69
 0.53732 4260.56
 0.53744 4340.13
 0.53756 4410.13
 0.53768 4468.4
 0.5378 4513.26
 0.53792 4543.52
 0.53804 4558.47
 0.53816 4557.58
 0.53828 4540.48
 0.5384 4507.01
 0.53852 4457.95
 0.53864 4395.67
 0.53876 4323.4
 0.53888 4244.79
 0.539 4163.35
 0.53912 4082.56
 0.53924 4005.32
 0.53936 3934.01
 0.53948 3870.64
 0.5396 3817.2
 0.53972 3775.58
 0.53984 3747.31
 0.53996 3733.31
 0.54008 3733.75
 0.5402 3748.63
 0.54032 3777.7
 0.54044 3820.46
 0.54056 3875.18
 0.54068 3938.94
 0.5408 4008.4
 0.54092 4080.18
 0.54104 4151.25
 0.54116 4218.54
 0.54128 4279.83
 0.5414 4333.75
 0.54152 4379.47
 0.54164 4415.72
 0.54176 4441.34
 0.54188 4455.4
 0.542 4457.67
 0.54212 4448.6
 0.54224 4428.72
 0.54236 4398.47
 0.54248 4358.09
 0.5426 4308.81
 0.54272 4252.37
 0.54284 4190.62
 0.54296 4125.39
 0.54308 4058.34
 0.5432 3991.14
 0.54332 3924.65
 0.54344 3859.12
 0.54356 3795.05
 0.54368 3733.26
 0.5438 3674.12
 0.54392 3617.59
 0.54404 3563.23
 0.54416 3510.17
 0.54428 3457.49
 0.5444 3404.99
 0.54452 3352.96
 0.54464 3301.18
 0.54476 3249.31
 0.54488 3196.78
 0.545 3142.93
 0.54512 3087.09
 0.54524 3028.8
 0.54536 2967.79
 0.54548 2903.73
 0.5456 2835.97
 0.54572 2764.31
 0.54584 2689.36
 0.54596 2612.2
 0.54608 2534.09
 0.5462 2456.48
 0.54632 2380.66
 0.54644 2307.16
 0.54656 2236.3
 0.54668 2168.52
 0.5468 2104.32
 0.54692 2044.64
 0.54704 1990.33
 0.54716 1942.05
 0.54728 1900.38
 0.5474 1866.27
 0.54752 1840.77
 0.54764 1824.68
 0.54776 1818.12
 0.54788 1820.3
 0.548 1829.87
 0.54812 1845.36
 0.54824 1865.5
 0.54836 1889.39
 0.54848 1916.32
 0.5486 1945.74
 0.54872 1977.29
 0.54884 2010.62
 0.54896 2045.27
 0.54908 2081.18
 0.5492 2118.51
 0.54932 2157.17
 0.54944 2196.78
 0.54956 2237.21
 0.54968 2278.51
 0.5498 2321.23
 0.54992 2366.77
 0.55004 2416.87
 0.55016 2473.15
 0.55028 2536.7
 0.5504 2608.29
 0.55052 2688.63
 0.55064 2777.97
 0.55076 2875.79
 0.55088 2981.27
 0.551 3093.22
 0.55112 3210.17
 0.55124 3330.61
 0.55136 3453.21
 0.55148 3576.35
 0.5516 3698.16
 0.55172 3816.93
 0.55184 3930.61
 0.55196 4036.92
 0.55208 4133.71
 0.5522 4219.09
 0.55232 4291.6
 0.55244 4349.99
 0.55256 4392.77
 0.55268 4419.35
 0.5528 4429.96
 0.55292 4425.3
 0.55304 4406.49
 0.55316 4374.69
 0.55328 4330.89
 0.5534 4276.14
 0.55352 4212.11
 0.55364 4140.45
 0.55376 4062.71
 0.55388 3980.43
 0.554 3894.77
 0.55412 3806.77
 0.55424 3717.13
 0.55436 3626.53
 0.55448 3535.93
 0.5546 3446.67
 0.55472 3359.51
 0.55484 3275.06
 0.55496 3193.36
 0.55508 3114.09
 0.5552 3037.08
 0.55532 2962.76
 0.55544 2891.4
 0.55556 2822.96
 0.55568 2757.47
 0.5558 2694.97
 0.55592 2635.76
 0.55604 2580.35
 0.55616 2529.34
 0.55628 2483.48
 0.5564 2443.57
 0.55652 2410.03
 0.55664 2383.06
 0.55676 2362.72
 0.55688 2348.97
 0.557 2342.56
 0.55712 2344.21
 0.55724 2354.18
 0.55736 2372.25
 0.55748 2398.37
 0.5576 2432.6
 0.55772 2474.75
 0.55784 2524.57
 0.55796 2581.63
 0.55808 2645.58
 0.5582 2716.1
 0.55832 2792.24
 0.55844 2872.69
 0.55856 2956.25
 0.55868 3041.75
 0.5588 3128.47
 0.55892 3215.5
 0.55904 3301.72
 0.55916 3386.29
 0.55928 3468.61
 0.5594 3548.06
 0.55952 3623.52
 0.55964 3693.72
 0.55976 3757.85
 0.55988 3815.22
 0.56 3865
 0.56012 3906.21
 0.56024 3938.08
 0.56036 3961.06
 0.56048 3975.72
 0.5606 3982.51
 0.56072 3981.81
 0.56084 3973.54
 0.56096 3957.44
 0.56108 3933.03
 0.5612 3899.74
 0.56132 3857.27
 0.56144 3805.69
 0.56156 3745.92
 0.56168 3678.85
 0.5618 3605.04
 0.56192 3525.22
 0.56204 3440.35
 0.56216 3351.45
 0.56228 3259.09
 0.5624 3163.03
 0.56252 3063.42
 0.56264 2960.74
 0.56276 2855.54
 0.56288 2748.94
 0.563 2642.55
 0.56312 2538.1
 0.56324 2437.07
 0.56336 2340.49
 0.56348 2248.95
 0.5636 2162.6
 0.56372 2081.6
 0.56384 2006.2
 0.56396 1936.38
 0.56408 1872.11
 0.5642 1813.39
 0.56432 1760.41
 0.56444 1713.69
 0.56456 1673.17
 0.56468 1638.58
 0.5648 1609.78
 0.56492 1586.25
 0.56504 1567.27
 0.56516 1552.08
 0.56528 1540.31
 0.5654 1532.03
 0.56552 1527.5
 0.56564 1527.06
 0.56576 1531.14
 0.56588 1540.25
 0.566 1554.98
 0.56612 1575.49
 0.56624 1601.82
 0.56636 1633.82
 0.56648 1671.31
 0.5666 1714.68
 0.56672 1764.24
 0.56684 1820.05
 0.56696 1882.32
 0.56708 1951.48
 0.5672 2028.02
 0.56732 2112.04
 0.56744 2203.27
 0.56756 2301.5
 0.56768 2406.33
 0.5678 2517.09
 0.56792 2632.83
 0.56804 2752.76
 0.56816 2876.94
 0.56828 3005.76
 0.5684 3139.78
 0.56852 3279.09
 0.56864 3422.98
 0.56876 3570.87
 0.56888 3722
 0.569 3875.21
 0.56912 4028.76
 0.56924 4180.76
 0.56936 4329.75
 0.56948 4474.34
 0.5696 4613.19
 0.56972 4745.39
 0.56984 4870.48
 0.56996 4988.26
 0.57008 5098.08
 0.5702 5198.62
 0.57032 5288.11
 0.57044 5364.72
 0.57056 5427.51
 0.57068 5476.15
 0.5708 5510.53
 0.57092 5531.09
 0.57104 5538.94
 0.57116 5535.78
 0.57128 5523.37
 0.5714 5503.26
 0.57152 5477.02
 0.57164 5445.69
 0.57176 5409.82
 0.57188 5369.76
 0.572 5325.98
 0.57212 5279.06
 0.57224 5229.87
 0.57236 5179.65
 0.57248 5129.88
 0.5726 5081.64
 0.57272 5035.63
 0.57284 4992.15
 0.57296 4951.19
 0.57308 4912.37
 0.5732 4874.78
 0.57332 4837.39
 0.57344 4799.17
 0.57356 4759.56
 0.57368 4718.92
 0.5738 4677.68
 0.57392 4636.11
 0.57404 4594.35
 0.57416 4552.98
 0.57428 4512.75
 0.5744 4474.18
 0.57452 4437.55
 0.57464 4403.06
 0.57476 4371.42
 0.57488 4343.39
 0.575 4319.3
 0.57512 4299.84
 0.57524 4286.4
 0.57536 4280.38
 0.57548 4282.88
 0.5756 4294.07
 0.57572 4313.58
 0.57584 4341.04
 0.57596 4376.12
 0.57608 4418.39
 0.5762 4466.61
 0.57632 4518.94
 0.57644 4573.25
 0.57656 4627.4
 0.57668 4679.16
 0.5768 4726.11
 0.57692 4766.3
 0.57704 4798.37
 0.57716 4820.6
 0.57728 4830.94
 0.5774 4827.7
 0.57752 4809.96
 0.57764 4777.36
 0.57776 4729.63
 0.57788 4666.97
 0.578 4589.69
 0.57812 4498.39
 0.57824 4394.36
 0.57836 4279.86
 0.57848 4157.7
 0.5786 4031.01
 0.57872 3902.9
 0.57884 3776.47
 0.57896 3654.49
 0.57908 3539.39
 0.5792 3433.55
 0.57932 3339.03
 0.57944 3257.41
 0.57956 3189.56
 0.57968 3136.39
 0.5798 3098.69
 0.57992 3076.85
 0.58004 3071.23
 0.58016 3082.14
 0.58028 3109.67
 0.5804 3152.95
 0.58052 3210.7
 0.58064 3281.1
 0.58076 3362.4
 0.58088 3452.32
 0.581 3548.31
 0.58112 3648.12
 0.58124 3749.83
 0.58136 3852.02
 0.58148 3953.64
 0.5816 4054.16
 0.58172 4153.05
 0.58184 4249.79
 0.58196 4344.04
 0.58208 4435.21
 0.5822 4522.19
 0.58232 4603.87
 0.58244 4679.7
 0.58256 4749.2
 0.58268 4812.52
 0.5828 4869.85
 0.58292 4922.46
 0.58304 4971.67
 0.58316 5018.45
 0.58328 5063.46
 0.5834 5107.09
 0.58352 5149.49
 0.58364 5190.2
 0.58376 5228.67
 0.58388 5264.29
 0.584 5296.19
 0.58412 5323.83
 0.58424 5347.23
 0.58436 5366.39
 0.58448 5381.29
 0.5846 5391.97
 0.58472 5398.29
 0.58484 5400.1
 0.58496 5396.78
 0.58508 5388.22
 0.5852 5374.48
 0.58532 5355.64
 0.58544 5331.58
 0.58556 5302.27
 0.58568 5268.15
 0.5858 5229.7
 0.58592 5187.5
 0.58604 5142.61
 0.58616 5096.25
 0.58628 5049.54
 0.5864 5003.76
 0.58652 4960.07
 0.58664 4919.55
 0.58676 4882.88
 0.58688 4850.41
 0.587 4822.28
 0.58712 4798.26
 0.58724 4778.39
 0.58736 4762.8
 0.58748 4751.71
 0.5876 4745.27
 0.58772 4743.48
 0.58784 4746.46
 0.58796 4754.16
 0.58808 4765.89
 0.5882 4780.31
 0.58832 4795.69
 0.58844 4810.04
 0.58856 4821.38
 0.58868 4827.98
 0.5888 4828.6
 0.58892 4822.47
 0.58904 4808.83
 0.58916 4786.78
 0.58928 4755.31
 0.5894 4713.97
 0.58952 4663.05
 0.58964 4602.85
 0.58976 4533.76
 0.58988 4456.17
 0.59 4370.84
 0.59012 4278.81
 0.59024 4181.92
 0.59036 4082.43
 0.59048 3982.73
 0.5906 3885.18
 0.59072 3791.93
 0.59084 3704.93
 0.59096 3626.09
 0.59108 3557.8
 0.5912 3502.4
 0.59132 3461.89
 0.59144 3436.87
 0.59156 3427.15
 0.59168 3432.6
 0.5918 3452.8
 0.59192 3486.7
 0.59204 3533.17
 0.59216 3591.11
 0.59228 3658.91
 0.5924 3734.84
 0.59252 3817.16
 0.59264 3904.21
 0.59276 3994.46
 0.59288 4086.23
 0.593 4177.45
 0.59312 4265.6
 0.59324 4348.55
 0.59336 4424.56
 0.59348 4493.2
 0.5936 4553.97
 0.59372 4606.35
 0.59384 4650.66
 0.59396 4688.04
 0.59408 4719.37
 0.5942 4745.64
 0.59432 4767.91
 0.59444 4787.14
 0.59456 4804.3
 0.59468 4819.94
 0.5948 4834.37
 0.59492 4847.58
 0.59504 4859.77
 0.59516 4871.36
 0.59528 4882.46
 0.5954 4892.98
 0.59552 4902.54
 0.59564 4911.03
 0.59576 4918.2
 0.59588 4922.61
 0.596 4922.61
 0.59612 4916.63
 0.59624 4902.95
 0.59636 4879.97
 0.59648 4846.19
 0.5966 4800.28
 0.59672 4741.8
 0.59684 4670.96
 0.59696 4589.02
 0.59708 4497.21
 0.5972 4396.82
 0.59732 4289.29
 0.59744 4175.86
 0.59756 4057.84
 0.59768 3936.54
 0.5978 3813.69
 0.59792 3691.67
 0.59804 3572.87
 0.59816 3459.78
 0.59828 3355.03
 0.5984 3261.16
 0.59852 3180.44
 0.59864 3114.76
 0.59876 3065.22
 0.59888 3032.09
 0.599 3014.92
 0.59912 3013.02
 0.59924 3025.18
 0.59936 3050.28
 0.59948 3087.36
 0.5996 3135.11
 0.59972 3192.09
 0.59984 3256.58
 0.59996 3326.38
 0.60008 3399.12
 0.6002 3472.23
 0.60032 3543.05
 0.60044 3609.36
 0.60056 3669.26
 0.60068 3721.03
 0.6008 3763.38
 0.60092 3795.39
 0.60104 3816.46
 0.60116 3827.02
 0.60128 3828.2
 0.6014 3820.79
 0.60152 3805.72
 0.60164 3784.16
 0.60176 3757.31
 0.60188 3726.64
 0.602 3694.21
 0.60212 3662.12
 0.60224 3632.55
 0.60236 3607.31
 0.60248 3587.67
 0.6026 3574.74
 0.60272 3569.7
 0.60284 3573.51
 0.60296 3587.22
 0.60308 3611.23
 0.6032 3644.45
 0.60332 3685.32
 0.60344 3732.7
 0.60356 3785.44
 0.60368 3842.34
 0.6038 3902.22
 0.60392 3963.54
 0.60404 4024.59
 0.60416 4083.9
 0.60428 4140.26
 0.6044 4192.61
 0.60452 4240.29
 0.60464 4282.59
 0.60476 4318.73
 0.60488 4347.58
 0.605 4367.74
 0.60512 4378.73
 0.60524 4381.16
 0.60536 4375.69
 0.60548 4362.45
 0.6056 4341.37
 0.60572 4312.33
 0.60584 4275.26
 0.60596 4230.18
 0.60608 4177.04
 0.6062 4115.57
 0.60632 4045.57
 0.60644 3966.92
 0.60656 3879.41
 0.60668 3783.01
 0.6068 3678.19
 0.60692 3566.23
 0.60704 3448.59
 0.60716 3326.28
 0.60728 3199.86
 0.6074 3070.12
 0.60752 2938.32
 0.60764 2805.96
 0.60776 2674.58
 0.60788 2545.75
 0.608 2421.06
 0.60812 2301.95
 0.60824 2189.88
 0.60836 2086.14
 0.60848 1992.25
 0.6086 1909.51
 0.60872 1838.91
 0.60884 1780.8
 0.60896 1734.9
 0.60908 1700.89
 0.6092 1678.48
 0.60932 1667.79
 0.60944 1668.95
 0.60956 1681.95
 0.60968 1706.77
 0.6098 1743.3
 0.60992 1791.13
 0.61004 1849.86
 0.61016 1919.22
 0.61028 1998.79
 0.6104 2087.87
 0.61052 2185.37
 0.61064 2290.44
 0.61076 2402.22
 0.61088 2520.15
 0.611 2643.93
 0.61112 2773.08
 0.61124 2906.93
 0.61136 3043.83
 0.61148 3181.68
 0.6116 3317.98
 0.61172 3450.13
 0.61184 3575.96
 0.61196 3693.82
 0.61208 3802.22
 0.6122 3899.64
 0.61232 3984.77
 0.61244 4056.79
 0.61256 4115.23
 0.61268 4159.83
 0.6128 4190.82
 0.61292 4208.11
 0.61304 4211.64
 0.61316 4201.67
 0.61328 4179.01
 0.6134 4145.81
 0.61352 4104.72
 0.61364 4058.75
 0.61376 4010.64
 0.61388 3962.29
 0.614 3915.04
 0.61412 3870.15
 0.61424 3829.06
 0.61436 3793.1
 0.61448 3763.35
 0.6146 3740.19
 0.61472 3723.06
 0.61484 3711.41
 0.61496 3705.06
 0.61508 3703.89
 0.6152 3707.14
 0.61532 3713.37
 0.61544 3720.52
 0.61556 3726.43
 0.61568 3729.15
 0.6158 3727.46
 0.61592 3721.07
 0.61604 3709.94
 0.61616 3694.13
 0.61628 3673.59
 0.6164 3648.27
 0.61652 3618.15
 0.61664 3584.49
 0.61676 3549.1
 0.61688 3513.39
 0.617 3478.07
 0.61712 3443.98
 0.61724 3412.73
 0.61736 3386.09
 0.61748 3365.73
 0.6176 3353.06
 0.61772 3349.14
 0.61784 3354.24
 0.61796 3368.21
 0.61808 3390.67
 0.6182 3420.77
 0.61832 3457.45
 0.61844 3499.8
 0.61856 3546.97
 0.61868 3597.11
 0.6188 3648.29
 0.61892 3698.94
 0.61904 3748.46
 0.61916 3796.05
 0.61928 3840.63
 0.6194 3881.22
 0.61952 3917.15
 0.61964 3947.88
 0.61976 3973.16
 0.61988 3993.16
 0.62 4008.18
 0.62012 4018.82
 0.62024 4026.32
 0.62036 4032
 0.62048 4036.78
 0.6206 4041.42
 0.62072 4047.29
 0.62084 4056.03
 0.62096 4068.76
 0.62108 4085.51
 0.6212 4106.03
 0.62132 4130.04
 0.62144 4157.17
 0.62156 4186.74
 0.62168 4217.98
 0.6218 4249.93
 0.62192 4281.11
 0.62204 4309.91
 0.62216 4334.75
 0.62228 4353.96
 0.6224 4366.25
 0.62252 4370.98
 0.62264 4367.7
 0.62276 4355.54
 0.62288 4333.41
 0.623 4301.07
 0.62312 4259.45
 0.62324 4209.76
 0.62336 4153.33
 0.62348 4091.61
 0.6236 4026.48
 0.62372 3959.77
 0.62384 3893.59
 0.62396 3830.89
 0.62408 3774.38
 0.6242 3726.14
 0.62432 3687.89
 0.62444 3660.46
 0.62456 3643.85
 0.62468 3637.67
 0.6248 3641.46
 0.62492 3654.79
 0.62504 3676.52
 0.62516 3705.04
 0.62528 3738.87
 0.6254 3776.72
 0.62552 3816.91
 0.62564 3857.25
 0.62576 3895.84
 0.62588 3930.5
 0.626 3958.61
 0.62612 3978.33
 0.62624 3988.48
 0.62636 3988.43
 0.62648 3978.65
 0.6266 3960.41
 0.62672 3935.65
 0.62684 3906.62
 0.62696 3875.64
 0.62708 3844.71
 0.6272 3815.22
 0.62732 3787.64
 0.62744 3762.08
 0.62756 3739.45
 0.62768 3721.07
 0.6278 3707.82
 0.62792 3700.68
 0.62804 3700.62
 0.62816 3707.95
 0.62828 3722.76
 0.6284 3744.67
 0.62852 3772.72
 0.62864 3805.34
 0.62876 3840.28
 0.62888 3874.74
 0.629 3906.14
 0.62912 3933.04
 0.62924 3955.25
 0.62936 3973.74
 0.62948 3989.5
 0.6296 4002.76
 0.62972 4013.33
 0.62984 4021.41
 0.62996 4027.05
 0.63008 4030.06
 0.6302 4030.01
 0.63032 4026.44
 0.63044 4018.74
 0.63056 4006.59
 0.63068 3990.19
 0.6308 3970.34
 0.63092 3948.61
 0.63104 3925.93
 0.63116 3902.34
 0.63128 3877.02
 0.6314 3848.77
 0.63152 3816.59
 0.63164 3780.21
 0.63176 3739.59
 0.63188 3694.33
 0.632 3644.37
 0.63212 3590.54
 0.63224 3534.25
 0.63236 3477.16
 0.63248 3421.11
 0.6326 3367.29
 0.63272 3316.47
 0.63284 3268.78
 0.63296 3223.95
 0.63308 3182.4
 0.6332 3144.75
 0.63332 3111.6
 0.63344 3083.21
 0.63356 3059.47
 0.63368 3039.69
 0.6338 3023.53
 0.63392 3010.86
 0.63404 3001.08
 0.63416 2992.77
 0.63428 2984.28
 0.6344 2973.75
 0.63452 2959.87
 0.63464 2942.09
 0.63476 2920.18
 0.63488 2894.43
 0.635 2864.95
 0.63512 2831.45
 0.63524 2793.73
 0.63536 2751.91
 0.63548 2706.65
 0.6356 2659.09
 0.63572 2610.52
 0.63584 2561.83
 0.63596 2514.13
 0.63608 2468.9
 0.6362 2427.87
 0.63632 2392.81
 0.63644 2365.33
 0.63656 2346.17
 0.63668 2335.7
 0.6368 2334.14
 0.63692 2341.53
 0.63704 2358.11
 0.63716 2384.3
 0.63728 2420.48
 0.6374 2466.87
 0.63752 2522.89
 0.63764 2587.55
 0.63776 2659.78
 0.63788 2738.6
 0.638 2822.6
 0.63812 2910.12
 0.63824 2999.61
 0.63836 3089.48
 0.63848 3178.58
 0.6386 3266.19
 0.63872 3351.32
 0.63884 3432.89
 0.63896 3509.79
 0.63908 3580.98
 0.6392 3645.39
 0.63932 3701.74
 0.63944 3749.32
 0.63956 3788.1
 0.63968 3818.51
 0.6398 3840.84
 0.63992 3855.4
 0.64004 3862.9
 0.64016 3864.12
 0.64028 3859.6
 0.6404 3849.83
 0.64052 3834.83
 0.64064 3815.04
 0.64076 3791.48
 0.64088 3765.47
 0.641 3738.14
 0.64112 3710.61
 0.64124 3684.24
 0.64136 3660.54
 0.64148 3640.57
 0.6416 3624.93
 0.64172 3613.99
 0.64184 3608.62
 0.64196 3609.73
 0.64208 3617.98
 0.6422 3633.88
 0.64232 3657.85
 0.64244 3690.47
 0.64256 3732.44
 0.64268 3783.66
 0.6428 3843.46
 0.64292 3911.14
 0.64304 3986.22
 0.64316 4067.67
 0.64328 4154.07
 0.6434 4243.94
 0.64352 4335.93
 0.64364 4429.08
 0.64376 4522.31
 0.64388 4613.86
 0.644 4701.58
 0.64412 4783.65
 0.64424 4858.76
 0.64436 4926.13
 0.64448 4984.88
 0.6446 5034.24
 0.64472 5074.12
 0.64484 5104.73
 0.64496 5126.06
 0.64508 5138.28
 0.6452 5142.36
 0.64532 5139.36
 0.64544 5130.07
 0.64556 5114.86
 0.64568 5093.75
 0.6458 5067.02
 0.64592 5035.74
 0.64604 5001.37
 0.64616 4964.93
 0.64628 4927.01
 0.6464 4887.81
 0.64652 4847.54
 0.64664 4806.4
 0.64676 4764.37
 0.64688 4721.13
 0.647 4676.32
 0.64712 4629.07
 0.64724 4578.13
 0.64736 4522.39
 0.64748 4461.56
 0.6476 4396.05
 0.64772 4326.37
 0.64784 4252.91
 0.64796 4175.61
 0.64808 4094.47
 0.6482 4009.81
 0.64832 3922.06
 0.64844 3831.76
 0.64856 3739.37
 0.64868 3644.96
 0.6488 3548.82
 0.64892 3451.68
 0.64904 3354.82
 0.64916 3259.85
 0.64928 3168.55
 0.6494 3082.35
 0.64952 3001.82
 0.64964 2927.16
 0.64976 2858.51
 0.64988 2795.88
 0.65 2739.18
 0.65012 2688.08
 0.65024 2641.97
 0.65036 2600.28
 0.65048 2562.49
 0.6506 2528.33
 0.65072 2497.91
 0.65084 2471.07
 0.65096 2447.13
 0.65108 2424.81
 0.6512 2402.9
 0.65132 2380.23
 0.65144 2356.13
 0.65156 2330.24
 0.65168 2302.5
 0.6518 2273.06
 0.65192 2242.45
 0.65204 2211.17
 0.65216 2179.95
 0.65228 2149.46
 0.6524 2120.27
 0.65252 2093.03
 0.65264 2068.12
 0.65276 2045.91
 0.65288 2026.9
 0.653 2012.09
 0.65312 2002.66
 0.65324 1999.47
 0.65336 2003.05
 0.65348 2013.68
 0.6536 2031.7
 0.65372 2056.99
 0.65384 2088.95
 0.65396 2126.78
 0.65408 2170.02
 0.6542 2218.2
 0.65432 2271.23
 0.65444 2328.46
 0.65456 2389.15
 0.65468 2452.33
 0.6548 2516.99
 0.65492 2582.05
 0.65504 2646.18
 0.65516 2708.07
 0.65528 2766.99
 0.6554 2822.62
 0.65552 2874.3
 0.65564 2921.14
 0.65576 2962.76
 0.65588 2999.32
 0.656 3030.7
 0.65612 3056.55
 0.65624 3076.22
 0.65636 3089.4
 0.65648 3096.57
 0.6566 3098.43
 0.65672 3096.17
 0.65684 3090.84
 0.65696 3083.56
 0.65708 3075.52
 0.6572 3067.72
 0.65732 3060.07
 0.65744 3052.25
 0.65756 3044.61
 0.65768 3037.88
 0.6578 3032.51
 0.65792 3028.83
 0.65804 3027.62
 0.65816 3029.64
 0.65828 3035.7
 0.6584 3045.96
 0.65852 3060.33
 0.65864 3078.44
 0.65876 3099.57
 0.65888 3123.19
 0.659 3148.55
 0.65912 3174.89
 0.65924 3201.99
 0.65936 3231.06
 0.65948 3263.49
 0.6596 3300.2
 0.65972 3341.54
 0.65984 3387.65
 0.65996 3438.43
 0.66008 3493.65
 0.6602 3553.26
 0.66032 3617.49
 0.66044 3686.7
 0.66056 3761.07
 0.66068 3840.87
 0.6608 3926.07
 0.66092 4016.68
 0.66104 4112.92
 0.66116 4214.97
 0.66128 4322.28
 0.6614 4432.92
 0.66152 4544.15
 0.66164 4653.49
 0.66176 4759.13
 0.66188 4859.62
 0.662 4953.4
 0.66212 5038.73
 0.66224 5113.74
 0.66236 5176.04
 0.66248 5223.47
 0.6626 5254.14
 0.66272 5266.63
 0.66284 5260.3
 0.66296 5234.48
 0.66308 5188.6
 0.6632 5122.25
 0.66332 5035.78
 0.66344 4930.87
 0.66356 4810.32
 0.66368 4676.76
 0.6638 4532.62
 0.66392 4380.46
 0.66404 4223.41
 0.66416 4064.54
 0.66428 3907.41
 0.6644 3755.71
 0.66452 3612.99
 0.66464 3482.63
 0.66476 3367.44
 0.66488 3269.54
 0.665 3190.63
 0.66512 3131.84
 0.66524 3093.89
 0.66536 3076.93
 0.66548 3080.3
 0.6656 3102.8
 0.66572 3142.98
 0.66584 3198.88
 0.66596 3267.74
 0.66608 3346.59
 0.6662 3432.47
 0.66632 3521.96
 0.66644 3612.11
 0.66656 3699.88
 0.66668 3782.07
 0.6668 3855.58
 0.66692 3918.01
 0.66704 3967.79
 0.66716 4004.2
 0.66728 4026.83
 0.6674 4035.42
 0.66752 4029.7
 0.66764 4009.59
 0.66776 3975.77
 0.66788 3929.65
 0.668 3873.39
 0.66812 3809.18
 0.66824 3739.52
 0.66836 3666.75
 0.66848 3592.6
 0.6686 3519.05
 0.66872 3448.5
 0.66884 3383.17
 0.66896 3324.42
 0.66908 3272.95
 0.6692 3229.03
 0.66932 3193.03
 0.66944 3165.52
 0.66956 3147.33
 0.66968 3138.87
 0.6698 3139.92
 0.66992 3149.86
 0.67004 3167.65
 0.67016 3191.69
 0.67028 3220.22
 0.6704 3252
 0.67052 3286.32
 0.67064 3322.26
 0.67076 3358.73
 0.67088 3395.21
 0.671 3431.96
 0.67112 3469.5
 0.67124 3508.11
 0.67136 3547.4
 0.67148 3586.45
 0.6716 3624.13
 0.67172 3659.82
 0.67184 3693.22
 0.67196 3723.96
 0.67208 3752.14
 0.6722 3778.51
 0.67232 3803.72
 0.67244 3827.88
 0.67256 3850.66
 0.67268 3871.77
 0.6728 3890.81
 0.67292 3906.69
 0.67304 3917.72
 0.67316 3921.83
 0.67328 3917.76
 0.6734 3905.39
 0.67352 3885.39
 0.67364 3858.46
 0.67376 3824.81
 0.67388 3784.57
 0.674 3738.19
 0.67412 3685.69
 0.67424 3626.86
 0.67436 3561.62
 0.67448 3490.54
 0.6746 3414.46
 0.67472 3334.22
 0.67484 3250.73
 0.67496 3165.29
 0.67508 3080.01
 0.6752 2997.33
 0.67532 2918.39
 0.67544 2843.47
 0.67556 2772.47
 0.67568 2705.63
 0.6758 2643.64
 0.67592 2587.11
 0.67604 2536.59
 0.67616 2493
 0.67628 2457.31
 0.6764 2430.18
 0.67652 2411.53
 0.67664 2401.13
 0.67676 2398.9
 0.67688 2404.92
 0.677 2419.06
 0.67712 2440.65
 0.67724 2469.46
 0.67736 2506.25
 0.67748 2551.94
 0.6776 2607.22
 0.67772 2672.1
 0.67784 2746.25
 0.67796 2829.25
 0.67808 2919.86
 0.6782 3016.19
 0.67832 3116.41
 0.67844 3219.26
 0.67856 3323.86
 0.67868 3429.51
 0.6788 3535.36
 0.67892 3640.43
 0.67904 3743.71
 0.67916 3843.81
 0.67928 3938.8
 0.6794 4026.25
 0.67952 4103.84
 0.67964 4169.77
 0.67976 4222.92
 0.67988 4262.26
 0.68 4287.29
 0.68012 4298.92
 0.68024 4298.53
 0.68036 4287.29
 0.68048 4266.2
 0.6806 4236.19
 0.68072 4197.71
 0.68084 4151.32
 0.68096 4097.71
 0.68108 4038.09
 0.6812 3974.19
 0.68132 3908.01
 0.68144 3841.91
 0.68156 3778.35
 0.68168 3719.07
 0.6818 3665.67
 0.68192 3619.91
 0.68204 3583.04
 0.68216 3555.52
 0.68228 3537.98
 0.6824 3530.91
 0.68252 3534.37
 0.68264 3548.76
 0.68276 3574.75
 0.68288 3612.56
 0.683 3661.99
 0.68312 3722.06
 0.68324 3791.83
 0.68336 3870.17
 0.68348 3955.57
 0.6836 4046.45
 0.68372 4141.68
 0.68384 4239.6
 0.68396 4338.26
 0.68408 4435.56
 0.6842 4529.29
 0.68432 4617.12
 0.68444 4697.29
 0.68456 4768.38
 0.68468 4828.76
 0.6848 4877.19
 0.68492 4913.13
 0.68504 4936.78
 0.68516 4948.67
 0.68528 4949.06
 0.6854 4938.26
 0.68552 4916.77
 0.68564 4884.97
 0.68576 4843.43
 0.68588 4793.38
 0.686 4736.43
 0.68612 4674.54
 0.68624 4609.76
 0.68636 4543.97
 0.68648 4478.55
 0.6866 4414.64
 0.68672 4353.3
 0.68684 4294.84
 0.68696 4239.01
 0.68708 4184.92
 0.6872 4131.92
 0.68732 4079.51
 0.68744 4027.44
 0.68756 3975.72
 0.68768 3924.52
 0.6878 3873.7
 0.68792 3822.82
 0.68804 3771.27
 0.68816 3718.38
 0.68828 3663.46
 0.6884 3606.04
 0.68852 3545.92
 0.68864 3482.93
 0.68876 3417.22
 0.68888 3349.65
 0.689 3281.5
 0.68912 3214.32
 0.68924 3149.43
 0.68936 3087.88
 0.68948 3030.04
 0.6896 2975.86
 0.68972 2925.23
 0.68984 2878.07
 0.68996 2834.11
 0.69008 2793.11
 0.6902 2755.08
 0.69032 2720.23
 0.69044 2688.66
 0.69056 2660.6
 0.69068 2636.39
 0.6908 2616.09
 0.69092 2599.41
 0.69104 2585.28
 0.69116 2572.43
 0.69128 2559.75
 0.6914 2546.68
 0.69152 2533.52
 0.69164 2520.81
 0.69176 2508.98
 0.69188 2498.71
 0.692 2490.93
 0.69212 2486.44
 0.69224 2485.58
 0.69236 2488.36
 0.69248 2494.72
 0.6926 2504.45
 0.69272 2516.94
 0.69284 2531.35
 0.69296 2547.33
 0.69308 2565.67
 0.6932 2587.34
 0.69332 2613.14
 0.69344 2643.15
 0.69356 2676.71
 0.69368 2712.75
 0.6938 2750.42
 0.69392 2788.74
 0.69404 2826.64
 0.69416 2863.19
 0.69428 2898
 0.6944 2931.19
 0.69452 2962.83
 0.69464 2993.1
 0.69476 3022.91
 0.69488 3053.52
 0.695 3085.18
 0.69512 3117.31
 0.69524 3149.15
 0.69536 3180.15
 0.69548 3210.32
 0.6956 3240.54
 0.69572 3272.16
 0.69584 3306.03
 0.69596 3342.79
 0.69608 3383.12
 0.6962 3427.54
 0.69632 3475.61
 0.69644 3526.13
 0.69656 3577.95
 0.69668 3629.72
 0.6968 3679.39
 0.69692 3725.11
 0.69704 3766.11
 0.69716 3802.03
 0.69728 3832.83
 0.6974 3858.42
 0.69752 3878.1
 0.69764 3890.47
 0.69776 3894.19
 0.69788 3888.64
 0.698 3873.47
 0.69812 3848.16
 0.69824 3812.55
 0.69836 3767.71
 0.69848 3715.52
 0.6986 3658
 0.69872 3597.47
 0.69884 3536.68
 0.69896 3477.67
 0.69908 3421.51
 0.6992 3368.84
 0.69932 3319.9
 0.69944 3275.06
 0.69956 3235.4
 0.69968 3202.43
 0.6998 3177.36
 0.69992 3160.93
 0.70004 3153.64
 0.70016 3156.36
 0.70028 3169.44
 0.7004 3192.37
 0.70052 3224.02
 0.70064 3262.81
 0.70076 3306.65
 0.70088 3353.39
 0.701 3401.66
 0.70112 3450.78
 0.70124 3500.72
 0.70136 3551.69
 0.70148 3603.49
 0.7016 3654.73
 0.70172 3703.63
 0.70184 3748.27
 0.70196 3787.02
 0.70208 3818.35
 0.7022 3840.54
 0.70232 3852.27
 0.70244 3852.77
 0.70256 3841.86
 0.70268 3820.04
 0.7028 3788.37
 0.70292 3747.87
 0.70304 3699.35
 0.70316 3643.14
 0.70328 3578.73
 0.7034 3505.49
 0.70352 3423.66
 0.70364 3334.74
 0.70376 3240.59
 0.70388 3143.44
 0.704 3045.56
 0.70412 2949.33
 0.70424 2857.18
 0.70436 2771.25
 0.70448 2693.26
 0.7046 2624.68
 0.70472 2566.56
 0.70484 2519.24
 0.70496 2482.86
 0.70508 2457.57
 0.7052 2444.17
 0.70532 2444.27
 0.70544 2459.48
 0.70556 2490.75
 0.70568 2538.53
 0.7058 2603.05
 0.70592 2683.78
 0.70604 2779.65
 0.70616 2889.24
 0.70628 3011.09
 0.7064 3143.94
 0.70652 3286.3
 0.70664 3436.22
 0.70676 3591.98
 0.70688 3752.77
 0.707 3917.7
 0.70712 4085.57
 0.70724 4254.51
 0.70736 4422.21
 0.70748 4586.03
 0.7076 4743.45
 0.70772 4892.17
 0.70784 5030.57
 0.70796 5157.9
 0.70808 5273.88
 0.7082 5378.58
 0.70832 5471.82
 0.70844 5553.17
 0.70856 5622.85
 0.70868 5681.81
 0.7088 5730.55
 0.70892 5768.89
 0.70904 5797.11
 0.70916 5815.74
 0.70928 5825.53
 0.7094 5827.69
 0.70952 5823.92
 0.70964 5815.33
 0.70976 5801.95
 0.70988 5782.96
 0.71 5757.25
 0.71012 5723.77
 0.71024 5681.43
 0.71036 5629.8
 0.71048 5568.97
 0.7106 5498.58
 0.71072 5417.75
 0.71084 5326.31
 0.71096 5224.19
 0.71108 5111.16
 0.7112 4987.09
 0.71132 4851.8
 0.71144 4704.67
 0.71156 4544.99
 0.71168 4373.65
 0.7118 4192.77
 0.71192 4004.97
 0.71204 3812.66
 0.71216 3618.19
 0.71228 3423.79
 0.7124 3231.14
 0.71252 3041.51
 0.71264 2856.65
 0.71276 2678.41
 0.71288 2508.19
 0.713 2347.45
 0.71312 2197.51
 0.71324 2059.6
 0.71336 1935.07
 0.71348 1825.48
 0.7136 1731.9
 0.71372 1654.31
 0.71384 1592.16
 0.71396 1544.76
 0.71408 1511.36
 0.7142 1490.98
 0.71432 1482.55
 0.71444 1484.96
 0.71456 1496.98
 0.71468 1516.88
 0.7148 1543.07
 0.71492 1574.17
 0.71504 1608.78
 0.71516 1645.56
 0.71528 1682.96
 0.7154 1719.26
 0.71552 1752.91
 0.71564 1782.64
 0.71576 1807.26
 0.71588 1825.46
 0.716 1836.09
 0.71612 1838.5
 0.71624 1832.33
 0.71636 1817.6
 0.71648 1794.54
 0.7166 1763.79
 0.71672 1726.33
 0.71684 1683.05
 0.71696 1634.78
 0.71708 1582.4
 0.7172 1526.95
 0.71732 1469.93
 0.71744 1412.89
 0.71756 1357.13
 0.71768 1304.02
 0.7178 1255.3
 0.71792 1212.84
 0.71804 1177.98
 0.71816 1151.55
 0.71828 1134.3
 0.7184 1126.7
 0.71852 1129.2
 0.71864 1142.01
 0.71876 1165.04
 0.71888 1197.99
 0.719 1240.42
 0.71912 1291.8
 0.71924 1351.2
 0.71936 1417.46
 0.71948 1489.44
 0.7196 1566.08
 0.71972 1646.18
 0.71984 1728.43
 0.71996 1811.76
 0.72008 1895.6
 0.7202 1979.56
 0.72032 2063.06
 0.72044 2145.55
 0.72056 2226.07
 0.72068 2303.62
 0.7208 2377.64
 0.72092 2448
 0.72104 2514.65
 0.72116 2577.81
 0.72128 2637.97
 0.7214 2695.56
 0.72152 2751.02
 0.72164 2804.78
 0.72176 2857.19
 0.72188 2908.1
 0.722 2957.08
 0.72212 3003.68
 0.72224 3047.51
 0.72236 3088.41
 0.72248 3126.44
 0.7226 3162.55
 0.72272 3197.6
 0.72284 3231.98
 0.72296 3265.59
 0.72308 3298.43
 0.7232 3330.09
 0.72332 3360.14
 0.72344 3388.28
 0.72356 3414.21
 0.72368 3437.8
 0.7238 3459.38
 0.72392 3480.11
 0.72404 3501.14
 0.72416 3523.47
 0.72428 3548.09
 0.7244 3575.78
 0.72452 3606.66
 0.72464 3640.11
 0.72476 3675.78
 0.72488 3713.79
 0.725 3754.61
 0.72512 3798.39
 0.72524 3845.53
 0.72536 3896.14
 0.72548 3950.32
 0.7256 4007.83
 0.72572 4067.93
 0.72584 4129.33
 0.72596 4190.19
 0.72608 4248.53
 0.7262 4302.54
 0.72632 4350.13
 0.72644 4389.72
 0.72656 4420.4
 0.72668 4441.55
 0.7268 4452.2
 0.72692 4451.07
 0.72704 4437.03
 0.72716 4409.38
 0.72728 4367.79
 0.7274 4312.31
 0.72752 4243.11
 0.72764 4161.16
 0.72776 4067.83
 0.72788 3964.59
 0.728 3853.32
 0.72812 3736.02
 0.72824 3614.95
 0.72836 3492.65
 0.72848 3371.37
 0.7286 3253.28
 0.72872 3140.81
 0.72884 3036.65
 0.72896 2943.43
 0.72908 2863.31
 0.7292 2797.99
 0.72932 2748.48
 0.72944 2715.29
 0.72956 2698.57
 0.72968 2697.92
 0.7298 2712.98
 0.72992 2743.56
 0.73004 2789.27
 0.73016 2849.27
 0.73028 2922.01
 0.7304 3005.71
 0.73052 3097.98
 0.73064 3195.75
 0.73076 3295.44
 0.73088 3393.44
 0.731 3486.5
 0.73112 3571.8
 0.73124 3646.96
 0.73136 3710.31
 0.73148 3760.88
 0.7316 3798.02
 0.73172 3821.3
 0.73184 3830.24
 0.73196 3824.27
 0.73208 3803.07
 0.7322 3767.31
 0.73232 3718.18
 0.73244 3657.26
 0.73256 3587.31
 0.73268 3511.9
 0.7328 3434.57
 0.73292 3358.66
 0.73304 3287.3
 0.73316 3223.31
 0.73328 3169.08
 0.7334 3126.12
 0.73352 3095.45
 0.73364 3077.5
 0.73376 3072.19
 0.73388 3079.22
 0.734 3098.36
 0.73412 3129.21
 0.73424 3170.68
 0.73436 3221.49
 0.73448 3279.97
 0.7346 3343.51
 0.73472 3409.58
 0.73484 3476.16
 0.73496 3541.39
 0.73508 3603.27
 0.7352 3659.93
 0.73532 3710.09
 0.73544 3753.14
 0.73556 3788.97
 0.73568 3818.42
 0.7358 3842.82
 0.73592 3863.55
 0.73604 3881.37
 0.73616 3896.66
 0.73628 3909.98
 0.7364 3922.1
 0.73652 3933.97
 0.73664 3946.58
 0.73676 3960.37
 0.73688 3975.58
 0.737 3992.42
 0.73712 4011.52
 0.73724 4033.48
 0.73736 4058.53
 0.73748 4086.44
 0.7376 4116.43
 0.73772 4147.27
 0.73784 4177.53
 0.73796 4206.32
 0.73808 4233.38
 0.7382 4258.96
 0.73832 4282.96
 0.73844 4305.3
 0.73856 4326.1
 0.73868 4345.98
 0.7388 4365.4
 0.73892 4384.47
 0.73904 4403.05
 0.73916 4420.42
 0.73928 4435.55
 0.7394 4447.53
 0.73952 4455.83
 0.73964 4459.97
 0.73976 4459.6
 0.73988 4454.51
 0.74 4444.26
 0.74012 4428.46
 0.74024 4406.81
 0.74036 4379.05
 0.74048 4344.43
 0.7406 4301.76
 0.74072 4249.68
 0.74084 4187.65
 0.74096 4115.79
 0.74108 4034.8
 0.7412 3946.09
 0.74132 3851.46
 0.74144 3752.48
 0.74156 3650.71
 0.74168 3547.87
 0.7418 3445.33
 0.74192 3344.15
 0.74204 3245.04
 0.74216 3148.4
 0.74228 3054.49
 0.7424 2964.21
 0.74252 2879.03
 0.74264 2800.72
 0.74276 2730.73
 0.74288 2669.83
 0.743 2618.12
 0.74312 2575.22
 0.74324 2540.31
 0.74336 2512.48
 0.74348 2490.98
 0.7436 2474.81
 0.74372 2463.06
 0.74384 2455.29
 0.74396 2451.26
 0.74408 2450.88
 0.7442 2454.21
 0.74432 2461
 0.74444 2470.42
 0.74456 2481.58
 0.74468 2493.58
 0.7448 2506
 0.74492 2518.69
 0.74504 2531.77
 0.74516 2545.43
 0.74528 2560
 0.7454 2575.77
 0.74552 2593.33
 0.74564 2613.54
 0.74576 2636.8
 0.74588 2663.12
 0.746 2692.63
 0.74612 2725.45
 0.74624 2761.59
 0.74636 2801.42
 0.74648 2844.93
 0.7466 2891.84
 0.74672 2941.46
 0.74684 2992.93
 0.74696 3045.43
 0.74708 3098.39
 0.7472 3151.25
 0.74732 3203.49
 0.74744 3254.36
 0.74756 3302.45
 0.74768 3346.05
 0.7478 3384.03
 0.74792 3415.5
 0.74804 3439.43
 0.74816 3455.01
 0.74828 3461.56
 0.7484 3458.57
 0.74852 3446.35
 0.74864 3425.61
 0.74876 3397.16
 0.74888 3361.8
 0.749 3320.15
 0.74912 3272.56
 0.74924 3219.35
 0.74936 3160.81
 0.74948 3097.31
 0.7496 3029.96
 0.74972 2960.13
 0.74984 2889.08
 0.74996 2818
 0.75008 2748.15
 0.7502 2680.66
 0.75032 2616.69
 0.75044 2557.06
 0.75056 2502.24
 0.75068 2452.65
 0.7508 2408.95
 0.75092 2371.64
 0.75104 2341.09
 0.75116 2317.7
 0.75128 2301.94
 0.7514 2294.49
 0.75152 2296.3
 0.75164 2307.97
 0.75176 2329.8
 0.75188 2361.86
 0.752 2404.04
 0.75212 2455.95
 0.75224 2516.75
 0.75236 2585.44
 0.75248 2660.78
 0.7526 2741.33
 0.75272 2825.46
 0.75284 2911.5
 0.75296 2998.27
 0.75308 3084.78
 0.7532 3170.06
 0.75332 3253.16
 0.75344 3332.86
 0.75356 3407.75
 0.75368 3476.31
 0.7538 3537.01
 0.75392 3588.5
 0.75404 3629.87
 0.75416 3660.69
 0.75428 3681.03
 0.7544 3691.34
 0.75452 3692.6
 0.75464 3686.09
 0.75476 3673.04
 0.75488 3654.42
 0.755 3631.12
 0.75512 3604.22
 0.75524 3574.51
 0.75536 3542.5
 0.75548 3508.61
 0.7556 3473.15
 0.75572 3436.94
 0.75584 3401.05
 0.75596 3366.46
 0.75608 3333.82
 0.7562 3303.56
 0.75632 3275.95
 0.75644 3250.75
 0.75656 3227.33
 0.75668 3204.99
 0.7568 3183.18
 0.75692 3161.19
 0.75704 3137.68
 0.75716 3111.2
 0.75728 3081.02
 0.7574 3046.74
 0.75752 3008.43
 0.75764 2966.27
 0.75776 2920.11
 0.75788 2869.71
 0.758 2815.06
 0.75812 2756.36
 0.75824 2693.73
 0.75836 2627.55
 0.75848 2558.69
 0.7586 2488.31
 0.75872 2417.55
 0.75884 2347.7
 0.75896 2280.91
 0.75908 2220.01
 0.7592 2167.72
 0.75932 2126.39
 0.75944 2098.22
 0.75956 2084.99
 0.75968 2088.45
 0.7598 2110.21
 0.75992 2151.48
 0.76004 2212.68
 0.76016 2293.84
 0.76028 2395.01
 0.7604 2515.99
 0.76052 2656
 0.76064 2814.16
 0.76076 2989.76
 0.76088 3181.65
 0.761 3387.67
 0.76112 3604.96
 0.76124 3830.62
 0.76136 4061.33
 0.76148 4293.75
 0.7616 4524.52
 0.76172 4750.29
 0.76184 4967.97
 0.76196 5175.35
 0.76208 5371.37
 0.7622 5555.29
 0.76232 5726.33
 0.76244 5883.78
 0.76256 6027.16
 0.76268 6155.39
 0.7628 6267.24
 0.76292 6362
 0.76304 6439.87
 0.76316 6501.54
 0.76328 6547.75
 0.7634 6579.96
 0.76352 6599.59
 0.76364 6608.06
 0.76376 6606.9
 0.76388 6597.46
 0.764 6580.4
 0.76412 6555.79
 0.76424 6523.49
 0.76436 6483.58
 0.76448 6436.26
 0.7646 6382.2
 0.76472 6323.09
 0.76484 6260.5
 0.76496 6195.68
 0.76508 6129.36
 0.7652 6062.56
 0.76532 5996.03
 0.76544 5930.35
 0.76556 5866.45
 0.76568 5805.62
 0.7658 5748.86
 0.76592 5697.02
 0.76604 5650.9
 0.76616 5611.4
 0.76628 5579.63
 0.7664 5556.31
 0.76652 5542.02
 0.76664 5536.54
 0.76676 5538.8
 0.76688 5547.52
 0.767 5561.34
 0.76712 5578.94
 0.76724 5598.74
 0.76736 5619.38
 0.76748 5639.3
 0.7676 5656.55
 0.76772 5668.95
 0.76784 5674.77
 0.76796 5672.79
 0.76808 5661.92
 0.7682 5641.02
 0.76832 5608.99
 0.76844 5565.08
 0.76856 5508.39
 0.76868 5438.91
 0.7688 5357.46
 0.76892 5265.43
 0.76904 5163.92
 0.76916 5054.05
 0.76928 4937.1
 0.7694 4814.32
 0.76952 4687.03
 0.76964 4556.68
 0.76976 4424.76
 0.76988 4292.43
 0.77 4160.79
 0.77012 4030.99
 0.77024 3904.03
 0.77036 3780.79
 0.77048 3662.4
 0.7706 3550.19
 0.77072 3444.68
 0.77084 3345.83
 0.77096 3253.84
 0.77108 3169.54
 0.7712 3093.48
 0.77132 3025.99
 0.77144 2967.39
 0.77156 2918
 0.77168 2878.09
 0.7718 2847.63
 0.77192 2826.27
 0.77204 2813.44
 0.77216 2808.72
 0.77228 2811.82
 0.7724 2822.02
 0.77252 2837.89
 0.77264 2858.17
 0.77276 2882.1
 0.77288 2908.9
 0.773 2937.02
 0.77312 2964.98
 0.77324 2991.81
 0.77336 3016.67
 0.77348 3038.78
 0.7736 3057.39
 0.77372 3072.01
 0.77384 3082.87
 0.77396 3090.77
 0.77408 3096.54
 0.7742 3100.78
 0.77432 3104.56
 0.77444 3109.62
 0.77456 3118.04
 0.77468 3131.37
 0.7748 3150.85
 0.77492 3177.97
 0.77504 3214.33
 0.77516 3260.52
 0.77528 3316.83
 0.7754 3383.51
 0.77552 3460.7
 0.77564 3548.46
 0.77576 3646.33
 0.77588 3753.03
 0.776 3866.89
 0.77612 3986.16
 0.77624 4108.93
 0.77636 4232.74
 0.77648 4355.01
 0.7766 4473.15
 0.77672 4585.12
 0.77684 4689.09
 0.77696 4782.96
 0.77708 4865.62
 0.7772 4936.86
 0.77732 4996.21
 0.77744 5042.87
 0.77756 5076.07
 0.77768 5095.22
 0.7778 5100.37
 0.77792 5091.99
 0.77804 5071
 0.77816 5038.69
 0.77828 4996.6
 0.7784 4946.2
 0.77852 4888.89
 0.77864 4826.26
 0.77876 4759.6
 0.77888 4690.17
 0.779 4619.11
 0.77912 4546.34
 0.77924 4471.71
 0.77936 4396
 0.77948 4320.71
 0.7796 4247.47
 0.77972 4177.61
 0.77984 4111.99
 0.77996 4051.52
 0.78008 3996.5
 0.7802 3946.68
 0.78032 3901.88
 0.78044 3862.17
 0.78056 3827.45
 0.78068 3797.18
 0.7808 3770.83
 0.78092 3747.96
 0.78104 3728.62
 0.78116 3713.69
 0.78128 3703.72
 0.7814 3698.19
 0.78152 3695.65
 0.78164 3694.68
 0.78176 3694.21
 0.78188 3693.25
 0.782 3690.57
 0.78212 3685.77
 0.78224 3678.9
 0.78236 3669.94
 0.78248 3658.68
 0.7826 3645.18
 0.78272 3630.09
 0.78284 3613.97
 0.78296 3597.26
 0.78308 3579.88
 0.7832 3561.2
 0.78332 3540.55
 0.78344 3518.39
 0.78356 3495.72
 0.78368 3473.14
 0.7838 3450.92
 0.78392 3429.73
 0.78404 3410.31
 0.78416 3392.64
 0.78428 3376.09
 0.7844 3360.22
 0.78452 3344.72
 0.78464 3329.09
 0.78476 3312.58
 0.78488 3294.47
 0.785 3274.25
 0.78512 3251.77
 0.78524 3227.5
 0.78536 3201.91
 0.78548 3174.45
 0.7856 3144.72
 0.78572 3112.84
 0.78584 3078.92
 0.78596 3042.71
 0.78608 3003.84
 0.7862 2962.76
 0.78632 2920.33
 0.78644 2877.29
 0.78656 2834.32
 0.78668 2792.04
 0.7868 2751.28
 0.78692 2712.67
 0.78704 2676.47
 0.78716 2642.74
 0.78728 2611.16
 0.7874 2581.8
 0.78752 2555.44
 0.78764 2532.59
 0.78776 2513.7
 0.78788 2499.16
 0.788 2489.82
 0.78812 2486.6
 0.78824 2490.01
 0.78836 2500.46
 0.78848 2518.1
 0.7886 2542.93
 0.78872 2574.84
 0.78884 2613.47
 0.78896 2659
 0.78908 2711.72
 0.7892 2771.86
 0.78932 2839.7
 0.78944 2915.1
 0.78956 2997.45
 0.78968 3085.97
 0.7898 3179.71
 0.78992 3277.47
 0.79004 3377.41
 0.79016 3477.44
 0.79028 3575.19
 0.7904 3668.27
 0.79052 3755
 0.79064 3834.15
 0.79076 3904.86
 0.79088 3966.33
 0.791 4017.38
 0.79112 4057.1
 0.79124 4084.72
 0.79136 4099.33
 0.79148 4100.1
 0.7916 4086.55
 0.79172 4058.61
 0.79184 4016.62
 0.79196 3961.72
 0.79208 3895.84
 0.7922 3821.33
 0.79232 3741.06
 0.79244 3657.68
 0.79256 3573.22
 0.79268 3489.17
 0.7928 3406.8
 0.79292 3327.34
 0.79304 3252.15
 0.79316 3182.34
 0.79328 3119.02
 0.7934 3063.68
 0.79352 3017.88
 0.79364 2982.8
 0.79376 2959.23
 0.79388 2947.29
 0.794 2946.16
 0.79412 2954.44
 0.79424 2970.33
 0.79436 2992.01
 0.79448 3017.7
 0.7946 3046.05
 0.79472 3075.88
 0.79484 3106.21
 0.79496 3136.05
 0.79508 3164.38
 0.7952 3190.26
 0.79532 3212.69
 0.79544 3230.19
 0.79556 3241.49
 0.79568 3245.69
 0.7958 3242.28
 0.79592 3231.41
 0.79604 3213.9
 0.79616 3190.88
 0.79628 3163.54
 0.7964 3133.03
 0.79652 3100.8
 0.79664 3067.9
 0.79676 3035.24
 0.79688 3003.55
 0.797 2973.59
 0.79712 2946.19
 0.79724 2922.07
 0.79736 2902.18
 0.79748 2887.8
 0.7976 2879.78
 0.79772 2878.61
 0.79784 2884.47
 0.79796 2896.84
 0.79808 2914.86
 0.7982 2937.62
 0.79832 2964.27
 0.79844 2993.63
 0.79856 3024.37
 0.79868 3055.73
 0.7988 3087.31
 0.79892 3118.77
 0.79904 3149.7
 0.79916 3179.44
 0.79928 3207.37
 0.7994 3232.43
 0.79952 3253.38
 0.79964 3269.45
 0.79976 3280.11
 0.79988 3285.11
