 0.2 413.995
 0.20012 413.908
 0.20024 413.82
 0.20036 413.732
 0.20048 413.644
 0.2006 413.554
 0.20072 413.464
 0.20084 413.373
 0.20096 413.282
 0.20108 413.19
 0.2012 413.097
 0.20132 413.004
 0.20144 412.91
 0.20156 412.815
 0.20168 412.72
 0.2018 412.624
 0.20192 412.527
 0.20204 412.43
 0.20216 412.332
 0.20228 412.233
 0.2024 412.133
 0.20252 412.033
 0.20264 411.932
 0.20276 411.83
 0.20288 411.728
 0.203 411.624
 0.20312 411.52
 0.20324 411.416
 0.20336 411.31
 0.20348 411.204
 0.2036 411.097
 0.20372 410.99
 0.20384 410.881
 0.20396 410.772
 0.20408 410.662
 0.2042 410.551
 0.20432 410.44
 0.20444 410.327
 0.20456 410.214
 0.20468 410.1
 0.2048 409.985
 0.20492 409.869
 0.20504 409.752
 0.20516 409.634
 0.20528 409.516
 0.2054 409.396
 0.20552 409.276
 0.20564 409.154
 0.20576 409.032
 0.20588 408.909
 0.206 408.785
 0.20612 408.66
 0.20624 408.535
 0.20636 408.408
 0.20648 408.281
 0.2066 408.153
 0.20672 408.024
 0.20684 407.894
 0.20696 407.763
 0.20708 407.632
 0.2072 407.5
 0.20732 407.367
 0.20744 407.233
 0.20756 407.099
 0.20768 406.964
 0.2078 406.828
 0.20792 406.691
 0.20804 406.553
 0.20816 406.415
 0.20828 406.277
 0.2084 406.137
 0.20852 405.997
 0.20864 405.856
 0.20876 405.714
 0.20888 405.572
 0.209 405.429
 0.20912 405.286
 0.20924 405.141
 0.20936 404.997
 0.20948 404.851
 0.2096 404.705
 0.20972 404.559
 0.20984 404.412
 0.20996 404.264
 0.21008 404.116
 0.2102 403.967
 0.21032 403.818
 0.21044 403.669
 0.21056 403.519
 0.21068 403.368
 0.2108 403.217
 0.21092 403.066
 0.21104 402.914
 0.21116 402.762
 0.21128 402.609
 0.2114 402.456
 0.21152 402.303
 0.21164 402.149
 0.21176 401.995
 0.21188 401.841
 0.212 401.686
 0.21212 401.531
 0.21224 401.376
 0.21236 401.22
 0.21248 401.064
 0.2126 400.908
 0.21272 400.752
 0.21284 400.595
 0.21296 400.437
 0.21308 400.28
 0.2132 400.122
 0.21332 399.964
 0.21344 399.806
 0.21356 399.648
 0.21368 399.489
 0.2138 399.33
 0.21392 399.171
 0.21404 399.011
 0.21416 398.852
 0.21428 398.692
 0.2144 398.532
 0.21452 398.372
 0.21464 398.212
 0.21476 398.052
 0.21488 397.892
 0.215 397.732
 0.21512 397.572
 0.21524 397.412
 0.21536 397.252
 0.21548 397.092
 0.2156 396.932
 0.21572 396.773
 0.21584 396.613
 0.21596 396.453
 0.21608 396.294
 0.2162 396.135
 0.21632 395.976
 0.21644 395.817
 0.21656 395.658
 0.21668 395.499
 0.2168 395.341
 0.21692 395.183
 0.21704 395.025
 0.21716 394.868
 0.21728 394.71
 0.2174 394.553
 0.21752 394.397
 0.21764 394.24
 0.21776 394.084
 0.21788 393.928
 0.218 393.773
 0.21812 393.618
 0.21824 393.463
 0.21836 393.309
 0.21848 393.155
 0.2186 393.001
 0.21872 392.848
 0.21884 392.695
 0.21896 392.543
 0.21908 392.39
 0.2192 392.239
 0.21932 392.087
 0.21944 391.937
 0.21956 391.786
 0.21968 391.636
 0.2198 391.486
 0.21992 391.337
 0.22004 391.189
 0.22016 391.04
 0.22028 390.892
 0.2204 390.745
 0.22052 390.598
 0.22064 390.451
 0.22076 390.305
 0.22088 390.16
 0.221 390.015
 0.22112 389.87
 0.22124 389.726
 0.22136 389.583
 0.22148 389.44
 0.2216 389.298
 0.22172 389.157
 0.22184 389.016
 0.22196 388.876
 0.22208 388.736
 0.2222 388.597
 0.22232 388.459
 0.22244 388.322
 0.22256 388.186
 0.22268 388.05
 0.2228 387.915
 0.22292 387.78
 0.22304 387.647
 0.22316 387.514
 0.22328 387.383
 0.2234 387.252
 0.22352 387.121
 0.22364 386.992
 0.22376 386.863
 0.22388 386.736
 0.224 386.609
 0.22412 386.483
 0.22424 386.358
 0.22436 386.234
 0.22448 386.111
 0.2246 385.988
 0.22472 385.866
 0.22484 385.746
 0.22496 385.626
 0.22508 385.507
 0.2252 385.389
 0.22532 385.272
 0.22544 385.155
 0.22556 385.04
 0.22568 384.925
 0.2258 384.812
 0.22592 384.699
 0.22604 384.587
 0.22616 384.476
 0.22628 384.366
 0.2264 384.257
 0.22652 384.148
 0.22664 384.041
 0.22676 383.934
 0.22688 383.829
 0.227 383.724
 0.22712 383.62
 0.22724 383.518
 0.22736 383.416
 0.22748 383.315
 0.2276 383.215
 0.22772 383.116
 0.22784 383.018
 0.22796 382.921
 0.22808 382.825
 0.2282 382.73
 0.22832 382.636
 0.22844 382.543
 0.22856 382.451
 0.22868 382.36
 0.2288 382.269
 0.22892 382.18
 0.22904 382.092
 0.22916 382.005
 0.22928 381.919
 0.2294 381.834
 0.22952 381.75
 0.22964 381.667
 0.22976 381.585
 0.22988 381.504
 0.23 381.424
 0.23012 381.345
 0.23024 381.266
 0.23036 381.189
 0.23048 381.113
 0.2306 381.037
 0.23072 380.963
 0.23084 380.889
 0.23096 380.816
 0.23108 380.744
 0.2312 380.673
 0.23132 380.604
 0.23144 380.534
 0.23156 380.466
 0.23168 380.399
 0.2318 380.333
 0.23192 380.267
 0.23204 380.203
 0.23216 380.139
 0.23228 380.076
 0.2324 380.014
 0.23252 379.953
 0.23264 379.893
 0.23276 379.834
 0.23288 379.776
 0.233 379.718
 0.23312 379.662
 0.23324 379.606
 0.23336 379.551
 0.23348 379.497
 0.2336 379.444
 0.23372 379.392
 0.23384 379.34
 0.23396 379.29
 0.23408 379.24
 0.2342 379.192
 0.23432 379.144
 0.23444 379.097
 0.23456 379.052
 0.23468 379.007
 0.2348 378.964
 0.23492 378.922
 0.23504 378.881
 0.23516 378.841
 0.23528 378.803
 0.2354 378.765
 0.23552 378.729
 0.23564 378.694
 0.23576 378.661
 0.23588 378.628
 0.236 378.597
 0.23612 378.568
 0.23624 378.539
 0.23636 378.512
 0.23648 378.486
 0.2366 378.462
 0.23672 378.439
 0.23684 378.417
 0.23696 378.396
 0.23708 378.377
 0.2372 378.36
 0.23732 378.343
 0.23744 378.329
 0.23756 378.315
 0.23768 378.303
 0.2378 378.293
 0.23792 378.284
 0.23804 378.276
 0.23816 378.27
 0.23828 378.265
 0.2384 378.262
 0.23852 378.261
 0.23864 378.261
 0.23876 378.262
 0.23888 378.265
 0.239 378.27
 0.23912 378.276
 0.23924 378.284
 0.23936 378.293
 0.23948 378.304
 0.2396 378.316
 0.23972 378.33
 0.23984 378.345
 0.23996 378.362
 0.24008 378.38
 0.2402 378.4
 0.24032 378.421
 0.24044 378.444
 0.24056 378.468
 0.24068 378.494
 0.2408 378.521
 0.24092 378.55
 0.24104 378.58
 0.24116 378.612
 0.24128 378.645
 0.2414 378.68
 0.24152 378.716
 0.24164 378.754
 0.24176 378.793
 0.24188 378.833
 0.242 378.876
 0.24212 378.919
 0.24224 378.964
 0.24236 379.011
 0.24248 379.059
 0.2426 379.109
 0.24272 379.16
 0.24284 379.212
 0.24296 379.266
 0.24308 379.322
 0.2432 379.379
 0.24332 379.437
 0.24344 379.497
 0.24356 379.559
 0.24368 379.622
 0.2438 379.686
 0.24392 379.752
 0.24404 379.819
 0.24416 379.888
 0.24428 379.958
 0.2444 380.03
 0.24452 380.103
 0.24464 380.178
 0.24476 380.253
 0.24488 380.331
 0.245 380.409
 0.24512 380.489
 0.24524 380.57
 0.24536 380.652
 0.24548 380.736
 0.2456 380.821
 0.24572 380.907
 0.24584 380.994
 0.24596 381.083
 0.24608 381.172
 0.2462 381.263
 0.24632 381.355
 0.24644 381.448
 0.24656 381.542
 0.24668 381.638
 0.2468 381.734
 0.24692 381.831
 0.24704 381.929
 0.24716 382.029
 0.24728 382.129
 0.2474 382.23
 0.24752 382.332
 0.24764 382.436
 0.24776 382.54
 0.24788 382.645
 0.248 382.751
 0.24812 382.857
 0.24824 382.965
 0.24836 383.073
 0.24848 383.183
 0.2486 383.293
 0.24872 383.403
 0.24884 383.515
 0.24896 383.627
 0.24908 383.74
 0.2492 383.854
 0.24932 383.968
 0.24944 384.084
 0.24956 384.199
 0.24968 384.316
 0.2498 384.433
 0.24992 384.551
 0.25004 384.669
 0.25016 384.788
 0.25028 384.907
 0.2504 385.027
 0.25052 385.147
 0.25064 385.268
 0.25076 385.389
 0.25088 385.511
 0.251 385.633
 0.25112 385.756
 0.25124 385.879
 0.25136 386.002
 0.25148 386.125
 0.2516 386.249
 0.25172 386.373
 0.25184 386.497
 0.25196 386.622
 0.25208 386.746
 0.2522 386.871
 0.25232 386.996
 0.25244 387.121
 0.25256 387.246
 0.25268 387.372
 0.2528 387.497
 0.25292 387.623
 0.25304 387.749
 0.25316 387.874
 0.25328 388
 0.2534 388.127
 0.25352 388.253
 0.25364 388.379
 0.25376 388.505
 0.25388 388.632
 0.254 388.758
 0.25412 388.884
 0.25424 389.011
 0.25436 389.137
 0.25448 389.264
 0.2546 389.39
 0.25472 389.517
 0.25484 389.643
 0.25496 389.77
 0.25508 389.896
 0.2552 390.023
 0.25532 390.149
 0.25544 390.276
 0.25556 390.402
 0.25568 390.529
 0.2558 390.655
 0.25592 390.782
 0.25604 390.908
 0.25616 391.034
 0.25628 391.16
 0.2564 391.287
 0.25652 391.413
 0.25664 391.539
 0.25676 391.665
 0.25688 391.791
 0.257 391.917
 0.25712 392.043
 0.25724 392.168
 0.25736 392.294
 0.25748 392.42
 0.2576 392.545
 0.25772 392.671
 0.25784 392.796
 0.25796 392.921
 0.25808 393.046
 0.2582 393.172
 0.25832 393.297
 0.25844 393.422
 0.25856 393.547
 0.25868 393.671
 0.2588 393.796
 0.25892 393.921
 0.25904 394.046
 0.25916 394.17
 0.25928 394.295
 0.2594 394.419
 0.25952 394.544
 0.25964 394.668
 0.25976 394.792
 0.25988 394.917
 0.26 395.041
 0.26012 395.165
 0.26024 395.29
 0.26036 395.414
 0.26048 395.538
 0.2606 395.662
 0.26072 395.787
 0.26084 395.911
 0.26096 396.035
 0.26108 396.159
 0.2612 396.284
 0.26132 396.408
 0.26144 396.532
 0.26156 396.656
 0.26168 396.781
 0.2618 396.905
 0.26192 397.03
 0.26204 397.154
 0.26216 397.279
 0.26228 397.403
 0.2624 397.528
 0.26252 397.652
 0.26264 397.777
 0.26276 397.902
 0.26288 398.027
 0.263 398.152
 0.26312 398.277
 0.26324 398.402
 0.26336 398.527
 0.26348 398.653
 0.2636 398.778
 0.26372 398.904
 0.26384 399.029
 0.26396 399.155
 0.26408 399.28
 0.2642 399.406
 0.26432 399.531
 0.26444 399.657
 0.26456 399.782
 0.26468 399.907
 0.2648 400.032
 0.26492 400.157
 0.26504 400.282
 0.26516 400.407
 0.26528 400.531
 0.2654 400.655
 0.26552 400.778
 0.26564 400.901
 0.26576 401.024
 0.26588 401.147
 0.266 401.269
 0.26612 401.391
 0.26624 401.512
 0.26636 401.633
 0.26648 401.753
 0.2666 401.873
 0.26672 401.992
 0.26684 402.111
 0.26696 402.229
 0.26708 402.346
 0.2672 402.463
 0.26732 402.579
 0.26744 402.694
 0.26756 402.809
 0.26768 402.922
 0.2678 403.035
 0.26792 403.147
 0.26804 403.258
 0.26816 403.368
 0.26828 403.477
 0.2684 403.586
 0.26852 403.693
 0.26864 403.798
 0.26876 403.903
 0.26888 404.007
 0.269 404.109
 0.26912 404.211
 0.26924 404.311
 0.26936 404.41
 0.26948 404.507
 0.2696 404.604
 0.26972 404.699
 0.26984 404.793
 0.26996 404.886
 0.27008 404.978
 0.2702 405.068
 0.27032 405.157
 0.27044 405.245
 0.27056 405.331
 0.27068 405.416
 0.2708 405.499
 0.27092 405.582
 0.27104 405.662
 0.27116 405.741
 0.27128 405.819
 0.2714 405.895
 0.27152 405.97
 0.27164 406.043
 0.27176 406.115
 0.27188 406.185
 0.272 406.254
 0.27212 406.321
 0.27224 406.386
 0.27236 406.45
 0.27248 406.512
 0.2726 406.573
 0.27272 406.631
 0.27284 406.689
 0.27296 406.744
 0.27308 406.798
 0.2732 406.85
 0.27332 406.9
 0.27344 406.949
 0.27356 406.996
 0.27368 407.041
 0.2738 407.084
 0.27392 407.126
 0.27404 407.166
 0.27416 407.204
 0.27428 407.24
 0.2744 407.275
 0.27452 407.308
 0.27464 407.339
 0.27476 407.368
 0.27488 407.396
 0.275 407.421
 0.27512 407.446
 0.27524 407.468
 0.27536 407.488
 0.27548 407.507
 0.2756 407.524
 0.27572 407.54
 0.27584 407.554
 0.27596 407.566
 0.27608 407.576
 0.2762 407.585
 0.27632 407.592
 0.27644 407.597
 0.27656 407.601
 0.27668 407.603
 0.2768 407.604
 0.27692 407.603
 0.27704 407.6
 0.27716 407.596
 0.27728 407.59
 0.2774 407.583
 0.27752 407.574
 0.27764 407.564
 0.27776 407.552
 0.27788 407.538
 0.278 407.523
 0.27812 407.506
 0.27824 407.488
 0.27836 407.469
 0.27848 407.448
 0.2786 407.425
 0.27872 407.401
 0.27884 407.375
 0.27896 407.348
 0.27908 407.32
 0.2792 407.29
 0.27932 407.259
 0.27944 407.226
 0.27956 407.192
 0.27968 407.156
 0.2798 407.119
 0.27992 407.081
 0.28004 407.041
 0.28016 406.999
 0.28028 406.956
 0.2804 406.912
 0.28052 406.867
 0.28064 406.819
 0.28076 406.771
 0.28088 406.721
 0.281 406.67
 0.28112 406.617
 0.28124 406.563
 0.28136 406.507
 0.28148 406.45
 0.2816 406.392
 0.28172 406.332
 0.28184 406.271
 0.28196 406.209
 0.28208 406.144
 0.2822 406.079
 0.28232 406.012
 0.28244 405.944
 0.28256 405.874
 0.28268 405.802
 0.2828 405.729
 0.28292 405.655
 0.28304 405.579
 0.28316 405.501
 0.28328 405.422
 0.2834 405.341
 0.28352 405.259
 0.28364 405.175
 0.28376 405.09
 0.28388 405.003
 0.284 404.914
 0.28412 404.824
 0.28424 404.732
 0.28436 404.639
 0.28448 404.544
 0.2846 404.448
 0.28472 404.35
 0.28484 404.251
 0.28496 404.15
 0.28508 404.047
 0.2852 403.943
 0.28532 403.837
 0.28544 403.73
 0.28556 403.621
 0.28568 403.511
 0.2858 403.398
 0.28592 403.285
 0.28604 403.17
 0.28616 403.053
 0.28628 402.934
 0.2864 402.814
 0.28652 402.693
 0.28664 402.569
 0.28676 402.445
 0.28688 402.318
 0.287 402.19
 0.28712 402.06
 0.28724 401.929
 0.28736 401.796
 0.28748 401.662
 0.2876 401.525
 0.28772 401.387
 0.28784 401.248
 0.28796 401.106
 0.28808 400.963
 0.2882 400.819
 0.28832 400.672
 0.28844 400.524
 0.28856 400.374
 0.28868 400.222
 0.2888 400.069
 0.28892 399.914
 0.28904 399.756
 0.28916 399.597
 0.28928 399.437
 0.2894 399.274
 0.28952 399.109
 0.28964 398.943
 0.28976 398.774
 0.28988 398.604
 0.29 398.432
 0.29012 398.258
 0.29024 398.082
 0.29036 397.904
 0.29048 397.724
 0.2906 397.541
 0.29072 397.357
 0.29084 397.171
 0.29096 396.983
 0.29108 396.793
 0.2912 396.601
 0.29132 396.407
 0.29144 396.21
 0.29156 396.012
 0.29168 395.811
 0.2918 395.609
 0.29192 395.404
 0.29204 395.197
 0.29216 394.988
 0.29228 394.777
 0.2924 394.564
 0.29252 394.348
 0.29264 394.131
 0.29276 393.911
 0.29288 393.689
 0.293 393.465
 0.29312 393.239
 0.29324 393.01
 0.29336 392.779
 0.29348 392.547
 0.2936 392.311
 0.29372 392.074
 0.29384 391.835
 0.29396 391.593
 0.29408 391.349
 0.2942 391.103
 0.29432 390.854
 0.29444 390.604
 0.29456 390.351
 0.29468 390.096
 0.2948 389.839
 0.29492 389.579
 0.29504 389.318
 0.29516 389.055
 0.29528 388.789
 0.2954 388.522
 0.29552 388.252
 0.29564 387.98
 0.29576 387.707
 0.29588 387.431
 0.296 387.154
 0.29612 386.875
 0.29624 386.594
 0.29636 386.311
 0.29648 386.026
 0.2966 385.739
 0.29672 385.451
 0.29684 385.161
 0.29696 384.87
 0.29708 384.577
 0.2972 384.282
 0.29732 383.986
 0.29744 383.688
 0.29756 383.389
 0.29768 383.089
 0.2978 382.787
 0.29792 382.484
 0.29804 382.18
 0.29816 381.874
 0.29828 381.568
 0.2984 381.26
 0.29852 380.951
 0.29864 380.642
 0.29876 380.331
 0.29888 380.02
 0.299 379.708
 0.29912 379.395
 0.29924 379.081
 0.29936 378.766
 0.29948 378.451
 0.2996 378.135
 0.29972 377.818
 0.29984 377.5
 0.29996 377.182
 0.30008 376.864
 0.3002 376.545
 0.30032 376.225
 0.30044 375.906
 0.30056 375.585
 0.30068 375.265
 0.3008 374.944
 0.30092 374.623
 0.30104 374.302
 0.30116 373.981
 0.30128 373.659
 0.3014 373.338
 0.30152 373.017
 0.30164 372.696
 0.30176 372.374
 0.30188 372.054
 0.302 371.733
 0.30212 371.412
 0.30224 371.092
 0.30236 370.772
 0.30248 370.453
 0.3026 370.133
 0.30272 369.815
 0.30284 369.496
 0.30296 369.178
 0.30308 368.86
 0.3032 368.543
 0.30332 368.227
 0.30344 367.911
 0.30356 367.595
 0.30368 367.28
 0.3038 366.966
 0.30392 366.652
 0.30404 366.339
 0.30416 366.027
 0.30428 365.716
 0.3044 365.405
 0.30452 365.095
 0.30464 364.785
 0.30476 364.477
 0.30488 364.169
 0.305 363.862
 0.30512 363.556
 0.30524 363.25
 0.30536 362.946
 0.30548 362.642
 0.3056 362.339
 0.30572 362.037
 0.30584 361.736
 0.30596 361.436
 0.30608 361.137
 0.3062 360.838
 0.30632 360.54
 0.30644 360.243
 0.30656 359.947
 0.30668 359.652
 0.3068 359.357
 0.30692 359.063
 0.30704 358.77
 0.30716 358.478
 0.30728 358.186
 0.3074 357.896
 0.30752 357.606
 0.30764 357.316
 0.30776 357.028
 0.30788 356.741
 0.308 356.454
 0.30812 356.168
 0.30824 355.883
 0.30836 355.598
 0.30848 355.315
 0.3086 355.032
 0.30872 354.75
 0.30884 354.469
 0.30896 354.189
 0.30908 353.909
 0.3092 353.631
 0.30932 353.353
 0.30944 353.077
 0.30956 352.801
 0.30968 352.526
 0.3098 352.252
 0.30992 351.979
 0.31004 351.707
 0.31016 351.436
 0.31028 351.167
 0.3104 350.898
 0.31052 350.63
 0.31064 350.364
 0.31076 350.098
 0.31088 349.834
 0.311 349.571
 0.31112 349.31
 0.31124 349.049
 0.31136 348.79
 0.31148 348.533
 0.3116 348.276
 0.31172 348.022
 0.31184 347.768
 0.31196 347.516
 0.31208 347.266
 0.3122 347.017
 0.31232 346.769
 0.31244 346.523
 0.31256 346.279
 0.31268 346.037
 0.3128 345.796
 0.31292 345.557
 0.31304 345.319
 0.31316 345.084
 0.31328 344.85
 0.3134 344.618
 0.31352 344.388
 0.31364 344.16
 0.31376 343.934
 0.31388 343.71
 0.314 343.487
 0.31412 343.267
 0.31424 343.048
 0.31436 342.832
 0.31448 342.617
 0.3146 342.405
 0.31472 342.194
 0.31484 341.986
 0.31496 341.779
 0.31508 341.575
 0.3152 341.373
 0.31532 341.173
 0.31544 340.975
 0.31556 340.78
 0.31568 340.586
 0.3158 340.395
 0.31592 340.206
 0.31604 340.02
 0.31616 339.835
 0.31628 339.653
 0.3164 339.473
 0.31652 339.296
 0.31664 339.121
 0.31676 338.948
 0.31688 338.778
 0.317 338.61
 0.31712 338.444
 0.31724 338.281
 0.31736 338.12
 0.31748 337.962
 0.3176 337.807
 0.31772 337.654
 0.31784 337.503
 0.31796 337.355
 0.31808 337.21
 0.3182 337.067
 0.31832 336.928
 0.31844 336.79
 0.31856 336.656
 0.31868 336.524
 0.3188 336.395
 0.31892 336.269
 0.31904 336.146
 0.31916 336.025
 0.31928 335.908
 0.3194 335.793
 0.31952 335.682
 0.31964 335.573
 0.31976 335.467
 0.31988 335.365
 0.32 335.265
 0.32012 335.169
 0.32024 335.076
 0.32036 334.985
 0.32048 334.898
 0.3206 334.815
 0.32072 334.734
 0.32084 334.657
 0.32096 334.583
 0.32108 334.512
 0.3212 334.445
 0.32132 334.381
 0.32144 334.32
 0.32156 334.263
 0.32168 334.209
 0.3218 334.159
 0.32192 334.112
 0.32204 334.068
 0.32216 334.028
 0.32228 333.991
 0.3224 333.958
 0.32252 333.929
 0.32264 333.903
 0.32276 333.88
 0.32288 333.861
 0.323 333.846
 0.32312 333.834
 0.32324 333.826
 0.32336 333.821
 0.32348 333.82
 0.3236 333.822
 0.32372 333.828
 0.32384 333.838
 0.32396 333.851
 0.32408 333.868
 0.3242 333.888
 0.32432 333.912
 0.32444 333.94
 0.32456 333.971
 0.32468 334.006
 0.3248 334.044
 0.32492 334.086
 0.32504 334.131
 0.32516 334.18
 0.32528 334.233
 0.3254 334.289
 0.32552 334.349
 0.32564 334.412
 0.32576 334.478
 0.32588 334.548
 0.326 334.621
 0.32612 334.698
 0.32624 334.778
 0.32636 334.862
 0.32648 334.949
 0.3266 335.039
 0.32672 335.132
 0.32684 335.229
 0.32696 335.329
 0.32708 335.432
 0.3272 335.538
 0.32732 335.647
 0.32744 335.759
 0.32756 335.875
 0.32768 335.993
 0.3278 336.115
 0.32792 336.239
 0.32804 336.367
 0.32816 336.497
 0.32828 336.63
 0.3284 336.766
 0.32852 336.905
 0.32864 337.047
 0.32876 337.191
 0.32888 337.338
 0.329 337.488
 0.32912 337.641
 0.32924 337.796
 0.32936 337.954
 0.32948 338.114
 0.3296 338.277
 0.32972 338.443
 0.32984 338.611
 0.32996 338.781
 0.33008 338.955
 0.3302 339.13
 0.33032 339.308
 0.33044 339.488
 0.33056 339.671
 0.33068 339.856
 0.3308 340.043
 0.33092 340.232
 0.33104 340.424
 0.33116 340.617
 0.33128 340.813
 0.3314 341.011
 0.33152 341.211
 0.33164 341.412
 0.33176 341.616
 0.33188 341.821
 0.332 342.028
 0.33212 342.237
 0.33224 342.448
 0.33236 342.661
 0.33248 342.875
 0.3326 343.091
 0.33272 343.308
 0.33284 343.528
 0.33296 343.748
 0.33308 343.971
 0.3332 344.195
 0.33332 344.421
 0.33344 344.648
 0.33356 344.877
 0.33368 345.107
 0.3338 345.339
 0.33392 345.572
 0.33404 345.806
 0.33416 346.042
 0.33428 346.279
 0.3344 346.518
 0.33452 346.758
 0.33464 347
 0.33476 347.242
 0.33488 347.486
 0.335 347.731
 0.33512 347.978
 0.33524 348.225
 0.33536 348.474
 0.33548 348.724
 0.3356 348.976
 0.33572 349.228
 0.33584 349.482
 0.33596 349.738
 0.33608 349.994
 0.3362 350.252
 0.33632 350.511
 0.33644 350.771
 0.33656 351.033
 0.33668 351.296
 0.3368 351.561
 0.33692 351.826
 0.33704 352.094
 0.33716 352.362
 0.33728 352.632
 0.3374 352.904
 0.33752 353.176
 0.33764 353.45
 0.33776 353.726
 0.33788 354.002
 0.338 354.281
 0.33812 354.56
 0.33824 354.841
 0.33836 355.123
 0.33848 355.406
 0.3386 355.691
 0.33872 355.977
 0.33884 356.265
 0.33896 356.553
 0.33908 356.843
 0.3392 357.134
 0.33932 357.426
 0.33944 357.72
 0.33956 358.014
 0.33968 358.31
 0.3398 358.607
 0.33992 358.906
 0.34004 359.205
 0.34016 359.505
 0.34028 359.807
 0.3404 360.109
 0.34052 360.412
 0.34064 360.717
 0.34076 361.022
 0.34088 361.328
 0.341 361.635
 0.34112 361.943
 0.34124 362.252
 0.34136 362.562
 0.34148 362.872
 0.3416 363.183
 0.34172 363.495
 0.34184 363.808
 0.34196 364.121
 0.34208 364.435
 0.3422 364.749
 0.34232 365.064
 0.34244 365.38
 0.34256 365.696
 0.34268 366.012
 0.3428 366.329
 0.34292 366.647
 0.34304 366.964
 0.34316 367.283
 0.34328 367.601
 0.3434 367.92
 0.34352 368.24
 0.34364 368.559
 0.34376 368.879
 0.34388 369.199
 0.344 369.519
 0.34412 369.84
 0.34424 370.16
 0.34436 370.481
 0.34448 370.802
 0.3446 371.123
 0.34472 371.444
 0.34484 371.765
 0.34496 372.086
 0.34508 372.407
 0.3452 372.729
 0.34532 373.05
 0.34544 373.371
 0.34556 373.692
 0.34568 374.013
 0.3458 374.334
 0.34592 374.654
 0.34604 374.975
 0.34616 375.295
 0.34628 375.616
 0.3464 375.936
 0.34652 376.256
 0.34664 376.575
 0.34676 376.895
 0.34688 377.214
 0.347 377.533
 0.34712 377.852
 0.34724 378.17
 0.34736 378.488
 0.34748 378.806
 0.3476 379.123
 0.34772 379.44
 0.34784 379.757
 0.34796 380.074
 0.34808 380.39
 0.3482 380.706
 0.34832 381.021
 0.34844 381.336
 0.34856 381.651
 0.34868 381.965
 0.3488 382.278
 0.34892 382.591
 0.34904 382.904
 0.34916 383.216
 0.34928 383.528
 0.3494 383.839
 0.34952 384.149
 0.34964 384.459
 0.34976 384.768
 0.34988 385.077
 0.35 385.385
 0.35012 385.693
 0.35024 385.999
 0.35036 386.305
 0.35048 386.61
 0.3506 386.915
 0.35072 387.218
 0.35084 387.521
 0.35096 387.823
 0.35108 388.124
 0.3512 388.424
 0.35132 388.723
 0.35144 389.022
 0.35156 389.319
 0.35168 389.616
 0.3518 389.912
 0.35192 390.207
 0.35204 390.501
 0.35216 390.794
 0.35228 391.086
 0.3524 391.377
 0.35252 391.667
 0.35264 391.957
 0.35276 392.245
 0.35288 392.532
 0.353 392.819
 0.35312 393.105
 0.35324 393.39
 0.35336 393.674
 0.35348 393.957
 0.3536 394.239
 0.35372 394.521
 0.35384 394.801
 0.35396 395.081
 0.35408 395.361
 0.3542 395.639
 0.35432 395.916
 0.35444 396.193
 0.35456 396.469
 0.35468 396.745
 0.3548 397.019
 0.35492 397.293
 0.35504 397.566
 0.35516 397.839
 0.35528 398.11
 0.3554 398.381
 0.35552 398.652
 0.35564 398.921
 0.35576 399.19
 0.35588 399.459
 0.356 399.727
 0.35612 399.994
 0.35624 400.261
 0.35636 400.527
 0.35648 400.793
 0.3566 401.058
 0.35672 401.322
 0.35684 401.586
 0.35696 401.85
 0.35708 402.113
 0.3572 402.375
 0.35732 402.637
 0.35744 402.899
 0.35756 403.16
 0.35768 403.42
 0.3578 403.68
 0.35792 403.94
 0.35804 404.199
 0.35816 404.458
 0.35828 404.716
 0.3584 404.973
 0.35852 405.23
 0.35864 405.486
 0.35876 405.742
 0.35888 405.997
 0.359 406.252
 0.35912 406.506
 0.35924 406.76
 0.35936 407.013
 0.35948 407.265
 0.3596 407.517
 0.35972 407.768
 0.35984 408.019
 0.35996 408.269
 0.36008 408.518
 0.3602 408.767
 0.36032 409.015
 0.36044 409.262
 0.36056 409.509
 0.36068 409.754
 0.3608 410
 0.36092 410.244
 0.36104 410.488
 0.36116 410.731
 0.36128 410.973
 0.3614 411.215
 0.36152 411.456
 0.36164 411.696
 0.36176 411.936
 0.36188 412.174
 0.362 412.413
 0.36212 412.65
 0.36224 412.887
 0.36236 413.123
 0.36248 413.358
 0.3626 413.593
 0.36272 413.827
 0.36284 414.06
 0.36296 414.293
 0.36308 414.524
 0.3632 414.755
 0.36332 414.985
 0.36344 415.215
 0.36356 415.444
 0.36368 415.672
 0.3638 415.899
 0.36392 416.125
 0.36404 416.351
 0.36416 416.576
 0.36428 416.8
 0.3644 417.024
 0.36452 417.246
 0.36464 417.468
 0.36476 417.689
 0.36488 417.91
 0.365 418.129
 0.36512 418.348
 0.36524 418.566
 0.36536 418.783
 0.36548 419
 0.3656 419.216
 0.36572 419.43
 0.36584 419.644
 0.36596 419.857
 0.36608 420.069
 0.3662 420.281
 0.36632 420.491
 0.36644 420.7
 0.36656 420.908
 0.36668 421.116
 0.3668 421.322
 0.36692 421.527
 0.36704 421.732
 0.36716 421.935
 0.36728 422.137
 0.3674 422.339
 0.36752 422.539
 0.36764 422.738
 0.36776 422.936
 0.36788 423.134
 0.368 423.33
 0.36812 423.525
 0.36824 423.719
 0.36836 423.912
 0.36848 424.104
 0.3686 424.295
 0.36872 424.485
 0.36884 424.675
 0.36896 424.863
 0.36908 425.05
 0.3692 425.236
 0.36932 425.422
 0.36944 425.606
 0.36956 425.789
 0.36968 425.972
 0.3698 426.154
 0.36992 426.334
 0.37004 426.514
 0.37016 426.693
 0.37028 426.871
 0.3704 427.048
 0.37052 427.224
 0.37064 427.4
 0.37076 427.574
 0.37088 427.748
 0.371 427.921
 0.37112 428.094
 0.37124 428.265
 0.37136 428.436
 0.37148 428.606
 0.3716 428.775
 0.37172 428.944
 0.37184 429.111
 0.37196 429.279
 0.37208 429.445
 0.3722 429.611
 0.37232 429.776
 0.37244 429.941
 0.37256 430.105
 0.37268 430.268
 0.3728 430.431
 0.37292 430.593
 0.37304 430.755
 0.37316 430.916
 0.37328 431.077
 0.3734 431.237
 0.37352 431.396
 0.37364 431.556
 0.37376 431.714
 0.37388 431.873
 0.374 432.031
 0.37412 432.188
 0.37424 432.345
 0.37436 432.502
 0.37448 432.658
 0.3746 432.814
 0.37472 432.97
 0.37484 433.126
 0.37496 433.281
 0.37508 433.435
 0.3752 433.59
 0.37532 433.744
 0.37544 433.898
 0.37556 434.052
 0.37568 434.205
 0.3758 434.358
 0.37592 434.511
 0.37604 434.664
 0.37616 434.816
 0.37628 434.968
 0.3764 435.119
 0.37652 435.27
 0.37664 435.421
 0.37676 435.572
 0.37688 435.722
 0.377 435.872
 0.37712 436.021
 0.37724 436.17
 0.37736 436.319
 0.37748 436.467
 0.3776 436.615
 0.37772 436.763
 0.37784 436.909
 0.37796 437.056
 0.37808 437.202
 0.3782 437.347
 0.37832 437.493
 0.37844 437.637
 0.37856 437.781
 0.37868 437.925
 0.3788 438.068
 0.37892 438.211
 0.37904 438.353
 0.37916 438.495
 0.37928 438.636
 0.3794 438.776
 0.37952 438.917
 0.37964 439.056
 0.37976 439.195
 0.37988 439.334
 0.38 439.472
 0.38012 439.61
 0.38024 439.748
 0.38036 439.885
 0.38048 440.021
 0.3806 440.157
 0.38072 440.293
 0.38084 440.428
 0.38096 440.563
 0.38108 440.697
 0.3812 440.831
 0.38132 440.964
 0.38144 441.097
 0.38156 441.229
 0.38168 441.361
 0.3818 441.492
 0.38192 441.623
 0.38204 441.753
 0.38216 441.882
 0.38228 442.011
 0.3824 442.139
 0.38252 442.266
 0.38264 442.393
 0.38276 442.519
 0.38288 442.644
 0.383 442.768
 0.38312 442.892
 0.38324 443.014
 0.38336 443.136
 0.38348 443.256
 0.3836 443.376
 0.38372 443.494
 0.38384 443.611
 0.38396 443.728
 0.38408 443.843
 0.3842 443.957
 0.38432 444.069
 0.38444 444.181
 0.38456 444.291
 0.38468 444.4
 0.3848 444.508
 0.38492 444.614
 0.38504 444.719
 0.38516 444.822
 0.38528 444.924
 0.3854 445.025
 0.38552 445.124
 0.38564 445.222
 0.38576 445.318
 0.38588 445.413
 0.386 445.506
 0.38612 445.598
 0.38624 445.688
 0.38636 445.776
 0.38648 445.863
 0.3866 445.947
 0.38672 446.031
 0.38684 446.112
 0.38696 446.192
 0.38708 446.27
 0.3872 446.347
 0.38732 446.421
 0.38744 446.495
 0.38756 446.566
 0.38768 446.635
 0.3878 446.703
 0.38792 446.77
 0.38804 446.834
 0.38816 446.897
 0.38828 446.959
 0.3884 447.018
 0.38852 447.076
 0.38864 447.133
 0.38876 447.188
 0.38888 447.241
 0.389 447.293
 0.38912 447.343
 0.38924 447.392
 0.38936 447.439
 0.38948 447.485
 0.3896 447.529
 0.38972 447.572
 0.38984 447.614
 0.38996 447.654
 0.39008 447.692
 0.3902 447.73
 0.39032 447.766
 0.39044 447.8
 0.39056 447.834
 0.39068 447.866
 0.3908 447.897
 0.39092 447.927
 0.39104 447.956
 0.39116 447.984
 0.39128 448.011
 0.3914 448.036
 0.39152 448.061
 0.39164 448.085
 0.39176 448.107
 0.39188 448.129
 0.392 448.15
 0.39212 448.169
 0.39224 448.188
 0.39236 448.206
 0.39248 448.224
 0.3926 448.24
 0.39272 448.256
 0.39284 448.271
 0.39296 448.285
 0.39308 448.299
 0.3932 448.311
 0.39332 448.324
 0.39344 448.335
 0.39356 448.346
 0.39368 448.357
 0.3938 448.366
 0.39392 448.376
 0.39404 448.384
 0.39416 448.392
 0.39428 448.4
 0.3944 448.407
 0.39452 448.414
 0.39464 448.42
 0.39476 448.425
 0.39488 448.431
 0.395 448.435
 0.39512 448.44
 0.39524 448.443
 0.39536 448.447
 0.39548 448.45
 0.3956 448.452
 0.39572 448.454
 0.39584 448.456
 0.39596 448.458
 0.39608 448.459
 0.3962 448.46
 0.39632 448.46
 0.39644 448.46
 0.39656 448.46
 0.39668 448.459
 0.3968 448.458
 0.39692 448.457
 0.39704 448.456
 0.39716 448.454
 0.39728 448.452
 0.3974 448.45
 0.39752 448.447
 0.39764 448.444
 0.39776 448.441
 0.39788 448.437
 0.398 448.433
 0.39812 448.429
 0.39824 448.425
 0.39836 448.42
 0.39848 448.415
 0.3986 448.409
 0.39872 448.403
 0.39884 448.397
 0.39896 448.391
 0.39908 448.384
 0.3992 448.376
 0.39932 448.368
 0.39944 448.36
 0.39956 448.352
 0.39968 448.343
 0.3998 448.333
 0.39992 448.323
 0.40004 448.313
 0.40016 448.302
 0.40028 448.291
 0.4004 448.279
 0.40052 448.267
 0.40064 448.254
 0.40076 448.24
 0.40088 448.226
 0.401 448.212
 0.40112 448.197
 0.40124 448.181
 0.40136 448.165
 0.40148 448.148
 0.4016 448.131
 0.40172 448.113
 0.40184 448.094
 0.40196 448.074
 0.40208 448.054
 0.4022 448.033
 0.40232 448.011
 0.40244 447.989
 0.40256 447.965
 0.40268 447.941
 0.4028 447.916
 0.40292 447.89
 0.40304 447.863
 0.40316 447.836
 0.40328 447.807
 0.4034 447.778
 0.40352 447.747
 0.40364 447.716
 0.40376 447.683
 0.40388 447.65
 0.404 447.615
 0.40412 447.579
 0.40424 447.542
 0.40436 447.504
 0.40448 447.465
 0.4046 447.424
 0.40472 447.382
 0.40484 447.339
 0.40496 447.295
 0.40508 447.25
 0.4052 447.203
 0.40532 447.155
 0.40544 447.105
 0.40556 447.054
 0.40568 447.002
 0.4058 446.949
 0.40592 446.894
 0.40604 446.838
 0.40616 446.78
 0.40628 446.722
 0.4064 446.661
 0.40652 446.6
 0.40664 446.537
 0.40676 446.473
 0.40688 446.408
 0.407 446.341
 0.40712 446.273
 0.40724 446.203
 0.40736 446.133
 0.40748 446.061
 0.4076 445.987
 0.40772 445.913
 0.40784 445.837
 0.40796 445.76
 0.40808 445.681
 0.4082 445.602
 0.40832 445.52
 0.40844 445.438
 0.40856 445.354
 0.40868 445.269
 0.4088 445.183
 0.40892 445.095
 0.40904 445.006
 0.40916 444.916
 0.40928 444.824
 0.4094 444.731
 0.40952 444.637
 0.40964 444.541
 0.40976 444.444
 0.40988 444.345
 0.41 444.244
 0.41012 444.143
 0.41024 444.039
 0.41036 443.935
 0.41048 443.828
 0.4106 443.721
 0.41072 443.611
 0.41084 443.501
 0.41096 443.389
 0.41108 443.275
 0.4112 443.16
 0.41132 443.043
 0.41144 442.926
 0.41156 442.806
 0.41168 442.686
 0.4118 442.563
 0.41192 442.44
 0.41204 442.315
 0.41216 442.188
 0.41228 442.061
 0.4124 441.932
 0.41252 441.801
 0.41264 441.67
 0.41276 441.537
 0.41288 441.403
 0.413 441.268
 0.41312 441.131
 0.41324 440.994
 0.41336 440.855
 0.41348 440.715
 0.4136 440.575
 0.41372 440.433
 0.41384 440.29
 0.41396 440.146
 0.41408 440.001
 0.4142 439.856
 0.41432 439.709
 0.41444 439.562
 0.41456 439.413
 0.41468 439.264
 0.4148 439.114
 0.41492 438.963
 0.41504 438.812
 0.41516 438.659
 0.41528 438.506
 0.4154 438.352
 0.41552 438.198
 0.41564 438.042
 0.41576 437.886
 0.41588 437.73
 0.416 437.573
 0.41612 437.415
 0.41624 437.256
 0.41636 437.097
 0.41648 436.938
 0.4166 436.778
 0.41672 436.617
 0.41684 436.456
 0.41696 436.294
 0.41708 436.132
 0.4172 435.969
 0.41732 435.806
 0.41744 435.643
 0.41756 435.478
 0.41768 435.314
 0.4178 435.148
 0.41792 434.982
 0.41804 434.816
 0.41816 434.649
 0.41828 434.482
 0.4184 434.314
 0.41852 434.145
 0.41864 433.976
 0.41876 433.806
 0.41888 433.636
 0.419 433.465
 0.41912 433.293
 0.41924 433.12
 0.41936 432.947
 0.41948 432.774
 0.4196 432.599
 0.41972 432.424
 0.41984 432.249
 0.41996 432.072
 0.42008 431.895
 0.4202 431.717
 0.42032 431.538
 0.42044 431.358
 0.42056 431.178
 0.42068 430.996
 0.4208 430.814
 0.42092 430.631
 0.42104 430.447
 0.42116 430.262
 0.42128 430.076
 0.4214 429.889
 0.42152 429.702
 0.42164 429.513
 0.42176 429.323
 0.42188 429.132
 0.422 428.939
 0.42212 428.746
 0.42224 428.552
 0.42236 428.356
 0.42248 428.159
 0.4226 427.961
 0.42272 427.762
 0.42284 427.561
 0.42296 427.359
 0.42308 427.156
 0.4232 426.952
 0.42332 426.746
 0.42344 426.538
 0.42356 426.33
 0.42368 426.12
 0.4238 425.908
 0.42392 425.695
 0.42404 425.481
 0.42416 425.265
 0.42428 425.048
 0.4244 424.829
 0.42452 424.609
 0.42464 424.387
 0.42476 424.164
 0.42488 423.939
 0.425 423.713
 0.42512 423.485
 0.42524 423.256
 0.42536 423.026
 0.42548 422.794
 0.4256 422.56
 0.42572 422.325
 0.42584 422.089
 0.42596 421.851
 0.42608 421.612
 0.4262 421.371
 0.42632 421.128
 0.42644 420.884
 0.42656 420.639
 0.42668 420.392
 0.4268 420.144
 0.42692 419.895
 0.42704 419.644
 0.42716 419.391
 0.42728 419.137
 0.4274 418.882
 0.42752 418.625
 0.42764 418.367
 0.42776 418.108
 0.42788 417.847
 0.428 417.585
 0.42812 417.321
 0.42824 417.057
 0.42836 416.791
 0.42848 416.523
 0.4286 416.255
 0.42872 415.985
 0.42884 415.714
 0.42896 415.441
 0.42908 415.168
 0.4292 414.893
 0.42932 414.617
 0.42944 414.34
 0.42956 414.062
 0.42968 413.783
 0.4298 413.502
 0.42992 413.221
 0.43004 412.938
 0.43016 412.655
 0.43028 412.37
 0.4304 412.084
 0.43052 411.797
 0.43064 411.51
 0.43076 411.221
 0.43088 410.931
 0.431 410.641
 0.43112 410.349
 0.43124 410.057
 0.43136 409.763
 0.43148 409.469
 0.4316 409.174
 0.43172 408.878
 0.43184 408.581
 0.43196 408.283
 0.43208 407.985
 0.4322 407.685
 0.43232 407.385
 0.43244 407.085
 0.43256 406.783
 0.43268 406.481
 0.4328 406.178
 0.43292 405.875
 0.43304 405.571
 0.43316 405.266
 0.43328 404.961
 0.4334 404.655
 0.43352 404.349
 0.43364 404.042
 0.43376 403.735
 0.43388 403.427
 0.434 403.119
 0.43412 402.811
 0.43424 402.502
 0.43436 402.193
 0.43448 401.884
 0.4346 401.575
 0.43472 401.265
 0.43484 400.955
 0.43496 400.646
 0.43508 400.336
 0.4352 400.026
 0.43532 399.716
 0.43544 399.406
 0.43556 399.096
 0.43568 398.786
 0.4358 398.476
 0.43592 398.166
 0.43604 397.856
 0.43616 397.547
 0.43628 397.238
 0.4364 396.928
 0.43652 396.619
 0.43664 396.311
 0.43676 396.002
 0.43688 395.694
 0.437 395.386
 0.43712 395.078
 0.43724 394.771
 0.43736 394.464
 0.43748 394.157
 0.4376 393.851
 0.43772 393.545
 0.43784 393.24
 0.43796 392.935
 0.43808 392.63
 0.4382 392.326
 0.43832 392.022
 0.43844 391.718
 0.43856 391.415
 0.43868 391.113
 0.4388 390.811
 0.43892 390.51
 0.43904 390.21
 0.43916 389.91
 0.43928 389.61
 0.4394 389.312
 0.43952 389.014
 0.43964 388.717
 0.43976 388.421
 0.43988 388.125
 0.44 387.831
 0.44012 387.537
 0.44024 387.245
 0.44036 386.953
 0.44048 386.662
 0.4406 386.372
 0.44072 386.083
 0.44084 385.796
 0.44096 385.509
 0.44108 385.223
 0.4412 384.938
 0.44132 384.655
 0.44144 384.372
 0.44156 384.091
 0.44168 383.811
 0.4418 383.532
 0.44192 383.254
 0.44204 382.978
 0.44216 382.703
 0.44228 382.429
 0.4424 382.157
 0.44252 381.886
 0.44264 381.616
 0.44276 381.348
 0.44288 381.081
 0.443 380.815
 0.44312 380.551
 0.44324 380.288
 0.44336 380.027
 0.44348 379.767
 0.4436 379.509
 0.44372 379.252
 0.44384 378.997
 0.44396 378.743
 0.44408 378.491
 0.4442 378.24
 0.44432 377.991
 0.44444 377.744
 0.44456 377.498
 0.44468 377.254
 0.4448 377.012
 0.44492 376.771
 0.44504 376.532
 0.44516 376.295
 0.44528 376.059
 0.4454 375.825
 0.44552 375.593
 0.44564 375.362
 0.44576 375.134
 0.44588 374.907
 0.446 374.681
 0.44612 374.458
 0.44624 374.236
 0.44636 374.017
 0.44648 373.799
 0.4466 373.582
 0.44672 373.368
 0.44684 373.156
 0.44696 372.945
 0.44708 372.737
 0.4472 372.53
 0.44732 372.325
 0.44744 372.122
 0.44756 371.921
 0.44768 371.722
 0.4478 371.525
 0.44792 371.33
 0.44804 371.137
 0.44816 370.946
 0.44828 370.757
 0.4484 370.57
 0.44852 370.385
 0.44864 370.202
 0.44876 370.022
 0.44888 369.843
 0.449 369.667
 0.44912 369.492
 0.44924 369.32
 0.44936 369.15
 0.44948 368.983
 0.4496 368.817
 0.44972 368.654
 0.44984 368.493
 0.44996 368.334
 0.45008 368.178
 0.4502 368.024
 0.45032 367.872
 0.45044 367.723
 0.45056 367.576
 0.45068 367.431
 0.4508 367.288
 0.45092 367.148
 0.45104 367.011
 0.45116 366.875
 0.45128 366.743
 0.4514 366.612
 0.45152 366.484
 0.45164 366.359
 0.45176 366.236
 0.45188 366.115
 0.452 365.997
 0.45212 365.881
 0.45224 365.768
 0.45236 365.657
 0.45248 365.549
 0.4526 365.444
 0.45272 365.341
 0.45284 365.241
 0.45296 365.143
 0.45308 365.048
 0.4532 364.956
 0.45332 364.866
 0.45344 364.779
 0.45356 364.694
 0.45368 364.612
 0.4538 364.533
 0.45392 364.457
 0.45404 364.383
 0.45416 364.312
 0.45428 364.243
 0.4544 364.178
 0.45452 364.115
 0.45464 364.054
 0.45476 363.997
 0.45488 363.942
 0.455 363.889
 0.45512 363.84
 0.45524 363.793
 0.45536 363.749
 0.45548 363.707
 0.4556 363.668
 0.45572 363.632
 0.45584 363.598
 0.45596 363.567
 0.45608 363.539
 0.4562 363.514
 0.45632 363.491
 0.45644 363.47
 0.45656 363.453
 0.45668 363.438
 0.4568 363.425
 0.45692 363.416
 0.45704 363.408
 0.45716 363.404
 0.45728 363.402
 0.4574 363.402
 0.45752 363.405
 0.45764 363.41
 0.45776 363.418
 0.45788 363.428
 0.458 363.441
 0.45812 363.456
 0.45824 363.473
 0.45836 363.493
 0.45848 363.515
 0.4586 363.539
 0.45872 363.566
 0.45884 363.595
 0.45896 363.626
 0.45908 363.659
 0.4592 363.695
 0.45932 363.732
 0.45944 363.772
 0.45956 363.814
 0.45968 363.858
 0.4598 363.904
 0.45992 363.952
 0.46004 364.002
 0.46016 364.054
 0.46028 364.109
 0.4604 364.165
 0.46052 364.223
 0.46064 364.284
 0.46076 364.346
 0.46088 364.41
 0.461 364.477
 0.46112 364.545
 0.46124 364.615
 0.46136 364.688
 0.46148 364.762
 0.4616 364.838
 0.46172 364.917
 0.46184 364.997
 0.46196 365.079
 0.46208 365.163
 0.4622 365.249
 0.46232 365.337
 0.46244 365.427
 0.46256 365.519
 0.46268 365.612
 0.4628 365.708
 0.46292 365.805
 0.46304 365.904
 0.46316 366.005
 0.46328 366.108
 0.4634 366.213
 0.46352 366.319
 0.46364 366.427
 0.46376 366.537
 0.46388 366.648
 0.464 366.761
 0.46412 366.876
 0.46424 366.992
 0.46436 367.11
 0.46448 367.229
 0.4646 367.35
 0.46472 367.472
 0.46484 367.596
 0.46496 367.722
 0.46508 367.849
 0.4652 367.977
 0.46532 368.107
 0.46544 368.238
 0.46556 368.371
 0.46568 368.505
 0.4658 368.64
 0.46592 368.776
 0.46604 368.914
 0.46616 369.053
 0.46628 369.194
 0.4664 369.335
 0.46652 369.478
 0.46664 369.622
 0.46676 369.767
 0.46688 369.914
 0.467 370.061
 0.46712 370.21
 0.46724 370.36
 0.46736 370.51
 0.46748 370.662
 0.4676 370.815
 0.46772 370.969
 0.46784 371.124
 0.46796 371.28
 0.46808 371.438
 0.4682 371.596
 0.46832 371.755
 0.46844 371.915
 0.46856 372.077
 0.46868 372.239
 0.4688 372.402
 0.46892 372.566
 0.46904 372.731
 0.46916 372.897
 0.46928 373.064
 0.4694 373.232
 0.46952 373.401
 0.46964 373.57
 0.46976 373.74
 0.46988 373.911
 0.47 374.083
 0.47012 374.256
 0.47024 374.429
 0.47036 374.603
 0.47048 374.777
 0.4706 374.953
 0.47072 375.128
 0.47084 375.305
 0.47096 375.482
 0.47108 375.66
 0.4712 375.838
 0.47132 376.017
 0.47144 376.196
 0.47156 376.376
 0.47168 376.556
 0.4718 376.737
 0.47192 376.918
 0.47204 377.099
 0.47216 377.281
 0.47228 377.463
 0.4724 377.645
 0.47252 377.827
 0.47264 378.01
 0.47276 378.193
 0.47288 378.376
 0.473 378.559
 0.47312 378.742
 0.47324 378.926
 0.47336 379.109
 0.47348 379.292
 0.4736 379.476
 0.47372 379.659
 0.47384 379.842
 0.47396 380.025
 0.47408 380.208
 0.4742 380.391
 0.47432 380.573
 0.47444 380.755
 0.47456 380.937
 0.47468 381.119
 0.4748 381.3
 0.47492 381.481
 0.47504 381.662
 0.47516 381.842
 0.47528 382.022
 0.4754 382.201
 0.47552 382.38
 0.47564 382.559
 0.47576 382.737
 0.47588 382.914
 0.476 383.091
 0.47612 383.267
 0.47624 383.443
 0.47636 383.618
 0.47648 383.793
 0.4766 383.967
 0.47672 384.14
 0.47684 384.313
 0.47696 384.484
 0.47708 384.655
 0.4772 384.825
 0.47732 384.995
 0.47744 385.163
 0.47756 385.331
 0.47768 385.498
 0.4778 385.664
 0.47792 385.829
 0.47804 385.993
 0.47816 386.156
 0.47828 386.318
 0.4784 386.48
 0.47852 386.64
 0.47864 386.8
 0.47876 386.958
 0.47888 387.115
 0.479 387.272
 0.47912 387.427
 0.47924 387.581
 0.47936 387.735
 0.47948 387.887
 0.4796 388.038
 0.47972 388.188
 0.47984 388.336
 0.47996 388.484
 0.48008 388.631
 0.4802 388.776
 0.48032 388.92
 0.48044 389.063
 0.48056 389.205
 0.48068 389.346
 0.4808 389.485
 0.48092 389.624
 0.48104 389.761
 0.48116 389.897
 0.48128 390.032
 0.4814 390.166
 0.48152 390.299
 0.48164 390.43
 0.48176 390.561
 0.48188 390.69
 0.482 390.818
 0.48212 390.944
 0.48224 391.07
 0.48236 391.194
 0.48248 391.318
 0.4826 391.44
 0.48272 391.561
 0.48284 391.681
 0.48296 391.799
 0.48308 391.917
 0.4832 392.033
 0.48332 392.148
 0.48344 392.262
 0.48356 392.375
 0.48368 392.487
 0.4838 392.598
 0.48392 392.707
 0.48404 392.816
 0.48416 392.923
 0.48428 393.029
 0.4844 393.134
 0.48452 393.238
 0.48464 393.341
 0.48476 393.443
 0.48488 393.544
 0.485 393.643
 0.48512 393.742
 0.48524 393.839
 0.48536 393.936
 0.48548 394.031
 0.4856 394.126
 0.48572 394.219
 0.48584 394.311
 0.48596 394.403
 0.48608 394.493
 0.4862 394.582
 0.48632 394.67
 0.48644 394.757
 0.48656 394.844
 0.48668 394.929
 0.4868 395.014
 0.48692 395.097
 0.48704 395.18
 0.48716 395.261
 0.48728 395.342
 0.4874 395.422
 0.48752 395.501
 0.48764 395.58
 0.48776 395.657
 0.48788 395.734
 0.488 395.81
 0.48812 395.886
 0.48824 395.96
 0.48836 396.034
 0.48848 396.107
 0.4886 396.18
 0.48872 396.251
 0.48884 396.322
 0.48896 396.393
 0.48908 396.463
 0.4892 396.532
 0.48932 396.601
 0.48944 396.669
 0.48956 396.736
 0.48968 396.803
 0.4898 396.87
 0.48992 396.936
 0.49004 397.001
 0.49016 397.066
 0.49028 397.131
 0.4904 397.195
 0.49052 397.258
 0.49064 397.321
 0.49076 397.384
 0.49088 397.445
 0.491 397.507
 0.49112 397.568
 0.49124 397.628
 0.49136 397.687
 0.49148 397.747
 0.4916 397.805
 0.49172 397.863
 0.49184 397.921
 0.49196 397.978
 0.49208 398.034
 0.4922 398.09
 0.49232 398.145
 0.49244 398.2
 0.49256 398.254
 0.49268 398.308
 0.4928 398.361
 0.49292 398.414
 0.49304 398.466
 0.49316 398.518
 0.49328 398.569
 0.4934 398.62
 0.49352 398.67
 0.49364 398.72
 0.49376 398.77
 0.49388 398.819
 0.494 398.868
 0.49412 398.917
 0.49424 398.965
 0.49436 399.013
 0.49448 399.06
 0.4946 399.107
 0.49472 399.154
 0.49484 399.2
 0.49496 399.246
 0.49508 399.292
 0.4952 399.337
 0.49532 399.382
 0.49544 399.427
 0.49556 399.471
 0.49568 399.514
 0.4958 399.558
 0.49592 399.601
 0.49604 399.644
 0.49616 399.686
 0.49628 399.728
 0.4964 399.77
 0.49652 399.811
 0.49664 399.852
 0.49676 399.893
 0.49688 399.933
 0.497 399.973
 0.49712 400.012
 0.49724 400.051
 0.49736 400.09
 0.49748 400.129
 0.4976 400.167
 0.49772 400.205
 0.49784 400.242
 0.49796 400.279
 0.49808 400.315
 0.4982 400.352
 0.49832 400.387
 0.49844 400.423
 0.49856 400.457
 0.49868 400.492
 0.4988 400.526
 0.49892 400.56
 0.49904 400.593
 0.49916 400.626
 0.49928 400.658
 0.4994 400.69
 0.49952 400.721
 0.49964 400.752
 0.49976 400.783
 0.49988 400.813
 0.5 400.843
 0.50012 400.872
 0.50024 400.901
 0.50036 400.93
 0.50048 400.958
 0.5006 400.986
 0.50072 401.013
 0.50084 401.04
 0.50096 401.066
 0.50108 401.092
 0.5012 401.118
 0.50132 401.143
 0.50144 401.168
 0.50156 401.192
 0.50168 401.216
 0.5018 401.24
 0.50192 401.263
 0.50204 401.286
 0.50216 401.309
 0.50228 401.331
 0.5024 401.353
 0.50252 401.374
 0.50264 401.395
 0.50276 401.415
 0.50288 401.435
 0.503 401.455
 0.50312 401.474
 0.50324 401.493
 0.50336 401.511
 0.50348 401.529
 0.5036 401.547
 0.50372 401.564
 0.50384 401.58
 0.50396 401.597
 0.50408 401.613
 0.5042 401.628
 0.50432 401.643
 0.50444 401.658
 0.50456 401.672
 0.50468 401.686
 0.5048 401.699
 0.50492 401.712
 0.50504 401.725
 0.50516 401.737
 0.50528 401.749
 0.5054 401.761
 0.50552 401.772
 0.50564 401.783
 0.50576 401.793
 0.50588 401.803
 0.506 401.813
 0.50612 401.822
 0.50624 401.831
 0.50636 401.84
 0.50648 401.849
 0.5066 401.857
 0.50672 401.865
 0.50684 401.873
 0.50696 401.881
 0.50708 401.888
 0.5072 401.895
 0.50732 401.903
 0.50744 401.91
 0.50756 401.916
 0.50768 401.923
 0.5078 401.93
 0.50792 401.936
 0.50804 401.942
 0.50816 401.949
 0.50828 401.955
 0.5084 401.961
 0.50852 401.967
 0.50864 401.973
 0.50876 401.978
 0.50888 401.984
 0.509 401.99
 0.50912 401.995
 0.50924 402
 0.50936 402.006
 0.50948 402.011
 0.5096 402.016
 0.50972 402.021
 0.50984 402.026
 0.50996 402.031
 0.51008 402.036
 0.5102 402.041
 0.51032 402.045
 0.51044 402.05
 0.51056 402.054
 0.51068 402.059
 0.5108 402.063
 0.51092 402.067
 0.51104 402.071
 0.51116 402.075
 0.51128 402.079
 0.5114 402.082
 0.51152 402.086
 0.51164 402.089
 0.51176 402.092
 0.51188 402.095
 0.512 402.098
 0.51212 402.101
 0.51224 402.104
 0.51236 402.106
 0.51248 402.109
 0.5126 402.111
 0.51272 402.112
 0.51284 402.114
 0.51296 402.115
 0.51308 402.116
 0.5132 402.117
 0.51332 402.117
 0.51344 402.117
 0.51356 402.116
 0.51368 402.115
 0.5138 402.114
 0.51392 402.112
 0.51404 402.11
 0.51416 402.107
 0.51428 402.104
 0.5144 402.1
 0.51452 402.096
 0.51464 402.091
 0.51476 402.086
 0.51488 402.08
 0.515 402.073
 0.51512 402.066
 0.51524 402.058
 0.51536 402.05
 0.51548 402.04
 0.5156 402.031
 0.51572 402.02
 0.51584 402.009
 0.51596 401.997
 0.51608 401.984
 0.5162 401.97
 0.51632 401.956
 0.51644 401.94
 0.51656 401.924
 0.51668 401.907
 0.5168 401.889
 0.51692 401.871
 0.51704 401.851
 0.51716 401.831
 0.51728 401.809
 0.5174 401.787
 0.51752 401.764
 0.51764 401.739
 0.51776 401.714
 0.51788 401.688
 0.518 401.662
 0.51812 401.634
 0.51824 401.605
 0.51836 401.576
 0.51848 401.546
 0.5186 401.515
 0.51872 401.483
 0.51884 401.45
 0.51896 401.416
 0.51908 401.382
 0.5192 401.346
 0.51932 401.31
 0.51944 401.273
 0.51956 401.235
 0.51968 401.197
 0.5198 401.157
 0.51992 401.117
 0.52004 401.076
 0.52016 401.034
 0.52028 400.991
 0.5204 400.947
 0.52052 400.903
 0.52064 400.858
 0.52076 400.812
 0.52088 400.766
 0.521 400.719
 0.52112 400.671
 0.52124 400.623
 0.52136 400.573
 0.52148 400.524
 0.5216 400.473
 0.52172 400.422
 0.52184 400.371
 0.52196 400.318
 0.52208 400.266
 0.5222 400.212
 0.52232 400.158
 0.52244 400.104
 0.52256 400.049
 0.52268 399.994
 0.5228 399.938
 0.52292 399.881
 0.52304 399.824
 0.52316 399.767
 0.52328 399.709
 0.5234 399.65
 0.52352 399.591
 0.52364 399.532
 0.52376 399.472
 0.52388 399.411
 0.524 399.35
 0.52412 399.289
 0.52424 399.227
 0.52436 399.165
 0.52448 399.102
 0.5246 399.039
 0.52472 398.975
 0.52484 398.911
 0.52496 398.847
 0.52508 398.783
 0.5252 398.718
 0.52532 398.653
 0.52544 398.588
 0.52556 398.523
 0.52568 398.457
 0.5258 398.392
 0.52592 398.326
 0.52604 398.26
 0.52616 398.194
 0.52628 398.127
 0.5264 398.061
 0.52652 397.995
 0.52664 397.928
 0.52676 397.861
 0.52688 397.794
 0.527 397.728
 0.52712 397.661
 0.52724 397.594
 0.52736 397.527
 0.52748 397.46
 0.5276 397.394
 0.52772 397.327
 0.52784 397.26
 0.52796 397.194
 0.52808 397.127
 0.5282 397.061
 0.52832 396.994
 0.52844 396.928
 0.52856 396.862
 0.52868 396.797
 0.5288 396.731
 0.52892 396.665
 0.52904 396.6
 0.52916 396.535
 0.52928 396.47
 0.5294 396.405
 0.52952 396.341
 0.52964 396.277
 0.52976 396.213
 0.52988 396.149
 0.53 396.085
 0.53012 396.022
 0.53024 395.959
 0.53036 395.897
 0.53048 395.834
 0.5306 395.772
 0.53072 395.71
 0.53084 395.649
 0.53096 395.588
 0.53108 395.527
 0.5312 395.466
 0.53132 395.406
 0.53144 395.346
 0.53156 395.286
 0.53168 395.226
 0.5318 395.167
 0.53192 395.109
 0.53204 395.05
 0.53216 394.992
 0.53228 394.934
 0.5324 394.877
 0.53252 394.821
 0.53264 394.764
 0.53276 394.709
 0.53288 394.654
 0.533 394.599
 0.53312 394.546
 0.53324 394.492
 0.53336 394.44
 0.53348 394.388
 0.5336 394.337
 0.53372 394.287
 0.53384 394.237
 0.53396 394.188
 0.53408 394.14
 0.5342 394.093
 0.53432 394.047
 0.53444 394.002
 0.53456 393.957
 0.53468 393.914
 0.5348 393.872
 0.53492 393.83
 0.53504 393.79
 0.53516 393.75
 0.53528 393.712
 0.5354 393.674
 0.53552 393.638
 0.53564 393.603
 0.53576 393.569
 0.53588 393.535
 0.536 393.503
 0.53612 393.472
 0.53624 393.442
 0.53636 393.413
 0.53648 393.386
 0.5366 393.359
 0.53672 393.333
 0.53684 393.309
 0.53696 393.285
 0.53708 393.263
 0.5372 393.242
 0.53732 393.222
 0.53744 393.203
 0.53756 393.185
 0.53768 393.168
 0.5378 393.152
 0.53792 393.138
 0.53804 393.125
 0.53816 393.113
 0.53828 393.102
 0.5384 393.092
 0.53852 393.083
 0.53864 393.076
 0.53876 393.07
 0.53888 393.065
 0.539 393.061
 0.53912 393.059
 0.53924 393.058
 0.53936 393.058
 0.53948 393.059
 0.5396 393.062
 0.53972 393.066
 0.53984 393.072
 0.53996 393.079
 0.54008 393.087
 0.5402 393.097
 0.54032 393.108
 0.54044 393.12
 0.54056 393.134
 0.54068 393.149
 0.5408 393.166
 0.54092 393.184
 0.54104 393.203
 0.54116 393.224
 0.54128 393.246
 0.5414 393.27
 0.54152 393.295
 0.54164 393.321
 0.54176 393.349
 0.54188 393.378
 0.542 393.409
 0.54212 393.441
 0.54224 393.474
 0.54236 393.509
 0.54248 393.545
 0.5426 393.583
 0.54272 393.622
 0.54284 393.663
 0.54296 393.706
 0.54308 393.75
 0.5432 393.795
 0.54332 393.843
 0.54344 393.892
 0.54356 393.943
 0.54368 393.995
 0.5438 394.049
 0.54392 394.105
 0.54404 394.163
 0.54416 394.223
 0.54428 394.284
 0.5444 394.348
 0.54452 394.413
 0.54464 394.481
 0.54476 394.55
 0.54488 394.622
 0.545 394.695
 0.54512 394.771
 0.54524 394.848
 0.54536 394.928
 0.54548 395.01
 0.5456 395.094
 0.54572 395.18
 0.54584 395.268
 0.54596 395.359
 0.54608 395.452
 0.5462 395.547
 0.54632 395.645
 0.54644 395.744
 0.54656 395.846
 0.54668 395.951
 0.5468 396.058
 0.54692 396.167
 0.54704 396.278
 0.54716 396.392
 0.54728 396.508
 0.5474 396.627
 0.54752 396.748
 0.54764 396.871
 0.54776 396.997
 0.54788 397.125
 0.548 397.255
 0.54812 397.388
 0.54824 397.523
 0.54836 397.66
 0.54848 397.8
 0.5486 397.942
 0.54872 398.086
 0.54884 398.232
 0.54896 398.38
 0.54908 398.531
 0.5492 398.684
 0.54932 398.839
 0.54944 398.996
 0.54956 399.155
 0.54968 399.316
 0.5498 399.48
 0.54992 399.645
 0.55004 399.813
 0.55016 399.983
 0.55028 400.155
 0.5504 400.328
 0.55052 400.504
 0.55064 400.682
 0.55076 400.862
 0.55088 401.044
 0.551 401.227
 0.55112 401.413
 0.55124 401.601
 0.55136 401.79
 0.55148 401.981
 0.5516 402.174
 0.55172 402.369
 0.55184 402.566
 0.55196 402.765
 0.55208 402.965
 0.5522 403.167
 0.55232 403.37
 0.55244 403.576
 0.55256 403.783
 0.55268 403.992
 0.5528 404.202
 0.55292 404.414
 0.55304 404.627
 0.55316 404.842
 0.55328 405.059
 0.5534 405.277
 0.55352 405.497
 0.55364 405.718
 0.55376 405.94
 0.55388 406.164
 0.554 406.39
 0.55412 406.616
 0.55424 406.845
 0.55436 407.074
 0.55448 407.305
 0.5546 407.537
 0.55472 407.77
 0.55484 408.005
 0.55496 408.241
 0.55508 408.477
 0.5552 408.715
 0.55532 408.954
 0.55544 409.194
 0.55556 409.435
 0.55568 409.677
 0.5558 409.92
 0.55592 410.164
 0.55604 410.41
 0.55616 410.656
 0.55628 410.903
 0.5564 411.151
 0.55652 411.4
 0.55664 411.65
 0.55676 411.901
 0.55688 412.152
 0.557 412.405
 0.55712 412.659
 0.55724 412.913
 0.55736 413.168
 0.55748 413.424
 0.5576 413.681
 0.55772 413.938
 0.55784 414.196
 0.55796 414.455
 0.55808 414.714
 0.5582 414.975
 0.55832 415.235
 0.55844 415.497
 0.55856 415.759
 0.55868 416.022
 0.5588 416.285
 0.55892 416.549
 0.55904 416.814
 0.55916 417.079
 0.55928 417.345
 0.5594 417.611
 0.55952 417.878
 0.55964 418.145
 0.55976 418.413
 0.55988 418.681
 0.56 418.95
 0.56012 419.219
 0.56024 419.488
 0.56036 419.758
 0.56048 420.029
 0.5606 420.3
 0.56072 420.571
 0.56084 420.843
 0.56096 421.115
 0.56108 421.387
 0.5612 421.66
 0.56132 421.933
 0.56144 422.207
 0.56156 422.481
 0.56168 422.756
 0.5618 423.03
 0.56192 423.306
 0.56204 423.581
 0.56216 423.857
 0.56228 424.133
 0.5624 424.409
 0.56252 424.685
 0.56264 424.961
 0.56276 425.238
 0.56288 425.514
 0.563 425.791
 0.56312 426.067
 0.56324 426.343
 0.56336 426.619
 0.56348 426.895
 0.5636 427.171
 0.56372 427.446
 0.56384 427.721
 0.56396 427.996
 0.56408 428.27
 0.5642 428.544
 0.56432 428.817
 0.56444 429.09
 0.56456 429.362
 0.56468 429.634
 0.5648 429.904
 0.56492 430.175
 0.56504 430.444
 0.56516 430.713
 0.56528 430.981
 0.5654 431.248
 0.56552 431.514
 0.56564 431.779
 0.56576 432.044
 0.56588 432.307
 0.566 432.57
 0.56612 432.831
 0.56624 433.092
 0.56636 433.351
 0.56648 433.61
 0.5666 433.867
 0.56672 434.123
 0.56684 434.378
 0.56696 434.632
 0.56708 434.885
 0.5672 435.136
 0.56732 435.387
 0.56744 435.636
 0.56756 435.883
 0.56768 436.13
 0.5678 436.375
 0.56792 436.619
 0.56804 436.861
 0.56816 437.102
 0.56828 437.341
 0.5684 437.579
 0.56852 437.816
 0.56864 438.051
 0.56876 438.285
 0.56888 438.516
 0.569 438.747
 0.56912 438.976
 0.56924 439.203
 0.56936 439.428
 0.56948 439.652
 0.5696 439.875
 0.56972 440.095
 0.56984 440.314
 0.56996 440.531
 0.57008 440.747
 0.5702 440.961
 0.57032 441.173
 0.57044 441.383
 0.57056 441.591
 0.57068 441.798
 0.5708 442.003
 0.57092 442.206
 0.57104 442.407
 0.57116 442.606
 0.57128 442.804
 0.5714 443
 0.57152 443.194
 0.57164 443.387
 0.57176 443.577
 0.57188 443.766
 0.572 443.953
 0.57212 444.138
 0.57224 444.322
 0.57236 444.504
 0.57248 444.684
 0.5726 444.862
 0.57272 445.038
 0.57284 445.212
 0.57296 445.385
 0.57308 445.555
 0.5732 445.724
 0.57332 445.89
 0.57344 446.055
 0.57356 446.218
 0.57368 446.378
 0.5738 446.537
 0.57392 446.693
 0.57404 446.847
 0.57416 447
 0.57428 447.149
 0.5744 447.297
 0.57452 447.442
 0.57464 447.585
 0.57476 447.726
 0.57488 447.864
 0.575 448
 0.57512 448.134
 0.57524 448.264
 0.57536 448.393
 0.57548 448.519
 0.5756 448.642
 0.57572 448.763
 0.57584 448.881
 0.57596 448.996
 0.57608 449.109
 0.5762 449.219
 0.57632 449.327
 0.57644 449.431
 0.57656 449.533
 0.57668 449.632
 0.5768 449.729
 0.57692 449.822
 0.57704 449.913
 0.57716 450.001
 0.57728 450.086
 0.5774 450.168
 0.57752 450.247
 0.57764 450.323
 0.57776 450.396
 0.57788 450.466
 0.578 450.534
 0.57812 450.598
 0.57824 450.66
 0.57836 450.718
 0.57848 450.774
 0.5786 450.826
 0.57872 450.876
 0.57884 450.923
 0.57896 450.966
 0.57908 451.007
 0.5792 451.045
 0.57932 451.08
 0.57944 451.112
 0.57956 451.141
 0.57968 451.168
 0.5798 451.191
 0.57992 451.211
 0.58004 451.229
 0.58016 451.243
 0.58028 451.255
 0.5804 451.264
 0.58052 451.27
 0.58064 451.273
 0.58076 451.273
 0.58088 451.271
 0.581 451.265
 0.58112 451.257
 0.58124 451.246
 0.58136 451.232
 0.58148 451.215
 0.5816 451.196
 0.58172 451.173
 0.58184 451.148
 0.58196 451.12
 0.58208 451.09
 0.5822 451.057
 0.58232 451.021
 0.58244 450.982
 0.58256 450.941
 0.58268 450.897
 0.5828 450.85
 0.58292 450.801
 0.58304 450.749
 0.58316 450.694
 0.58328 450.636
 0.5834 450.576
 0.58352 450.514
 0.58364 450.449
 0.58376 450.381
 0.58388 450.31
 0.584 450.237
 0.58412 450.162
 0.58424 450.084
 0.58436 450.003
 0.58448 449.92
 0.5846 449.834
 0.58472 449.746
 0.58484 449.655
 0.58496 449.562
 0.58508 449.467
 0.5852 449.369
 0.58532 449.269
 0.58544 449.166
 0.58556 449.061
 0.58568 448.953
 0.5858 448.843
 0.58592 448.731
 0.58604 448.616
 0.58616 448.499
 0.58628 448.38
 0.5864 448.257
 0.58652 448.133
 0.58664 448.006
 0.58676 447.877
 0.58688 447.745
 0.587 447.611
 0.58712 447.474
 0.58724 447.336
 0.58736 447.194
 0.58748 447.051
 0.5876 446.905
 0.58772 446.757
 0.58784 446.607
 0.58796 446.454
 0.58808 446.299
 0.5882 446.142
 0.58832 445.982
 0.58844 445.821
 0.58856 445.657
 0.58868 445.491
 0.5888 445.323
 0.58892 445.152
 0.58904 444.98
 0.58916 444.805
 0.58928 444.628
 0.5894 444.449
 0.58952 444.268
 0.58964 444.084
 0.58976 443.899
 0.58988 443.712
 0.59 443.522
 0.59012 443.331
 0.59024 443.138
 0.59036 442.942
 0.59048 442.745
 0.5906 442.546
 0.59072 442.345
 0.59084 442.142
 0.59096 441.937
 0.59108 441.73
 0.5912 441.521
 0.59132 441.31
 0.59144 441.098
 0.59156 440.883
 0.59168 440.667
 0.5918 440.449
 0.59192 440.23
 0.59204 440.008
 0.59216 439.785
 0.59228 439.56
 0.5924 439.334
 0.59252 439.106
 0.59264 438.877
 0.59276 438.646
 0.59288 438.414
 0.593 438.18
 0.59312 437.945
 0.59324 437.709
 0.59336 437.471
 0.59348 437.233
 0.5936 436.993
 0.59372 436.752
 0.59384 436.511
 0.59396 436.268
 0.59408 436.024
 0.5942 435.78
 0.59432 435.534
 0.59444 435.288
 0.59456 435.041
 0.59468 434.794
 0.5948 434.546
 0.59492 434.297
 0.59504 434.048
 0.59516 433.798
 0.59528 433.548
 0.5954 433.298
 0.59552 433.047
 0.59564 432.795
 0.59576 432.544
 0.59588 432.292
 0.596 432.04
 0.59612 431.788
 0.59624 431.536
 0.59636 431.283
 0.59648 431.031
 0.5966 430.778
 0.59672 430.526
 0.59684 430.273
 0.59696 430.021
 0.59708 429.769
 0.5972 429.516
 0.59732 429.264
 0.59744 429.012
 0.59756 428.76
 0.59768 428.509
 0.5978 428.257
 0.59792 428.006
 0.59804 427.755
 0.59816 427.505
 0.59828 427.254
 0.5984 427.004
 0.59852 426.754
 0.59864 426.505
 0.59876 426.256
 0.59888 426.007
 0.599 425.758
 0.59912 425.51
 0.59924 425.262
 0.59936 425.015
 0.59948 424.767
 0.5996 424.521
 0.59972 424.274
 0.59984 424.028
 0.59996 423.782
 0.60008 423.536
 0.6002 423.291
 0.60032 423.046
 0.60044 422.801
 0.60056 422.557
 0.60068 422.313
 0.6008 422.07
 0.60092 421.827
 0.60104 421.584
 0.60116 421.342
 0.60128 421.1
 0.6014 420.858
 0.60152 420.617
 0.60164 420.376
 0.60176 420.135
 0.60188 419.895
 0.602 419.655
 0.60212 419.416
 0.60224 419.176
 0.60236 418.938
 0.60248 418.699
 0.6026 418.461
 0.60272 418.223
 0.60284 417.986
 0.60296 417.749
 0.60308 417.512
 0.6032 417.276
 0.60332 417.04
 0.60344 416.804
 0.60356 416.569
 0.60368 416.335
 0.6038 416.101
 0.60392 415.867
 0.60404 415.634
 0.60416 415.401
 0.60428 415.169
 0.6044 414.938
 0.60452 414.707
 0.60464 414.477
 0.60476 414.248
 0.60488 414.019
 0.605 413.791
 0.60512 413.564
 0.60524 413.338
 0.60536 413.112
 0.60548 412.888
 0.6056 412.664
 0.60572 412.442
 0.60584 412.22
 0.60596 411.999
 0.60608 411.78
 0.6062 411.561
 0.60632 411.343
 0.60644 411.127
 0.60656 410.911
 0.60668 410.697
 0.6068 410.484
 0.60692 410.272
 0.60704 410.061
 0.60716 409.852
 0.60728 409.643
 0.6074 409.436
 0.60752 409.231
 0.60764 409.026
 0.60776 408.824
 0.60788 408.622
 0.608 408.422
 0.60812 408.223
 0.60824 408.025
 0.60836 407.829
 0.60848 407.635
 0.6086 407.442
 0.60872 407.25
 0.60884 407.06
 0.60896 406.872
 0.60908 406.684
 0.6092 406.499
 0.60932 406.315
 0.60944 406.132
 0.60956 405.951
 0.60968 405.771
 0.6098 405.593
 0.60992 405.417
 0.61004 405.242
 0.61016 405.069
 0.61028 404.897
 0.6104 404.726
 0.61052 404.557
 0.61064 404.39
 0.61076 404.224
 0.61088 404.059
 0.611 403.896
 0.61112 403.735
 0.61124 403.574
 0.61136 403.416
 0.61148 403.259
 0.6116 403.103
 0.61172 402.948
 0.61184 402.795
 0.61196 402.644
 0.61208 402.493
 0.6122 402.345
 0.61232 402.197
 0.61244 402.051
 0.61256 401.907
 0.61268 401.763
 0.6128 401.622
 0.61292 401.481
 0.61304 401.342
 0.61316 401.205
 0.61328 401.069
 0.6134 400.934
 0.61352 400.801
 0.61364 400.669
 0.61376 400.539
 0.61388 400.41
 0.614 400.282
 0.61412 400.156
 0.61424 400.032
 0.61436 399.909
 0.61448 399.787
 0.6146 399.666
 0.61472 399.547
 0.61484 399.43
 0.61496 399.314
 0.61508 399.199
 0.6152 399.086
 0.61532 398.974
 0.61544 398.864
 0.61556 398.755
 0.61568 398.647
 0.6158 398.542
 0.61592 398.437
 0.61604 398.335
 0.61616 398.234
 0.61628 398.134
 0.6164 398.036
 0.61652 397.94
 0.61664 397.846
 0.61676 397.753
 0.61688 397.661
 0.617 397.572
 0.61712 397.484
 0.61724 397.398
 0.61736 397.313
 0.61748 397.23
 0.6176 397.148
 0.61772 397.069
 0.61784 396.99
 0.61796 396.914
 0.61808 396.839
 0.6182 396.766
 0.61832 396.694
 0.61844 396.624
 0.61856 396.555
 0.61868 396.489
 0.6188 396.423
 0.61892 396.36
 0.61904 396.298
 0.61916 396.237
 0.61928 396.178
 0.6194 396.121
 0.61952 396.065
 0.61964 396.011
 0.61976 395.958
 0.61988 395.907
 0.62 395.858
 0.62012 395.81
 0.62024 395.763
 0.62036 395.718
 0.62048 395.675
 0.6206 395.633
 0.62072 395.592
 0.62084 395.553
 0.62096 395.515
 0.62108 395.479
 0.6212 395.444
 0.62132 395.41
 0.62144 395.378
 0.62156 395.347
 0.62168 395.317
 0.6218 395.288
 0.62192 395.261
 0.62204 395.235
 0.62216 395.21
 0.62228 395.186
 0.6224 395.163
 0.62252 395.141
 0.62264 395.12
 0.62276 395.101
 0.62288 395.082
 0.623 395.064
 0.62312 395.047
 0.62324 395.031
 0.62336 395.016
 0.62348 395.002
 0.6236 394.988
 0.62372 394.975
 0.62384 394.963
 0.62396 394.952
 0.62408 394.941
 0.6242 394.931
 0.62432 394.921
 0.62444 394.912
 0.62456 394.904
 0.62468 394.896
 0.6248 394.889
 0.62492 394.882
 0.62504 394.875
 0.62516 394.869
 0.62528 394.863
 0.6254 394.858
 0.62552 394.853
 0.62564 394.848
 0.62576 394.844
 0.62588 394.839
 0.626 394.835
 0.62612 394.831
 0.62624 394.828
 0.62636 394.824
 0.62648 394.821
 0.6266 394.818
 0.62672 394.814
 0.62684 394.812
 0.62696 394.809
 0.62708 394.806
 0.6272 394.803
 0.62732 394.801
 0.62744 394.798
 0.62756 394.796
 0.62768 394.794
 0.6278 394.791
 0.62792 394.789
 0.62804 394.787
 0.62816 394.785
 0.62828 394.783
 0.6284 394.782
 0.62852 394.78
 0.62864 394.778
 0.62876 394.777
 0.62888 394.776
 0.629 394.775
 0.62912 394.774
 0.62924 394.774
 0.62936 394.774
 0.62948 394.774
 0.6296 394.774
 0.62972 394.775
 0.62984 394.776
 0.62996 394.777
 0.63008 394.779
 0.6302 394.781
 0.63032 394.784
 0.63044 394.786
 0.63056 394.79
 0.63068 394.793
 0.6308 394.797
 0.63092 394.801
 0.63104 394.805
 0.63116 394.81
 0.63128 394.815
 0.6314 394.821
 0.63152 394.827
 0.63164 394.833
 0.63176 394.84
 0.63188 394.847
 0.632 394.854
 0.63212 394.862
 0.63224 394.87
 0.63236 394.878
 0.63248 394.887
 0.6326 394.896
 0.63272 394.906
 0.63284 394.916
 0.63296 394.926
 0.63308 394.937
 0.6332 394.948
 0.63332 394.959
 0.63344 394.971
 0.63356 394.983
 0.63368 394.996
 0.6338 395.009
 0.63392 395.022
 0.63404 395.036
 0.63416 395.05
 0.63428 395.064
 0.6344 395.079
 0.63452 395.094
 0.63464 395.109
 0.63476 395.124
 0.63488 395.14
 0.635 395.155
 0.63512 395.171
 0.63524 395.188
 0.63536 395.204
 0.63548 395.22
 0.6356 395.237
 0.63572 395.254
 0.63584 395.27
 0.63596 395.287
 0.63608 395.304
 0.6362 395.321
 0.63632 395.338
 0.63644 395.355
 0.63656 395.373
 0.63668 395.39
 0.6368 395.407
 0.63692 395.424
 0.63704 395.441
 0.63716 395.458
 0.63728 395.475
 0.6374 395.491
 0.63752 395.508
 0.63764 395.525
 0.63776 395.541
 0.63788 395.557
 0.638 395.574
 0.63812 395.59
 0.63824 395.605
 0.63836 395.621
 0.63848 395.637
 0.6386 395.652
 0.63872 395.667
 0.63884 395.682
 0.63896 395.696
 0.63908 395.711
 0.6392 395.725
 0.63932 395.739
 0.63944 395.753
 0.63956 395.766
 0.63968 395.779
 0.6398 395.792
 0.63992 395.805
 0.64004 395.818
 0.64016 395.83
 0.64028 395.842
 0.6404 395.854
 0.64052 395.866
 0.64064 395.878
 0.64076 395.889
 0.64088 395.901
 0.641 395.912
 0.64112 395.924
 0.64124 395.935
 0.64136 395.947
 0.64148 395.958
 0.6416 395.969
 0.64172 395.981
 0.64184 395.992
 0.64196 396.004
 0.64208 396.015
 0.6422 396.027
 0.64232 396.039
 0.64244 396.05
 0.64256 396.062
 0.64268 396.074
 0.6428 396.086
 0.64292 396.098
 0.64304 396.111
 0.64316 396.123
 0.64328 396.136
 0.6434 396.149
 0.64352 396.161
 0.64364 396.174
 0.64376 396.188
 0.64388 396.201
 0.644 396.214
 0.64412 396.228
 0.64424 396.242
 0.64436 396.256
 0.64448 396.271
 0.6446 396.285
 0.64472 396.3
 0.64484 396.315
 0.64496 396.33
 0.64508 396.346
 0.6452 396.361
 0.64532 396.377
 0.64544 396.393
 0.64556 396.408
 0.64568 396.424
 0.6458 396.44
 0.64592 396.457
 0.64604 396.473
 0.64616 396.489
 0.64628 396.505
 0.6464 396.521
 0.64652 396.538
 0.64664 396.554
 0.64676 396.57
 0.64688 396.586
 0.647 396.602
 0.64712 396.618
 0.64724 396.633
 0.64736 396.649
 0.64748 396.665
 0.6476 396.68
 0.64772 396.696
 0.64784 396.711
 0.64796 396.726
 0.64808 396.741
 0.6482 396.756
 0.64832 396.771
 0.64844 396.786
 0.64856 396.8
 0.64868 396.815
 0.6488 396.829
 0.64892 396.843
 0.64904 396.857
 0.64916 396.87
 0.64928 396.884
 0.6494 396.897
 0.64952 396.91
 0.64964 396.923
 0.64976 396.935
 0.64988 396.948
 0.65 396.96
 0.65012 396.972
 0.65024 396.983
 0.65036 396.995
 0.65048 397.006
 0.6506 397.016
 0.65072 397.027
 0.65084 397.037
 0.65096 397.047
 0.65108 397.057
 0.6512 397.067
 0.65132 397.077
 0.65144 397.087
 0.65156 397.096
 0.65168 397.106
 0.6518 397.115
 0.65192 397.125
 0.65204 397.134
 0.65216 397.144
 0.65228 397.153
 0.6524 397.163
 0.65252 397.172
 0.65264 397.182
 0.65276 397.192
 0.65288 397.202
 0.653 397.212
 0.65312 397.222
 0.65324 397.232
 0.65336 397.242
 0.65348 397.252
 0.6536 397.263
 0.65372 397.273
 0.65384 397.284
 0.65396 397.294
 0.65408 397.305
 0.6542 397.316
 0.65432 397.327
 0.65444 397.337
 0.65456 397.348
 0.65468 397.359
 0.6548 397.37
 0.65492 397.381
 0.65504 397.392
 0.65516 397.403
 0.65528 397.414
 0.6554 397.425
 0.65552 397.437
 0.65564 397.448
 0.65576 397.459
 0.65588 397.47
 0.656 397.481
 0.65612 397.492
 0.65624 397.503
 0.65636 397.514
 0.65648 397.525
 0.6566 397.535
 0.65672 397.546
 0.65684 397.557
 0.65696 397.567
 0.65708 397.577
 0.6572 397.587
 0.65732 397.597
 0.65744 397.607
 0.65756 397.616
 0.65768 397.625
 0.6578 397.634
 0.65792 397.643
 0.65804 397.651
 0.65816 397.659
 0.65828 397.667
 0.6584 397.674
 0.65852 397.681
 0.65864 397.688
 0.65876 397.694
 0.65888 397.7
 0.659 397.705
 0.65912 397.71
 0.65924 397.714
 0.65936 397.718
 0.65948 397.721
 0.6596 397.723
 0.65972 397.725
 0.65984 397.727
 0.65996 397.727
 0.66008 397.727
 0.6602 397.727
 0.66032 397.726
 0.66044 397.724
 0.66056 397.721
 0.66068 397.718
 0.6608 397.715
 0.66092 397.71
 0.66104 397.706
 0.66116 397.7
 0.66128 397.694
 0.6614 397.688
 0.66152 397.68
 0.66164 397.673
 0.66176 397.664
 0.66188 397.655
 0.662 397.646
 0.66212 397.635
 0.66224 397.625
 0.66236 397.613
 0.66248 397.601
 0.6626 397.589
 0.66272 397.576
 0.66284 397.562
 0.66296 397.548
 0.66308 397.533
 0.6632 397.517
 0.66332 397.502
 0.66344 397.485
 0.66356 397.468
 0.66368 397.451
 0.6638 397.433
 0.66392 397.414
 0.66404 397.395
 0.66416 397.376
 0.66428 397.356
 0.6644 397.335
 0.66452 397.315
 0.66464 397.293
 0.66476 397.272
 0.66488 397.25
 0.665 397.227
 0.66512 397.204
 0.66524 397.181
 0.66536 397.157
 0.66548 397.134
 0.6656 397.109
 0.66572 397.085
 0.66584 397.06
 0.66596 397.035
 0.66608 397.009
 0.6662 396.984
 0.66632 396.958
 0.66644 396.932
 0.66656 396.906
 0.66668 396.879
 0.6668 396.852
 0.66692 396.826
 0.66704 396.799
 0.66716 396.771
 0.66728 396.744
 0.6674 396.717
 0.66752 396.689
 0.66764 396.662
 0.66776 396.634
 0.66788 396.607
 0.668 396.579
 0.66812 396.551
 0.66824 396.523
 0.66836 396.495
 0.66848 396.467
 0.6686 396.439
 0.66872 396.411
 0.66884 396.382
 0.66896 396.354
 0.66908 396.326
 0.6692 396.298
 0.66932 396.269
 0.66944 396.241
 0.66956 396.213
 0.66968 396.185
 0.6698 396.156
 0.66992 396.128
 0.67004 396.1
 0.67016 396.072
 0.67028 396.043
 0.6704 396.015
 0.67052 395.986
 0.67064 395.958
 0.67076 395.929
 0.67088 395.901
 0.671 395.872
 0.67112 395.843
 0.67124 395.815
 0.67136 395.786
 0.67148 395.757
 0.6716 395.727
 0.67172 395.698
 0.67184 395.669
 0.67196 395.639
 0.67208 395.609
 0.6722 395.579
 0.67232 395.549
 0.67244 395.519
 0.67256 395.489
 0.67268 395.458
 0.6728 395.427
 0.67292 395.396
 0.67304 395.365
 0.67316 395.334
 0.67328 395.302
 0.6734 395.271
 0.67352 395.239
 0.67364 395.206
 0.67376 395.174
 0.67388 395.141
 0.674 395.108
 0.67412 395.075
 0.67424 395.042
 0.67436 395.008
 0.67448 394.974
 0.6746 394.939
 0.67472 394.905
 0.67484 394.87
 0.67496 394.835
 0.67508 394.799
 0.6752 394.763
 0.67532 394.728
 0.67544 394.691
 0.67556 394.655
 0.67568 394.618
 0.6758 394.581
 0.67592 394.544
 0.67604 394.507
 0.67616 394.469
 0.67628 394.431
 0.6764 394.393
 0.67652 394.355
 0.67664 394.317
 0.67676 394.278
 0.67688 394.239
 0.677 394.2
 0.67712 394.161
 0.67724 394.122
 0.67736 394.082
 0.67748 394.043
 0.6776 394.003
 0.67772 393.963
 0.67784 393.923
 0.67796 393.883
 0.67808 393.843
 0.6782 393.803
 0.67832 393.763
 0.67844 393.722
 0.67856 393.682
 0.67868 393.642
 0.6788 393.601
 0.67892 393.561
 0.67904 393.52
 0.67916 393.48
 0.67928 393.44
 0.6794 393.4
 0.67952 393.359
 0.67964 393.319
 0.67976 393.279
 0.67988 393.24
 0.68 393.2
 0.68012 393.161
 0.68024 393.121
 0.68036 393.082
 0.68048 393.043
 0.6806 393.004
 0.68072 392.966
 0.68084 392.927
 0.68096 392.889
 0.68108 392.85
 0.6812 392.812
 0.68132 392.773
 0.68144 392.735
 0.68156 392.697
 0.68168 392.659
 0.6818 392.62
 0.68192 392.582
 0.68204 392.544
 0.68216 392.505
 0.68228 392.467
 0.6824 392.428
 0.68252 392.39
 0.68264 392.351
 0.68276 392.312
 0.68288 392.273
 0.683 392.234
 0.68312 392.195
 0.68324 392.155
 0.68336 392.116
 0.68348 392.077
 0.6836 392.038
 0.68372 391.999
 0.68384 391.959
 0.68396 391.92
 0.68408 391.881
 0.6842 391.843
 0.68432 391.804
 0.68444 391.766
 0.68456 391.727
 0.68468 391.689
 0.6848 391.652
 0.68492 391.614
 0.68504 391.577
 0.68516 391.541
 0.68528 391.505
 0.6854 391.469
 0.68552 391.433
 0.68564 391.399
 0.68576 391.364
 0.68588 391.331
 0.686 391.297
 0.68612 391.265
 0.68624 391.233
 0.68636 391.202
 0.68648 391.171
 0.6866 391.141
 0.68672 391.112
 0.68684 391.084
 0.68696 391.057
 0.68708 391.031
 0.6872 391.005
 0.68732 390.981
 0.68744 390.958
 0.68756 390.936
 0.68768 390.915
 0.6878 390.895
 0.68792 390.876
 0.68804 390.858
 0.68816 390.842
 0.68828 390.827
 0.6884 390.813
 0.68852 390.8
 0.68864 390.789
 0.68876 390.779
 0.68888 390.771
 0.689 390.764
 0.68912 390.758
 0.68924 390.754
 0.68936 390.751
 0.68948 390.75
 0.6896 390.751
 0.68972 390.753
 0.68984 390.756
 0.68996 390.761
 0.69008 390.767
 0.6902 390.776
 0.69032 390.785
 0.69044 390.796
 0.69056 390.809
 0.69068 390.823
 0.6908 390.839
 0.69092 390.856
 0.69104 390.875
 0.69116 390.896
 0.69128 390.918
 0.6914 390.941
 0.69152 390.966
 0.69164 390.993
 0.69176 391.021
 0.69188 391.051
 0.692 391.083
 0.69212 391.116
 0.69224 391.151
 0.69236 391.188
 0.69248 391.226
 0.6926 391.266
 0.69272 391.307
 0.69284 391.35
 0.69296 391.394
 0.69308 391.44
 0.6932 391.488
 0.69332 391.537
 0.69344 391.587
 0.69356 391.639
 0.69368 391.692
 0.6938 391.747
 0.69392 391.804
 0.69404 391.861
 0.69416 391.92
 0.69428 391.981
 0.6944 392.042
 0.69452 392.105
 0.69464 392.169
 0.69476 392.235
 0.69488 392.301
 0.695 392.369
 0.69512 392.438
 0.69524 392.508
 0.69536 392.58
 0.69548 392.652
 0.6956 392.725
 0.69572 392.8
 0.69584 392.875
 0.69596 392.951
 0.69608 393.029
 0.6962 393.107
 0.69632 393.186
 0.69644 393.266
 0.69656 393.346
 0.69668 393.428
 0.6968 393.51
 0.69692 393.592
 0.69704 393.676
 0.69716 393.76
 0.69728 393.844
 0.6974 393.93
 0.69752 394.015
 0.69764 394.102
 0.69776 394.189
 0.69788 394.276
 0.698 394.364
 0.69812 394.452
 0.69824 394.541
 0.69836 394.63
 0.69848 394.719
 0.6986 394.809
 0.69872 394.899
 0.69884 394.99
 0.69896 395.081
 0.69908 395.172
 0.6992 395.264
 0.69932 395.356
 0.69944 395.448
 0.69956 395.54
 0.69968 395.633
 0.6998 395.725
 0.69992 395.818
 0.70004 395.911
 0.70016 396.004
 0.70028 396.097
 0.7004 396.19
 0.70052 396.284
 0.70064 396.377
 0.70076 396.47
 0.70088 396.563
 0.701 396.657
 0.70112 396.75
 0.70124 396.843
 0.70136 396.936
 0.70148 397.028
 0.7016 397.121
 0.70172 397.213
 0.70184 397.306
 0.70196 397.398
 0.70208 397.489
 0.7022 397.581
 0.70232 397.672
 0.70244 397.763
 0.70256 397.854
 0.70268 397.944
 0.7028 398.034
 0.70292 398.124
 0.70304 398.213
 0.70316 398.302
 0.70328 398.391
 0.7034 398.479
 0.70352 398.566
 0.70364 398.653
 0.70376 398.74
 0.70388 398.826
 0.704 398.912
 0.70412 398.997
 0.70424 399.082
 0.70436 399.166
 0.70448 399.249
 0.7046 399.333
 0.70472 399.415
 0.70484 399.497
 0.70496 399.578
 0.70508 399.659
 0.7052 399.739
 0.70532 399.819
 0.70544 399.897
 0.70556 399.976
 0.70568 400.054
 0.7058 400.131
 0.70592 400.207
 0.70604 400.283
 0.70616 400.359
 0.70628 400.434
 0.7064 400.508
 0.70652 400.582
 0.70664 400.656
 0.70676 400.728
 0.70688 400.801
 0.707 400.872
 0.70712 400.943
 0.70724 401.014
 0.70736 401.084
 0.70748 401.153
 0.7076 401.222
 0.70772 401.29
 0.70784 401.357
 0.70796 401.424
 0.70808 401.491
 0.7082 401.557
 0.70832 401.622
 0.70844 401.687
 0.70856 401.751
 0.70868 401.814
 0.7088 401.877
 0.70892 401.939
 0.70904 402.001
 0.70916 402.062
 0.70928 402.122
 0.7094 402.182
 0.70952 402.241
 0.70964 402.299
 0.70976 402.356
 0.70988 402.413
 0.71 402.47
 0.71012 402.525
 0.71024 402.58
 0.71036 402.634
 0.71048 402.688
 0.7106 402.741
 0.71072 402.793
 0.71084 402.845
 0.71096 402.896
 0.71108 402.947
 0.7112 402.997
 0.71132 403.047
 0.71144 403.096
 0.71156 403.145
 0.71168 403.194
 0.7118 403.242
 0.71192 403.289
 0.71204 403.336
 0.71216 403.383
 0.71228 403.43
 0.7124 403.476
 0.71252 403.522
 0.71264 403.567
 0.71276 403.612
 0.71288 403.657
 0.713 403.701
 0.71312 403.745
 0.71324 403.789
 0.71336 403.832
 0.71348 403.875
 0.7136 403.918
 0.71372 403.96
 0.71384 404.001
 0.71396 404.042
 0.71408 404.083
 0.7142 404.122
 0.71432 404.161
 0.71444 404.2
 0.71456 404.238
 0.71468 404.274
 0.7148 404.311
 0.71492 404.346
 0.71504 404.38
 0.71516 404.414
 0.71528 404.446
 0.7154 404.477
 0.71552 404.508
 0.71564 404.537
 0.71576 404.565
 0.71588 404.591
 0.716 404.617
 0.71612 404.641
 0.71624 404.664
 0.71636 404.685
 0.71648 404.705
 0.7166 404.723
 0.71672 404.739
 0.71684 404.754
 0.71696 404.768
 0.71708 404.779
 0.7172 404.788
 0.71732 404.796
 0.71744 404.802
 0.71756 404.806
 0.71768 404.807
 0.7178 404.807
 0.71792 404.804
 0.71804 404.799
 0.71816 404.792
 0.71828 404.783
 0.7184 404.771
 0.71852 404.757
 0.71864 404.741
 0.71876 404.722
 0.71888 404.701
 0.719 404.677
 0.71912 404.65
 0.71924 404.621
 0.71936 404.59
 0.71948 404.556
 0.7196 404.519
 0.71972 404.479
 0.71984 404.437
 0.71996 404.392
 0.72008 404.344
 0.7202 404.293
 0.72032 404.24
 0.72044 404.184
 0.72056 404.125
 0.72068 404.063
 0.7208 403.998
 0.72092 403.931
 0.72104 403.86
 0.72116 403.787
 0.72128 403.71
 0.7214 403.631
 0.72152 403.548
 0.72164 403.463
 0.72176 403.374
 0.72188 403.283
 0.722 403.188
 0.72212 403.09
 0.72224 402.989
 0.72236 402.885
 0.72248 402.777
 0.7226 402.667
 0.72272 402.553
 0.72284 402.436
 0.72296 402.317
 0.72308 402.194
 0.7232 402.068
 0.72332 401.939
 0.72344 401.807
 0.72356 401.672
 0.72368 401.534
 0.7238 401.393
 0.72392 401.249
 0.72404 401.102
 0.72416 400.952
 0.72428 400.799
 0.7244 400.644
 0.72452 400.486
 0.72464 400.325
 0.72476 400.161
 0.72488 399.995
 0.725 399.825
 0.72512 399.654
 0.72524 399.479
 0.72536 399.302
 0.72548 399.123
 0.7256 398.941
 0.72572 398.756
 0.72584 398.569
 0.72596 398.38
 0.72608 398.188
 0.7262 397.994
 0.72632 397.798
 0.72644 397.599
 0.72656 397.399
 0.72668 397.196
 0.7268 396.992
 0.72692 396.785
 0.72704 396.577
 0.72716 396.366
 0.72728 396.154
 0.7274 395.94
 0.72752 395.724
 0.72764 395.506
 0.72776 395.286
 0.72788 395.065
 0.728 394.842
 0.72812 394.618
 0.72824 394.392
 0.72836 394.164
 0.72848 393.934
 0.7286 393.703
 0.72872 393.471
 0.72884 393.237
 0.72896 393.001
 0.72908 392.764
 0.7292 392.526
 0.72932 392.286
 0.72944 392.045
 0.72956 391.802
 0.72968 391.559
 0.7298 391.314
 0.72992 391.067
 0.73004 390.82
 0.73016 390.572
 0.73028 390.322
 0.7304 390.071
 0.73052 389.82
 0.73064 389.567
 0.73076 389.313
 0.73088 389.059
 0.731 388.803
 0.73112 388.547
 0.73124 388.29
 0.73136 388.032
 0.73148 387.773
 0.7316 387.514
 0.73172 387.254
 0.73184 386.993
 0.73196 386.732
 0.73208 386.47
 0.7322 386.208
 0.73232 385.945
 0.73244 385.682
 0.73256 385.418
 0.73268 385.153
 0.7328 384.889
 0.73292 384.623
 0.73304 384.358
 0.73316 384.092
 0.73328 383.826
 0.7334 383.559
 0.73352 383.293
 0.73364 383.026
 0.73376 382.758
 0.73388 382.491
 0.734 382.223
 0.73412 381.956
 0.73424 381.688
 0.73436 381.42
 0.73448 381.152
 0.7346 380.884
 0.73472 380.615
 0.73484 380.347
 0.73496 380.079
 0.73508 379.81
 0.7352 379.542
 0.73532 379.273
 0.73544 379.005
 0.73556 378.736
 0.73568 378.467
 0.7358 378.198
 0.73592 377.929
 0.73604 377.66
 0.73616 377.391
 0.73628 377.122
 0.7364 376.852
 0.73652 376.583
 0.73664 376.313
 0.73676 376.043
 0.73688 375.773
 0.737 375.503
 0.73712 375.233
 0.73724 374.963
 0.73736 374.692
 0.73748 374.421
 0.7376 374.15
 0.73772 373.879
 0.73784 373.607
 0.73796 373.335
 0.73808 373.063
 0.7382 372.791
 0.73832 372.518
 0.73844 372.245
 0.73856 371.972
 0.73868 371.698
 0.7388 371.425
 0.73892 371.151
 0.73904 370.876
 0.73916 370.601
 0.73928 370.326
 0.7394 370.051
 0.73952 369.775
 0.73964 369.499
 0.73976 369.223
 0.73988 368.946
 0.74 368.669
 0.74012 368.392
 0.74024 368.114
 0.74036 367.835
 0.74048 367.557
 0.7406 367.277
 0.74072 366.998
 0.74084 366.717
 0.74096 366.437
 0.74108 366.155
 0.7412 365.873
 0.74132 365.59
 0.74144 365.307
 0.74156 365.023
 0.74168 364.739
 0.7418 364.453
 0.74192 364.167
 0.74204 363.881
 0.74216 363.593
 0.74228 363.305
 0.7424 363.016
 0.74252 362.727
 0.74264 362.437
 0.74276 362.146
 0.74288 361.854
 0.743 361.562
 0.74312 361.269
 0.74324 360.976
 0.74336 360.681
 0.74348 360.387
 0.7436 360.091
 0.74372 359.795
 0.74384 359.499
 0.74396 359.202
 0.74408 358.905
 0.7442 358.608
 0.74432 358.31
 0.74444 358.012
 0.74456 357.714
 0.74468 357.416
 0.7448 357.118
 0.74492 356.819
 0.74504 356.521
 0.74516 356.223
 0.74528 355.925
 0.7454 355.627
 0.74552 355.33
 0.74564 355.033
 0.74576 354.737
 0.74588 354.441
 0.746 354.145
 0.74612 353.851
 0.74624 353.557
 0.74636 353.264
 0.74648 352.972
 0.7466 352.681
 0.74672 352.391
 0.74684 352.102
 0.74696 351.814
 0.74708 351.527
 0.7472 351.242
 0.74732 350.958
 0.74744 350.676
 0.74756 350.395
 0.74768 350.116
 0.7478 349.839
 0.74792 349.563
 0.74804 349.289
 0.74816 349.017
 0.74828 348.747
 0.7484 348.479
 0.74852 348.213
 0.74864 347.949
 0.74876 347.688
 0.74888 347.428
 0.749 347.171
 0.74912 346.917
 0.74924 346.664
 0.74936 346.414
 0.74948 346.167
 0.7496 345.922
 0.74972 345.68
 0.74984 345.44
 0.74996 345.203
 0.75008 344.969
 0.7502 344.737
 0.75032 344.508
 0.75044 344.282
 0.75056 344.059
 0.75068 343.839
 0.7508 343.622
 0.75092 343.408
 0.75104 343.198
 0.75116 342.99
 0.75128 342.785
 0.7514 342.584
 0.75152 342.386
 0.75164 342.191
 0.75176 341.999
 0.75188 341.811
 0.752 341.626
 0.75212 341.445
 0.75224 341.267
 0.75236 341.092
 0.75248 340.921
 0.7526 340.754
 0.75272 340.59
 0.75284 340.429
 0.75296 340.272
 0.75308 340.118
 0.7532 339.968
 0.75332 339.822
 0.75344 339.679
 0.75356 339.539
 0.75368 339.403
 0.7538 339.271
 0.75392 339.142
 0.75404 339.016
 0.75416 338.895
 0.75428 338.776
 0.7544 338.661
 0.75452 338.55
 0.75464 338.442
 0.75476 338.337
 0.75488 338.236
 0.755 338.139
 0.75512 338.045
 0.75524 337.954
 0.75536 337.867
 0.75548 337.783
 0.7556 337.703
 0.75572 337.626
 0.75584 337.553
 0.75596 337.482
 0.75608 337.415
 0.7562 337.352
 0.75632 337.291
 0.75644 337.233
 0.75656 337.179
 0.75668 337.128
 0.7568 337.08
 0.75692 337.034
 0.75704 336.992
 0.75716 336.953
 0.75728 336.916
 0.7574 336.883
 0.75752 336.852
 0.75764 336.825
 0.75776 336.8
 0.75788 336.778
 0.758 336.759
 0.75812 336.742
 0.75824 336.729
 0.75836 336.718
 0.75848 336.71
 0.7586 336.705
 0.75872 336.702
 0.75884 336.703
 0.75896 336.706
 0.75908 336.711
 0.7592 336.72
 0.75932 336.731
 0.75944 336.745
 0.75956 336.762
 0.75968 336.781
 0.7598 336.803
 0.75992 336.828
 0.76004 336.855
 0.76016 336.884
 0.76028 336.917
 0.7604 336.952
 0.76052 336.989
 0.76064 337.029
 0.76076 337.071
 0.76088 337.116
 0.761 337.164
 0.76112 337.213
 0.76124 337.266
 0.76136 337.32
 0.76148 337.377
 0.7616 337.437
 0.76172 337.499
 0.76184 337.563
 0.76196 337.629
 0.76208 337.698
 0.7622 337.769
 0.76232 337.843
 0.76244 337.919
 0.76256 337.997
 0.76268 338.078
 0.7628 338.161
 0.76292 338.246
 0.76304 338.334
 0.76316 338.424
 0.76328 338.516
 0.7634 338.611
 0.76352 338.708
 0.76364 338.807
 0.76376 338.909
 0.76388 339.013
 0.764 339.119
 0.76412 339.227
 0.76424 339.338
 0.76436 339.451
 0.76448 339.567
 0.7646 339.684
 0.76472 339.804
 0.76484 339.927
 0.76496 340.051
 0.76508 340.178
 0.7652 340.308
 0.76532 340.44
 0.76544 340.574
 0.76556 340.71
 0.76568 340.849
 0.7658 340.991
 0.76592 341.135
 0.76604 341.281
 0.76616 341.43
 0.76628 341.582
 0.7664 341.736
 0.76652 341.893
 0.76664 342.053
 0.76676 342.215
 0.76688 342.38
 0.767 342.548
 0.76712 342.718
 0.76724 342.892
 0.76736 343.068
 0.76748 343.247
 0.7676 343.429
 0.76772 343.614
 0.76784 343.802
 0.76796 343.994
 0.76808 344.188
 0.7682 344.385
 0.76832 344.586
 0.76844 344.789
 0.76856 344.996
 0.76868 345.206
 0.7688 345.419
 0.76892 345.635
 0.76904 345.855
 0.76916 346.078
 0.76928 346.304
 0.7694 346.534
 0.76952 346.766
 0.76964 347.002
 0.76976 347.242
 0.76988 347.484
 0.77 347.731
 0.77012 347.98
 0.77024 348.233
 0.77036 348.489
 0.77048 348.749
 0.7706 349.012
 0.77072 349.279
 0.77084 349.549
 0.77096 349.823
 0.77108 350.1
 0.7712 350.381
 0.77132 350.666
 0.77144 350.954
 0.77156 351.246
 0.77168 351.542
 0.7718 351.841
 0.77192 352.144
 0.77204 352.45
 0.77216 352.761
 0.77228 353.075
 0.7724 353.392
 0.77252 353.714
 0.77264 354.039
 0.77276 354.367
 0.77288 354.7
 0.773 355.036
 0.77312 355.375
 0.77324 355.718
 0.77336 356.065
 0.77348 356.415
 0.7736 356.769
 0.77372 357.126
 0.77384 357.486
 0.77396 357.85
 0.77408 358.217
 0.7742 358.587
 0.77432 358.961
 0.77444 359.337
 0.77456 359.717
 0.77468 360.1
 0.7748 360.485
 0.77492 360.874
 0.77504 361.265
 0.77516 361.659
 0.77528 362.056
 0.7754 362.456
 0.77552 362.858
 0.77564 363.262
 0.77576 363.669
 0.77588 364.078
 0.776 364.49
 0.77612 364.904
 0.77624 365.319
 0.77636 365.737
 0.77648 366.157
 0.7766 366.579
 0.77672 367.002
 0.77684 367.427
 0.77696 367.854
 0.77708 368.283
 0.7772 368.713
 0.77732 369.144
 0.77744 369.577
 0.77756 370.011
 0.77768 370.446
 0.7778 370.883
 0.77792 371.32
 0.77804 371.759
 0.77816 372.198
 0.77828 372.638
 0.7784 373.08
 0.77852 373.521
 0.77864 373.964
 0.77876 374.407
 0.77888 374.851
 0.779 375.295
 0.77912 375.74
 0.77924 376.185
 0.77936 376.63
 0.77948 377.076
 0.7796 377.522
 0.77972 377.968
 0.77984 378.414
 0.77996 378.86
 0.78008 379.306
 0.7802 379.752
 0.78032 380.198
 0.78044 380.644
 0.78056 381.09
 0.78068 381.535
 0.7808 381.98
 0.78092 382.425
 0.78104 382.869
 0.78116 383.312
 0.78128 383.755
 0.7814 384.198
 0.78152 384.64
 0.78164 385.081
 0.78176 385.521
 0.78188 385.961
 0.782 386.4
 0.78212 386.838
 0.78224 387.275
 0.78236 387.711
 0.78248 388.147
 0.7826 388.581
 0.78272 389.015
 0.78284 389.447
 0.78296 389.879
 0.78308 390.309
 0.7832 390.738
 0.78332 391.167
 0.78344 391.594
 0.78356 392.02
 0.78368 392.445
 0.7838 392.869
 0.78392 393.291
 0.78404 393.712
 0.78416 394.132
 0.78428 394.55
 0.7844 394.967
 0.78452 395.382
 0.78464 395.796
 0.78476 396.209
 0.78488 396.62
 0.785 397.029
 0.78512 397.437
 0.78524 397.843
 0.78536 398.247
 0.78548 398.65
 0.7856 399.051
 0.78572 399.45
 0.78584 399.848
 0.78596 400.244
 0.78608 400.639
 0.7862 401.032
 0.78632 401.423
 0.78644 401.812
 0.78656 402.2
 0.78668 402.587
 0.7868 402.971
 0.78692 403.354
 0.78704 403.736
 0.78716 404.115
 0.78728 404.494
 0.7874 404.87
 0.78752 405.245
 0.78764 405.618
 0.78776 405.99
 0.78788 406.36
 0.788 406.728
 0.78812 407.095
 0.78824 407.46
 0.78836 407.823
 0.78848 408.185
 0.7886 408.545
 0.78872 408.903
 0.78884 409.259
 0.78896 409.614
 0.78908 409.967
 0.7892 410.318
 0.78932 410.667
 0.78944 411.015
 0.78956 411.36
 0.78968 411.704
 0.7898 412.047
 0.78992 412.387
 0.79004 412.726
 0.79016 413.062
 0.79028 413.397
 0.7904 413.731
 0.79052 414.062
 0.79064 414.391
 0.79076 414.719
 0.79088 415.045
 0.791 415.369
 0.79112 415.691
 0.79124 416.011
 0.79136 416.33
 0.79148 416.646
 0.7916 416.961
 0.79172 417.274
 0.79184 417.585
 0.79196 417.894
 0.79208 418.201
 0.7922 418.506
 0.79232 418.809
 0.79244 419.11
 0.79256 419.409
 0.79268 419.707
 0.7928 420.002
 0.79292 420.295
 0.79304 420.587
 0.79316 420.876
 0.79328 421.163
 0.7934 421.448
 0.79352 421.731
 0.79364 422.012
 0.79376 422.291
 0.79388 422.568
 0.794 422.843
 0.79412 423.115
 0.79424 423.386
 0.79436 423.654
 0.79448 423.92
 0.7946 424.184
 0.79472 424.445
 0.79484 424.705
 0.79496 424.962
 0.79508 425.217
 0.7952 425.47
 0.79532 425.72
 0.79544 425.968
 0.79556 426.213
 0.79568 426.456
 0.7958 426.697
 0.79592 426.935
 0.79604 427.17
 0.79616 427.403
 0.79628 427.633
 0.7964 427.86
 0.79652 428.084
 0.79664 428.305
 0.79676 428.524
 0.79688 428.739
 0.797 428.951
 0.79712 429.16
 0.79724 429.366
 0.79736 429.569
 0.79748 429.768
 0.7976 429.964
 0.79772 430.157
 0.79784 430.346
 0.79796 430.531
 0.79808 430.713
 0.7982 430.891
 0.79832 431.065
 0.79844 431.236
 0.79856 431.403
 0.79868 431.565
 0.7988 431.725
 0.79892 431.88
 0.79904 432.031
 0.79916 432.178
 0.79928 432.321
 0.7994 432.46
 0.79952 432.595
 0.79964 432.726
 0.79976 432.853
 0.79988 432.975
