 0.2 3399.85
 0.20012 3385.07
 0.20024 3369.72
 0.20036 3354.07
 0.20048 3338.57
 0.2006 3323.96
 0.20072 3311.15
 0.20084 3300.98
 0.20096 3294.02
 0.20108 3290.83
 0.2012 3291.77
 0.20132 3296.81
 0.20144 3305.82
 0.20156 3318.78
 0.20168 3335.57
 0.2018 3356.35
 0.20192 3381.53
 0.20204 3411.94
 0.20216 3448.29
 0.20228 3490.57
 0.2024 3538.29
 0.20252 3590.41
 0.20264 3645.08
 0.20276 3700.11
 0.20288 3753.47
 0.203 3803.56
 0.20312 3849.18
 0.20324 3889.68
 0.20336 3925.17
 0.20348 3955.6
 0.2036 3980.68
 0.20372 4000.2
 0.20384 4013.87
 0.20396 4021.39
 0.20408 4022.11
 0.2042 4015.36
 0.20432 4000.97
 0.20444 3979.22
 0.20456 3951.41
 0.20468 3919.7
 0.2048 3886.49
 0.20492 3853.63
 0.20504 3822.2
 0.20516 3792.59
 0.20528 3764.71
 0.2054 3738.27
 0.20552 3713.57
 0.20564 3691.04
 0.20576 3670.78
 0.20588 3652.56
 0.206 3635.92
 0.20612 3620.67
 0.20624 3606.73
 0.20636 3593.84
 0.20648 3581.31
 0.2066 3567.82
 0.20672 3551.7
 0.20684 3531.47
 0.20696 3506.29
 0.20708 3476.09
 0.2072 3441.4
 0.20732 3403.01
 0.20744 3361.5
 0.20756 3316.98
 0.20768 3269.8
 0.2078 3220.81
 0.20792 3171.17
 0.20804 3122.41
 0.20816 3075.82
 0.20828 3032.48
 0.2084 2993.46
 0.20852 2959.72
 0.20864 2932.31
 0.20876 2912.14
 0.20888 2900.05
 0.209 2896.67
 0.20912 2902.2
 0.20924 2916.4
 0.20936 2938.52
 0.20948 2967.97
 0.2096 3004.18
 0.20972 3046.04
 0.20984 3092.26
 0.20996 3141.29
 0.21008 3191.44
 0.2102 3241.13
 0.21032 3288.99
 0.21044 3333.47
 0.21056 3373.38
 0.21068 3407.66
 0.2108 3435.32
 0.21092 3455.22
 0.21104 3466.07
 0.21116 3466.79
 0.21128 3457.17
 0.2114 3437.67
 0.21152 3408.74
 0.21164 3371.34
 0.21176 3326.68
 0.21188 3275.86
 0.212 3220.03
 0.21212 3160.46
 0.21224 3098.37
 0.21236 3035.31
 0.21248 2973.15
 0.2126 2913.33
 0.21272 2857.29
 0.21284 2806.5
 0.21296 2762.77
 0.21308 2727.98
 0.2132 2703.4
 0.21332 2689.25
 0.21344 2685.42
 0.21356 2691.58
 0.21368 2706.99
 0.2138 2731.25
 0.21392 2764.01
 0.21404 2804.99
 0.21416 2853.69
 0.21428 2909.46
 0.2144 2970.92
 0.21452 3036.88
 0.21464 3106.5
 0.21476 3178.85
 0.21488 3252.79
 0.215 3326.94
 0.21512 3400.02
 0.21524 3471.44
 0.21536 3540.99
 0.21548 3608.26
 0.2156 3672.92
 0.21572 3734.82
 0.21584 3793.61
 0.21596 3848.91
 0.21608 3900.12
 0.2162 3946.72
 0.21632 3988.54
 0.21644 4025.76
 0.21656 4058.01
 0.21668 4084.47
 0.2168 4104.33
 0.21692 4117.02
 0.21704 4122.01
 0.21716 4118.88
 0.21728 4107.17
 0.2174 4086.6
 0.21752 4057.55
 0.21764 4020.16
 0.21776 3974.17
 0.21788 3919.05
 0.218 3854.54
 0.21812 3780.78
 0.21824 3698.09
 0.21836 3606.6
 0.21848 3506.5
 0.2186 3398.57
 0.21872 3284.34
 0.21884 3165.19
 0.21896 3042.47
 0.21908 2917.5
 0.2192 2791.32
 0.21932 2664.95
 0.21944 2539.23
 0.21956 2414.73
 0.21968 2292.44
 0.2198 2174.16
 0.21992 2062.1
 0.22004 1958.3
 0.22016 1864.48
 0.22028 1782.03
 0.2204 1712.34
 0.22052 1656.62
 0.22064 1615.69
 0.22076 1589.85
 0.22088 1579.56
 0.221 1585.19
 0.22112 1607.1
 0.22124 1645.65
 0.22136 1700.79
 0.22148 1772.37
 0.2216 1859.95
 0.22172 1962.69
 0.22184 2078.7
 0.22196 2205.42
 0.22208 2340.07
 0.2222 2480.01
 0.22232 2622.82
 0.22244 2766.14
 0.22256 2907.55
 0.22268 3044.69
 0.2228 3175.51
 0.22292 3297.91
 0.22304 3409.71
 0.22316 3508.56
 0.22328 3592.49
 0.2234 3659.85
 0.22352 3709.4
 0.22364 3740.3
 0.22376 3752.04
 0.22388 3745.21
 0.224 3721.16
 0.22412 3681.36
 0.22424 3627.43
 0.22436 3560.99
 0.22448 3483.78
 0.2246 3397.83
 0.22472 3304.97
 0.22484 3206.82
 0.22496 3105.1
 0.22508 3002.19
 0.2252 2900.65
 0.22532 2802.76
 0.22544 2710.72
 0.22556 2626.22
 0.22568 2550.76
 0.2258 2485.54
 0.22592 2431.22
 0.22604 2388.07
 0.22616 2356.39
 0.22628 2335.95
 0.2264 2326.12
 0.22652 2326.01
 0.22664 2334.64
 0.22676 2351.47
 0.22688 2376.07
 0.227 2407.57
 0.22712 2444.42
 0.22724 2484.99
 0.22736 2527.44
 0.22748 2570.1
 0.2276 2611.76
 0.22772 2651.35
 0.22784 2687.88
 0.22796 2720.43
 0.22808 2748.17
 0.2282 2770.44
 0.22832 2787.44
 0.22844 2800.11
 0.22856 2809.72
 0.22868 2817.26
 0.2288 2823.27
 0.22892 2828.33
 0.22904 2833.5
 0.22916 2840.18
 0.22928 2850.05
 0.2294 2865.08
 0.22952 2886.48
 0.22964 2914.72
 0.22976 2950.07
 0.22988 2992.85
 0.23 3043.25
 0.23012 3101.54
 0.23024 3167.71
 0.23036 3240.98
 0.23048 3319.28
 0.2306 3400.31
 0.23072 3482.23
 0.23084 3563.49
 0.23096 3642.51
 0.23108 3717.43
 0.2312 3786.18
 0.23132 3846.17
 0.23144 3895.12
 0.23156 3932.02
 0.23168 3956.79
 0.2318 3969.22
 0.23192 3969.23
 0.23204 3956.9
 0.23216 3931.98
 0.23228 3894.08
 0.2324 3843.76
 0.23252 3782.87
 0.23264 3713.22
 0.23276 3636.39
 0.23288 3553.72
 0.233 3466.53
 0.23312 3376.25
 0.23324 3284.64
 0.23336 3193.79
 0.23348 3105.24
 0.2336 3019.75
 0.23372 2937.92
 0.23384 2860.7
 0.23396 2788.79
 0.23408 2722.91
 0.2342 2664.4
 0.23432 2614.86
 0.23444 2575.01
 0.23456 2544.99
 0.23468 2524.91
 0.2348 2514.68
 0.23492 2514.29
 0.23504 2523.65
 0.23516 2542.59
 0.23528 2570.68
 0.2354 2607.52
 0.23552 2652.91
 0.23564 2706.35
 0.23576 2766.63
 0.23588 2832.16
 0.236 2901.6
 0.23612 2973.42
 0.23624 3045.75
 0.23636 3116.66
 0.23648 3184.8
 0.2366 3248.83
 0.23672 3307.84
 0.23684 3361.46
 0.23696 3409.72
 0.23708 3452.92
 0.2372 3491.43
 0.23732 3525.84
 0.23744 3556.36
 0.23756 3583.28
 0.23768 3607.63
 0.2378 3631.48
 0.23792 3656.79
 0.23804 3685.32
 0.23816 3718.88
 0.23828 3759.15
 0.2384 3807.58
 0.23852 3865.42
 0.23864 3934.27
 0.23876 4015.1
 0.23888 4107.8
 0.239 4211.5
 0.23912 4324.86
 0.23924 4446.23
 0.23936 4573.33
 0.23948 4704.17
 0.2396 4836.69
 0.23972 4968.25
 0.23984 5095.84
 0.23996 5217.04
 0.24008 5329.47
 0.2402 5430.75
 0.24032 5518.67
 0.24044 5591.16
 0.24056 5645.48
 0.24068 5678.42
 0.2408 5687.73
 0.24092 5672.27
 0.24104 5631.8
 0.24116 5566.41
 0.24128 5476.84
 0.2414 5364.94
 0.24152 5232.57
 0.24164 5081.75
 0.24176 4914.61
 0.24188 4733.12
 0.242 4538.85
 0.24212 4333.88
 0.24224 4120.45
 0.24236 3901.02
 0.24248 3678.49
 0.2426 3456.87
 0.24272 3240.19
 0.24284 3031.7
 0.24296 2834.13
 0.24308 2649.72
 0.2432 2480.84
 0.24332 2329.3
 0.24344 2196.27
 0.24356 2082.82
 0.24368 1989.87
 0.2438 1918.39
 0.24392 1869.51
 0.24404 1843.89
 0.24416 1841.22
 0.24428 1860.88
 0.2444 1901.84
 0.24452 1962.29
 0.24464 2039.89
 0.24476 2132.69
 0.24488 2238.82
 0.245 2356.32
 0.24512 2483.26
 0.24524 2617.26
 0.24536 2755.85
 0.24548 2896.37
 0.2456 3036
 0.24572 3171.83
 0.24584 3300.8
 0.24596 3419.99
 0.24608 3527.72
 0.2462 3623.09
 0.24632 3705.34
 0.24644 3774.03
 0.24656 3829.28
 0.24668 3871.18
 0.2468 3899.27
 0.24692 3913.34
 0.24704 3913.41
 0.24716 3899.61
 0.24728 3872.6
 0.2474 3833.53
 0.24752 3784.18
 0.24764 3726.55
 0.24776 3663.13
 0.24788 3596.47
 0.248 3528.52
 0.24812 3460.37
 0.24824 3392.9
 0.24836 3327.23
 0.24848 3264.19
 0.2486 3204.16
 0.24872 3147.74
 0.24884 3096.13
 0.24896 3050.42
 0.24908 3011.79
 0.2492 2981.45
 0.24932 2960.27
 0.24944 2948.58
 0.24956 2946.57
 0.24968 2954.27
 0.2498 2971.03
 0.24992 2996.53
 0.25004 3030.88
 0.25016 3074.05
 0.25028 3125.78
 0.2504 3185.48
 0.25052 3252.98
 0.25064 3328.48
 0.25076 3412.08
 0.25088 3503.47
 0.251 3601.84
 0.25112 3705.75
 0.25124 3813.28
 0.25136 3922.77
 0.25148 4032.5
 0.2516 4140.52
 0.25172 4245.15
 0.25184 4345.23
 0.25196 4438.98
 0.25208 4524.82
 0.2522 4601.5
 0.25232 4668.25
 0.25244 4724.37
 0.25256 4769
 0.25268 4801.04
 0.2528 4819.28
 0.25292 4822.85
 0.25304 4811.67
 0.25316 4786.73
 0.25328 4749.42
 0.2534 4701.07
 0.25352 4643.29
 0.25364 4577.55
 0.25376 4505
 0.25388 4426.68
 0.254 4344.3
 0.25412 4259.39
 0.25424 4173.33
 0.25436 4087.26
 0.25448 4002.22
 0.2546 3918.8
 0.25472 3837.66
 0.25484 3759.55
 0.25496 3685.11
 0.25508 3614.42
 0.2552 3546.89
 0.25532 3481.99
 0.25544 3418.99
 0.25556 3357.38
 0.25568 3297.15
 0.2558 3238.38
 0.25592 3180.89
 0.25604 3124.1
 0.25616 3067.36
 0.25628 3010.03
 0.2564 2951.65
 0.25652 2892.15
 0.25664 2832.06
 0.25676 2771.92
 0.25688 2712.35
 0.257 2653.9
 0.25712 2597.3
 0.25724 2543.38
 0.25736 2493
 0.25748 2447.36
 0.2576 2407.09
 0.25772 2372.57
 0.25784 2344.41
 0.25796 2323.4
 0.25808 2310.29
 0.2582 2305.87
 0.25832 2310.47
 0.25844 2323.99
 0.25856 2345.93
 0.25868 2375.85
 0.2588 2413.18
 0.25892 2457.15
 0.25904 2507
 0.25916 2561.97
 0.25928 2621.1
 0.2594 2682.94
 0.25952 2745.82
 0.25964 2808.35
 0.25976 2869.06
 0.25988 2926.35
 0.26 2978.6
 0.26012 3024.5
 0.26024 3063.19
 0.26036 3094.79
 0.26048 3119.95
 0.2606 3139.32
 0.26072 3153.08
 0.26084 3161.45
 0.26096 3164.88
 0.26108 3163.78
 0.2612 3158.65
 0.26132 3150.5
 0.26144 3140.97
 0.26156 3131.74
 0.26168 3124.6
 0.2618 3121.3
 0.26192 3123.29
 0.26204 3131.93
 0.26216 3147.98
 0.26228 3171.58
 0.2624 3202.03
 0.26252 3238.16
 0.26264 3278.96
 0.26276 3324.08
 0.26288 3373.15
 0.263 3425.74
 0.26312 3481.63
 0.26324 3540.66
 0.26336 3602.06
 0.26348 3664.57
 0.2636 3726.75
 0.26372 3787.12
 0.26384 3844.68
 0.26396 3898.9
 0.26408 3949.67
 0.2642 3997.4
 0.26432 4042.56
 0.26444 4086.26
 0.26456 4129.74
 0.26468 4173.81
 0.2648 4218.72
 0.26492 4264.8
 0.26504 4312.28
 0.26516 4360.42
 0.26528 4408.09
 0.2654 4454.69
 0.26552 4500.1
 0.26564 4544.09
 0.26576 4586.2
 0.26588 4625.55
 0.266 4660.89
 0.26612 4690.53
 0.26624 4712.85
 0.26636 4726.3
 0.26648 4729.2
 0.2666 4720.15
 0.26672 4698.38
 0.26684 4663.29
 0.26696 4614.14
 0.26708 4550.54
 0.2672 4473.65
 0.26732 4384.94
 0.26744 4285.74
 0.26756 4177.26
 0.26768 4061.23
 0.2678 3939.66
 0.26792 3814.55
 0.26804 3687.88
 0.26816 3561.73
 0.26828 3438.07
 0.2684 3318.97
 0.26852 3206.13
 0.26864 3100.96
 0.26876 3004.6
 0.26888 2918.34
 0.269 2843.5
 0.26912 2781
 0.26924 2730.78
 0.26936 2692.6
 0.26948 2666.11
 0.2696 2650.76
 0.26972 2645.41
 0.26984 2648.77
 0.26996 2659.96
 0.27008 2678.68
 0.2702 2704.55
 0.27032 2736.8
 0.27044 2774.76
 0.27056 2818.08
 0.27068 2866.43
 0.2708 2919.26
 0.27092 2976.22
 0.27104 3037.04
 0.27116 3101.6
 0.27128 3169.95
 0.2714 3241.96
 0.27152 3317.52
 0.27164 3396.58
 0.27176 3479.35
 0.27188 3565.92
 0.272 3655.6
 0.27212 3746.83
 0.27224 3838.21
 0.27236 3928.79
 0.27248 4017.49
 0.2726 4103.08
 0.27272 4184.38
 0.27284 4260.11
 0.27296 4328.48
 0.27308 4387.63
 0.2732 4435.82
 0.27332 4471.79
 0.27344 4494.64
 0.27356 4503.58
 0.27368 4498.23
 0.2738 4478.23
 0.27392 4443.47
 0.27404 4394.7
 0.27416 4333.47
 0.27428 4261.06
 0.2744 4178.59
 0.27452 4087.34
 0.27464 3988.86
 0.27476 3885.04
 0.27488 3778.27
 0.275 3671.03
 0.27512 3565.68
 0.27524 3464.32
 0.27536 3368.43
 0.27548 3279.3
 0.2756 3198.09
 0.27572 3125.61
 0.27584 3062.82
 0.27596 3010.68
 0.27608 2969.67
 0.2762 2940.2
 0.27632 2922.84
 0.27644 2917.75
 0.27656 2924.64
 0.27668 2942.61
 0.2768 2970.36
 0.27692 3006.43
 0.27704 3049.65
 0.27716 3098.96
 0.27728 3153.6
 0.2774 3213.14
 0.27752 3277.18
 0.27764 3345.29
 0.27776 3416.83
 0.27788 3490.86
 0.278 3566.19
 0.27812 3641.38
 0.27824 3714.45
 0.27836 3783.89
 0.27848 3848.89
 0.2786 3909.3
 0.27872 3965.51
 0.27884 4017.71
 0.27896 4066
 0.27908 4110.42
 0.2792 4151.01
 0.27932 4187.41
 0.27944 4219.17
 0.27956 4245.57
 0.27968 4266.24
 0.2798 4281.08
 0.27992 4290.25
 0.28004 4294.3
 0.28016 4294.39
 0.28028 4292.11
 0.2804 4288.22
 0.28052 4282.89
 0.28064 4275.61
 0.28076 4265.76
 0.28088 4253.36
 0.281 4238.37
 0.28112 4220.67
 0.28124 4200.17
 0.28136 4177.15
 0.28148 4152.1
 0.2816 4125.8
 0.28172 4098.79
 0.28184 4071.33
 0.28196 4043.45
 0.28208 4014.62
 0.2822 3983.84
 0.28232 3950.08
 0.28244 3913.16
 0.28256 3873.36
 0.28268 3831.77
 0.2828 3789.12
 0.28292 3745.83
 0.28304 3702.13
 0.28316 3658.32
 0.28328 3614.7
 0.2834 3571.56
 0.28352 3528.8
 0.28364 3486.17
 0.28376 3443.66
 0.28388 3401.52
 0.284 3360.46
 0.28412 3321.78
 0.28424 3286.96
 0.28436 3257.27
 0.28448 3233.41
 0.2846 3215.5
 0.28472 3203.29
 0.28484 3196.67
 0.28496 3195.4
 0.28508 3199.58
 0.2852 3209.03
 0.28532 3223.31
 0.28544 3241.9
 0.28556 3264.57
 0.28568 3291.16
 0.2858 3321.39
 0.28592 3354.74
 0.28604 3389.94
 0.28616 3425.17
 0.28628 3458.66
 0.2864 3488.81
 0.28652 3514.33
 0.28664 3534.42
 0.28676 3548.26
 0.28688 3555.6
 0.287 3556.51
 0.28712 3551.17
 0.28724 3540.12
 0.28736 3524.17
 0.28748 3504.12
 0.2876 3480.61
 0.28772 3453.92
 0.28784 3424.25
 0.28796 3392.07
 0.28808 3358.8
 0.2882 3326.12
 0.28832 3295.41
 0.28844 3268.07
 0.28856 3245.29
 0.28868 3227.89
 0.2888 3216.39
 0.28892 3210.54
 0.28904 3209.68
 0.28916 3212.72
 0.28928 3218.73
 0.2894 3226.82
 0.28952 3236.12
 0.28964 3246.22
 0.28976 3257.24
 0.28988 3269.49
 0.29 3282.92
 0.29012 3296.96
 0.29024 3311.17
 0.29036 3325.52
 0.29048 3339.54
 0.2906 3352.59
 0.29072 3364.62
 0.29084 3375.83
 0.29096 3386.85
 0.29108 3398.87
 0.2912 3413.08
 0.29132 3429.96
 0.29144 3449.7
 0.29156 3472.13
 0.29168 3496.52
 0.2918 3521.72
 0.29192 3546.55
 0.29204 3569.95
 0.29216 3591.06
 0.29228 3608.68
 0.2924 3621.61
 0.29252 3629.6
 0.29264 3632.75
 0.29276 3630.95
 0.29288 3624.23
 0.293 3612.38
 0.29312 3594.8
 0.29324 3571.33
 0.29336 3542.44
 0.29348 3509.08
 0.2936 3472.69
 0.29372 3435.26
 0.29384 3398.94
 0.29396 3365.88
 0.29408 3338.05
 0.2942 3317.12
 0.29432 3304.96
 0.29444 3302.87
 0.29456 3311.25
 0.29468 3330.02
 0.2948 3358.91
 0.29492 3397.2
 0.29504 3444.26
 0.29516 3499.61
 0.29528 3562.51
 0.2954 3631.86
 0.29552 3706.26
 0.29564 3783.75
 0.29576 3861.76
 0.29588 3937.63
 0.296 4008.83
 0.29612 4073.13
 0.29624 4128.68
 0.29636 4173.78
 0.29648 4207.34
 0.2966 4228.68
 0.29672 4237.55
 0.29684 4233.83
 0.29696 4218.04
 0.29708 4190.62
 0.2972 4151.78
 0.29732 4101.75
 0.29744 4040.82
 0.29756 3969.45
 0.29768 3888.77
 0.2978 3800.56
 0.29792 3706.32
 0.29804 3607.32
 0.29816 3504.56
 0.29828 3398.87
 0.2984 3290.79
 0.29852 3180.71
 0.29864 3069.07
 0.29876 2956.3
 0.29888 2842.71
 0.299 2728.24
 0.29912 2613.16
 0.29924 2497.94
 0.29936 2383.19
 0.29948 2269.59
 0.2996 2157.45
 0.29972 2046.61
 0.29984 1936.88
 0.29996 1828.59
 0.30008 1722.44
 0.3002 1619.26
 0.30032 1520
 0.30044 1425.72
 0.30056 1337.32
 0.30068 1255.65
 0.3008 1181.51
 0.30092 1115.99
 0.30104 1060.36
 0.30116 1015.74
 0.30128 983.167
 0.3014 963.535
 0.30152 957.948
 0.30164 967.697
 0.30176 993.983
 0.30188 1037.53
 0.302 1098.55
 0.30212 1177
 0.30224 1272.71
 0.30236 1385.24
 0.30248 1514.07
 0.3026 1658.66
 0.30272 1818.14
 0.30284 1991.1
 0.30296 2175.27
 0.30308 2367.81
 0.3032 2565.81
 0.30332 2766.34
 0.30344 2966.31
 0.30356 3162.41
 0.30368 3351.59
 0.3038 3531.15
 0.30392 3698.63
 0.30404 3851.78
 0.30416 3988.43
 0.30428 4106.63
 0.3044 4204.91
 0.30452 4281.97
 0.30464 4336.71
 0.30476 4368.61
 0.30488 4378.13
 0.305 4366.91
 0.30512 4337.01
 0.30524 4290.62
 0.30536 4230.07
 0.30548 4157.84
 0.3056 4076.52
 0.30572 3988.64
 0.30584 3896.79
 0.30596 3803.84
 0.30608 3712.53
 0.3062 3625.54
 0.30632 3545.31
 0.30644 3473.78
 0.30656 3412.66
 0.30668 3363.66
 0.3068 3328.38
 0.30692 3307.66
 0.30704 3301.9
 0.30716 3311.29
 0.30728 3335.63
 0.3074 3374.59
 0.30752 3427.9
 0.30764 3494.63
 0.30776 3573.02
 0.30788 3660.81
 0.308 3755.64
 0.30812 3855.42
 0.30824 3958.09
 0.30836 4061.59
 0.30848 4164.19
 0.3086 4264.19
 0.30872 4359.3
 0.30884 4446.97
 0.30896 4524.76
 0.30908 4590.33
 0.3092 4641.82
 0.30932 4677.97
 0.30944 4697.45
 0.30956 4699.09
 0.30968 4683.28
 0.3098 4651.4
 0.30992 4605.31
 0.31004 4546.5
 0.31016 4476.16
 0.31028 4395.54
 0.3104 4306.18
 0.31052 4209.59
 0.31064 4107.6
 0.31076 4002.6
 0.31088 3897.31
 0.311 3794.53
 0.31112 3696.77
 0.31124 3606.14
 0.31136 3524.42
 0.31148 3453.51
 0.3116 3394.57
 0.31172 3347.39
 0.31184 3311.03
 0.31196 3284.53
 0.31208 3267.4
 0.3122 3259.38
 0.31232 3260.21
 0.31244 3269.34
 0.31256 3286.08
 0.31268 3309.53
 0.3128 3338.51
 0.31292 3371.54
 0.31304 3407.18
 0.31316 3444.17
 0.31328 3481.38
 0.3134 3517.65
 0.31352 3551.76
 0.31364 3583.86
 0.31376 3614.78
 0.31388 3645.66
 0.314 3677.36
 0.31412 3710.52
 0.31424 3745.46
 0.31436 3782.26
 0.31448 3821.06
 0.3146 3862.09
 0.31472 3905.78
 0.31484 3952.79
 0.31496 4003.75
 0.31508 4059.1
 0.3152 4119.07
 0.31532 4183.86
 0.31544 4253.95
 0.31556 4329.35
 0.31568 4408.19
 0.3158 4488.33
 0.31592 4567.55
 0.31604 4643.79
 0.31616 4714.84
 0.31628 4779.03
 0.3164 4835.06
 0.31652 4881.96
 0.31664 4918.55
 0.31676 4943.41
 0.31688 4955.52
 0.317 4954.13
 0.31712 4938.98
 0.31724 4910.07
 0.31736 4867.45
 0.31748 4811.02
 0.3176 4741.98
 0.31772 4663.3
 0.31784 4578.11
 0.31796 4489.68
 0.31808 4401.46
 0.3182 4317.38
 0.31832 4240.97
 0.31844 4175.25
 0.31856 4122.61
 0.31868 4085.34
 0.3188 4065.21
 0.31892 4063.09
 0.31904 4079.43
 0.31916 4114.11
 0.31928 4166.57
 0.3194 4236.02
 0.31952 4321.53
 0.31964 4420.81
 0.31976 4530.69
 0.31988 4647.86
 0.32 4768.93
 0.32012 4890.05
 0.32024 5006.5
 0.32036 5113.39
 0.32048 5206.52
 0.3206 5282.53
 0.32072 5338.86
 0.32084 5374.23
 0.32096 5387.85
 0.32108 5379.37
 0.3212 5349.05
 0.32132 5297.65
 0.32144 5226.22
 0.32156 5136.01
 0.32168 5028.93
 0.3218 4907.01
 0.32192 4772.3
 0.32204 4626.64
 0.32216 4472.71
 0.32228 4314.31
 0.3224 4155.61
 0.32252 4000.39
 0.32264 3851.68
 0.32276 3711.57
 0.32288 3581.16
 0.323 3461.65
 0.32312 3354.01
 0.32324 3258.93
 0.32336 3176.87
 0.32348 3108.27
 0.3236 3053.39
 0.32372 3012.3
 0.32384 2984.97
 0.32396 2971.71
 0.32408 2973.04
 0.3242 2988.44
 0.32432 3016.5
 0.32444 3055.58
 0.32456 3103.88
 0.32468 3159.7
 0.3248 3222.03
 0.32492 3290.09
 0.32504 3362.83
 0.32516 3439.07
 0.32528 3517.49
 0.3254 3596.47
 0.32552 3674.09
 0.32564 3748.66
 0.32576 3818.68
 0.32588 3882.73
 0.326 3938.62
 0.32612 3984.3
 0.32624 4018.47
 0.32636 4040.3
 0.32648 4049.15
 0.3266 4045.03
 0.32672 4028.23
 0.32684 3998.79
 0.32696 3957.06
 0.32708 3903.7
 0.3272 3839.4
 0.32732 3765.27
 0.32744 3683.11
 0.32756 3595.05
 0.32768 3503.01
 0.3278 3408.67
 0.32792 3314.15
 0.32804 3222.35
 0.32816 3135.93
 0.32828 3057.31
 0.3284 2988.8
 0.32852 2932.44
 0.32864 2889.63
 0.32876 2861.4
 0.32888 2848.62
 0.329 2851.42
 0.32912 2869.71
 0.32924 2903.47
 0.32936 2952.23
 0.32948 3014.68
 0.3296 3089.52
 0.32972 3175.77
 0.32984 3272.42
 0.32996 3377.82
 0.33008 3490.08
 0.3302 3607.33
 0.33032 3727.28
 0.33044 3847.48
 0.33056 3965.6
 0.33068 4079.67
 0.3308 4188.15
 0.33092 4289.92
 0.33104 4384.65
 0.33116 4472.27
 0.33128 4552.86
 0.3314 4627.06
 0.33152 4696.11
 0.33164 4760.54
 0.33176 4820.48
 0.33188 4876.19
 0.332 4927.84
 0.33212 4975.52
 0.33224 5019.31
 0.33236 5059.9
 0.33248 5098.35
 0.3326 5135.85
 0.33272 5173.09
 0.33284 5210.35
 0.33296 5247.52
 0.33308 5284.05
 0.3332 5318.7
 0.33332 5349.64
 0.33344 5374.23
 0.33356 5390.22
 0.33368 5396.62
 0.3338 5392.75
 0.33392 5378.22
 0.33404 5353.19
 0.33416 5317.97
 0.33428 5273.25
 0.3344 5219.42
 0.33452 5156.47
 0.33464 5084.53
 0.33476 5004.33
 0.33488 4916.75
 0.335 4822.63
 0.33512 4723.22
 0.33524 4620.84
 0.33536 4518.79
 0.33548 4420.58
 0.3356 4328.17
 0.33572 4242.49
 0.33584 4164.19
 0.33596 4093.54
 0.33608 4030.57
 0.3362 3975.23
 0.33632 3927.06
 0.33644 3885.68
 0.33656 3850.94
 0.33668 3822.44
 0.3368 3799.35
 0.33692 3781.19
 0.33704 3767.69
 0.33716 3758.12
 0.33728 3751.16
 0.3374 3744.99
 0.33752 3738.72
 0.33764 3732.88
 0.33776 3728.58
 0.33788 3726.95
 0.338 3729.17
 0.33812 3736.32
 0.33824 3749.08
 0.33836 3768.2
 0.33848 3794.05
 0.3386 3826.75
 0.33872 3866.65
 0.33884 3914.41
 0.33896 3970.16
 0.33908 4033.84
 0.3392 4105.55
 0.33932 4185.11
 0.33944 4271.88
 0.33956 4364.2
 0.33968 4460.1
 0.3398 4557.42
 0.33992 4654.35
 0.34004 4748.88
 0.34016 4839.48
 0.34028 4925.1
 0.3404 5004.93
 0.34052 5078.89
 0.34064 5146.88
 0.34076 5208.26
 0.34088 5262.28
 0.341 5308.69
 0.34112 5347.18
 0.34124 5377.41
 0.34136 5399.69
 0.34148 5414.98
 0.3416 5424.34
 0.34172 5428.5
 0.34184 5428.08
 0.34196 5423.33
 0.34208 5414.58
 0.3422 5401.66
 0.34232 5384.5
 0.34244 5362.67
 0.34256 5335.4
 0.34268 5302.54
 0.3428 5264.36
 0.34292 5220.84
 0.34304 5171.75
 0.34316 5117.12
 0.34328 5057.08
 0.3434 4990.99
 0.34352 4918.23
 0.34364 4838.67
 0.34376 4752.59
 0.34388 4660.38
 0.344 4563.02
 0.34412 4461.73
 0.34424 4357.82
 0.34436 4252.31
 0.34448 4146.43
 0.3446 4041.2
 0.34472 3936.95
 0.34484 3834.23
 0.34496 3733.88
 0.34508 3636.75
 0.3452 3543.7
 0.34532 3455.91
 0.34544 3374.98
 0.34556 3301.98
 0.34568 3237.12
 0.3458 3180.48
 0.34592 3131.88
 0.34604 3090.62
 0.34616 3055.83
 0.34628 3026.65
 0.3464 3002.09
 0.34652 2981.11
 0.34664 2963.21
 0.34676 2948.06
 0.34688 2935.17
 0.347 2924
 0.34712 2913.75
 0.34724 2903.49
 0.34736 2892.05
 0.34748 2878.47
 0.3476 2862.54
 0.34772 2844.74
 0.34784 2825.52
 0.34796 2805.63
 0.34808 2786.17
 0.3482 2768.18
 0.34832 2753.04
 0.34844 2742.44
 0.34856 2737.81
 0.34868 2740.06
 0.3488 2750.06
 0.34892 2768.41
 0.34904 2795.6
 0.34916 2832.28
 0.34928 2878.49
 0.3494 2933.87
 0.34952 2997.61
 0.34964 3068.43
 0.34976 3145.07
 0.34988 3226.28
 0.35 3310.27
 0.35012 3394.67
 0.35024 3477.21
 0.35036 3555.27
 0.35048 3626.18
 0.3506 3687.67
 0.35072 3737.78
 0.35084 3774.64
 0.35096 3796.88
 0.35108 3803.3
 0.3512 3793.2
 0.35132 3767.07
 0.35144 3725.77
 0.35156 3670.42
 0.35168 3602.08
 0.3518 3521.49
 0.35192 3429.58
 0.35204 3328.21
 0.35216 3219.87
 0.35228 3106.98
 0.3524 2992.08
 0.35252 2877.71
 0.35264 2766.13
 0.35276 2659.51
 0.35288 2559.9
 0.353 2468.96
 0.35312 2388.18
 0.35324 2318.17
 0.35336 2258.86
 0.35348 2210.11
 0.3536 2171.54
 0.35372 2142.87
 0.35384 2123.79
 0.35396 2113.91
 0.35408 2112.58
 0.3542 2119.05
 0.35432 2132.6
 0.35444 2152.21
 0.35456 2176.84
 0.35468 2205.5
 0.3548 2237.3
 0.35492 2271.66
 0.35504 2308.15
 0.35516 2346.61
 0.35528 2387.52
 0.3554 2431.53
 0.35552 2479.59
 0.35564 2533.06
 0.35576 2593.44
 0.35588 2662.34
 0.356 2740.25
 0.35612 2826.3
 0.35624 2919.28
 0.35636 3018.15
 0.35648 3122.24
 0.3566 3230.91
 0.35672 3343.49
 0.35684 3458.98
 0.35696 3576.01
 0.35708 3693.12
 0.3572 3808.47
 0.35732 3919.95
 0.35744 4025.11
 0.35756 4120.96
 0.35768 4204.11
 0.3578 4270.93
 0.35792 4318.23
 0.35804 4345.31
 0.35816 4353.07
 0.35828 4342.7
 0.3584 4315.22
 0.35852 4271.48
 0.35864 4212.36
 0.35876 4138.76
 0.35888 4052.13
 0.359 3954.34
 0.35912 3847.53
 0.35924 3734.22
 0.35936 3617.05
 0.35948 3499.16
 0.3596 3384.27
 0.35972 3276.39
 0.35984 3179.81
 0.35996 3097.85
 0.36008 3032.01
 0.3602 2983.21
 0.36032 2952.01
 0.36044 2939.1
 0.36056 2945.32
 0.36068 2971.64
 0.3608 3019.02
 0.36092 3087.69
 0.36104 3176.91
 0.36116 3285.21
 0.36128 3410.6
 0.3614 3550.9
 0.36152 3703.39
 0.36164 3865
 0.36176 4032.36
 0.36188 4201.96
 0.362 4370.96
 0.36212 4536.78
 0.36224 4697.11
 0.36236 4849.9
 0.36248 4992.61
 0.3626 5122.15
 0.36272 5234.9
 0.36284 5327.18
 0.36296 5396.38
 0.36308 5441.18
 0.3632 5461.36
 0.36332 5457.4
 0.36344 5430.13
 0.36356 5380.92
 0.36368 5311.25
 0.3638 5222.95
 0.36392 5117.9
 0.36404 4997.92
 0.36416 4865.04
 0.36428 4720.97
 0.3644 4567.58
 0.36452 4407.55
 0.36464 4244.48
 0.36476 4082.96
 0.36488 3927.62
 0.365 3782.32
 0.36512 3650.36
 0.36524 3534.06
 0.36536 3435.16
 0.36548 3354.79
 0.3656 3293.59
 0.36572 3251.76
 0.36584 3228.91
 0.36596 3224.73
 0.36608 3238.93
 0.3662 3271.16
 0.36632 3321.47
 0.36644 3389.68
 0.36656 3475.16
 0.36668 3576.06
 0.3668 3689.41
 0.36692 3812.19
 0.36704 3941.28
 0.36716 4073.5
 0.36728 4206.11
 0.3674 4336.71
 0.36752 4463.54
 0.36764 4585.56
 0.36776 4702.86
 0.36788 4815.89
 0.368 4924.63
 0.36812 5028.68
 0.36824 5127.52
 0.36836 5220.25
 0.36848 5305.75
 0.3686 5382.93
 0.36872 5452.02
 0.36884 5513.63
 0.36896 5568.28
 0.36908 5616.8
 0.3692 5659.98
 0.36932 5698.84
 0.36944 5734.11
 0.36956 5765.84
 0.36968 5793.29
 0.3698 5814.52
 0.36992 5827.83
 0.37004 5832.31
 0.37016 5827.22
 0.37028 5811.85
 0.3704 5785.42
 0.37052 5747.66
 0.37064 5698.4
 0.37076 5636.9
 0.37088 5563.03
 0.371 5476.93
 0.37112 5378.78
 0.37124 5268.92
 0.37136 5147.43
 0.37148 5015.02
 0.3716 4872.83
 0.37172 4722.58
 0.37184 4566.7
 0.37196 4406.9
 0.37208 4244.46
 0.3722 4081
 0.37232 3918.39
 0.37244 3759.08
 0.37256 3604.94
 0.37268 3457.77
 0.3728 3319.18
 0.37292 3190.15
 0.37304 3071.58
 0.37316 2964.21
 0.37328 2868.57
 0.3734 2784.92
 0.37352 2712.85
 0.37364 2651.95
 0.37376 2601.49
 0.37388 2560.92
 0.374 2530.52
 0.37412 2510.68
 0.37424 2501.57
 0.37436 2502.89
 0.37448 2513.87
 0.3746 2533.92
 0.37472 2562.43
 0.37484 2599.04
 0.37496 2643.65
 0.37508 2695.9
 0.3752 2755.32
 0.37532 2821.6
 0.37544 2895
 0.37556 2976.11
 0.37568 3065.14
 0.3758 3162.02
 0.37592 3265.7
 0.37604 3374.29
 0.37616 3485.7
 0.37628 3597.68
 0.3764 3708.32
 0.37652 3816.1
 0.37664 3919.82
 0.37676 4018.28
 0.37688 4109.68
 0.377 4192.01
 0.37712 4263.8
 0.37724 4323.9
 0.37736 4370.94
 0.37748 4403.38
 0.3776 4419.73
 0.37772 4419.27
 0.37784 4401.92
 0.37796 4368.82
 0.37808 4321.85
 0.3782 4263.43
 0.37832 4196.14
 0.37844 4122.33
 0.37856 4044.01
 0.37868 3962.82
 0.3788 3880.76
 0.37892 3800.66
 0.37904 3725.08
 0.37916 3656.18
 0.37928 3595.94
 0.3794 3546.06
 0.37952 3507.88
 0.37964 3482.42
 0.37976 3470.22
 0.37988 3471.29
 0.38 3484.77
 0.38012 3508.74
 0.38024 3540.95
 0.38036 3579.13
 0.38048 3621.16
 0.3806 3665.11
 0.38072 3708.97
 0.38084 3750.38
 0.38096 3787.13
 0.38108 3817.54
 0.3812 3840.37
 0.38132 3854.62
 0.38144 3860.22
 0.38156 3857.35
 0.38168 3846.37
 0.3818 3827.82
 0.38192 3802.48
 0.38204 3771.94
 0.38216 3738.73
 0.38228 3705.18
 0.3824 3673.53
 0.38252 3645.81
 0.38264 3624.08
 0.38276 3610.57
 0.38288 3606.92
 0.383 3614.18
 0.38312 3632.74
 0.38324 3662.51
 0.38336 3702.85
 0.38348 3752.55
 0.3836 3810.58
 0.38372 3875.48
 0.38384 3945.48
 0.38396 4018.59
 0.38408 4092.06
 0.3842 4163.13
 0.38432 4229.52
 0.38444 4289.04
 0.38456 4339.98
 0.38468 4380.57
 0.3848 4409.7
 0.38492 4427.06
 0.38504 4432.46
 0.38516 4426.35
 0.38528 4409.42
 0.3854 4382.83
 0.38552 4347.78
 0.38564 4305.51
 0.38576 4258.1
 0.38588 4208.12
 0.386 4158.69
 0.38612 4112.88
 0.38624 4073.09
 0.38636 4041.37
 0.38648 4019.63
 0.3866 4009.31
 0.38672 4011.36
 0.38684 4025.87
 0.38696 4052.75
 0.38708 4091.91
 0.3872 4142.99
 0.38732 4205.65
 0.38744 4279.2
 0.38756 4362.64
 0.38768 4454.38
 0.3878 4551.83
 0.38792 4651.53
 0.38804 4749.68
 0.38816 4843.13
 0.38828 4929.37
 0.3884 5006.13
 0.38852 5071.04
 0.38864 5122.11
 0.38876 5157.87
 0.38888 5177.37
 0.389 5179.74
 0.38912 5164.26
 0.38924 5130.06
 0.38936 5076.32
 0.38948 5002.67
 0.3896 4909.56
 0.38972 4798.24
 0.38984 4671.16
 0.38996 4531.4
 0.39008 4382.04
 0.3902 4225.77
 0.39032 4064.78
 0.39044 3901.2
 0.39056 3737.74
 0.39068 3576.93
 0.3908 3420.94
 0.39092 3271.66
 0.39104 3130.78
 0.39116 2999.95
 0.39128 2880.98
 0.3914 2775.51
 0.39152 2684.53
 0.39164 2608.3
 0.39176 2546.48
 0.39188 2498.08
 0.392 2461.96
 0.39212 2436.89
 0.39224 2421.8
 0.39236 2415.84
 0.39248 2417.85
 0.3926 2425.8
 0.39272 2437.9
 0.39284 2452.69
 0.39296 2468.84
 0.39308 2485.18
 0.3932 2500.53
 0.39332 2513.77
 0.39344 2524.29
 0.39356 2532.08
 0.39368 2537.39
 0.3938 2540.62
 0.39392 2542.3
 0.39404 2543.12
 0.39416 2543.85
 0.39428 2545.1
 0.3944 2547.67
 0.39452 2553.06
 0.39464 2563.36
 0.39476 2580.24
 0.39488 2604.97
 0.395 2638.46
 0.39512 2681.61
 0.39524 2735.08
 0.39536 2799.13
 0.39548 2873.29
 0.3956 2956.89
 0.39572 3049.2
 0.39584 3149.15
 0.39596 3255.48
 0.39608 3366.87
 0.3962 3482.1
 0.39632 3599.91
 0.39644 3718.89
 0.39656 3837.01
 0.39668 3952.12
 0.3968 4062.46
 0.39692 4167.04
 0.39704 4265.1
 0.39716 4355.82
 0.39728 4438.75
 0.3974 4514.01
 0.39752 4582.1
 0.39764 4643.37
 0.39776 4698.57
 0.39788 4749.03
 0.398 4796
 0.39812 4840.42
 0.39824 4883.3
 0.39836 4925.49
 0.39848 4967.58
 0.3986 5010.28
 0.39872 5054.19
 0.39884 5099.44
 0.39896 5145.63
 0.39908 5192.52
 0.3992 5240
 0.39932 5287.8
 0.39944 5335.08
 0.39956 5380.75
 0.39968 5423.77
 0.3998 5462.81
 0.39992 5496.36
 0.40004 5523.46
 0.40016 5543.49
 0.40028 5555.62
 0.4004 5559.65
 0.40052 5555.84
 0.40064 5544.81
 0.40076 5527.43
 0.40088 5504.86
 0.401 5478.32
 0.40112 5448.44
 0.40124 5415.68
 0.40136 5380.2
 0.40148 5342.94
 0.4016 5305.21
 0.40172 5268.16
 0.40184 5232.89
 0.40196 5200.24
 0.40208 5170.64
 0.4022 5144.48
 0.40232 5122.06
 0.40244 5102.92
 0.40256 5086.26
 0.40268 5070.76
 0.4028 5054.8
 0.40292 5036.87
 0.40304 5015.67
 0.40316 4990.58
 0.40328 4961.42
 0.4034 4928.46
 0.40352 4891.4
 0.40364 4850.03
 0.40376 4804.28
 0.40388 4753.9
 0.404 4698.8
 0.40412 4638.74
 0.40424 4573.57
 0.40436 4503.35
 0.40448 4428.76
 0.4046 4350.65
 0.40472 4270.25
 0.40484 4188.83
 0.40496 4107.55
 0.40508 4027.35
 0.4052 3948.83
 0.40532 3872.26
 0.40544 3797.69
 0.40556 3725.17
 0.40568 3654.32
 0.4058 3585.27
 0.40592 3518.49
 0.40604 3454.62
 0.40616 3394.61
 0.40628 3339.33
 0.4064 3289.56
 0.40652 3245.69
 0.40664 3208.06
 0.40676 3176.93
 0.40688 3152.34
 0.407 3134.35
 0.40712 3123.17
 0.40724 3118.77
 0.40736 3120.95
 0.40748 3129.28
 0.4076 3143.42
 0.40772 3163.29
 0.40784 3188.24
 0.40796 3217.66
 0.40808 3250.88
 0.4082 3287.1
 0.40832 3325.6
 0.40844 3365.76
 0.40856 3407.23
 0.40868 3449.64
 0.4088 3492.91
 0.40892 3537.36
 0.40904 3582.98
 0.40916 3629.39
 0.40928 3676.72
 0.4094 3725.44
 0.40952 3776.59
 0.40964 3831.04
 0.40976 3889.45
 0.40988 3952.55
 0.41 4020.25
 0.41012 4092.31
 0.41024 4168.28
 0.41036 4247.24
 0.41048 4327.92
 0.4106 4408.76
 0.41072 4488.02
 0.41084 4563.67
 0.41096 4633.63
 0.41108 4696.52
 0.4112 4751.58
 0.41132 4797.94
 0.41144 4834.64
 0.41156 4860.37
 0.41168 4874.32
 0.4118 4875.52
 0.41192 4863.32
 0.41204 4838
 0.41216 4799.84
 0.41228 4749.82
 0.4124 4689.58
 0.41252 4621.35
 0.41264 4547.88
 0.41276 4471.9
 0.41288 4396.06
 0.413 4322.91
 0.41312 4254.38
 0.41324 4191.8
 0.41336 4135.81
 0.41348 4086.82
 0.4136 4045.02
 0.41372 4010.48
 0.41384 3983.7
 0.41396 3964.83
 0.41408 3954.01
 0.4142 3951.17
 0.41432 3955.57
 0.41444 3966.03
 0.41456 3980.72
 0.41468 3997.36
 0.4148 4013.98
 0.41492 4028.62
 0.41504 4039.32
 0.41516 4044.4
 0.41528 4042.97
 0.4154 4035.15
 0.41552 4021.43
 0.41564 4002.47
 0.41576 3978.63
 0.41588 3950.32
 0.416 3917.73
 0.41612 3880.75
 0.41624 3839.72
 0.41636 3795.26
 0.41648 3748.13
 0.4166 3699.36
 0.41672 3650.31
 0.41684 3602.22
 0.41696 3556.38
 0.41708 3513.98
 0.4172 3475.84
 0.41732 3442.12
 0.41744 3412.45
 0.41756 3386.09
 0.41768 3362.55
 0.4178 3341.42
 0.41792 3322.15
 0.41804 3304.6
 0.41816 3288.68
 0.41828 3273.87
 0.4184 3259.6
 0.41852 3245.47
 0.41864 3230.9
 0.41876 3214.99
 0.41888 3196.96
 0.419 3176.25
 0.41912 3152.67
 0.41924 3126.58
 0.41936 3098.39
 0.41948 3068.91
 0.4196 3039.15
 0.41972 3009.7
 0.41984 2981.06
 0.41996 2953.77
 0.42008 2928.3
 0.4202 2905.31
 0.42032 2885.63
 0.42044 2870.06
 0.42056 2859.53
 0.42068 2855.26
 0.4208 2858.61
 0.42092 2870.4
 0.42104 2891.23
 0.42116 2921.04
 0.42128 2959.08
 0.4214 3004.48
 0.42152 3055.85
 0.42164 3111.8
 0.42176 3171.53
 0.42188 3234.38
 0.422 3299.58
 0.42212 3366.12
 0.42224 3432.78
 0.42236 3498.57
 0.42248 3562.28
 0.4226 3622.26
 0.42272 3676.46
 0.42284 3723.26
 0.42296 3761.44
 0.42308 3789.94
 0.4232 3808.65
 0.42332 3818.17
 0.42344 3819.51
 0.42356 3814.16
 0.42368 3803.27
 0.4238 3787.52
 0.42392 3767.47
 0.42404 3743.85
 0.42416 3717.76
 0.42428 3690.36
 0.4244 3662.22
 0.42452 3634.29
 0.42464 3608.01
 0.42476 3585.01
 0.42488 3566.42
 0.425 3553.24
 0.42512 3546.21
 0.42524 3545.43
 0.42536 3550.62
 0.42548 3561.17
 0.4256 3576.19
 0.42572 3595.17
 0.42584 3617.73
 0.42596 3643.57
 0.42608 3672.13
 0.4262 3702.54
 0.42632 3734.19
 0.42644 3766.86
 0.42656 3800.11
 0.42668 3833.2
 0.4268 3865.42
 0.42692 3896.18
 0.42704 3924.94
 0.42716 3951.17
 0.42728 3974.59
 0.4274 3995.06
 0.42752 4012.7
 0.42764 4027.56
 0.42776 4039.52
 0.42788 4048.45
 0.428 4053.87
 0.42812 4055.49
 0.42824 4053.09
 0.42836 4046.45
 0.42848 4035.3
 0.4286 4019.42
 0.42872 3998.44
 0.42884 3972.18
 0.42896 3940.61
 0.42908 3903.81
 0.4292 3862.1
 0.42932 3815.44
 0.42944 3763.45
 0.42956 3705.78
 0.42968 3642.61
 0.4298 3574.1
 0.42992 3500.76
 0.43004 3423.72
 0.43016 3344.11
 0.43028 3262.88
 0.4304 3180.72
 0.43052 3098.42
 0.43064 3017.02
 0.43076 2937.83
 0.43088 2861.88
 0.431 2790.02
 0.43112 2722.94
 0.43124 2661.04
 0.43136 2605.52
 0.43148 2557.63
 0.4316 2518.17
 0.43172 2487.5
 0.43184 2466.2
 0.43196 2454.47
 0.43208 2452.1
 0.4322 2458.69
 0.43232 2474.26
 0.43244 2498.72
 0.43256 2531.41
 0.43268 2571.45
 0.4328 2617.86
 0.43292 2669.77
 0.43304 2726.41
 0.43316 2787.36
 0.43328 2852.14
 0.4334 2919.62
 0.43352 2989.06
 0.43364 3060.11
 0.43376 3132.3
 0.43388 3204.79
 0.434 3276.68
 0.43412 3347.4
 0.43424 3416.46
 0.43436 3482.97
 0.43448 3546.46
 0.4346 3607.04
 0.43472 3664.86
 0.43484 3720.11
 0.43496 3772.83
 0.43508 3822.86
 0.4352 3869.81
 0.43532 3913.49
 0.43544 3954.12
 0.43556 3991.35
 0.43568 4025.08
 0.4358 4055.44
 0.43592 4083.05
 0.43604 4108.62
 0.43616 4132.64
 0.43628 4155.72
 0.4364 4178.78
 0.43652 4202.44
 0.43664 4226.62
 0.43676 4251.03
 0.43688 4275.3
 0.437 4299.38
 0.43712 4323.07
 0.43724 4346.38
 0.43736 4369.01
 0.43748 4390.51
 0.4376 4410.6
 0.43772 4428.57
 0.43784 4443.54
 0.43796 4454.34
 0.43808 4459.85
 0.4382 4459.07
 0.43832 4451.02
 0.43844 4434.53
 0.43856 4409.07
 0.43868 4375.16
 0.4388 4333.85
 0.43892 4286.43
 0.43904 4234.11
 0.43916 4178.32
 0.43928 4120.25
 0.4394 4061.44
 0.43952 4003.37
 0.43964 3947.4
 0.43976 3895.03
 0.43988 3847.84
 0.44 3807.5
 0.44012 3775.49
 0.44024 3753.13
 0.44036 3741.65
 0.44048 3742.3
 0.4406 3755.4
 0.44072 3780.17
 0.44084 3815
 0.44096 3857.74
 0.44108 3906.31
 0.4412 3958.99
 0.44132 4014.12
 0.44144 4069.96
 0.44156 4125.21
 0.44168 4178.99
 0.4418 4230.46
 0.44192 4278.88
 0.44204 4323.41
 0.44216 4363.48
 0.44228 4398.38
 0.4424 4427.25
 0.44252 4449.13
 0.44264 4463.88
 0.44276 4472.27
 0.44288 4475.99
 0.443 4477.01
 0.44312 4476.66
 0.44324 4475.77
 0.44336 4474.94
 0.44348 4474.46
 0.4436 4474.4
 0.44372 4474.64
 0.44384 4474.8
 0.44396 4474.04
 0.44408 4471.56
 0.4442 4466.69
 0.44432 4459.06
 0.44444 4448.8
 0.44456 4436.2
 0.44468 4421.07
 0.4448 4402.86
 0.44492 4380.55
 0.44504 4353.47
 0.44516 4321.73
 0.44528 4285.96
 0.4454 4247.26
 0.44552 4206.64
 0.44564 4164.69
 0.44576 4122.01
 0.44588 4080
 0.446 4040.66
 0.44612 4005.78
 0.44624 3976.86
 0.44636 3955.14
 0.44648 3941.29
 0.4466 3935.73
 0.44672 3938.66
 0.44684 3950.31
 0.44696 3970.87
 0.44708 4000.01
 0.4472 4036.88
 0.44732 4079.83
 0.44744 4126.9
 0.44756 4176.69
 0.44768 4228.14
 0.4478 4279.88
 0.44792 4329.84
 0.44804 4375.93
 0.44816 4416.53
 0.44828 4450.07
 0.4484 4475.15
 0.44852 4490.84
 0.44864 4496.64
 0.44876 4492.29
 0.44888 4477.51
 0.449 4452.3
 0.44912 4416.87
 0.44924 4371.89
 0.44936 4318.93
 0.44948 4259.71
 0.4496 4195.65
 0.44972 4128.36
 0.44984 4059.51
 0.44996 3990.54
 0.45008 3922.16
 0.4502 3854.72
 0.45032 3788.62
 0.45044 3724.15
 0.45056 3661.33
 0.45068 3600.15
 0.4508 3540.79
 0.45092 3483.41
 0.45104 3427.99
 0.45116 3374.77
 0.45128 3323.71
 0.4514 3274.2
 0.45152 3225.6
 0.45164 3177.25
 0.45176 3128.37
 0.45188 3078.88
 0.452 3029.36
 0.45212 2981.12
 0.45224 2935.7
 0.45236 2894.56
 0.45248 2859.28
 0.4526 2831.41
 0.45272 2812.1
 0.45284 2802.11
 0.45296 2802.2
 0.45308 2813.14
 0.4532 2834.98
 0.45332 2867.8
 0.45344 2911.94
 0.45356 2967.71
 0.45368 3035.11
 0.4538 3113.66
 0.45392 3202.21
 0.45404 3299.32
 0.45416 3403.35
 0.45428 3512.7
 0.4544 3625.71
 0.45452 3740.33
 0.45464 3854.72
 0.45476 3967.26
 0.45488 4076.66
 0.455 4181.36
 0.45512 4279.81
 0.45524 4371.3
 0.45536 4454.75
 0.45548 4528.51
 0.4556 4591.06
 0.45572 4641.62
 0.45584 4680.1
 0.45596 4706.71
 0.45608 4721.56
 0.4562 4724.31
 0.45632 4714.48
 0.45644 4692.03
 0.45656 4657.49
 0.45668 4611.49
 0.4568 4554.75
 0.45692 4488
 0.45704 4412.71
 0.45716 4330.14
 0.45728 4241.05
 0.4574 4147.03
 0.45752 4050.51
 0.45764 3953.73
 0.45776 3858.39
 0.45788 3765.51
 0.458 3675.77
 0.45812 3590.27
 0.45824 3510.6
 0.45836 3438.33
 0.45848 3374.48
 0.4586 3319.38
 0.45872 3272.91
 0.45884 3234.97
 0.45896 3205.05
 0.45908 3182.14
 0.4592 3165.76
 0.45932 3155.56
 0.45944 3150.61
 0.45956 3149.55
 0.45968 3151.1
 0.4598 3154.22
 0.45992 3158.49
 0.46004 3163.47
 0.46016 3168.53
 0.46028 3172.95
 0.4604 3176.15
 0.46052 3177.93
 0.46064 3178.96
 0.46076 3179.97
 0.46088 3181.47
 0.461 3184.3
 0.46112 3189.26
 0.46124 3196.6
 0.46136 3206.33
 0.46148 3218.54
 0.4616 3233.29
 0.46172 3250.74
 0.46184 3271.16
 0.46196 3294.94
 0.46208 3322.67
 0.4622 3354.78
 0.46232 3391.42
 0.46244 3432.58
 0.46256 3477.92
 0.46268 3526.66
 0.4628 3578.3
 0.46292 3632.34
 0.46304 3688.27
 0.46316 3745.71
 0.46328 3804.79
 0.4634 3866.08
 0.46352 3930.03
 0.46364 3996.73
 0.46376 4065.72
 0.46388 4135.61
 0.464 4204.34
 0.46412 4269.87
 0.46424 4330.3
 0.46436 4384.27
 0.46448 4430.76
 0.4646 4468.92
 0.46472 4497.95
 0.46484 4517.16
 0.46496 4526.1
 0.46508 4524.1
 0.4652 4510.28
 0.46532 4483.28
 0.46544 4441.61
 0.46556 4384.51
 0.46568 4312.08
 0.4658 4225.52
 0.46592 4127.38
 0.46604 4020.47
 0.46616 3907.81
 0.46628 3792.14
 0.4664 3675.33
 0.46652 3558.87
 0.46664 3444.16
 0.46676 3332.52
 0.46688 3224.96
 0.467 3122.57
 0.46712 3026.94
 0.46724 2940.01
 0.46736 2863.93
 0.46748 2800.58
 0.4676 2751.07
 0.46772 2715.41
 0.46784 2692.67
 0.46796 2681.28
 0.46808 2679.53
 0.4682 2685.59
 0.46832 2698.15
 0.46844 2716.47
 0.46856 2739.93
 0.46868 2767.8
 0.4688 2799.38
 0.46892 2833.99
 0.46904 2870.47
 0.46916 2907.06
 0.46928 2941.86
 0.4694 2973.16
 0.46952 2999.47
 0.46964 3020.01
 0.46976 3034.84
 0.46988 3044.27
 0.47 3048.78
 0.47012 3048.93
 0.47024 3045.31
 0.47036 3038.26
 0.47048 3028.12
 0.4706 3015.58
 0.47072 3001.5
 0.47084 2986.81
 0.47096 2972.66
 0.47108 2960.62
 0.4712 2952.54
 0.47132 2949.79
 0.47144 2953.1
 0.47156 2962.95
 0.47168 2979.38
 0.4718 3002.21
 0.47192 3031.31
 0.47204 3066.41
 0.47216 3106.94
 0.47228 3152.13
 0.4724 3201.2
 0.47252 3253.24
 0.47264 3307
 0.47276 3361.34
 0.47288 3414.9
 0.473 3466.08
 0.47312 3513.16
 0.47324 3554.76
 0.47336 3590.4
 0.47348 3620.17
 0.4736 3644.28
 0.47372 3662.78
 0.47384 3675.49
 0.47396 3682.03
 0.47408 3682.53
 0.4742 3677.6
 0.47432 3668.15
 0.47444 3655.03
 0.47456 3639.18
 0.47468 3621.3
 0.4748 3601.41
 0.47492 3580.01
 0.47504 3557.74
 0.47516 3535.07
 0.47528 3511.99
 0.4754 3488.13
 0.47552 3462.97
 0.47564 3436.22
 0.47576 3408.07
 0.47588 3379.17
 0.476 3350.15
 0.47612 3320.76
 0.47624 3290.43
 0.47636 3258.46
 0.47648 3224.21
 0.4766 3186.98
 0.47672 3147.17
 0.47684 3105.72
 0.47696 3063.15
 0.47708 3019.86
 0.4772 2976.36
 0.47732 2933.24
 0.47744 2890.94
 0.47756 2849.99
 0.47768 2810.59
 0.4778 2772.64
 0.47792 2735.8
 0.47804 2700.21
 0.47816 2666.76
 0.47828 2636.26
 0.4784 2609.46
 0.47852 2587.15
 0.47864 2569.89
 0.47876 2557.49
 0.47888 2549.95
 0.479 2547.39
 0.47912 2549.98
 0.47924 2557.94
 0.47936 2571.61
 0.47948 2591.29
 0.4796 2617.13
 0.47972 2649.14
 0.47984 2687.19
 0.47996 2731.09
 0.48008 2780.13
 0.4802 2833.32
 0.48032 2890.02
 0.48044 2949.7
 0.48056 3011.87
 0.48068 3076.15
 0.4808 3141.93
 0.48092 3208.18
 0.48104 3273.93
 0.48116 3338.41
 0.48128 3400.83
 0.4814 3460.11
 0.48152 3515.35
 0.48164 3565.8
 0.48176 3611.21
 0.48188 3651.58
 0.482 3687.02
 0.48212 3718.05
 0.48224 3745.11
 0.48236 3768.07
 0.48248 3786.8
 0.4826 3800.98
 0.48272 3810.4
 0.48284 3815.19
 0.48296 3815.89
 0.48308 3812.92
 0.4832 3806.5
 0.48332 3797.18
 0.48344 3785.86
 0.48356 3773.16
 0.48368 3759.69
 0.4838 3745.93
 0.48392 3732.39
 0.48404 3719.17
 0.48416 3705.8
 0.48428 3692.41
 0.4844 3679.41
 0.48452 3667.2
 0.48464 3656.44
 0.48476 3647.85
 0.48488 3642.05
 0.485 3639.36
 0.48512 3639.89
 0.48524 3643.69
 0.48536 3650.24
 0.48548 3659.05
 0.4856 3670.1
 0.48572 3683.12
 0.48584 3697.45
 0.48596 3712.39
 0.48608 3728.04
 0.4862 3744.78
 0.48632 3762.51
 0.48644 3781.33
 0.48656 3801.15
 0.48668 3821.5
 0.4868 3841.58
 0.48692 3860.55
 0.48704 3877.84
 0.48716 3893.29
 0.48728 3906.85
 0.4874 3918.78
 0.48752 3929.05
 0.48764 3937.42
 0.48776 3943.85
 0.48788 3948.59
 0.488 3951.72
 0.48812 3952.82
 0.48824 3951.64
 0.48836 3948.01
 0.48848 3941.59
 0.4886 3932.32
 0.48872 3920.47
 0.48884 3906.72
 0.48896 3891.82
 0.48908 3876.19
 0.4892 3860.06
 0.48932 3843.85
 0.48944 3827.94
 0.48956 3812.73
 0.48968 3798.45
 0.4898 3785.46
 0.48992 3774.38
 0.49004 3765.98
 0.49016 3760.72
 0.49028 3758.56
 0.4904 3759.09
 0.49052 3762.05
 0.49064 3767.18
 0.49076 3773.96
 0.49088 3781.54
 0.491 3789.5
 0.49112 3797.6
 0.49124 3805.17
 0.49136 3811.16
 0.49148 3814.62
 0.4916 3814.99
 0.49172 3812.17
 0.49184 3805.62
 0.49196 3794.38
 0.49208 3777.57
 0.4922 3755.1
 0.49232 3727.69
 0.49244 3696.64
 0.49256 3663.14
 0.49268 3628.37
 0.4928 3593.85
 0.49292 3560.89
 0.49304 3529.92
 0.49316 3501.57
 0.49328 3477.36
 0.4934 3458.93
 0.49352 3447.41
 0.49364 3442.99
 0.49376 3445.35
 0.49388 3454.65
 0.494 3471.32
 0.49412 3495.61
 0.49424 3527.05
 0.49436 3564.45
 0.49448 3606.12
 0.4946 3650.17
 0.49472 3694.54
 0.49484 3737.12
 0.49496 3776.52
 0.49508 3812.19
 0.4952 3842.95
 0.49532 3866.98
 0.49544 3882.92
 0.49556 3890.32
 0.49568 3889.63
 0.4958 3881.55
 0.49592 3866.13
 0.49604 3843.25
 0.49616 3812.93
 0.49628 3775.75
 0.4964 3732.8
 0.49652 3685.7
 0.49664 3636.4
 0.49676 3586.91
 0.49688 3538.61
 0.497 3492.08
 0.49712 3447.69
 0.49724 3406.38
 0.49736 3369.17
 0.49748 3336.42
 0.4976 3307.77
 0.49772 3282.6
 0.49784 3260.75
 0.49796 3242.75
 0.49808 3229.13
 0.4982 3220.34
 0.49832 3216.19
 0.49844 3215.87
 0.49856 3218.1
 0.49868 3221.35
 0.4988 3224.43
 0.49892 3227.35
 0.49904 3230.5
 0.49916 3234.22
 0.49928 3238.63
 0.4994 3244.09
 0.49952 3251.47
 0.49964 3261.83
 0.49976 3275.91
 0.49988 3293.64
 0.5 3314.77
 0.50012 3339.04
 0.50024 3366.42
 0.50036 3397.54
 0.50048 3433.67
 0.5006 3476.24
 0.50072 3526.73
 0.50084 3585.62
 0.50096 3652.27
 0.50108 3725.92
 0.5012 3805.72
 0.50132 3890.6
 0.50144 3979.23
 0.50156 4070.13
 0.50168 4161.67
 0.5018 4252.67
 0.50192 4342.28
 0.50204 4429.44
 0.50216 4513.02
 0.50228 4591.52
 0.5024 4662.95
 0.50252 4725.08
 0.50264 4775.73
 0.50276 4813.06
 0.50288 4836.39
 0.503 4845.6
 0.50312 4840.6
 0.50324 4821.68
 0.50336 4789.36
 0.50348 4744.14
 0.5036 4686.49
 0.50372 4617.27
 0.50384 4537.21
 0.50396 4447
 0.50408 4347.51
 0.5042 4239.79
 0.50432 4125.22
 0.50444 4005.28
 0.50456 3881.47
 0.50468 3755.34
 0.5048 3628.21
 0.50492 3500.91
 0.50504 3374.26
 0.50516 3249.05
 0.50528 3125.85
 0.5054 3005.36
 0.50552 2888.58
 0.50564 2776.36
 0.50576 2669.12
 0.50588 2567.36
 0.506 2471.78
 0.50612 2383.27
 0.50624 2302.79
 0.50636 2231.28
 0.50648 2169.92
 0.5066 2119.55
 0.50672 2080.64
 0.50684 2053.44
 0.50696 2037.95
 0.50708 2033.88
 0.5072 2040.89
 0.50732 2058.52
 0.50744 2085.99
 0.50756 2122.37
 0.50768 2167.15
 0.5078 2219.99
 0.50792 2280.41
 0.50804 2347.59
 0.50816 2419.94
 0.50828 2495.43
 0.5084 2571.71
 0.50852 2646.21
 0.50864 2717.03
 0.50876 2782.75
 0.50888 2842.4
 0.509 2895.54
 0.50912 2942.15
 0.50924 2982.01
 0.50936 3015.08
 0.50948 3041.57
 0.5096 3061.59
 0.50972 3074.96
 0.50984 3081.38
 0.50996 3080.74
 0.51008 3073.58
 0.5102 3061.41
 0.51032 3046.05
 0.51044 3029.7
 0.51056 3014.56
 0.51068 3002.34
 0.5108 2994.32
 0.51092 2991.28
 0.51104 2993.45
 0.51116 3000.93
 0.51128 3014.3
 0.5114 3033.96
 0.51152 3059.97
 0.51164 3092.17
 0.51176 3130.61
 0.51188 3175.29
 0.512 3225.56
 0.51212 3279.94
 0.51224 3336.47
 0.51236 3393.34
 0.51248 3448.61
 0.5126 3500.45
 0.51272 3547.28
 0.51284 3587.95
 0.51296 3621.65
 0.51308 3647.99
 0.5132 3666.54
 0.51332 3676.37
 0.51344 3676.94
 0.51356 3668.36
 0.51368 3651.25
 0.5138 3626.09
 0.51392 3593.58
 0.51404 3555.4
 0.51416 3513.85
 0.51428 3471.21
 0.5144 3429.46
 0.51452 3390.24
 0.51464 3355.04
 0.51476 3325.18
 0.51488 3301.86
 0.515 3285.88
 0.51512 3277.66
 0.51524 3277.84
 0.51536 3287.39
 0.51548 3306.78
 0.5156 3335.46
 0.51572 3372.5
 0.51584 3417.03
 0.51596 3468.03
 0.51608 3523.79
 0.5162 3582.19
 0.51632 3641.04
 0.51644 3698.53
 0.51656 3753.22
 0.51668 3803.73
 0.5168 3848.76
 0.51692 3886.95
 0.51704 3917.59
 0.51716 3940.16
 0.51728 3953.83
 0.5174 3957.54
 0.51752 3950.87
 0.51764 3934.43
 0.51776 3909.35
 0.51788 3876.8
 0.518 3837.9
 0.51812 3793.98
 0.51824 3746.68
 0.51836 3697.63
 0.51848 3648.34
 0.5186 3600.32
 0.51872 3554.85
 0.51884 3513.27
 0.51896 3476.81
 0.51908 3446.16
 0.5192 3422.04
 0.51932 3405.39
 0.51944 3397.21
 0.51956 3398.01
 0.51968 3407.26
 0.5198 3423.46
 0.51992 3445.1
 0.52004 3470.89
 0.52016 3499.61
 0.52028 3530.09
 0.5204 3561.27
 0.52052 3591.92
 0.52064 3620.79
 0.52076 3647.12
 0.52088 3670.13
 0.521 3689.15
 0.52112 3703.74
 0.52124 3713.25
 0.52136 3716.98
 0.52148 3714.31
 0.5216 3704.27
 0.52172 3687.16
 0.52184 3663.94
 0.52196 3635.54
 0.52208 3602.72
 0.5222 3566.21
 0.52232 3526.55
 0.52244 3484.33
 0.52256 3440.2
 0.52268 3394.73
 0.5228 3347.95
 0.52292 3299.71
 0.52304 3249.86
 0.52316 3198.23
 0.52328 3145.03
 0.5234 3090.24
 0.52352 3034.08
 0.52364 2977.73
 0.52376 2921.78
 0.52388 2866.94
 0.524 2814.02
 0.52412 2763.62
 0.52424 2716.1
 0.52436 2671.66
 0.52448 2630.54
 0.5246 2592.83
 0.52472 2558.67
 0.52484 2528.92
 0.52496 2504.77
 0.52508 2487.39
 0.5252 2477.88
 0.52532 2477.1
 0.52544 2486.32
 0.52556 2506.3
 0.52568 2536.86
 0.5258 2577.35
 0.52592 2626.37
 0.52604 2682.61
 0.52616 2745.35
 0.52628 2814.34
 0.5264 2889.57
 0.52652 2971.06
 0.52664 3059.02
 0.52676 3153.33
 0.52688 3252.93
 0.527 3356.54
 0.52712 3463.05
 0.52724 3571.48
 0.52736 3680.97
 0.52748 3790.41
 0.5276 3899.01
 0.52772 4006.59
 0.52784 4113.49
 0.52796 4220.42
 0.52808 4327.34
 0.5282 4433.62
 0.52832 4538.24
 0.52844 4640.01
 0.52856 4737.72
 0.52868 4830.25
 0.5288 4917.26
 0.52892 4999.06
 0.52904 5075.58
 0.52916 5146.29
 0.52928 5210.23
 0.5294 5266.1
 0.52952 5312.6
 0.52964 5348.38
 0.52976 5372.14
 0.52988 5382.89
 0.53 5380.27
 0.53012 5364.83
 0.53024 5337.52
 0.53036 5299.25
 0.53048 5250.9
 0.5306 5193.3
 0.53072 5126.79
 0.53084 5051.05
 0.53096 4965.83
 0.53108 4871.74
 0.5312 4769.8
 0.53132 4661.75
 0.53144 4549.84
 0.53156 4436.38
 0.53168 4323.56
 0.5318 4213
 0.53192 4105.73
 0.53204 4002.23
 0.53216 3902.38
 0.53228 3805.96
 0.5324 3713.15
 0.53252 3624.31
 0.53264 3539.98
 0.53276 3461.23
 0.53288 3389.42
 0.533 3325.52
 0.53312 3269.96
 0.53324 3222.91
 0.53336 3184.03
 0.53348 3152.32
 0.5336 3126.81
 0.53372 3106.77
 0.53384 3091.79
 0.53396 3081.46
 0.53408 3075.52
 0.5342 3073.9
 0.53432 3076.47
 0.53444 3082.81
 0.53456 3092.27
 0.53468 3103.85
 0.5348 3116.18
 0.53492 3127.69
 0.53504 3137.15
 0.53516 3143.62
 0.53528 3146.23
 0.5354 3144.47
 0.53552 3138.45
 0.53564 3127.78
 0.53576 3112.12
 0.53588 3091.18
 0.536 3065.09
 0.53612 3033.95
 0.53624 2998.18
 0.53636 2958.07
 0.53648 2913.89
 0.5366 2866.36
 0.53672 2816.42
 0.53684 2765.32
 0.53696 2714.2
 0.53708 2663.84
 0.5372 2614.91
 0.53732 2568.09
 0.53744 2523.82
 0.53756 2482.7
 0.53768 2445.84
 0.5378 2414
 0.53792 2387.63
 0.53804 2366.92
 0.53816 2351.72
 0.53828 2341.37
 0.5384 2335.56
 0.53852 2333.97
 0.53864 2335.98
 0.53876 2340.9
 0.53888 2347.94
 0.539 2356.57
 0.53912 2366.21
 0.53924 2376.27
 0.53936 2385.84
 0.53948 2394.04
 0.5396 2399.57
 0.53972 2401.13
 0.53984 2397.92
 0.53996 2389.36
 0.54008 2374.96
 0.5402 2354.95
 0.54032 2329.69
 0.54044 2299.29
 0.54056 2263.93
 0.54068 2223.81
 0.5408 2179.18
 0.54092 2130.29
 0.54104 2077.75
 0.54116 2022.29
 0.54128 1964.94
 0.5414 1907.11
 0.54152 1850.26
 0.54164 1795.76
 0.54176 1744.68
 0.54188 1697.85
 0.542 1656.14
 0.54212 1620.18
 0.54224 1590.14
 0.54236 1566.3
 0.54248 1548.98
 0.5426 1538.51
 0.54272 1535.26
 0.54284 1539.73
 0.54296 1552.22
 0.54308 1572.68
 0.5432 1601.03
 0.54332 1636.97
 0.54344 1679.78
 0.54356 1728.83
 0.54368 1783.56
 0.5438 1843.47
 0.54392 1907.92
 0.54404 1976.13
 0.54416 2047.65
 0.54428 2122.2
 0.5444 2199.46
 0.54452 2279.12
 0.54464 2360.85
 0.54476 2444.02
 0.54488 2527.63
 0.545 2611.01
 0.54512 2693.66
 0.54524 2774.82
 0.54536 2853.86
 0.54548 2930.36
 0.5456 3003.8
 0.54572 3073.72
 0.54584 3139.98
 0.54596 3202.81
 0.54608 3262.34
 0.5462 3318.51
 0.54632 3371.28
 0.54644 3420.66
 0.54656 3466.65
 0.54668 3509.16
 0.5468 3548.77
 0.54692 3586.16
 0.54704 3621.03
 0.54716 3653.08
 0.54728 3682.37
 0.5474 3708.86
 0.54752 3732.86
 0.54764 3754.97
 0.54776 3775.8
 0.54788 3795.48
 0.548 3814
 0.54812 3831.53
 0.54824 3848.08
 0.54836 3863.44
 0.54848 3877.41
 0.5486 3889.8
 0.54872 3900.65
 0.54884 3909.43
 0.54896 3916.2
 0.54908 3922.08
 0.5492 3928.04
 0.54932 3934.98
 0.54944 3943.69
 0.54956 3954.57
 0.54968 3967.71
 0.5498 3982.97
 0.54992 4000.43
 0.55004 4020.04
 0.55016 4041.6
 0.55028 4065.02
 0.5504 4090.21
 0.55052 4117.07
 0.55064 4145.31
 0.55076 4174.38
 0.55088 4203.9
 0.551 4233.05
 0.55112 4260.59
 0.55124 4285.13
 0.55136 4305.27
 0.55148 4319.6
 0.5516 4326.63
 0.55172 4325.17
 0.55184 4314.5
 0.55196 4294.21
 0.55208 4263.92
 0.5522 4223.85
 0.55232 4174.54
 0.55244 4116.75
 0.55256 4051.22
 0.55268 3979.06
 0.5528 3901.66
 0.55292 3820.27
 0.55304 3736.1
 0.55316 3650.72
 0.55328 3565.84
 0.5534 3483.1
 0.55352 3404.48
 0.55364 3332.25
 0.55376 3268.3
 0.55388 3213.97
 0.554 3170.26
 0.55412 3137.93
 0.55424 3116.83
 0.55436 3106.63
 0.55448 3107
 0.5546 3117.65
 0.55472 3138.08
 0.55484 3167.68
 0.55496 3205.96
 0.55508 3252.33
 0.5552 3305.94
 0.55532 3366.23
 0.55544 3432.53
 0.55556 3503.58
 0.55568 3577.83
 0.5558 3654.13
 0.55592 3731.89
 0.55604 3810.78
 0.55616 3891.18
 0.55628 3973.59
 0.5564 4058.26
 0.55652 4145.31
 0.55664 4234.47
 0.55676 4325.16
 0.55688 4416.9
 0.557 4509.46
 0.55712 4602.79
 0.55724 4696.71
 0.55736 4790.78
 0.55748 4885.13
 0.5576 4980.6
 0.55772 5078.27
 0.55784 5178.33
 0.55796 5280.45
 0.55808 5384.07
 0.5582 5488.33
 0.55832 5592.91
 0.55844 5697.27
 0.55856 5801.01
 0.55868 5904.5
 0.5588 6008.57
 0.55892 6113.28
 0.55904 6218.19
 0.55916 6322.79
 0.55928 6426.74
 0.5594 6529.23
 0.55952 6628.44
 0.55964 6722
 0.55976 6807.82
 0.55988 6884.81
 0.56 6951.91
 0.56012 7007.96
 0.56024 7051.69
 0.56036 7081.84
 0.56048 7097.9
 0.5606 7098.75
 0.56072 7082.64
 0.56084 7048.21
 0.56096 6995.11
 0.56108 6923.41
 0.5612 6833.2
 0.56132 6724.79
 0.56144 6599.78
 0.56156 6460.5
 0.56168 6309.48
 0.5618 6148.64
 0.56192 5979.61
 0.56204 5804.22
 0.56216 5624.26
 0.56228 5441.32
 0.5624 5256.58
 0.56252 5071.38
 0.56264 4887.85
 0.56276 4708.12
 0.56288 4533.8
 0.563 4365.89
 0.56312 4205.27
 0.56324 4052.65
 0.56336 3907.99
 0.56348 3770.34
 0.5636 3638.6
 0.56372 3511.78
 0.56384 3389.37
 0.56396 3271.16
 0.56408 3157.14
 0.5642 3047.73
 0.56432 2943.72
 0.56444 2845.7
 0.56456 2753.53
 0.56468 2666.72
 0.5648 2584.87
 0.56492 2507.75
 0.56504 2435.23
 0.56516 2367.31
 0.56528 2304.44
 0.5654 2247.67
 0.56552 2198.17
 0.56564 2156.77
 0.56576 2124.06
 0.56588 2099.92
 0.566 2083.65
 0.56612 2074.2
 0.56624 2070.09
 0.56636 2069.66
 0.56648 2071.79
 0.5666 2075.68
 0.56672 2080.64
 0.56684 2086.11
 0.56696 2091.56
 0.56708 2096.43
 0.5672 2099.94
 0.56732 2101.04
 0.56744 2098.63
 0.56756 2091.96
 0.56768 2080.85
 0.5678 2065.38
 0.56792 2046.47
 0.56804 2025.49
 0.56816 2003.89
 0.56828 1983.33
 0.5684 1965.41
 0.56852 1951.47
 0.56864 1942.75
 0.56876 1940.06
 0.56888 1943.85
 0.569 1954.55
 0.56912 1972.61
 0.56924 1998.55
 0.56936 2032.56
 0.56948 2074.51
 0.5696 2123.95
 0.56972 2179.98
 0.56984 2241.58
 0.56996 2306.77
 0.57008 2373.4
 0.5702 2439.42
 0.57032 2502.98
 0.57044 2562.39
 0.57056 2616.03
 0.57068 2662.46
 0.5708 2701.1
 0.57092 2731.79
 0.57104 2754.42
 0.57116 2768.87
 0.57128 2775.23
 0.5714 2774.24
 0.57152 2766.73
 0.57164 2753.35
 0.57176 2734.88
 0.57188 2712.52
 0.572 2688.26
 0.57212 2664.12
 0.57224 2641.76
 0.57236 2622.36
 0.57248 2606.83
 0.5726 2596.05
 0.57272 2590.7
 0.57284 2590.74
 0.57296 2595.68
 0.57308 2605.09
 0.5732 2618.53
 0.57332 2635.29
 0.57344 2654.3
 0.57356 2674.81
 0.57368 2696.48
 0.5738 2718.91
 0.57392 2741.21
 0.57404 2762.21
 0.57416 2780.82
 0.57428 2796.46
 0.5744 2809.16
 0.57452 2819.27
 0.57464 2827.06
 0.57476 2832.69
 0.57488 2836.82
 0.575 2840.04
 0.57512 2842.77
 0.57524 2845.5
 0.57536 2848.87
 0.57548 2853.59
 0.5756 2860.25
 0.57572 2869.09
 0.57584 2880.4
 0.57596 2894.72
 0.57608 2912.68
 0.5762 2934.79
 0.57632 2960.96
 0.57644 2990.65
 0.57656 3023
 0.57668 3057.46
 0.5768 3093.76
 0.57692 3131.87
 0.57704 3172.27
 0.57716 3215.37
 0.57728 3261.37
 0.5774 3310.35
 0.57752 3362.35
 0.57764 3417.34
 0.57776 3475.58
 0.57788 3537.18
 0.578 3601.89
 0.57812 3669.27
 0.57824 3739.09
 0.57836 3811.52
 0.57848 3886.91
 0.5786 3965.93
 0.57872 4049.08
 0.57884 4136.1
 0.57896 4225.67
 0.57908 4316.43
 0.5792 4407.22
 0.57932 4497.24
 0.57944 4585.48
 0.57956 4670.8
 0.57968 4752.13
 0.5798 4828.14
 0.57992 4897.76
 0.58004 4960.36
 0.58016 5015.4
 0.58028 5062.21
 0.5804 5100.22
 0.58052 5128.65
 0.58064 5146.21
 0.58076 5151.58
 0.58088 5144.95
 0.581 5127.12
 0.58112 5098.81
 0.58124 5060.52
 0.58136 5012.66
 0.58148 4956.26
 0.5816 4892.31
 0.58172 4821.91
 0.58184 4746.33
 0.58196 4666.84
 0.58208 4584.55
 0.5822 4500.61
 0.58232 4415.92
 0.58244 4331.24
 0.58256 4247.74
 0.58268 4167.09
 0.5828 4090.59
 0.58292 4018.56
 0.58304 3951.19
 0.58316 3888.62
 0.58328 3831.17
 0.5834 3778.97
 0.58352 3731.99
 0.58364 3690.46
 0.58376 3654.35
 0.58388 3623.38
 0.584 3597.08
 0.58412 3574.79
 0.58424 3555.86
 0.58436 3539.8
 0.58448 3525.96
 0.5846 3513.49
 0.58472 3501.76
 0.58484 3490.56
 0.58496 3479.79
 0.58508 3469.6
 0.5852 3460.22
 0.58532 3451.66
 0.58544 3443.69
 0.58556 3435.74
 0.58568 3426.91
 0.5858 3416.7
 0.58592 3404.85
 0.58604 3391.35
 0.58616 3376.69
 0.58628 3361.35
 0.5864 3346.16
 0.58652 3332.04
 0.58664 3319.52
 0.58676 3308.63
 0.58688 3299.15
 0.587 3290.66
 0.58712 3282.28
 0.58724 3273.14
 0.58736 3262.98
 0.58748 3251.96
 0.5876 3240.52
 0.58772 3229.27
 0.58784 3218.61
 0.58796 3208.72
 0.58808 3199.2
 0.5882 3189.22
 0.58832 3177.78
 0.58844 3163.4
 0.58856 3144.91
 0.58868 3121.67
 0.5888 3093.45
 0.58892 3060.38
 0.58904 3023.2
 0.58916 2982.87
 0.58928 2940.12
 0.5894 2895.15
 0.58952 2848.08
 0.58964 2799.13
 0.58976 2748.5
 0.58988 2696.42
 0.59 2643.44
 0.59012 2590.73
 0.59024 2539.54
 0.59036 2491.33
 0.59048 2447.73
 0.5906 2410.02
 0.59072 2378.88
 0.59084 2354.63
 0.59096 2337.37
 0.59108 2326.78
 0.5912 2322.62
 0.59132 2324.77
 0.59144 2333.22
 0.59156 2347.76
 0.59168 2367.72
 0.5918 2392.55
 0.59192 2421.76
 0.59204 2454.74
 0.59216 2490.59
 0.59228 2528.55
 0.5924 2568.09
 0.59252 2608.47
 0.59264 2649.12
 0.59276 2690.09
 0.59288 2731.27
 0.593 2772.38
 0.59312 2813.17
 0.59324 2853.52
 0.59336 2893.32
 0.59348 2932.57
 0.5936 2971.73
 0.59372 3011.57
 0.59384 3052.41
 0.59396 3094.3
 0.59408 3137.22
 0.5942 3181.27
 0.59432 3226.08
 0.59444 3270.69
 0.59456 3314.51
 0.59468 3356.93
 0.5948 3397.23
 0.59492 3435.24
 0.59504 3471.24
 0.59516 3505.41
 0.59528 3537.71
 0.5954 3568.04
 0.59552 3595.97
 0.59564 3620.59
 0.59576 3640.87
 0.59588 3656.54
 0.596 3667.29
 0.59612 3672.78
 0.59624 3672.74
 0.59636 3667.64
 0.59648 3658.81
 0.5966 3647.45
 0.59672 3634.7
 0.59684 3621.49
 0.59696 3608.1
 0.59708 3594.51
 0.5972 3580.81
 0.59732 3567.11
 0.59744 3553.71
 0.59756 3541.27
 0.59768 3530.89
 0.5978 3523.7
 0.59792 3520.64
 0.59804 3523.1
 0.59816 3532.63
 0.59828 3550.54
 0.5984 3577.04
 0.59852 3611.06
 0.59864 3651.23
 0.59876 3696.25
 0.59888 3745.21
 0.599 3797.69
 0.59912 3853.44
 0.59924 3912.13
 0.59936 3973.36
 0.59948 4036.71
 0.5996 4101.7
 0.59972 4167.5
 0.59984 4233.01
 0.59996 4296.68
 0.60008 4356.39
 0.6002 4409.53
 0.60032 4454.05
 0.60044 4489.25
 0.60056 4515.84
 0.60068 4534.76
 0.6008 4546.75
 0.60092 4552.04
 0.60104 4550.53
 0.60116 4542.03
 0.60128 4526.83
 0.6014 4505.29
 0.60152 4477.12
 0.60164 4441.82
 0.60176 4399.18
 0.60188 4349.42
 0.602 4293.23
 0.60212 4232.28
 0.60224 4168.78
 0.60236 4104.38
 0.60248 4039.77
 0.6026 3974.79
 0.60272 3909.42
 0.60284 3843.79
 0.60296 3778.55
 0.60308 3714.59
 0.6032 3652.62
 0.60332 3592.72
 0.60344 3535.42
 0.60356 3482.18
 0.60368 3434.75
 0.6038 3394.71
 0.60392 3363.52
 0.60404 3341.98
 0.60416 3329.93
 0.60428 3326.84
 0.6044 3332.22
 0.60452 3345.96
 0.60464 3368.03
 0.60476 3398.48
 0.60488 3437.39
 0.605 3484.39
 0.60512 3539.06
 0.60524 3601.35
 0.60536 3671.27
 0.60548 3748.08
 0.6056 3830.37
 0.60572 3916.15
 0.60584 4003.33
 0.60596 4089.85
 0.60608 4174.27
 0.6062 4255.5
 0.60632 4332.71
 0.60644 4405.48
 0.60656 4473.41
 0.60668 4536.16
 0.6068 4592.61
 0.60692 4641.57
 0.60704 4682.08
 0.60716 4712.97
 0.60728 4732.78
 0.6074 4740.63
 0.60752 4736.15
 0.60764 4719.6
 0.60776 4692.02
 0.60788 4654.82
 0.608 4609.48
 0.60812 4557.65
 0.60824 4501
 0.60836 4440.56
 0.60848 4376.86
 0.6086 4310.35
 0.60872 4241.96
 0.60884 4173.56
 0.60896 4106.93
 0.60908 4043.84
 0.6092 3986.41
 0.60932 3936.57
 0.60944 3895.7
 0.60956 3864.85
 0.60968 3844.59
 0.6098 3834.78
 0.60992 3833.97
 0.61004 3840.3
 0.61016 3851.44
 0.61028 3865.34
 0.6104 3880.89
 0.61052 3897.23
 0.61064 3913.53
 0.61076 3928.25
 0.61088 3939.36
 0.611 3945.02
 0.61112 3943.44
 0.61124 3932.8
 0.61136 3911.8
 0.61148 3879.53
 0.6116 3835.29
 0.61172 3778.52
 0.61184 3709.79
 0.61196 3631.32
 0.61208 3545.68
 0.6122 3455.56
 0.61232 3363.16
 0.61244 3269.98
 0.61256 3177.33
 0.61268 3086.38
 0.6128 2998.92
 0.61292 2916.97
 0.61304 2842.37
 0.61316 2776.69
 0.61328 2721.22
 0.6134 2676.74
 0.61352 2643.71
 0.61364 2622.56
 0.61376 2613.61
 0.61388 2616.09
 0.614 2628.44
 0.61412 2648.92
 0.61424 2675.82
 0.61436 2707.82
 0.61448 2744.04
 0.6146 2783.87
 0.61472 2826.66
 0.61484 2871.23
 0.61496 2916.31
 0.61508 2960.78
 0.6152 3003.43
 0.61532 3043.29
 0.61544 3079.7
 0.61556 3112.02
 0.61568 3139.61
 0.6158 3161.97
 0.61592 3178.95
 0.61604 3190.65
 0.61616 3197.24
 0.61628 3198.9
 0.6164 3195.65
 0.61652 3187.39
 0.61664 3174.12
 0.61676 3156.27
 0.61688 3134.53
 0.617 3109.58
 0.61712 3082.41
 0.61724 3054.48
 0.61736 3026.96
 0.61748 3001.04
 0.6176 2978.1
 0.61772 2959.53
 0.61784 2946.54
 0.61796 2940.31
 0.61808 2942.13
 0.6182 2952.99
 0.61832 2973.67
 0.61844 3004.77
 0.61856 3046.45
 0.61868 3098.17
 0.6188 3159.04
 0.61892 3227.76
 0.61904 3302.91
 0.61916 3382.6
 0.61928 3464.82
 0.6194 3547.87
 0.61952 3629.83
 0.61964 3708.46
 0.61976 3781.67
 0.61988 3847.73
 0.62 3904.64
 0.62012 3950.36
 0.62024 3983.33
 0.62036 4002.25
 0.62048 4006.35
 0.6206 3995.58
 0.62072 3970.27
 0.62084 3930.98
 0.62096 3878.89
 0.62108 3815.36
 0.6212 3741.93
 0.62132 3660.04
 0.62144 3571.05
 0.62156 3476.74
 0.62168 3379.1
 0.6218 3279.58
 0.62192 3179.27
 0.62204 3079.78
 0.62216 2982.64
 0.62228 2889.22
 0.6224 2800.46
 0.62252 2717.03
 0.62264 2639.5
 0.62276 2568.75
 0.62288 2505.59
 0.623 2450.51
 0.62312 2403.99
 0.62324 2366.42
 0.62336 2338.29
 0.62348 2319.85
 0.6236 2310.89
 0.62372 2311.4
 0.62384 2322.21
 0.62396 2344.3
 0.62408 2378.32
 0.6242 2424.92
 0.62432 2485.08
 0.62444 2560.01
 0.62456 2650.43
 0.62468 2756.61
 0.6248 2878.46
 0.62492 3015.55
 0.62504 3167.25
 0.62516 3332.74
 0.62528 3510.69
 0.6254 3699.58
 0.62552 3898.18
 0.62564 4105.38
 0.62576 4319.72
 0.62588 4538.91
 0.626 4760.16
 0.62612 4980.57
 0.62624 5196.86
 0.62636 5405.39
 0.62648 5602.82
 0.6266 5786.62
 0.62672 5954.18
 0.62684 6103.13
 0.62696 6231.65
 0.62708 6338.13
 0.6272 6421.59
 0.62732 6482.08
 0.62744 6519.8
 0.62756 6535.06
 0.62768 6528
 0.6278 6498.82
 0.62792 6448.85
 0.62804 6380.1
 0.62816 6295.07
 0.62828 6196.55
 0.6284 6087.12
 0.62852 5968.96
 0.62864 5844.01
 0.62876 5714.78
 0.62888 5583.5
 0.629 5452.43
 0.62912 5323.93
 0.62924 5199.73
 0.62936 5081.02
 0.62948 4968.71
 0.6296 4863.58
 0.62972 4767.02
 0.62984 4680.21
 0.62996 4603.29
 0.63008 4536.1
 0.6302 4478.05
 0.63032 4429.1
 0.63044 4389.62
 0.63056 4360.25
 0.63068 4341.48
 0.6308 4333.48
 0.63092 4336.33
 0.63104 4349.49
 0.63116 4372.23
 0.63128 4403.84
 0.6314 4443.7
 0.63152 4491.24
 0.63164 4545.69
 0.63176 4605.87
 0.63188 4671.08
 0.632 4741.16
 0.63212 4816.13
 0.63224 4896.03
 0.63236 4979.97
 0.63248 5066.61
 0.6326 5154.08
 0.63272 5240.55
 0.63284 5324.39
 0.63296 5404.18
 0.63308 5478.52
 0.6332 5545.97
 0.63332 5605.49
 0.63344 5656.3
 0.63356 5698.18
 0.63368 5730.92
 0.6338 5754.26
 0.63392 5767.46
 0.63404 5769.51
 0.63416 5759.09
 0.63428 5735.21
 0.6344 5697.53
 0.63452 5646.34
 0.63464 5582.69
 0.63476 5507.61
 0.63488 5422.08
 0.635 5327.8
 0.63512 5227.19
 0.63524 5122.6
 0.63536 5016.07
 0.63548 4908.81
 0.6356 4801.39
 0.63572 4694.47
 0.63584 4589.05
 0.63596 4486.26
 0.63608 4387.43
 0.6362 4294.01
 0.63632 4207.17
 0.63644 4128.04
 0.63656 4056.94
 0.63668 3993.57
 0.6368 3937.63
 0.63692 3888.37
 0.63704 3843.89
 0.63716 3801.96
 0.63728 3760.48
 0.6374 3717.63
 0.63752 3672.46
 0.63764 3624.71
 0.63776 3574.17
 0.63788 3520.48
 0.638 3463.55
 0.63812 3403.35
 0.63824 3339.88
 0.63836 3273.11
 0.63848 3202.92
 0.6386 3129.84
 0.63872 3054.68
 0.63884 2978.26
 0.63896 2902.04
 0.63908 2828.3
 0.6392 2759.32
 0.63932 2697.36
 0.63944 2644.37
 0.63956 2601.73
 0.63968 2570.2
 0.6398 2550.16
 0.63992 2541.67
 0.64004 2544.41
 0.64016 2557.81
 0.64028 2581.23
 0.6404 2614.11
 0.64052 2656.11
 0.64064 2706.78
 0.64076 2765.67
 0.64088 2832.42
 0.641 2905.62
 0.64112 2983.07
 0.64124 3062.38
 0.64136 3141.25
 0.64148 3217.64
 0.6416 3289.62
 0.64172 3355.77
 0.64184 3415.05
 0.64196 3466.89
 0.64208 3510.95
 0.6422 3547.03
 0.64232 3574.92
 0.64244 3594.29
 0.64256 3604.17
 0.64268 3603.45
 0.6428 3590.95
 0.64292 3565.83
 0.64304 3528.66
 0.64316 3480.69
 0.64328 3423.34
 0.6434 3357.98
 0.64352 3285.92
 0.64364 3208.59
 0.64376 3127.43
 0.64388 3043.78
 0.644 2958.77
 0.64412 2873.64
 0.64424 2789.78
 0.64436 2708.57
 0.64448 2631.79
 0.6446 2561.89
 0.64472 2501.18
 0.64484 2451.79
 0.64496 2415.18
 0.64508 2392.02
 0.6452 2382.67
 0.64532 2387.35
 0.64544 2406.03
 0.64556 2438.48
 0.64568 2484.07
 0.6458 2541.6
 0.64592 2609.89
 0.64604 2687.47
 0.64616 2772.63
 0.64628 2863.51
 0.6464 2958.05
 0.64652 3053.38
 0.64664 3146.56
 0.64676 3234.74
 0.64688 3315.4
 0.647 3386.41
 0.64712 3445.95
 0.64724 3492.3
 0.64736 3524.11
 0.64748 3540.57
 0.6476 3541.25
 0.64772 3526.5
 0.64784 3496.93
 0.64796 3453.38
 0.64808 3397.12
 0.6482 3329.55
 0.64832 3252.18
 0.64844 3167.36
 0.64856 3078.14
 0.64868 2987.48
 0.6488 2898.54
 0.64892 2814.25
 0.64904 2737.02
 0.64916 2668.87
 0.64928 2611.58
 0.6494 2566.39
 0.64952 2534.11
 0.64964 2515.02
 0.64976 2508.93
 0.64988 2515.78
 0.65 2534.84
 0.65012 2565.22
 0.65024 2606.06
 0.65036 2656.14
 0.65048 2713.39
 0.6506 2775.47
 0.65072 2839.97
 0.65084 2904.23
 0.65096 2965.91
 0.65108 3023.29
 0.6512 3074.99
 0.65132 3120.09
 0.65144 3158.06
 0.65156 3188.53
 0.65168 3211.45
 0.6518 3226.78
 0.65192 3234.73
 0.65204 3235.97
 0.65216 3230.9
 0.65228 3220.04
 0.6524 3204.41
 0.65252 3185.26
 0.65264 3163.78
 0.65276 3141.2
 0.65288 3118.86
 0.653 3097.92
 0.65312 3079.52
 0.65324 3064.54
 0.65336 3053.39
 0.65348 3046.39
 0.6536 3043.82
 0.65372 3046.01
 0.65384 3053.29
 0.65396 3065.57
 0.65408 3083.06
 0.6542 3106.15
 0.65432 3134.67
 0.65444 3168.04
 0.65456 3206
 0.65468 3248.43
 0.6548 3295.37
 0.65492 3346.73
 0.65504 3401.97
 0.65516 3460.15
 0.65528 3520.78
 0.6554 3583.6
 0.65552 3648.42
 0.65564 3714.77
 0.65576 3781.9
 0.65588 3849.05
 0.656 3915.57
 0.65612 3980.33
 0.65624 4042.74
 0.65636 4102.87
 0.65648 4160.83
 0.6566 4216.25
 0.65672 4268.48
 0.65684 4316.69
 0.65696 4360.34
 0.65708 4399.75
 0.6572 4435.26
 0.65732 4466.92
 0.65744 4494.46
 0.65756 4517.65
 0.65768 4537.01
 0.6578 4553.36
 0.65792 4567.52
 0.65804 4580.28
 0.65816 4592.28
 0.65828 4603.18
 0.6584 4612.43
 0.65852 4619.73
 0.65864 4625.36
 0.65876 4629.78
 0.65888 4633.5
 0.659 4636.72
 0.65912 4639.3
 0.65924 4641.23
 0.65936 4642.83
 0.65948 4644.8
 0.6596 4647.51
 0.65972 4650.59
 0.65984 4653.44
 0.65996 4655.69
 0.66008 4657.1
 0.6602 4658.18
 0.66032 4659.93
 0.66044 4663.22
 0.66056 4668.5
 0.66068 4675.92
 0.6608 4685.9
 0.66092 4698.95
 0.66104 4715.42
 0.66116 4735.28
 0.66128 4758.29
 0.6614 4783.57
 0.66152 4810.13
 0.66164 4837.52
 0.66176 4865.67
 0.66188 4894.51
 0.662 4923.67
 0.66212 4952.78
 0.66224 4980.94
 0.66236 5007.34
 0.66248 5031.45
 0.6626 5052.78
 0.66272 5070.67
 0.66284 5083.75
 0.66296 5090.52
 0.66308 5090.03
 0.6632 5081.89
 0.66332 5066.39
 0.66344 5044.25
 0.66356 5015.7
 0.66368 4980.61
 0.6638 4938.81
 0.66392 4890.38
 0.66404 4835.59
 0.66416 4774.62
 0.66428 4707.84
 0.6644 4635.42
 0.66452 4557.51
 0.66464 4474.77
 0.66476 4388.04
 0.66488 4299.03
 0.665 4209.54
 0.66512 4121.11
 0.66524 4034.81
 0.66536 3950.73
 0.66548 3869.26
 0.6656 3791.4
 0.66572 3718.4
 0.66584 3651.46
 0.66596 3591.51
 0.66608 3539.23
 0.6662 3495.11
 0.66632 3459.44
 0.66644 3432.63
 0.66656 3414.64
 0.66668 3404.91
 0.6668 3402.77
 0.66692 3406.91
 0.66704 3415.94
 0.66716 3428.37
 0.66728 3443.37
 0.6674 3460.76
 0.66752 3479.88
 0.66764 3499.66
 0.66776 3518.46
 0.66788 3534.38
 0.668 3545.73
 0.66812 3551.22
 0.66824 3550.1
 0.66836 3541.75
 0.66848 3525.67
 0.6686 3501.85
 0.66872 3470.64
 0.66884 3432.76
 0.66896 3389.25
 0.66908 3341.28
 0.6692 3290.05
 0.66932 3236.28
 0.66944 3180.58
 0.66956 3123.76
 0.66968 3067.15
 0.6698 3012.6
 0.66992 2962.28
 0.67004 2918.28
 0.67016 2882.02
 0.67028 2854.19
 0.6704 2835.15
 0.67052 2825.33
 0.67064 2825
 0.67076 2834.17
 0.67088 2852.26
 0.671 2878.3
 0.67112 2911.04
 0.67124 2949.14
 0.67136 2991.24
 0.67148 3035.78
 0.6716 3080.91
 0.67172 3124.61
 0.67184 3164.98
 0.67196 3199.9
 0.67208 3227.47
 0.6722 3246.62
 0.67232 3257.25
 0.67244 3259.37
 0.67256 3252.83
 0.67268 3237.21
 0.6728 3212.11
 0.67292 3177.89
 0.67304 3135.39
 0.67316 3085.93
 0.67328 3030.81
 0.6734 2971.53
 0.67352 2909.87
 0.67364 2847.82
 0.67376 2786.93
 0.67388 2728.54
 0.674 2674.02
 0.67412 2624.44
 0.67424 2579.99
 0.67436 2540.39
 0.67448 2505.22
 0.6746 2474.24
 0.67472 2447.68
 0.67484 2425.83
 0.67496 2408.5
 0.67508 2395.03
 0.6752 2384.6
 0.67532 2376.67
 0.67544 2370.68
 0.67556 2365.96
 0.67568 2362.16
 0.6758 2359.24
 0.67592 2357.18
 0.67604 2356.02
 0.67616 2356.09
 0.67628 2358.22
 0.6764 2363.21
 0.67652 2372.1
 0.67664 2385.7
 0.67676 2404.41
 0.67688 2428.33
 0.677 2457.74
 0.67712 2493.07
 0.67724 2534.59
 0.67736 2582.25
 0.67748 2635.73
 0.6776 2694.48
 0.67772 2757.49
 0.67784 2823.67
 0.67796 2891.98
 0.67808 2961.53
 0.6782 3031.3
 0.67832 3100.33
 0.67844 3167.94
 0.67856 3233.16
 0.67868 3295.22
 0.6788 3353.42
 0.67892 3407.42
 0.67904 3456.76
 0.67916 3501.13
 0.67928 3540.2
 0.6794 3573.86
 0.67952 3602.27
 0.67964 3626.13
 0.67976 3646.4
 0.67988 3664.06
 0.68 3679.83
 0.68012 3693.85
 0.68024 3705.97
 0.68036 3715.63
 0.68048 3722.09
 0.6806 3724.94
 0.68072 3723.89
 0.68084 3719.02
 0.68096 3710.41
 0.68108 3698.07
 0.6812 3681.95
 0.68132 3662.32
 0.68144 3639.38
 0.68156 3613.17
 0.68168 3583.17
 0.6818 3548.84
 0.68192 3509.59
 0.68204 3465.31
 0.68216 3416.63
 0.68228 3364.87
 0.6824 3311.7
 0.68252 3258.78
 0.68264 3207.6
 0.68276 3159.45
 0.68288 3115.3
 0.683 3076.11
 0.68312 3042.91
 0.68324 3016.62
 0.68336 2997.83
 0.68348 2986.96
 0.6836 2984.57
 0.68372 2991.52
 0.68384 3008.49
 0.68396 3036.31
 0.68408 3075.38
 0.6842 3125.14
 0.68432 3184.19
 0.68444 3251.03
 0.68456 3324.03
 0.68468 3401.43
 0.6848 3481.1
 0.68492 3560.76
 0.68504 3638.3
 0.68516 3711.63
 0.68528 3778.81
 0.6854 3838.13
 0.68552 3888.2
 0.68564 3927.52
 0.68576 3954.88
 0.68588 3969.28
 0.686 3969.58
 0.68612 3955.43
 0.68624 3927.72
 0.68636 3887.84
 0.68648 3837.2
 0.6866 3777.34
 0.68672 3710.1
 0.68684 3638.21
 0.68696 3564.21
 0.68708 3490.37
 0.6872 3418.92
 0.68732 3352.02
 0.68744 3291.68
 0.68756 3239.6
 0.68768 3196.83
 0.6878 3163.8
 0.68792 3140.95
 0.68804 3128.38
 0.68816 3125.12
 0.68828 3129.46
 0.6884 3139.58
 0.68852 3153.83
 0.68864 3170.7
 0.68876 3188.43
 0.68888 3205.04
 0.689 3219.11
 0.68912 3229.37
 0.68924 3234.48
 0.68936 3233.21
 0.68948 3224.45
 0.6896 3207.81
 0.68972 3184.35
 0.68984 3155.34
 0.68996 3121.87
 0.69008 3085.61
 0.6902 3048.98
 0.69032 3014.69
 0.69044 2985.52
 0.69056 2963.9
 0.69068 2952.04
 0.6908 2951.75
 0.69092 2964.2
 0.69104 2990.29
 0.69116 3031.14
 0.69128 3087.78
 0.6914 3160.95
 0.69152 3251.27
 0.69164 3358.15
 0.69176 3479.66
 0.69188 3614.27
 0.692 3760.69
 0.69212 3917.26
 0.69224 4081.52
 0.69236 4250.47
 0.69248 4420.68
 0.6926 4588.95
 0.69272 4752.41
 0.69284 4909.37
 0.69296 5058.69
 0.69308 5198.78
 0.6932 5327.7
 0.69332 5443.61
 0.69344 5544.87
 0.69356 5629.78
 0.69368 5697.93
 0.6938 5749.53
 0.69392 5784.28
 0.69404 5801.61
 0.69416 5801.34
 0.69428 5784.14
 0.6944 5751.59
 0.69452 5705.88
 0.69464 5648.94
 0.69476 5582.2
 0.69488 5505.7
 0.695 5419.47
 0.69512 5324.43
 0.69524 5222.03
 0.69536 5113.92
 0.69548 5001.86
 0.6956 4887.73
 0.69572 4772.62
 0.69584 4657.54
 0.69596 4543.72
 0.69608 4432.42
 0.6962 4324.54
 0.69632 4220.5
 0.69644 4120.05
 0.69656 4022.9
 0.69668 3929.05
 0.6968 3839.21
 0.69692 3755.24
 0.69704 3678.54
 0.69716 3609.5
 0.69728 3547.94
 0.6974 3493.49
 0.69752 3445.57
 0.69764 3403.62
 0.69776 3367.44
 0.69788 3336.78
 0.698 3311.53
 0.69812 3291.93
 0.69824 3278.47
 0.69836 3271.87
 0.69848 3272.84
 0.6986 3281.52
 0.69872 3297.54
 0.69884 3319.73
 0.69896 3346.42
 0.69908 3376.58
 0.6992 3409.99
 0.69932 3446.55
 0.69944 3486.29
 0.69956 3529.27
 0.69968 3575.14
 0.6998 3623.28
 0.69992 3673.05
 0.70004 3723.39
 0.70016 3772.79
 0.70028 3819.24
 0.7004 3860.52
 0.70052 3894.86
 0.70064 3921.27
 0.70076 3939.56
 0.70088 3950.01
 0.701 3952.92
 0.70112 3948.24
 0.70124 3935.79
 0.70136 3915.28
 0.70148 3886.28
 0.7016 3848.5
 0.70172 3802.27
 0.70184 3747.93
 0.70196 3686.19
 0.70208 3618.08
 0.7022 3545.13
 0.70232 3469.52
 0.70244 3393.54
 0.70256 3319.09
 0.70268 3247.46
 0.7028 3179.45
 0.70292 3115.69
 0.70304 3056.5
 0.70316 3001.83
 0.70328 2951.34
 0.7034 2905.07
 0.70352 2863.22
 0.70364 2825.85
 0.70376 2793.04
 0.70388 2765.01
 0.704 2741.49
 0.70412 2721.96
 0.70424 2705.62
 0.70436 2691.33
 0.70448 2678
 0.7046 2664.73
 0.70472 2650.79
 0.70484 2635.62
 0.70496 2619.07
 0.70508 2601.63
 0.7052 2584.84
 0.70532 2570.26
 0.70544 2559
 0.70556 2552.03
 0.70568 2550.27
 0.7058 2553.91
 0.70592 2562.92
 0.70604 2577.76
 0.70616 2598.9
 0.70628 2626.68
 0.7064 2661.48
 0.70652 2703.48
 0.70664 2752.79
 0.70676 2809.41
 0.70688 2873.11
 0.707 2943.28
 0.70712 3018.48
 0.70724 3096.68
 0.70736 3176.19
 0.70748 3255.66
 0.7076 3333.49
 0.70772 3408.27
 0.70784 3479.47
 0.70796 3546.44
 0.70808 3608.22
 0.7082 3664.15
 0.70832 3713.64
 0.70844 3756.04
 0.70856 3790.84
 0.70868 3817.5
 0.7088 3835.74
 0.70892 3845.22
 0.70904 3845.8
 0.70916 3837.87
 0.70928 3821.84
 0.7094 3797.93
 0.70952 3766.36
 0.70964 3727.88
 0.70976 3682.79
 0.70988 3631.32
 0.71 3574.12
 0.71012 3511.92
 0.71024 3445.39
 0.71036 3375.59
 0.71048 3303.7
 0.7106 3231.11
 0.71072 3159.2
 0.71084 3089.25
 0.71096 3023.07
 0.71108 2962.27
 0.7112 2907.97
 0.71132 2861.14
 0.71144 2822.77
 0.71156 2793.6
 0.71168 2774.43
 0.7118 2766.32
 0.71192 2769.82
 0.71204 2785.08
 0.71216 2812.1
 0.71228 2850.23
 0.7124 2898.41
 0.71252 2955.39
 0.71264 3019.76
 0.71276 3090.03
 0.71288 3164.59
 0.713 3241.3
 0.71312 3318.33
 0.71324 3394.49
 0.71336 3468.6
 0.71348 3539.52
 0.7136 3606.24
 0.71372 3667.14
 0.71384 3720.4
 0.71396 3764.6
 0.71408 3798.55
 0.7142 3821.5
 0.71432 3833.57
 0.71444 3834.97
 0.71456 3826.01
 0.71468 3807.02
 0.7148 3778.39
 0.71492 3740.66
 0.71504 3694.75
 0.71516 3641.14
 0.71528 3580.02
 0.7154 3511.8
 0.71552 3436.71
 0.71564 3355.01
 0.71576 3267.86
 0.71588 3176.62
 0.716 3082.64
 0.71612 2987.19
 0.71624 2891.05
 0.71636 2794.66
 0.71648 2698.46
 0.7166 2602.88
 0.71672 2508.41
 0.71684 2415.72
 0.71696 2325.3
 0.71708 2237.52
 0.7172 2153.15
 0.71732 2072.98
 0.71744 1997.55
 0.71756 1927.63
 0.71768 1863.61
 0.7178 1805.41
 0.71792 1752.6
 0.71804 1704.73
 0.71816 1661.4
 0.71828 1622.34
 0.7184 1587.46
 0.71852 1556.86
 0.71864 1530.63
 0.71876 1508.72
 0.71888 1490.94
 0.719 1477.16
 0.71912 1467.23
 0.71924 1460.66
 0.71936 1457.12
 0.71948 1456.52
 0.7196 1458.76
 0.71972 1464.19
 0.71984 1473.45
 0.71996 1487.44
 0.72008 1506.91
 0.7202 1532.61
 0.72032 1565.25
 0.72044 1604.89
 0.72056 1651.15
 0.72068 1703.73
 0.7208 1762.38
 0.72092 1826.96
 0.72104 1897.36
 0.72116 1973.48
 0.72128 2055.27
 0.7214 2142.31
 0.72152 2234.09
 0.72164 2329.86
 0.72176 2428.46
 0.72188 2528.13
 0.722 2627.12
 0.72212 2723.63
 0.72224 2815.86
 0.72236 2902.24
 0.72248 2982.23
 0.7226 3055.46
 0.72272 3121.37
 0.72284 3179.33
 0.72296 3228.4
 0.72308 3267.64
 0.7232 3296.17
 0.72332 3313.38
 0.72344 3318.92
 0.72356 3312.49
 0.72368 3293.99
 0.7238 3263.91
 0.72392 3223.32
 0.72404 3173.48
 0.72416 3115.86
 0.72428 3051.82
 0.7244 2982.37
 0.72452 2907.95
 0.72464 2829.3
 0.72476 2747.38
 0.72488 2663.48
 0.725 2579.2
 0.72512 2496.07
 0.72524 2415.61
 0.72536 2339.09
 0.72548 2267.85
 0.7256 2203.41
 0.72572 2147.24
 0.72584 2100.57
 0.72596 2064.13
 0.72608 2038.38
 0.7262 2023.7
 0.72632 2020.72
 0.72644 2030.02
 0.72656 2052.42
 0.72668 2088.19
 0.7268 2137.39
 0.72692 2199.81
 0.72704 2275.07
 0.72716 2362.81
 0.72728 2462.64
 0.7274 2574.09
 0.72752 2695.93
 0.72764 2826.38
 0.72776 2963.02
 0.72788 3103.04
 0.728 3243.93
 0.72812 3383.3
 0.72824 3518.71
 0.72836 3647.8
 0.72848 3768.48
 0.7286 3878.6
 0.72872 3976.31
 0.72884 4059.63
 0.72896 4126.72
 0.72908 4175.99
 0.7292 4205.91
 0.72932 4214.98
 0.72944 4202.21
 0.72956 4167.85
 0.72968 4113.02
 0.7298 4040.09
 0.72992 3952.04
 0.73004 3851.85
 0.73016 3742.58
 0.73028 3627.27
 0.7304 3508.47
 0.73052 3388.46
 0.73064 3269.67
 0.73076 3154.9
 0.73088 3047.01
 0.731 2948.59
 0.73112 2862.06
 0.73124 2789.81
 0.73136 2734.15
 0.73148 2696.78
 0.7316 2678.37
 0.73172 2678.77
 0.73184 2696.81
 0.73196 2730.83
 0.73208 2778.77
 0.7322 2838.21
 0.73232 2906.85
 0.73244 2982.75
 0.73256 3064
 0.73268 3148.27
 0.7328 3232.92
 0.73292 3315.62
 0.73304 3394.08
 0.73316 3466.02
 0.73328 3529.19
 0.7334 3581.34
 0.73352 3620.7
 0.73364 3646.06
 0.73376 3656.75
 0.73388 3652.31
 0.734 3632.86
 0.73412 3599.05
 0.73424 3552.05
 0.73436 3492.94
 0.73448 3422.8
 0.7346 3343
 0.73472 3255.13
 0.73484 3160.86
 0.73496 3061.57
 0.73508 2958.66
 0.7352 2853.55
 0.73532 2747.73
 0.73544 2642.81
 0.73556 2540.13
 0.73568 2440.82
 0.7358 2346.1
 0.73592 2257.34
 0.73604 2175.55
 0.73616 2101.42
 0.73628 2035.44
 0.7364 1978.05
 0.73652 1929.45
 0.73664 1889.65
 0.73676 1858.58
 0.73688 1836.05
 0.737 1822.24
 0.73712 1817.48
 0.73724 1822
 0.73736 1835.5
 0.73748 1857.47
 0.7376 1887.4
 0.73772 1924.59
 0.73784 1967.8
 0.73796 2015.61
 0.73808 2066.65
 0.7382 2119.38
 0.73832 2172.37
 0.73844 2224.46
 0.73856 2274.83
 0.73868 2322.73
 0.7388 2367.5
 0.73892 2408.39
 0.73904 2444.29
 0.73916 2474.08
 0.73928 2497.06
 0.7394 2513.45
 0.73952 2523.55
 0.73964 2527.84
 0.73976 2527.18
 0.73988 2523
 0.74 2516.74
 0.74012 2510.04
 0.74024 2504.8
 0.74036 2502.57
 0.74048 2504.19
 0.7406 2510.08
 0.74072 2520.54
 0.74084 2535.99
 0.74096 2557.1
 0.74108 2584.67
 0.7412 2619.12
 0.74132 2660.1
 0.74144 2706.77
 0.74156 2758.28
 0.74168 2813.73
 0.7418 2871.68
 0.74192 2930.28
 0.74204 2987.73
 0.74216 3041.91
 0.74228 3090.67
 0.7424 3132.66
 0.74252 3167.39
 0.74264 3194.85
 0.74276 3215.11
 0.74288 3228.16
 0.743 3233.79
 0.74312 3231.76
 0.74324 3222.54
 0.74336 3207.13
 0.74348 3186.56
 0.7436 3161.66
 0.74372 3133.35
 0.74384 3103.23
 0.74396 3073.1
 0.74408 3044.79
 0.7442 3020.12
 0.74432 3000.68
 0.74444 2986.98
 0.74456 2978.9
 0.74468 2975.86
 0.7448 2977.09
 0.74492 2981.43
 0.74504 2987.96
 0.74516 2995.63
 0.74528 3002.99
 0.7454 3008.43
 0.74552 3010.43
 0.74564 3007.91
 0.74576 2999.52
 0.74588 2983.64
 0.746 2958.59
 0.74612 2923
 0.74624 2875.76
 0.74636 2816.21
 0.74648 2744.64
 0.7466 2661.65
 0.74672 2568.29
 0.74684 2465.98
 0.74696 2356.65
 0.74708 2241.96
 0.7472 2123.64
 0.74732 2003.52
 0.74744 1883.47
 0.74756 1765.26
 0.74768 1650.52
 0.7478 1540.87
 0.74792 1437.84
 0.74804 1342.83
 0.74816 1256.87
 0.74828 1180.8
 0.7484 1115.08
 0.74852 1059.72
 0.74864 1014.59
 0.74876 979.343
 0.74888 953.445
 0.749 936.462
 0.74912 928.136
 0.74924 928.249
 0.74936 936.553
 0.74948 952.542
 0.7496 975.586
 0.74972 1004.82
 0.74984 1039.51
 0.74996 1079.16
 0.75008 1123.56
 0.7502 1172.7
 0.75032 1226.59
 0.75044 1285.43
 0.75056 1349.53
 0.75068 1419.21
 0.7508 1494.55
 0.75092 1575.33
 0.75104 1660.93
 0.75116 1750.47
 0.75128 1842.98
 0.7514 1937.61
 0.75152 2034.01
 0.75164 2132.04
 0.75176 2231.93
 0.75188 2333.84
 0.752 2437.19
 0.75212 2540.69
 0.75224 2642.94
 0.75236 2742.52
 0.75248 2837.78
 0.7526 2926.9
 0.75272 3008.28
 0.75284 3080.74
 0.75296 3143.43
 0.75308 3195.74
 0.7532 3237.41
 0.75332 3268.28
 0.75344 3288.04
 0.75356 3295.99
 0.75368 3291.37
 0.7538 3273.22
 0.75392 3240.78
 0.75404 3194.46
 0.75416 3135.4
 0.75428 3064.79
 0.7544 2983.88
 0.75452 2894.4
 0.75464 2798.22
 0.75476 2697.13
 0.75488 2592.72
 0.755 2486.8
 0.75512 2381.2
 0.75524 2277.59
 0.75536 2177.38
 0.75548 2082
 0.7556 1993.17
 0.75572 1912.49
 0.75584 1841.77
 0.75596 1782.77
 0.75608 1736.61
 0.7562 1704.27
 0.75632 1686.7
 0.75644 1684.77
 0.75656 1699.04
 0.75668 1729.66
 0.7568 1776.54
 0.75692 1839.3
 0.75704 1916.93
 0.75716 2008.08
 0.75728 2111.6
 0.7574 2226.95
 0.75752 2353.53
 0.75764 2490.52
 0.75776 2637.07
 0.75788 2791.71
 0.758 2952.71
 0.75812 3117.93
 0.75824 3285
 0.75836 3451.55
 0.75848 3615.2
 0.7586 3773.56
 0.75872 3924.96
 0.75884 4068.15
 0.75896 4202.56
 0.75908 4328.39
 0.7592 4445.87
 0.75932 4554.29
 0.75944 4652.01
 0.75956 4737.47
 0.75968 4809.09
 0.7598 4865.55
 0.75992 4906.35
 0.76004 4931.44
 0.76016 4941.62
 0.76028 4937.87
 0.7604 4921.15
 0.76052 4892.66
 0.76064 4853.67
 0.76076 4804.9
 0.76088 4746.27
 0.761 4676.8
 0.76112 4595.25
 0.76124 4501.41
 0.76136 4396.39
 0.76148 4282.36
 0.7616 4161.59
 0.76172 4036.7
 0.76184 3909.78
 0.76196 3782.33
 0.76208 3655.54
 0.7622 3530.17
 0.76232 3406.99
 0.76244 3286.76
 0.76256 3170.11
 0.76268 3057.74
 0.7628 2950.74
 0.76292 2851.45
 0.76304 2762.63
 0.76316 2686.48
 0.76328 2623.8
 0.7634 2574.35
 0.76352 2537.3
 0.76364 2511.59
 0.76376 2496
 0.76388 2489.87
 0.764 2492.43
 0.76412 2502.77
 0.76424 2520.01
 0.76436 2543.54
 0.76448 2572.85
 0.7646 2606.97
 0.76472 2644.85
 0.76484 2685.02
 0.76496 2725.34
 0.76508 2763.86
 0.7652 2799.57
 0.76532 2832.4
 0.76544 2862.69
 0.76556 2890.92
 0.76568 2917.68
 0.7658 2943.61
 0.76592 2969.5
 0.76604 2996.75
 0.76616 3026.99
 0.76628 3061.33
 0.7664 3099.75
 0.76652 3142.17
 0.76664 3189.17
 0.76676 3241.27
 0.76688 3299.03
 0.767 3363.26
 0.76712 3434.34
 0.76724 3512.15
 0.76736 3596.19
 0.76748 3685.93
 0.7676 3780.82
 0.76772 3880.02
 0.76784 3982.01
 0.76796 4084.74
 0.76808 4185.97
 0.7682 4283.61
 0.76832 4376.49
 0.76844 4464.79
 0.76856 4548.6
 0.76868 4627.69
 0.7688 4702.01
 0.76892 4771.29
 0.76904 4834.58
 0.76916 4890.98
 0.76928 4939.53
 0.7694 4979.26
 0.76952 5009.19
 0.76964 5028.41
 0.76976 5036.78
 0.76988 5034.91
 0.77 5023.26
 0.77012 5002.02
 0.77024 4971.39
 0.77036 4931.11
 0.77048 4880.43
 0.7706 4818.71
 0.77072 4745.51
 0.77084 4660.3
 0.77096 4563.51
 0.77108 4456.66
 0.7712 4341.34
 0.77132 4219.35
 0.77144 4092.55
 0.77156 3962.92
 0.77168 3832.39
 0.7718 3702.26
 0.77192 3573.87
 0.77204 3448.88
 0.77216 3329.04
 0.77228 3215.89
 0.7724 3110.87
 0.77252 3015.45
 0.77264 2930.98
 0.77276 2858.56
 0.77288 2799.14
 0.773 2752.57
 0.77312 2718.28
 0.77324 2695.86
 0.77336 2684.9
 0.77348 2684.74
 0.7736 2694.19
 0.77372 2712.03
 0.77384 2737.1
 0.77396 2768.19
 0.77408 2804.44
 0.7742 2844.87
 0.77432 2888.5
 0.77444 2934.31
 0.77456 2981.04
 0.77468 3027.57
 0.7748 3072.88
 0.77492 3116.29
 0.77504 3157.36
 0.77516 3195.27
 0.77528 3229.06
 0.7754 3257.84
 0.77552 3281.37
 0.77564 3300.03
 0.77576 3314.28
 0.77588 3324.58
 0.776 3330.89
 0.77612 3332.76
 0.77624 3330.14
 0.77636 3323.03
 0.77648 3311.81
 0.7766 3297.06
 0.77672 3279.56
 0.77684 3260
 0.77696 3238.7
 0.77708 3216.58
 0.7772 3194.85
 0.77732 3174.47
 0.77744 3156.04
 0.77756 3139.61
 0.77768 3125.08
 0.7778 3112.39
 0.77792 3101.33
 0.77804 3092.08
 0.77816 3084.77
 0.77828 3079.28
 0.7784 3075.47
 0.77852 3072.92
 0.77864 3071.23
 0.77876 3069.6
 0.77888 3067.6
 0.779 3064.95
 0.77912 3060.92
 0.77924 3055
 0.77936 3047.27
 0.77948 3038.06
 0.7796 3027.8
 0.77972 3016.37
 0.77984 3003.72
 0.77996 2990.3
 0.78008 2976.51
 0.7802 2962.85
 0.78032 2949.86
 0.78044 2938.17
 0.78056 2928.45
 0.78068 2921.41
 0.7808 2918.02
 0.78092 2918.87
 0.78104 2924.33
 0.78116 2934.8
 0.78128 2950.19
 0.7814 2969.74
 0.78152 2992.58
 0.78164 3018.24
 0.78176 3047.06
 0.78188 3078.98
 0.782 3113.75
 0.78212 3151.19
 0.78224 3191.16
 0.78236 3233.6
 0.78248 3278.2
 0.7826 3324.45
 0.78272 3371.52
 0.78284 3418.42
 0.78296 3464.52
 0.78308 3509.52
 0.7832 3553.09
 0.78332 3595.47
 0.78344 3637.5
 0.78356 3679.91
 0.78368 3722.9
 0.7838 3766.17
 0.78392 3809.56
 0.78404 3852.76
 0.78416 3895.38
 0.78428 3936.8
 0.7844 3976.14
 0.78452 4012.88
 0.78464 4046.94
 0.78476 4078.37
 0.78488 4107.16
 0.785 4133.06
 0.78512 4155.51
 0.78524 4174.09
 0.78536 4187.91
 0.78548 4196.01
 0.7856 4197.49
 0.78572 4191.93
 0.78584 4179.3
 0.78596 4159.72
 0.78608 4133.2
 0.7862 4099.86
 0.78632 4059.89
 0.78644 4013.89
 0.78656 3962.31
 0.78668 3905.36
 0.7868 3843.69
 0.78692 3777.98
 0.78704 3708.86
 0.78716 3637.38
 0.78728 3564.53
 0.7874 3491.26
 0.78752 3418.43
 0.78764 3346.77
 0.78776 3276.68
 0.78788 3208.11
 0.788 3141.15
 0.78812 3076.2
 0.78824 3013.88
 0.78836 2954.88
 0.78848 2899.52
 0.7886 2848.14
 0.78872 2800.94
 0.78884 2757.82
 0.78896 2719.1
 0.78908 2685.15
 0.7892 2655.84
 0.78932 2631.12
 0.78944 2611.28
 0.78956 2596.7
 0.78968 2587.86
 0.7898 2585.18
 0.78992 2589.37
 0.79004 2600.69
 0.79016 2618.98
 0.79028 2643.78
 0.7904 2674.81
 0.79052 2712.01
 0.79064 2755.4
 0.79076 2805.03
 0.79088 2860.56
 0.791 2921.13
 0.79112 2986.03
 0.79124 3054.85
 0.79136 3126.93
 0.79148 3201.1
 0.7916 3276.28
 0.79172 3351.68
 0.79184 3426.75
 0.79196 3500.75
 0.79208 3573.7
 0.7922 3645.99
 0.79232 3717.75
 0.79244 3788.53
 0.79256 3857.57
 0.79268 3924.12
 0.7928 3987.65
 0.79292 4048.13
 0.79304 4105.69
 0.79316 4160.12
 0.79328 4211.42
 0.7934 4259.9
 0.79352 4306.24
 0.79364 4350.67
 0.79376 4393.18
 0.79388 4433.75
 0.794 4472.26
 0.79412 4507.66
 0.79424 4538.62
 0.79436 4564.42
 0.79448 4585.03
 0.7946 4600.39
 0.79472 4610.48
 0.79484 4615.12
 0.79496 4614.2
 0.79508 4607.77
 0.7952 4595.92
 0.79532 4578.54
 0.79544 4555.32
 0.79556 4526.15
 0.79568 4491.15
 0.7958 4450.39
 0.79592 4403.91
 0.79604 4352.14
 0.79616 4296.22
 0.79628 4237.66
 0.7964 4177.49
 0.79652 4116.81
 0.79664 4056.88
 0.79676 3998.82
 0.79688 3943.45
 0.797 3891.34
 0.79712 3843.03
 0.79724 3799.24
 0.79736 3760.53
 0.79748 3727.42
 0.7976 3700.05
 0.79772 3678.74
 0.79784 3663.72
 0.79796 3654.93
 0.79808 3652.25
 0.7982 3655.32
 0.79832 3663.58
 0.79844 3676.43
 0.79856 3692.53
 0.79868 3710.63
 0.7988 3729.72
 0.79892 3749.07
 0.79904 3768.04
 0.79916 3785.75
 0.79928 3801.34
 0.7994 3814.02
 0.79952 3823.02
 0.79964 3827.48
 0.79976 3826.62
 0.79988 3820.01
