 0.2 5731.58
 0.20012 5764.96
 0.20024 5795.08
 0.20036 5821.06
 0.20048 5842.45
 0.2006 5859.29
 0.20072 5871.17
 0.20084 5876.67
 0.20096 5874.4
 0.20108 5863.81
 0.2012 5844.78
 0.20132 5817.11
 0.20144 5780.06
 0.20156 5732.86
 0.20168 5674.92
 0.2018 5605.76
 0.20192 5525.65
 0.20204 5435.37
 0.20216 5336.14
 0.20228 5229.27
 0.2024 5115.83
 0.20252 4996.65
 0.20264 4872.13
 0.20276 4743.22
 0.20288 4611.52
 0.203 4478.53
 0.20312 4345.23
 0.20324 4212.52
 0.20336 4081.43
 0.20348 3953.13
 0.2036 3828.55
 0.20372 3708.42
 0.20384 3593.33
 0.20396 3483.47
 0.20408 3378.74
 0.2042 3278.96
 0.20432 3184.24
 0.20444 3095.04
 0.20456 3012.05
 0.20468 2936.39
 0.2048 2868.7
 0.20492 2808.87
 0.20504 2756.52
 0.20516 2711.48
 0.20528 2673.42
 0.2054 2641.95
 0.20552 2616.93
 0.20564 2598.63
 0.20576 2587.49
 0.20588 2583.79
 0.206 2587.69
 0.20612 2599.4
 0.20624 2618.93
 0.20636 2645.6
 0.20648 2678.34
 0.2066 2715.77
 0.20672 2756.3
 0.20684 2798.81
 0.20696 2843.17
 0.20708 2889.15
 0.2072 2936.03
 0.20732 2983.32
 0.20744 3030.42
 0.20756 3076.57
 0.20768 3120.47
 0.2078 3160.78
 0.20792 3196.61
 0.20804 3227.3
 0.20816 3251.99
 0.20828 3270.16
 0.2084 3282.03
 0.20852 3287.94
 0.20864 3288.61
 0.20876 3284.83
 0.20888 3276.79
 0.209 3264.07
 0.20912 3246.97
 0.20924 3226.37
 0.20936 3202.89
 0.20948 3177.19
 0.2096 3149.88
 0.20972 3121.94
 0.20984 3094.04
 0.20996 3066.48
 0.21008 3039.61
 0.2102 3014.18
 0.21032 2990.68
 0.21044 2969.1
 0.21056 2949.2
 0.21068 2930.32
 0.2108 2911.96
 0.21092 2894.13
 0.21104 2877.05
 0.21116 2860.36
 0.21128 2843.6
 0.2114 2826.51
 0.21152 2808.8
 0.21164 2790.31
 0.21176 2771
 0.21188 2751.36
 0.212 2731.97
 0.21212 2713
 0.21224 2694.31
 0.21236 2675.8
 0.21248 2657.79
 0.2126 2641.08
 0.21272 2626.43
 0.21284 2614.37
 0.21296 2605.33
 0.21308 2599.56
 0.2132 2597.36
 0.21332 2598.95
 0.21344 2604.7
 0.21356 2615.17
 0.21368 2630.85
 0.2138 2651.81
 0.21392 2677.62
 0.21404 2707.99
 0.21416 2743.13
 0.21428 2783.55
 0.2144 2829.92
 0.21452 2882.57
 0.21464 2941.67
 0.21476 3007.61
 0.21488 3080.3
 0.215 3159.19
 0.21512 3244.08
 0.21524 3334.69
 0.21536 3430.56
 0.21548 3530.74
 0.2156 3633.98
 0.21572 3738.71
 0.21584 3843.77
 0.21596 3948.62
 0.21608 4052.41
 0.2162 4153.79
 0.21632 4251.14
 0.21644 4342.75
 0.21656 4427.02
 0.21668 4502.33
 0.2168 4567.44
 0.21692 4622.43
 0.21704 4667.35
 0.21716 4701.92
 0.21728 4726.07
 0.2174 4740.27
 0.21752 4745.24
 0.21764 4742.23
 0.21776 4732.93
 0.21788 4718.39
 0.218 4699.04
 0.21812 4675.6
 0.21824 4648.94
 0.21836 4619.84
 0.21848 4588.95
 0.2186 4556.93
 0.21872 4524.29
 0.21884 4491.07
 0.21896 4456.61
 0.21908 4421.1
 0.2192 4384.99
 0.21932 4348.62
 0.21944 4311.94
 0.21956 4275.02
 0.21968 4237.63
 0.2198 4199.52
 0.21992 4161.12
 0.22004 4123.18
 0.22016 4086.47
 0.22028 4052.1
 0.2204 4021.51
 0.22052 3996.24
 0.22064 3978.01
 0.22076 3968.34
 0.22088 3968.34
 0.221 3978.76
 0.22112 3999.72
 0.22124 4030.97
 0.22136 4071.99
 0.22148 4122.1
 0.2216 4180.23
 0.22172 4245.11
 0.22184 4315.3
 0.22196 4389.19
 0.22208 4465.36
 0.2222 4542.24
 0.22232 4618.07
 0.22244 4691.08
 0.22256 4758.99
 0.22268 4819.06
 0.2228 4869.51
 0.22292 4909.59
 0.22304 4939.05
 0.22316 4957.5
 0.22328 4965.05
 0.2234 4962.36
 0.22352 4950.49
 0.22364 4931.13
 0.22376 4906.35
 0.22388 4878.12
 0.224 4847.93
 0.22412 4816.74
 0.22424 4785.23
 0.22436 4753.68
 0.22448 4722.56
 0.2246 4693.44
 0.22472 4668.08
 0.22484 4647.01
 0.22496 4629.99
 0.22508 4616.54
 0.2252 4606.81
 0.22532 4600.69
 0.22544 4597.7
 0.22556 4596.89
 0.22568 4596.54
 0.2258 4594.77
 0.22592 4590.11
 0.22604 4581.8
 0.22616 4569.58
 0.22628 4553.84
 0.2264 4535.16
 0.22652 4513.65
 0.22664 4488.52
 0.22676 4459.19
 0.22688 4425.83
 0.227 4389.08
 0.22712 4349.6
 0.22724 4307.49
 0.22736 4262.89
 0.22748 4216.21
 0.2276 4168.45
 0.22772 4121.2
 0.22784 4075.94
 0.22796 4033.65
 0.22808 3994.68
 0.2282 3959.16
 0.22832 3927.08
 0.22844 3898.56
 0.22856 3874.03
 0.22868 3854.43
 0.2288 3840.46
 0.22892 3832.59
 0.22904 3830.74
 0.22916 3834.84
 0.22928 3844.87
 0.2294 3860.51
 0.22952 3880.95
 0.22964 3904.78
 0.22976 3930.4
 0.22988 3956.32
 0.23 3981.66
 0.23012 4005.87
 0.23024 4028.14
 0.23036 4047.48
 0.23048 4062.83
 0.2306 4073.08
 0.23072 4076.87
 0.23084 4073.01
 0.23096 4060.5
 0.23108 4038.74
 0.2312 4007.3
 0.23132 3966.28
 0.23144 3916.17
 0.23156 3858.1
 0.23168 3793.55
 0.2318 3723.93
 0.23192 3650.54
 0.23204 3574.22
 0.23216 3495.94
 0.23228 3417.01
 0.2324 3338.87
 0.23252 3262.7
 0.23264 3189.42
 0.23276 3119.9
 0.23288 3054.75
 0.233 2994.62
 0.23312 2940
 0.23324 2891.26
 0.23336 2848.34
 0.23348 2811.25
 0.2336 2779.5
 0.23372 2752.65
 0.23384 2730.4
 0.23396 2712.68
 0.23408 2699.59
 0.2342 2691.06
 0.23432 2686.92
 0.23444 2686.94
 0.23456 2691.32
 0.23468 2700.6
 0.2348 2715.6
 0.23492 2737.3
 0.23504 2766.41
 0.23516 2803.48
 0.23528 2848.99
 0.2354 2903.28
 0.23552 2966.19
 0.23564 3037.8
 0.23576 3118.04
 0.23588 3206.48
 0.236 3302.29
 0.23612 3404.38
 0.23624 3511.6
 0.23636 3622.69
 0.23648 3736.61
 0.2366 3851.95
 0.23672 3967.19
 0.23684 4080.6
 0.23696 4190.22
 0.23708 4294.42
 0.2372 4391.65
 0.23732 4480.35
 0.23744 4559.26
 0.23756 4627.56
 0.23768 4684.35
 0.2378 4728.84
 0.23792 4760.81
 0.23804 4780.31
 0.23816 4787.65
 0.23828 4783.23
 0.2384 4767.3
 0.23852 4740.1
 0.23864 4702.12
 0.23876 4653.88
 0.23888 4596.06
 0.239 4529.72
 0.23912 4455.77
 0.23924 4375.53
 0.23936 4290.4
 0.23948 4201.82
 0.2396 4111.18
 0.23972 4019.97
 0.23984 3929.51
 0.23996 3840.94
 0.24008 3755.32
 0.2402 3673.69
 0.24032 3597.47
 0.24044 3528.51
 0.24056 3468.27
 0.24068 3417.78
 0.2408 3378.15
 0.24092 3350.47
 0.24104 3335.7
 0.24116 3334.58
 0.24128 3347.41
 0.2414 3374.46
 0.24152 3415.63
 0.24164 3470.29
 0.24176 3537.6
 0.24188 3616.92
 0.242 3707.61
 0.24212 3809.24
 0.24224 3921.09
 0.24236 4041.49
 0.24248 4168.47
 0.2426 4300.54
 0.24272 4436.45
 0.24284 4574.31
 0.24296 4711.94
 0.24308 4846.95
 0.2432 4977.32
 0.24332 5101.17
 0.24344 5216.6
 0.24356 5322.26
 0.24368 5417.55
 0.2438 5502.08
 0.24392 5575.03
 0.24404 5635.19
 0.24416 5680.98
 0.24428 5711.37
 0.2444 5726.07
 0.24452 5724.83
 0.24464 5707.18
 0.24476 5673.14
 0.24488 5623.65
 0.245 5560.09
 0.24512 5484.22
 0.24524 5397.33
 0.24536 5300.84
 0.24548 5196.47
 0.2456 5085.6
 0.24572 4969.1
 0.24584 4847.85
 0.24596 4723.58
 0.24608 4598.54
 0.2462 4475.31
 0.24632 4356.18
 0.24644 4243.04
 0.24656 4138.05
 0.24668 4043.36
 0.2468 3960.61
 0.24692 3890.85
 0.24704 3834.4
 0.24716 3791.52
 0.24728 3762.82
 0.2474 3748.42
 0.24752 3747.71
 0.24764 3760.01
 0.24776 3784.92
 0.24788 3821.5
 0.248 3867.82
 0.24812 3921.67
 0.24824 3980.57
 0.24836 4042.34
 0.24848 4105.06
 0.2486 4166.13
 0.24872 4222.81
 0.24884 4272.54
 0.24896 4313.18
 0.24908 4343.29
 0.2492 4361.07
 0.24932 4364.67
 0.24944 4352.96
 0.24956 4325.57
 0.24968 4282.32
 0.2498 4223.3
 0.24992 4149.48
 0.25004 4062.46
 0.25016 3964.09
 0.25028 3856.19
 0.2504 3740.11
 0.25052 3617.52
 0.25064 3490.77
 0.25076 3362.17
 0.25088 3233.96
 0.251 3108
 0.25112 2986.1
 0.25124 2870.44
 0.25136 2763.3
 0.25148 2666.44
 0.2516 2581.11
 0.25172 2508.06
 0.25184 2447.34
 0.25196 2398.49
 0.25208 2360.72
 0.2522 2333.11
 0.25232 2314.99
 0.25244 2305.74
 0.25256 2304.26
 0.25268 2309.39
 0.2528 2320.3
 0.25292 2336.3
 0.25304 2356.85
 0.25316 2381.27
 0.25328 2408.48
 0.2534 2437.14
 0.25352 2466.36
 0.25364 2495.71
 0.25376 2525.64
 0.25388 2557.1
 0.254 2591.16
 0.25412 2629.05
 0.25424 2671.93
 0.25436 2720.74
 0.25448 2776.37
 0.2546 2839.94
 0.25472 2912.02
 0.25484 2992.68
 0.25496 3081.71
 0.25508 3178.54
 0.2552 3282.45
 0.25532 3393.14
 0.25544 3510.02
 0.25556 3632.12
 0.25568 3757.88
 0.2558 3884.78
 0.25592 4010.09
 0.25604 4130.87
 0.25616 4244.16
 0.25628 4347.28
 0.2564 4437.99
 0.25652 4514.02
 0.25664 4573.13
 0.25676 4613.75
 0.25688 4634.85
 0.257 4636.02
 0.25712 4617.53
 0.25724 4579.88
 0.25736 4523.76
 0.25748 4450.5
 0.2576 4361.67
 0.25772 4259.52
 0.25784 4147.04
 0.25796 4027.36
 0.25808 3903.97
 0.2582 3780.19
 0.25832 3658.56
 0.25844 3541.26
 0.25856 3430.84
 0.25868 3329.8
 0.2588 3240.26
 0.25892 3163.83
 0.25904 3101.41
 0.25916 3053.18
 0.25928 3018.99
 0.2594 2998.2
 0.25952 2989.64
 0.25964 2992.03
 0.25976 3003.56
 0.25988 3022.18
 0.26 3045.76
 0.26012 3072.04
 0.26024 3099.3
 0.26036 3126.79
 0.26048 3153.63
 0.2606 3178.64
 0.26072 3200.41
 0.26084 3217.59
 0.26096 3229.21
 0.26108 3234.62
 0.2612 3233.83
 0.26132 3227.2
 0.26144 3215.46
 0.26156 3199.53
 0.26168 3180.22
 0.2618 3158.5
 0.26192 3135.31
 0.26204 3111.28
 0.26216 3086.65
 0.26228 3061.18
 0.2624 3034.15
 0.26252 3004.96
 0.26264 2973.28
 0.26276 2939.23
 0.26288 2902.85
 0.263 2864.2
 0.26312 2823.32
 0.26324 2779.84
 0.26336 2733.21
 0.26348 2682.68
 0.2636 2627.78
 0.26372 2568.17
 0.26384 2503.59
 0.26396 2433.93
 0.26408 2359.89
 0.2642 2282.39
 0.26432 2202.4
 0.26444 2121.09
 0.26456 2039.64
 0.26468 1958.84
 0.2648 1879.07
 0.26492 1800.93
 0.26504 1724.85
 0.26516 1651.24
 0.26528 1580.62
 0.2654 1513.53
 0.26552 1450.5
 0.26564 1391.77
 0.26576 1337.54
 0.26588 1287.75
 0.266 1241.99
 0.26612 1199.45
 0.26624 1159.56
 0.26636 1121.81
 0.26648 1085.61
 0.2666 1050.61
 0.26672 1017.1
 0.26684 985.529
 0.26696 956.194
 0.26708 929.499
 0.2672 905.878
 0.26732 885.761
 0.26744 869.584
 0.26756 857.833
 0.26768 851.053
 0.2678 849.977
 0.26792 855.796
 0.26804 869.746
 0.26816 893.035
 0.26828 926.684
 0.2684 971.741
 0.26852 1028.92
 0.26864 1097.9
 0.26876 1177.7
 0.26888 1267.28
 0.269 1365.51
 0.26912 1471.14
 0.26924 1582.93
 0.26936 1699.7
 0.26948 1820.27
 0.2696 1943.55
 0.26972 2068.41
 0.26984 2193.33
 0.26996 2316.47
 0.27008 2435.98
 0.2702 2549.86
 0.27032 2655.9
 0.27044 2751.94
 0.27056 2836.84
 0.27068 2910.77
 0.2708 2974.3
 0.27092 3028.07
 0.27104 3072.88
 0.27116 3109.62
 0.27128 3139.1
 0.2714 3162.32
 0.27152 3180.31
 0.27164 3193.83
 0.27176 3203.64
 0.27188 3210.9
 0.272 3217.12
 0.27212 3224.04
 0.27224 3233.77
 0.27236 3248.73
 0.27248 3270.98
 0.2726 3301.77
 0.27272 3341.68
 0.27284 3390.94
 0.27296 3449.75
 0.27308 3518.26
 0.2732 3596.33
 0.27332 3683.31
 0.27344 3777.68
 0.27356 3877.89
 0.27368 3982.78
 0.2738 4091.2
 0.27392 4201.44
 0.27404 4311.42
 0.27416 4419.08
 0.27428 4521.91
 0.2744 4617.39
 0.27452 4703.12
 0.27464 4776.77
 0.27476 4836.29
 0.27488 4880.1
 0.275 4906.54
 0.27512 4914.23
 0.27524 4902.57
 0.27536 4872.1
 0.27548 4824.34
 0.2756 4760.79
 0.27572 4682.78
 0.27584 4591.81
 0.27596 4490.13
 0.27608 4380.04
 0.2762 4263.78
 0.27632 4143.97
 0.27644 4023.12
 0.27656 3903.87
 0.27668 3789.03
 0.2768 3680.96
 0.27692 3581.85
 0.27704 3493.87
 0.27716 3418.77
 0.27728 3357.63
 0.2774 3310.89
 0.27752 3278.75
 0.27764 3261.13
 0.27776 3257.74
 0.27788 3267.74
 0.278 3289.61
 0.27812 3321.79
 0.27824 3362.43
 0.27836 3409.7
 0.27848 3461.93
 0.2786 3517.39
 0.27872 3574.38
 0.27884 3631.52
 0.27896 3687.39
 0.27908 3740.65
 0.2792 3790.07
 0.27932 3834.59
 0.27944 3872.87
 0.27956 3903.56
 0.27968 3926.05
 0.2798 3940.3
 0.27992 3946.92
 0.28004 3947.2
 0.28016 3942.56
 0.28028 3934.7
 0.2804 3924.96
 0.28052 3914.4
 0.28064 3904.09
 0.28076 3894.78
 0.28088 3886.92
 0.281 3880.91
 0.28112 3877.19
 0.28124 3876.2
 0.28136 3878.6
 0.28148 3885.53
 0.2816 3897.75
 0.28172 3915.3
 0.28184 3937.7
 0.28196 3963.97
 0.28208 3992.83
 0.2822 4022.93
 0.28232 4052.54
 0.28244 4080.2
 0.28256 4104.92
 0.28268 4125.93
 0.2828 4143.06
 0.28292 4156.61
 0.28304 4166.77
 0.28316 4173.62
 0.28328 4177.17
 0.2834 4176.92
 0.28352 4172.14
 0.28364 4162.47
 0.28376 4147.47
 0.28388 4126.88
 0.284 4100.64
 0.28412 4068.69
 0.28424 4031.38
 0.28436 3989.84
 0.28448 3944.96
 0.2846 3896.96
 0.28472 3845.64
 0.28484 3790.32
 0.28496 3730.28
 0.28508 3665.17
 0.2852 3594.67
 0.28532 3518.8
 0.28544 3438.18
 0.28556 3353.62
 0.28568 3266.25
 0.2858 3177.95
 0.28592 3090.67
 0.28604 3006.16
 0.28616 2925.99
 0.28628 2851.05
 0.2864 2781.48
 0.28652 2717.83
 0.28664 2661.38
 0.28676 2613.49
 0.28688 2575.67
 0.287 2548.99
 0.28712 2534.21
 0.28724 2532.04
 0.28736 2542.75
 0.28748 2566.05
 0.2876 2601.43
 0.28772 2647.71
 0.28784 2702.96
 0.28796 2765.23
 0.28808 2832.63
 0.2882 2903.51
 0.28832 2976.55
 0.28844 3050.86
 0.28856 3125.01
 0.28868 3197.25
 0.2888 3265.63
 0.28892 3328.13
 0.28904 3383.2
 0.28916 3429.55
 0.28928 3466.05
 0.2894 3492.02
 0.28952 3507.11
 0.28964 3511.02
 0.28976 3503.78
 0.28988 3485.8
 0.29 3457.67
 0.29012 3420.2
 0.29024 3374.41
 0.29036 3321.25
 0.29048 3261.58
 0.2906 3196.49
 0.29072 3127.32
 0.29084 3056.05
 0.29096 2984.72
 0.29108 2915.05
 0.2912 2848.25
 0.29132 2785.32
 0.29144 2727.09
 0.29156 2674.42
 0.29168 2628.33
 0.2918 2589.94
 0.29192 2560.32
 0.29204 2540.19
 0.29216 2529.76
 0.29228 2528.79
 0.2924 2537.04
 0.29252 2554.33
 0.29264 2580.59
 0.29276 2615.23
 0.29288 2657.25
 0.293 2705.61
 0.29312 2759.4
 0.29324 2818.42
 0.29336 2882.19
 0.29348 2949.96
 0.2936 3020.61
 0.29372 3092.91
 0.29384 3165.19
 0.29396 3235.76
 0.29408 3303.35
 0.2942 3367.22
 0.29432 3426.96
 0.29444 3482.02
 0.29456 3531.67
 0.29468 3575.2
 0.2948 3612.31
 0.29492 3642.65
 0.29504 3666.02
 0.29516 3682.09
 0.29528 3690.37
 0.2954 3690.89
 0.29552 3684.25
 0.29564 3671.42
 0.29576 3653.52
 0.29588 3632.06
 0.296 3608.33
 0.29612 3583.3
 0.29624 3557.63
 0.29636 3531.94
 0.29648 3507.02
 0.2966 3483.66
 0.29672 3462.39
 0.29684 3443.24
 0.29696 3426.47
 0.29708 3412.19
 0.2972 3400.59
 0.29732 3391.76
 0.29744 3385.59
 0.29756 3381.21
 0.29768 3377.43
 0.2978 3372.83
 0.29792 3366.15
 0.29804 3356.52
 0.29816 3343.04
 0.29828 3324.99
 0.2984 3301.65
 0.29852 3272.34
 0.29864 3236.6
 0.29876 3194.66
 0.29888 3147.35
 0.299 3095.39
 0.29912 3039.69
 0.29924 2981.06
 0.29936 2920.14
 0.29948 2857.91
 0.2996 2796.14
 0.29972 2736.92
 0.29984 2682.35
 0.29996 2634.17
 0.30008 2593.75
 0.3002 2562.55
 0.30032 2541.87
 0.30044 2532.96
 0.30056 2536.73
 0.30068 2553.81
 0.3008 2584.17
 0.30092 2627.39
 0.30104 2682.99
 0.30116 2749.87
 0.30128 2827.08
 0.3014 2913.86
 0.30152 3008.94
 0.30164 3110.49
 0.30176 3216.48
 0.30188 3324.85
 0.302 3433.93
 0.30212 3542.43
 0.30224 3648.98
 0.30236 3752.19
 0.30248 3850.86
 0.3026 3944.17
 0.30272 4031.19
 0.30284 4111.24
 0.30296 4183.5
 0.30308 4247.22
 0.3032 4302.46
 0.30332 4349.08
 0.30344 4386.61
 0.30356 4414.72
 0.30368 4433.33
 0.3038 4442.54
 0.30392 4442.39
 0.30404 4432.61
 0.30416 4412.86
 0.30428 4383.12
 0.3044 4343.63
 0.30452 4294.5
 0.30464 4235.89
 0.30476 4168.38
 0.30488 4092.61
 0.305 4010.12
 0.30512 3922.4
 0.30524 3830.65
 0.30536 3736.52
 0.30548 3642.36
 0.3056 3550.77
 0.30572 3464.24
 0.30584 3385.11
 0.30596 3315.93
 0.30608 3258.93
 0.3062 3215.99
 0.30632 3188.45
 0.30644 3177.22
 0.30656 3183
 0.30668 3206.11
 0.3068 3246.67
 0.30692 3304.31
 0.30704 3377.82
 0.30716 3465.95
 0.30728 3567.11
 0.3074 3679.01
 0.30752 3798.39
 0.30764 3921.67
 0.30776 4045.54
 0.30788 4166.75
 0.308 4282.21
 0.30812 4389.64
 0.30824 4487.11
 0.30836 4572.96
 0.30848 4645.73
 0.3086 4704.41
 0.30872 4748.2
 0.30884 4776.48
 0.30896 4789.21
 0.30908 4786.69
 0.3092 4769.22
 0.30932 4737.71
 0.30944 4693.64
 0.30956 4639.51
 0.30968 4577.76
 0.3098 4510.42
 0.30992 4439.6
 0.31004 4367.04
 0.31016 4293.9
 0.31028 4221.41
 0.3104 4151.17
 0.31052 4084.66
 0.31064 4022.9
 0.31076 3966.88
 0.31088 3917.23
 0.311 3874.2
 0.31112 3837.84
 0.31124 3808.27
 0.31136 3785.41
 0.31148 3768.8
 0.3116 3757.57
 0.31172 3751.41
 0.31184 3750.31
 0.31196 3753.77
 0.31208 3761.32
 0.3122 3772.66
 0.31232 3787.05
 0.31244 3803.48
 0.31256 3821.39
 0.31268 3840.15
 0.3128 3859.07
 0.31292 3878.03
 0.31304 3897.24
 0.31316 3917.18
 0.31328 3938.28
 0.3134 3960.78
 0.31352 3985.12
 0.31364 4011.57
 0.31376 4039.48
 0.31388 4068.01
 0.314 4097.06
 0.31412 4126.74
 0.31424 4157.29
 0.31436 4189.27
 0.31448 4223.04
 0.3146 4258.92
 0.31472 4297.77
 0.31484 4340.41
 0.31496 4386.76
 0.31508 4436.33
 0.3152 4488.45
 0.31532 4542.5
 0.31544 4597.89
 0.31556 4653.65
 0.31568 4709
 0.3158 4764.07
 0.31592 4819.2
 0.31604 4874.15
 0.31616 4928.24
 0.31628 4980.49
 0.3164 5029.62
 0.31652 5074.46
 0.31664 5113.47
 0.31676 5144.56
 0.31688 5166.04
 0.317 5177.1
 0.31712 5177.04
 0.31724 5165.26
 0.31736 5141.22
 0.31748 5104.6
 0.3176 5055.9
 0.31772 4995.68
 0.31784 4924.01
 0.31796 4840.79
 0.31808 4746.6
 0.3182 4642.44
 0.31832 4529.95
 0.31844 4410.81
 0.31856 4286.8
 0.31868 4160.2
 0.3188 4033.66
 0.31892 3909.27
 0.31904 3788.93
 0.31916 3674.57
 0.31928 3568.01
 0.3194 3471.05
 0.31952 3385.23
 0.31964 3311.14
 0.31976 3249.27
 0.31988 3200.33
 0.32 3164.77
 0.32012 3142.59
 0.32024 3133.51
 0.32036 3137
 0.32048 3152.84
 0.3206 3180.42
 0.32072 3218.63
 0.32084 3266.32
 0.32096 3322.66
 0.32108 3386.77
 0.3212 3457.88
 0.32132 3535.07
 0.32144 3617.07
 0.32156 3702.86
 0.32168 3792.09
 0.3218 3884
 0.32192 3977.73
 0.32204 4072.73
 0.32216 4168.52
 0.32228 4264.5
 0.3224 4359.7
 0.32252 4452.89
 0.32264 4543.05
 0.32276 4629.39
 0.32288 4711.01
 0.323 4786.82
 0.32312 4855.48
 0.32324 4915.35
 0.32336 4965.35
 0.32348 5004.59
 0.3236 5031.91
 0.32372 5046.1
 0.32384 5046.91
 0.32396 5034.19
 0.32408 5007.69
 0.3242 4967.22
 0.32432 4912.89
 0.32444 4845.31
 0.32456 4765.4
 0.32468 4674.28
 0.3248 4572.96
 0.32492 4462.54
 0.32504 4344.35
 0.32516 4220.11
 0.32528 4091.89
 0.3254 3961.48
 0.32552 3831.01
 0.32564 3702.78
 0.32576 3578.69
 0.32588 3459.89
 0.326 3347.44
 0.32612 3242.46
 0.32624 3145.95
 0.32636 3058.69
 0.32648 2981.2
 0.3266 2913.64
 0.32672 2856.05
 0.32684 2808.54
 0.32696 2770.93
 0.32708 2742.99
 0.3272 2724.37
 0.32732 2714.6
 0.32744 2713.2
 0.32756 2719.11
 0.32768 2730.98
 0.3278 2747.72
 0.32792 2768.4
 0.32804 2792.24
 0.32816 2818.69
 0.32828 2847.41
 0.3284 2878.16
 0.32852 2910.8
 0.32864 2945.29
 0.32876 2981.66
 0.32888 3020.23
 0.329 3061.77
 0.32912 3106.73
 0.32924 3155.33
 0.32936 3207.36
 0.32948 3262.77
 0.3296 3322.08
 0.32972 3386.16
 0.32984 3455.97
 0.32996 3532.34
 0.33008 3615.56
 0.3302 3705.42
 0.33032 3801.57
 0.33044 3903.37
 0.33056 4010.05
 0.33068 4120.99
 0.3308 4235.19
 0.33092 4350.95
 0.33104 4466.4
 0.33116 4580.08
 0.33128 4690.81
 0.3314 4797.74
 0.33152 4899.89
 0.33164 4995.91
 0.33176 5084.24
 0.33188 5163.14
 0.332 5231.22
 0.33212 5287.78
 0.33224 5332.42
 0.33236 5364.78
 0.33248 5385.24
 0.3326 5393.93
 0.33272 5390.72
 0.33284 5376.18
 0.33296 5351.22
 0.33308 5316.28
 0.3332 5271.82
 0.33332 5218.53
 0.33344 5157.13
 0.33356 5088.29
 0.33368 5012.77
 0.3338 4931.43
 0.33392 4845.46
 0.33404 4755.8
 0.33416 4663.03
 0.33428 4567.72
 0.3344 4470.16
 0.33452 4370.1
 0.33464 4268.03
 0.33476 4164.55
 0.33488 4060.02
 0.335 3955.38
 0.33512 3852.16
 0.33524 3751.43
 0.33536 3653.76
 0.33548 3559.66
 0.3356 3469.84
 0.33572 3385.12
 0.33584 3306.15
 0.33596 3233.22
 0.33608 3166.55
 0.3362 3106.63
 0.33632 3054.2
 0.33644 3010.48
 0.33656 2976.73
 0.33668 2953.67
 0.3368 2941.95
 0.33692 2941.72
 0.33704 2952.3
 0.33716 2972.71
 0.33728 3002.11
 0.3374 3039.89
 0.33752 3085.43
 0.33764 3137.93
 0.33776 3196.45
 0.33788 3260.18
 0.338 3328.72
 0.33812 3401.57
 0.33824 3477.7
 0.33836 3555.4
 0.33848 3632.47
 0.3386 3706.67
 0.33872 3775.96
 0.33884 3838.61
 0.33896 3893.45
 0.33908 3939.87
 0.3392 3977.73
 0.33932 4007.26
 0.33944 4028.77
 0.33956 4042.59
 0.33968 4048.97
 0.3398 4048.41
 0.33992 4041.29
 0.34004 4027.68
 0.34016 4007.95
 0.34028 3983.16
 0.3404 3955.02
 0.34052 3925.47
 0.34064 3896.52
 0.34076 3869.8
 0.34088 3846.57
 0.341 3827.96
 0.34112 3814.72
 0.34124 3807.12
 0.34136 3804.96
 0.34148 3807.83
 0.3416 3815.4
 0.34172 3827.31
 0.34184 3842.92
 0.34196 3861.56
 0.34208 3882.78
 0.3422 3905.99
 0.34232 3930.24
 0.34244 3954.58
 0.34256 3977.98
 0.34268 3999.75
 0.3428 4019.71
 0.34292 4037.6
 0.34304 4052.97
 0.34316 4065.49
 0.34328 4074.92
 0.3434 4081.21
 0.34352 4084.35
 0.34364 4084.42
 0.34376 4081.71
 0.34388 4076.9
 0.344 4070.96
 0.34412 4064.57
 0.34424 4058.21
 0.34436 4052.29
 0.34448 4047.07
 0.3446 4042.82
 0.34472 4039.29
 0.34484 4036.06
 0.34496 4033.12
 0.34508 4030.26
 0.3452 4027.37
 0.34532 4024.7
 0.34544 4022.82
 0.34556 4022.42
 0.34568 4024.04
 0.3458 4027.95
 0.34592 4033.86
 0.34604 4041.13
 0.34616 4049.45
 0.34628 4058.3
 0.3464 4067.28
 0.34652 4075.89
 0.34664 4083.65
 0.34676 4090.32
 0.34688 4095.46
 0.347 4098.89
 0.34712 4100.86
 0.34724 4101.42
 0.34736 4099.91
 0.34748 4094.97
 0.3476 4084.92
 0.34772 4068.16
 0.34784 4043.45
 0.34796 4010.13
 0.34808 3967.83
 0.3482 3916.41
 0.34832 3856.46
 0.34844 3788.48
 0.34856 3713.19
 0.34868 3631.46
 0.3488 3544.3
 0.34892 3452.78
 0.34904 3357.56
 0.34916 3259.14
 0.34928 3158.44
 0.3494 3057.06
 0.34952 2957.48
 0.34964 2862.5
 0.34976 2775.18
 0.34988 2698.24
 0.35 2634.13
 0.35012 2584.97
 0.35024 2551.91
 0.35036 2535.86
 0.35048 2537.58
 0.3506 2557.39
 0.35072 2595.42
 0.35084 2651.7
 0.35096 2726.14
 0.35108 2818.58
 0.3512 2928.71
 0.35132 3055.94
 0.35144 3199.14
 0.35156 3356.57
 0.35168 3525.8
 0.3518 3703.3
 0.35192 3885.3
 0.35204 4068.13
 0.35216 4248.8
 0.35228 4425.24
 0.3524 4595.28
 0.35252 4757.05
 0.35264 4908.91
 0.35276 5049.09
 0.35288 5175.52
 0.353 5286.42
 0.35312 5380.3
 0.35324 5455.72
 0.35336 5511.29
 0.35348 5545.97
 0.3536 5559.25
 0.35372 5551.97
 0.35384 5526.61
 0.35396 5486.01
 0.35408 5432.59
 0.3542 5367.63
 0.35432 5291.86
 0.35444 5206.18
 0.35456 5111.59
 0.35468 5009.38
 0.3548 4901.31
 0.35492 4789.73
 0.35504 4676.53
 0.35516 4563.23
 0.35528 4451.48
 0.3554 4342.93
 0.35552 4238.98
 0.35564 4140.5
 0.35576 4047.27
 0.35588 3958.2
 0.356 3872.39
 0.35612 3789.59
 0.35624 3710.67
 0.35636 3636.71
 0.35648 3568.47
 0.3566 3506.25
 0.35672 3450.14
 0.35684 3399.57
 0.35696 3353.72
 0.35708 3312.52
 0.3572 3276.28
 0.35732 3245.1
 0.35744 3219.02
 0.35756 3198.2
 0.35768 3182.88
 0.3578 3173.46
 0.35792 3170.3
 0.35804 3173.6
 0.35816 3182.93
 0.35828 3197.34
 0.3584 3215.87
 0.35852 3237.77
 0.35864 3262.54
 0.35876 3289.71
 0.35888 3319.19
 0.359 3350.54
 0.35912 3382.69
 0.35924 3414.53
 0.35936 3444.96
 0.35948 3472.87
 0.3596 3497.37
 0.35972 3517.9
 0.35984 3534.01
 0.35996 3545.26
 0.36008 3551.2
 0.3602 3551.76
 0.36032 3547.03
 0.36044 3537.27
 0.36056 3522.74
 0.36068 3503.37
 0.3608 3479.11
 0.36092 3450.04
 0.36104 3416.65
 0.36116 3379.59
 0.36128 3339.5
 0.3614 3297.32
 0.36152 3254.24
 0.36164 3210.96
 0.36176 3167.91
 0.36188 3125.51
 0.362 3084.45
 0.36212 3045.36
 0.36224 3008.67
 0.36236 2974.44
 0.36248 2942.39
 0.3626 2912.64
 0.36272 2885.82
 0.36284 2862.54
 0.36296 2843.17
 0.36308 2827.93
 0.3632 2817.05
 0.36332 2810.7
 0.36344 2808.64
 0.36356 2810.34
 0.36368 2815.56
 0.3638 2824.2
 0.36392 2836.11
 0.36404 2850.84
 0.36416 2867.96
 0.36428 2887.37
 0.3644 2909.39
 0.36452 2934.27
 0.36464 2961.55
 0.36476 2990.35
 0.36488 3019.89
 0.365 3049.48
 0.36512 3078.51
 0.36524 3106.28
 0.36536 3132
 0.36548 3155.09
 0.3656 3175.23
 0.36572 3192.13
 0.36584 3205.48
 0.36596 3215.21
 0.36608 3221.52
 0.3662 3224.64
 0.36632 3224.69
 0.36644 3221.91
 0.36656 3216.83
 0.36668 3210.52
 0.3668 3204.13
 0.36692 3198.53
 0.36704 3194.49
 0.36716 3192.66
 0.36728 3193.77
 0.3674 3198.85
 0.36752 3208.89
 0.36764 3224.79
 0.36776 3247.19
 0.36788 3276.69
 0.368 3313.45
 0.36812 3357.31
 0.36824 3407.84
 0.36836 3464.01
 0.36848 3524.23
 0.3686 3586.77
 0.36872 3649.77
 0.36884 3711.59
 0.36896 3771.05
 0.36908 3827.1
 0.3692 3878.92
 0.36932 3925.53
 0.36944 3965.71
 0.36956 3998.24
 0.36968 4022.01
 0.3698 4036.03
 0.36992 4039.46
 0.37004 4031.88
 0.37016 4013.31
 0.37028 3984.31
 0.3704 3946.36
 0.37052 3901.51
 0.37064 3851.78
 0.37076 3798.91
 0.37088 3744.22
 0.371 3688.7
 0.37112 3633.32
 0.37124 3578.91
 0.37136 3526.58
 0.37148 3477.14
 0.3716 3431.23
 0.37172 3389.49
 0.37184 3352.46
 0.37196 3320.69
 0.37208 3294.41
 0.3722 3273.38
 0.37232 3257.12
 0.37244 3244.57
 0.37256 3234.42
 0.37268 3225.76
 0.3728 3218.15
 0.37292 3211.6
 0.37304 3206.07
 0.37316 3201.25
 0.37328 3196.69
 0.3734 3192.19
 0.37352 3188.27
 0.37364 3185.52
 0.37376 3184.65
 0.37388 3186.16
 0.374 3190.41
 0.37412 3197.9
 0.37424 3209.45
 0.37436 3225.68
 0.37448 3247.29
 0.3746 3274.75
 0.37472 3307.96
 0.37484 3346.04
 0.37496 3387.97
 0.37508 3432.96
 0.3752 3480.69
 0.37532 3530.79
 0.37544 3582.12
 0.37556 3633.19
 0.37568 3682.43
 0.3758 3728.18
 0.37592 3769.4
 0.37604 3805
 0.37616 3833.83
 0.37628 3854.95
 0.3764 3867.55
 0.37652 3870.77
 0.37664 3864.21
 0.37676 3848.14
 0.37688 3823.59
 0.377 3791.59
 0.37712 3752.98
 0.37724 3708.54
 0.37736 3659.65
 0.37748 3608.08
 0.3776 3555.67
 0.37772 3504.25
 0.37784 3455.44
 0.37796 3410.62
 0.37808 3371.44
 0.3782 3339.09
 0.37832 3314.43
 0.37844 3298.65
 0.37856 3293.07
 0.37868 3298.91
 0.3788 3316.88
 0.37892 3347.2
 0.37904 3390.23
 0.37916 3446.04
 0.37928 3514.27
 0.3794 3593.99
 0.37952 3683.98
 0.37964 3783.03
 0.37976 3890.1
 0.37988 4004.17
 0.38 4123.64
 0.38012 4246.83
 0.38024 4372.64
 0.38036 4500.03
 0.38048 4627.46
 0.3806 4752.97
 0.38072 4874.1
 0.38084 4988.49
 0.38096 5093.97
 0.38108 5188.23
 0.3812 5269.39
 0.38132 5335.69
 0.38144 5385.83
 0.38156 5419.03
 0.38168 5434.38
 0.3818 5431.08
 0.38192 5409.09
 0.38204 5369.23
 0.38216 5312.38
 0.38228 5239.18
 0.3824 5150.16
 0.38252 5046.17
 0.38264 4928.75
 0.38276 4800.29
 0.38288 4663.19
 0.383 4520.02
 0.38312 4373.36
 0.38324 4226
 0.38336 4080.9
 0.38348 3940.57
 0.3836 3807.3
 0.38372 3683.35
 0.38384 3570.17
 0.38396 3468.13
 0.38408 3377.04
 0.3842 3296.67
 0.38432 3227.03
 0.38444 3168.47
 0.38456 3121.22
 0.38468 3085.03
 0.3848 3059.2
 0.38492 3042.8
 0.38504 3034.7
 0.38516 3033.9
 0.38528 3038.74
 0.3854 3047.44
 0.38552 3058.37
 0.38564 3069.99
 0.38576 3081.09
 0.38588 3091.68
 0.386 3102.36
 0.38612 3113.68
 0.38624 3126.09
 0.38636 3139.65
 0.38648 3154.2
 0.3866 3169.39
 0.38672 3184.63
 0.38684 3199.44
 0.38696 3213.66
 0.38708 3226.85
 0.3872 3238.61
 0.38732 3249.18
 0.38744 3259
 0.38756 3268.4
 0.38768 3277.48
 0.3878 3285.82
 0.38792 3292.3
 0.38804 3296.08
 0.38816 3296.57
 0.38828 3293.44
 0.3884 3286.67
 0.38852 3276.24
 0.38864 3262.7
 0.38876 3247.18
 0.38888 3230.84
 0.389 3214.91
 0.38912 3201.17
 0.38924 3191.16
 0.38936 3185.85
 0.38948 3186.11
 0.3896 3192.86
 0.38972 3207.22
 0.38984 3230.39
 0.38996 3263.28
 0.39008 3306.23
 0.3902 3359.2
 0.39032 3421.7
 0.39044 3493.08
 0.39056 3572.77
 0.39068 3659.83
 0.3908 3752.85
 0.39092 3850.01
 0.39104 3949.11
 0.39116 4047.53
 0.39128 4142.82
 0.3914 4232.82
 0.39152 4315.37
 0.39164 4388.42
 0.39176 4450.15
 0.39188 4499.26
 0.392 4534.89
 0.39212 4556.46
 0.39224 4564.09
 0.39236 4558.21
 0.39248 4539.32
 0.3926 4507.67
 0.39272 4463.5
 0.39284 4407.36
 0.39296 4340.37
 0.39308 4263.79
 0.3932 4179.18
 0.39332 4088.04
 0.39344 3991.99
 0.39356 3892.77
 0.39368 3791.95
 0.3938 3690.72
 0.39392 3589.6
 0.39404 3489.43
 0.39416 3390.9
 0.39428 3294.24
 0.3944 3199.69
 0.39452 3107.28
 0.39464 3017.35
 0.39476 2930.5
 0.39488 2847.27
 0.395 2768.09
 0.39512 2693.53
 0.39524 2623.92
 0.39536 2559.48
 0.39548 2500.22
 0.3956 2445.93
 0.39572 2396.32
 0.39584 2351.5
 0.39596 2311.84
 0.39608 2277.38
 0.3962 2248.23
 0.39632 2224.51
 0.39644 2206.56
 0.39656 2194.91
 0.39668 2189.76
 0.3968 2190.99
 0.39692 2198.22
 0.39704 2210.97
 0.39716 2228.64
 0.39728 2250.91
 0.3974 2277.49
 0.39752 2308
 0.39764 2342.46
 0.39776 2380.97
 0.39788 2423.33
 0.398 2469.17
 0.39812 2517.99
 0.39824 2569.23
 0.39836 2622.24
 0.39848 2675.94
 0.3986 2729.41
 0.39872 2781.84
 0.39884 2832.43
 0.39896 2880.41
 0.39908 2924.95
 0.3992 2965.08
 0.39932 2999.62
 0.39944 3027.61
 0.39956 3048.21
 0.39968 3060.43
 0.3998 3063.33
 0.39992 3056.05
 0.40004 3038.13
 0.40016 3009.42
 0.40028 2969.94
 0.4004 2920.07
 0.40052 2860.42
 0.40064 2791.52
 0.40076 2714.5
 0.40088 2630.88
 0.401 2542.54
 0.40112 2451.65
 0.40124 2360.53
 0.40136 2271.68
 0.40148 2187.4
 0.4016 2109.96
 0.40172 2041.45
 0.40184 1983.99
 0.40196 1939.66
 0.40208 1910.18
 0.4022 1896.74
 0.40232 1900.17
 0.40244 1920.95
 0.40256 1959.25
 0.40268 2014.8
 0.4028 2086.49
 0.40292 2172.52
 0.40304 2270.77
 0.40316 2378.97
 0.40328 2494.82
 0.4034 2615.92
 0.40352 2739.74
 0.40364 2863.79
 0.40376 2985.72
 0.40388 3102.95
 0.404 3212.92
 0.40412 3313.47
 0.40424 3403.3
 0.40436 3481.48
 0.40448 3547.34
 0.4046 3600.7
 0.40472 3641.94
 0.40484 3671.96
 0.40496 3692.19
 0.40508 3704.07
 0.4052 3709.16
 0.40532 3708.97
 0.40544 3705.4
 0.40556 3700.33
 0.40568 3695.44
 0.4058 3692.57
 0.40592 3693.86
 0.40604 3701.27
 0.40616 3716.14
 0.40628 3738.95
 0.4064 3770.01
 0.40652 3809.39
 0.40664 3856.87
 0.40676 3912
 0.40688 3974.31
 0.407 4043.24
 0.40712 4117.84
 0.40724 4196.88
 0.40736 4278.7
 0.40748 4361.04
 0.4076 4442.27
 0.40772 4520.94
 0.40784 4595.43
 0.40796 4663.99
 0.40808 4725.16
 0.4082 4778.11
 0.40832 4822.5
 0.40844 4858.01
 0.40856 4884.45
 0.40868 4901.77
 0.4088 4909.8
 0.40892 4908.17
 0.40904 4896.55
 0.40916 4875.36
 0.40928 4845.24
 0.4094 4807.77
 0.40952 4764.81
 0.40964 4717.44
 0.40976 4666.71
 0.40988 4613.71
 0.41 4559.47
 0.41012 4505
 0.41024 4451.16
 0.41036 4398.71
 0.41048 4348.39
 0.4106 4300.79
 0.41072 4256.5
 0.41084 4216.24
 0.41096 4181.07
 0.41108 4151.83
 0.4112 4129.27
 0.41132 4113.9
 0.41144 4105.62
 0.41156 4104.49
 0.41168 4110.82
 0.4118 4124.58
 0.41192 4146.04
 0.41204 4175.4
 0.41216 4212.27
 0.41228 4255.72
 0.4124 4304.75
 0.41252 4358.35
 0.41264 4415.44
 0.41276 4474.72
 0.41288 4534.84
 0.413 4594.3
 0.41312 4651.73
 0.41324 4705.75
 0.41336 4754.91
 0.41348 4797.88
 0.4136 4833.13
 0.41372 4859.66
 0.41384 4876.61
 0.41396 4882.68
 0.41408 4876.83
 0.4142 4859.26
 0.41432 4830.88
 0.41444 4792.8
 0.41456 4746.4
 0.41468 4693.55
 0.4148 4636.03
 0.41492 4575.28
 0.41504 4512.33
 0.41516 4447.86
 0.41528 4382.56
 0.4154 4317.55
 0.41552 4253.97
 0.41564 4192.93
 0.41576 4135.13
 0.41588 4081.5
 0.416 4033.43
 0.41612 3992.01
 0.41624 3957.54
 0.41636 3929.82
 0.41648 3908.3
 0.4166 3891.92
 0.41672 3879.34
 0.41684 3870
 0.41696 3863.96
 0.41708 3862.08
 0.4172 3865.23
 0.41732 3874.09
 0.41744 3888.92
 0.41756 3909.87
 0.41768 3937.13
 0.4178 3970.7
 0.41792 4010.21
 0.41804 4054.95
 0.41816 4103.75
 0.41828 4155.27
 0.4184 4208.38
 0.41852 4262.35
 0.41864 4316.87
 0.41876 4371.5
 0.41888 4425
 0.419 4475.68
 0.41912 4521.57
 0.41924 4561.02
 0.41936 4592.38
 0.41948 4614.3
 0.4196 4625.4
 0.41972 4624.6
 0.41984 4611.09
 0.41996 4584.13
 0.42008 4543.5
 0.4202 4489.94
 0.42032 4424.78
 0.42044 4349.23
 0.42056 4264.37
 0.42068 4171.04
 0.4208 4070.19
 0.42092 3963.2
 0.42104 3851.56
 0.42116 3736.66
 0.42128 3620.03
 0.4214 3503.56
 0.42152 3389.13
 0.42164 3278.54
 0.42176 3173.35
 0.42188 3075.22
 0.422 2985.99
 0.42212 2906.96
 0.42224 2838.93
 0.42236 2782.44
 0.42248 2737.99
 0.4226 2705.99
 0.42272 2686.86
 0.42284 2680.99
 0.42296 2688.42
 0.42308 2709.16
 0.4232 2742.92
 0.42332 2788.47
 0.42344 2843.95
 0.42356 2907.53
 0.42368 2977.66
 0.4238 3052.71
 0.42392 3130.95
 0.42404 3210.59
 0.42416 3290.15
 0.42428 3367.68
 0.4244 3441.37
 0.42452 3509.39
 0.42464 3570.31
 0.42476 3622.7
 0.42488 3665.36
 0.425 3697.52
 0.42512 3718.62
 0.42524 3729.11
 0.42536 3730.62
 0.42548 3725.28
 0.4256 3714.87
 0.42572 3700.92
 0.42584 3684.96
 0.42596 3668.23
 0.42608 3651.45
 0.4262 3635.56
 0.42632 3622.17
 0.42644 3612.78
 0.42656 3608.67
 0.42668 3610.82
 0.4268 3620.13
 0.42692 3637.13
 0.42704 3661.85
 0.42716 3693.63
 0.42728 3730.84
 0.4274 3771.15
 0.42752 3812
 0.42764 3851.39
 0.42776 3887.38
 0.42788 3918.32
 0.428 3943.32
 0.42812 3962.11
 0.42824 3973.88
 0.42836 3977.48
 0.42848 3971.99
 0.4286 3956.86
 0.42872 3931.7
 0.42884 3896.22
 0.42896 3850.54
 0.42908 3795.42
 0.4292 3732.17
 0.42932 3662.44
 0.42944 3588.39
 0.42956 3512.09
 0.42968 3435.37
 0.4298 3360.03
 0.42992 3287.42
 0.43004 3218.09
 0.43016 3152.41
 0.43028 3091.17
 0.4304 3035.35
 0.43052 2985.69
 0.43064 2942.71
 0.43076 2906.74
 0.43088 2878.01
 0.431 2856.5
 0.43112 2841.98
 0.43124 2834.23
 0.43136 2832.91
 0.43148 2837.23
 0.4316 2846.11
 0.43172 2858.42
 0.43184 2873.08
 0.43196 2889.51
 0.43208 2907.72
 0.4322 2927.69
 0.43232 2949.04
 0.43244 2971.31
 0.43256 2994.16
 0.43268 3017.39
 0.4328 3040.95
 0.43292 3064.62
 0.43304 3088.15
 0.43316 3111.18
 0.43328 3133.09
 0.4334 3153.35
 0.43352 3172.12
 0.43364 3190.21
 0.43376 3208.4
 0.43388 3227.21
 0.434 3246.89
 0.43412 3267.22
 0.43424 3288.14
 0.43436 3309.64
 0.43448 3331.5
 0.4346 3353.51
 0.43472 3375.38
 0.43484 3396.98
 0.43496 3418.4
 0.43508 3439.59
 0.4352 3460.57
 0.43532 3481.57
 0.43544 3502.81
 0.43556 3523.97
 0.43568 3544.38
 0.4358 3563.71
 0.43592 3581.72
 0.43604 3598.08
 0.43616 3612.86
 0.43628 3626.03
 0.4364 3637.97
 0.43652 3649.23
 0.43664 3660.2
 0.43676 3671.02
 0.43688 3681.82
 0.437 3692.73
 0.43712 3704.09
 0.43724 3716.19
 0.43736 3728.98
 0.43748 3741.99
 0.4376 3754.83
 0.43772 3767.09
 0.43784 3778.23
 0.43796 3787.96
 0.43808 3795.98
 0.4382 3801.85
 0.43832 3805.03
 0.43844 3804.76
 0.43856 3800.17
 0.43868 3790.87
 0.4388 3776.49
 0.43892 3756.46
 0.43904 3730.24
 0.43916 3697.36
 0.43928 3657.44
 0.4394 3610.72
 0.43952 3558.04
 0.43964 3500.26
 0.43976 3438.28
 0.43988 3372.89
 0.44 3304.9
 0.44012 3235.14
 0.44024 3164.33
 0.44036 3093.09
 0.44048 3022.11
 0.4406 2952.01
 0.44072 2883.19
 0.44084 2816.44
 0.44096 2752.59
 0.44108 2692.34
 0.4412 2636.43
 0.44132 2585.59
 0.44144 2540.06
 0.44156 2499.82
 0.44168 2464.88
 0.4418 2435.13
 0.44192 2410.22
 0.44204 2389.69
 0.44216 2373.37
 0.44228 2361.14
 0.4424 2353.06
 0.44252 2349.02
 0.44264 2349.19
 0.44276 2353.56
 0.44288 2361.73
 0.443 2373.27
 0.44312 2387.67
 0.44324 2404.05
 0.44336 2421.41
 0.44348 2438.86
 0.4436 2455.56
 0.44372 2470.8
 0.44384 2484.34
 0.44396 2496.29
 0.44408 2506.51
 0.4442 2514.56
 0.44432 2520.06
 0.44444 2522.61
 0.44456 2521.94
 0.44468 2517.56
 0.4448 2509.14
 0.44492 2496.66
 0.44504 2480.3
 0.44516 2460.49
 0.44528 2438.19
 0.4454 2414.5
 0.44552 2390.54
 0.44564 2367.28
 0.44576 2345.22
 0.44588 2324.05
 0.446 2303.35
 0.44612 2283.21
 0.44624 2263.83
 0.44636 2245.64
 0.44648 2228.9
 0.4466 2213.89
 0.44672 2200.96
 0.44684 2190.41
 0.44696 2182.59
 0.44708 2177.57
 0.4472 2174.86
 0.44732 2173.64
 0.44744 2173.04
 0.44756 2172.02
 0.44768 2169.96
 0.4478 2167.03
 0.44792 2164.18
 0.44804 2162.27
 0.44816 2161.64
 0.44828 2162.53
 0.4484 2165.21
 0.44852 2169.99
 0.44864 2177.21
 0.44876 2187.18
 0.44888 2199.96
 0.449 2215.33
 0.44912 2233.78
 0.44924 2256.49
 0.44936 2284.74
 0.44948 2320.02
 0.4496 2363.96
 0.44972 2417.66
 0.44984 2481.57
 0.44996 2555.6
 0.45008 2639.93
 0.4502 2735.09
 0.45032 2841.03
 0.45044 2957.24
 0.45056 3083.2
 0.45068 3218.44
 0.4508 3362.44
 0.45092 3515.02
 0.45104 3675.58
 0.45116 3842.48
 0.45128 4013.18
 0.4514 4184.76
 0.45152 4353.91
 0.45164 4517.41
 0.45176 4672.39
 0.45188 4816.36
 0.452 4946.92
 0.45212 5061.35
 0.45224 5157.06
 0.45236 5232.69
 0.45248 5287.24
 0.4526 5319.56
 0.45272 5328.46
 0.45284 5312.78
 0.45296 5271.54
 0.45308 5204.69
 0.4532 5113.28
 0.45332 4999.49
 0.45344 4866.28
 0.45356 4717.01
 0.45368 4554.7
 0.4538 4382.14
 0.45392 4201.99
 0.45404 4017.18
 0.45416 3830.84
 0.45428 3645.71
 0.4544 3463.84
 0.45452 3287.33
 0.45464 3118.48
 0.45476 2959.51
 0.45488 2812.88
 0.455 2680.61
 0.45512 2564.09
 0.45524 2464.01
 0.45536 2380.25
 0.45548 2311.75
 0.4556 2256.88
 0.45572 2214.64
 0.45584 2184.48
 0.45596 2165.87
 0.45608 2158.1
 0.4562 2160.38
 0.45632 2171.87
 0.45644 2191.74
 0.45656 2218.93
 0.45668 2252.53
 0.4568 2291.44
 0.45692 2334.28
 0.45704 2379.92
 0.45716 2427.47
 0.45728 2476.28
 0.4574 2526.19
 0.45752 2578.4
 0.45764 2634.54
 0.45776 2695.55
 0.45788 2761.47
 0.458 2832.2
 0.45812 2907.56
 0.45824 2987.57
 0.45836 3072.38
 0.45848 3162.36
 0.4586 3257.95
 0.45872 3359.38
 0.45884 3467.34
 0.45896 3582.53
 0.45908 3705.13
 0.4592 3835.25
 0.45932 3972.81
 0.45944 4116.85
 0.45956 4265.14
 0.45968 4415.02
 0.4598 4564.23
 0.45992 4711.49
 0.46004 4855.62
 0.46016 4995.58
 0.46028 5130.17
 0.4604 5258.3
 0.46052 5378.49
 0.46064 5489.22
 0.46076 5588.82
 0.46088 5675.37
 0.461 5747.42
 0.46112 5803.96
 0.46124 5843.93
 0.46136 5866.57
 0.46148 5872.02
 0.4616 5861.25
 0.46172 5836.01
 0.46184 5798.05
 0.46196 5748.49
 0.46208 5688.49
 0.4622 5619.02
 0.46232 5540.97
 0.46244 5455.15
 0.46256 5363.02
 0.46268 5266.06
 0.4628 5165.82
 0.46292 5063.65
 0.46304 4960.58
 0.46316 4857.53
 0.46328 4755.51
 0.4634 4655.51
 0.46352 4558.07
 0.46364 4463.01
 0.46376 4369.66
 0.46388 4277.35
 0.464 4185.73
 0.46412 4094.35
 0.46424 4002.98
 0.46436 3911.66
 0.46448 3820.25
 0.4646 3728.33
 0.46472 3635.73
 0.46484 3542.61
 0.46496 3449.33
 0.46508 3356.23
 0.4652 3263.91
 0.46532 3172.83
 0.46544 3083.36
 0.46556 2996.29
 0.46568 2912.67
 0.4658 2833.23
 0.46592 2758.67
 0.46604 2689.45
 0.46616 2626.19
 0.46628 2569.27
 0.4664 2518.89
 0.46652 2475.21
 0.46664 2438.17
 0.46676 2407.56
 0.46688 2383.05
 0.467 2364.41
 0.46712 2351.35
 0.46724 2343.39
 0.46736 2339.99
 0.46748 2340.43
 0.4676 2343.71
 0.46772 2348.96
 0.46784 2355.9
 0.46796 2364.35
 0.46808 2374.41
 0.4682 2386.2
 0.46832 2400.11
 0.46844 2416.7
 0.46856 2436.91
 0.46868 2461.6
 0.4688 2491.1
 0.46892 2525.17
 0.46904 2563.47
 0.46916 2605.84
 0.46928 2652.3
 0.4694 2703.06
 0.46952 2758.4
 0.46964 2818.78
 0.46976 2884.68
 0.46988 2956.18
 0.47 3032.93
 0.47012 3114.21
 0.47024 3199.09
 0.47036 3286.44
 0.47048 3374.53
 0.4706 3461.47
 0.47072 3545.87
 0.47084 3627.42
 0.47096 3706.27
 0.47108 3781.98
 0.4712 3853.53
 0.47132 3919.77
 0.47144 3979.68
 0.47156 4032.27
 0.47168 4076.09
 0.4718 4109.53
 0.47192 4131.54
 0.47204 4141.59
 0.47216 4139.53
 0.47228 4125.33
 0.4724 4099.29
 0.47252 4062.47
 0.47264 4015.95
 0.47276 3960.45
 0.47288 3896.04
 0.473 3823.34
 0.47312 3744.08
 0.47324 3660.57
 0.47336 3574.88
 0.47348 3488.94
 0.4736 3404.87
 0.47372 3325.15
 0.47384 3251.94
 0.47396 3186.74
 0.47408 3130.73
 0.4742 3084.7
 0.47432 3049.38
 0.47444 3025.19
 0.47456 3012.14
 0.47468 3009.91
 0.4748 3018
 0.47492 3035.94
 0.47504 3062.56
 0.47516 3096.08
 0.47528 3134.65
 0.4754 3176.33
 0.47552 3219
 0.47564 3260.55
 0.47576 3299.06
 0.47588 3333.41
 0.476 3362.75
 0.47612 3386.35
 0.47624 3403.75
 0.47636 3414.58
 0.47648 3418.52
 0.4766 3415.27
 0.47672 3405.28
 0.47684 3389.15
 0.47696 3367.36
 0.47708 3340.17
 0.4772 3307.9
 0.47732 3271.2
 0.47744 3231.36
 0.47756 3189.79
 0.47768 3147.51
 0.4778 3105.16
 0.47792 3063.02
 0.47804 3021.61
 0.47816 2981.54
 0.47828 2943.39
 0.4784 2907.62
 0.47852 2874.92
 0.47864 2846.01
 0.47876 2821.11
 0.47888 2800.75
 0.479 2785.91
 0.47912 2778.26
 0.47924 2779.27
 0.47936 2789.54
 0.47948 2809.23
 0.4796 2838.63
 0.47972 2878.4
 0.47984 2928.89
 0.47996 2990.09
 0.48008 3061.59
 0.4802 3142.66
 0.48032 3232.36
 0.48044 3329.7
 0.48056 3433.21
 0.48068 3541.25
 0.4808 3652.19
 0.48092 3764.14
 0.48104 3874.56
 0.48116 3980.54
 0.48128 4079.72
 0.4814 4170.41
 0.48152 4250.89
 0.48164 4319.17
 0.48176 4373.45
 0.48188 4412.76
 0.482 4436.47
 0.48212 4444.32
 0.48224 4436.5
 0.48236 4413.64
 0.48248 4376.74
 0.4826 4327.18
 0.48272 4266.42
 0.48284 4195.68
 0.48296 4116.42
 0.48308 4030.56
 0.4832 3940.06
 0.48332 3846.51
 0.48344 3751.3
 0.48356 3656.16
 0.48368 3562.7
 0.4838 3472.1
 0.48392 3385.29
 0.48404 3303.1
 0.48416 3226.16
 0.48428 3154.81
 0.4844 3088.85
 0.48452 3027.89
 0.48464 2971.83
 0.48476 2921.04
 0.48488 2876.25
 0.485 2837.97
 0.48512 2806.68
 0.48524 2782.77
 0.48536 2766.63
 0.48548 2758.56
 0.4856 2758.91
 0.48572 2768.43
 0.48584 2787.81
 0.48596 2817.41
 0.48608 2857.5
 0.4862 2908.12
 0.48632 2969.57
 0.48644 3042.44
 0.48656 3127.05
 0.48668 3222.91
 0.4868 3328.83
 0.48692 3443.45
 0.48704 3565.19
 0.48716 3692.07
 0.48728 3822.23
 0.4874 3953.86
 0.48752 4085.07
 0.48764 4213.6
 0.48776 4336.99
 0.48788 4453.09
 0.488 4560.12
 0.48812 4656.58
 0.48824 4741.03
 0.48836 4811.68
 0.48848 4866.7
 0.4886 4904.7
 0.48872 4925.18
 0.48884 4928.14
 0.48896 4913.92
 0.48908 4883.47
 0.4892 4838.17
 0.48932 4779.56
 0.48944 4709.3
 0.48956 4629.31
 0.48968 4541.7
 0.4898 4448.65
 0.48992 4352.12
 0.49004 4253.93
 0.49016 4155.8
 0.49028 4059.74
 0.4904 3968.04
 0.49052 3882.89
 0.49064 3806.05
 0.49076 3738.9
 0.49088 3682.54
 0.491 3637.44
 0.49112 3603.82
 0.49124 3581.66
 0.49136 3570.62
 0.49148 3569.81
 0.4916 3578.12
 0.49172 3594.48
 0.49184 3617.9
 0.49196 3647.7
 0.49208 3683.15
 0.4922 3723.63
 0.49232 3768.39
 0.49244 3816.74
 0.49256 3868.2
 0.49268 3922.19
 0.4928 3977.8
 0.49292 4034.19
 0.49304 4090.89
 0.49316 4147.18
 0.49328 4202.56
 0.4934 4257.31
 0.49352 4312.41
 0.49364 4368.97
 0.49376 4427.62
 0.49388 4488.48
 0.494 4551.42
 0.49412 4616.27
 0.49424 4682.49
 0.49436 4749.17
 0.49448 4815
 0.4946 4878.5
 0.49472 4938.58
 0.49484 4994.73
 0.49496 5046.61
 0.49508 5093.99
 0.4952 5136.76
 0.49532 5173.96
 0.49544 5203.67
 0.49556 5223.88
 0.49568 5232.88
 0.4958 5229.98
 0.49592 5214.96
 0.49604 5187.53
 0.49616 5147.51
 0.49628 5095.28
 0.4964 5031.98
 0.49652 4958.99
 0.49664 4878.12
 0.49676 4791.32
 0.49688 4700.26
 0.497 4606.41
 0.49712 4511.1
 0.49724 4416.08
 0.49736 4324.17
 0.49748 4238.31
 0.4976 4160.55
 0.49772 4092.05
 0.49784 4033.15
 0.49796 3984.3
 0.49808 3946.35
 0.4982 3919.98
 0.49832 3905.42
 0.49844 3902.57
 0.49856 3911.35
 0.49868 3930.63
 0.4988 3958.66
 0.49892 3993.4
 0.49904 4032.86
 0.49916 4074.99
 0.49928 4117.39
 0.4994 4157.39
 0.49952 4193.16
 0.49964 4224.21
 0.49976 4250.58
 0.49988 4272.66
 0.5 4289.96
 0.50012 4301.52
 0.50024 4306.47
 0.50036 4303.98
 0.50048 4293.02
 0.5006 4272.8
 0.50072 4243.67
 0.50084 4206.82
 0.50096 4163.64
 0.50108 4115.63
 0.5012 4064.22
 0.50132 4010.89
 0.50144 3956.84
 0.50156 3902.31
 0.50168 3847.08
 0.5018 3790.8
 0.50192 3733.35
 0.50204 3675.7
 0.50216 3619.19
 0.50228 3565.2
 0.5024 3515.22
 0.50252 3470.77
 0.50264 3432.79
 0.50276 3401.64
 0.50288 3377.33
 0.503 3360.23
 0.50312 3350.6
 0.50324 3348.68
 0.50336 3354.34
 0.50348 3367.7
 0.5036 3389.18
 0.50372 3418.97
 0.50384 3457.51
 0.50396 3504.81
 0.50408 3560.35
 0.5042 3623.22
 0.50432 3692.38
 0.50444 3766.81
 0.50456 3845.87
 0.50468 3929.28
 0.5048 4016.85
 0.50492 4107.68
 0.50504 4200.08
 0.50516 4292.42
 0.50528 4383.65
 0.5054 4473.55
 0.50552 4561.64
 0.50564 4647.52
 0.50576 4730.72
 0.50588 4810.23
 0.506 4885.12
 0.50612 4954.29
 0.50624 5017.2
 0.50636 5073.55
 0.50648 5123
 0.5066 5164.94
 0.50672 5198.53
 0.50684 5223.14
 0.50696 5239.46
 0.50708 5249.2
 0.5072 5253.63
 0.50732 5253.01
 0.50744 5246.83
 0.50756 5234.79
 0.50768 5216.59
 0.5078 5192.54
 0.50792 5163.59
 0.50804 5131.13
 0.50816 5096.7
 0.50828 5061.43
 0.5084 5026.18
 0.50852 4991.44
 0.50864 4957.71
 0.50876 4925.61
 0.50888 4895.51
 0.509 4866.68
 0.50912 4837.93
 0.50924 4808.76
 0.50936 4779.61
 0.50948 4751.51
 0.5096 4725.59
 0.50972 4702.47
 0.50984 4682.09
 0.50996 4663.81
 0.51008 4646.69
 0.5102 4629.86
 0.51032 4612.33
 0.51044 4593.67
 0.51056 4573.95
 0.51068 4553.4
 0.5108 4532.42
 0.51092 4511.31
 0.51104 4490.66
 0.51116 4470.77
 0.51128 4451.43
 0.5114 4431.73
 0.51152 4410.25
 0.51164 4385.58
 0.51176 4357.15
 0.51188 4324.65
 0.512 4288.05
 0.51212 4247.35
 0.51224 4202.82
 0.51236 4154.85
 0.51248 4103.31
 0.5126 4047.99
 0.51272 3988.13
 0.51284 3923.03
 0.51296 3852.45
 0.51308 3776.51
 0.5132 3695.95
 0.51332 3611.81
 0.51344 3525.65
 0.51356 3439.34
 0.51368 3354.43
 0.5138 3272.09
 0.51392 3193.67
 0.51404 3120.35
 0.51416 3053.15
 0.51428 2992.65
 0.5144 2939.59
 0.51452 2894.53
 0.51464 2858.14
 0.51476 2831.52
 0.51488 2815.36
 0.515 2809.83
 0.51512 2814.54
 0.51524 2828.6
 0.51536 2850.98
 0.51548 2880.33
 0.5156 2915.27
 0.51572 2954.61
 0.51584 2997.22
 0.51596 3041.9
 0.51608 3087.5
 0.5162 3132.84
 0.51632 3176.78
 0.51644 3218.39
 0.51656 3257.16
 0.51668 3292.4
 0.5168 3323.55
 0.51692 3350.55
 0.51704 3373.68
 0.51716 3393.78
 0.51728 3411.91
 0.5174 3429.2
 0.51752 3446.84
 0.51764 3466.11
 0.51776 3488.04
 0.51788 3513.48
 0.518 3543.1
 0.51812 3577.94
 0.51824 3619.64
 0.51836 3669.9
 0.51848 3729.88
 0.5186 3800.48
 0.51872 3882.32
 0.51884 3975.65
 0.51896 4080.32
 0.51908 4195.68
 0.5192 4320.56
 0.51932 4453.75
 0.51944 4594.15
 0.51956 4740.61
 0.51968 4891.73
 0.5198 5046.28
 0.51992 5203.12
 0.52004 5361.35
 0.52016 5519.27
 0.52028 5674.65
 0.5204 5825.33
 0.52052 5969.57
 0.52064 6105.87
 0.52076 6233.04
 0.52088 6349.94
 0.521 6455.83
 0.52112 6550.61
 0.52124 6634.1
 0.52136 6705.85
 0.52148 6764.88
 0.5216 6810.33
 0.52172 6841.55
 0.52184 6857.94
 0.52196 6858.98
 0.52208 6844.09
 0.5222 6813.09
 0.52232 6765.9
 0.52244 6702.4
 0.52256 6622.32
 0.52268 6525.38
 0.5228 6411.6
 0.52292 6281.39
 0.52304 6134.89
 0.52316 5972.37
 0.52328 5794.9
 0.5234 5604.17
 0.52352 5402.75
 0.52364 5193.27
 0.52376 4978.75
 0.52388 4762.26
 0.524 4546.86
 0.52412 4335.72
 0.52424 4132.38
 0.52436 3940.22
 0.52448 3762.55
 0.5246 3602.76
 0.52472 3463.95
 0.52484 3348.45
 0.52496 3258.02
 0.52508 3194.23
 0.5252 3158.01
 0.52532 3149.45
 0.52544 3167.87
 0.52556 3211.6
 0.52568 3278.51
 0.5258 3365.51
 0.52592 3469.18
 0.52604 3586.15
 0.52616 3712.6
 0.52628 3844.41
 0.5264 3977.81
 0.52652 4109.04
 0.52664 4234.32
 0.52676 4350.47
 0.52688 4455.06
 0.527 4546.28
 0.52712 4622.42
 0.52724 4682
 0.52736 4724.11
 0.52748 4748.67
 0.5276 4756.34
 0.52772 4748.44
 0.52784 4727.26
 0.52796 4694.96
 0.52808 4653.8
 0.5282 4606.47
 0.52832 4555.56
 0.52844 4503.6
 0.52856 4452.89
 0.52868 4405.36
 0.5288 4362.22
 0.52892 4324.12
 0.52904 4291.31
 0.52916 4264.31
 0.52928 4243.65
 0.5294 4229.6
 0.52952 4221.93
 0.52964 4220.13
 0.52976 4223.17
 0.52988 4229.93
 0.53 4239.62
 0.53012 4250.93
 0.53024 4262.23
 0.53036 4271.87
 0.53048 4278.36
 0.5306 4280.68
 0.53072 4278.37
 0.53084 4271.45
 0.53096 4260.33
 0.53108 4245.49
 0.5312 4227.3
 0.53132 4206.15
 0.53144 4182.53
 0.53156 4156.85
 0.53168 4129.59
 0.5318 4101.33
 0.53192 4072.13
 0.53204 4042.08
 0.53216 4012.17
 0.53228 3983.55
 0.5324 3957.24
 0.53252 3934.06
 0.53264 3914.64
 0.53276 3899.18
 0.53288 3887.49
 0.533 3879.21
 0.53312 3874.14
 0.53324 3871.72
 0.53336 3871.11
 0.53348 3871.46
 0.5336 3871.98
 0.53372 3871.91
 0.53384 3870.52
 0.53396 3867.55
 0.53408 3862.6
 0.5342 3854.75
 0.53432 3843.47
 0.53444 3828.48
 0.53456 3809.09
 0.53468 3784.68
 0.5348 3755.18
 0.53492 3720.9
 0.53504 3682.01
 0.53516 3638.86
 0.53528 3592.46
 0.5354 3544.22
 0.53552 3495.57
 0.53564 3447.8
 0.53576 3402.19
 0.53588 3360.15
 0.536 3322.7
 0.53612 3290.82
 0.53624 3265.29
 0.53636 3246.02
 0.53648 3232.77
 0.5366 3226.05
 0.53672 3225.82
 0.53684 3231.46
 0.53696 3242.25
 0.53708 3257.46
 0.5372 3275.97
 0.53732 3296.02
 0.53744 3315.64
 0.53756 3333.09
 0.53768 3347.07
 0.5378 3356.24
 0.53792 3359.08
 0.53804 3354.19
 0.53816 3340.14
 0.53828 3316.07
 0.5384 3282.11
 0.53852 3238.48
 0.53864 3185.26
 0.53876 3123.22
 0.53888 3053.26
 0.539 2976.38
 0.53912 2893.7
 0.53924 2806.69
 0.53936 2717.29
 0.53948 2627.34
 0.5396 2538.25
 0.53972 2450.98
 0.53984 2366.53
 0.53996 2286.24
 0.54008 2211.58
 0.5402 2144.32
 0.54032 2085.72
 0.54044 2036.28
 0.54056 1996.19
 0.54068 1965.45
 0.5408 1944.16
 0.54092 1932.45
 0.54104 1929.99
 0.54116 1936.21
 0.54128 1950.31
 0.5414 1971.4
 0.54152 1998.85
 0.54164 2032.55
 0.54176 2072.62
 0.54188 2118.94
 0.542 2171.17
 0.54212 2228.85
 0.54224 2291.36
 0.54236 2358.17
 0.54248 2429.33
 0.5426 2505.12
 0.54272 2585.38
 0.54284 2669.35
 0.54296 2756.67
 0.54308 2847.65
 0.5432 2942.73
 0.54332 3042.45
 0.54344 3146.96
 0.54356 3255.66
 0.54368 3367.57
 0.5438 3481.83
 0.54392 3597.77
 0.54404 3714.5
 0.54416 3830.74
 0.54428 3945.33
 0.5444 4057.26
 0.54452 4165.04
 0.54464 4267.41
 0.54476 4363.77
 0.54488 4453.59
 0.545 4535.95
 0.54512 4609.56
 0.54524 4673.13
 0.54536 4725.3
 0.54548 4765.65
 0.5456 4794.64
 0.54572 4812.84
 0.54584 4820.48
 0.54596 4817.79
 0.54608 4805.71
 0.5462 4785.64
 0.54632 4758.88
 0.54644 4726.78
 0.54656 4690.8
 0.54668 4652.23
 0.5468 4612.14
 0.54692 4571.59
 0.54704 4531.7
 0.54716 4493.73
 0.54728 4459.01
 0.5474 4428.84
 0.54752 4403.49
 0.54764 4382.51
 0.54776 4365.44
 0.54788 4352.15
 0.548 4342.41
 0.54812 4335.52
 0.54824 4330.53
 0.54836 4326.34
 0.54848 4321.85
 0.5486 4315.71
 0.54872 4306.6
 0.54884 4293.41
 0.54896 4275.27
 0.54908 4251.28
 0.5492 4220.26
 0.54932 4181.08
 0.54944 4133.13
 0.54956 4076.7
 0.54968 4012.73
 0.5498 3942.28
 0.54992 3866.27
 0.55004 3785.51
 0.55016 3700.92
 0.55028 3613.53
 0.5504 3524.61
 0.55052 3435.45
 0.55064 3347.98
 0.55076 3264.09
 0.55088 3185.49
 0.551 3113.82
 0.55112 3050.84
 0.55124 2998.53
 0.55136 2958.18
 0.55148 2929.8
 0.5516 2912.82
 0.55172 2906.36
 0.55184 2909.32
 0.55196 2920.79
 0.55208 2940
 0.5522 2966.12
 0.55232 2998.26
 0.55244 3035.26
 0.55256 3075.75
 0.55268 3118.01
 0.5528 3160.19
 0.55292 3200.48
 0.55304 3237.15
 0.55316 3268.36
 0.55328 3292.53
 0.5534 3309.4
 0.55352 3319.88
 0.55364 3324.83
 0.55376 3324.98
 0.55388 3321.04
 0.554 3313.2
 0.55412 3301.9
 0.55424 3287.6
 0.55436 3271.08
 0.55448 3253.36
 0.5546 3235.39
 0.55472 3218.04
 0.55484 3202.26
 0.55496 3188.74
 0.55508 3178.04
 0.5552 3170.49
 0.55532 3165.97
 0.55544 3163.29
 0.55556 3161.01
 0.55568 3158.21
 0.5558 3154.5
 0.55592 3150.02
 0.55604 3145.17
 0.55616 3139.88
 0.55628 3133.94
 0.5564 3126.75
 0.55652 3117.6
 0.55664 3106.19
 0.55676 3092.31
 0.55688 3075.96
 0.557 3057.67
 0.55712 3038.17
 0.55724 3018.6
 0.55736 3000.47
 0.55748 2985.46
 0.5576 2974.97
 0.55772 2969.52
 0.55784 2968.68
 0.55796 2971.67
 0.55808 2978.04
 0.5582 2987.91
 0.55832 3001.56
 0.55844 3019.6
 0.55856 3042.48
 0.55868 3070.52
 0.5588 3104.1
 0.55892 3143.06
 0.55904 3186.77
 0.55916 3234.32
 0.55928 3284.3
 0.5594 3335.37
 0.55952 3386.31
 0.55964 3436.22
 0.55976 3485.35
 0.55988 3534.57
 0.56 3584.6
 0.56012 3635.62
 0.56024 3687.06
 0.56036 3738.06
 0.56048 3787.65
 0.5606 3835
 0.56072 3878.96
 0.56084 3918.04
 0.56096 3951.22
 0.56108 3977.68
 0.5612 3997.04
 0.56132 4009.12
 0.56144 4013.61
 0.56156 4010.34
 0.56168 3998.96
 0.5618 3978.54
 0.56192 3948.24
 0.56204 3907.33
 0.56216 3855.76
 0.56228 3794.28
 0.5624 3724.19
 0.56252 3646.93
 0.56264 3564.12
 0.56276 3478.03
 0.56288 3391.37
 0.563 3306.85
 0.56312 3227.1
 0.56324 3154.46
 0.56336 3091.33
 0.56348 3039.91
 0.5636 3002.1
 0.56372 2979.73
 0.56384 2974.1
 0.56396 2986.39
 0.56408 3017.7
 0.5642 3068.57
 0.56432 3138.69
 0.56444 3226.95
 0.56456 3331.4
 0.56468 3449.45
 0.5648 3578.1
 0.56492 3713.88
 0.56504 3853.1
 0.56516 3992.13
 0.56528 4127.18
 0.5654 4254.36
 0.56552 4370.08
 0.56564 4470.7
 0.56576 4553.29
 0.56588 4615.46
 0.566 4654.74
 0.56612 4668.71
 0.56624 4655.5
 0.56636 4614.26
 0.56648 4545.22
 0.5666 4449.88
 0.56672 4330.56
 0.56684 4189.77
 0.56696 4030.5
 0.56708 3855.89
 0.5672 3669.17
 0.56732 3474.1
 0.56744 3274.56
 0.56756 3074.67
 0.56768 2878.67
 0.5678 2690.25
 0.56792 2513.2
 0.56804 2351.4
 0.56816 2208.46
 0.56828 2086.97
 0.5684 1988.82
 0.56852 1915.16
 0.56864 1866.28
 0.56876 1841.93
 0.56888 1841.56
 0.569 1864.17
 0.56912 1908.86
 0.56924 1974.52
 0.56936 2059.29
 0.56948 2160.96
 0.5696 2276.68
 0.56972 2403.32
 0.56984 2537.81
 0.56996 2677
 0.57008 2817.82
 0.5702 2957.91
 0.57032 3095.76
 0.57044 3229.62
 0.57056 3357.75
 0.57068 3478.44
 0.5708 3590.24
 0.57092 3692.16
 0.57104 3783.36
 0.57116 3862.39
 0.57128 3928.06
 0.5714 3979.88
 0.57152 4017.83
 0.57164 4042.61
 0.57176 4055.18
 0.57188 4056.18
 0.572 4045.85
 0.57212 4024.29
 0.57224 3991.01
 0.57236 3945.78
 0.57248 3888.98
 0.5726 3821.49
 0.57272 3744.51
 0.57284 3659.06
 0.57296 3565.67
 0.57308 3465.16
 0.5732 3359.34
 0.57332 3249.79
 0.57344 3137.82
 0.57356 3024.48
 0.57368 2910.47
 0.5738 2796.65
 0.57392 2684.72
 0.57404 2576.88
 0.57416 2475.46
 0.57428 2382.7
 0.5744 2300.08
 0.57452 2228.78
 0.57464 2169.56
 0.57476 2122.81
 0.57488 2089.24
 0.575 2069.89
 0.57512 2065.45
 0.57524 2075.95
 0.57536 2101.41
 0.57548 2141.69
 0.5756 2196.55
 0.57572 2265.49
 0.57584 2347.57
 0.57596 2440.98
 0.57608 2543.34
 0.5762 2652.29
 0.57632 2765.94
 0.57644 2882.79
 0.57656 3001.47
 0.57668 3120.89
 0.5768 3240.23
 0.57692 3358.28
 0.57704 3473.5
 0.57716 3584.15
 0.57728 3688.7
 0.5774 3785.89
 0.57752 3874.64
 0.57764 3954.13
 0.57776 4023.87
 0.57788 4083.7
 0.578 4134.24
 0.57812 4176.5
 0.57824 4211.21
 0.57836 4238.73
 0.57848 4259.35
 0.5786 4272.92
 0.57872 4278.92
 0.57884 4276.94
 0.57896 4266.9
 0.57908 4249.26
 0.5792 4224.84
 0.57932 4194.01
 0.57944 4156.82
 0.57956 4113.46
 0.57968 4064.02
 0.5798 4008.61
 0.57992 3947.21
 0.58004 3879.28
 0.58016 3804.4
 0.58028 3722.52
 0.5804 3633.68
 0.58052 3538.18
 0.58064 3436.81
 0.58076 3330.52
 0.58088 3219.83
 0.581 3105.23
 0.58112 2986.89
 0.58124 2865.28
 0.58136 2741.63
 0.58148 2617.36
 0.5816 2493.8
 0.58172 2372.18
 0.58184 2253.58
 0.58196 2139.17
 0.58208 2030.19
 0.5822 1927.8
 0.58232 1833.09
 0.58244 1746.99
 0.58256 1670.29
 0.58268 1603.66
 0.5828 1547.94
 0.58292 1504.38
 0.58304 1473.87
 0.58316 1457.12
 0.58328 1454.38
 0.5834 1465.37
 0.58352 1489.39
 0.58364 1525.8
 0.58376 1574.22
 0.58388 1634.32
 0.584 1705.82
 0.58412 1788.3
 0.58424 1880.9
 0.58436 1982.54
 0.58448 2092.41
 0.5846 2209.68
 0.58472 2333.71
 0.58484 2463.54
 0.58496 2598.14
 0.58508 2736.82
 0.5852 2879.07
 0.58532 3024.47
 0.58544 3172.98
 0.58556 3324.84
 0.58568 3479.69
 0.5858 3636.68
 0.58592 3794.91
 0.58604 3953.27
 0.58616 4110.91
 0.58628 4267.59
 0.5864 4423.06
 0.58652 4576.62
 0.58664 4726.9
 0.58676 4871.83
 0.58688 5009.54
 0.587 5138.13
 0.58712 5255.67
 0.58724 5360.28
 0.58736 5450.04
 0.58748 5522.83
 0.5876 5576.87
 0.58772 5611.44
 0.58784 5626.09
 0.58796 5620.54
 0.58808 5594.93
 0.5882 5549.34
 0.58832 5483.73
 0.58844 5398.49
 0.58856 5294.89
 0.58868 5175.41
 0.5888 5043.46
 0.58892 4902.35
 0.58904 4755.25
 0.58916 4605.03
 0.58928 4454.48
 0.5894 4306.61
 0.58952 4164.2
 0.58964 4029.55
 0.58976 3904.5
 0.58988 3790.8
 0.59 3689.9
 0.59012 3602.69
 0.59024 3529.9
 0.59036 3472.1
 0.59048 3429.51
 0.5906 3401.7
 0.59072 3387.34
 0.59084 3384.5
 0.59096 3391.4
 0.59108 3406.65
 0.5912 3429.17
 0.59132 3457.79
 0.59144 3491.33
 0.59156 3528.91
 0.59168 3569.52
 0.5918 3612.07
 0.59192 3655.7
 0.59204 3699.98
 0.59216 3745.08
 0.59228 3791.2
 0.5924 3838.28
 0.59252 3886.13
 0.59264 3934.52
 0.59276 3983.59
 0.59288 4033.54
 0.593 4084.29
 0.59312 4135.26
 0.59324 4185.78
 0.59336 4234.99
 0.59348 4281.78
 0.5936 4325.34
 0.59372 4365.36
 0.59384 4401.34
 0.59396 4432.4
 0.59408 4457.06
 0.5942 4473.49
 0.59432 4480.21
 0.59444 4476.28
 0.59456 4461.13
 0.59468 4434.55
 0.5948 4396.34
 0.59492 4346.46
 0.59504 4285.21
 0.59516 4213.41
 0.59528 4132.16
 0.5954 4043.11
 0.59552 3947.8
 0.59564 3847.11
 0.59576 3741.84
 0.59588 3633.16
 0.596 3522.69
 0.59612 3412.52
 0.59624 3304.96
 0.59636 3202.06
 0.59648 3105.52
 0.5966 3016.82
 0.59672 2936.9
 0.59684 2866.67
 0.59696 2806.91
 0.59708 2757.94
 0.5972 2719.53
 0.59732 2691.09
 0.59744 2671.78
 0.59756 2661.18
 0.59768 2659.23
 0.5978 2665.67
 0.59792 2680.21
 0.59804 2702.32
 0.59816 2730.81
 0.59828 2764.02
 0.5984 2800.35
 0.59852 2838.34
 0.59864 2876.96
 0.59876 2915.69
 0.59888 2953.88
 0.599 2991.15
 0.59912 3027.68
 0.59924 3064.01
 0.59936 3100.57
 0.59948 3137.87
 0.5996 3176.22
 0.59972 3215.87
 0.59984 3257.15
 0.59996 3300
 0.60008 3344.59
 0.6002 3391.71
 0.60032 3442.41
 0.60044 3497.46
 0.60056 3557.2
 0.60068 3621.07
 0.6008 3688.27
 0.60092 3758.23
 0.60104 3830.1
 0.60116 3902.5
 0.60128 3974.31
 0.6014 4044.45
 0.60152 4111.48
 0.60164 4173.94
 0.60176 4230.33
 0.60188 4279.12
 0.602 4319.26
 0.60212 4349.79
 0.60224 4369.72
 0.60236 4378.54
 0.60248 4376.13
 0.6026 4363.28
 0.60272 4341.56
 0.60284 4312.5
 0.60296 4277.45
 0.60308 4237.93
 0.6032 4195.46
 0.60332 4151.17
 0.60344 4106.66
 0.60356 4063.86
 0.60368 4024.39
 0.6038 3990.1
 0.60392 3962.84
 0.60404 3944.08
 0.60416 3934.77
 0.60428 3935.48
 0.6044 3946.03
 0.60452 3965.79
 0.60464 3993.41
 0.60476 4027.42
 0.60488 4066.48
 0.605 4109.33
 0.60512 4154.8
 0.60524 4202.32
 0.60536 4251.43
 0.60548 4301.17
 0.6056 4350.92
 0.60572 4400.58
 0.60584 4449.79
 0.60596 4497.87
 0.60608 4544.5
 0.6062 4589.82
 0.60632 4634.42
 0.60644 4679.44
 0.60656 4726.49
 0.60668 4777.22
 0.6068 4832.93
 0.60692 4894.89
 0.60704 4964.15
 0.60716 5041.19
 0.60728 5125.24
 0.6074 5215.44
 0.60752 5311.02
 0.60764 5410.4
 0.60776 5511.5
 0.60788 5612.28
 0.608 5711.19
 0.60812 5806.37
 0.60824 5895.72
 0.60836 5976.99
 0.60848 6047.88
 0.6086 6105.92
 0.60872 6148.83
 0.60884 6174.35
 0.60896 6180.18
 0.60908 6164.63
 0.6092 6127.18
 0.60932 6068.9
 0.60944 5991.04
 0.60956 5895.04
 0.60968 5783.15
 0.6098 5658.29
 0.60992 5523.27
 0.61004 5380.85
 0.61016 5233.86
 0.61028 5085.23
 0.6104 4937.69
 0.61052 4793.24
 0.61064 4653.9
 0.61076 4521.98
 0.61088 4400.33
 0.611 4291.63
 0.61112 4197.72
 0.61124 4119.2
 0.61136 4055.62
 0.61148 4006.4
 0.6116 3970.76
 0.61172 3947.36
 0.61184 3934.59
 0.61196 3930.95
 0.61208 3934.75
 0.6122 3944.06
 0.61232 3956.64
 0.61244 3970.81
 0.61256 3985.85
 0.61268 4000.8
 0.6128 4014.03
 0.61292 4023.52
 0.61304 4027.6
 0.61316 4025.38
 0.61328 4016.57
 0.6134 4001.19
 0.61352 3979.24
 0.61364 3950.87
 0.61376 3916.49
 0.61388 3876.39
 0.614 3831.12
 0.61412 3781.52
 0.61424 3729.19
 0.61436 3675.83
 0.61448 3622.36
 0.6146 3569.43
 0.61472 3518.08
 0.61484 3469.63
 0.61496 3425.44
 0.61508 3386.42
 0.6152 3352.88
 0.61532 3325.11
 0.61544 3303.46
 0.61556 3288.25
 0.61568 3279.48
 0.6158 3276.67
 0.61592 3279.3
 0.61604 3286.65
 0.61616 3297.4
 0.61628 3309.8
 0.6164 3322.45
 0.61652 3334.33
 0.61664 3344.04
 0.61676 3350.18
 0.61688 3351.53
 0.617 3347.03
 0.61712 3336.13
 0.61724 3318.52
 0.61736 3293.81
 0.61748 3261.68
 0.6176 3221.79
 0.61772 3174.5
 0.61784 3120.69
 0.61796 3061.11
 0.61808 2996.48
 0.6182 2928.04
 0.61832 2857.06
 0.61844 2784.53
 0.61856 2711.81
 0.61868 2640.38
 0.6188 2571.38
 0.61892 2505.54
 0.61904 2443.39
 0.61916 2385.4
 0.61928 2332.01
 0.6194 2283.37
 0.61952 2239.76
 0.61964 2201.62
 0.61976 2168.9
 0.61988 2141.45
 0.62 2119.62
 0.62012 2103.87
 0.62024 2094.4
 0.62036 2091.14
 0.62048 2093.77
 0.6206 2101.59
 0.62072 2114.14
 0.62084 2131.45
 0.62096 2153.87
 0.62108 2181.56
 0.6212 2214.38
 0.62132 2252.6
 0.62144 2296.82
 0.62156 2347.14
 0.62168 2403.24
 0.6218 2464.9
 0.62192 2531.57
 0.62204 2601.92
 0.62216 2674.68
 0.62228 2748.92
 0.6224 2824.12
 0.62252 2900.18
 0.62264 2977.09
 0.62276 3054.48
 0.62288 3131.55
 0.623 3207.44
 0.62312 3281.78
 0.62324 3353.89
 0.62336 3422.57
 0.62348 3486.48
 0.6236 3544.81
 0.62372 3597.2
 0.62384 3643.39
 0.62396 3683.84
 0.62408 3719.61
 0.6242 3751.35
 0.62432 3779.3
 0.62444 3803.49
 0.62456 3823.76
 0.62468 3839.78
 0.6248 3851.56
 0.62492 3859.61
 0.62504 3864.18
 0.62516 3865.75
 0.62528 3865.29
 0.6254 3864.02
 0.62552 3863.38
 0.62564 3864.56
 0.62576 3868.36
 0.62588 3875.35
 0.626 3885.07
 0.62612 3896.9
 0.62624 3910.79
 0.62636 3926.83
 0.62648 3945.1
 0.6266 3965.79
 0.62672 3989.29
 0.62684 4015.3
 0.62696 4043.42
 0.62708 4073.35
 0.6272 4104.26
 0.62732 4135.19
 0.62744 4164.96
 0.62756 4191.94
 0.62768 4214.7
 0.6278 4232.12
 0.62792 4243.53
 0.62804 4249.2
 0.62816 4249.28
 0.62828 4243.57
 0.6284 4232.04
 0.62852 4214.96
 0.62864 4192.57
 0.62876 4165.48
 0.62888 4134.61
 0.629 4100.5
 0.62912 4063.61
 0.62924 4024.67
 0.62936 3984.43
 0.62948 3943.78
 0.6296 3903.84
 0.62972 3865.51
 0.62984 3829.5
 0.62996 3796.19
 0.63008 3765.56
 0.6302 3738.02
 0.63032 3713.88
 0.63044 3692.89
 0.63056 3674.32
 0.63068 3657.41
 0.6308 3641.12
 0.63092 3625.02
 0.63104 3608.91
 0.63116 3592.73
 0.63128 3576.43
 0.6314 3560.22
 0.63152 3544.75
 0.63164 3530.87
 0.63176 3519.55
 0.63188 3511.77
 0.632 3508.49
 0.63212 3510.32
 0.63224 3517.4
 0.63236 3530.35
 0.63248 3550.41
 0.6326 3578.85
 0.63272 3616.8
 0.63284 3664.75
 0.63296 3722.61
 0.63308 3790.26
 0.6332 3867.53
 0.63332 3954.12
 0.63344 4049.17
 0.63356 4150.79
 0.63368 4256.53
 0.6338 4363.95
 0.63392 4470.71
 0.63404 4574.88
 0.63416 4674.97
 0.63428 4769.72
 0.6344 4857.4
 0.63452 4935.99
 0.63464 5003.74
 0.63476 5059.01
 0.63488 5101.21
 0.635 5129.99
 0.63512 5144.82
 0.63524 5144.93
 0.63536 5129.4
 0.63548 5097.81
 0.6356 5050.99
 0.63572 4990.25
 0.63584 4916.73
 0.63596 4831.45
 0.63608 4735.11
 0.6362 4628.28
 0.63632 4511.8
 0.63644 4386.87
 0.63656 4255.09
 0.63668 4118.17
 0.6368 3977.94
 0.63692 3835.66
 0.63704 3692.61
 0.63716 3550.71
 0.63728 3412.15
 0.6374 3279.59
 0.63752 3155.39
 0.63764 3041.23
 0.63776 2938.56
 0.63788 2848.87
 0.638 2773.7
 0.63812 2714.52
 0.63824 2672.51
 0.63836 2648.13
 0.63848 2641.29
 0.6386 2651.34
 0.63872 2677.15
 0.63884 2717.14
 0.63896 2769.77
 0.63908 2833.29
 0.6392 2905.55
 0.63932 2984.38
 0.63944 3067.25
 0.63956 3151.65
 0.63968 3235.05
 0.6398 3315.22
 0.63992 3390.01
 0.64004 3457.35
 0.64016 3515.68
 0.64028 3563.98
 0.6404 3602.09
 0.64052 3630.39
 0.64064 3649.73
 0.64076 3661.75
 0.64088 3668.55
 0.641 3672.32
 0.64112 3674.82
 0.64124 3677.52
 0.64136 3681.81
 0.64148 3688.84
 0.6416 3699.98
 0.64172 3716.72
 0.64184 3740.29
 0.64196 3771.84
 0.64208 3812.02
 0.6422 3860.9
 0.64232 3918.01
 0.64244 3982.26
 0.64256 4052.3
 0.64268 4126.08
 0.6428 4200.81
 0.64292 4273.23
 0.64304 4340.14
 0.64316 4399.41
 0.64328 4449.2
 0.6434 4488.13
 0.64352 4515.27
 0.64364 4529.47
 0.64376 4529.75
 0.64388 4515.35
 0.644 4485.71
 0.64412 4441.05
 0.64424 4381.82
 0.64436 4308.85
 0.64448 4223.06
 0.6446 4125.59
 0.64472 4018.23
 0.64484 3903.43
 0.64496 3784.22
 0.64508 3663.7
 0.6452 3544.19
 0.64532 3427.87
 0.64544 3316.44
 0.64556 3211.44
 0.64568 3114.42
 0.6458 3026.51
 0.64592 2948.67
 0.64604 2881.4
 0.64616 2824.95
 0.64628 2779.32
 0.6464 2744.49
 0.64652 2720.61
 0.64664 2707.61
 0.64676 2705.12
 0.64688 2712.21
 0.647 2727.27
 0.64712 2748.58
 0.64724 2774.81
 0.64736 2804.54
 0.64748 2836.45
 0.6476 2869.24
 0.64772 2901.73
 0.64784 2933.01
 0.64796 2962.6
 0.64808 2990.32
 0.6482 3016.12
 0.64832 3040.35
 0.64844 3063.25
 0.64856 3085.24
 0.64868 3106.72
 0.6488 3128.13
 0.64892 3150.32
 0.64904 3174.27
 0.64916 3200.93
 0.64928 3231.33
 0.6494 3266.68
 0.64952 3308.25
 0.64964 3357.39
 0.64976 3415.46
 0.64988 3483.52
 0.65 3561.31
 0.65012 3648.43
 0.65024 3743.95
 0.65036 3846.47
 0.65048 3954.37
 0.6506 4065.68
 0.65072 4178.64
 0.65084 4291.51
 0.65096 4402.84
 0.65108 4511.47
 0.6512 4615.96
 0.65132 4714.54
 0.65144 4805.22
 0.65156 4885.59
 0.65168 4952.93
 0.6518 5004.41
 0.65192 5038.29
 0.65204 5054.41
 0.65216 5052.83
 0.65228 5034.36
 0.6524 5000.33
 0.65252 4952.5
 0.65264 4892.64
 0.65276 4822.14
 0.65288 4742.06
 0.653 4652.82
 0.65312 4554.75
 0.65324 4448.67
 0.65336 4335.64
 0.65348 4217.5
 0.6536 4096.74
 0.65372 3976.38
 0.65384 3859.53
 0.65396 3748.22
 0.65408 3643.9
 0.6542 3547.67
 0.65432 3460.03
 0.65444 3381.03
 0.65456 3310.4
 0.65468 3248.27
 0.6548 3195.42
 0.65492 3152.98
 0.65504 3122.31
 0.65516 3104.64
 0.65528 3101.05
 0.6554 3112.24
 0.65552 3137.9
 0.65564 3176.88
 0.65576 3227.49
 0.65588 3287.51
 0.656 3354.59
 0.65612 3426.21
 0.65624 3500.08
 0.65636 3574.2
 0.65648 3647.03
 0.6566 3717.03
 0.65672 3782.37
 0.65684 3840.82
 0.65696 3890.32
 0.65708 3928.88
 0.6572 3954.52
 0.65732 3965.17
 0.65744 3959.21
 0.65756 3936.02
 0.65768 3895.55
 0.6578 3838.54
 0.65792 3766.66
 0.65804 3682.16
 0.65816 3587.46
 0.65828 3485.01
 0.6584 3377.18
 0.65852 3266.11
 0.65864 3153.98
 0.65876 3042.77
 0.65888 2934.28
 0.659 2830.1
 0.65912 2731.83
 0.65924 2641.45
 0.65936 2561.01
 0.65948 2492.34
 0.6596 2436.79
 0.65972 2395.27
 0.65984 2367.83
 0.65996 2353.96
 0.66008 2352.96
 0.6602 2364.18
 0.66032 2386.72
 0.66044 2419.62
 0.66056 2461.8
 0.66068 2512.27
 0.6608 2570.36
 0.66092 2635.41
 0.66104 2706.7
 0.66116 2783.03
 0.66128 2862.73
 0.6614 2943.82
 0.66152 3024.24
 0.66164 3101.9
 0.66176 3175.43
 0.66188 3243.89
 0.662 3306.5
 0.66212 3362.37
 0.66224 3410.64
 0.66236 3450.81
 0.66248 3482.41
 0.6626 3505.13
 0.66272 3518.52
 0.66284 3522.42
 0.66296 3517.03
 0.66308 3502.76
 0.6632 3480.51
 0.66332 3451.54
 0.66344 3417.32
 0.66356 3379.44
 0.66368 3339.41
 0.6638 3298.38
 0.66392 3257.53
 0.66404 3217.82
 0.66416 3180.17
 0.66428 3145.38
 0.6644 3113.9
 0.66452 3086.06
 0.66464 3062.38
 0.66476 3043.24
 0.66488 3028.49
 0.665 3017.79
 0.66512 3010.66
 0.66524 3006.57
 0.66536 3004.96
 0.66548 3005.62
 0.6656 3008.37
 0.66572 3012.96
 0.66584 3018.73
 0.66596 3024.87
 0.66608 3030.8
 0.6662 3036
 0.66632 3040.23
 0.66644 3043.84
 0.66656 3047.33
 0.66668 3051
 0.6668 3055.17
 0.66692 3060.23
 0.66704 3066.53
 0.66716 3074.35
 0.66728 3083.8
 0.6674 3094.78
 0.66752 3106.41
 0.66764 3117.87
 0.66776 3128.64
 0.66788 3138.84
 0.668 3148.87
 0.66812 3159.07
 0.66824 3169.66
 0.66836 3180.52
 0.66848 3190.99
 0.6686 3200.29
 0.66872 3207.8
 0.66884 3213.26
 0.66896 3216.84
 0.66908 3218.81
 0.6692 3219.57
 0.66932 3219.6
 0.66944 3219.83
 0.66956 3221.9
 0.66968 3227.14
 0.6698 3236.46
 0.66992 3250.17
 0.67004 3268.25
 0.67016 3290.73
 0.67028 3317.58
 0.6704 3348.53
 0.67052 3383.39
 0.67064 3421.95
 0.67076 3463.81
 0.67088 3508.06
 0.671 3553.35
 0.67112 3598.08
 0.67124 3640.63
 0.67136 3679.11
 0.67148 3711.11
 0.6716 3734.18
 0.67172 3746.67
 0.67184 3747.66
 0.67196 3736.82
 0.67208 3713.93
 0.6722 3678.8
 0.67232 3631.95
 0.67244 3574.73
 0.67256 3508.8
 0.67268 3435.94
 0.6728 3357.85
 0.67292 3276.74
 0.67304 3195.08
 0.67316 3115.49
 0.67328 3040.79
 0.6734 2974.22
 0.67352 2919.13
 0.67364 2877.96
 0.67376 2852.06
 0.67388 2841.95
 0.674 2847.88
 0.67412 2870.08
 0.67424 2908.66
 0.67436 2962.64
 0.67448 3030.42
 0.6746 3110.09
 0.67472 3199.69
 0.67484 3297.49
 0.67496 3401.4
 0.67508 3509.33
 0.6752 3619.05
 0.67532 3728.25
 0.67544 3834.3
 0.67556 3934.93
 0.67568 4029.03
 0.6758 4116
 0.67592 4195.75
 0.67604 4268.3
 0.67616 4333.64
 0.67628 4391.96
 0.6764 4444.12
 0.67652 4491.18
 0.67664 4534.6
 0.67676 4575.66
 0.67688 4615.5
 0.677 4655.36
 0.67712 4696.43
 0.67724 4739.9
 0.67736 4786.54
 0.67748 4837.28
 0.6776 4892.68
 0.67772 4953.15
 0.67784 5019.12
 0.67796 5090.6
 0.67808 5167.49
 0.6782 5249.42
 0.67832 5335.67
 0.67844 5425.21
 0.67856 5516.46
 0.67868 5607.56
 0.6788 5696.99
 0.67892 5783.29
 0.67904 5865.06
 0.67916 5940.5
 0.67928 6008.19
 0.6794 6067.23
 0.67952 6116.64
 0.67964 6155.26
 0.67976 6181.45
 0.67988 6193.95
 0.68 6191.74
 0.68012 6174.17
 0.68024 6141.4
 0.68036 6094.09
 0.68048 6033.46
 0.6806 5961.44
 0.68072 5879.45
 0.68084 5788.57
 0.68096 5689.92
 0.68108 5584.94
 0.6812 5475.69
 0.68132 5364.11
 0.68144 5251.9
 0.68156 5140.95
 0.68168 5033.82
 0.6818 4933.03
 0.68192 4840.32
 0.68204 4757.13
 0.68216 4684.1
 0.68228 4621.08
 0.6824 4567.31
 0.68252 4521.52
 0.68264 4482.79
 0.68276 4451.66
 0.68288 4428.78
 0.683 4414.57
 0.68312 4408.91
 0.68324 4411.05
 0.68336 4420.07
 0.68348 4435.06
 0.6836 4454.29
 0.68372 4475.3
 0.68384 4496.31
 0.68396 4516.11
 0.68408 4534.17
 0.6842 4550.76
 0.68432 4566.59
 0.68444 4582.86
 0.68456 4600.61
 0.68468 4618.91
 0.6848 4635.14
 0.68492 4646.89
 0.68504 4651.94
 0.68516 4648.47
 0.68528 4635.2
 0.6854 4610.95
 0.68552 4574.84
 0.68564 4527.26
 0.68576 4468.91
 0.68588 4400.01
 0.686 4320.63
 0.68612 4230.26
 0.68624 4128.06
 0.68636 4012.98
 0.68648 3883.82
 0.6866 3740.34
 0.68672 3584.7
 0.68684 3420.05
 0.68696 3249.33
 0.68708 3075.43
 0.6872 2900.83
 0.68732 2727.69
 0.68744 2558.17
 0.68756 2394.03
 0.68768 2236.38
 0.6878 2086.26
 0.68792 1944.76
 0.68804 1812.89
 0.68816 1691.8
 0.68828 1582.86
 0.6884 1487.48
 0.68852 1406.74
 0.68864 1340.79
 0.68876 1288.8
 0.68888 1249.85
 0.689 1223.12
 0.68912 1207.91
 0.68924 1203.93
 0.68936 1210.96
 0.68948 1228.78
 0.6896 1257.09
 0.68972 1295.69
 0.68984 1344.34
 0.68996 1402.93
 0.69008 1471.44
 0.6902 1549.62
 0.69032 1636.73
 0.69044 1732.24
 0.69056 1836.06
 0.69068 1948.16
 0.6908 2068.08
 0.69092 2195.12
 0.69104 2328.46
 0.69116 2466.98
 0.69128 2609.24
 0.6914 2753.61
 0.69152 2898.42
 0.69164 3042.24
 0.69176 3183.66
 0.69188 3321.26
 0.692 3453.36
 0.69212 3578.26
 0.69224 3694.95
 0.69236 3802.79
 0.69248 3900.78
 0.6926 3987.71
 0.69272 4062.48
 0.69284 4124.59
 0.69296 4173.17
 0.69308 4207.5
 0.6932 4227.16
 0.69332 4232.24
 0.69344 4223.18
 0.69356 4200.65
 0.69368 4165.42
 0.6938 4118.32
 0.69392 4060.33
 0.69404 3992.86
 0.69416 3917
 0.69428 3833.01
 0.6944 3741.35
 0.69452 3642.65
 0.69464 3537.8
 0.69476 3428.01
 0.69488 3314.73
 0.695 3200.3
 0.69512 3086.98
 0.69524 2976.79
 0.69536 2871.46
 0.69548 2772.5
 0.6956 2680.89
 0.69572 2597.03
 0.69584 2521.11
 0.69596 2453.19
 0.69608 2393.05
 0.6962 2341.16
 0.69632 2298.43
 0.69644 2265.59
 0.69656 2243.38
 0.69668 2232.15
 0.6968 2231.76
 0.69692 2241.29
 0.69704 2259.38
 0.69716 2284.73
 0.69728 2315.93
 0.6974 2351.32
 0.69752 2389.31
 0.69764 2429.21
 0.69776 2471.15
 0.69788 2515.28
 0.698 2561.96
 0.69812 2611.47
 0.69824 2663.51
 0.69836 2717.54
 0.69848 2772.9
 0.6986 2828.96
 0.69872 2885.29
 0.69884 2942
 0.69896 2999.53
 0.69908 3058.22
 0.6992 3118.42
 0.69932 3180.92
 0.69944 3246.82
 0.69956 3316.9
 0.69968 3391.07
 0.6998 3468.74
 0.69992 3549.03
 0.70004 3630.65
 0.70016 3712.86
 0.70028 3795.09
 0.7004 3876.95
 0.70052 3958.06
 0.70064 4037.87
 0.70076 4115.73
 0.70088 4190.7
 0.701 4261.95
 0.70112 4328.82
 0.70124 4390.29
 0.70136 4445.17
 0.70148 4492.35
 0.7016 4531.22
 0.70172 4561.48
 0.70184 4582.99
 0.70196 4596.69
 0.70208 4603.16
 0.7022 4602.12
 0.70232 4593.45
 0.70244 4577.04
 0.70256 4553.21
 0.70268 4522.49
 0.7028 4485.62
 0.70292 4443.4
 0.70304 4396.38
 0.70316 4345.38
 0.70328 4291.68
 0.7034 4236.44
 0.70352 4180.6
 0.70364 4124.67
 0.70376 4069.64
 0.70388 4016.23
 0.704 3964.55
 0.70412 3915.93
 0.70424 3872.37
 0.70436 3835.65
 0.70448 3807.31
 0.7046 3788.25
 0.70472 3778.81
 0.70484 3779
 0.70496 3788.58
 0.70508 3807.26
 0.7052 3834
 0.70532 3867.51
 0.70544 3906.62
 0.70556 3950.27
 0.70568 3997.47
 0.7058 4046.65
 0.70592 4096.42
 0.70604 4145.36
 0.70616 4190.95
 0.70628 4230.45
 0.7064 4261.18
 0.70652 4280.97
 0.70664 4288.36
 0.70676 4282.55
 0.70688 4263.08
 0.707 4230.09
 0.70712 4184.28
 0.70724 4127.01
 0.70736 4059.49
 0.70748 3982.84
 0.7076 3898.25
 0.70772 3807.05
 0.70784 3710.78
 0.70796 3610.57
 0.70808 3507.75
 0.7082 3404.18
 0.70832 3301.83
 0.70844 3202.51
 0.70856 3107.55
 0.70868 3017.8
 0.7088 2934.04
 0.70892 2856.84
 0.70904 2786.21
 0.70916 2721.67
 0.70928 2662.73
 0.7094 2609.17
 0.70952 2560.81
 0.70964 2517.21
 0.70976 2477.72
 0.70988 2442
 0.71 2410.25
 0.71012 2382.31
 0.71024 2357.64
 0.71036 2335.72
 0.71048 2316.09
 0.7106 2298.44
 0.71072 2282.33
 0.71084 2267.24
 0.71096 2252.7
 0.71108 2238.49
 0.7112 2224.39
 0.71132 2209.98
 0.71144 2194.8
 0.71156 2178.5
 0.71168 2161.24
 0.7118 2143.29
 0.71192 2124.62
 0.71204 2105.09
 0.71216 2085.04
 0.71228 2064.98
 0.7124 2045.49
 0.71252 2027.26
 0.71264 2011.29
 0.71276 1998.37
 0.71288 1989.15
 0.713 1984.21
 0.71312 1983.86
 0.71324 1988.66
 0.71336 1999.18
 0.71348 2015.75
 0.7136 2038.32
 0.71372 2066.35
 0.71384 2099.11
 0.71396 2135.61
 0.71408 2174.74
 0.7142 2215.12
 0.71432 2255.37
 0.71444 2294.01
 0.71456 2329.4
 0.71468 2359.95
 0.7148 2384.81
 0.71492 2403.21
 0.71504 2414.65
 0.71516 2419.03
 0.71528 2416.05
 0.7154 2405.57
 0.71552 2387.67
 0.71564 2362.99
 0.71576 2332.54
 0.71588 2297.65
 0.716 2260.06
 0.71612 2221.38
 0.71624 2183.13
 0.71636 2146.81
 0.71648 2113.92
 0.7166 2085.76
 0.71672 2063.15
 0.71684 2046.53
 0.71696 2036.31
 0.71708 2032.46
 0.7172 2034.59
 0.71732 2042.35
 0.71744 2055.36
 0.71756 2072.95
 0.71768 2093.87
 0.7178 2116.56
 0.71792 2139.28
 0.71804 2160.21
 0.71816 2177.97
 0.71828 2191.24
 0.7184 2198.8
 0.71852 2199.63
 0.71864 2193.19
 0.71876 2179.09
 0.71888 2157.02
 0.719 2126.8
 0.71912 2088.81
 0.71924 2043.77
 0.71936 1992.43
 0.71948 1935.55
 0.7196 1874.47
 0.71972 1811.04
 0.71984 1747.33
 0.71996 1685.57
 0.72008 1627.86
 0.7202 1576.05
 0.72032 1531.93
 0.72044 1497.02
 0.72056 1472.52
 0.72068 1459.51
 0.7208 1459.06
 0.72092 1472.15
 0.72104 1499.38
 0.72116 1540.7
 0.72128 1595.5
 0.7214 1663.24
 0.72152 1743.19
 0.72164 1833.96
 0.72176 1933.75
 0.72188 2040.39
 0.722 2151.44
 0.72212 2264.53
 0.72224 2377.4
 0.72236 2487.94
 0.72248 2594.48
 0.7226 2695.24
 0.72272 2788.3
 0.72284 2871.74
 0.72296 2943.98
 0.72308 3003.96
 0.7232 3051.44
 0.72332 3086.74
 0.72344 3109.93
 0.72356 3121.05
 0.72368 3120.54
 0.7238 3109.3
 0.72392 3088.67
 0.72404 3060.28
 0.72416 3025.6
 0.72428 2986.1
 0.7244 2943.16
 0.72452 2898.13
 0.72464 2852.81
 0.72476 2809.13
 0.72488 2768.84
 0.725 2733.2
 0.72512 2703.05
 0.72524 2678.38
 0.72536 2658.96
 0.72548 2645.1
 0.7256 2637.54
 0.72572 2636.92
 0.72584 2643.65
 0.72596 2657.73
 0.72608 2678.91
 0.7262 2706.91
 0.72632 2741.18
 0.72644 2780.78
 0.72656 2824.35
 0.72668 2870.4
 0.7268 2917.42
 0.72692 2964.35
 0.72704 3010.5
 0.72716 3055.44
 0.72728 3099.27
 0.7274 3141.93
 0.72752 3182.61
 0.72764 3220.01
 0.72776 3252.88
 0.72788 3280.13
 0.728 3301.01
 0.72812 3315.23
 0.72824 3322.78
 0.72836 3324.02
 0.72848 3320.14
 0.7286 3312.33
 0.72872 3301.43
 0.72884 3288.25
 0.72896 3273.16
 0.72908 3256.2
 0.7292 3237.43
 0.72932 3216.74
 0.72944 3194.37
 0.72956 3171.15
 0.72968 3147.93
 0.7298 3125.3
 0.72992 3103.56
 0.73004 3082.62
 0.73016 3062.11
 0.73028 3041.67
 0.7304 3020.54
 0.73052 2997.39
 0.73064 2971.53
 0.73076 2942.46
 0.73088 2909.7
 0.731 2873.16
 0.73112 2833
 0.73124 2789.24
 0.73136 2742.07
 0.73148 2691.5
 0.7316 2637.46
 0.73172 2580.09
 0.73184 2519.92
 0.73196 2457.66
 0.73208 2394.16
 0.7322 2330.09
 0.73232 2265.94
 0.73244 2202.69
 0.73256 2141.31
 0.73268 2082.39
 0.7328 2026.5
 0.73292 1974.13
 0.73304 1925.49
 0.73316 1880.69
 0.73328 1839.64
 0.7334 1801.98
 0.73352 1767.25
 0.73364 1735.01
 0.73376 1704.59
 0.73388 1675.45
 0.734 1647.16
 0.73412 1619.38
 0.73424 1592.11
 0.73436 1565.2
 0.73448 1538.25
 0.7346 1510.91
 0.73472 1483.08
 0.73484 1454.85
 0.73496 1426.45
 0.73508 1398.2
 0.7352 1370.56
 0.73532 1344.41
 0.73544 1320.81
 0.73556 1300.85
 0.73568 1285.61
 0.7358 1275.93
 0.73592 1272.13
 0.73604 1274.21
 0.73616 1282.05
 0.73628 1295.35
 0.7364 1313.98
 0.73652 1337.82
 0.73664 1366.62
 0.73676 1399.67
 0.73688 1435.96
 0.737 1474.23
 0.73712 1513.17
 0.73724 1551.31
 0.73736 1586.92
 0.73748 1618.3
 0.7376 1643.78
 0.73772 1661.87
 0.73784 1671.62
 0.73796 1672.69
 0.73808 1665
 0.7382 1648.68
 0.73832 1624.05
 0.73844 1591.54
 0.73856 1551.7
 0.73868 1505.47
 0.7388 1454.32
 0.73892 1400.12
 0.73904 1345.08
 0.73916 1291.46
 0.73928 1241.66
 0.7394 1198.16
 0.73952 1163.34
 0.73964 1139.31
 0.73976 1127.94
 0.73988 1130.6
 0.74 1148.32
 0.74012 1181.87
 0.74024 1231.84
 0.74036 1298.5
 0.74048 1381.73
 0.7406 1481.16
 0.74072 1595.83
 0.74084 1724.16
 0.74096 1864.23
 0.74108 2013.93
 0.7412 2170.92
 0.74132 2332.63
 0.74144 2496.37
 0.74156 2659.83
 0.74168 2820.97
 0.7418 2977.77
 0.74192 3128.31
 0.74204 3270.81
 0.74216 3403.56
 0.74228 3524.62
 0.7424 3632.47
 0.74252 3726.04
 0.74264 3804.45
 0.74276 3867.67
 0.74288 3916.27
 0.743 3950.73
 0.74312 3971.64
 0.74324 3979.84
 0.74336 3976.67
 0.74348 3963.54
 0.7436 3941.53
 0.74372 3911.78
 0.74384 3875.64
 0.74396 3834.66
 0.74408 3790.45
 0.7442 3745.16
 0.74432 3701.31
 0.74444 3661.33
 0.74456 3627.65
 0.74468 3602.3
 0.7448 3586.32
 0.74492 3580.26
 0.74504 3585.13
 0.74516 3601.97
 0.74528 3631.48
 0.7454 3673.78
 0.74552 3728.53
 0.74564 3795.14
 0.74576 3873
 0.74588 3961.27
 0.746 4058.6
 0.74612 4163.3
 0.74624 4273.15
 0.74636 4385.15
 0.74648 4495.99
 0.7466 4602.22
 0.74672 4701.1
 0.74684 4790.9
 0.74696 4870.3
 0.74708 4937.51
 0.7472 4990.62
 0.74732 5028.23
 0.74744 5049.55
 0.74756 5054.84
 0.74768 5044.76
 0.7478 5019.72
 0.74792 4980.4
 0.74804 4928.13
 0.74816 4864.43
 0.74828 4791.21
 0.7484 4711.37
 0.74852 4627.83
 0.74864 4543.43
 0.74876 4460.34
 0.74888 4379.64
 0.749 4302.14
 0.74912 4229.09
 0.74924 4161.71
 0.74936 4100.87
 0.74948 4046.84
 0.7496 3999.01
 0.74972 3956.5
 0.74984 3918.76
 0.74996 3885.05
 0.75008 3854.49
 0.7502 3826.22
 0.75032 3799.03
 0.75044 3771.32
 0.75056 3741.76
 0.75068 3709.06
 0.7508 3672.58
 0.75092 3632.5
 0.75104 3588.98
 0.75116 3541.91
 0.75128 3491.22
 0.7514 3436.95
 0.75152 3379.57
 0.75164 3320.12
 0.75176 3259.81
 0.75188 3199.63
 0.752 3140.23
 0.75212 3081.88
 0.75224 3024.78
 0.75236 2969.18
 0.75248 2915.56
 0.7526 2864.08
 0.75272 2814.9
 0.75284 2767.83
 0.75296 2722.32
 0.75308 2677.96
 0.7532 2634.3
 0.75332 2590.95
 0.75344 2547.55
 0.75356 2503.45
 0.75368 2457.65
 0.7538 2409.12
 0.75392 2357.03
 0.75404 2301.28
 0.75416 2242.17
 0.75428 2180.11
 0.7544 2115.59
 0.75452 2048.99
 0.75464 1981.15
 0.75476 1912.86
 0.75488 1845.02
 0.755 1778.66
 0.75512 1715.03
 0.75524 1655.64
 0.75536 1601.86
 0.75548 1554.92
 0.7556 1516.19
 0.75572 1487.21
 0.75584 1469.6
 0.75596 1464.74
 0.75608 1473.31
 0.7562 1496.11
 0.75632 1533.53
 0.75644 1585.68
 0.75656 1652.5
 0.75668 1733.48
 0.7568 1828.05
 0.75692 1935.45
 0.75704 2054.62
 0.75716 2184.09
 0.75728 2321.67
 0.7574 2465.42
 0.75752 2613.59
 0.75764 2764.14
 0.75776 2914.6
 0.75788 3062.38
 0.758 3205.14
 0.75812 3340.8
 0.75824 3466.86
 0.75836 3581.52
 0.75848 3683.36
 0.7586 3771.05
 0.75872 3843.58
 0.75884 3900.06
 0.75896 3940.02
 0.75908 3963.06
 0.7592 3969.47
 0.75932 3960.4
 0.75944 3936.61
 0.75956 3899.04
 0.75968 3849.35
 0.7598 3789.8
 0.75992 3722.78
 0.76004 3650.33
 0.76016 3574.86
 0.76028 3498.93
 0.7604 3424.37
 0.76052 3352.88
 0.76064 3286.27
 0.76076 3226.39
 0.76088 3174.94
 0.761 3133.51
 0.76112 3103.87
 0.76124 3087.06
 0.76136 3083.81
 0.76148 3094.88
 0.7616 3120.13
 0.76172 3158.61
 0.76184 3208.8
 0.76196 3268.88
 0.76208 3337.43
 0.7622 3412.6
 0.76232 3492.83
 0.76244 3577.05
 0.76256 3664.13
 0.76268 3752.21
 0.7628 3839.28
 0.76292 3923.34
 0.76304 4001.98
 0.76316 4072.56
 0.76328 4132.64
 0.7634 4180.09
 0.76352 4213.4
 0.76364 4232.31
 0.76376 4237.08
 0.76388 4228.93
 0.764 4209.37
 0.76412 4179.52
 0.76424 4140.49
 0.76436 4093.13
 0.76448 4038.04
 0.7646 3976.42
 0.76472 3910.23
 0.76484 3841.42
 0.76496 3772.07
 0.76508 3704.96
 0.7652 3643.25
 0.76532 3589.95
 0.76544 3547.46
 0.76556 3517.22
 0.76568 3499.94
 0.7658 3495.63
 0.76592 3502.95
 0.76604 3520.53
 0.76616 3547.38
 0.76628 3582.55
 0.7664 3625.18
 0.76652 3674.25
 0.76664 3728.21
 0.76676 3785.29
 0.76688 3843.78
 0.767 3901.63
 0.76712 3956.17
 0.76724 4004.35
 0.76736 4043.48
 0.76748 4071.51
 0.7676 4086.91
 0.76772 4088.59
 0.76784 4076.37
 0.76796 4051.05
 0.76808 4013.31
 0.7682 3963.71
 0.76832 3902.84
 0.76844 3831.49
 0.76856 3750.64
 0.76868 3661.21
 0.7688 3564.27
 0.76892 3461.06
 0.76904 3353.36
 0.76916 3243.28
 0.76928 3133.1
 0.7694 3025.05
 0.76952 2921.1
 0.76964 2823.05
 0.76976 2732.45
 0.76988 2650.46
 0.77 2577.99
 0.77012 2515.99
 0.77024 2465.39
 0.77036 2426.69
 0.77048 2400
 0.7706 2385.54
 0.77072 2383.72
 0.77084 2394.75
 0.77096 2418.33
 0.77108 2453.53
 0.7712 2499.3
 0.77132 2554.38
 0.77144 2616.88
 0.77156 2684.85
 0.77168 2756.45
 0.7718 2829.87
 0.77192 2903.11
 0.77204 2974.14
 0.77216 3041.02
 0.77228 3102.04
 0.7724 3156.35
 0.77252 3203.49
 0.77264 3242.93
 0.77276 3274.16
 0.77288 3296.75
 0.773 3311.07
 0.77312 3317.97
 0.77324 3318.37
 0.77336 3313.64
 0.77348 3306.13
 0.7736 3298.21
 0.77372 3291.95
 0.77384 3289.29
 0.77396 3292.26
 0.77408 3302.51
 0.7742 3321.55
 0.77432 3350.48
 0.77444 3389.5
 0.77456 3438.25
 0.77468 3495.98
 0.7748 3561.68
 0.77492 3634.1
 0.77504 3711.53
 0.77516 3792.21
 0.77528 3874.59
 0.7754 3956.68
 0.77552 4035.65
 0.77564 4108.91
 0.77576 4174.29
 0.77588 4230
 0.776 4274.62
 0.77612 4307.33
 0.77624 4327.24
 0.77636 4333.84
 0.77648 4327.34
 0.7766 4308.69
 0.77672 4279.34
 0.77684 4241.45
 0.77696 4197.34
 0.77708 4148.85
 0.7772 4097.29
 0.77732 4043.46
 0.77744 3988.33
 0.77756 3933.34
 0.77768 3879.66
 0.7778 3828.2
 0.77792 3779.55
 0.77804 3733.89
 0.77816 3691.16
 0.77828 3651.58
 0.7784 3615.2
 0.77852 3581.65
 0.77864 3550.15
 0.77876 3519.28
 0.77888 3487.11
 0.779 3452.06
 0.77912 3413.74
 0.77924 3372.2
 0.77936 3328.1
 0.77948 3281.93
 0.7796 3234.04
 0.77972 3184.67
 0.77984 3134.12
 0.77996 3082.98
 0.78008 3031.95
 0.7802 2981.7
 0.78032 2932.67
 0.78044 2885.4
 0.78056 2840.53
 0.78068 2798.96
 0.7808 2762.07
 0.78092 2730.86
 0.78104 2705.57
 0.78116 2685.51
 0.78128 2669.99
 0.7814 2657.97
 0.78152 2648.72
 0.78164 2641.92
 0.78176 2637.54
 0.78188 2635.3
 0.782 2634.38
 0.78212 2633.93
 0.78224 2633.13
 0.78236 2631.18
 0.78248 2627.1
 0.7826 2619.85
 0.78272 2608.38
 0.78284 2591.86
 0.78296 2570.45
 0.78308 2544.92
 0.7832 2516.47
 0.78332 2486.29
 0.78344 2455.52
 0.78356 2424.87
 0.78368 2394.31
 0.7838 2363.62
 0.78392 2333.32
 0.78404 2304.55
 0.78416 2278.48
 0.78428 2256.32
 0.7844 2239.25
 0.78452 2228.66
 0.78464 2225.64
 0.78476 2230.93
 0.78488 2244.46
 0.785 2265.43
 0.78512 2292.71
 0.78524 2324.8
 0.78536 2360.21
 0.78548 2397.51
 0.7856 2435.9
 0.78572 2475.28
 0.78584 2515.44
 0.78596 2555.36
 0.78608 2593.8
 0.7862 2629.56
 0.78632 2661.46
 0.78644 2688.49
 0.78656 2709.78
 0.78668 2725.04
 0.7868 2734.54
 0.78692 2739.37
 0.78704 2740.84
 0.78716 2740.48
 0.78728 2740.03
 0.7874 2741.48
 0.78752 2746.8
 0.78764 2757.42
 0.78776 2774.42
 0.78788 2799.32
 0.788 2833.73
 0.78812 2878.85
 0.78824 2935.65
 0.78836 3005.14
 0.78848 3088.17
 0.7886 3185.34
 0.78872 3296.55
 0.78884 3420.79
 0.78896 3556.63
 0.78908 3702.77
 0.7892 3858.11
 0.78932 4021.09
 0.78944 4189.34
 0.78956 4360.26
 0.78968 4531.44
 0.7898 4700.53
 0.78992 4865.04
 0.79004 5023.14
 0.79016 5173.94
 0.79028 5316.3
 0.7904 5448.92
 0.79052 5570.42
 0.79064 5679.7
 0.79076 5776.5
 0.79088 5861.63
 0.791 5935.73
 0.79112 5998.59
 0.79124 6049.4
 0.79136 6088.42
 0.79148 6116.88
 0.7916 6136.33
 0.79172 6148.07
 0.79184 6153.01
 0.79196 6151.67
 0.79208 6143.48
 0.7922 6127.45
 0.79232 6103.26
 0.79244 6070.57
 0.79256 6029.07
 0.79268 5978.18
 0.7928 5916.49
 0.79292 5842.08
 0.79304 5753.74
 0.79316 5651.73
 0.79328 5536.77
 0.7934 5408.74
 0.79352 5267.15
 0.79364 5111.62
 0.79376 4942.45
 0.79388 4760.57
 0.794 4567.7
 0.79412 4366.38
 0.79424 4159.19
 0.79436 3948.41
 0.79448 3736.76
 0.7946 3527.21
 0.79472 3322.87
 0.79484 3127.52
 0.79496 2944.87
 0.79508 2777.9
 0.7952 2628.61
 0.79532 2498.64
 0.79544 2389.83
 0.79556 2303.88
 0.79568 2241.91
 0.7958 2204.6
 0.79592 2192.13
 0.79604 2204.12
 0.79616 2239.67
 0.79628 2297.31
 0.7964 2375.25
 0.79652 2471.04
 0.79664 2581.92
 0.79676 2704.81
 0.79688 2836.14
 0.797 2972.37
 0.79712 3110.3
 0.79724 3247.03
 0.79736 3379.91
 0.79748 3506.21
 0.7976 3623.44
 0.79772 3729.44
 0.79784 3822.11
 0.79796 3899.54
 0.79808 3959.96
 0.7982 4002.19
 0.79832 4026
 0.79844 4031.68
 0.79856 4020.1
 0.79868 3992.4
 0.7988 3950.21
 0.79892 3895.39
 0.79904 3829.83
 0.79916 3755.11
 0.79928 3672.72
 0.7994 3583.95
 0.79952 3490.37
 0.79964 3393.54
 0.79976 3295.05
 0.79988 3196.52
