 0.2 100010
 0.20012 111723
 0.20024 123076
 0.20036 133751
 0.20048 143627
 0.2006 152591
 0.20072 160522
 0.20084 167363
 0.20096 173211
 0.20108 178244
 0.2012 182649
 0.20132 186530
 0.20144 189866
 0.20156 192572
 0.20168 194528
 0.2018 195627
 0.20192 195691
 0.20204 194575
 0.20216 192160
 0.20228 188414
 0.2024 183309
 0.20252 176755
 0.20264 168847
 0.20276 159732
 0.20288 149700
 0.203 139061
 0.20312 128125
 0.20324 117094
 0.20336 106168
 0.20348 95735.5
 0.2036 86137
 0.20372 77587.6
 0.20384 70178.7
 0.20396 63891.3
 0.20408 58602.4
 0.2042 54231.8
 0.20432 50764.2
 0.20444 48088.5
 0.20456 46079.9
 0.20468 44631.9
 0.2048 43671.4
 0.20492 43198.3
 0.20504 43317.8
 0.20516 44255.7
 0.20528 46163.7
 0.2054 49090
 0.20552 52950.7
 0.20564 57608.5
 0.20576 62955
 0.20588 68824.1
 0.206 74947.6
 0.20612 80928.5
 0.20624 86280.6
 0.20636 90628.4
 0.20648 93802
 0.2066 95799.8
 0.20672 96631.2
 0.20684 96253.8
 0.20696 94773.7
 0.20708 92299.8
 0.2072 89059.5
 0.20732 85270.6
 0.20744 81142.6
 0.20756 76805.6
 0.20768 72355.6
 0.2078 68028.4
 0.20792 64040.1
 0.20804 60625.5
 0.20816 58068.2
 0.20828 56695.1
 0.2084 56714.6
 0.20852 58113
 0.20864 60756.7
 0.20876 64367.9
 0.20888 68587
 0.209 73047.7
 0.20912 77295.9
 0.20924 80794.7
 0.20936 82931.7
 0.20948 83440.9
 0.2096 82311.3
 0.20972 79740
 0.20984 75997.4
 0.20996 71363.2
 0.21008 66138.5
 0.2102 60629.5
 0.21032 55283.1
 0.21044 50465.9
 0.21056 46352.7
 0.21068 42970
 0.2108 40220.5
 0.21092 38033.5
 0.21104 36369.1
 0.21116 35215
 0.21128 34601.8
 0.2114 34488.7
 0.21152 34868
 0.21164 35700.5
 0.21176 37044.5
 0.21188 38939.4
 0.212 41284.5
 0.21212 43979.6
 0.21224 46863
 0.21236 49752.2
 0.21248 52483.5
 0.2126 54998.6
 0.21272 57300.5
 0.21284 59298.5
 0.21296 61043.7
 0.21308 62574
 0.2132 63881.6
 0.21332 64981.7
 0.21344 65887.9
 0.21356 66510.3
 0.21368 66604.8
 0.2138 66036.4
 0.21392 64733.1
 0.21404 62684.2
 0.21416 59973.7
 0.21428 56725.4
 0.2144 53091.8
 0.21452 49314.6
 0.21464 45816.2
 0.21476 43051.1
 0.21488 41415.2
 0.215 41157.1
 0.21512 42445.1
 0.21524 45332.9
 0.21536 49773.8
 0.21548 55593.8
 0.2156 62482.2
 0.21572 69963.2
 0.21584 77346.2
 0.21596 83975.9
 0.21608 89334.7
 0.2162 93021.5
 0.21632 94789.5
 0.21644 94578
 0.21656 92414.1
 0.21668 88489.9
 0.2168 83289.9
 0.21692 77509.6
 0.21704 71712.8
 0.21716 66400.1
 0.21728 62019.2
 0.2174 58946.8
 0.21752 57515.3
 0.21764 57948.4
 0.21776 60370.3
 0.21788 64662.8
 0.218 70674.8
 0.21812 78287.2
 0.21824 87325.9
 0.21836 97433.6
 0.21848 108163
 0.2186 119044
 0.21872 129618
 0.21884 139370
 0.21896 147975
 0.21908 155130
 0.2192 160369
 0.21932 163428
 0.21944 164204
 0.21956 162772
 0.21968 159154
 0.2198 153611
 0.21992 146381
 0.22004 137644
 0.22016 127918
 0.22028 117903
 0.2204 108294
 0.22052 99730.1
 0.22064 92912.5
 0.22076 88477.6
 0.22088 86832.1
 0.221 88217
 0.22112 92606
 0.22124 99681
 0.22136 108900
 0.22148 119379
 0.2216 130106
 0.22172 139991
 0.22184 148073
 0.22196 153804
 0.22208 156862
 0.2222 157062
 0.22232 154317
 0.22244 149060
 0.22256 142070
 0.22268 134177
 0.2228 126255
 0.22292 118920
 0.22304 112484
 0.22316 107180
 0.22328 103260
 0.2234 100811
 0.22352 99543.4
 0.22364 99128.4
 0.22376 99160.4
 0.22388 99238.2
 0.224 99329.4
 0.22412 99529.9
 0.22424 100040
 0.22436 100899
 0.22448 102148
 0.2246 103825
 0.22472 105990
 0.22484 108751
 0.22496 111965
 0.22508 115247
 0.2252 118029
 0.22532 119840
 0.22544 120544
 0.22556 120145
 0.22568 118643
 0.2258 116131
 0.22592 112753
 0.22604 108777
 0.22616 104721
 0.22628 101165
 0.2264 98470.3
 0.22652 96768.4
 0.22664 96198.9
 0.22676 96661.1
 0.22688 97998.2
 0.227 100155
 0.22712 102897
 0.22724 105736
 0.22736 108155
 0.22748 109738
 0.2276 110152
 0.22772 109176
 0.22784 106902
 0.22796 103404
 0.22808 98801.3
 0.2282 93451.1
 0.22832 87894.2
 0.22844 82676.7
 0.22856 78270.7
 0.22868 75175.8
 0.2288 73659.3
 0.22892 73638.7
 0.22904 74817.2
 0.22916 76922.4
 0.22928 79603.8
 0.2294 82516
 0.22952 85335.1
 0.22964 87738.5
 0.22976 89413.8
 0.22988 90370.1
 0.23 91213.8
 0.23012 92499.6
 0.23024 94561.5
 0.23036 97660.2
 0.23048 102028
 0.2306 107844
 0.23072 115179
 0.23084 124055
 0.23096 133873
 0.23108 143628
 0.2312 152663
 0.23132 160413
 0.23144 166298
 0.23156 169775
 0.23168 170508
 0.2318 168212
 0.23192 162894
 0.23204 155355
 0.23216 146256
 0.23228 136086
 0.2324 125419
 0.23252 114829
 0.23264 104789
 0.23276 95697.3
 0.23288 87846.2
 0.233 80968.9
 0.23312 74688.8
 0.23324 68862.1
 0.23336 63395.3
 0.23348 58218.3
 0.2336 53272.6
 0.23372 48452.5
 0.23384 43678.6
 0.23396 39159.5
 0.23408 35242
 0.2342 32152.3
 0.23432 30021.8
 0.23444 28953
 0.23456 29049.1
 0.23468 30490
 0.2348 33524.3
 0.23492 38152.5
 0.23504 44147.6
 0.23516 51290.3
 0.23528 59344
 0.2354 67904.8
 0.23552 76491.7
 0.23564 84599.9
 0.23576 91656.1
 0.23588 97271.4
 0.236 101318
 0.23612 103682
 0.23624 104164
 0.23636 102840
 0.23648 100032
 0.2366 96117.3
 0.23672 91493.8
 0.23684 86480.9
 0.23696 81243.2
 0.23708 75938.6
 0.2372 70967.6
 0.23732 66655
 0.23744 63065.6
 0.23756 60045.9
 0.23768 57458
 0.2378 55214.5
 0.23792 53316.6
 0.23804 51848.6
 0.23816 50757.7
 0.23828 49927.3
 0.2384 49325.7
 0.23852 49201.3
 0.23864 49772.9
 0.23876 51085.3
 0.23888 53055.1
 0.239 55496.2
 0.23912 58132.1
 0.23924 60675.8
 0.23936 62838.8
 0.23948 64214.9
 0.2396 64422.4
 0.23972 63376.2
 0.23984 61186.7
 0.23996 58001.2
 0.24008 54046.6
 0.2402 49689.1
 0.24032 45351.5
 0.24044 41521.2
 0.24056 38625.1
 0.24068 36882.1
 0.2408 36365.1
 0.24092 37145.9
 0.24104 39412.8
 0.24116 43257.6
 0.24128 48593.1
 0.2414 55083.7
 0.24152 62364.8
 0.24164 70152.8
 0.24176 78218.9
 0.24188 86312.6
 0.242 94008.2
 0.24212 100779
 0.24224 106295
 0.24236 110647
 0.24248 114222
 0.2426 117364
 0.24272 120323
 0.24284 123337
 0.24296 126668
 0.24308 130661
 0.2432 135639
 0.24332 141537
 0.24344 147785
 0.24356 153748
 0.24368 158957
 0.2438 163064
 0.24392 165801
 0.24404 167108
 0.24416 166734
 0.24428 164589
 0.2444 161007
 0.24452 156536
 0.24464 151616
 0.24476 146502
 0.24488 141345
 0.245 136032
 0.24512 130545
 0.24524 125013
 0.24536 119427
 0.24548 113535
 0.2456 107155
 0.24572 100210
 0.24584 92730.8
 0.24596 84862.8
 0.24608 76893.1
 0.2462 68972.1
 0.24632 61231.9
 0.24644 53980.1
 0.24656 47569.7
 0.24668 42335.9
 0.2468 38632.5
 0.24692 36777.9
 0.24704 36910.8
 0.24716 39032.9
 0.24728 43109.8
 0.2474 48978.6
 0.24752 56223.7
 0.24764 64254.6
 0.24776 72386.8
 0.24788 79932
 0.248 86274.5
 0.24812 91010.2
 0.24824 93904.9
 0.24836 94792.6
 0.24848 93839.3
 0.2486 91615
 0.24872 88825.8
 0.24884 86101.6
 0.24896 84082.2
 0.24908 83395.5
 0.2492 84492.3
 0.24932 87835.8
 0.24944 93696.3
 0.24956 101855
 0.24968 111837
 0.2498 123365
 0.24992 136198
 0.25004 149860
 0.25016 163801
 0.25028 177371
 0.2504 189810
 0.25052 200691
 0.25064 209966
 0.25076 217313
 0.25088 222296
 0.251 224657
 0.25112 224527
 0.25124 222155
 0.25136 217960
 0.25148 212381
 0.2516 205514
 0.25172 197642
 0.25184 189258
 0.25196 180807
 0.25208 172414
 0.2522 164046
 0.25232 155718
 0.25244 147392
 0.25256 139168
 0.25268 131122
 0.2528 123072
 0.25292 114890
 0.25304 106593
 0.25316 98343.8
 0.25328 90318
 0.2534 82563.2
 0.25352 75052.6
 0.25364 67765.8
 0.25376 60943.9
 0.25388 54828.2
 0.254 49606.1
 0.25412 45372
 0.25424 42071.9
 0.25436 39711.8
 0.25448 38433.6
 0.2546 38314.1
 0.25472 39251.9
 0.25484 41060.5
 0.25496 43484.6
 0.25508 46300.5
 0.2552 49432.5
 0.25532 52797.6
 0.25544 56245.3
 0.25556 59714.9
 0.25568 63214.6
 0.2558 66771.1
 0.25592 70521.1
 0.25604 74585.3
 0.25616 78894.6
 0.25628 83378.3
 0.2564 87973.1
 0.25652 92503.5
 0.25664 96811.5
 0.25676 100796
 0.25688 104275
 0.257 107121
 0.25712 109483
 0.25724 111674
 0.25736 113990
 0.25748 116733
 0.2576 119975
 0.25772 123696
 0.25784 127969
 0.25796 132804
 0.25808 137975
 0.2582 142913
 0.25832 147005
 0.25844 149697
 0.25856 150937
 0.25868 150895
 0.2588 149641
 0.25892 147319
 0.25904 144125
 0.25916 140605
 0.25928 137403
 0.2594 135190
 0.25952 134280
 0.25964 134555
 0.25976 135926
 0.25988 138194
 0.26 141080
 0.26012 144094
 0.26024 146633
 0.26036 148033
 0.26048 147590
 0.2606 145046
 0.26072 140284
 0.26084 133297
 0.26096 124372
 0.26108 114006
 0.2612 102834
 0.26132 91653.2
 0.26144 81444.1
 0.26156 73052.3
 0.26168 67033.9
 0.2618 63816.9
 0.26192 63574.5
 0.26204 66231.5
 0.26216 71567.7
 0.26228 79038.4
 0.2624 87867.8
 0.26252 97109.3
 0.26264 105954
 0.26276 113754
 0.26288 119974
 0.263 124189
 0.26312 125952
 0.26324 125085
 0.26336 121726
 0.26348 116239
 0.2636 109147
 0.26372 101015
 0.26384 92332.9
 0.26396 83548.7
 0.26408 75347.5
 0.2642 68435.5
 0.26432 63338.9
 0.26444 60583.7
 0.26456 60579.7
 0.26468 63517.6
 0.2648 69427.2
 0.26492 78453.6
 0.26504 90529.5
 0.26516 105349
 0.26528 122557
 0.2654 141420
 0.26552 160807
 0.26564 179522
 0.26576 196713
 0.26588 211557
 0.266 223183
 0.26612 230972
 0.26624 234396
 0.26636 233299
 0.26648 228250
 0.2666 220234
 0.26672 210077
 0.26684 198292
 0.26696 185514
 0.26708 172339
 0.2672 159302
 0.26732 146842
 0.26744 135060
 0.26756 123726
 0.26768 112657
 0.2678 102048
 0.26792 92253.1
 0.26804 83503.6
 0.26816 76038.2
 0.26828 70096.4
 0.2684 65943.7
 0.26852 63983.2
 0.26864 64586.4
 0.26876 67881.3
 0.26888 73601.4
 0.269 81473.1
 0.26912 91210.5
 0.26924 102513
 0.26936 114995
 0.26948 127932
 0.2696 140407
 0.26972 151479
 0.26984 160581
 0.26996 167297
 0.27008 171273
 0.2702 172249
 0.27032 170040
 0.27044 164892
 0.27056 157488
 0.27068 148751
 0.2708 139430
 0.27092 130055
 0.27104 121196
 0.27116 113257
 0.27128 106579
 0.2714 101312
 0.27152 97352.1
 0.27164 94310.5
 0.27176 91795.3
 0.27188 89574.6
 0.272 87365.4
 0.27212 84916
 0.27224 82073.5
 0.27236 78717.5
 0.27248 74741.5
 0.2726 70166.2
 0.27272 65120.4
 0.27284 59726.4
 0.27296 54107.2
 0.27308 48407.6
 0.2732 42792.5
 0.27332 37425.2
 0.27344 32488.2
 0.27356 28171.6
 0.27368 24574.1
 0.2738 21757.8
 0.27392 19770.2
 0.27404 18735.5
 0.27416 18677
 0.27428 19530.7
 0.2744 21232.1
 0.27452 23665.5
 0.27464 26705.7
 0.27476 30257.3
 0.27488 34162.6
 0.275 38223.4
 0.27512 42287.1
 0.27524 46377.6
 0.27536 50570.4
 0.27548 54953.1
 0.2756 59697.4
 0.27572 64866.4
 0.27584 70592.4
 0.27596 76941.1
 0.27608 83833.7
 0.2762 91061.3
 0.27632 98237.4
 0.27644 104929
 0.27656 110593
 0.27668 114818
 0.2768 117264
 0.27692 117718
 0.27704 116306
 0.27716 113174
 0.27728 108674
 0.2774 103275
 0.27752 97564.1
 0.27764 92111
 0.27776 87375.6
 0.27788 83616.6
 0.278 80722.7
 0.27812 78587.4
 0.27824 77015.5
 0.27836 75736.3
 0.27848 74466.3
 0.2786 72887.1
 0.27872 70710
 0.27884 67801.8
 0.27896 64377.4
 0.27908 60647.9
 0.2792 56912.4
 0.27932 53472.8
 0.27944 50561.5
 0.27956 48392.4
 0.27968 47239.2
 0.2798 47404
 0.27992 49036
 0.28004 52276.4
 0.28016 57092.5
 0.28028 63320.1
 0.2804 70858.4
 0.28052 79633.3
 0.28064 89470.8
 0.28076 99992.7
 0.28088 110696
 0.281 120961
 0.28112 130322
 0.28124 138591
 0.28136 145594
 0.28148 151167
 0.2816 155167
 0.28172 157615
 0.28184 158513
 0.28196 158132
 0.28208 156758
 0.2822 154491
 0.28232 151373
 0.28244 147449
 0.28256 142722
 0.28268 137260
 0.2828 131451
 0.28292 125698
 0.28304 120139
 0.28316 114927
 0.28328 110248
 0.2834 106208
 0.28352 102988
 0.28364 100745
 0.28376 99392.3
 0.28388 98557.7
 0.284 98021.5
 0.28412 97773
 0.28424 97757.6
 0.28436 98001.2
 0.28448 98436.4
 0.2846 98828.9
 0.28472 98861.8
 0.28484 98386.9
 0.28496 97400
 0.28508 95723.8
 0.2852 93165.8
 0.28532 89523.8
 0.28544 84788.5
 0.28556 79220.8
 0.28568 73404.1
 0.2858 67866.9
 0.28592 62867.7
 0.28604 58643.3
 0.28616 55508.6
 0.28628 53821.8
 0.2864 53809.8
 0.28652 55429.7
 0.28664 58315.1
 0.28676 62047.7
 0.28688 66549.9
 0.287 71838
 0.28712 77779.1
 0.28724 84052.8
 0.28736 90256
 0.28748 96119.4
 0.2876 101580
 0.28772 106742
 0.28784 111453
 0.28796 115475
 0.28808 118707
 0.2882 121337
 0.28832 123647
 0.28844 125891
 0.28856 128185
 0.28868 130424
 0.2888 132625
 0.28892 134853
 0.28904 137062
 0.28916 139034
 0.28928 140628
 0.2894 141813
 0.28952 142681
 0.28964 143524
 0.28976 144504
 0.28988 145591
 0.29 146878
 0.29012 148560
 0.29024 150661
 0.29036 152970
 0.29048 155176
 0.2906 156837
 0.29072 157598
 0.29084 157490
 0.29096 156538
 0.29108 154457
 0.2912 151024
 0.29132 146256
 0.29144 140274
 0.29156 133203
 0.29168 125267
 0.2918 116431
 0.29192 106577
 0.29204 95995.1
 0.29216 85195.7
 0.29228 74578.1
 0.2924 64454.6
 0.29252 55210.4
 0.29264 47172.3
 0.29276 40701.2
 0.29288 36196.2
 0.293 33838.5
 0.29312 33546.9
 0.29324 35168.5
 0.29336 38565.5
 0.29348 43554
 0.2936 49866.7
 0.29372 57121.8
 0.29384 64903.3
 0.29396 72839.2
 0.29408 80641.3
 0.2942 88063.9
 0.29432 94908.5
 0.29444 101018
 0.29456 106206
 0.29468 110428
 0.2948 113714
 0.29492 116095
 0.29504 117576
 0.29516 118191
 0.29528 118017
 0.2954 116974
 0.29552 115092
 0.29564 112503
 0.29576 109386
 0.29588 105960
 0.296 102476
 0.29612 99191.4
 0.29624 96226.5
 0.29636 93731.9
 0.29648 91918.9
 0.2966 90814.4
 0.29672 90296.2
 0.29684 90124.2
 0.29696 89967.8
 0.29708 89525.4
 0.2972 88651.6
 0.29732 87476
 0.29744 86260.5
 0.29756 85367.5
 0.29768 85189.5
 0.2978 86239.8
 0.29792 89115.9
 0.29804 94419.9
 0.29816 102519
 0.29828 113371
 0.2984 126368
 0.29852 140633
 0.29864 155301
 0.29876 169513
 0.29888 182395
 0.299 193018
 0.29912 200672
 0.29924 204953
 0.29936 206120
 0.29948 204704
 0.2996 201376
 0.29972 196615
 0.29984 190834
 0.29996 184372
 0.30008 177517
 0.3002 170416
 0.30032 162877
 0.30044 154720
 0.30056 145670
 0.30068 135631
 0.3008 124725
 0.30092 113386
 0.30104 102062
 0.30116 91193.3
 0.30128 81279.1
 0.3014 72711.3
 0.30152 65786.6
 0.30164 60802.7
 0.30176 57836
 0.30188 56696.4
 0.302 56977.1
 0.30212 58374.2
 0.30224 60632.1
 0.30236 63566.3
 0.30248 67065
 0.3026 71020.8
 0.30272 75391.3
 0.30284 80070.9
 0.30296 85195.4
 0.30308 90911.3
 0.3032 97214.7
 0.30332 103968
 0.30344 110997
 0.30356 118063
 0.30368 124816
 0.3038 131131
 0.30392 136825
 0.30404 141489
 0.30416 144818
 0.30428 146644
 0.3044 146852
 0.30452 145292
 0.30464 142010
 0.30476 136971
 0.30488 130175
 0.305 121945
 0.30512 112682
 0.30524 102752
 0.30536 92555.7
 0.30548 82690.8
 0.3056 73775.5
 0.30572 66474.3
 0.30584 61409.9
 0.30596 58885.4
 0.30608 59175.3
 0.3062 62551
 0.30632 69215.2
 0.30644 79188.5
 0.30656 92148.6
 0.30668 107443
 0.3068 124198
 0.30692 141750
 0.30704 159255
 0.30716 175775
 0.30728 190380
 0.3074 202094
 0.30752 210252
 0.30764 214617
 0.30776 215443
 0.30788 213047
 0.308 207766
 0.30812 200111
 0.30824 190523
 0.30836 179631
 0.30848 168056
 0.3086 156292
 0.30872 144499
 0.30884 132570
 0.30896 120570
 0.30908 108670
 0.3092 97221.9
 0.30932 86490.8
 0.30944 76617.9
 0.30956 67715.5
 0.30968 59982.8
 0.3098 53831
 0.30992 49701.6
 0.31004 47766
 0.31016 47971.4
 0.31028 50165.7
 0.3104 54310.5
 0.31052 60394.9
 0.31064 68257.6
 0.31076 77593.5
 0.31088 87906.4
 0.311 98737.3
 0.31112 109668
 0.31124 120484
 0.31136 130889
 0.31148 140440
 0.3116 148802
 0.31172 155810
 0.31184 161457
 0.31196 165855
 0.31208 169253
 0.3122 171859
 0.31232 173830
 0.31244 175499
 0.31256 177166
 0.31268 178906
 0.3128 180695
 0.31292 182250
 0.31304 183176
 0.31316 182983
 0.31328 181260
 0.3134 177558
 0.31352 171456
 0.31364 162863
 0.31376 151859
 0.31388 138852
 0.314 124442
 0.31412 109283
 0.31424 94044.9
 0.31436 79351.4
 0.31448 65993.3
 0.3146 54610.6
 0.31472 45699.9
 0.31484 39568.9
 0.31496 36294.6
 0.31508 35913.1
 0.3152 38386.6
 0.31532 43655.4
 0.31544 51467.5
 0.31556 61314.5
 0.31568 72524.3
 0.3158 84451.8
 0.31592 96488
 0.31604 107980
 0.31616 118252
 0.31628 126665
 0.3164 132650
 0.31652 135957
 0.31664 136773
 0.31676 135360
 0.31688 132037
 0.317 127334
 0.31712 121975
 0.31724 116839
 0.31736 112862
 0.31748 110890
 0.3176 111261
 0.31772 113973
 0.31784 119007
 0.31796 126089
 0.31808 134782
 0.3182 144345
 0.31832 153801
 0.31844 162024
 0.31856 168128
 0.31868 171882
 0.3188 173179
 0.31892 172159
 0.31904 168990
 0.31916 163997
 0.31928 157828
 0.3194 151271
 0.31952 145218
 0.31964 140086
 0.31976 136057
 0.31988 133097
 0.32 131072
 0.32012 129888
 0.32024 129326
 0.32036 129156
 0.32048 129081
 0.3206 128991
 0.32072 128901
 0.32084 128956
 0.32096 129547
 0.32108 131050
 0.3212 133620
 0.32132 137311
 0.32144 142150
 0.32156 147982
 0.32168 154605
 0.3218 161796
 0.32192 169079
 0.32204 175851
 0.32216 181931
 0.32228 187258
 0.3224 191784
 0.32252 195597
 0.32264 198836
 0.32276 201611
 0.32288 204101
 0.323 206593
 0.32312 209029
 0.32324 211044
 0.32336 212460
 0.32348 212992
 0.3236 212290
 0.32372 209976
 0.32384 205710
 0.32396 199186
 0.32408 190352
 0.3242 179645
 0.32432 167396
 0.32444 153932
 0.32456 139727
 0.32468 125344
 0.3248 111445
 0.32492 98655.5
 0.32504 87497.3
 0.32516 78249.9
 0.32528 71154.2
 0.3254 66554.6
 0.32552 64718.1
 0.32564 65877.7
 0.32576 70209.5
 0.32588 77857.5
 0.326 88820.4
 0.32612 102917
 0.32624 119707
 0.32636 138375
 0.32648 158059
 0.3266 177669
 0.32672 195928
 0.32684 211494
 0.32696 223235
 0.32708 230399
 0.3272 232566
 0.32732 229977
 0.32744 223083
 0.32756 212583
 0.32768 199567
 0.3278 185245
 0.32792 170663
 0.32804 156576
 0.32816 143668
 0.32828 132366
 0.3284 122817
 0.32852 115139
 0.32864 109230
 0.32876 104894
 0.32888 102004
 0.329 100621
 0.32912 100630
 0.32924 101671
 0.32936 103487
 0.32948 105838
 0.3296 108446
 0.32972 110989
 0.32984 113298
 0.32996 115195
 0.33008 116716
 0.3302 118260
 0.33032 120112
 0.33044 122271
 0.33056 124714
 0.33068 127501
 0.3308 130564
 0.33092 133604
 0.33104 136160
 0.33116 137558
 0.33128 137321
 0.3314 135496
 0.33152 132386
 0.33164 128337
 0.33176 123768
 0.33188 119229
 0.332 115309
 0.33212 112549
 0.33224 111354
 0.33236 111783
 0.33248 113552
 0.3326 116224
 0.33272 119235
 0.33284 122071
 0.33296 124350
 0.33308 125949
 0.3332 126879
 0.33332 127206
 0.33344 127215
 0.33356 127298
 0.33368 127922
 0.3338 129390
 0.33392 131845
 0.33404 135258
 0.33416 139479
 0.33428 144284
 0.3344 149209
 0.33452 153772
 0.33464 157528
 0.33476 160263
 0.33488 162012
 0.335 162750
 0.33512 162402
 0.33524 161048
 0.33536 159121
 0.33548 157174
 0.3356 155758
 0.33572 155350
 0.33584 156150
 0.33596 158176
 0.33608 161623
 0.3362 166543
 0.33632 172716
 0.33644 179774
 0.33656 187083
 0.33668 193748
 0.3368 198969
 0.33692 202383
 0.33704 203647
 0.33716 202429
 0.33728 198671
 0.3374 192343
 0.33752 183684
 0.33764 173462
 0.33776 162577
 0.33788 151637
 0.338 141059
 0.33812 131441
 0.33824 123003
 0.33836 115828
 0.33848 110006
 0.3386 105329
 0.33872 101374
 0.33884 97814.8
 0.33896 94451.7
 0.33908 90901.7
 0.3392 87054.5
 0.33932 83146.2
 0.33944 79296.7
 0.33956 75577.9
 0.33968 72052.8
 0.3398 68778.6
 0.33992 65805
 0.34004 63245.4
 0.34016 61117.6
 0.34028 59174.1
 0.3404 57238.3
 0.34052 55277.5
 0.34064 53417
 0.34076 51827.1
 0.34088 50521.2
 0.341 49445.8
 0.34112 48579.2
 0.34124 47965.5
 0.34136 47613.4
 0.34148 47363.9
 0.3416 46940.3
 0.34172 45997
 0.34184 44370.3
 0.34196 42143.5
 0.34208 39388
 0.3422 36177.2
 0.34232 32638.4
 0.34244 29071.7
 0.34256 25924.5
 0.34268 23691.4
 0.3428 22811.5
 0.34292 23442.4
 0.34304 25731.6
 0.34316 29856.9
 0.34328 35929
 0.3434 43790.5
 0.34352 53069.2
 0.34364 63381.1
 0.34376 74279.9
 0.34388 85433.7
 0.344 96489.2
 0.34412 107009
 0.34424 116481
 0.34436 124700
 0.34448 131708
 0.3446 137421
 0.34472 141685
 0.34484 144435
 0.34496 145599
 0.34508 145101
 0.3452 143036
 0.34532 139457
 0.34544 134239
 0.34556 127464
 0.34568 119568
 0.3458 110852
 0.34592 101635
 0.34604 92473.6
 0.34616 83938.6
 0.34628 76504.6
 0.3464 70722.6
 0.34652 66964.6
 0.34664 65304.3
 0.34676 65908.5
 0.34688 68993.4
 0.347 74475.6
 0.34712 82035.8
 0.34724 91245.9
 0.34736 101366
 0.34748 111721
 0.3476 121759
 0.34772 130781
 0.34784 137943
 0.34796 142545
 0.34808 144192
 0.3482 142740
 0.34832 138640
 0.34844 132611
 0.34856 125263
 0.34868 117365
 0.3488 109825
 0.34892 103659
 0.34904 99693.3
 0.34916 98437.7
 0.34928 99959.4
 0.3494 103886
 0.34952 109833
 0.34964 117333
 0.34976 125833
 0.34988 134518
 0.35 142436
 0.35012 148891
 0.35024 153429
 0.35036 155747
 0.35048 155649
 0.3506 153020
 0.35072 147840
 0.35084 140326
 0.35096 130995
 0.35108 120409
 0.3512 109025
 0.35132 97419.9
 0.35144 86210.8
 0.35156 75974.3
 0.35168 67210.7
 0.3518 60239.1
 0.35192 55263.5
 0.35204 52342.1
 0.35216 51448.5
 0.35228 52378.9
 0.3524 54850.2
 0.35252 58538.8
 0.35264 63062.9
 0.35276 68174.8
 0.35288 73647.1
 0.353 79220.5
 0.35312 84702.3
 0.35324 90067.9
 0.35336 95247.7
 0.35348 100101
 0.3536 104545
 0.35372 108541
 0.35384 111930
 0.35396 114640
 0.35408 116657
 0.3542 117808
 0.35432 118019
 0.35444 117419
 0.35456 116264
 0.35468 114655
 0.3548 112771
 0.35492 110743
 0.35504 108562
 0.35516 106517
 0.35528 104978
 0.3554 104083
 0.35552 103863
 0.35564 104399
 0.35576 105885
 0.35588 108516
 0.356 112758
 0.35612 118757
 0.35624 126127
 0.35636 134490
 0.35648 143460
 0.3566 152613
 0.35672 161373
 0.35684 169056
 0.35696 174683
 0.35708 177393
 0.3572 177043
 0.35732 173847
 0.35744 168056
 0.35756 160034
 0.35768 150198
 0.3578 139185
 0.35792 127941
 0.35804 117333
 0.35816 107761
 0.35828 99253.5
 0.3584 91866.1
 0.35852 85618
 0.35864 80517.9
 0.35876 76494.7
 0.35888 73249.5
 0.359 70549.9
 0.35912 68470.7
 0.35924 67165.9
 0.35936 66733.5
 0.35948 67112.7
 0.3596 68218.9
 0.35972 69892.9
 0.35984 71961
 0.35996 74240.2
 0.36008 76379
 0.3602 78028.8
 0.36032 78835
 0.36044 78628.6
 0.36056 77371.6
 0.36068 75141.4
 0.3608 72191.3
 0.36092 68806.6
 0.36104 65231.3
 0.36116 61762.3
 0.36128 58833.3
 0.3614 56887.2
 0.36152 56202.4
 0.36164 56868.9
 0.36176 58790.4
 0.36188 61747.9
 0.362 65574.3
 0.36212 70120.1
 0.36224 75076.9
 0.36236 79883.7
 0.36248 83894.7
 0.3626 86665.4
 0.36272 87939.6
 0.36284 87587.2
 0.36296 85613.4
 0.36308 81972.8
 0.3632 76664.1
 0.36332 69939
 0.36344 62426.8
 0.36356 54769.3
 0.36368 47469.3
 0.3638 40958.5
 0.36392 35479.1
 0.36404 31266.2
 0.36416 28597.9
 0.36428 27695.6
 0.3644 28472.2
 0.36452 30696.6
 0.36464 34249.9
 0.36476 39121
 0.36488 45463
 0.365 53433.1
 0.36512 63080.7
 0.36524 74379.6
 0.36536 87315.9
 0.36548 101940
 0.3656 118016
 0.36572 134932
 0.36584 151787
 0.36596 167542
 0.36608 181227
 0.3662 191959
 0.36632 199029
 0.36644 201747
 0.36656 199739
 0.36668 193231
 0.3668 182872
 0.36692 169658
 0.36704 154696
 0.36716 139136
 0.36728 123871
 0.3674 109639
 0.36752 97073.6
 0.36764 86438.4
 0.36776 77668.6
 0.36788 70440.4
 0.368 64264.7
 0.36812 58569.4
 0.36824 52956.9
 0.36836 47437
 0.36848 42060.9
 0.3686 36953.8
 0.36872 32335.2
 0.36884 28489.7
 0.36896 25718.3
 0.36908 24278.3
 0.3692 24373.8
 0.36932 25830.8
 0.36944 28221.4
 0.36956 31107
 0.36968 34048.7
 0.3698 36608
 0.36992 38399.1
 0.37004 39200.4
 0.37016 38832.8
 0.37028 37249.9
 0.3704 34800.7
 0.37052 31987.2
 0.37064 29382.7
 0.37076 27659.4
 0.37088 27509.1
 0.371 29485.6
 0.37112 34075.5
 0.37124 41770.8
 0.37136 52784.4
 0.37148 66893.5
 0.3716 83638.2
 0.37172 102183
 0.37184 121451
 0.37196 140264
 0.37208 157459
 0.3722 171841
 0.37232 182234
 0.37244 187945
 0.37256 188716
 0.37268 184768
 0.3728 176792
 0.37292 165789
 0.37304 152986
 0.37316 139667
 0.37328 127161
 0.3734 116624
 0.37352 108853
 0.37364 104292
 0.37376 103004
 0.37388 104828
 0.374 109285
 0.37412 115632
 0.37424 123164
 0.37436 131241
 0.37448 139306
 0.3746 146783
 0.37472 153211
 0.37484 158223
 0.37496 161570
 0.37508 163321
 0.3752 163619
 0.37532 162437
 0.37544 159667
 0.37556 155493
 0.37568 150363
 0.3758 144618
 0.37592 138598
 0.37604 132516
 0.37616 126504
 0.37628 120835
 0.3764 115979
 0.37652 112333
 0.37664 109897
 0.37676 108792
 0.37688 109143
 0.377 111095
 0.37712 114721
 0.37724 119960
 0.37736 126456
 0.37748 133717
 0.3776 141216
 0.37772 148364
 0.37784 154437
 0.37796 158759
 0.37808 160761
 0.3782 160085
 0.37832 156678
 0.37844 150763
 0.37856 142904
 0.37868 133798
 0.3788 124229
 0.37892 114977
 0.37904 106691
 0.37916 99792.7
 0.37928 94458.4
 0.3794 90600.4
 0.37952 87816.6
 0.37964 85473.3
 0.37976 83011.7
 0.37988 79950.4
 0.38 75909.9
 0.38012 70732.3
 0.38024 64450.2
 0.38036 57260.5
 0.38048 49522.3
 0.3806 41816.2
 0.38072 34727
 0.38084 28726.8
 0.38096 24237.6
 0.38108 21500.6
 0.3812 20605.8
 0.38132 21564.7
 0.38144 24348.8
 0.38156 28787
 0.38168 34501.2
 0.3818 41034.7
 0.38192 47863.7
 0.38204 54531.9
 0.38216 60734.8
 0.38228 66126.8
 0.3824 70348.1
 0.38252 73102.4
 0.38264 74357.3
 0.38276 74314.4
 0.38288 73352.9
 0.383 71883.3
 0.38312 70240.9
 0.38324 68842.4
 0.38336 68147.3
 0.38348 68515.7
 0.3836 70057.1
 0.38372 72609.8
 0.38384 75888
 0.38396 79586.4
 0.38408 83442.7
 0.3842 87071.8
 0.38432 90024.2
 0.38444 92029.6
 0.38456 93136.1
 0.38468 93674.5
 0.3848 94042.9
 0.38492 94599.7
 0.38504 95507.5
 0.38516 97088.9
 0.38528 99877.8
 0.3854 104317
 0.38552 110508
 0.38564 118254
 0.38576 127360
 0.38588 137577
 0.386 148927
 0.38612 161294
 0.38624 174114
 0.38636 186556
 0.38648 197937
 0.3866 207739
 0.38672 215321
 0.38684 220123
 0.38696 221503
 0.38708 218930
 0.3872 212405
 0.38732 202473
 0.38744 189847
 0.38756 175409
 0.38768 160268
 0.3878 145560
 0.38792 132423
 0.38804 121865
 0.38816 114535
 0.38828 110696
 0.3884 110295
 0.38852 112978
 0.38864 118044
 0.38876 124743
 0.38888 132280
 0.389 139862
 0.38912 146874
 0.38924 152717
 0.38936 156983
 0.38948 159361
 0.3896 159868
 0.38972 158562
 0.38984 155543
 0.38996 151114
 0.39008 145522
 0.3902 139175
 0.39032 132512
 0.39044 126122
 0.39056 120545
 0.39068 116291
 0.3908 113696
 0.39092 112792
 0.39104 113506
 0.39116 115697
 0.39128 119112
 0.3914 123201
 0.39152 127235
 0.39164 130442
 0.39176 132296
 0.39188 132712
 0.392 131810
 0.39212 129661
 0.39224 126341
 0.39236 122127
 0.39248 117561
 0.3926 113244
 0.39272 109611
 0.39284 106644
 0.39296 104129
 0.39308 101867
 0.3932 99749.8
 0.39332 97692.1
 0.39344 95422.5
 0.39356 92559
 0.39368 88811.4
 0.3938 84187.5
 0.39392 78899.7
 0.39404 73216.5
 0.39416 67373.8
 0.39428 61571.2
 0.3944 56020
 0.39452 51096.4
 0.39464 47191
 0.39476 44579.4
 0.39488 43366.8
 0.395 43491.9
 0.39512 44824
 0.39524 47143.2
 0.39536 50230.8
 0.39548 53779.4
 0.3956 57443.6
 0.39572 60809.1
 0.39584 63505.2
 0.39596 65395.4
 0.39608 66463.7
 0.3962 66858
 0.39632 66794.9
 0.39644 66537.3
 0.39656 66317
 0.39668 66424.5
 0.3968 67214
 0.39692 68837.4
 0.39704 71265.6
 0.39716 74318.6
 0.39728 77719.5
 0.3974 81127.2
 0.39752 84190.3
 0.39764 86599.5
 0.39776 87985
 0.39788 88114.3
 0.398 87019.8
 0.39812 84921.9
 0.39824 82130
 0.39836 78961.5
 0.39848 75740.5
 0.3986 72856.5
 0.39872 70711.3
 0.39884 69666.1
 0.39896 69776.9
 0.39908 70812.8
 0.3992 72447.9
 0.39932 74399.5
 0.39944 76536.8
 0.39956 78606
 0.39968 80318.9
 0.3998 81394.4
 0.39992 81713.2
 0.40004 81527.6
 0.40016 81178
 0.40028 80994.5
 0.4004 81119.3
 0.40052 81666.6
 0.40064 82683.4
 0.40076 84174.7
 0.40088 86114.4
 0.401 88260.7
 0.40112 90351
 0.40124 92230
 0.40136 93750.6
 0.40148 94903.5
 0.4016 95913.9
 0.40172 97191.7
 0.40184 99190.7
 0.40196 102422
 0.40208 107277
 0.4022 113654
 0.40232 121361
 0.40244 130140
 0.40256 139452
 0.40268 148525
 0.4028 156449
 0.40292 162218
 0.40304 164923
 0.40316 164303
 0.40328 160563
 0.4034 153974
 0.40352 145109
 0.40364 134584
 0.40376 123102
 0.40388 111539
 0.404 100766
 0.40412 91379.9
 0.40424 83542.5
 0.40436 77365.9
 0.40448 72766.5
 0.4046 69680.8
 0.40472 68195.4
 0.40484 68183.2
 0.40496 69493.5
 0.40508 71964.9
 0.4052 75502
 0.40532 79941.6
 0.40544 84964.6
 0.40556 90248.3
 0.40568 95333
 0.4058 99932.6
 0.40592 103932
 0.40604 107161
 0.40616 109536
 0.40628 110926
 0.4064 111515
 0.40652 111576
 0.40664 111356
 0.40676 110918
 0.40688 110009
 0.407 108454
 0.40712 106101
 0.40724 103014
 0.40736 99258.6
 0.40748 94786.7
 0.4076 89604.8
 0.40772 83959.9
 0.40784 78386.8
 0.40796 73509.6
 0.40808 69858
 0.4082 67704.4
 0.40832 67108.3
 0.40844 68157
 0.40856 70933.8
 0.40868 75311.3
 0.4088 80964.5
 0.40892 87375.8
 0.40904 93955.7
 0.40916 100334
 0.40928 106279
 0.4094 111484
 0.40952 115581
 0.40964 118300
 0.40976 119591
 0.40988 119588
 0.41 118736
 0.41012 117409
 0.41024 115934
 0.41036 114857
 0.41048 114913
 0.4106 116913
 0.41072 121350
 0.41084 128418
 0.41096 137947
 0.41108 149551
 0.4112 162937
 0.41132 177599
 0.41144 192520
 0.41156 206390
 0.41168 217997
 0.4118 226574
 0.41192 231549
 0.41204 232726
 0.41216 229821
 0.41228 222492
 0.4124 210938
 0.41252 195970
 0.41264 178654
 0.41276 159884
 0.41288 140554
 0.413 121394
 0.41312 103133
 0.41324 86718.5
 0.41336 73011.1
 0.41348 62372.1
 0.4136 54800.4
 0.41372 50099.1
 0.41384 47911.3
 0.41396 47813.2
 0.41408 49385.9
 0.4142 52083.8
 0.41432 55294.3
 0.41444 58453.1
 0.41456 61132.9
 0.41468 63100.5
 0.4148 64353
 0.41492 65040.9
 0.41504 65382
 0.41516 65686.6
 0.41528 66229.7
 0.4154 67263.4
 0.41552 69152.3
 0.41564 72288.6
 0.41576 76988.9
 0.41588 83383.5
 0.416 91379.9
 0.41612 100689
 0.41624 110835
 0.41636 121475
 0.41648 132154
 0.4166 142326
 0.41672 151299
 0.41684 158393
 0.41696 163268
 0.41708 165790
 0.4172 166182
 0.41732 164798
 0.41744 161982
 0.41756 158081
 0.41768 153499
 0.4178 148845
 0.41792 144513
 0.41804 140660
 0.41816 137365
 0.41828 134348
 0.4184 131326
 0.41852 128120
 0.41864 124721
 0.41876 121067
 0.41888 117243
 0.419 113615
 0.41912 110552
 0.41924 108622
 0.41936 108519
 0.41948 110769
 0.4196 115756
 0.41972 123678
 0.41984 134255
 0.41996 146827
 0.42008 160595
 0.4202 174626
 0.42032 187938
 0.42044 199632
 0.42056 208777
 0.42068 214402
 0.4208 216133
 0.42092 214155
 0.42104 208817
 0.42116 200622
 0.42128 189996
 0.4214 177254
 0.42152 162886
 0.42164 147679
 0.42176 132290
 0.42188 116966
 0.422 101891
 0.42212 87169.2
 0.42224 73000.2
 0.42236 59832.6
 0.42248 48022
 0.4226 37703.3
 0.42272 28895.3
 0.42284 21702.8
 0.42296 16196.8
 0.42308 12431.5
 0.4232 10428.6
 0.42332 10025.8
 0.42344 10965.4
 0.42356 13017
 0.42368 15987.3
 0.4238 19668
 0.42392 23895
 0.42404 28551.3
 0.42416 33509.7
 0.42428 38589.8
 0.4244 43733.1
 0.42452 49066.3
 0.42464 54675.5
 0.42476 60576.4
 0.42488 66716.9
 0.425 72947.4
 0.42512 79137.8
 0.42524 85300.7
 0.42536 91505.5
 0.42548 97456
 0.4256 102807
 0.42572 107462
 0.42584 111487
 0.42596 115113
 0.42608 118499
 0.4262 121713
 0.42632 124616
 0.42644 127259
 0.42656 129827
 0.42668 132322
 0.4268 134529
 0.42692 136098
 0.42704 136787
 0.42716 136466
 0.42728 135184
 0.4274 133082
 0.42752 130271
 0.42764 127041
 0.42776 123777
 0.42788 120913
 0.428 118728
 0.42812 117392
 0.42824 116998
 0.42836 117553
 0.42848 119211
 0.4286 121947
 0.42872 125432
 0.42884 129385
 0.42896 133773
 0.42908 138658
 0.4292 144068
 0.42932 150071
 0.42944 156322
 0.42956 162350
 0.42968 168237
 0.4298 174211
 0.42992 180303
 0.43004 186385
 0.43016 192360
 0.43028 197945
 0.4304 202994
 0.43052 207751
 0.43064 212135
 0.43076 215807
 0.43088 218328
 0.431 219326
 0.43112 218480
 0.43124 215755
 0.43136 211618
 0.43148 206312
 0.4316 199955
 0.43172 192688
 0.43184 184886
 0.43196 177270
 0.43208 170523
 0.4322 165126
 0.43232 161045
 0.43244 158075
 0.43256 156483
 0.43268 156816
 0.4328 159433
 0.43292 164042
 0.43304 170088
 0.43316 177109
 0.43328 184854
 0.4334 193241
 0.43352 201835
 0.43364 209741
 0.43376 216166
 0.43388 220971
 0.434 224443
 0.43412 226985
 0.43424 228801
 0.43436 229915
 0.43448 230443
 0.4346 230713
 0.43472 230902
 0.43484 230610
 0.43496 229245
 0.43508 226077
 0.4352 220529
 0.43532 212365
 0.43544 201437
 0.43556 187694
 0.43568 171383
 0.4358 153381
 0.43592 134667
 0.43604 116173
 0.43616 98784.9
 0.43628 83162.2
 0.4364 69854.8
 0.43652 59326.9
 0.43664 51844.7
 0.43676 47191.8
 0.43688 44955.4
 0.437 44813.1
 0.43712 46384.5
 0.43724 49273.9
 0.43736 53141.1
 0.43748 57616.1
 0.4376 62363.7
 0.43772 67181.8
 0.43784 71963.4
 0.43796 76406.6
 0.43808 80277.5
 0.4382 83527.7
 0.43832 86030.7
 0.43844 87628.9
 0.43856 88177.4
 0.43868 87506.5
 0.4388 85421.7
 0.43892 82002
 0.43904 77481.5
 0.43916 71928.1
 0.43928 65494.4
 0.4394 58481.3
 0.43952 51227.9
 0.43964 44098
 0.43976 37555.3
 0.43988 31968.7
 0.44 27495.2
 0.44012 24326.5
 0.44024 22667.4
 0.44036 22635.4
 0.44048 24252.2
 0.4406 27511
 0.44072 32461.3
 0.44084 39185.8
 0.44096 47859.4
 0.44108 58676.3
 0.4412 71649
 0.44132 86567.4
 0.44144 103190
 0.44156 121351
 0.44168 140482
 0.4418 159679
 0.44192 177929
 0.44204 194213
 0.44216 207621
 0.44228 217657
 0.4424 224105
 0.44252 226702
 0.44264 225619
 0.44276 221577
 0.44288 215385
 0.443 207670
 0.44312 199063
 0.44324 189982
 0.44336 180555
 0.44348 170852
 0.4436 160778
 0.44372 149907
 0.44384 137861
 0.44396 124711
 0.44408 110640
 0.4442 95910.1
 0.44432 80977.6
 0.44444 66451.2
 0.44456 53036.3
 0.44468 41521.8
 0.4448 32619.4
 0.44492 26733.5
 0.44504 24188.1
 0.44516 25356.3
 0.44528 30528.1
 0.4454 39687.8
 0.44552 52498.7
 0.44564 68491
 0.44576 87189.3
 0.44588 108080
 0.446 130477
 0.44612 153197
 0.44624 174682
 0.44636 193608
 0.44648 209130
 0.4466 220619
 0.44672 227455
 0.44684 229115
 0.44696 225220
 0.44708 216055
 0.4472 202695
 0.44732 186361
 0.44744 167986
 0.44756 148360
 0.44768 128407
 0.4478 109056
 0.44792 91289.7
 0.44804 75824.8
 0.44816 62864.7
 0.44828 52331.8
 0.4484 44224.1
 0.44852 38595.5
 0.44864 35323
 0.44876 34219.2
 0.44888 35171.2
 0.449 38225.5
 0.44912 43513.2
 0.44924 51204.9
 0.44936 61380.2
 0.44948 74050.4
 0.4496 89193.8
 0.44972 106860
 0.44984 126732
 0.44996 147816
 0.45008 168847
 0.4502 188594
 0.45032 205910
 0.45044 219691
 0.45056 228996
 0.45068 232853
 0.4508 230645
 0.45092 222743
 0.45104 210177
 0.45116 194201
 0.45128 176087
 0.4514 157189
 0.45152 138824
 0.45164 122325
 0.45176 108919
 0.45188 99118.3
 0.452 92816.4
 0.45212 89558.6
 0.45224 88740.9
 0.45236 89662
 0.45248 91561.2
 0.4526 93610.9
 0.45272 94958
 0.45284 95129
 0.45296 94006.5
 0.45308 91687.4
 0.4532 88527.3
 0.45332 84981.6
 0.45344 81602.2
 0.45356 78977.3
 0.45368 77679.6
 0.4538 78087.8
 0.45392 80428.2
 0.45404 84884.9
 0.45416 91358.6
 0.45428 99539.4
 0.4544 108849
 0.45452 118609
 0.45464 128281
 0.45476 137477
 0.45488 145788
 0.455 152740
 0.45512 158036
 0.45524 161660
 0.45536 163951
 0.45548 165545
 0.4556 166947
 0.45572 168536
 0.45584 170719
 0.45596 173834
 0.45608 178118
 0.4562 183557
 0.45632 189802
 0.45644 196209
 0.45656 202011
 0.45668 206383
 0.4568 208447
 0.45692 207593
 0.45704 203468
 0.45716 195892
 0.45728 185034
 0.4574 171292
 0.45752 155309
 0.45764 138049
 0.45776 120672
 0.45788 104222
 0.458 89465.7
 0.45812 77012.1
 0.45824 67283.6
 0.45836 60495.7
 0.45848 56765.4
 0.4586 55922.5
 0.45872 57573
 0.45884 61209.8
 0.45896 66350.9
 0.45908 72537
 0.4592 79330.8
 0.45932 86374.8
 0.45944 93332
 0.45956 99837.1
 0.45968 105655
 0.4598 110678
 0.45992 114761
 0.46004 117930
 0.46016 120285
 0.46028 121918
 0.4604 122829
 0.46052 123092
 0.46064 122781
 0.46076 121825
 0.46088 120341
 0.461 118291
 0.46112 115530
 0.46124 111940
 0.46136 107532
 0.46148 102456
 0.4616 96843.4
 0.46172 90983.6
 0.46184 85068.9
 0.46196 79403.2
 0.46208 74409.6
 0.4622 70406.7
 0.46232 67547.4
 0.46244 65818.3
 0.46256 65181.5
 0.46268 65485
 0.4628 66636.4
 0.46292 68452.9
 0.46304 70599.6
 0.46316 72816.2
 0.46328 75103.9
 0.4634 77614.5
 0.46352 80415.8
 0.46364 83555.3
 0.46376 86942.1
 0.46388 90467.8
 0.464 94125.1
 0.46412 97908.3
 0.46424 101589
 0.46436 104648
 0.46448 106691
 0.4646 107484
 0.46472 107050
 0.46484 105507
 0.46496 102849
 0.46508 99088.4
 0.4652 94351.3
 0.46532 89037.7
 0.46544 83608.6
 0.46556 78423.4
 0.46568 73621.8
 0.4658 69193
 0.46592 65273.7
 0.46604 62071.4
 0.46616 59741
 0.46628 58375.3
 0.4664 57913.8
 0.46652 58260.1
 0.46664 59321.2
 0.46676 61154.1
 0.46688 63808.4
 0.467 67225.1
 0.46712 71368.1
 0.46724 76124.5
 0.46736 81447.9
 0.46748 87377.6
 0.4676 94007.3
 0.46772 101276
 0.46784 108948
 0.46796 116803
 0.46808 124542
 0.4682 131817
 0.46832 138304
 0.46844 143602
 0.46856 147297
 0.46868 149111
 0.4688 149004
 0.46892 146926
 0.46904 142889
 0.46916 137149
 0.46928 129973
 0.4694 121646
 0.46952 112528
 0.46964 103016
 0.46976 93412.5
 0.46988 84216.5
 0.47 75961.4
 0.47012 69022.9
 0.47024 63753.6
 0.47036 60512.9
 0.47048 59597.7
 0.4706 61104.5
 0.47072 65121.4
 0.47084 71466.3
 0.47096 79828
 0.47108 89914.6
 0.4712 101262
 0.47132 113374
 0.47144 125772
 0.47156 138106
 0.47168 149937
 0.4718 160745
 0.47192 170015
 0.47204 177168
 0.47216 181960
 0.47228 184255
 0.4724 183903
 0.47252 180734
 0.47264 174701
 0.47276 166193
 0.47288 155879
 0.473 144645
 0.47312 133156
 0.47324 121908
 0.47336 111419
 0.47348 102283
 0.4736 95017.9
 0.47372 89850.7
 0.47384 86706
 0.47396 85201.3
 0.47408 84939.4
 0.4742 85694.2
 0.47432 87254.6
 0.47444 89200.2
 0.47456 91087.3
 0.47468 92556
 0.4748 93340
 0.47492 93393.6
 0.47504 92923.8
 0.47516 91968.1
 0.47528 90429.8
 0.4754 88391.9
 0.47552 86123
 0.47564 83789
 0.47576 81548.5
 0.47588 79483.2
 0.476 77354.4
 0.47612 74970.8
 0.47624 72333.1
 0.47636 69430.3
 0.47648 66057.6
 0.4766 62135.5
 0.47672 57625.2
 0.47684 52501.6
 0.47696 46929.6
 0.47708 41200.3
 0.4772 35519.6
 0.47732 30129.2
 0.47744 25335.4
 0.47756 21408.2
 0.47768 18572.7
 0.4778 17054.6
 0.47792 17042.2
 0.47804 18552.1
 0.47816 21552.2
 0.47828 25874.6
 0.4784 31333
 0.47852 37728.9
 0.47864 44802.4
 0.47876 52288.4
 0.47888 59872.3
 0.479 67294.8
 0.47912 74386.5
 0.47924 81122.8
 0.47936 87468.3
 0.47948 93275.4
 0.4796 98484.9
 0.47972 103087
 0.47984 107130
 0.47996 110715
 0.48008 113765
 0.4802 116080
 0.48032 117432
 0.48044 117731
 0.48056 116971
 0.48068 115077
 0.4808 111863
 0.48092 107083
 0.48104 100757
 0.48116 93101.7
 0.48128 84467
 0.4814 75208.4
 0.48152 65608.8
 0.48164 55949.2
 0.48176 46660.8
 0.48188 38286.5
 0.482 31219.7
 0.48212 25636.1
 0.48224 21537.6
 0.48236 18880.2
 0.48248 17572.1
 0.4826 17540.6
 0.48272 18690.2
 0.48284 20780.7
 0.48296 23572.5
 0.48308 26937.6
 0.4832 30895.7
 0.48332 35441.9
 0.48344 40576.5
 0.48356 46340.4
 0.48368 52707
 0.4838 59560
 0.48392 66839.4
 0.48404 74365.8
 0.48416 81784.2
 0.48428 88748.3
 0.4844 95028.6
 0.48452 100376
 0.48464 104461
 0.48476 107249
 0.48488 108743
 0.485 109062
 0.48512 108544
 0.48524 107652
 0.48536 106686
 0.48548 105899
 0.4856 105523
 0.48572 105683
 0.48584 106399
 0.48596 107667
 0.48608 109373
 0.4862 111279
 0.48632 113203
 0.48644 114948
 0.48656 116512
 0.48668 117989
 0.4868 119372
 0.48692 120592
 0.48704 121487
 0.48716 121896
 0.48728 121661
 0.4874 120731
 0.48752 119010
 0.48764 116258
 0.48776 112501
 0.48788 107911
 0.488 102824
 0.48812 97679.2
 0.48824 92923.3
 0.48836 88926.5
 0.48848 85947.4
 0.4886 84197.2
 0.48872 83594.9
 0.48884 83851
 0.48896 84594.5
 0.48908 85349
 0.4892 85660.7
 0.48932 85161.3
 0.48944 83690.3
 0.48956 81314.3
 0.48968 78341.5
 0.4898 75325.7
 0.48992 72876.1
 0.49004 71632.2
 0.49016 72158.4
 0.49028 74793.2
 0.4904 79471.5
 0.49052 85787.6
 0.49064 93189.5
 0.49076 100931
 0.49088 108111
 0.491 113809
 0.49112 117168
 0.49124 117631
 0.49136 115198
 0.49148 110287
 0.4916 103417
 0.49172 95209.6
 0.49184 86504.9
 0.49196 78260.4
 0.49208 71431.5
 0.4922 66788.4
 0.49232 64613.8
 0.49244 64820.1
 0.49256 67208.2
 0.49268 71515.5
 0.4928 77263.3
 0.49292 83773.2
 0.49304 90302.4
 0.49316 96091.2
 0.49328 100656
 0.4934 103734
 0.49352 105105
 0.49364 104615
 0.49376 102314
 0.49388 98423.3
 0.494 93253.2
 0.49412 87192.7
 0.49424 80654.7
 0.49436 73925.7
 0.49448 67384.2
 0.4946 61375
 0.49472 56100.4
 0.49484 51662.1
 0.49496 48224.1
 0.49508 45902.3
 0.4952 44774.5
 0.49532 44949
 0.49544 46491.8
 0.49556 49474
 0.49568 54081.1
 0.4958 60552.4
 0.49592 68777.2
 0.49604 78637.3
 0.49616 89870.2
 0.49628 102053
 0.4964 114719
 0.49652 127259
 0.49664 138874
 0.49676 148604
 0.49688 155874
 0.497 160256
 0.49712 161392
 0.49724 159274
 0.49736 154006
 0.49748 145910
 0.4976 135535
 0.49772 123693
 0.49784 111163
 0.49796 98568.2
 0.49808 86715.2
 0.4982 76207.4
 0.49832 67531.1
 0.49844 61003.8
 0.49856 56772.6
 0.49868 54804.8
 0.4988 54994.8
 0.49892 57291.6
 0.49904 61353.8
 0.49916 66726.2
 0.49928 72984
 0.4994 79741.4
 0.49952 86774.6
 0.49964 93973.9
 0.49976 101223
 0.49988 108155
 0.5 114468
 0.50012 120155
 0.50024 125196
 0.50036 129623
 0.50048 133341
 0.5006 136162
 0.50072 137828
 0.50084 138338
 0.50096 138028
 0.50108 137084
 0.5012 135649
 0.50132 134032
 0.50144 132624
 0.50156 131803
 0.50168 131961
 0.5018 133544
 0.50192 136643
 0.50204 141248
 0.50216 147326
 0.50228 154436
 0.5024 161828
 0.50252 168839
 0.50264 174875
 0.50276 179194
 0.50288 181105
 0.503 180002
 0.50312 175429
 0.50324 167349
 0.50336 156363
 0.50348 143127
 0.5036 128275
 0.50372 112660
 0.50384 97270.3
 0.50396 83163.2
 0.50408 71335
 0.5042 62568.6
 0.50432 57036.5
 0.50444 54660.9
 0.50456 55273.4
 0.50468 58439
 0.5048 63565.9
 0.50492 69988.2
 0.50504 77019.2
 0.50516 83904.3
 0.50528 90131.6
 0.5054 95431.5
 0.50552 99684.6
 0.50564 102956
 0.50576 105411
 0.50588 107136
 0.506 108119
 0.50612 108482
 0.50624 108419
 0.50636 108100
 0.50648 107524
 0.5066 106558
 0.50672 104937
 0.50684 102561
 0.50696 99591.4
 0.50708 96274.5
 0.5072 92760.5
 0.50732 89051.9
 0.50744 85280.1
 0.50756 81900.7
 0.50768 79626.9
 0.5078 79296.5
 0.50792 81517.1
 0.50804 86520.8
 0.50816 94436.2
 0.50828 105567
 0.5084 120170
 0.50852 137938
 0.50864 158139
 0.50876 179385
 0.50888 200018
 0.509 218795
 0.50912 234750
 0.50924 246747
 0.50936 253560
 0.50948 254497
 0.5096 249391
 0.50972 238764
 0.50984 223960
 0.50996 206327
 0.51008 187047
 0.5102 167420
 0.51032 148969
 0.51044 132931
 0.51056 120102
 0.51068 111010
 0.5108 105494
 0.51092 103090
 0.51104 103225
 0.51116 105187
 0.51128 108174
 0.5114 111470
 0.51152 114637
 0.51164 117308
 0.51176 119443
 0.51188 121274
 0.512 123169
 0.51212 125535
 0.51224 128668
 0.51236 132689
 0.51248 137611
 0.5126 143388
 0.51272 149669
 0.51284 155777
 0.51296 160880
 0.51308 164237
 0.5132 165454
 0.51332 164421
 0.51344 161073
 0.51356 155280
 0.51368 147161
 0.5138 137280
 0.51392 126368
 0.51404 115270
 0.51416 104491
 0.51428 94262.7
 0.5144 84757.2
 0.51452 76315.8
 0.51464 69265.6
 0.51476 63630.2
 0.51488 59401.1
 0.515 56406.8
 0.51512 54534.3
 0.51524 53824
 0.51536 54308.7
 0.51548 55917.6
 0.5156 58498.9
 0.51572 61830.4
 0.51584 65559.7
 0.51596 69330.6
 0.51608 72824.7
 0.5162 75696.5
 0.51632 77726.1
 0.51644 78793.4
 0.51656 78757.8
 0.51668 77634.5
 0.5168 75783.3
 0.51692 73632.3
 0.51704 71539.7
 0.51716 69862.5
 0.51728 68832.1
 0.5174 68433.8
 0.51752 68639.4
 0.51764 69466.4
 0.51776 70696.6
 0.51788 71921.4
 0.518 72859.4
 0.51812 73250.5
 0.51824 72854.7
 0.51836 71634.2
 0.51848 69736.7
 0.5186 67226
 0.51872 64108.9
 0.51884 60564.9
 0.51896 56784.1
 0.51908 52926.9
 0.5192 49167.8
 0.51932 45694.6
 0.51944 42566.2
 0.51956 39871.9
 0.51968 37857.5
 0.5198 36755.8
 0.51992 36639.1
 0.52004 37541.3
 0.52016 39530.5
 0.52028 42650.6
 0.5204 46927.4
 0.52052 52302.4
 0.52064 58487.6
 0.52076 65117.5
 0.52088 71899.1
 0.521 78648.2
 0.52112 85081.2
 0.52124 90821.6
 0.52136 95508.1
 0.52148 98873
 0.5216 100921
 0.52172 101796
 0.52184 101780
 0.52196 101181
 0.52208 100386
 0.5222 99852.6
 0.52232 100023
 0.52244 101241
 0.52256 103690
 0.52268 107396
 0.5228 112215
 0.52292 117689
 0.52304 123273
 0.52316 128483
 0.52328 132955
 0.5234 136399
 0.52352 138664
 0.52364 139678
 0.52376 139372
 0.52388 137934
 0.524 135805
 0.52412 133398
 0.52424 131052
 0.52436 129071
 0.52448 127624
 0.5246 126757
 0.52472 126657
 0.52484 127641
 0.52496 129691
 0.52508 132654
 0.5252 136261
 0.52532 140086
 0.52544 143804
 0.52556 147366
 0.52568 150626
 0.5258 153137
 0.52592 154680
 0.52604 155291
 0.52616 155046
 0.52628 154324
 0.5264 153582
 0.52652 153019
 0.52664 152728
 0.52676 152958
 0.52688 153808
 0.527 155036
 0.52712 156601
 0.52724 158318
 0.52736 159791
 0.52748 160655
 0.5276 160572
 0.52772 159271
 0.52784 156708
 0.52796 153222
 0.52808 149070
 0.5282 144447
 0.52832 139868
 0.52844 136052
 0.52856 133967
 0.52868 134647
 0.5288 138722
 0.52892 146410
 0.52904 157646
 0.52916 172313
 0.52928 189873
 0.5294 209085
 0.52952 228344
 0.52964 245790
 0.52976 259858
 0.52988 269469
 0.53 273945
 0.53012 272899
 0.53024 266227
 0.53036 254747
 0.53048 239764
 0.5306 222671
 0.53072 204795
 0.53084 187095
 0.53096 170233
 0.53108 154677
 0.5312 140847
 0.53132 128772
 0.53144 118067
 0.53156 108599
 0.53168 100278
 0.5318 93126.8
 0.53192 87331.5
 0.53204 83022.7
 0.53216 80146.6
 0.53228 78617.8
 0.5324 78449
 0.53252 79292.4
 0.53264 80633.3
 0.53276 81953.7
 0.53288 82746.9
 0.533 82640.5
 0.53312 81597.3
 0.53324 79683.6
 0.53336 77023
 0.53348 73984.5
 0.5336 71123.3
 0.53372 68992.5
 0.53384 68094.9
 0.53396 68743.6
 0.53408 70975.1
 0.5342 74720.7
 0.53432 79795.9
 0.53444 85752.3
 0.53456 91989.5
 0.53468 97897.5
 0.5348 102908
 0.53492 106596
 0.53504 108745
 0.53516 109191
 0.53528 107861
 0.5354 105010
 0.53552 101048
 0.53564 96461.7
 0.53576 91681.8
 0.53588 87026.8
 0.536 82690.3
 0.53612 78838.4
 0.53624 75658.2
 0.53636 73225.5
 0.53648 71505.2
 0.5366 70422.8
 0.53672 69827.5
 0.53684 69700.4
 0.53696 70079.1
 0.53708 71037.9
 0.5372 72563
 0.53732 74387.3
 0.53744 76198.2
 0.53756 77675.2
 0.53768 78635.4
 0.5378 78914.4
 0.53792 78298.1
 0.53804 76483.6
 0.53816 73199.9
 0.53828 68572.9
 0.5384 63036
 0.53852 57010
 0.53864 50871.9
 0.53876 44923.5
 0.53888 39479.5
 0.539 34957.3
 0.53912 31846.6
 0.53924 30377.3
 0.53936 30405.5
 0.53948 31749.8
 0.5396 34257.4
 0.53972 37713.3
 0.53984 41854.8
 0.53996 46380.2
 0.54008 50906.2
 0.5402 55174
 0.54032 59170.7
 0.54044 62854.5
 0.54056 66047.4
 0.54068 68585.9
 0.5408 70430.3
 0.54092 71554.8
 0.54104 71955.1
 0.54116 71558.1
 0.54128 70101.9
 0.5414 67405.8
 0.54152 63573.2
 0.54164 58825.9
 0.54176 53361.7
 0.54188 47355.2
 0.542 40984.2
 0.54212 34491.7
 0.54224 28323.7
 0.54236 22940.2
 0.54248 18635.9
 0.5426 15628.1
 0.54272 14091.4
 0.54284 14218
 0.54296 16216.3
 0.54308 20231.5
 0.5432 26138.3
 0.54332 33690.2
 0.54344 42548.4
 0.54356 52207.1
 0.54368 62094
 0.5438 71552.4
 0.54392 79884.5
 0.54404 86343.5
 0.54416 90470.5
 0.54428 92019.8
 0.5444 90884.8
 0.54452 87330.3
 0.54464 81771
 0.54476 74825.3
 0.54488 67170.9
 0.545 59617.3
 0.54512 52834.9
 0.54524 47300.5
 0.54536 43389.6
 0.54548 41213.5
 0.5456 40737.4
 0.54572 41749.5
 0.54584 43923.9
 0.54596 46864.7
 0.54608 50193.7
 0.5462 53593.6
 0.54632 56738.6
 0.54644 59381.5
 0.54656 61328.4
 0.54668 62419.1
 0.5468 62619
 0.54692 61967.6
 0.54704 60513.4
 0.54716 58335
 0.54728 55661.5
 0.5474 52785.5
 0.54752 50025
 0.54764 47740.1
 0.54776 46314.1
 0.54788 45955.6
 0.548 46825.4
 0.54812 49029.8
 0.54824 52469.3
 0.54836 56967.4
 0.54848 62323.2
 0.5486 68326.1
 0.54872 74607.4
 0.54884 80868.4
 0.54896 86912.1
 0.54908 92618.4
 0.5492 98097.2
 0.54932 103456
 0.54944 108716
 0.54956 113816
 0.54968 118835
 0.5498 124010
 0.54992 129518
 0.55004 135325
 0.55016 140991
 0.55028 146136
 0.5504 150576
 0.55052 154354
 0.55064 157434
 0.55076 159572
 0.55088 160460
 0.551 160022
 0.55112 158807
 0.55124 157411
 0.55136 156126
 0.55148 154924
 0.5516 153712
 0.55172 152493
 0.55184 151386
 0.55196 150473
 0.55208 149426
 0.5522 147702
 0.55232 144952
 0.55244 141089
 0.55256 136227
 0.55268 130542
 0.5528 124202
 0.55292 117301
 0.55304 109987
 0.55316 102464
 0.55328 95021.7
 0.5534 87978.5
 0.55352 81524.5
 0.55364 75777.4
 0.55376 70807.6
 0.55388 66717.7
 0.554 63575.9
 0.55412 61601.5
 0.55424 60985
 0.55436 61650.9
 0.55448 63463.8
 0.5546 66213.5
 0.55472 69637.2
 0.55484 73388.9
 0.55496 77175.1
 0.55508 80647.7
 0.5552 83281.9
 0.55532 84761.5
 0.55544 84931.5
 0.55556 83816.9
 0.55568 81547.7
 0.5558 78452.2
 0.55592 74904.5
 0.55604 71271.2
 0.55616 68065.4
 0.55628 65812.6
 0.5564 64797
 0.55652 65166.7
 0.55664 66995.2
 0.55676 70222.1
 0.55688 74628.9
 0.557 79998.9
 0.55712 86083
 0.55724 92471.9
 0.55736 98913.8
 0.55748 105267
 0.5576 111441
 0.55772 117307
 0.55784 122861
 0.55796 128133
 0.55808 133054
 0.5582 137616
 0.55832 141773
 0.55844 145400
 0.55856 148276
 0.55868 150276
 0.5588 151406
 0.55892 151583
 0.55904 150962
 0.55916 149880
 0.55928 148857
 0.5594 148463
 0.55952 149419
 0.55964 152289
 0.55976 157331
 0.55988 164725
 0.56 174368
 0.56012 185664
 0.56024 197684
 0.56036 209395
 0.56048 219584
 0.5606 227210
 0.56072 231589
 0.56084 232263
 0.56096 229030
 0.56108 222246
 0.5612 212687
 0.56132 201225
 0.56144 188808
 0.56156 176349
 0.56168 164490
 0.5618 153658
 0.56192 144022
 0.56204 135544
 0.56216 127836
 0.56228 120404
 0.5624 112916
 0.56252 105094
 0.56264 96769.3
 0.56276 87984.1
 0.56288 79166.8
 0.563 70828.3
 0.56312 63574.4
 0.56324 58166.7
 0.56336 55139.9
 0.56348 54838.5
 0.5636 57518.4
 0.56372 63290.8
 0.56384 71786.9
 0.56396 82262.4
 0.56408 93946.9
 0.5642 106022
 0.56432 117826
 0.56444 128975
 0.56456 139145
 0.56468 148024
 0.5648 155497
 0.56492 161897
 0.56504 167670
 0.56516 173056
 0.56528 178107
 0.5654 182442
 0.56552 185518
 0.56564 186864
 0.56576 186110
 0.56588 182822
 0.566 176471
 0.56612 166878
 0.56624 154124
 0.56636 138753
 0.56648 121710
 0.5666 103935
 0.56672 86353
 0.56684 69759.2
 0.56696 54959.2
 0.56708 42588.5
 0.5672 33140.7
 0.56732 26845.2
 0.56744 23609.3
 0.56756 23276.2
 0.56768 25646.1
 0.5678 30563.8
 0.56792 37812.9
 0.56804 47069.8
 0.56816 57856.9
 0.56828 69594.7
 0.5684 81823.8
 0.56852 94051.2
 0.56864 105739
 0.56876 116251
 0.56888 124935
 0.569 131312
 0.56912 135186
 0.56924 136716
 0.56936 136073
 0.56948 133389
 0.5696 128894
 0.56972 122883
 0.56984 115820
 0.56996 108177
 0.57008 100274
 0.5702 92212.8
 0.57032 84060.7
 0.57044 76099
 0.57056 68596.6
 0.57068 61894
 0.5708 56261.5
 0.57092 51861.7
 0.57104 48880.5
 0.57116 47530.8
 0.57128 47904.3
 0.5714 49907.7
 0.57152 53457.3
 0.57164 58439.1
 0.57176 64639.6
 0.57188 71887.8
 0.572 80041.5
 0.57212 88891.3
 0.57224 98417.7
 0.57236 108657
 0.57248 119322
 0.5726 129839
 0.57272 139729
 0.57284 148554
 0.57296 155880
 0.57308 161375
 0.5732 164653
 0.57332 165375
 0.57344 163776
 0.57356 160725
 0.57368 157228
 0.5738 154206
 0.57392 152319
 0.57404 151973
 0.57416 153584
 0.57428 157352
 0.5744 162932
 0.57452 169395
 0.57464 175509
 0.57476 180062
 0.57488 182200
 0.575 181616
 0.57512 177976
 0.57524 171111
 0.57536 161397
 0.57548 149556
 0.5756 136539
 0.57572 123320
 0.57584 110763
 0.57596 99320.3
 0.57608 89434.5
 0.5762 81704.7
 0.57632 76335.6
 0.57644 73175.6
 0.57656 71937.7
 0.57668 72335.9
 0.5768 74033.8
 0.57692 76703.9
 0.57704 80019.2
 0.57716 83364.2
 0.57728 86120.3
 0.5774 88056.2
 0.57752 89097.9
 0.57764 89132.7
 0.57776 88019.4
 0.57788 85794
 0.578 82554.1
 0.57812 78582.7
 0.57824 74417.5
 0.57836 70444.9
 0.57848 66883.3
 0.5786 63951.9
 0.57872 61958.6
 0.57884 61107.5
 0.57896 61446.5
 0.57908 62857.9
 0.5792 64954
 0.57932 67313.3
 0.57944 69571.1
 0.57956 71402.1
 0.57968 72533.2
 0.5798 72695.1
 0.57992 71851.3
 0.58004 70157.9
 0.58016 67956.8
 0.58028 65551.6
 0.5804 63266
 0.58052 61424.6
 0.58064 60253.4
 0.58076 59976.8
 0.58088 60594.3
 0.581 61896.8
 0.58112 63663.9
 0.58124 65902.5
 0.58136 68601.9
 0.58148 71651.3
 0.5816 74962.3
 0.58172 78421.4
 0.58184 82000.2
 0.58196 85946.9
 0.58208 90363.2
 0.5822 95016.4
 0.58232 99621.1
 0.58244 104075
 0.58256 108350
 0.58268 112406
 0.5828 116277
 0.58292 119774
 0.58304 122668
 0.58316 125073
 0.58328 127234
 0.5834 129382
 0.58352 131626
 0.58364 134057
 0.58376 136740
 0.58388 139655
 0.584 143068
 0.58412 147120
 0.58424 151774
 0.58436 156659
 0.58448 161278
 0.5846 165182
 0.58472 167894
 0.58484 169156
 0.58496 168546
 0.58508 165582
 0.5852 159935
 0.58532 151764
 0.58544 141714
 0.58556 130622
 0.58568 119493
 0.5858 109262
 0.58592 100926
 0.58604 95562.9
 0.58616 94032.1
 0.58628 96796.7
 0.5864 103840
 0.58652 114712
 0.58664 128396
 0.58676 143631
 0.58688 159125
 0.587 173494
 0.58712 185589
 0.58724 194539
 0.58736 199627
 0.58748 200415
 0.5876 197161
 0.58772 190687
 0.58784 181791
 0.58796 171262
 0.58808 159780
 0.5882 147823
 0.58832 135903
 0.58844 124599
 0.58856 114191
 0.58868 104528
 0.5888 95456.4
 0.58892 86966.8
 0.58904 79028.2
 0.58916 71757
 0.58928 65339.1
 0.5894 59839.2
 0.58952 55284.9
 0.58964 51752.6
 0.58976 49327.9
 0.58988 47912.4
 0.59 47431.2
 0.59012 47781.4
 0.59024 48765.9
 0.59036 50208.5
 0.59048 51975.9
 0.5906 53943.4
 0.59072 55929.7
 0.59084 57843.4
 0.59096 59707
 0.59108 61553.8
 0.5912 63332.3
 0.59132 64836.1
 0.59144 65835.6
 0.59156 66158.5
 0.59168 65841.6
 0.5918 64947.2
 0.59192 63446.3
 0.59204 61193.8
 0.59216 58120.1
 0.59228 54515.1
 0.5924 50806.2
 0.59252 47430.4
 0.59264 44654.6
 0.59276 42673.3
 0.59288 41672.7
 0.593 41892
 0.59312 43665.5
 0.59324 47014.8
 0.59336 51670.6
 0.59348 57216.4
 0.5936 63214.7
 0.59372 69264.7
 0.59384 74946.5
 0.59396 79942.9
 0.59408 83839.9
 0.5942 86335.6
 0.59432 87428.7
 0.59444 87346.2
 0.59456 86464.7
 0.59468 85165.6
 0.5948 83814.5
 0.59492 82669.8
 0.59504 81839.9
 0.59516 81424
 0.59528 81343.1
 0.5954 81364.4
 0.59552 81137.4
 0.59564 80319.8
 0.59576 78659
 0.59588 76035.1
 0.596 72588.2
 0.59612 68549.9
 0.59624 64268.9
 0.59636 60138.2
 0.59648 56567.8
 0.5966 53857.9
 0.59672 52187.7
 0.59684 51572
 0.59696 51908.1
 0.59708 53009.1
 0.5972 54528.8
 0.59732 56100.6
 0.59744 57364.5
 0.59756 58101.7
 0.59768 58275.2
 0.5978 57944.9
 0.59792 57131.3
 0.59804 55788.8
 0.59816 54022.7
 0.59828 51989.3
 0.5984 49864.7
 0.59852 47781.3
 0.59864 45697.2
 0.59876 43500.2
 0.59888 41178.7
 0.599 38871.8
 0.59912 36668.7
 0.59924 34620.1
 0.59936 32727.2
 0.59948 30953.1
 0.5996 29336.5
 0.59972 28031.1
 0.59984 27135.4
 0.59996 26643.5
 0.60008 26525.4
 0.6002 26710.9
 0.60032 27114.2
 0.60044 27734.9
 0.60056 28541.4
 0.60068 29460.3
 0.6008 30415.2
 0.60092 31355.9
 0.60104 32249.1
 0.60116 33125.8
 0.60128 34172.1
 0.6014 35598.7
 0.60152 37691.3
 0.60164 40705.3
 0.60176 44839.2
 0.60188 50291.9
 0.602 57294.1
 0.60212 66071.8
 0.60224 76674
 0.60236 88930.5
 0.60248 102316
 0.6026 116202
 0.60272 129970
 0.60284 142996
 0.60296 154599
 0.60308 163991
 0.6032 170397
 0.60332 173217
 0.60344 172408
 0.60356 168286
 0.60368 161313
 0.6038 152060
 0.60392 141076
 0.60404 129073
 0.60416 116921
 0.60428 105575
 0.6044 95692.4
 0.60452 87510.8
 0.60464 81178.3
 0.60476 76617.9
 0.60488 73778.8
 0.605 72585.2
 0.60512 72736
 0.60524 73694.3
 0.60536 74925.1
 0.60548 76054.3
 0.6056 76731
 0.60572 76756
 0.60584 76026.3
 0.60596 74375.4
 0.60608 71811.6
 0.6062 68545.5
 0.60632 64867
 0.60644 61115.3
 0.60656 57650.8
 0.60668 54701
 0.6068 52379.9
 0.60692 50817.1
 0.60704 50100.7
 0.60716 50182.7
 0.60728 50931.2
 0.6074 52116
 0.60752 53391.8
 0.60764 54574.9
 0.60776 55565.1
 0.60788 56263.1
 0.608 56494.8
 0.60812 56106.9
 0.60824 55071
 0.60836 53456.5
 0.60848 51448
 0.6086 49154.7
 0.60872 46628
 0.60884 43979.3
 0.60896 41431.9
 0.60908 39367.8
 0.6092 38142.8
 0.60932 38019.7
 0.60944 39193.9
 0.60956 41897
 0.60968 46414.9
 0.6098 52973
 0.60992 61644.8
 0.61004 72276.4
 0.61016 84458.4
 0.61028 97693.2
 0.6104 111574
 0.61052 125724
 0.61064 139698
 0.61076 152727
 0.61088 164070
 0.611 173137
 0.61112 179651
 0.61124 183615
 0.61136 185094
 0.61148 183955
 0.6116 180026
 0.61172 173681
 0.61184 165810
 0.61196 157292
 0.61208 148904
 0.6122 141238
 0.61232 134627
 0.61244 129464
 0.61256 126281
 0.61268 125288
 0.6128 126068
 0.61292 127985
 0.61304 130486
 0.61316 133143
 0.61328 135800
 0.6134 138525
 0.61352 141333
 0.61364 144406
 0.61376 148091
 0.61388 152887
 0.614 159095
 0.61412 166486
 0.61424 174515
 0.61436 182339
 0.61448 189040
 0.6146 193627
 0.61472 195174
 0.61484 192959
 0.61496 186454
 0.61508 175944
 0.6152 162242
 0.61532 146395
 0.61544 129596
 0.61556 113057
 0.61568 97953.4
 0.6158 85149
 0.61592 75343.9
 0.61604 68704.2
 0.61616 64898.8
 0.61628 63480
 0.6164 63892.6
 0.61652 65529.5
 0.61664 67679.9
 0.61676 69788.1
 0.61688 71437.5
 0.617 72416.2
 0.61712 72784
 0.61724 72572.2
 0.61736 71830.6
 0.61748 70631.9
 0.6176 69248.5
 0.61772 68031.4
 0.61784 67278.6
 0.61796 67294.4
 0.61808 68233.5
 0.6182 70324.4
 0.61832 73792.8
 0.61844 78763
 0.61856 85268.5
 0.61868 93247
 0.6188 102617
 0.61892 113144
 0.61904 124486
 0.61916 136250
 0.61928 147938
 0.6194 159351
 0.61952 170329
 0.61964 180586
 0.61976 189594
 0.61988 196803
 0.62 201909
 0.62012 204696
 0.62024 205114
 0.62036 202968
 0.62048 197916
 0.6206 189763
 0.62072 178837
 0.62084 165896
 0.62096 151662
 0.62108 136879
 0.6212 122277
 0.62132 108547
 0.62144 96465.2
 0.62156 86807.8
 0.62168 80053.2
 0.6218 76152
 0.62192 74901.5
 0.62204 76007.9
 0.62216 78875.2
 0.62228 82841.8
 0.6224 87387.5
 0.62252 91950.4
 0.62264 95895.9
 0.62276 98845.3
 0.62288 100628
 0.623 101138
 0.62312 100631
 0.62324 99674.2
 0.62336 98498.7
 0.62348 97190
 0.6236 96056.7
 0.62372 95407.7
 0.62384 95403
 0.62396 96078.3
 0.62408 97302.3
 0.6242 98635.7
 0.62432 99893.1
 0.62444 101297
 0.62456 103007
 0.62468 105096
 0.6248 107632
 0.62492 110693
 0.62504 114360
 0.62516 118792
 0.62528 124040
 0.6254 129740
 0.62552 135278
 0.62564 140083
 0.62576 143699
 0.62588 145789
 0.626 146182
 0.62612 144806
 0.62624 141773
 0.62636 137499
 0.62648 132802
 0.6266 128560
 0.62672 125413
 0.62684 123908
 0.62696 124483
 0.62708 127345
 0.6272 132254
 0.62732 138573
 0.62744 145396
 0.62756 151709
 0.62768 156719
 0.6278 159675
 0.62792 159827
 0.62804 156637
 0.62816 150137
 0.62828 140967
 0.6284 129933
 0.62852 117872
 0.62864 105473
 0.62876 93528.4
 0.62888 82983.1
 0.629 74643.1
 0.62912 68950.8
 0.62924 65818.6
 0.62936 64924.4
 0.62948 66000
 0.6296 68972.3
 0.62972 73720.8
 0.62984 79734.2
 0.62996 86342.3
 0.63008 93004.8
 0.6302 99398.4
 0.63032 105441
 0.63044 110930
 0.63056 115332
 0.63068 117938
 0.6308 118335
 0.63092 116661
 0.63104 113211
 0.63116 108258
 0.63128 101945
 0.6314 94535.9
 0.63152 86722
 0.63164 79575.7
 0.63176 74193.6
 0.63188 71118.9
 0.632 70383.8
 0.63212 71970.5
 0.63224 75904.1
 0.63236 82159.8
 0.63248 90370.5
 0.6326 99743
 0.63272 109194
 0.63284 117718
 0.63296 124986
 0.63308 130806
 0.6332 134886
 0.63332 136956
 0.63344 136997
 0.63356 135301
 0.63368 132387
 0.6338 129161
 0.63392 126192
 0.63404 123776
 0.63416 122316
 0.63428 122230
 0.6344 123612
 0.63452 126157
 0.63464 129545
 0.63476 133051
 0.63488 135888
 0.635 137447
 0.63512 137224
 0.63524 134689
 0.63536 129615
 0.63548 122341
 0.6356 113267
 0.63572 102996
 0.63584 92299.4
 0.63596 81942.5
 0.63608 72561.6
 0.6362 64718.2
 0.63632 58785.2
 0.63644 54792.7
 0.63656 52733.8
 0.63668 52569.9
 0.6368 54131.8
 0.63692 57214.1
 0.63704 61511.4
 0.63716 66774.4
 0.63728 72894.4
 0.6374 79821.3
 0.63752 87170.7
 0.63764 94403.7
 0.63776 101014
 0.63788 106515
 0.638 110587
 0.63812 112940
 0.63824 113188
 0.63836 110936
 0.63848 106288
 0.6386 99703.6
 0.63872 91665
 0.63884 82652.3
 0.63896 73082.1
 0.63908 63378.5
 0.6392 54136
 0.63932 45906.8
 0.63944 38992.2
 0.63956 33368.8
 0.63968 28994.8
 0.6398 25838.7
 0.63992 23884.3
 0.64004 23108.8
 0.64016 23283.3
 0.64028 24146.3
 0.6404 25532.8
 0.64052 27371.6
 0.64064 29558.4
 0.64076 31916
 0.64088 34262.3
 0.641 36367
 0.64112 38048.6
 0.64124 39344
 0.64136 40385.5
 0.64148 41334.5
 0.6416 42473.9
 0.64172 44252.8
 0.64184 47133.9
 0.64196 51555.2
 0.64208 57994.2
 0.6422 66691
 0.64232 77368.2
 0.64244 89566.9
 0.64256 102636
 0.64268 115657
 0.6428 127667
 0.64292 137800
 0.64304 145242
 0.64316 149290
 0.64328 149857
 0.6434 147276
 0.64352 141994
 0.64364 134722
 0.64376 126250
 0.64388 117363
 0.644 108810
 0.64412 101346
 0.64424 95496.8
 0.64436 91465.7
 0.64448 89329.8
 0.6446 89189.6
 0.64472 91129.3
 0.64484 95100.3
 0.64496 100872
 0.64508 108013
 0.6452 115989
 0.64532 124160
 0.64544 132101
 0.64556 139322
 0.64568 145052
 0.6458 148644
 0.64592 149772
 0.64604 148635
 0.64616 145626
 0.64628 141474
 0.6464 136767
 0.64652 131848
 0.64664 127432
 0.64676 124377
 0.64688 123262
 0.647 123881
 0.64712 125666
 0.64724 127864
 0.64736 129758
 0.64748 131082
 0.6476 131479
 0.64772 130337
 0.64784 127045
 0.64796 121717
 0.64808 115116
 0.6482 108103
 0.64832 101435
 0.64844 95452.6
 0.64856 90357.5
 0.64868 86371.5
 0.6488 83877.5
 0.64892 82980.9
 0.64904 83185.5
 0.64916 83789.7
 0.64928 84171.6
 0.6494 84037.6
 0.64952 83268.4
 0.64964 81880.9
 0.64976 79912.7
 0.64988 77425.6
 0.65 74722.9
 0.65012 72226.4
 0.65024 70412.2
 0.65036 69587.4
 0.65048 69921.1
 0.6506 71420.3
 0.65072 73932.2
 0.65084 77182.4
 0.65096 80774.8
 0.65108 84320.3
 0.6512 87399.1
 0.65132 89612.7
 0.65144 90678.2
 0.65156 90513.6
 0.65168 89230.1
 0.6518 87126.3
 0.65192 84586.6
 0.65204 82063.6
 0.65216 80037.9
 0.65228 79032.1
 0.6524 79440.5
 0.65252 81317.1
 0.65264 84471.5
 0.65276 88509.5
 0.65288 93048.3
 0.653 97752.6
 0.65312 102215
 0.65324 105953
 0.65336 108420
 0.65348 109456
 0.6536 109251
 0.65372 108306
 0.65384 107130
 0.65396 105997
 0.65408 105121
 0.6542 104747
 0.65432 105319
 0.65444 107265
 0.65456 110635
 0.65468 114968
 0.6548 119603
 0.65492 124043
 0.65504 128004
 0.65516 131226
 0.65528 133363
 0.6554 133905
 0.65552 132451
 0.65564 129138
 0.65576 124539
 0.65588 119198
 0.656 113467
 0.65612 107653
 0.65624 102071
 0.65636 97025
 0.65648 92853.2
 0.6566 89653.3
 0.65672 87044.2
 0.65684 84703.6
 0.65696 82467.7
 0.65708 80213.7
 0.6572 77819.1
 0.65732 75218.5
 0.65744 72444.6
 0.65756 69499.9
 0.65768 66681.9
 0.6578 64202.5
 0.65792 62025.3
 0.65804 60090.1
 0.65816 58337.8
 0.65828 56704.1
 0.6584 55058.2
 0.65852 53317.4
 0.65864 51418.6
 0.65876 49334.2
 0.65888 47379
 0.659 45894.7
 0.65912 45266.4
 0.65924 45931.4
 0.65936 48266.8
 0.65948 52598.7
 0.6596 59061.6
 0.65972 67684.3
 0.65984 78149.9
 0.65996 89997.2
 0.66008 102599
 0.6602 115062
 0.66032 126442
 0.66044 135848
 0.66056 142505
 0.66068 145827
 0.6608 145499
 0.66092 141487
 0.66104 134069
 0.66116 123932
 0.66128 112049
 0.6614 99443.3
 0.66152 87238.3
 0.66164 76389.5
 0.66176 67741.5
 0.66188 61964.2
 0.662 59331.9
 0.66212 59762.4
 0.66224 62924.9
 0.66236 68346.7
 0.66248 75308.4
 0.6626 83091.4
 0.66272 90937.6
 0.66284 97945.4
 0.66296 103410
 0.66308 106968
 0.6632 108352
 0.66332 107363
 0.66344 104039
 0.66356 98558
 0.66368 91277
 0.6638 82855.4
 0.66392 74158.9
 0.66404 65783.5
 0.66416 58215.7
 0.66428 51938.7
 0.6644 47337.5
 0.66452 44662.2
 0.66464 43952.8
 0.66476 44944.7
 0.66488 47102
 0.665 49935.4
 0.66512 53189.6
 0.66524 56634.4
 0.66536 60078.1
 0.66548 63394.4
 0.6656 66575
 0.66572 69874.8
 0.66584 73591.1
 0.66596 77973.7
 0.66608 82911.9
 0.6662 88156
 0.66632 93424.9
 0.66644 98303.9
 0.66656 102375
 0.66668 105152
 0.6668 106217
 0.66692 105477
 0.66704 103190
 0.66716 99994.3
 0.66728 96512.7
 0.6674 93549.8
 0.66752 91947
 0.66764 92301.5
 0.66776 95098
 0.66788 100428
 0.668 108097
 0.66812 117500
 0.66824 127864
 0.66836 138402
 0.66848 148135
 0.6686 156373
 0.66872 162543
 0.66884 166231
 0.66896 167221
 0.66908 165401
 0.6692 161030
 0.66932 154350
 0.66944 145787
 0.66956 135766
 0.66968 124668
 0.6698 113022
 0.66992 101347
 0.67004 90291.7
 0.67016 80339.1
 0.67028 71875
 0.6704 65193.5
 0.67052 60482.5
 0.67064 57900.6
 0.67076 57425.1
 0.67088 58834.9
 0.671 61734.3
 0.67112 65682.6
 0.67124 70232.2
 0.67136 74975
 0.67148 79421.1
 0.6716 83100.5
 0.67172 85666.1
 0.67184 87027.1
 0.67196 87338
 0.67208 86818.5
 0.6722 85826
 0.67232 84863.9
 0.67244 84651.7
 0.67256 86008.4
 0.67268 89506.6
 0.6728 95381.4
 0.67292 103482
 0.67304 113505
 0.67316 125018
 0.67328 137300
 0.6734 149525
 0.67352 160709
 0.67364 170131
 0.67376 177430
 0.67388 182756
 0.674 186581
 0.67412 189580
 0.67424 192581
 0.67436 196299
 0.67448 201260
 0.6746 207834
 0.67472 216183
 0.67484 225986
 0.67496 236573
 0.67508 246755
 0.6752 255139
 0.67532 260550
 0.67544 262350
 0.67556 260180
 0.67568 253883
 0.6758 243605
 0.67592 229796
 0.67604 213476
 0.67616 196235
 0.67628 179641
 0.6764 164702
 0.67652 152004
 0.67664 141910
 0.67676 134552
 0.67688 129878
 0.677 127522
 0.67712 126603
 0.67724 126091
 0.67736 125322
 0.67748 124062
 0.6776 122209
 0.67772 119824
 0.67784 116962
 0.67796 113726
 0.67808 110431
 0.6782 107310
 0.67832 104499
 0.67844 101868
 0.67856 99222.4
 0.67868 96344.6
 0.6788 93125.5
 0.67892 89620.1
 0.67904 85807.2
 0.67916 81956.2
 0.67928 78415.3
 0.6794 75495.1
 0.67952 73513.2
 0.67964 72675.5
 0.67976 73075.1
 0.67988 74609.7
 0.68 77210
 0.68012 80547.1
 0.68024 84066.2
 0.68036 87431
 0.68048 90357.2
 0.6806 92712.9
 0.68072 94543.5
 0.68084 96064
 0.68096 97418.3
 0.68108 98823.3
 0.6812 100873
 0.68132 103886
 0.68144 107987
 0.68156 113232
 0.68168 119448
 0.6818 126126
 0.68192 132749
 0.68204 138949
 0.68216 144015
 0.68228 147312
 0.6824 148526
 0.68252 147387
 0.68264 143739
 0.68276 137824
 0.68288 130103
 0.683 120873
 0.68312 110547
 0.68324 99662.7
 0.68336 88662.6
 0.68348 77942.4
 0.6836 67916.6
 0.68372 58904.4
 0.68384 51092.8
 0.68396 44723.3
 0.68408 40155.7
 0.6842 37713.5
 0.68432 37596.7
 0.68444 39912.2
 0.68456 44696.5
 0.68468 51696.7
 0.6848 60526.4
 0.68492 70766.8
 0.68504 81853.6
 0.68516 93056.4
 0.68528 103687
 0.6854 113286
 0.68552 121475
 0.68564 128252
 0.68576 133898
 0.68588 138651
 0.686 142601
 0.68612 145919
 0.68624 148832
 0.68636 151314
 0.68648 153206
 0.6866 154151
 0.68672 153519
 0.68684 150792
 0.68696 145783
 0.68708 138610
 0.6872 129327
 0.68732 118221
 0.68744 105827
 0.68756 92800.3
 0.68768 80023
 0.6878 68339.6
 0.68792 58433.6
 0.68804 50629.5
 0.68816 45277.6
 0.68828 42626.7
 0.6884 42696.1
 0.68852 45305.5
 0.68864 50111
 0.68876 56671.1
 0.68888 64599.2
 0.689 73636.2
 0.68912 83538.8
 0.68924 94038.1
 0.68936 104893
 0.68948 115812
 0.6896 126554
 0.68972 136843
 0.68984 146275
 0.68996 154332
 0.69008 160398
 0.6902 163881
 0.69032 164231
 0.69044 161322
 0.69056 155213
 0.69068 146203
 0.6908 134791
 0.69092 121654
 0.69104 107626
 0.69116 93527.7
 0.69128 80161.6
 0.6914 68083.9
 0.69152 57595.2
 0.69164 48849.1
 0.69176 41877.5
 0.69188 36632.1
 0.692 33000.5
 0.69212 30922.2
 0.69224 30373
 0.69236 31326.6
 0.69248 33748.1
 0.6926 37481.5
 0.69272 42329.8
 0.69284 48054.6
 0.69296 54337
 0.69308 60746.9
 0.6932 66803.1
 0.69332 72055.4
 0.69344 76103.5
 0.69356 78705.6
 0.69368 79793.5
 0.6938 79355.6
 0.69392 77490.4
 0.69404 74485.8
 0.69416 70688.1
 0.69428 66422.5
 0.6944 61994.2
 0.69452 57802.7
 0.69464 54128.5
 0.69476 51197.3
 0.69488 49151.9
 0.695 47966.9
 0.69512 47473.4
 0.69524 47556.7
 0.69536 48239.9
 0.69548 49478.8
 0.6956 51213.2
 0.69572 53387.5
 0.69584 55952.6
 0.69596 58921.1
 0.69608 62487.6
 0.6962 66751.6
 0.69632 71489.5
 0.69644 76342
 0.69656 80905.8
 0.69668 84810
 0.6968 87828.5
 0.69692 89787.3
 0.69704 90432.2
 0.69716 89601.2
 0.69728 87607.3
 0.6974 84931
 0.69752 82184.7
 0.69764 79968.4
 0.69776 78754.9
 0.69788 78850
 0.698 80560.8
 0.69812 84089.9
 0.69824 89194.4
 0.69836 95468.7
 0.69848 102421
 0.6986 109516
 0.69872 116143
 0.69884 121844
 0.69896 126190
 0.69908 128857
 0.6992 129888
 0.69932 129551
 0.69944 128212
 0.69956 126420
 0.69968 124911
 0.6998 124408
 0.69992 125607
 0.70004 129164
 0.70016 135360
 0.70028 144207
 0.7004 155447
 0.70052 168485
 0.70064 182383
 0.70076 196150
 0.70088 208820
 0.701 219317
 0.70112 226752
 0.70124 230509
 0.70136 230172
 0.70148 225736
 0.7016 217605
 0.70172 206400
 0.70184 192634
 0.70196 176942
 0.70208 160136
 0.7022 142981
 0.70232 126310
 0.70244 110740
 0.70256 96684.8
 0.70268 84242.1
 0.7028 73639.1
 0.70292 65109.2
 0.70304 58696.2
 0.70316 54232.8
 0.70328 51383.6
 0.7034 49752.4
 0.70352 49047.7
 0.70364 49208.1
 0.70376 50153.3
 0.70388 51763.6
 0.704 54010.5
 0.70412 57033.6
 0.70424 61039.6
 0.70436 66267.7
 0.70448 72839.6
 0.7046 80522.6
 0.70472 88970.9
 0.70484 97840.1
 0.70496 106650
 0.70508 114839
 0.7052 121867
 0.70532 127293
 0.70544 130768
 0.70556 132353
 0.70568 132391
 0.7058 131205
 0.70592 129214
 0.70604 126837
 0.70616 124511
 0.70628 122698
 0.7064 121905
 0.70652 122446
 0.70664 124358
 0.70676 127579
 0.70688 132088
 0.707 137837
 0.70712 144611
 0.70724 151853
 0.70736 158710
 0.70748 164299
 0.7076 167830
 0.70772 168702
 0.70784 166335
 0.70796 160297
 0.70808 150506
 0.7082 137468
 0.70832 122169
 0.70844 105828
 0.70856 89685
 0.70868 74917.9
 0.7088 62665.7
 0.70892 53913.2
 0.70904 49321.8
 0.70916 49089.7
 0.70928 52955.7
 0.7094 60279.9
 0.70952 70276.5
 0.70964 82161.8
 0.70976 94986.2
 0.70988 107710
 0.71 119423
 0.71012 129348
 0.71024 136969
 0.71036 142071
 0.71048 144638
 0.7106 144637
 0.71072 142122
 0.71084 137494
 0.71096 131254
 0.71108 123914
 0.7112 115921
 0.71132 107594
 0.71144 99201.5
 0.71156 91018.3
 0.71168 83463.2
 0.7118 76781.1
 0.71192 71102.3
 0.71204 66584.2
 0.71216 63443
 0.71228 61888.3
 0.7124 62069.8
 0.71252 64110
 0.71264 68045.7
 0.71276 73856.9
 0.71288 81443.9
 0.713 90471.6
 0.71312 100360
 0.71324 110518
 0.71336 120448
 0.71348 129738
 0.7136 137931
 0.71372 144582
 0.71384 149280
 0.71396 151906
 0.71408 152715
 0.7142 152052
 0.71432 150218
 0.71444 147366
 0.71456 143540
 0.71468 138832
 0.7148 133423
 0.71492 127476
 0.71504 120934
 0.71516 113734
 0.71528 105788
 0.7154 97090.1
 0.71552 87987.8
 0.71564 78904.7
 0.71576 70222.2
 0.71588 62221.6
 0.716 55211.5
 0.71612 49400.6
 0.71624 44923.2
 0.71636 41974.2
 0.71648 40471.9
 0.7166 40091.7
 0.71672 40502.3
 0.71684 41362.6
 0.71696 42311.3
 0.71708 43038.5
 0.7172 43425
 0.71732 43344.9
 0.71744 42765.8
 0.71756 41899.8
 0.71768 41007
 0.7178 40329.1
 0.71792 40142.2
 0.71804 40724.4
 0.71816 42232.2
 0.71828 44645.9
 0.7184 47824.6
 0.71852 51414.6
 0.71864 54927.7
 0.71876 57928.7
 0.71888 60068.4
 0.719 60998.4
 0.71912 60400.1
 0.71924 58140.7
 0.71936 54310.3
 0.71948 49198.9
 0.7196 43300.5
 0.71972 37154.3
 0.71984 31240.9
 0.71996 26013.1
 0.72008 21921.8
 0.7202 19341.1
 0.72032 18429.2
 0.72044 19205.5
 0.72056 21597.3
 0.72068 25417.5
 0.7208 30296.1
 0.72092 35825.4
 0.72104 41608
 0.72116 47320.6
 0.72128 52799.9
 0.7214 58031.2
 0.72152 62953.7
 0.72164 67497.6
 0.72176 71880.3
 0.72188 76491
 0.722 81718.2
 0.72212 87761.1
 0.72224 94580.9
 0.72236 101890
 0.72248 109291
 0.7226 116386
 0.72272 122667
 0.72284 127478
 0.72296 130157
 0.72308 130217
 0.7232 127606
 0.72332 122522
 0.72344 115447
 0.72356 107088
 0.72368 98181.4
 0.7238 89448.3
 0.72392 81559.4
 0.72404 75120.1
 0.72416 70317.8
 0.72428 67088.9
 0.7244 65236.9
 0.72452 64446.7
 0.72464 64311.7
 0.72476 64474.7
 0.72488 64693.6
 0.725 64658.8
 0.72512 64292.1
 0.72524 63869.1
 0.72536 63711.4
 0.72548 63976.7
 0.7256 64879.8
 0.72572 66690.3
 0.72584 69672.6
 0.72596 74270.1
 0.72608 80939.5
 0.7262 89800.8
 0.72632 100508
 0.72644 112855
 0.72656 126635
 0.72668 141402
 0.7268 156529
 0.72692 171117
 0.72704 184139
 0.72716 194584
 0.72728 202125
 0.7274 206712
 0.72752 208201
 0.72764 206683
 0.72776 202471
 0.72788 196069
 0.728 187993
 0.72812 178882
 0.72824 169209
 0.72836 159083
 0.72848 148658
 0.7286 138095
 0.72872 127464
 0.72884 116910
 0.72896 106802
 0.72908 97569
 0.7292 89449.3
 0.72932 82627.6
 0.72944 77234.1
 0.72956 73386
 0.72968 71177.2
 0.7298 70561.1
 0.72992 71172.5
 0.73004 72407.1
 0.73016 73766.8
 0.73028 75007.2
 0.7304 76040.6
 0.73052 76756.2
 0.73064 77018
 0.73076 76736.1
 0.73088 75946.1
 0.731 74879.7
 0.73112 73812
 0.73124 72760.6
 0.73136 71606.8
 0.73148 70228.6
 0.7316 68548.9
 0.73172 66513.6
 0.73184 64135.8
 0.73196 61453.2
 0.73208 58427.8
 0.7322 55204.6
 0.73232 52109.9
 0.73244 49418.8
 0.73256 47378.2
 0.73268 46135.9
 0.7328 45719.2
 0.73292 45982.7
 0.73304 46793.4
 0.73316 48034.4
 0.73328 49490.9
 0.7334 51025
 0.73352 52497.1
 0.73364 53966.7
 0.73376 55710.7
 0.73388 58259.3
 0.734 62202.8
 0.73412 67999.9
 0.73424 75815.9
 0.73436 85718.4
 0.73448 97778.4
 0.7346 111870
 0.73472 127448
 0.73484 143532
 0.73496 158950
 0.73508 172515
 0.7352 183486
 0.73532 191325
 0.73544 195439
 0.73556 195363
 0.73568 190945
 0.7358 182558
 0.73592 170917
 0.73604 156896
 0.73616 141271
 0.73628 124658
 0.7364 107823
 0.73652 91490.8
 0.73664 76411.8
 0.73676 63124.1
 0.73688 51880.1
 0.737 42816.9
 0.73712 35970.5
 0.73724 31278.5
 0.73736 28527.4
 0.73748 27494
 0.7376 27885.8
 0.73772 29336.7
 0.73784 31554.8
 0.73796 34311.5
 0.73808 37389.7
 0.7382 40667.6
 0.73832 44157.9
 0.73844 47796
 0.73856 51475.3
 0.73868 55079.9
 0.7388 58497.8
 0.73892 61529.3
 0.73904 63956.8
 0.73916 65670
 0.73928 66502.2
 0.7394 66452.3
 0.73952 65563.7
 0.73964 63975.9
 0.73976 61846.9
 0.73988 59428.4
 0.74 57106.9
 0.74012 55135.8
 0.74024 53714.8
 0.74036 52941.6
 0.74048 52850.9
 0.7406 53491.2
 0.74072 54932.1
 0.74084 57219.5
 0.74096 60246.4
 0.74108 63907.1
 0.7412 68107.9
 0.74132 72775.6
 0.74144 77897.6
 0.74156 83405.5
 0.74168 89016.8
 0.7418 94381.8
 0.74192 99127.5
 0.74204 102913
 0.74216 105529
 0.74228 106798
 0.7424 106576
 0.74252 104754
 0.74264 101530
 0.74276 97295.9
 0.74288 92534.5
 0.743 87866.3
 0.74312 83708
 0.74324 80404.7
 0.74336 78154.9
 0.74348 76988.1
 0.7436 76779
 0.74372 77245.6
 0.74384 78068.2
 0.74396 78832.4
 0.74408 79291.8
 0.7442 79261.9
 0.74432 78708.3
 0.74444 77879.7
 0.74456 77064
 0.74468 76470.3
 0.7448 76243.1
 0.74492 76482.2
 0.74504 77049.6
 0.74516 77769.4
 0.74528 78431.7
 0.7454 78661.1
 0.74552 78057.4
 0.74564 76414.2
 0.74576 73698.7
 0.74588 69934.4
 0.746 65390.5
 0.74612 60409.1
 0.74624 55308.7
 0.74636 50414
 0.74648 46091.6
 0.7466 42620.8
 0.74672 40193.6
 0.74684 39016.8
 0.74696 39237.4
 0.74708 40979.9
 0.7472 44403
 0.74732 49641.4
 0.74744 56688.7
 0.74756 65440.2
 0.74768 75719.7
 0.7478 87093.4
 0.74792 99042.5
 0.74804 110994
 0.74816 122380
 0.74828 132630
 0.7484 141397
 0.74852 148525
 0.74864 153953
 0.74876 158017
 0.74888 161251
 0.749 164075
 0.74912 166649
 0.74924 169069
 0.74936 171401
 0.74948 173618
 0.7496 175614
 0.74972 177011
 0.74984 177224
 0.74996 175912
 0.75008 173104
 0.7502 169201
 0.75032 164499
 0.75044 159091
 0.75056 153105
 0.75068 146842
 0.7508 140605
 0.75092 134515
 0.75104 128543
 0.75116 122395
 0.75128 115727
 0.7514 108483
 0.75152 100740
 0.75164 92492.5
 0.75176 83901.3
 0.75188 75345
 0.752 67206.6
 0.75212 59886
 0.75224 53842.2
 0.75236 49449.8
 0.75248 46926.8
 0.7526 46426.8
 0.75272 47913
 0.75284 51130.8
 0.75296 55877.5
 0.75308 61938.2
 0.7532 69054.2
 0.75332 76994.9
 0.75344 85599.4
 0.75356 94729
 0.75368 104398
 0.7538 114649
 0.75392 125252
 0.75404 135783
 0.75416 145868
 0.75428 155100
 0.7544 162939
 0.75452 168949
 0.75464 172709
 0.75476 173909
 0.75488 172779
 0.755 170115
 0.75512 166752
 0.75524 163450
 0.75536 161081
 0.75548 160446
 0.7556 162164
 0.75572 166756
 0.75584 174142
 0.75596 183340
 0.75608 193216
 0.7562 202785
 0.75632 211118
 0.75644 217281
 0.75656 220402
 0.75668 219623
 0.7568 214409
 0.75692 205281
 0.75704 193084
 0.75716 178624
 0.75728 162540
 0.7574 145566
 0.75752 128517
 0.75764 112371
 0.75776 98030.6
 0.75788 85733.8
 0.758 75288.6
 0.75812 66505.5
 0.75824 59387.9
 0.75836 53898.2
 0.75848 49916
 0.7586 47198.7
 0.75872 45532.5
 0.75884 45003.8
 0.75896 45977.6
 0.75908 48702.1
 0.7592 53079.6
 0.75932 58871
 0.75944 65860
 0.75956 73738.7
 0.75968 81985.9
 0.7598 89856
 0.75992 96453.4
 0.76004 101053
 0.76016 103389
 0.76028 103499
 0.7604 101444
 0.76052 97394.4
 0.76064 91888.6
 0.76076 85729.3
 0.76088 79837.5
 0.761 74947.8
 0.76112 71394.3
 0.76124 69232.5
 0.76136 68471
 0.76148 69092.2
 0.7616 70868.8
 0.76172 73305.8
 0.76184 75692.8
 0.76196 77430.8
 0.76208 78219.3
 0.7622 77937.1
 0.76232 76521.9
 0.76244 73949
 0.76256 70265.5
 0.76268 65668.8
 0.7628 60739.3
 0.76292 56258.2
 0.76304 52955.6
 0.76316 51452.3
 0.76328 52281.9
 0.7634 55865.3
 0.76352 62463.8
 0.76364 72218.6
 0.76376 84878.6
 0.76388 99530.8
 0.764 114995
 0.76412 130074
 0.76424 143551
 0.76436 154326
 0.76448 161572
 0.7646 164601
 0.76472 162978
 0.76484 157061
 0.76496 147768
 0.76508 136145
 0.7652 123410
 0.76532 110829
 0.76544 99446.4
 0.76556 90096.2
 0.76568 83513.4
 0.7658 79966.2
 0.76592 79128.6
 0.76604 80484.8
 0.76616 83407.4
 0.76628 87116
 0.7664 90915.1
 0.76652 94389
 0.76664 97240.2
 0.76676 99353.6
 0.76688 101000
 0.767 102595
 0.76712 104403
 0.76724 106699
 0.76736 109771
 0.76748 113669
 0.7676 118237
 0.76772 123239
 0.76784 128194
 0.76796 132594
 0.76808 136191
 0.7682 138878
 0.76832 140432
 0.76844 140747
 0.76856 139929
 0.76868 138059
 0.7688 135334
 0.76892 131844
 0.76904 127491
 0.76916 122179
 0.76928 116061
 0.7694 109317
 0.76952 101992
 0.76964 94188
 0.76976 86046.1
 0.76988 77817.9
 0.77 69978.9
 0.77012 62856.8
 0.77024 56493.4
 0.77036 50854.4
 0.77048 45932.7
 0.7706 41712.2
 0.77072 38098
 0.77084 35014.9
 0.77096 32230.1
 0.77108 29560
 0.7712 27027.3
 0.77132 24686
 0.77144 22614.4
 0.77156 20895.6
 0.77168 19632.3
 0.7718 18880.5
 0.77192 18699.8
 0.77204 19205.8
 0.77216 20469.1
 0.77228 22524.5
 0.7724 25282.7
 0.77252 28625.6
 0.77264 32487.7
 0.77276 36845.1
 0.77288 41694.6
 0.773 46943.4
 0.77312 52297.6
 0.77324 57498.8
 0.77336 62511.6
 0.77348 67410.2
 0.7736 72125.2
 0.77372 76400.3
 0.77384 79971.7
 0.77396 82631.6
 0.77408 84444.3
 0.7742 85518.5
 0.77432 85746.1
 0.77444 84895.1
 0.77456 82871
 0.77468 79928.9
 0.7748 76393.9
 0.77492 72523.2
 0.77504 68541.8
 0.77516 64665.7
 0.77528 61310.1
 0.7754 58986.2
 0.77552 58094.2
 0.77564 58760.1
 0.77576 60994.1
 0.77588 64841.4
 0.776 70236.3
 0.77612 76846.8
 0.77624 84188.4
 0.77636 91625.9
 0.77648 98547.1
 0.7766 104464
 0.77672 108997
 0.77684 111849
 0.77696 112889
 0.77708 112355
 0.7772 110622
 0.77732 108184
 0.77744 105601
 0.77756 103474
 0.77768 102313
 0.7778 102376
 0.77792 103791
 0.77804 106495
 0.77816 110393
 0.77828 115309
 0.7784 121028
 0.77852 127253
 0.77864 133674
 0.77876 140273
 0.77888 146993
 0.779 153702
 0.77912 160050
 0.77924 165700
 0.77936 170405
 0.77948 173934
 0.7796 176122
 0.77972 176760
 0.77984 175588
 0.77996 172613
 0.78008 168146
 0.7802 162659
 0.78032 156581
 0.78044 150365
 0.78056 144417
 0.78068 139002
 0.7808 134483
 0.78092 131153
 0.78104 129118
 0.78116 128313
 0.78128 128541
 0.7814 129386
 0.78152 130341
 0.78164 131045
 0.78176 131117
 0.78188 130189
 0.782 127973
 0.78212 124233
 0.78224 118848
 0.78236 112086
 0.78248 104472
 0.7826 96533.5
 0.78272 88793.7
 0.78284 81634.1
 0.78296 75331.8
 0.78308 70204.4
 0.7832 66649.8
 0.78332 64889.3
 0.78344 64840.4
 0.78356 66288.9
 0.78368 69050.2
 0.7838 73124.9
 0.78392 78639.5
 0.78404 85608.7
 0.78416 93753.4
 0.78428 102542
 0.7844 111616
 0.78452 120780
 0.78464 129863
 0.78476 138467
 0.78488 145959
 0.785 151790
 0.78512 155708
 0.78524 157850
 0.78536 158411
 0.78548 157511
 0.7856 155183
 0.78572 151643
 0.78584 147480
 0.78596 143348
 0.78608 139776
 0.7862 137155
 0.78632 135768
 0.78644 135739
 0.78656 137156
 0.78668 140074
 0.7868 144102
 0.78692 148719
 0.78704 153392
 0.78716 157599
 0.78728 160871
 0.7874 163026
 0.78752 164144
 0.78764 164268
 0.78776 163788
 0.78788 163176
 0.788 162877
 0.78812 163282
 0.78824 164528
 0.78836 166520
 0.78848 168770
 0.7886 170760
 0.78872 171886
 0.78884 171546
 0.78896 169296
 0.78908 164792
 0.7892 158092
 0.78932 149510
 0.78944 139748
 0.78956 129616
 0.78968 119845
 0.7898 111069
 0.78992 103702
 0.79004 98081.5
 0.79016 94316.5
 0.79028 92323.3
 0.7904 91809.1
 0.79052 92284.5
 0.79064 93363.5
 0.79076 94747.7
 0.79088 96408.3
 0.791 98413.8
 0.79112 100875
 0.79124 103815
 0.79136 107177
 0.79148 110964
 0.7916 115216
 0.79172 119959
 0.79184 124973
 0.79196 129723
 0.79208 133591
 0.7922 136147
 0.79232 137242
 0.79244 136887
 0.79256 135012
 0.79268 131457
 0.7928 126137
 0.79292 119383
 0.79304 111787
 0.79316 103843
 0.79328 95779.7
 0.7934 87657.7
 0.79352 79592.9
 0.79364 71859.6
 0.79376 64832.5
 0.79388 58665
 0.794 53239.4
 0.79412 48436.4
 0.79424 44320.3
 0.79436 41040.8
 0.79448 38699.6
 0.7946 37197.2
 0.79472 36314.8
 0.79484 35836.5
 0.79496 35704.1
 0.79508 35887.3
 0.7952 36285
 0.79532 36788.1
 0.79544 37340.4
 0.79556 38042
 0.79568 39040.1
 0.7958 40503.6
 0.79592 42503.6
 0.79604 45040.2
 0.79616 48145.6
 0.79628 51790.9
 0.7964 55776.6
 0.79652 59820.8
 0.79664 63618
 0.79676 66959.5
 0.79688 69685.9
 0.797 71782.3
 0.79712 73179
 0.79724 73716.5
 0.79736 73393.1
 0.79748 72316.2
 0.7976 70631.1
 0.79772 68403.4
 0.79784 65656.1
 0.79796 62310.8
 0.79808 58311.5
 0.7982 53847
 0.79832 49241
 0.79844 44755.1
 0.79856 40563.5
 0.79868 36828
 0.7988 33744.9
 0.79892 31565.5
 0.79904 30588.9
 0.79916 31022.9
 0.79928 32846.5
 0.7994 35972.9
 0.79952 40406.9
 0.79964 46213.4
 0.79976 53406.3
 0.79988 61885.7
